30	0	ok	|	0.05	1.00	1.00	0.05	0.00	0	|	rapi	0.00	0.00	0	|	-6.0	0.05(-6)		|	2	
30	1	ok	|	0.06	1.00	1.00	0.07	0.00	0	|	rapi	0.00	0.00	0	|	-6.0	0.07(-6)		|	2	
30	2	ok	|	0.07	1.00	1.00	0.08	0.00	0	|	rapi	0.00	0.00	0	|	-6.0	0.08(-6)		|	2	
30	3	ok	|	0.07	1.00	1.00	0.10	0.00	0	|	rapi	0.00	0.00	0	|	-6.0	0.10(-6)		|	2	
30	4	ok	|	0.08	1.00	1.00	0.11	0.00	0	|	rapi	0.00	0.00	0	|	-6.0	0.11(-6)		|	2	
30	5	ok	|	0.09	1.00	1.00	0.12	0.00	0	|	rapi	0.00	0.00	0	|	-6.0	0.12(-6)		|	2	
30	6	ok	|	0.11	1.00	1.00	0.14	0.00	0	|	rapi	0.00	0.00	0	|	-6.0	0.14(-6)		|	2	
30	7	ok	|	0.13	1.00	1.00	0.18	0.00	0	|	rapi	0.00	0.00	0	|	-6.0	0.18(-6)		|	2	
30	8	ok	|	0.17	1.00	1.00	0.22	0.00	0	|	rapi	0.00	0.00	0	|	-6.0	0.22(-6)		|	2	
30	9	ok	|	0.20	1.00	1.00	0.27	0.00	0	|	rapi	0.00	0.00	0	|	-6.0	0.27(-6)		|	2	
30	10	ok	|	0.22	1.00	1.00	0.31	0.00	0	|	rapi	0.00	0.00	0	|	-6.0	0.31(-6)		|	2	
30	11	ok	|	0.25	1.00	1.00	0.36	0.00	0	|	rapi	0.00	0.00	0	|	-6.0	0.36(-6)		|	2	
30	12	ok	|	0.27	1.00	1.00	0.42	0.00	0	|	rapi	0.00	0.00	0	|	-6.0	0.42(-6)		|	2	
30	13	ok	|	0.32	1.00	1.00	0.49	0.00	0	|	rapi	0.00	0.00	0	|	-6.0	0.49(-6)		|	2	
30	14	ok	|	0.38	0.99	0.99	0.62	0.00	0	|	rapi	0.00	0.00	0	|	-6.0	0.62(-6)		|	2	
30	15	ok	|	0.45	0.99	0.99	0.76	0.00	0	|	rapi	0.00	0.00	0	|	-6.0	0.76(-6)		|	2	
30	16	ok	|	0.52	0.99	0.99	0.92	0.00	0	|	rapi	0.00	0.00	0	|	-6.0	0.92(-6)		|	2	
30	17	ok	|	0.58	0.99	0.99	1.11	0.00	0	|	rapi	0.00	0.00	0	|	-6.0	1.11(-6)		|	2	
30	18	ok	|	0.64	0.99	0.99	1.30	0.00	0	|	rapi	0.00	0.00	0	|	-6.0	1.30(-6)	0.00(-6)	|	2	
30	19	ok	|	0.70	0.98	0.98	1.61	0.00	0	|	rapi	0.00	0.00	0	|	-6.0	1.61(-6)		|	2	
30	20	ok	|	0.76	0.98	0.98	1.94	0.00	0	|	rapi	0.00	0.00	0	|	-6.0	1.94(-6)	0.00(-6)	|	2	
30	21	ok	|	0.82	0.98	0.98	2.34	0.00	0	|	rapi	0.00	0.00	0	|	-6.0	2.34(-6)		|	2	
30	22	ok	|	0.87	0.97	0.97	2.75	0.00	0	|	rapi	0.00	0.00	0	|	-6.0	2.75(-6)		|	2	
30	23	ok	|	0.90	0.97	0.97	3.15	0.00	0	|	rapi	0.00	0.00	0	|	-6.0	3.15(-6)		|	2	
30	24	ok	|	0.94	0.96	0.96	3.79	0.00	0	|	rapi	0.00	0.00	0	|	-6.0	3.79(-6)		|	2	
30	25	ok	|	0.96	0.96	0.96	4.45	0.00	0	|	rapi	0.00	0.00	0	|	-6.0	4.45(-6)	0.00(-6)	|	2	
30	26	ok	|	0.98	0.95	0.95	5.29	0.00	0	|	rapi	0.00	0.00	0	|	-6.0	5.29(-6)		|	2	
30	27	ok	|	0.99	0.94	0.94	6.20	0.00	0	|	rapi	0.00	0.00	0	|	-6.0	6.20(-6)		|	2	
30	28	ok	|	1.00	0.93	0.93	7.42	0.00	0	|	rapi	0.00	0.00	0	|	-6.0	7.42(-6)	0.00(-6)	|	2	
30	29	ok	|	1.00	0.91	0.91	8.73	0.00	0	|	rapi	0.00	0.00	0	|	-6.0	8.73(-6)	0.00(-6)	|	2	
30	30	ok	|	1.00	0.90	0.90	10.31	0.00	0	|	rapi	0.00	0.00	0	|	-6.0	10.31(-6)	0.00(-6)	|	2	
30	31	ok	|	1.00	0.88	0.88	11.99	0.00	0	|	rapi	0.00	0.00	0	|	-6.0	11.99(-6)	0.00(-6)	|	2	
30	32	ok	|	1.00	0.86	0.86	14.04	0.00	0	|	rapi	0.00	0.00	0	|	-6.0	14.04(-6)	0.00(-6)	|	2	
30	33	ok	|	1.00	0.84	0.84	16.39	0.00	0	|	rapi	0.00	0.00	0	|	-6.0	16.39(-6)	0.00(-6)	|	2	
30	34	ok	|	1.00	0.81	0.81	19.22	0.00	0	|	rapi	0.00	0.00	0	|	-6.0	19.22(-6)	0.00(-6)	|	2	
30	35	ok	|	1.00	0.77	0.77	22.71	0.00	0	|	rapi	0.00	0.00	0	|	-6.0	22.71(-6)	0.00(-6)	|	2	
30	36	ok	|	1.00	0.73	0.73	26.68	0.00	0	|	rapi	0.00	0.00	0	|	-6.0	26.68(-6)		|	2	
30	37	ok	|	1.00	0.69	0.69	31.27	0.00	0	|	rapi	0.00	0.00	0	|	-6.0	31.27(-6)	0.00(-6)	|	2	
30	38	ok	|	1.00	0.64	0.64	36.50	0.00	0	|	rapi	0.00	0.00	0	|	-6.0	36.50(-6)	0.00(-6)	|	2	
30	39	ok	|	1.00	0.57	0.57	42.74	0.00	0	|	rapi	0.00	0.00	0	|	-6.0	42.74(-6)	0.00(-6)	|	2	
30	40	ok	|	1.00	0.50	0.50	49.73	0.00	0	|	rapi	0.00	0.00	0	|	-6.0	49.73(-6)	0.00(-6)	|	2	
30	41	ok	|	1.00	0.42	0.42	57.59	0.00	0	|	rapi	0.00	0.00	0	|	-6.0	57.59(-6)	0.00(-6)	|	2	
30	42	ok	|	1.00	0.34	0.34	66.45	0.00	0	|	rapi	0.00	0.00	0	|	-6.0	66.45(-6)	0.00(-6)	|	2	
30	43	ok	|	1.00	0.24	0.24	75.73	0.00	0	|	rapi	0.01	0.01	0	|	-6.0	75.73(-6)	0.01(-6)	|	2	
30	44	ok	|	1.00	0.15	0.15	85.68	0.00	0	|	rapi	0.01	0.01	0	|	-6.0	85.68(-6)	0.01(-6)	|	2	
30	45	fail-w	|	1.00	0.08	0.08	93.92	0.00	0	|	rapi	0.02	0.02	0	|	-6.0	93.92(-6)	0.02(-6)	|	2	
