25	0	ok	|	0.10	1.00	1.00	0.10	0.00	0	|	rapi	0.00	0.00	0	|	-35.0	0.10(-35)		|	1	
25	1	ok	|	0.12	1.00	1.00	0.13	0.00	0	|	rapi	0.00	0.00	0	|	-35.0	0.13(-35)		|	1	
25	2	ok	|	0.13	1.00	1.00	0.15	0.00	0	|	rapi	0.00	0.00	0	|	-35.0	0.15(-35)		|	1	
25	3	ok	|	0.16	1.00	1.00	0.21	0.00	0	|	rapi	0.00	0.00	0	|	-35.0	0.21(-35)		|	1	
25	4	ok	|	0.21	1.00	1.00	0.28	0.00	0	|	rapi	0.00	0.00	0	|	-35.0	0.28(-35)		|	1	
25	5	ok	|	0.24	1.00	1.00	0.33	0.00	0	|	rapi	0.00	0.00	0	|	-35.0	0.33(-35)		|	1	
25	6	ok	|	0.25	1.00	1.00	0.38	0.00	0	|	rapi	0.00	0.00	0	|	-35.0	0.38(-35)		|	1	
25	7	ok	|	0.29	1.00	1.00	0.45	0.00	0	|	rapi	0.00	0.00	0	|	-35.0	0.45(-35)		|	1	
25	8	ok	|	0.31	1.00	1.00	0.48	0.00	0	|	rapi	0.00	0.00	0	|	-35.0	0.48(-35)		|	1	
25	9	ok	|	0.34	0.99	0.99	0.53	0.00	0	|	rapi	0.00	0.00	0	|	-35.0	0.53(-35)		|	1	
25	10	ok	|	0.39	0.99	0.99	0.64	0.00	0	|	rapi	0.00	0.00	0	|	-35.0	0.64(-35)		|	1	
25	11	ok	|	0.43	0.99	0.99	0.77	0.00	0	|	rapi	0.00	0.00	0	|	-35.0	0.77(-35)		|	1	
25	12	ok	|	0.48	0.99	0.99	0.86	0.00	0	|	rapi	0.00	0.00	0	|	-35.0	0.86(-35)		|	1	
25	13	ok	|	0.54	0.99	0.99	1.06	0.00	0	|	rapi	0.00	0.00	0	|	-35.0	1.06(-35)		|	1	
25	14	ok	|	0.61	0.99	0.99	1.28	0.00	0	|	rapi	0.00	0.00	0	|	-35.0	1.28(-35)		|	1	
25	15	ok	|	0.69	0.98	0.98	1.54	0.00	0	|	rapi	0.00	0.00	0	|	-35.0	1.54(-35)		|	1	
25	16	ok	|	0.76	0.98	0.98	1.84	0.00	0	|	rapi	0.00	0.00	0	|	-35.0	1.84(-35)		|	1	
25	17	ok	|	0.84	0.98	0.98	2.26	0.00	0	|	rapi	0.00	0.00	0	|	-35.0	2.26(-35)		|	1	
25	18	ok	|	0.88	0.97	0.97	2.69	0.00	0	|	rapi	0.00	0.00	0	|	-35.0	2.69(-35)		|	1	
25	19	ok	|	0.91	0.97	0.97	3.11	0.00	0	|	rapi	0.00	0.00	0	|	-35.0	3.11(-35)		|	1	
25	20	ok	|	0.94	0.96	0.96	3.66	0.00	0	|	rapi	0.00	0.00	0	|	-35.0	3.66(-35)		|	1	
25	21	ok	|	0.96	0.96	0.96	4.35	0.00	0	|	rapi	0.00	0.00	0	|	-35.0	4.35(-35)		|	1	
25	22	ok	|	0.99	0.95	0.95	5.19	0.00	0	|	rapi	0.00	0.00	0	|	-35.0	5.19(-35)		|	1	
25	23	ok	|	0.99	0.94	0.94	6.17	0.00	0	|	rapi	0.00	0.00	0	|	-35.0	6.17(-35)		|	1	
25	24	ok	|	1.00	0.93	0.93	7.31	0.00	0	|	rapi	0.00	0.00	0	|	-35.0	7.31(-35)	0.00(-35)	|	1	
25	25	ok	|	1.00	0.91	0.91	8.65	0.00	0	|	rapi	0.00	0.00	0	|	-35.0	8.65(-35)	0.00(-35)	|	1	
25	26	ok	|	1.00	0.90	0.90	10.25	0.00	0	|	rapi	0.00	0.00	0	|	-35.0	10.25(-35)		|	1	
25	27	ok	|	1.00	0.88	0.88	12.06	0.00	0	|	rapi	0.00	0.00	0	|	-35.0	12.06(-35)		|	1	
25	28	ok	|	1.00	0.86	0.86	14.04	0.00	0	|	rapi	0.00	0.00	0	|	-35.0	14.04(-35)		|	1	
25	29	ok	|	1.00	0.84	0.84	16.39	0.00	0	|	rapi	0.00	0.00	0	|	-35.0	16.39(-35)		|	1	
25	30	ok	|	1.00	0.81	0.81	19.05	0.00	0	|	rapi	0.00	0.00	0	|	-35.0	19.05(-35)	0.00(-35)	|	1	
25	31	ok	|	1.00	0.77	0.77	22.56	0.00	0	|	rapi	0.00	0.00	0	|	-35.0	22.56(-35)		|	1	
25	32	ok	|	1.00	0.73	0.73	26.55	0.00	0	|	rapi	0.00	0.00	0	|	-35.0	26.55(-35)		|	1	
25	33	ok	|	1.00	0.69	0.69	31.14	0.00	0	|	rapi	0.00	0.00	0	|	-35.0	31.14(-35)	0.00(-35)	|	1	
25	34	ok	|	1.00	0.64	0.64	36.19	0.00	0	|	rapi	0.00	0.00	0	|	-35.0	36.19(-35)	0.00(-35)	|	1	
25	35	ok	|	1.00	0.58	0.58	42.21	0.00	0	|	rapi	0.00	0.00	0	|	-35.0	42.21(-35)	0.00(-35)	|	1	
25	36	ok	|	1.00	0.51	0.51	48.98	0.00	0	|	rapi	0.00	0.00	0	|	-35.0	48.98(-35)	0.00(-35)	|	1	
25	37	ok	|	1.00	0.43	0.43	57.08	0.00	0	|	rapi	0.00	0.00	0	|	-35.0	57.08(-35)	0.00(-35)	|	1	
25	38	ok	|	1.00	0.34	0.34	66.25	0.00	0	|	rapi	0.00	0.00	0	|	-35.0	66.25(-35)	0.00(-35)	|	1	
25	39	ok	|	1.00	0.24	0.24	76.04	0.00	0	|	rapi	0.00	0.00	0	|	-35.0	76.04(-35)	0.00(-35)	|	1	
25	40	ok	|	1.00	0.15	0.15	85.59	0.00	0	|	rapi	0.00	0.00	0	|	-35.0	85.59(-35)	0.00(-35)	|	1	
25	41	fail-w	|	1.00	0.08	0.08	93.59	0.00	0	|	rapi	0.01	0.01	0	|	-35.0	93.59(-35)	0.01(-35)	|	1	
