69	0	ok	|	0.10	1.00	1.00	0.10	0.00	0	|	rapi	0.00	0.00	0	|	7.0	0.10(7)		|	2	
69	1	ok	|	0.11	1.00	1.00	0.13	0.00	0	|	rapi	0.00	0.00	0	|	7.0	0.13(7)		|	2	
69	2	ok	|	0.13	1.00	1.00	0.15	0.00	0	|	rapi	0.00	0.00	0	|	7.0	0.15(7)		|	2	
69	3	ok	|	0.15	1.00	1.00	0.19	0.00	0	|	rapi	0.00	0.00	0	|	7.0	0.19(7)		|	2	
69	4	ok	|	0.16	1.00	1.00	0.21	0.00	0	|	rapi	0.00	0.00	0	|	7.0	0.21(7)		|	2	
69	5	ok	|	0.17	1.00	1.00	0.23	0.00	0	|	rapi	0.00	0.00	0	|	7.0	0.23(7)		|	2	
69	6	ok	|	0.19	1.00	1.00	0.27	0.00	0	|	rapi	0.00	0.00	0	|	7.0	0.27(7)		|	2	
69	7	ok	|	0.20	1.00	1.00	0.29	0.00	0	|	rapi	0.00	0.00	0	|	7.0	0.29(7)		|	2	
69	8	ok	|	0.23	1.00	1.00	0.30	0.00	0	|	rapi	0.00	0.00	0	|	7.0	0.30(7)		|	2	
69	9	ok	|	0.24	1.00	1.00	0.35	0.00	0	|	rapi	0.00	0.00	0	|	7.0	0.35(7)		|	2	
69	10	ok	|	0.29	1.00	1.00	0.42	0.00	0	|	rapi	0.00	0.00	0	|	7.0	0.42(7)		|	2	
69	11	ok	|	0.33	0.99	0.99	0.52	0.00	0	|	rapi	0.00	0.00	0	|	7.0	0.52(7)		|	2	
69	12	ok	|	0.37	0.99	0.99	0.60	0.00	0	|	rapi	0.00	0.00	0	|	7.0	0.60(7)		|	2	
69	13	ok	|	0.43	0.99	0.99	0.73	0.00	0	|	rapi	0.00	0.00	0	|	7.0	0.73(7)		|	2	
69	14	ok	|	0.51	0.99	0.99	0.91	0.00	0	|	rapi	0.00	0.00	0	|	7.0	0.91(7)		|	2	
69	15	ok	|	0.57	0.99	0.99	1.07	0.00	0	|	rapi	0.00	0.00	0	|	7.0	1.07(7)		|	2	
69	16	ok	|	0.62	0.99	0.99	1.22	0.00	0	|	rapi	0.00	0.00	0	|	7.0	1.22(7)		|	2	
69	17	ok	|	0.69	0.99	0.99	1.46	0.00	0	|	rapi	0.00	0.00	0	|	7.0	1.46(7)		|	2	
69	18	ok	|	0.77	0.98	0.98	1.69	0.00	0	|	rapi	0.00	0.00	0	|	7.0	1.69(7)		|	2	
69	19	ok	|	0.81	0.98	0.98	2.03	0.00	0	|	rapi	0.00	0.00	0	|	7.0	2.03(7)		|	2	
69	20	ok	|	0.84	0.98	0.98	2.46	0.00	0	|	rapi	0.00	0.00	0	|	7.0	2.46(7)		|	2	
69	21	ok	|	0.89	0.97	0.97	2.93	0.00	0	|	rapi	0.00	0.00	0	|	7.0	2.93(7)		|	2	
69	22	ok	|	0.92	0.97	0.97	3.45	0.00	0	|	rapi	0.00	0.00	0	|	7.0	3.45(7)		|	2	
69	23	ok	|	0.94	0.96	0.96	3.99	0.00	0	|	rapi	0.00	0.00	0	|	7.0	3.99(7)		|	2	
69	24	ok	|	0.96	0.95	0.95	4.71	0.00	0	|	rapi	0.00	0.00	0	|	7.0	4.71(7)		|	2	
69	25	ok	|	0.98	0.94	0.94	5.60	0.00	0	|	rapi	0.00	0.00	0	|	7.0	5.60(7)		|	2	
69	26	ok	|	0.99	0.93	0.93	6.56	0.00	0	|	rapi	0.00	0.00	0	|	7.0	6.56(7)		|	2	
69	27	ok	|	0.99	0.92	0.92	7.76	0.00	0	|	rapi	0.00	0.00	0	|	7.0	7.76(7)		|	2	
69	28	ok	|	1.00	0.91	0.91	9.00	0.00	0	|	rapi	0.00	0.00	0	|	7.0	9.00(7)		|	2	
69	29	ok	|	1.00	0.89	0.89	10.52	0.00	0	|	rapi	0.00	0.00	0	|	7.0	10.52(7)		|	2	
69	30	ok	|	1.00	0.88	0.88	12.22	0.00	0	|	rapi	0.00	0.00	0	|	7.0	12.22(7)		|	2	
69	31	ok	|	1.00	0.85	0.85	14.57	0.00	0	|	rapi	0.00	0.00	0	|	7.0	14.57(7)		|	2	
69	32	ok	|	1.00	0.83	0.83	17.03	0.00	0	|	rapi	0.00	0.00	0	|	7.0	17.03(7)		|	2	
69	33	ok	|	1.00	0.80	0.80	19.87	0.00	0	|	rapi	0.00	0.00	0	|	7.0	19.87(7)	0.00(7)	|	2	
69	34	ok	|	1.00	0.77	0.77	23.30	0.00	0	|	rapi	0.00	0.00	0	|	7.0	23.30(7)	0.00(7)	|	2	
69	35	ok	|	1.00	0.73	0.73	27.39	0.00	0	|	rapi	0.00	0.00	0	|	7.0	27.39(7)	0.00(7)	|	2	
69	36	ok	|	1.00	0.68	0.68	31.87	0.00	0	|	rapi	0.01	0.01	0	|	7.0	31.87(7)	0.01(7)	|	2	
69	37	ok	|	1.00	0.63	0.63	37.13	0.00	0	|	rapi	0.01	0.01	0	|	7.0	37.13(7)	0.01(7)	|	2	
69	38	ok	|	1.00	0.57	0.57	43.18	0.00	0	|	rapi	0.01	0.01	0	|	7.0	43.18(7)	0.01(7)	|	2	
69	39	ok	|	1.00	0.50	0.50	50.29	0.00	0	|	rapi	0.01	0.01	0	|	7.0	50.29(7)	0.01(7)	|	2	
69	40	ok	|	1.00	0.42	0.42	58.23	0.00	0	|	rapi	0.02	0.02	0	|	7.0	58.23(7)	0.02(7)	|	2	
69	41	ok	|	1.00	0.33	0.33	66.82	0.00	0	|	rapi	0.02	0.03	0	|	7.0	66.82(7)	0.03(7)	|	2	
69	42	ok	|	1.00	0.25	0.25	75.29	0.00	0	|	rapi	0.04	0.04	0	|	7.0	75.29(7)	0.04(7)	|	2	
69	43	ok	|	1.00	0.17	0.17	83.42	0.00	0	|	rapi	0.05	0.05	0	|	7.0	83.42(7)	0.05(7)	|	2	
69	44	ok	|	1.00	0.12	0.12	89.87	0.00	0	|	rapi	0.09	0.09	0	|	7.0	89.87(7)	0.09(7)	|	2	
69	45	fail-w	|	1.00	0.09	0.09	92.70	0.00	0	|	rapi	0.15	0.15	0	|	7.0	92.70(7)	0.15(7)	|	2	
