96	0	ok	|	0.01	1.00	1.00	0.01	0.00	0	|	rapi	0.01	0.01	0	|	72.0	0.01(72)	0.01(72)	|	9904	
96	1	ok	|	0.01	1.00	1.00	0.01	0.00	0	|	rapi	0.01	0.01	0	|	72.0	0.01(72)	0.01(72)	|	9904	
96	2	ok	|	0.01	1.00	1.00	0.01	0.00	0	|	rapi	0.01	0.01	0	|	72.0	0.01(72)	0.01(72)	|	9904	
96	3	ok	|	0.01	1.00	1.00	0.01	0.00	0	|	rapi	0.01	0.01	0	|	72.0	0.01(72)	0.01(72)	|	9904	
96	4	ok	|	0.01	1.00	1.00	0.01	0.00	0	|	rapi	0.01	0.01	0	|	72.0	0.01(72)	0.01(72)	|	9904	
96	5	ok	|	0.01	1.00	1.00	0.01	0.00	0	|	rapi	0.01	0.01	0	|	72.0	0.01(72)	0.01(72)	|	9904	
96	6	ok	|	0.01	1.00	1.00	0.01	0.00	0	|	rapi	0.01	0.01	0	|	72.0	0.01(72)	0.01(72)	|	9904	
96	7	ok	|	0.01	1.00	1.00	0.01	0.00	0	|	rapi	0.01	0.01	0	|	72.0	0.01(72)	0.01(72)	|	9904	
96	8	ok	|	0.01	1.00	1.00	0.01	0.00	0	|	rapi	0.01	0.01	0	|	72.0	0.01(72)	0.01(72)	|	9904	
96	9	ok	|	0.01	1.00	1.00	0.01	0.00	0	|	rapi	0.01	0.01	0	|	72.0	0.01(72)	0.01(72)	|	9904	
96	10	ok	|	0.01	1.00	1.00	0.01	0.00	0	|	rapi	0.01	0.01	0	|	72.0	0.01(72)	0.01(72)	|	9904	
96	11	ok	|	0.01	1.00	1.00	0.01	0.00	0	|	rapi	0.01	0.01	0	|	72.0	0.01(72)	0.01(72)	|	9904	
96	12	ok	|	0.01	1.00	1.00	0.01	0.00	0	|	rapi	0.01	0.01	0	|	72.0	0.01(72)	0.01(72)	|	9904	
96	13	ok	|	0.01	1.00	1.00	0.01	0.00	0	|	rapi	0.01	0.01	0	|	72.0	0.01(72)	0.01(72)	|	9904	
96	14	ok	|	0.01	1.00	1.00	0.01	0.00	0	|	rapi	0.01	0.01	0	|	72.0	0.01(72)	0.01(72)	|	9904	
96	15	ok	|	0.01	1.00	1.00	0.01	0.00	0	|	rapi	0.01	0.01	0	|	72.0	0.01(72)	0.01(72)	|	9904	
96	16	ok	|	0.01	1.00	1.00	0.02	0.00	0	|	rapi	0.01	0.01	0	|	72.0	0.02(72)	0.01(72)	|	9904	
96	17	ok	|	0.01	1.00	1.00	0.01	0.00	0	|	rapi	0.01	0.01	0	|	72.0	0.01(72)	0.01(72)	|	9904	
96	18	ok	|	0.01	1.00	1.00	0.01	0.00	0	|	rapi	0.01	0.01	0	|	72.0	0.01(72)	0.01(72)	|	9904	
96	19	ok	|	0.01	1.00	1.00	0.01	0.00	0	|	rapi	0.01	0.01	0	|	72.0	0.01(72)	0.01(72)	|	9904	
96	20	ok	|	0.01	1.00	1.00	0.01	0.00	0	|	rapi	0.01	0.01	0	|	72.0	0.01(72)	0.01(72)	|	9904	
96	21	ok	|	0.01	1.00	1.00	0.01	0.00	0	|	rapi	0.01	0.01	0	|	72.0	0.01(72)	0.01(72)	|	9904	
96	22	ok	|	0.01	1.00	1.00	0.01	0.00	0	|	rapi	0.01	0.01	0	|	72.0	0.01(72)	0.01(72)	|	9904	
96	23	ok	|	0.01	1.00	1.00	0.01	0.00	0	|	rapi	0.01	0.01	0	|	72.0	0.01(72)	0.01(72)	|	9904	
96	24	ok	|	0.01	1.00	1.00	0.01	0.00	0	|	rapi	0.01	0.01	0	|	72.0	0.01(72)	0.01(72)	|	9904	
96	25	ok	|	0.01	1.00	1.00	0.01	0.00	0	|	rapi	0.01	0.01	0	|	72.0	0.01(72)	0.01(72)	|	9904	
96	26	ok	|	0.01	1.00	1.00	0.01	0.00	0	|	rapi	0.01	0.01	0	|	72.0	0.01(72)	0.01(72)	|	9904	
96	27	ok	|	0.01	1.00	1.00	0.01	0.00	0	|	rapi	0.01	0.01	0	|	72.0	0.01(72)	0.01(72)	|	9904	
96	28	ok	|	0.01	1.00	1.00	0.01	0.00	0	|	rapi	0.01	0.01	0	|	72.0	0.01(72)	0.01(72)	|	9904	
96	29	ok	|	0.01	1.00	1.00	0.01	0.00	0	|	rapi	0.01	0.01	0	|	72.0	0.01(72)	0.01(72)	|	9904	
96	30	ok	|	0.01	1.00	1.00	0.01	0.00	0	|	rapi	0.01	0.01	0	|	72.0	0.01(72)	0.01(72)	|	9904	
96	31	ok	|	0.01	1.00	1.00	0.01	0.00	0	|	rapi	0.01	0.01	0	|	72.0	0.01(72)	0.01(72)	|	9904	
96	32	ok	|	0.01	1.00	1.00	0.01	0.00	0	|	rapi	0.01	0.01	0	|	72.0	0.01(72)	0.01(72)	|	9904	
96	33	ok	|	0.01	1.00	1.00	0.01	0.00	0	|	rapi	0.01	0.01	0	|	72.0	0.01(72)	0.01(72)	|	9904	
96	34	ok	|	0.01	1.00	1.00	0.01	0.00	0	|	rapi	0.01	0.01	0	|	72.0	0.01(72)	0.01(72)	|	9904	
96	35	ok	|	0.01	1.00	1.00	0.01	0.00	0	|	rapi	0.01	0.01	0	|	72.0	0.01(72)	0.01(72)	|	9904	
96	36	ok	|	0.01	1.00	1.00	0.01	0.00	0	|	rapi	0.01	0.01	0	|	72.0	0.01(72)	0.01(72)	|	9904	
96	37	ok	|	0.01	1.00	1.00	0.01	0.00	0	|	rapi	0.01	0.01	0	|	72.0	0.01(72)	0.01(72)	|	9904	
96	38	ok	|	0.01	1.00	1.00	0.01	0.00	0	|	rapi	0.01	0.01	0	|	72.0	0.01(72)	0.01(72)	|	9904	
96	39	ok	|	0.01	1.00	1.00	0.02	0.00	0	|	rapi	0.01	0.02	0	|	72.0	0.02(72)	0.02(72)	|	9904	
96	40	ok	|	0.01	1.00	1.00	0.01	0.00	0	|	rapi	0.01	0.01	0	|	72.0	0.01(72)	0.01(72)	|	9904	
96	41	ok	|	0.01	1.00	1.00	0.01	0.00	0	|	rapi	0.01	0.01	0	|	72.0	0.01(72)	0.01(72)	|	9904	
96	42	ok	|	0.02	1.00	1.00	0.02	0.00	0	|	rapi	0.02	0.02	0	|	72.0	0.02(72)	0.02(72)	|	9904	
96	43	ok	|	0.01	1.00	1.00	0.01	0.00	0	|	rapi	0.01	0.01	0	|	72.0	0.01(72)	0.01(72)	|	9904	
96	44	ok	|	0.01	1.00	1.00	0.01	0.00	0	|	rapi	0.01	0.01	0	|	72.0	0.01(72)	0.01(72)	|	9904	
96	45	ok	|	0.01	1.00	1.00	0.01	0.00	0	|	rapi	0.01	0.01	0	|	72.0	0.01(72)	0.01(72)	|	9904	
96	46	ok	|	0.01	1.00	1.00	0.01	0.00	0	|	rapi	0.01	0.01	0	|	72.0	0.01(72)	0.01(72)	|	9904	
96	47	ok	|	0.01	1.00	1.00	0.01	0.00	0	|	rapi	0.01	0.01	0	|	72.0	0.01(72)	0.01(72)	|	9904	
96	48	ok	|	0.01	1.00	1.00	0.01	0.00	0	|	rapi	0.01	0.01	0	|	72.0	0.01(72)	0.01(72)	|	9904	
96	49	ok	|	0.01	1.00	1.00	0.01	0.00	0	|	rapi	0.01	0.01	0	|	72.0	0.01(72)	0.01(72)	|	9904	
96	50	ok	|	0.01	1.00	1.00	0.02	0.00	0	|	rapi	0.01	0.02	0	|	72.0	0.02(72)	0.02(72)	|	9904	
96	51	ok	|	0.01	1.00	1.00	0.01	0.00	0	|	rapi	0.01	0.01	0	|	72.0	0.01(72)	0.01(72)	|	9904	
96	52	ok	|	0.01	1.00	1.00	0.02	0.00	0	|	rapi	0.01	0.02	0	|	72.0	0.02(72)	0.02(72)	|	9904	
96	53	ok	|	0.02	1.00	1.00	0.02	0.00	0	|	rapi	0.02	0.02	0	|	72.0	0.02(72)	0.02(72)	|	9904	
96	54	ok	|	0.02	1.00	1.00	0.02	0.00	0	|	rapi	0.02	0.02	0	|	72.0	0.02(72)	0.02(72)	|	9904	
96	55	ok	|	0.02	1.00	1.00	0.02	0.00	0	|	rapi	0.02	0.02	0	|	72.0	0.02(72)	0.02(72)	|	9904	
96	56	ok	|	0.02	1.00	1.00	0.02	0.00	0	|	rapi	0.02	0.02	0	|	72.0	0.02(72)	0.02(72)	|	9904	
96	57	ok	|	0.02	1.00	1.00	0.02	0.00	0	|	rapi	0.02	0.02	0	|	72.0	0.02(72)	0.02(72)	|	9904	
96	58	ok	|	0.02	1.00	1.00	0.02	0.00	0	|	rapi	0.02	0.02	0	|	72.0	0.02(72)	0.02(72)	|	9904	
96	59	ok	|	0.02	1.00	1.00	0.02	0.00	0	|	rapi	0.02	0.02	0	|	72.0	0.02(72)	0.02(72)	|	9904	
96	60	ok	|	0.02	1.00	1.00	0.02	0.00	0	|	rapi	0.02	0.02	0	|	72.0	0.02(72)	0.02(72)	|	9904	
96	61	ok	|	0.02	1.00	1.00	0.02	0.00	0	|	rapi	0.02	0.02	0	|	72.0	0.02(72)	0.02(72)	|	9904	
96	62	ok	|	0.02	1.00	1.00	0.02	0.00	0	|	rapi	0.02	0.02	0	|	72.0	0.02(72)	0.02(72)	|	9904	
96	63	ok	|	0.02	1.00	1.00	0.02	0.00	0	|	rapi	0.02	0.02	0	|	72.0	0.02(72)	0.02(72)	|	9904	
96	64	ok	|	0.02	1.00	1.00	0.02	0.00	0	|	rapi	0.02	0.02	0	|	72.0	0.02(72)	0.02(72)	|	9904	
96	65	ok	|	0.02	1.00	1.00	0.02	0.00	0	|	rapi	0.02	0.02	0	|	72.0	0.02(72)	0.02(72)	|	9904	
96	66	ok	|	0.03	1.00	1.00	0.03	0.00	0	|	rapi	0.03	0.03	0	|	72.0	0.03(72)	0.03(72)	|	9904	
96	67	ok	|	0.03	1.00	1.00	0.03	0.00	0	|	rapi	0.03	0.03	0	|	72.0	0.03(72)	0.03(72)	|	9904	
96	68	ok	|	0.03	1.00	1.00	0.03	0.00	0	|	rapi	0.03	0.03	0	|	72.0	0.03(72)	0.03(72)	|	9904	
96	69	ok	|	0.03	1.00	1.00	0.03	0.00	0	|	rapi	0.03	0.03	0	|	72.0	0.03(72)	0.03(72)	|	9904	
96	70	ok	|	0.03	1.00	1.00	0.03	0.00	0	|	rapi	0.03	0.03	0	|	72.0	0.03(72)	0.03(72)	|	9904	
96	71	ok	|	0.03	1.00	1.00	0.03	0.00	0	|	rapi	0.03	0.03	0	|	72.0	0.03(72)	0.03(72)	|	9904	
96	72	ok	|	0.03	1.00	1.00	0.03	0.00	0	|	rapi	0.03	0.03	0	|	72.0	0.03(72)	0.03(72)	|	9904	
96	73	ok	|	0.03	1.00	1.00	0.03	0.00	0	|	rapi	0.03	0.03	0	|	72.0	0.03(72)	0.03(72)	|	9904	
96	74	ok	|	0.03	1.00	1.00	0.03	0.00	0	|	rapi	0.03	0.03	0	|	72.0	0.03(72)	0.03(72)	|	9904	
96	75	ok	|	0.03	1.00	1.00	0.03	0.00	0	|	rapi	0.03	0.03	0	|	72.0	0.03(72)	0.03(72)	|	9904	
96	76	ok	|	0.03	1.00	1.00	0.03	0.00	0	|	rapi	0.03	0.03	0	|	72.0	0.03(72)	0.03(72)	|	9904	
96	77	ok	|	0.03	1.00	1.00	0.03	0.00	0	|	rapi	0.03	0.03	0	|	72.0	0.03(72)	0.03(72)	|	9904	
96	78	ok	|	0.03	1.00	1.00	0.03	0.00	0	|	rapi	0.03	0.03	0	|	72.0	0.03(72)	0.03(72)	|	9904	
96	79	ok	|	0.03	1.00	1.00	0.03	0.00	0	|	rapi	0.03	0.03	0	|	72.0	0.03(72)	0.03(72)	|	9904	
96	80	ok	|	0.03	1.00	1.00	0.03	0.00	0	|	rapi	0.03	0.03	0	|	72.0	0.03(72)	0.03(72)	|	9904	
96	81	ok	|	0.03	1.00	1.00	0.03	0.00	0	|	rapi	0.03	0.03	0	|	72.0	0.03(72)	0.03(72)	|	9904	
96	82	ok	|	0.03	1.00	1.00	0.03	0.00	0	|	rapi	0.03	0.03	0	|	72.0	0.03(72)	0.03(72)	|	9904	
96	83	ok	|	0.03	1.00	1.00	0.03	0.00	0	|	rapi	0.03	0.03	0	|	72.0	0.03(72)	0.03(72)	|	9904	
96	84	ok	|	0.03	1.00	1.00	0.03	0.00	0	|	rapi	0.03	0.03	0	|	72.0	0.03(72)	0.03(72)	|	9904	
96	85	ok	|	0.03	1.00	1.00	0.03	0.00	0	|	rapi	0.03	0.03	0	|	72.0	0.03(72)	0.03(72)	|	9904	
96	86	ok	|	0.03	1.00	1.00	0.03	0.00	0	|	rapi	0.03	0.03	0	|	72.0	0.03(72)	0.03(72)	|	9904	
96	87	ok	|	0.03	1.00	1.00	0.03	0.00	0	|	rapi	0.03	0.03	0	|	72.0	0.03(72)	0.03(72)	|	9904	
96	88	ok	|	0.03	1.00	1.00	0.03	0.00	0	|	rapi	0.03	0.03	0	|	72.0	0.03(72)	0.03(72)	|	9904	
96	89	ok	|	0.03	1.00	1.00	0.03	0.00	0	|	rapi	0.03	0.03	0	|	72.0	0.03(72)	0.03(72)	|	9904	
96	90	ok	|	0.03	1.00	1.00	0.03	0.00	0	|	rapi	0.03	0.03	0	|	72.0	0.03(72)	0.03(72)	|	9904	
96	91	ok	|	0.03	1.00	1.00	0.03	0.00	0	|	rapi	0.03	0.03	0	|	72.0	0.03(72)	0.03(72)	|	9904	
96	92	ok	|	0.03	1.00	1.00	0.03	0.00	0	|	rapi	0.03	0.03	0	|	72.0	0.03(72)	0.03(72)	|	9904	
96	93	ok	|	0.03	1.00	1.00	0.03	0.00	0	|	rapi	0.03	0.03	0	|	72.0	0.03(72)	0.03(72)	|	9904	
96	94	ok	|	0.03	1.00	1.00	0.03	0.00	0	|	rapi	0.03	0.03	0	|	72.0	0.03(72)	0.03(72)	|	9904	
96	95	ok	|	0.03	1.00	1.00	0.03	0.00	0	|	rapi	0.03	0.03	0	|	72.0	0.03(72)	0.03(72)	|	9904	
96	96	ok	|	0.03	1.00	1.00	0.03	0.00	0	|	rapi	0.03	0.03	0	|	72.0	0.03(72)	0.03(72)	|	9904	
96	97	ok	|	0.03	1.00	1.00	0.03	0.00	0	|	rapi	0.03	0.03	0	|	72.0	0.03(72)	0.03(72)	|	9904	
96	98	ok	|	0.03	1.00	1.00	0.03	0.00	0	|	rapi	0.03	0.03	0	|	72.0	0.03(72)	0.03(72)	|	9904	
96	99	ok	|	0.03	1.00	1.00	0.03	0.00	0	|	rapi	0.03	0.03	0	|	72.0	0.03(72)	0.03(72)	|	9904	
96	100	ok	|	0.03	1.00	1.00	0.03	0.00	0	|	rapi	0.03	0.03	0	|	72.0	0.03(72)	0.03(72)	|	9904	
96	101	ok	|	0.03	1.00	1.00	0.03	0.00	0	|	rapi	0.03	0.03	0	|	72.0	0.03(72)	0.03(72)	|	9904	
96	102	ok	|	0.03	1.00	1.00	0.03	0.00	0	|	rapi	0.03	0.03	0	|	72.0	0.03(72)	0.03(72)	|	9904	
96	103	ok	|	0.03	1.00	1.00	0.03	0.00	0	|	rapi	0.03	0.03	0	|	72.0	0.03(72)	0.03(72)	|	9904	
96	104	ok	|	0.03	1.00	1.00	0.03	0.00	0	|	rapi	0.03	0.03	0	|	72.0	0.03(72)	0.03(72)	|	9904	
96	105	ok	|	0.03	1.00	1.00	0.03	0.01	0	|	rapi	0.03	0.03	0	|	72.0	0.03(72)	0.03(72)	|	9904	
96	106	ok	|	0.03	1.00	1.00	0.03	0.01	0	|	rapi	0.03	0.03	0	|	72.0	0.03(72)	0.03(72)	|	9904	
96	107	ok	|	0.03	1.00	1.00	0.03	0.01	0	|	rapi	0.03	0.03	0	|	72.0	0.03(72)	0.03(72)	|	9904	
96	108	ok	|	0.03	1.00	1.00	0.03	0.01	0	|	rapi	0.03	0.03	0	|	72.0	0.03(72)	0.03(72)	|	9904	
96	109	ok	|	0.03	1.00	1.00	0.03	0.01	0	|	rapi	0.03	0.03	0	|	72.0	0.03(72)	0.03(72)	|	9904	
96	110	ok	|	0.03	1.00	1.00	0.03	0.01	0	|	rapi	0.03	0.03	0	|	72.0	0.03(72)	0.03(72)	|	9904	
96	111	ok	|	0.03	1.00	1.00	0.03	0.01	0	|	rapi	0.03	0.03	0	|	72.0	0.03(72)	0.03(72)	|	9904	
96	112	ok	|	0.03	1.00	1.00	0.03	0.01	0	|	rapi	0.03	0.03	0	|	72.0	0.03(72)	0.03(72)	|	9904	
96	113	ok	|	0.03	1.00	1.00	0.03	0.01	0	|	rapi	0.03	0.03	0	|	72.0	0.03(72)	0.03(72)	|	9904	
96	114	ok	|	0.03	1.00	1.00	0.03	0.01	0	|	rapi	0.03	0.03	0	|	72.0	0.03(72)	0.03(72)	|	9904	
96	115	ok	|	0.03	1.00	1.00	0.03	0.01	0	|	rapi	0.03	0.03	0	|	72.0	0.03(72)	0.03(72)	|	9904	
96	116	ok	|	0.03	1.00	1.00	0.03	0.01	0	|	rapi	0.03	0.03	0	|	72.0	0.03(72)	0.03(72)	|	9904	
96	117	ok	|	0.03	1.00	1.00	0.03	0.01	0	|	rapi	0.03	0.03	0	|	72.0	0.03(72)	0.03(72)	|	9904	
96	118	ok	|	0.03	1.00	1.00	0.03	0.01	0	|	rapi	0.03	0.03	0	|	72.0	0.03(72)	0.03(72)	|	9904	
96	119	ok	|	0.03	1.00	1.00	0.03	0.01	0	|	rapi	0.03	0.03	0	|	72.0	0.03(72)	0.03(72)	|	9904	
96	120	ok	|	0.03	1.00	1.00	0.03	0.01	0	|	rapi	0.03	0.03	0	|	72.0	0.03(72)	0.03(72)	|	9904	
96	121	ok	|	0.03	1.00	1.00	0.03	0.01	0	|	rapi	0.03	0.03	0	|	72.0	0.03(72)	0.03(72)	|	9904	
96	122	ok	|	0.03	1.00	1.00	0.03	0.01	0	|	rapi	0.03	0.03	0	|	72.0	0.03(72)	0.03(72)	|	9904	
96	123	ok	|	0.03	1.00	1.00	0.03	0.01	0	|	rapi	0.03	0.03	0	|	72.0	0.03(72)	0.03(72)	|	9904	
96	124	ok	|	0.03	1.00	1.00	0.03	0.00	0	|	rapi	0.03	0.03	0	|	72.0	0.03(72)	0.03(72)	|	9904	
96	125	ok	|	0.03	1.00	1.00	0.03	0.00	0	|	rapi	0.03	0.03	0	|	72.0	0.03(72)	0.03(72)	|	9904	
96	126	ok	|	0.03	1.00	1.00	0.03	0.00	0	|	rapi	0.03	0.03	0	|	72.0	0.03(72)	0.03(72)	|	9904	
96	127	ok	|	0.03	1.00	1.00	0.03	0.00	0	|	rapi	0.03	0.03	0	|	72.0	0.03(72)	0.03(72)	|	9904	
96	128	ok	|	0.03	1.00	1.00	0.03	0.01	0	|	rapi	0.03	0.03	0	|	72.0	0.03(72)	0.03(72)	|	9904	
96	129	ok	|	0.03	1.00	1.00	0.03	0.01	0	|	rapi	0.03	0.03	0	|	72.0	0.03(72)	0.03(72)	|	9904	
96	130	ok	|	0.03	1.00	1.00	0.03	0.01	0	|	rapi	0.03	0.03	0	|	72.0	0.03(72)	0.03(72)	|	9904	
96	131	ok	|	0.04	1.00	1.00	0.04	0.01	0	|	rapi	0.04	0.04	0	|	72.0	0.04(72)	0.04(72)	|	9904	
96	132	ok	|	0.03	1.00	1.00	0.03	0.01	0	|	rapi	0.03	0.03	0	|	72.0	0.03(72)	0.03(72)	|	9904	
96	133	ok	|	0.04	1.00	1.00	0.04	0.01	0	|	rapi	0.04	0.04	0	|	72.0	0.04(72)	0.04(72)	|	9904	
96	134	ok	|	0.04	1.00	1.00	0.04	0.01	0	|	rapi	0.04	0.04	0	|	72.0	0.04(72)	0.04(72)	|	9904	
96	135	ok	|	0.04	1.00	1.00	0.04	0.01	0	|	rapi	0.04	0.04	0	|	72.0	0.04(72)	0.04(72)	|	9904	
96	136	ok	|	0.04	1.00	1.00	0.04	0.01	0	|	rapi	0.04	0.04	0	|	72.0	0.04(72)	0.04(72)	|	9904	
96	137	ok	|	0.04	1.00	1.00	0.04	0.01	0	|	rapi	0.04	0.04	0	|	72.0	0.04(72)	0.04(72)	|	9904	
96	138	ok	|	0.04	1.00	1.00	0.04	0.01	0	|	rapi	0.04	0.04	0	|	72.0	0.04(72)	0.04(72)	|	9904	
96	139	ok	|	0.04	1.00	1.00	0.04	0.01	0	|	rapi	0.04	0.04	0	|	72.0	0.04(72)	0.04(72)	|	9904	
96	140	ok	|	0.04	1.00	1.00	0.04	0.01	0	|	rapi	0.04	0.04	0	|	72.0	0.04(72)	0.04(72)	|	9904	
96	141	ok	|	0.04	1.00	1.00	0.04	0.01	0	|	rapi	0.04	0.04	0	|	72.0	0.04(72)	0.04(72)	|	9904	
96	142	ok	|	0.04	1.00	1.00	0.04	0.01	0	|	rapi	0.04	0.04	0	|	72.0	0.04(72)	0.04(72)	|	9904	
96	143	ok	|	0.04	1.00	1.00	0.04	0.01	0	|	rapi	0.04	0.04	0	|	72.0	0.04(72)	0.04(72)	|	9904	
96	144	ok	|	0.04	1.00	1.00	0.04	0.01	0	|	rapi	0.04	0.04	0	|	72.0	0.04(72)	0.04(72)	|	9904	
96	145	ok	|	0.04	1.00	1.00	0.04	0.01	0	|	rapi	0.04	0.04	0	|	72.0	0.04(72)	0.04(72)	|	9904	
96	146	ok	|	0.04	1.00	1.00	0.04	0.01	0	|	rapi	0.04	0.04	0	|	72.0	0.04(72)	0.04(72)	|	9904	
96	147	ok	|	0.04	1.00	1.00	0.04	0.01	0	|	rapi	0.04	0.04	0	|	72.0	0.04(72)	0.04(72)	|	9904	
96	148	ok	|	0.04	1.00	1.00	0.04	0.01	0	|	rapi	0.04	0.04	0	|	72.0	0.04(72)	0.04(72)	|	9904	
96	149	ok	|	0.04	1.00	1.00	0.04	0.01	0	|	rapi	0.04	0.04	0	|	72.0	0.04(72)	0.04(72)	|	9904	
96	150	ok	|	0.04	1.00	1.00	0.04	0.01	0	|	rapi	0.04	0.04	0	|	72.0	0.04(72)	0.04(72)	|	9904	
96	151	ok	|	0.04	1.00	1.00	0.04	0.01	0	|	rapi	0.04	0.04	0	|	72.0	0.04(72)	0.04(72)	|	9904	
96	152	ok	|	0.04	1.00	1.00	0.04	0.01	0	|	rapi	0.04	0.04	0	|	72.0	0.04(72)	0.04(72)	|	9904	
96	153	ok	|	0.04	1.00	1.00	0.04	0.01	0	|	rapi	0.04	0.04	0	|	72.0	0.04(72)	0.04(72)	|	9904	
96	154	ok	|	0.04	1.00	1.00	0.04	0.01	0	|	rapi	0.04	0.04	0	|	72.0	0.04(72)	0.04(72)	|	9904	
96	155	ok	|	0.04	1.00	1.00	0.04	0.01	0	|	rapi	0.04	0.04	0	|	72.0	0.04(72)	0.04(72)	|	9904	
96	156	ok	|	0.04	1.00	1.00	0.04	0.01	0	|	rapi	0.04	0.04	0	|	72.0	0.04(72)	0.04(72)	|	9904	
96	157	ok	|	0.03	1.00	1.00	0.03	0.01	0	|	rapi	0.03	0.03	0	|	72.0	0.03(72)	0.03(72)	|	9904	
96	158	ok	|	0.03	1.00	1.00	0.03	0.01	0	|	rapi	0.03	0.03	0	|	72.0	0.03(72)	0.03(72)	|	9904	
96	159	ok	|	0.04	1.00	1.00	0.04	0.01	0	|	rapi	0.04	0.04	0	|	72.0	0.04(72)	0.04(72)	|	9904	
96	160	ok	|	0.04	1.00	1.00	0.04	0.01	0	|	rapi	0.04	0.04	0	|	72.0	0.04(72)	0.04(72)	|	9904	
96	161	ok	|	0.03	1.00	1.00	0.03	0.01	0	|	rapi	0.03	0.03	0	|	72.0	0.03(72)	0.03(72)	|	9904	
96	162	ok	|	0.04	1.00	1.00	0.04	0.01	0	|	rapi	0.04	0.04	0	|	72.0	0.04(72)	0.04(72)	|	9904	
96	163	ok	|	0.04	1.00	1.00	0.04	0.01	0	|	rapi	0.04	0.04	0	|	72.0	0.04(72)	0.04(72)	|	9904	
96	164	ok	|	0.03	1.00	1.00	0.03	0.01	0	|	rapi	0.03	0.03	0	|	72.0	0.03(72)	0.03(72)	|	9904	
96	165	ok	|	0.03	1.00	1.00	0.03	0.01	0	|	rapi	0.03	0.03	0	|	72.0	0.03(72)	0.03(72)	|	9904	
96	166	ok	|	0.03	1.00	1.00	0.03	0.01	0	|	rapi	0.03	0.03	0	|	72.0	0.03(72)	0.03(72)	|	9904	
96	167	ok	|	0.03	1.00	1.00	0.03	0.01	0	|	rapi	0.03	0.03	0	|	72.0	0.03(72)	0.03(72)	|	9904	
96	168	ok	|	0.03	1.00	1.00	0.03	0.01	0	|	rapi	0.03	0.03	0	|	72.0	0.03(72)	0.03(72)	|	9904	
96	169	ok	|	0.03	1.00	1.00	0.03	0.01	0	|	rapi	0.03	0.03	0	|	72.0	0.03(72)	0.03(72)	|	9904	
96	170	ok	|	0.03	1.00	1.00	0.03	0.01	0	|	rapi	0.03	0.03	0	|	72.0	0.03(72)	0.03(72)	|	9904	
96	171	ok	|	0.03	1.00	1.00	0.03	0.01	0	|	rapi	0.03	0.03	0	|	72.0	0.03(72)	0.03(72)	|	9904	
96	172	ok	|	0.03	1.00	1.00	0.03	0.01	0	|	rapi	0.03	0.03	0	|	72.0	0.03(72)	0.03(72)	|	9904	
96	173	ok	|	0.04	1.00	1.00	0.04	0.01	0	|	rapi	0.04	0.04	0	|	72.0	0.04(72)	0.04(72)	|	9904	
96	174	ok	|	0.04	1.00	1.00	0.04	0.01	0	|	rapi	0.04	0.04	0	|	72.0	0.04(72)	0.04(72)	|	9904	
96	175	ok	|	0.03	1.00	1.00	0.04	0.01	0	|	rapi	0.03	0.04	0	|	72.0	0.04(72)	0.04(72)	|	9904	
96	176	ok	|	0.04	1.00	1.00	0.04	0.01	0	|	rapi	0.04	0.04	0	|	72.0	0.04(72)	0.04(72)	|	9904	
96	177	ok	|	0.03	1.00	1.00	0.04	0.01	0	|	rapi	0.03	0.04	0	|	72.0	0.04(72)	0.04(72)	|	9904	
96	178	ok	|	0.03	1.00	1.00	0.04	0.01	0	|	rapi	0.03	0.04	0	|	72.0	0.04(72)	0.04(72)	|	9904	
96	179	ok	|	0.03	1.00	1.00	0.03	0.01	0	|	rapi	0.03	0.03	0	|	72.0	0.03(72)	0.03(72)	|	9904	
96	180	ok	|	0.04	1.00	1.00	0.04	0.01	0	|	rapi	0.04	0.04	0	|	72.0	0.04(72)	0.04(72)	|	9904	
96	181	ok	|	0.03	1.00	1.00	0.04	0.01	0	|	rapi	0.03	0.04	0	|	72.0	0.04(72)	0.04(72)	|	9904	
96	182	ok	|	0.03	1.00	1.00	0.03	0.01	0	|	rapi	0.03	0.03	0	|	72.0	0.03(72)	0.03(72)	|	9904	
96	183	ok	|	0.04	1.00	1.00	0.04	0.01	0	|	rapi	0.04	0.04	0	|	72.0	0.04(72)	0.04(72)	|	9904	
96	184	ok	|	0.03	1.00	1.00	0.03	0.01	0	|	rapi	0.03	0.03	0	|	72.0	0.03(72)	0.03(72)	|	9904	
96	185	ok	|	0.03	1.00	1.00	0.03	0.01	0	|	rapi	0.03	0.03	0	|	72.0	0.03(72)	0.03(72)	|	9904	
96	186	ok	|	0.03	1.00	1.00	0.03	0.01	0	|	rapi	0.03	0.03	0	|	72.0	0.03(72)	0.03(72)	|	9904	
96	187	ok	|	0.03	1.00	1.00	0.03	0.01	0	|	rapi	0.03	0.03	0	|	72.0	0.03(72)	0.03(72)	|	9904	
96	188	ok	|	0.03	1.00	1.00	0.03	0.01	0	|	rapi	0.03	0.03	0	|	72.0	0.03(72)	0.03(72)	|	9904	
96	189	ok	|	0.03	1.00	1.00	0.03	0.01	0	|	rapi	0.03	0.03	0	|	72.0	0.03(72)	0.03(72)	|	9904	
96	190	ok	|	0.03	1.00	1.00	0.03	0.01	0	|	rapi	0.03	0.03	0	|	72.0	0.03(72)	0.03(72)	|	9904	
96	191	ok	|	0.03	1.00	1.00	0.03	0.01	0	|	rapi	0.03	0.03	0	|	72.0	0.03(72)	0.03(72)	|	9904	
96	192	ok	|	0.04	1.00	1.00	0.04	0.01	0	|	rapi	0.04	0.04	0	|	72.0	0.04(72)	0.04(72)	|	9904	
96	193	ok	|	0.04	1.00	1.00	0.04	0.01	0	|	rapi	0.04	0.04	0	|	72.0	0.04(72)	0.04(72)	|	9904	
96	194	ok	|	0.04	1.00	1.00	0.04	0.01	0	|	rapi	0.04	0.04	0	|	72.0	0.04(72)	0.04(72)	|	9904	
96	195	ok	|	0.04	1.00	1.00	0.04	0.01	0	|	rapi	0.04	0.04	0	|	72.0	0.04(72)	0.04(72)	|	9904	
96	196	ok	|	0.04	1.00	1.00	0.04	0.01	0	|	rapi	0.04	0.04	0	|	72.0	0.04(72)	0.04(72)	|	9904	
96	197	ok	|	0.03	1.00	1.00	0.04	0.01	0	|	rapi	0.03	0.04	0	|	72.0	0.04(72)	0.04(72)	|	9904	
96	198	ok	|	0.03	1.00	1.00	0.04	0.01	0	|	rapi	0.03	0.04	0	|	72.0	0.04(72)	0.04(72)	|	9904	
96	199	ok	|	0.03	1.00	1.00	0.03	0.01	0	|	rapi	0.03	0.03	0	|	72.0	0.03(72)	0.03(72)	|	9904	
96	200	ok	|	0.03	1.00	1.00	0.03	0.01	0	|	rapi	0.03	0.03	0	|	72.0	0.03(72)	0.03(72)	|	9904	
96	201	ok	|	0.03	1.00	1.00	0.03	0.01	0	|	rapi	0.03	0.03	0	|	72.0	0.03(72)	0.03(72)	|	9904	
96	202	ok	|	0.03	1.00	1.00	0.03	0.01	0	|	rapi	0.03	0.03	0	|	72.0	0.03(72)	0.03(72)	|	9904	
96	203	ok	|	0.03	1.00	1.00	0.03	0.01	0	|	rapi	0.03	0.03	0	|	72.0	0.03(72)	0.03(72)	|	9904	
96	204	ok	|	0.03	1.00	1.00	0.03	0.01	0	|	rapi	0.03	0.03	0	|	72.0	0.03(72)	0.03(72)	|	9904	
96	205	ok	|	0.03	1.00	1.00	0.03	0.01	0	|	rapi	0.03	0.03	0	|	72.0	0.03(72)	0.03(72)	|	9904	
96	206	ok	|	0.02	1.00	1.00	0.02	0.01	0	|	rapi	0.02	0.02	0	|	72.0	0.02(72)	0.02(72)	|	9904	
96	207	ok	|	0.03	1.00	1.00	0.03	0.01	0	|	rapi	0.03	0.03	0	|	72.0	0.03(72)	0.03(72)	|	9904	
96	208	ok	|	0.03	1.00	1.00	0.03	0.01	0	|	rapi	0.03	0.03	0	|	72.0	0.03(72)	0.03(72)	|	9904	
96	209	ok	|	0.03	1.00	1.00	0.03	0.01	0	|	rapi	0.03	0.03	0	|	72.0	0.03(72)	0.03(72)	|	9904	
96	210	ok	|	0.03	1.00	1.00	0.03	0.01	0	|	rapi	0.03	0.03	0	|	72.0	0.03(72)	0.03(72)	|	9904	
96	211	ok	|	0.03	1.00	1.00	0.03	0.01	0	|	rapi	0.03	0.03	0	|	72.0	0.03(72)	0.03(72)	|	9904	
96	212	ok	|	0.03	1.00	1.00	0.03	0.01	0	|	rapi	0.03	0.03	0	|	72.0	0.03(72)	0.03(72)	|	9904	
96	213	ok	|	0.03	1.00	1.00	0.03	0.01	0	|	rapi	0.03	0.03	0	|	72.0	0.03(72)	0.03(72)	|	9904	
96	214	ok	|	0.03	1.00	1.00	0.03	0.01	0	|	rapi	0.03	0.03	0	|	72.0	0.03(72)	0.03(72)	|	9904	
96	215	ok	|	0.03	1.00	1.00	0.03	0.01	0	|	rapi	0.03	0.03	0	|	72.0	0.03(72)	0.03(72)	|	9904	
96	216	ok	|	0.03	1.00	1.00	0.03	0.01	0	|	rapi	0.03	0.03	0	|	72.0	0.03(72)	0.03(72)	|	9904	
96	217	ok	|	0.03	1.00	1.00	0.03	0.02	0	|	rapi	0.03	0.03	0	|	72.0	0.03(72)	0.03(72)	|	9904	
96	218	ok	|	0.03	1.00	1.00	0.03	0.01	0	|	rapi	0.03	0.03	0	|	72.0	0.03(72)	0.03(72)	|	9904	
96	219	ok	|	0.03	1.00	1.00	0.03	0.02	0	|	rapi	0.03	0.03	0	|	72.0	0.03(72)	0.03(72)	|	9904	
96	220	ok	|	0.03	1.00	1.00	0.03	0.02	0	|	rapi	0.03	0.03	0	|	72.0	0.03(72)	0.03(72)	|	9904	
96	221	ok	|	0.03	1.00	1.00	0.03	0.02	0	|	rapi	0.03	0.03	0	|	72.0	0.03(72)	0.03(72)	|	9904	
96	222	ok	|	0.03	1.00	1.00	0.03	0.01	0	|	rapi	0.03	0.03	0	|	72.0	0.03(72)	0.03(72)	|	9904	
96	223	ok	|	0.03	1.00	1.00	0.03	0.01	0	|	rapi	0.03	0.03	0	|	72.0	0.03(72)	0.03(72)	|	9904	
96	224	ok	|	0.03	1.00	1.00	0.03	0.01	0	|	rapi	0.03	0.03	0	|	72.0	0.03(72)	0.03(72)	|	9904	
96	225	ok	|	0.03	1.00	1.00	0.03	0.01	0	|	rapi	0.03	0.03	0	|	72.0	0.03(72)	0.03(72)	|	9904	
96	226	ok	|	0.03	1.00	1.00	0.03	0.01	0	|	rapi	0.03	0.03	0	|	72.0	0.03(72)	0.03(72)	|	9904	
96	227	ok	|	0.03	1.00	1.00	0.03	0.01	0	|	rapi	0.03	0.03	0	|	72.0	0.03(72)	0.03(72)	|	9904	
96	228	ok	|	0.03	1.00	1.00	0.03	0.01	0	|	rapi	0.03	0.03	0	|	72.0	0.03(72)	0.03(72)	|	9904	
96	229	ok	|	0.03	1.00	1.00	0.03	0.01	0	|	rapi	0.03	0.03	0	|	72.0	0.03(72)	0.03(72)	|	9904	
96	230	ok	|	0.03	1.00	1.00	0.03	0.01	0	|	rapi	0.03	0.03	0	|	72.0	0.03(72)	0.03(72)	|	9904	
96	231	ok	|	0.03	1.00	1.00	0.03	0.01	0	|	rapi	0.03	0.03	0	|	72.0	0.03(72)	0.03(72)	|	9904	
96	232	ok	|	0.02	1.00	1.00	0.02	0.01	0	|	rapi	0.02	0.02	0	|	72.0	0.02(72)	0.02(72)	|	9904	
96	233	ok	|	0.03	1.00	1.00	0.03	0.01	0	|	rapi	0.03	0.03	0	|	72.0	0.03(72)	0.03(72)	|	9904	
96	234	ok	|	0.03	1.00	1.00	0.03	0.01	0	|	rapi	0.03	0.03	0	|	72.0	0.03(72)	0.03(72)	|	9904	
96	235	ok	|	0.03	1.00	1.00	0.03	0.01	0	|	rapi	0.03	0.03	0	|	72.0	0.03(72)	0.03(72)	|	9904	
96	236	ok	|	0.03	1.00	1.00	0.03	0.01	0	|	rapi	0.03	0.03	0	|	72.0	0.03(72)	0.03(72)	|	9904	
96	237	ok	|	0.03	1.00	1.00	0.03	0.01	0	|	rapi	0.03	0.03	0	|	72.0	0.03(72)	0.03(72)	|	9904	
96	238	ok	|	0.03	1.00	1.00	0.03	0.01	0	|	rapi	0.03	0.03	0	|	72.0	0.03(72)	0.03(72)	|	9904	
96	239	ok	|	0.03	1.00	1.00	0.03	0.01	0	|	rapi	0.03	0.03	0	|	72.0	0.03(72)	0.03(72)	|	9904	
96	240	ok	|	0.03	1.00	1.00	0.03	0.01	0	|	rapi	0.03	0.03	0	|	72.0	0.03(72)	0.03(72)	|	9904	
96	241	ok	|	0.03	1.00	1.00	0.03	0.01	0	|	rapi	0.03	0.03	0	|	72.0	0.03(72)	0.03(72)	|	9904	
96	242	ok	|	0.03	1.00	1.00	0.03	0.01	0	|	rapi	0.03	0.03	0	|	72.0	0.03(72)	0.03(72)	|	9904	
96	243	ok	|	0.03	1.00	1.00	0.03	0.02	0	|	rapi	0.03	0.03	0	|	72.0	0.03(72)	0.03(72)	|	9904	
96	244	ok	|	0.03	1.00	1.00	0.03	0.01	0	|	rapi	0.03	0.03	0	|	72.0	0.03(72)	0.03(72)	|	9904	
96	245	ok	|	0.03	1.00	1.00	0.03	0.02	0	|	rapi	0.03	0.03	0	|	72.0	0.03(72)	0.03(72)	|	9904	
96	246	ok	|	0.03	1.00	1.00	0.03	0.02	0	|	rapi	0.03	0.03	0	|	72.0	0.03(72)	0.03(72)	|	9904	
96	247	ok	|	0.03	1.00	1.00	0.03	0.01	0	|	rapi	0.03	0.03	0	|	72.0	0.03(72)	0.03(72)	|	9904	
96	248	ok	|	0.03	1.00	1.00	0.03	0.01	0	|	rapi	0.03	0.03	0	|	72.0	0.03(72)	0.03(72)	|	9904	
96	249	ok	|	0.03	1.00	1.00	0.03	0.01	0	|	rapi	0.03	0.03	0	|	72.0	0.03(72)	0.03(72)	|	9904	
96	250	ok	|	0.03	1.00	1.00	0.03	0.01	0	|	rapi	0.03	0.03	0	|	72.0	0.03(72)	0.03(72)	|	9904	
96	251	ok	|	0.03	1.00	1.00	0.03	0.02	0	|	rapi	0.03	0.03	0	|	72.0	0.03(72)	0.03(72)	|	9904	
96	252	ok	|	0.03	1.00	1.00	0.03	0.02	0	|	rapi	0.03	0.03	0	|	72.0	0.03(72)	0.03(72)	|	9904	
96	253	ok	|	0.03	1.00	1.00	0.03	0.02	0	|	rapi	0.03	0.03	0	|	72.0	0.03(72)	0.03(72)	|	9904	
96	254	ok	|	0.03	1.00	1.00	0.03	0.02	0	|	rapi	0.03	0.03	0	|	72.0	0.03(72)	0.03(72)	|	9904	
96	255	ok	|	0.03	1.00	1.00	0.04	0.02	0	|	rapi	0.03	0.04	0	|	72.0	0.04(72)	0.04(72)	|	9904	
96	256	ok	|	0.03	1.00	1.00	0.03	0.02	0	|	rapi	0.03	0.03	0	|	72.0	0.03(72)	0.03(72)	|	9904	
96	257	ok	|	0.03	1.00	1.00	0.03	0.02	0	|	rapi	0.03	0.03	0	|	72.0	0.03(72)	0.03(72)	|	9904	
96	258	ok	|	0.03	1.00	1.00	0.03	0.02	0	|	rapi	0.03	0.03	0	|	72.0	0.03(72)	0.03(72)	|	9904	
96	259	ok	|	0.03	1.00	1.00	0.03	0.02	0	|	rapi	0.03	0.03	0	|	72.0	0.03(72)	0.03(72)	|	9904	
96	260	ok	|	0.03	1.00	1.00	0.03	0.02	0	|	rapi	0.03	0.03	0	|	72.0	0.03(72)	0.03(72)	|	9904	
96	261	ok	|	0.03	1.00	1.00	0.03	0.02	0	|	rapi	0.03	0.03	0	|	72.0	0.03(72)	0.03(72)	|	9904	
96	262	ok	|	0.03	1.00	1.00	0.03	0.02	0	|	rapi	0.03	0.03	0	|	72.0	0.03(72)	0.03(72)	|	9904	
96	263	ok	|	0.03	1.00	1.00	0.03	0.02	0	|	rapi	0.03	0.03	0	|	72.0	0.03(72)	0.03(72)	|	9904	
96	264	ok	|	0.03	1.00	1.00	0.04	0.02	0	|	rapi	0.03	0.04	0	|	72.0	0.04(72)	0.04(72)	|	9904	
96	265	ok	|	0.03	1.00	1.00	0.03	0.02	0	|	rapi	0.03	0.03	0	|	72.0	0.03(72)	0.03(72)	|	9904	
96	266	ok	|	0.03	1.00	1.00	0.03	0.02	0	|	rapi	0.03	0.03	0	|	72.0	0.03(72)	0.03(72)	|	9904	
96	267	ok	|	0.03	1.00	1.00	0.04	0.02	0	|	rapi	0.03	0.04	0	|	72.0	0.04(72)	0.04(72)	|	9904	
96	268	ok	|	0.03	1.00	1.00	0.03	0.01	0	|	rapi	0.03	0.03	0	|	72.0	0.03(72)	0.03(72)	|	9904	
96	269	ok	|	0.03	1.00	1.00	0.03	0.01	0	|	rapi	0.03	0.03	0	|	72.0	0.03(72)	0.03(72)	|	9904	
96	270	ok	|	0.03	1.00	1.00	0.03	0.01	0	|	rapi	0.03	0.03	0	|	72.0	0.03(72)	0.03(72)	|	9904	
96	271	ok	|	0.03	1.00	1.00	0.03	0.01	0	|	rapi	0.03	0.03	0	|	72.0	0.03(72)	0.03(72)	|	9904	
96	272	ok	|	0.03	1.00	1.00	0.03	0.02	0	|	rapi	0.03	0.03	0	|	72.0	0.03(72)	0.03(72)	|	9904	
96	273	ok	|	0.03	1.00	1.00	0.03	0.02	0	|	rapi	0.03	0.03	0	|	72.0	0.03(72)	0.03(72)	|	9904	
96	274	ok	|	0.03	1.00	1.00	0.03	0.02	0	|	rapi	0.03	0.03	0	|	72.0	0.03(72)	0.03(72)	|	9904	
96	275	ok	|	0.03	1.00	1.00	0.03	0.02	0	|	rapi	0.03	0.03	0	|	72.0	0.03(72)	0.03(72)	|	9904	
96	276	ok	|	0.03	1.00	1.00	0.03	0.02	0	|	rapi	0.03	0.03	0	|	72.0	0.03(72)	0.03(72)	|	9904	
96	277	ok	|	0.03	1.00	1.00	0.04	0.02	0	|	rapi	0.03	0.04	0	|	72.0	0.04(72)	0.04(72)	|	9904	
96	278	ok	|	0.04	1.00	1.00	0.04	0.02	0	|	rapi	0.04	0.04	0	|	72.0	0.04(72)	0.04(72)	|	9904	
96	279	ok	|	0.04	1.00	1.00	0.04	0.02	0	|	rapi	0.04	0.04	0	|	72.0	0.04(72)	0.04(72)	|	9904	
96	280	ok	|	0.04	1.00	1.00	0.04	0.02	0	|	rapi	0.04	0.04	0	|	72.0	0.04(72)	0.04(72)	|	9904	
96	281	ok	|	0.04	1.00	1.00	0.04	0.02	0	|	rapi	0.04	0.04	0	|	72.0	0.04(72)	0.04(72)	|	9904	
96	282	ok	|	0.03	1.00	1.00	0.04	0.02	0	|	rapi	0.03	0.04	0	|	72.0	0.04(72)	0.04(72)	|	9904	
96	283	ok	|	0.03	1.00	1.00	0.03	0.02	0	|	rapi	0.03	0.03	0	|	72.0	0.03(72)	0.03(72)	|	9904	
96	284	ok	|	0.03	1.00	1.00	0.03	0.02	0	|	rapi	0.03	0.03	0	|	72.0	0.03(72)	0.03(72)	|	9904	
96	285	ok	|	0.03	1.00	1.00	0.03	0.02	0	|	rapi	0.03	0.03	0	|	72.0	0.03(72)	0.03(72)	|	9904	
96	286	ok	|	0.03	1.00	1.00	0.03	0.02	0	|	rapi	0.03	0.03	0	|	72.0	0.03(72)	0.03(72)	|	9904	
96	287	ok	|	0.03	1.00	1.00	0.03	0.02	0	|	rapi	0.03	0.03	0	|	72.0	0.03(72)	0.03(72)	|	9904	
96	288	ok	|	0.03	1.00	1.00	0.03	0.02	0	|	rapi	0.03	0.03	0	|	72.0	0.03(72)	0.03(72)	|	9904	
96	289	ok	|	0.03	1.00	1.00	0.03	0.02	0	|	rapi	0.03	0.03	0	|	72.0	0.03(72)	0.03(72)	|	9904	
96	290	ok	|	0.03	1.00	1.00	0.03	0.02	0	|	rapi	0.03	0.03	0	|	72.0	0.03(72)	0.03(72)	|	9904	
96	291	ok	|	0.03	1.00	1.00	0.03	0.02	0	|	rapi	0.03	0.03	0	|	72.0	0.03(72)	0.03(72)	|	9904	
96	292	ok	|	0.03	1.00	1.00	0.03	0.02	0	|	rapi	0.03	0.03	0	|	72.0	0.03(72)	0.03(72)	|	9904	
96	293	ok	|	0.03	1.00	1.00	0.03	0.02	0	|	rapi	0.03	0.03	0	|	72.0	0.03(72)	0.03(72)	|	9904	
96	294	ok	|	0.03	1.00	1.00	0.04	0.02	0	|	rapi	0.03	0.04	0	|	72.0	0.04(72)	0.04(72)	|	9904	
96	295	ok	|	0.04	1.00	1.00	0.04	0.02	0	|	rapi	0.04	0.04	0	|	72.0	0.04(72)	0.04(72)	|	9904	
96	296	ok	|	0.04	1.00	1.00	0.04	0.02	0	|	rapi	0.04	0.04	0	|	72.0	0.04(72)	0.04(72)	|	9904	
96	297	ok	|	0.04	1.00	1.00	0.04	0.02	0	|	rapi	0.04	0.04	0	|	72.0	0.04(72)	0.04(72)	|	9904	
96	298	ok	|	0.04	1.00	1.00	0.04	0.02	0	|	rapi	0.04	0.04	0	|	72.0	0.04(72)	0.04(72)	|	9904	
96	299	ok	|	0.03	1.00	1.00	0.04	0.02	0	|	rapi	0.03	0.04	0	|	72.0	0.04(72)	0.04(72)	|	9904	
96	300	ok	|	0.04	1.00	1.00	0.04	0.02	0	|	rapi	0.04	0.04	0	|	72.0	0.04(72)	0.04(72)	|	9904	
96	301	ok	|	0.04	1.00	1.00	0.04	0.02	0	|	rapi	0.04	0.04	0	|	72.0	0.04(72)	0.04(72)	|	9904	
96	302	ok	|	0.03	1.00	1.00	0.04	0.02	0	|	rapi	0.03	0.04	0	|	72.0	0.04(72)	0.04(72)	|	9904	
96	303	ok	|	0.04	1.00	1.00	0.04	0.02	0	|	rapi	0.04	0.04	0	|	72.0	0.04(72)	0.04(72)	|	9904	
96	304	ok	|	0.03	1.00	1.00	0.03	0.02	0	|	rapi	0.03	0.03	0	|	72.0	0.03(72)	0.03(72)	|	9904	
96	305	ok	|	0.03	1.00	1.00	0.03	0.02	0	|	rapi	0.03	0.03	0	|	72.0	0.03(72)	0.03(72)	|	9904	
96	306	ok	|	0.03	1.00	1.00	0.03	0.02	0	|	rapi	0.03	0.03	0	|	72.0	0.03(72)	0.03(72)	|	9904	
96	307	ok	|	0.03	1.00	1.00	0.03	0.02	0	|	rapi	0.03	0.03	0	|	72.0	0.03(72)	0.03(72)	|	9904	
96	308	ok	|	0.03	1.00	1.00	0.03	0.02	0	|	rapi	0.03	0.03	0	|	72.0	0.03(72)	0.03(72)	|	9904	
96	309	ok	|	0.03	1.00	1.00	0.03	0.01	0	|	rapi	0.03	0.03	0	|	72.0	0.03(72)	0.03(72)	|	9904	
96	310	ok	|	0.03	1.00	1.00	0.03	0.01	0	|	rapi	0.03	0.03	0	|	72.0	0.03(72)	0.03(72)	|	9904	
96	311	ok	|	0.03	1.00	1.00	0.03	0.01	0	|	rapi	0.03	0.03	0	|	72.0	0.03(72)	0.03(72)	|	9904	
96	312	ok	|	0.03	1.00	1.00	0.03	0.01	0	|	rapi	0.03	0.03	0	|	72.0	0.03(72)	0.03(72)	|	9904	
96	313	ok	|	0.03	1.00	1.00	0.03	0.01	0	|	rapi	0.03	0.03	0	|	72.0	0.03(72)	0.03(72)	|	9904	
96	314	ok	|	0.03	1.00	1.00	0.03	0.01	0	|	rapi	0.03	0.03	0	|	72.0	0.03(72)	0.03(72)	|	9904	
96	315	ok	|	0.03	1.00	1.00	0.03	0.02	0	|	rapi	0.03	0.03	0	|	72.0	0.03(72)	0.03(72)	|	9904	
96	316	ok	|	0.03	1.00	1.00	0.03	0.01	0	|	rapi	0.03	0.03	0	|	72.0	0.03(72)	0.03(72)	|	9904	
96	317	ok	|	0.03	1.00	1.00	0.03	0.02	0	|	rapi	0.03	0.03	0	|	72.0	0.03(72)	0.03(72)	|	9904	
96	318	ok	|	0.03	1.00	1.00	0.03	0.02	0	|	rapi	0.03	0.03	0	|	72.0	0.03(72)	0.03(72)	|	9904	
96	319	ok	|	0.04	1.00	1.00	0.04	0.02	0	|	rapi	0.04	0.04	0	|	72.0	0.04(72)	0.04(72)	|	9904	
96	320	ok	|	0.04	1.00	1.00	0.04	0.02	0	|	rapi	0.04	0.04	0	|	72.0	0.04(72)	0.04(72)	|	9904	
96	321	ok	|	0.04	1.00	1.00	0.04	0.02	0	|	rapi	0.04	0.04	0	|	72.0	0.04(72)	0.04(72)	|	9904	
96	322	ok	|	0.04	1.00	1.00	0.04	0.02	0	|	rapi	0.04	0.04	0	|	72.0	0.04(72)	0.04(72)	|	9904	
96	323	ok	|	0.03	1.00	1.00	0.04	0.02	0	|	rapi	0.03	0.04	0	|	72.0	0.04(72)	0.04(72)	|	9904	
96	324	ok	|	0.03	1.00	1.00	0.04	0.02	0	|	rapi	0.03	0.04	0	|	72.0	0.04(72)	0.04(72)	|	9904	
96	325	ok	|	0.03	1.00	1.00	0.03	0.02	0	|	rapi	0.03	0.03	0	|	72.0	0.03(72)	0.03(72)	|	9904	
96	326	ok	|	0.03	1.00	1.00	0.03	0.02	0	|	rapi	0.03	0.03	0	|	72.0	0.03(72)	0.03(72)	|	9904	
96	327	ok	|	0.03	1.00	1.00	0.03	0.02	0	|	rapi	0.03	0.03	0	|	72.0	0.03(72)	0.03(72)	|	9904	
96	328	ok	|	0.04	1.00	1.00	0.04	0.02	0	|	rapi	0.04	0.04	0	|	72.0	0.04(72)	0.04(72)	|	9904	
96	329	ok	|	0.03	1.00	1.00	0.03	0.02	0	|	rapi	0.03	0.03	0	|	72.0	0.03(72)	0.03(72)	|	9904	
96	330	ok	|	0.03	1.00	1.00	0.03	0.02	0	|	rapi	0.03	0.03	0	|	72.0	0.03(72)	0.03(72)	|	9904	
96	331	ok	|	0.03	1.00	1.00	0.03	0.01	0	|	rapi	0.03	0.03	0	|	72.0	0.03(72)	0.03(72)	|	9904	
96	332	ok	|	0.03	1.00	1.00	0.03	0.01	0	|	rapi	0.03	0.03	0	|	72.0	0.03(72)	0.03(72)	|	9904	
96	333	ok	|	0.03	1.00	1.00	0.03	0.01	0	|	rapi	0.03	0.03	0	|	72.0	0.03(72)	0.03(72)	|	9904	
96	334	ok	|	0.03	1.00	1.00	0.03	0.01	0	|	rapi	0.03	0.03	0	|	72.0	0.03(72)	0.03(72)	|	9904	
96	335	ok	|	0.03	1.00	1.00	0.03	0.02	0	|	rapi	0.03	0.03	0	|	72.0	0.03(72)	0.03(72)	|	9904	
96	336	ok	|	0.04	1.00	1.00	0.04	0.02	0	|	rapi	0.04	0.04	0	|	72.0	0.04(72)	0.04(72)	|	9904	
96	337	ok	|	0.04	1.00	1.00	0.04	0.02	0	|	rapi	0.04	0.04	0	|	72.0	0.04(72)	0.04(72)	|	9904	
96	338	ok	|	0.03	1.00	1.00	0.03	0.02	0	|	rapi	0.03	0.03	0	|	72.0	0.03(72)	0.03(72)	|	9904	
96	339	ok	|	0.03	1.00	1.00	0.03	0.02	0	|	rapi	0.03	0.03	0	|	72.0	0.03(72)	0.03(72)	|	9904	
96	340	ok	|	0.03	1.00	1.00	0.03	0.02	0	|	rapi	0.03	0.03	0	|	72.0	0.03(72)	0.03(72)	|	9904	
96	341	ok	|	0.03	1.00	1.00	0.03	0.02	0	|	rapi	0.03	0.03	0	|	72.0	0.03(72)	0.03(72)	|	9904	
96	342	ok	|	0.03	1.00	1.00	0.03	0.02	0	|	rapi	0.03	0.03	0	|	72.0	0.03(72)	0.03(72)	|	9904	
96	343	ok	|	0.03	1.00	1.00	0.03	0.02	0	|	rapi	0.03	0.03	0	|	72.0	0.03(72)	0.03(72)	|	9904	
96	344	ok	|	0.04	1.00	1.00	0.04	0.02	0	|	rapi	0.04	0.04	0	|	72.0	0.04(72)	0.04(72)	|	9904	
96	345	ok	|	0.04	1.00	1.00	0.04	0.02	0	|	rapi	0.04	0.04	0	|	72.0	0.04(72)	0.04(72)	|	9904	
96	346	ok	|	0.03	1.00	1.00	0.03	0.02	0	|	rapi	0.03	0.03	0	|	72.0	0.03(72)	0.03(72)	|	9904	
96	347	ok	|	0.04	1.00	1.00	0.04	0.02	0	|	rapi	0.04	0.04	0	|	72.0	0.04(72)	0.04(72)	|	9904	
96	348	ok	|	0.03	1.00	1.00	0.03	0.02	0	|	rapi	0.03	0.03	0	|	72.0	0.03(72)	0.03(72)	|	9904	
96	349	ok	|	0.03	1.00	1.00	0.03	0.02	0	|	rapi	0.03	0.03	0	|	72.0	0.03(72)	0.03(72)	|	9904	
96	350	ok	|	0.03	1.00	1.00	0.03	0.01	0	|	rapi	0.03	0.03	0	|	72.0	0.03(72)	0.03(72)	|	9904	
96	351	ok	|	0.03	1.00	1.00	0.03	0.01	0	|	rapi	0.03	0.03	0	|	72.0	0.03(72)	0.03(72)	|	9904	
96	352	ok	|	0.03	1.00	1.00	0.03	0.01	0	|	rapi	0.03	0.03	0	|	72.0	0.03(72)	0.03(72)	|	9904	
96	353	ok	|	0.03	1.00	1.00	0.03	0.02	0	|	rapi	0.03	0.03	0	|	72.0	0.03(72)	0.03(72)	|	9904	
96	354	ok	|	0.03	1.00	1.00	0.03	0.01	0	|	rapi	0.03	0.03	0	|	72.0	0.03(72)	0.03(72)	|	9904	
96	355	ok	|	0.03	1.00	1.00	0.03	0.02	0	|	rapi	0.03	0.03	0	|	72.0	0.03(72)	0.03(72)	|	9904	
96	356	ok	|	0.03	1.00	1.00	0.03	0.01	0	|	rapi	0.03	0.03	0	|	72.0	0.03(72)	0.03(72)	|	9904	
96	357	ok	|	0.03	1.00	1.00	0.03	0.01	0	|	rapi	0.03	0.03	0	|	72.0	0.03(72)	0.03(72)	|	9904	
96	358	ok	|	0.03	1.00	1.00	0.03	0.01	0	|	rapi	0.03	0.03	0	|	72.0	0.03(72)	0.03(72)	|	9904	
96	359	ok	|	0.03	1.00	1.00	0.03	0.01	0	|	rapi	0.03	0.03	0	|	72.0	0.03(72)	0.03(72)	|	9904	
96	360	ok	|	0.03	1.00	1.00	0.03	0.01	0	|	rapi	0.03	0.03	0	|	72.0	0.03(72)	0.03(72)	|	9904	
96	361	ok	|	0.03	1.00	1.00	0.03	0.01	0	|	rapi	0.03	0.03	0	|	72.0	0.03(72)	0.03(72)	|	9904	
96	362	ok	|	0.03	1.00	1.00	0.03	0.01	0	|	rapi	0.03	0.03	0	|	72.0	0.03(72)	0.03(72)	|	9904	
96	363	ok	|	0.03	1.00	1.00	0.03	0.01	0	|	rapi	0.03	0.03	0	|	72.0	0.03(72)	0.03(72)	|	9904	
96	364	ok	|	0.03	1.00	1.00	0.03	0.01	0	|	rapi	0.03	0.03	0	|	72.0	0.03(72)	0.03(72)	|	9904	
96	365	ok	|	0.03	1.00	1.00	0.03	0.01	0	|	rapi	0.03	0.03	0	|	72.0	0.03(72)	0.03(72)	|	9904	
96	366	ok	|	0.03	1.00	1.00	0.03	0.01	0	|	rapi	0.03	0.03	0	|	72.0	0.03(72)	0.03(72)	|	9904	
96	367	ok	|	0.03	1.00	1.00	0.03	0.01	0	|	rapi	0.03	0.03	0	|	72.0	0.03(72)	0.03(72)	|	9904	
96	368	ok	|	0.03	1.00	1.00	0.03	0.01	0	|	rapi	0.03	0.03	0	|	72.0	0.03(72)	0.03(72)	|	9904	
96	369	ok	|	0.03	1.00	1.00	0.03	0.02	0	|	rapi	0.03	0.03	0	|	72.0	0.03(72)	0.03(72)	|	9904	
96	370	ok	|	0.03	1.00	1.00	0.03	0.02	0	|	rapi	0.03	0.03	0	|	72.0	0.03(72)	0.03(72)	|	9904	
96	371	ok	|	0.03	1.00	1.00	0.03	0.02	0	|	rapi	0.03	0.03	0	|	72.0	0.03(72)	0.03(72)	|	9904	
96	372	ok	|	0.04	1.00	1.00	0.04	0.02	0	|	rapi	0.04	0.04	0	|	72.0	0.04(72)	0.04(72)	|	9904	
96	373	ok	|	0.03	1.00	1.00	0.03	0.02	0	|	rapi	0.03	0.03	0	|	72.0	0.03(72)	0.03(72)	|	9904	
96	374	ok	|	0.03	1.00	1.00	0.03	0.02	0	|	rapi	0.03	0.03	0	|	72.0	0.03(72)	0.03(72)	|	9904	
96	375	ok	|	0.03	1.00	1.00	0.03	0.02	0	|	rapi	0.03	0.03	0	|	72.0	0.03(72)	0.03(72)	|	9904	
96	376	ok	|	0.03	1.00	1.00	0.03	0.02	0	|	rapi	0.03	0.03	0	|	72.0	0.03(72)	0.03(72)	|	9904	
96	377	ok	|	0.03	1.00	1.00	0.03	0.02	0	|	rapi	0.03	0.03	0	|	72.0	0.03(72)	0.03(72)	|	9904	
96	378	ok	|	0.04	1.00	1.00	0.04	0.02	0	|	rapi	0.04	0.04	0	|	72.0	0.04(72)	0.04(72)	|	9904	
96	379	ok	|	0.04	1.00	1.00	0.04	0.02	0	|	rapi	0.04	0.04	0	|	72.0	0.04(72)	0.04(72)	|	9904	
96	380	ok	|	0.04	1.00	1.00	0.04	0.02	0	|	rapi	0.04	0.04	0	|	72.0	0.04(72)	0.04(72)	|	9904	
96	381	ok	|	0.04	1.00	1.00	0.04	0.02	0	|	rapi	0.04	0.04	0	|	72.0	0.04(72)	0.04(72)	|	9904	
96	382	ok	|	0.04	1.00	1.00	0.04	0.02	0	|	rapi	0.04	0.04	0	|	72.0	0.04(72)	0.04(72)	|	9904	
96	383	ok	|	0.04	1.00	1.00	0.04	0.02	0	|	rapi	0.04	0.04	0	|	72.0	0.04(72)	0.04(72)	|	9904	
96	384	ok	|	0.04	1.00	1.00	0.04	0.02	0	|	rapi	0.04	0.04	0	|	72.0	0.04(72)	0.04(72)	|	9904	
96	385	ok	|	0.04	1.00	1.00	0.04	0.02	0	|	rapi	0.04	0.04	0	|	72.0	0.04(72)	0.04(72)	|	9904	
96	386	ok	|	0.04	1.00	1.00	0.04	0.02	0	|	rapi	0.04	0.04	0	|	72.0	0.04(72)	0.04(72)	|	9904	
96	387	ok	|	0.04	1.00	1.00	0.04	0.02	0	|	rapi	0.04	0.04	0	|	72.0	0.04(72)	0.04(72)	|	9904	
96	388	ok	|	0.03	1.00	1.00	0.03	0.02	0	|	rapi	0.03	0.03	0	|	72.0	0.03(72)	0.03(72)	|	9904	
96	389	ok	|	0.03	1.00	1.00	0.03	0.02	0	|	rapi	0.03	0.03	0	|	72.0	0.03(72)	0.03(72)	|	9904	
96	390	ok	|	0.03	1.00	1.00	0.03	0.01	0	|	rapi	0.03	0.03	0	|	72.0	0.03(72)	0.03(72)	|	9904	
96	391	ok	|	0.03	1.00	1.00	0.03	0.01	0	|	rapi	0.03	0.03	0	|	72.0	0.03(72)	0.03(72)	|	9904	
96	392	ok	|	0.03	1.00	1.00	0.03	0.01	0	|	rapi	0.03	0.03	0	|	72.0	0.03(72)	0.03(72)	|	9904	
96	393	ok	|	0.02	1.00	1.00	0.02	0.01	0	|	rapi	0.02	0.02	0	|	72.0	0.02(72)	0.02(72)	|	9904	
96	394	ok	|	0.02	1.00	1.00	0.02	0.01	0	|	rapi	0.02	0.02	0	|	72.0	0.02(72)	0.02(72)	|	9904	
96	395	ok	|	0.02	1.00	1.00	0.02	0.01	0	|	rapi	0.02	0.02	0	|	72.0	0.02(72)	0.02(72)	|	9904	
96	396	ok	|	0.02	1.00	1.00	0.02	0.01	0	|	rapi	0.02	0.02	0	|	72.0	0.02(72)	0.02(72)	|	9904	
96	397	ok	|	0.02	1.00	1.00	0.02	0.01	0	|	rapi	0.02	0.02	0	|	72.0	0.02(72)	0.02(72)	|	9904	
96	398	ok	|	0.02	1.00	1.00	0.02	0.01	0	|	rapi	0.02	0.02	0	|	72.0	0.02(72)	0.02(72)	|	9904	
96	399	ok	|	0.01	1.00	1.00	0.02	0.01	0	|	rapi	0.01	0.02	0	|	72.0	0.02(72)	0.02(72)	|	9904	
96	400	ok	|	0.02	1.00	1.00	0.02	0.01	0	|	rapi	0.02	0.02	0	|	72.0	0.02(72)	0.02(72)	|	9904	
96	401	ok	|	0.02	1.00	1.00	0.02	0.01	0	|	rapi	0.02	0.02	0	|	72.0	0.02(72)	0.02(72)	|	9904	
96	402	ok	|	0.02	1.00	1.00	0.02	0.01	0	|	rapi	0.02	0.02	0	|	72.0	0.02(72)	0.02(72)	|	9904	
96	403	ok	|	0.02	1.00	1.00	0.02	0.01	0	|	rapi	0.02	0.02	0	|	72.0	0.02(72)	0.02(72)	|	9904	
96	404	ok	|	0.02	1.00	1.00	0.02	0.01	0	|	rapi	0.02	0.02	0	|	72.0	0.02(72)	0.02(72)	|	9904	
96	405	ok	|	0.02	1.00	1.00	0.02	0.01	0	|	rapi	0.02	0.02	0	|	72.0	0.02(72)	0.02(72)	|	9904	
96	406	ok	|	0.02	1.00	1.00	0.02	0.01	0	|	rapi	0.02	0.02	0	|	72.0	0.02(72)	0.02(72)	|	9904	
96	407	ok	|	0.02	1.00	1.00	0.02	0.01	0	|	rapi	0.02	0.02	0	|	72.0	0.02(72)	0.02(72)	|	9904	
96	408	ok	|	0.01	1.00	1.00	0.01	0.01	0	|	rapi	0.01	0.01	0	|	72.0	0.01(72)	0.01(72)	|	9904	
96	409	ok	|	0.01	1.00	1.00	0.01	0.01	0	|	rapi	0.01	0.01	0	|	72.0	0.01(72)	0.01(72)	|	9904	
96	410	ok	|	0.01	1.00	1.00	0.01	0.01	0	|	rapi	0.01	0.01	0	|	72.0	0.01(72)	0.01(72)	|	9904	
96	411	ok	|	0.01	1.00	1.00	0.01	0.01	0	|	rapi	0.01	0.01	0	|	72.0	0.01(72)	0.01(72)	|	9904	
96	412	ok	|	0.01	1.00	1.00	0.01	0.01	0	|	rapi	0.01	0.01	0	|	72.0	0.01(72)	0.01(72)	|	9904	
96	413	ok	|	0.01	1.00	1.00	0.01	0.01	0	|	rapi	0.01	0.01	0	|	72.0	0.01(72)	0.01(72)	|	9904	
96	414	ok	|	0.01	1.00	1.00	0.01	0.01	0	|	rapi	0.01	0.01	0	|	72.0	0.01(72)	0.01(72)	|	9904	
96	415	ok	|	0.02	1.00	1.00	0.02	0.01	0	|	rapi	0.02	0.02	0	|	72.0	0.02(72)	0.02(72)	|	9904	
96	416	ok	|	0.02	1.00	1.00	0.02	0.01	0	|	rapi	0.02	0.02	0	|	72.0	0.02(72)	0.02(72)	|	9904	
96	417	ok	|	0.01	1.00	1.00	0.01	0.01	0	|	rapi	0.01	0.01	0	|	72.0	0.01(72)	0.01(72)	|	9904	
96	418	ok	|	0.02	1.00	1.00	0.02	0.01	0	|	rapi	0.02	0.02	0	|	72.0	0.02(72)	0.02(72)	|	9904	
96	419	ok	|	0.02	1.00	1.00	0.02	0.01	0	|	rapi	0.02	0.02	0	|	72.0	0.02(72)	0.02(72)	|	9904	
96	420	ok	|	0.01	1.00	1.00	0.01	0.01	0	|	rapi	0.01	0.01	0	|	72.0	0.01(72)	0.01(72)	|	9904	
96	421	ok	|	0.02	1.00	1.00	0.02	0.01	0	|	rapi	0.02	0.02	0	|	72.0	0.02(72)	0.02(72)	|	9904	
96	422	ok	|	0.02	1.00	1.00	0.02	0.01	0	|	rapi	0.02	0.02	0	|	72.0	0.02(72)	0.02(72)	|	9904	
96	423	ok	|	0.02	1.00	1.00	0.02	0.01	0	|	rapi	0.02	0.02	0	|	72.0	0.02(72)	0.02(72)	|	9904	
96	424	ok	|	0.02	1.00	1.00	0.02	0.01	0	|	rapi	0.02	0.02	0	|	72.0	0.02(72)	0.02(72)	|	9904	
96	425	ok	|	0.02	1.00	1.00	0.02	0.01	0	|	rapi	0.02	0.02	0	|	72.0	0.02(72)	0.02(72)	|	9904	
96	426	ok	|	0.02	1.00	1.00	0.02	0.01	0	|	rapi	0.02	0.02	0	|	72.0	0.02(72)	0.02(72)	|	9904	
96	427	ok	|	0.02	1.00	1.00	0.02	0.01	0	|	rapi	0.02	0.02	0	|	72.0	0.02(72)	0.02(72)	|	9904	
96	428	ok	|	0.02	1.00	1.00	0.02	0.01	0	|	rapi	0.02	0.02	0	|	72.0	0.02(72)	0.02(72)	|	9904	
96	429	ok	|	0.02	1.00	1.00	0.02	0.01	0	|	rapi	0.02	0.02	0	|	72.0	0.02(72)	0.02(72)	|	9904	
96	430	ok	|	0.02	1.00	1.00	0.02	0.01	0	|	rapi	0.02	0.02	0	|	72.0	0.02(72)	0.02(72)	|	9904	
96	431	ok	|	0.02	1.00	1.00	0.02	0.01	0	|	rapi	0.02	0.02	0	|	72.0	0.02(72)	0.02(72)	|	9904	
96	432	ok	|	0.02	1.00	1.00	0.02	0.01	0	|	rapi	0.02	0.02	0	|	72.0	0.02(72)	0.02(72)	|	9904	
96	433	ok	|	0.02	1.00	1.00	0.02	0.01	0	|	rapi	0.02	0.02	0	|	72.0	0.02(72)	0.02(72)	|	9904	
96	434	ok	|	0.02	1.00	1.00	0.02	0.01	0	|	rapi	0.02	0.02	0	|	72.0	0.02(72)	0.02(72)	|	9904	
96	435	ok	|	0.02	1.00	1.00	0.02	0.01	0	|	rapi	0.02	0.02	0	|	72.0	0.02(72)	0.02(72)	|	9904	
96	436	ok	|	0.02	1.00	1.00	0.02	0.01	0	|	rapi	0.02	0.02	0	|	72.0	0.02(72)	0.02(72)	|	9904	
96	437	ok	|	0.02	1.00	1.00	0.02	0.01	0	|	rapi	0.02	0.02	0	|	72.0	0.02(72)	0.02(72)	|	9904	
96	438	ok	|	0.02	1.00	1.00	0.02	0.01	0	|	rapi	0.02	0.02	0	|	72.0	0.02(72)	0.02(72)	|	9904	
96	439	ok	|	0.02	1.00	1.00	0.02	0.01	0	|	rapi	0.02	0.02	0	|	72.0	0.02(72)	0.02(72)	|	9904	
96	440	ok	|	0.02	1.00	1.00	0.02	0.01	0	|	rapi	0.02	0.02	0	|	72.0	0.02(72)	0.02(72)	|	9904	
96	441	ok	|	0.02	1.00	1.00	0.02	0.01	0	|	rapi	0.02	0.02	0	|	72.0	0.02(72)	0.02(72)	|	9904	
96	442	ok	|	0.02	1.00	1.00	0.02	0.01	0	|	rapi	0.02	0.02	0	|	72.0	0.02(72)	0.02(72)	|	9904	
96	443	ok	|	0.02	1.00	1.00	0.02	0.01	0	|	rapi	0.02	0.02	0	|	72.0	0.02(72)	0.02(72)	|	9904	
96	444	ok	|	0.02	1.00	1.00	0.02	0.01	0	|	rapi	0.02	0.02	0	|	72.0	0.02(72)	0.02(72)	|	9904	
96	445	ok	|	0.02	1.00	1.00	0.02	0.01	0	|	rapi	0.02	0.02	0	|	72.0	0.02(72)	0.02(72)	|	9904	
96	446	ok	|	0.03	1.00	1.00	0.03	0.01	0	|	rapi	0.03	0.03	0	|	72.0	0.03(72)	0.03(72)	|	9904	
96	447	ok	|	0.02	1.00	1.00	0.02	0.01	0	|	rapi	0.02	0.02	0	|	72.0	0.02(72)	0.02(72)	|	9904	
96	448	ok	|	0.03	1.00	1.00	0.03	0.01	0	|	rapi	0.03	0.03	0	|	72.0	0.03(72)	0.03(72)	|	9904	
96	449	ok	|	0.03	1.00	1.00	0.03	0.01	0	|	rapi	0.03	0.03	0	|	72.0	0.03(72)	0.03(72)	|	9904	
96	450	ok	|	0.03	1.00	1.00	0.03	0.01	0	|	rapi	0.03	0.03	0	|	72.0	0.03(72)	0.03(72)	|	9904	
96	451	ok	|	0.03	1.00	1.00	0.03	0.01	0	|	rapi	0.03	0.03	0	|	72.0	0.03(72)	0.03(72)	|	9904	
96	452	ok	|	0.03	1.00	1.00	0.03	0.01	0	|	rapi	0.03	0.03	0	|	72.0	0.03(72)	0.03(72)	|	9904	
96	453	ok	|	0.03	1.00	1.00	0.03	0.01	0	|	rapi	0.03	0.03	0	|	72.0	0.03(72)	0.03(72)	|	9904	
96	454	ok	|	0.03	1.00	1.00	0.03	0.01	0	|	rapi	0.03	0.03	0	|	72.0	0.03(72)	0.03(72)	|	9904	
96	455	ok	|	0.03	1.00	1.00	0.03	0.01	0	|	rapi	0.03	0.03	0	|	72.0	0.03(72)	0.03(72)	|	9904	
96	456	ok	|	0.02	1.00	1.00	0.02	0.01	0	|	rapi	0.02	0.02	0	|	72.0	0.02(72)	0.02(72)	|	9904	
96	457	ok	|	0.02	1.00	1.00	0.02	0.01	0	|	rapi	0.02	0.02	0	|	72.0	0.02(72)	0.02(72)	|	9904	
96	458	ok	|	0.02	1.00	1.00	0.02	0.01	0	|	rapi	0.02	0.02	0	|	72.0	0.02(72)	0.02(72)	|	9904	
96	459	ok	|	0.02	1.00	1.00	0.02	0.01	0	|	rapi	0.02	0.02	0	|	72.0	0.02(72)	0.02(72)	|	9904	
96	460	ok	|	0.02	1.00	1.00	0.03	0.01	0	|	rapi	0.02	0.03	0	|	72.0	0.03(72)	0.03(72)	|	9904	
96	461	ok	|	0.02	1.00	1.00	0.02	0.01	0	|	rapi	0.02	0.02	0	|	72.0	0.02(72)	0.02(72)	|	9904	
96	462	ok	|	0.03	1.00	1.00	0.03	0.01	0	|	rapi	0.03	0.03	0	|	72.0	0.03(72)	0.03(72)	|	9904	
96	463	ok	|	0.03	1.00	1.00	0.03	0.01	0	|	rapi	0.03	0.03	0	|	72.0	0.03(72)	0.03(72)	|	9904	
96	464	ok	|	0.03	1.00	1.00	0.03	0.01	0	|	rapi	0.03	0.03	0	|	72.0	0.03(72)	0.03(72)	|	9904	
96	465	ok	|	0.03	1.00	1.00	0.03	0.01	0	|	rapi	0.03	0.03	0	|	72.0	0.03(72)	0.03(72)	|	9904	
96	466	ok	|	0.03	1.00	1.00	0.03	0.01	0	|	rapi	0.03	0.03	0	|	72.0	0.03(72)	0.03(72)	|	9904	
96	467	ok	|	0.03	1.00	1.00	0.03	0.01	0	|	rapi	0.03	0.03	0	|	72.0	0.03(72)	0.03(72)	|	9904	
96	468	ok	|	0.03	1.00	1.00	0.03	0.01	0	|	rapi	0.03	0.03	0	|	72.0	0.03(72)	0.03(72)	|	9904	
96	469	ok	|	0.03	1.00	1.00	0.03	0.01	0	|	rapi	0.03	0.03	0	|	72.0	0.03(72)	0.03(72)	|	9904	
96	470	ok	|	0.03	1.00	1.00	0.03	0.01	0	|	rapi	0.03	0.03	0	|	72.0	0.03(72)	0.03(72)	|	9904	
96	471	ok	|	0.03	1.00	1.00	0.03	0.01	0	|	rapi	0.03	0.03	0	|	72.0	0.03(72)	0.03(72)	|	9904	
96	472	ok	|	0.03	1.00	1.00	0.03	0.01	0	|	rapi	0.03	0.03	0	|	72.0	0.03(72)	0.03(72)	|	9904	
96	473	ok	|	0.03	1.00	1.00	0.03	0.01	0	|	rapi	0.03	0.03	0	|	72.0	0.03(72)	0.03(72)	|	9904	
96	474	ok	|	0.03	1.00	1.00	0.03	0.01	0	|	rapi	0.03	0.03	0	|	72.0	0.03(72)	0.03(72)	|	9904	
96	475	ok	|	0.03	1.00	1.00	0.03	0.02	0	|	rapi	0.03	0.03	0	|	72.0	0.03(72)	0.03(72)	|	9904	
96	476	ok	|	0.03	1.00	1.00	0.03	0.01	0	|	rapi	0.03	0.03	0	|	72.0	0.03(72)	0.03(72)	|	9904	
96	477	ok	|	0.03	1.00	1.00	0.03	0.01	0	|	rapi	0.03	0.03	0	|	72.0	0.03(72)	0.03(72)	|	9904	
96	478	ok	|	0.03	1.00	1.00	0.03	0.02	0	|	rapi	0.03	0.03	0	|	72.0	0.03(72)	0.03(72)	|	9904	
96	479	ok	|	0.03	1.00	1.00	0.03	0.02	0	|	rapi	0.03	0.03	0	|	72.0	0.03(72)	0.03(72)	|	9904	
96	480	ok	|	0.03	1.00	1.00	0.03	0.02	0	|	rapi	0.03	0.03	0	|	72.0	0.03(72)	0.03(72)	|	9904	
96	481	ok	|	0.03	1.00	1.00	0.03	0.02	0	|	rapi	0.03	0.03	0	|	72.0	0.03(72)	0.03(72)	|	9904	
96	482	ok	|	0.03	1.00	1.00	0.03	0.02	0	|	rapi	0.03	0.03	0	|	72.0	0.03(72)	0.03(72)	|	9904	
96	483	ok	|	0.03	1.00	1.00	0.03	0.01	0	|	rapi	0.03	0.03	0	|	72.0	0.03(72)	0.03(72)	|	9904	
96	484	ok	|	0.03	1.00	1.00	0.03	0.02	0	|	rapi	0.03	0.03	0	|	72.0	0.03(72)	0.03(72)	|	9904	
96	485	ok	|	0.03	1.00	1.00	0.03	0.02	0	|	rapi	0.03	0.03	0	|	72.0	0.03(72)	0.03(72)	|	9904	
96	486	ok	|	0.03	1.00	1.00	0.03	0.01	0	|	rapi	0.03	0.03	0	|	72.0	0.03(72)	0.03(72)	|	9904	
96	487	ok	|	0.03	1.00	1.00	0.03	0.01	0	|	rapi	0.03	0.03	0	|	72.0	0.03(72)	0.03(72)	|	9904	
96	488	ok	|	0.03	1.00	1.00	0.03	0.01	0	|	rapi	0.03	0.03	0	|	72.0	0.03(72)	0.03(72)	|	9904	
96	489	ok	|	0.03	1.00	1.00	0.03	0.02	0	|	rapi	0.03	0.03	0	|	72.0	0.03(72)	0.03(72)	|	9904	
96	490	ok	|	0.03	1.00	1.00	0.03	0.02	0	|	rapi	0.03	0.03	0	|	72.0	0.03(72)	0.03(72)	|	9904	
96	491	ok	|	0.03	1.00	1.00	0.03	0.02	0	|	rapi	0.03	0.03	0	|	72.0	0.03(72)	0.03(72)	|	9904	
96	492	ok	|	0.03	1.00	1.00	0.03	0.01	0	|	rapi	0.03	0.03	0	|	72.0	0.03(72)	0.03(72)	|	9904	
96	493	ok	|	0.03	1.00	1.00	0.03	0.02	0	|	rapi	0.03	0.03	0	|	72.0	0.03(72)	0.03(72)	|	9904	
96	494	ok	|	0.03	1.00	1.00	0.03	0.02	0	|	rapi	0.03	0.03	0	|	72.0	0.03(72)	0.03(72)	|	9904	
96	495	ok	|	0.03	1.00	1.00	0.03	0.01	0	|	rapi	0.03	0.03	0	|	72.0	0.03(72)	0.03(72)	|	9904	
96	496	ok	|	0.03	1.00	1.00	0.03	0.01	0	|	rapi	0.03	0.03	0	|	72.0	0.03(72)	0.03(72)	|	9904	
96	497	ok	|	0.03	1.00	1.00	0.03	0.01	0	|	rapi	0.03	0.03	0	|	72.0	0.03(72)	0.03(72)	|	9904	
96	498	ok	|	0.03	1.00	1.00	0.03	0.01	0	|	rapi	0.03	0.03	0	|	72.0	0.03(72)	0.03(72)	|	9904	
96	499	ok	|	0.02	1.00	1.00	0.02	0.01	0	|	rapi	0.02	0.02	0	|	72.0	0.02(72)	0.02(72)	|	9904	
96	500	ok	|	0.02	1.00	1.00	0.02	0.01	0	|	rapi	0.02	0.02	0	|	72.0	0.02(72)	0.02(72)	|	9904	
96	501	ok	|	0.03	1.00	1.00	0.03	0.01	0	|	rapi	0.03	0.03	0	|	72.0	0.03(72)	0.03(72)	|	9904	
96	502	ok	|	0.02	1.00	1.00	0.02	0.01	0	|	rapi	0.02	0.02	0	|	72.0	0.02(72)	0.02(72)	|	9904	
96	503	ok	|	0.02	1.00	1.00	0.02	0.01	0	|	rapi	0.02	0.02	0	|	72.0	0.02(72)	0.02(72)	|	9904	
96	504	ok	|	0.02	1.00	1.00	0.02	0.01	0	|	rapi	0.02	0.02	0	|	72.0	0.02(72)	0.02(72)	|	9904	
96	505	ok	|	0.02	1.00	1.00	0.02	0.01	0	|	rapi	0.02	0.02	0	|	72.0	0.02(72)	0.02(72)	|	9904	
96	506	ok	|	0.02	1.00	1.00	0.02	0.01	0	|	rapi	0.02	0.02	0	|	72.0	0.02(72)	0.02(72)	|	9904	
96	507	ok	|	0.02	1.00	1.00	0.02	0.01	0	|	rapi	0.02	0.02	0	|	72.0	0.02(72)	0.02(72)	|	9904	
96	508	ok	|	0.02	1.00	1.00	0.02	0.01	0	|	rapi	0.02	0.02	0	|	72.0	0.02(72)	0.02(72)	|	9904	
96	509	ok	|	0.02	1.00	1.00	0.02	0.01	0	|	rapi	0.02	0.02	0	|	72.0	0.02(72)	0.02(72)	|	9904	
96	510	ok	|	0.02	1.00	1.00	0.02	0.01	0	|	rapi	0.02	0.02	0	|	72.0	0.02(72)	0.02(72)	|	9904	
96	511	ok	|	0.02	1.00	1.00	0.02	0.01	0	|	rapi	0.02	0.02	0	|	72.0	0.02(72)	0.02(72)	|	9904	
96	512	ok	|	0.02	1.00	1.00	0.02	0.01	0	|	rapi	0.02	0.02	0	|	72.0	0.02(72)	0.02(72)	|	9904	
96	513	ok	|	0.02	1.00	1.00	0.02	0.01	0	|	rapi	0.02	0.02	0	|	72.0	0.02(72)	0.02(72)	|	9904	
96	514	ok	|	0.02	1.00	1.00	0.02	0.01	0	|	rapi	0.02	0.02	0	|	72.0	0.02(72)	0.02(72)	|	9904	
96	515	ok	|	0.02	1.00	1.00	0.02	0.01	0	|	rapi	0.02	0.02	0	|	72.0	0.02(72)	0.02(72)	|	9904	
96	516	ok	|	0.02	1.00	1.00	0.02	0.01	0	|	rapi	0.02	0.02	0	|	72.0	0.02(72)	0.02(72)	|	9904	
96	517	ok	|	0.02	1.00	1.00	0.02	0.01	0	|	rapi	0.02	0.02	0	|	72.0	0.02(72)	0.02(72)	|	9904	
96	518	ok	|	0.02	1.00	1.00	0.02	0.01	0	|	rapi	0.02	0.02	0	|	72.0	0.02(72)	0.02(72)	|	9904	
96	519	ok	|	0.02	1.00	1.00	0.02	0.01	0	|	rapi	0.02	0.02	0	|	72.0	0.02(72)	0.02(72)	|	9904	
96	520	ok	|	0.02	1.00	1.00	0.02	0.01	0	|	rapi	0.02	0.02	0	|	72.0	0.02(72)	0.02(72)	|	9904	
96	521	ok	|	0.02	1.00	1.00	0.02	0.01	0	|	rapi	0.02	0.02	0	|	72.0	0.02(72)	0.02(72)	|	9904	
96	522	ok	|	0.02	1.00	1.00	0.02	0.01	0	|	rapi	0.02	0.02	0	|	72.0	0.02(72)	0.02(72)	|	9904	
96	523	ok	|	0.02	1.00	1.00	0.02	0.01	0	|	rapi	0.02	0.02	0	|	72.0	0.02(72)	0.02(72)	|	9904	
96	524	ok	|	0.02	1.00	1.00	0.02	0.01	0	|	rapi	0.02	0.02	0	|	72.0	0.02(72)	0.02(72)	|	9904	
96	525	ok	|	0.02	1.00	1.00	0.02	0.01	0	|	rapi	0.02	0.02	0	|	72.0	0.02(72)	0.02(72)	|	9904	
96	526	ok	|	0.02	1.00	1.00	0.02	0.01	0	|	rapi	0.02	0.02	0	|	72.0	0.02(72)	0.02(72)	|	9904	
96	527	ok	|	0.02	1.00	1.00	0.02	0.01	0	|	rapi	0.02	0.02	0	|	72.0	0.02(72)	0.02(72)	|	9904	
96	528	ok	|	0.02	1.00	1.00	0.02	0.01	0	|	rapi	0.02	0.02	0	|	72.0	0.02(72)	0.02(72)	|	9904	
96	529	ok	|	0.02	1.00	1.00	0.02	0.01	0	|	rapi	0.02	0.02	0	|	72.0	0.02(72)	0.02(72)	|	9904	
96	530	ok	|	0.02	1.00	1.00	0.02	0.01	0	|	rapi	0.02	0.02	0	|	72.0	0.02(72)	0.02(72)	|	9904	
96	531	ok	|	0.02	1.00	1.00	0.02	0.01	0	|	rapi	0.02	0.02	0	|	72.0	0.02(72)	0.02(72)	|	9904	
96	532	ok	|	0.02	1.00	1.00	0.02	0.01	0	|	rapi	0.02	0.02	0	|	72.0	0.02(72)	0.02(72)	|	9904	
96	533	ok	|	0.02	1.00	1.00	0.02	0.01	0	|	rapi	0.02	0.02	0	|	72.0	0.02(72)	0.02(72)	|	9904	
96	534	ok	|	0.03	1.00	1.00	0.03	0.01	0	|	rapi	0.03	0.03	0	|	72.0	0.03(72)	0.03(72)	|	9904	
96	535	ok	|	0.03	1.00	1.00	0.03	0.01	0	|	rapi	0.03	0.03	0	|	72.0	0.03(72)	0.03(72)	|	9904	
96	536	ok	|	0.03	1.00	1.00	0.03	0.01	0	|	rapi	0.03	0.03	0	|	72.0	0.03(72)	0.03(72)	|	9904	
96	537	ok	|	0.03	1.00	1.00	0.03	0.01	0	|	rapi	0.03	0.03	0	|	72.0	0.03(72)	0.03(72)	|	9904	
96	538	ok	|	0.03	1.00	1.00	0.03	0.01	0	|	rapi	0.03	0.03	0	|	72.0	0.03(72)	0.03(72)	|	9904	
96	539	ok	|	0.02	1.00	1.00	0.02	0.01	0	|	rapi	0.02	0.02	0	|	72.0	0.02(72)	0.02(72)	|	9904	
96	540	ok	|	0.02	1.00	1.00	0.02	0.01	0	|	rapi	0.02	0.02	0	|	72.0	0.02(72)	0.02(72)	|	9904	
96	541	ok	|	0.02	1.00	1.00	0.02	0.01	0	|	rapi	0.02	0.02	0	|	72.0	0.02(72)	0.02(72)	|	9904	
96	542	ok	|	0.02	1.00	1.00	0.02	0.01	0	|	rapi	0.02	0.02	0	|	72.0	0.02(72)	0.02(72)	|	9904	
96	543	ok	|	0.02	1.00	1.00	0.02	0.01	0	|	rapi	0.02	0.02	0	|	72.0	0.02(72)	0.02(72)	|	9904	
96	544	ok	|	0.02	1.00	1.00	0.02	0.01	0	|	rapi	0.02	0.02	0	|	72.0	0.02(72)	0.02(72)	|	9904	
96	545	ok	|	0.02	1.00	1.00	0.02	0.01	0	|	rapi	0.02	0.02	0	|	72.0	0.02(72)	0.02(72)	|	9904	
96	546	ok	|	0.02	1.00	1.00	0.02	0.01	0	|	rapi	0.02	0.02	0	|	72.0	0.02(72)	0.02(72)	|	9904	
96	547	ok	|	0.02	1.00	1.00	0.02	0.01	0	|	rapi	0.02	0.02	0	|	72.0	0.02(72)	0.02(72)	|	9904	
96	548	ok	|	0.02	1.00	1.00	0.02	0.01	0	|	rapi	0.02	0.02	0	|	72.0	0.02(72)	0.02(72)	|	9904	
96	549	ok	|	0.02	1.00	1.00	0.02	0.01	0	|	rapi	0.02	0.02	0	|	72.0	0.02(72)	0.02(72)	|	9904	
96	550	ok	|	0.02	1.00	1.00	0.02	0.01	0	|	rapi	0.02	0.02	0	|	72.0	0.02(72)	0.02(72)	|	9904	
96	551	ok	|	0.02	1.00	1.00	0.02	0.01	0	|	rapi	0.02	0.02	0	|	72.0	0.02(72)	0.02(72)	|	9904	
96	552	ok	|	0.02	1.00	1.00	0.02	0.01	0	|	rapi	0.02	0.02	0	|	72.0	0.02(72)	0.02(72)	|	9904	
96	553	ok	|	0.02	1.00	1.00	0.02	0.01	0	|	rapi	0.02	0.02	0	|	72.0	0.02(72)	0.02(72)	|	9904	
96	554	ok	|	0.02	1.00	1.00	0.02	0.01	0	|	rapi	0.02	0.02	0	|	72.0	0.02(72)	0.02(72)	|	9904	
96	555	ok	|	0.01	1.00	1.00	0.01	0.01	0	|	rapi	0.01	0.01	0	|	72.0	0.01(72)	0.01(72)	|	9904	
96	556	ok	|	0.02	1.00	1.00	0.02	0.01	0	|	rapi	0.02	0.02	0	|	72.0	0.02(72)	0.02(72)	|	9904	
96	557	ok	|	0.01	1.00	1.00	0.01	0.01	0	|	rapi	0.01	0.01	0	|	72.0	0.01(72)	0.01(72)	|	9904	
96	558	ok	|	0.01	1.00	1.00	0.01	0.01	0	|	rapi	0.01	0.01	0	|	72.0	0.01(72)	0.01(72)	|	9904	
96	559	ok	|	0.01	1.00	1.00	0.01	0.01	0	|	rapi	0.01	0.01	0	|	72.0	0.01(72)	0.01(72)	|	9904	
96	560	ok	|	0.01	1.00	1.00	0.01	0.01	0	|	rapi	0.01	0.01	0	|	72.0	0.01(72)	0.01(72)	|	9904	
96	561	ok	|	0.01	1.00	1.00	0.01	0.01	0	|	rapi	0.01	0.01	0	|	72.0	0.01(72)	0.01(72)	|	9904	
96	562	ok	|	0.01	1.00	1.00	0.01	0.01	0	|	rapi	0.01	0.01	0	|	72.0	0.01(72)	0.01(72)	|	9904	
96	563	ok	|	0.01	1.00	1.00	0.01	0.01	0	|	rapi	0.01	0.01	0	|	72.0	0.01(72)	0.01(72)	|	9904	
96	564	ok	|	0.01	1.00	1.00	0.01	0.01	0	|	rapi	0.01	0.01	0	|	72.0	0.01(72)	0.01(72)	|	9904	
96	565	ok	|	0.01	1.00	1.00	0.01	0.01	0	|	rapi	0.01	0.01	0	|	72.0	0.01(72)	0.01(72)	|	9904	
96	566	ok	|	0.01	1.00	1.00	0.01	0.01	0	|	rapi	0.01	0.01	0	|	72.0	0.01(72)	0.01(72)	|	9904	
96	567	ok	|	0.01	1.00	1.00	0.01	0.01	0	|	rapi	0.01	0.01	0	|	72.0	0.01(72)	0.01(72)	|	9904	
96	568	ok	|	0.01	1.00	1.00	0.01	0.01	0	|	rapi	0.01	0.01	0	|	72.0	0.01(72)	0.01(72)	|	9904	
96	569	ok	|	0.01	1.00	1.00	0.01	0.01	0	|	rapi	0.01	0.01	0	|	72.0	0.01(72)	0.01(72)	|	9904	
96	570	ok	|	0.01	1.00	1.00	0.01	0.01	0	|	rapi	0.01	0.01	0	|	72.0	0.01(72)	0.01(72)	|	9904	
96	571	ok	|	0.01	1.00	1.00	0.01	0.01	0	|	rapi	0.01	0.01	0	|	72.0	0.01(72)	0.01(72)	|	9904	
96	572	ok	|	0.01	1.00	1.00	0.01	0.01	0	|	rapi	0.01	0.01	0	|	72.0	0.01(72)	0.01(72)	|	9904	
96	573	ok	|	0.01	1.00	1.00	0.01	0.00	0	|	rapi	0.01	0.01	0	|	72.0	0.01(72)	0.01(72)	|	9904	
96	574	ok	|	0.01	1.00	1.00	0.01	0.00	0	|	rapi	0.01	0.01	0	|	72.0	0.01(72)	0.01(72)	|	9904	
96	575	ok	|	0.01	1.00	1.00	0.01	0.00	0	|	rapi	0.01	0.01	0	|	72.0	0.01(72)	0.01(72)	|	9904	
96	576	ok	|	0.01	1.00	1.00	0.01	0.00	0	|	rapi	0.01	0.01	0	|	72.0	0.01(72)	0.01(72)	|	9904	
96	577	ok	|	0.01	1.00	1.00	0.01	0.00	0	|	rapi	0.01	0.01	0	|	72.0	0.01(72)	0.01(72)	|	9904	
96	578	ok	|	0.01	1.00	1.00	0.01	0.01	0	|	rapi	0.01	0.01	0	|	72.0	0.01(72)	0.01(72)	|	9904	
96	579	ok	|	0.01	1.00	1.00	0.01	0.01	0	|	rapi	0.01	0.01	0	|	72.0	0.01(72)	0.01(72)	|	9904	
96	580	ok	|	0.01	1.00	1.00	0.01	0.01	0	|	rapi	0.01	0.01	0	|	72.0	0.01(72)	0.01(72)	|	9904	
96	581	ok	|	0.01	1.00	1.00	0.01	0.01	0	|	rapi	0.01	0.01	0	|	72.0	0.01(72)	0.01(72)	|	9904	
96	582	ok	|	0.01	1.00	1.00	0.01	0.01	0	|	rapi	0.01	0.01	0	|	72.0	0.01(72)	0.01(72)	|	9904	
96	583	ok	|	0.01	1.00	1.00	0.01	0.01	0	|	rapi	0.01	0.01	0	|	72.0	0.01(72)	0.01(72)	|	9904	
96	584	ok	|	0.01	1.00	1.00	0.01	0.01	0	|	rapi	0.01	0.01	0	|	72.0	0.01(72)	0.01(72)	|	9904	
96	585	ok	|	0.01	1.00	1.00	0.01	0.01	0	|	rapi	0.01	0.01	0	|	72.0	0.01(72)	0.01(72)	|	9904	
96	586	ok	|	0.01	1.00	1.00	0.01	0.01	0	|	rapi	0.01	0.01	0	|	72.0	0.01(72)	0.01(72)	|	9904	
96	587	ok	|	0.01	1.00	1.00	0.01	0.01	0	|	rapi	0.01	0.01	0	|	72.0	0.01(72)	0.01(72)	|	9904	
96	588	ok	|	0.02	1.00	1.00	0.02	0.01	0	|	rapi	0.02	0.02	0	|	72.0	0.02(72)	0.02(72)	|	9904	
96	589	ok	|	0.02	1.00	1.00	0.02	0.01	0	|	rapi	0.02	0.02	0	|	72.0	0.02(72)	0.02(72)	|	9904	
96	590	ok	|	0.02	1.00	1.00	0.02	0.01	0	|	rapi	0.02	0.02	0	|	72.0	0.02(72)	0.02(72)	|	9904	
96	591	ok	|	0.02	1.00	1.00	0.02	0.01	0	|	rapi	0.02	0.02	0	|	72.0	0.02(72)	0.02(72)	|	9904	
96	592	ok	|	0.02	1.00	1.00	0.02	0.01	0	|	rapi	0.02	0.02	0	|	72.0	0.02(72)	0.02(72)	|	9904	
96	593	ok	|	0.02	1.00	1.00	0.02	0.01	0	|	rapi	0.02	0.02	0	|	72.0	0.02(72)	0.02(72)	|	9904	
96	594	ok	|	0.02	1.00	1.00	0.02	0.01	0	|	rapi	0.02	0.02	0	|	72.0	0.02(72)	0.02(72)	|	9904	
96	595	ok	|	0.02	1.00	1.00	0.02	0.01	0	|	rapi	0.02	0.02	0	|	72.0	0.02(72)	0.02(72)	|	9904	
96	596	ok	|	0.02	1.00	1.00	0.02	0.01	0	|	rapi	0.02	0.02	0	|	72.0	0.02(72)	0.02(72)	|	9904	
96	597	ok	|	0.02	1.00	1.00	0.02	0.01	0	|	rapi	0.02	0.02	0	|	72.0	0.02(72)	0.02(72)	|	9904	
96	598	ok	|	0.02	1.00	1.00	0.02	0.01	0	|	rapi	0.02	0.02	0	|	72.0	0.02(72)	0.02(72)	|	9904	
96	599	ok	|	0.02	1.00	1.00	0.02	0.01	0	|	rapi	0.02	0.02	0	|	72.0	0.02(72)	0.02(72)	|	9904	
96	600	ok	|	0.02	1.00	1.00	0.02	0.01	0	|	rapi	0.02	0.02	0	|	72.0	0.02(72)	0.02(72)	|	9904	
96	601	ok	|	0.02	1.00	1.00	0.02	0.01	0	|	rapi	0.02	0.02	0	|	72.0	0.02(72)	0.02(72)	|	9904	
96	602	ok	|	0.02	1.00	1.00	0.02	0.01	0	|	rapi	0.02	0.02	0	|	72.0	0.02(72)	0.02(72)	|	9904	
96	603	ok	|	0.02	1.00	1.00	0.02	0.01	0	|	rapi	0.02	0.02	0	|	72.0	0.02(72)	0.02(72)	|	9904	
96	604	ok	|	0.02	1.00	1.00	0.02	0.01	0	|	rapi	0.02	0.02	0	|	72.0	0.02(72)	0.02(72)	|	9904	
96	605	ok	|	0.02	1.00	1.00	0.02	0.01	0	|	rapi	0.02	0.02	0	|	72.0	0.02(72)	0.02(72)	|	9904	
96	606	ok	|	0.02	1.00	1.00	0.02	0.01	0	|	rapi	0.02	0.02	0	|	72.0	0.02(72)	0.02(72)	|	9904	
96	607	ok	|	0.03	1.00	1.00	0.03	0.01	0	|	rapi	0.03	0.03	0	|	72.0	0.03(72)	0.03(72)	|	9904	
96	608	ok	|	0.02	1.00	1.00	0.02	0.01	0	|	rapi	0.02	0.02	0	|	72.0	0.02(72)	0.02(72)	|	9904	
96	609	ok	|	0.03	1.00	1.00	0.03	0.01	0	|	rapi	0.03	0.03	0	|	72.0	0.03(72)	0.03(72)	|	9904	
96	610	ok	|	0.02	1.00	1.00	0.02	0.01	0	|	rapi	0.02	0.02	0	|	72.0	0.02(72)	0.02(72)	|	9904	
96	611	ok	|	0.02	1.00	1.00	0.02	0.01	0	|	rapi	0.02	0.02	0	|	72.0	0.02(72)	0.02(72)	|	9904	
96	612	ok	|	0.03	1.00	1.00	0.03	0.01	0	|	rapi	0.03	0.03	0	|	72.0	0.03(72)	0.03(72)	|	9904	
96	613	ok	|	0.03	1.00	1.00	0.03	0.01	0	|	rapi	0.03	0.03	0	|	72.0	0.03(72)	0.03(72)	|	9904	
96	614	ok	|	0.03	1.00	1.00	0.03	0.01	0	|	rapi	0.03	0.03	0	|	72.0	0.03(72)	0.03(72)	|	9904	
96	615	ok	|	0.02	1.00	1.00	0.02	0.01	0	|	rapi	0.02	0.02	0	|	72.0	0.02(72)	0.02(72)	|	9904	
96	616	ok	|	0.02	1.00	1.00	0.02	0.01	0	|	rapi	0.02	0.02	0	|	72.0	0.02(72)	0.02(72)	|	9904	
96	617	ok	|	0.02	1.00	1.00	0.02	0.01	0	|	rapi	0.02	0.02	0	|	72.0	0.02(72)	0.02(72)	|	9904	
96	618	ok	|	0.03	1.00	1.00	0.03	0.01	0	|	rapi	0.03	0.03	0	|	72.0	0.03(72)	0.03(72)	|	9904	
96	619	ok	|	0.02	1.00	1.00	0.02	0.01	0	|	rapi	0.02	0.02	0	|	72.0	0.02(72)	0.02(72)	|	9904	
96	620	ok	|	0.03	1.00	1.00	0.03	0.01	0	|	rapi	0.03	0.03	0	|	72.0	0.03(72)	0.03(72)	|	9904	
96	621	ok	|	0.03	1.00	1.00	0.03	0.01	0	|	rapi	0.03	0.03	0	|	72.0	0.03(72)	0.03(72)	|	9904	
96	622	ok	|	0.03	1.00	1.00	0.03	0.01	0	|	rapi	0.03	0.03	0	|	72.0	0.03(72)	0.03(72)	|	9904	
96	623	ok	|	0.02	1.00	1.00	0.02	0.01	0	|	rapi	0.02	0.02	0	|	72.0	0.02(72)	0.02(72)	|	9904	
96	624	ok	|	0.03	1.00	1.00	0.03	0.01	0	|	rapi	0.03	0.03	0	|	72.0	0.03(72)	0.03(72)	|	9904	
96	625	ok	|	0.03	1.00	1.00	0.03	0.01	0	|	rapi	0.03	0.03	0	|	72.0	0.03(72)	0.03(72)	|	9904	
96	626	ok	|	0.03	1.00	1.00	0.03	0.01	0	|	rapi	0.03	0.03	0	|	72.0	0.03(72)	0.03(72)	|	9904	
96	627	ok	|	0.03	1.00	1.00	0.03	0.01	0	|	rapi	0.03	0.03	0	|	72.0	0.03(72)	0.03(72)	|	9904	
96	628	ok	|	0.03	1.00	1.00	0.03	0.01	0	|	rapi	0.03	0.03	0	|	72.0	0.03(72)	0.03(72)	|	9904	
96	629	ok	|	0.03	1.00	1.00	0.03	0.01	0	|	rapi	0.03	0.03	0	|	72.0	0.03(72)	0.03(72)	|	9904	
96	630	ok	|	0.03	1.00	1.00	0.03	0.01	0	|	rapi	0.03	0.03	0	|	72.0	0.03(72)	0.03(72)	|	9904	
96	631	ok	|	0.03	1.00	1.00	0.03	0.01	0	|	rapi	0.03	0.03	0	|	72.0	0.03(72)	0.03(72)	|	9904	
96	632	ok	|	0.03	1.00	1.00	0.03	0.01	0	|	rapi	0.03	0.03	0	|	72.0	0.03(72)	0.03(72)	|	9904	
96	633	ok	|	0.03	1.00	1.00	0.03	0.01	0	|	rapi	0.03	0.03	0	|	72.0	0.03(72)	0.03(72)	|	9904	
96	634	ok	|	0.03	1.00	1.00	0.03	0.01	0	|	rapi	0.03	0.03	0	|	72.0	0.03(72)	0.03(72)	|	9904	
96	635	ok	|	0.03	1.00	1.00	0.03	0.01	0	|	rapi	0.03	0.03	0	|	72.0	0.03(72)	0.03(72)	|	9904	
96	636	ok	|	0.03	1.00	1.00	0.03	0.01	0	|	rapi	0.03	0.03	0	|	72.0	0.03(72)	0.03(72)	|	9904	
96	637	ok	|	0.03	1.00	1.00	0.03	0.01	0	|	rapi	0.03	0.03	0	|	72.0	0.03(72)	0.03(72)	|	9904	
96	638	ok	|	0.03	1.00	1.00	0.03	0.01	0	|	rapi	0.03	0.03	0	|	72.0	0.03(72)	0.03(72)	|	9904	
96	639	ok	|	0.03	1.00	1.00	0.03	0.01	0	|	rapi	0.03	0.03	0	|	72.0	0.03(72)	0.03(72)	|	9904	
96	640	ok	|	0.03	1.00	1.00	0.03	0.01	0	|	rapi	0.03	0.03	0	|	72.0	0.03(72)	0.03(72)	|	9904	
96	641	ok	|	0.03	1.00	1.00	0.03	0.01	0	|	rapi	0.03	0.03	0	|	72.0	0.03(72)	0.03(72)	|	9904	
96	642	ok	|	0.03	1.00	1.00	0.03	0.01	0	|	rapi	0.03	0.03	0	|	72.0	0.03(72)	0.03(72)	|	9904	
96	643	ok	|	0.03	1.00	1.00	0.03	0.01	0	|	rapi	0.03	0.03	0	|	72.0	0.03(72)	0.03(72)	|	9904	
96	644	ok	|	0.02	1.00	1.00	0.02	0.01	0	|	rapi	0.02	0.02	0	|	72.0	0.02(72)	0.02(72)	|	9904	
96	645	ok	|	0.02	1.00	1.00	0.02	0.01	0	|	rapi	0.02	0.02	0	|	72.0	0.02(72)	0.02(72)	|	9904	
96	646	ok	|	0.02	1.00	1.00	0.02	0.01	0	|	rapi	0.02	0.02	0	|	72.0	0.02(72)	0.02(72)	|	9904	
96	647	ok	|	0.02	1.00	1.00	0.02	0.01	0	|	rapi	0.02	0.02	0	|	72.0	0.02(72)	0.02(72)	|	9904	
96	648	ok	|	0.02	1.00	1.00	0.02	0.01	0	|	rapi	0.02	0.02	0	|	72.0	0.02(72)	0.02(72)	|	9904	
96	649	ok	|	0.02	1.00	1.00	0.02	0.01	0	|	rapi	0.02	0.02	0	|	72.0	0.02(72)	0.02(72)	|	9904	
96	650	ok	|	0.02	1.00	1.00	0.02	0.01	0	|	rapi	0.02	0.02	0	|	72.0	0.02(72)	0.02(72)	|	9904	
96	651	ok	|	0.02	1.00	1.00	0.02	0.01	0	|	rapi	0.02	0.02	0	|	72.0	0.02(72)	0.02(72)	|	9904	
96	652	ok	|	0.02	1.00	1.00	0.02	0.01	0	|	rapi	0.02	0.02	0	|	72.0	0.02(72)	0.02(72)	|	9904	
96	653	ok	|	0.02	1.00	1.00	0.02	0.01	0	|	rapi	0.02	0.02	0	|	72.0	0.02(72)	0.02(72)	|	9904	
96	654	ok	|	0.02	1.00	1.00	0.02	0.01	0	|	rapi	0.02	0.02	0	|	72.0	0.02(72)	0.02(72)	|	9904	
96	655	ok	|	0.02	1.00	1.00	0.02	0.01	0	|	rapi	0.02	0.02	0	|	72.0	0.02(72)	0.02(72)	|	9904	
96	656	ok	|	0.02	1.00	1.00	0.02	0.01	0	|	rapi	0.02	0.02	0	|	72.0	0.02(72)	0.02(72)	|	9904	
96	657	ok	|	0.02	1.00	1.00	0.02	0.01	0	|	rapi	0.02	0.02	0	|	72.0	0.02(72)	0.02(72)	|	9904	
96	658	ok	|	0.02	1.00	1.00	0.02	0.01	0	|	rapi	0.02	0.02	0	|	72.0	0.02(72)	0.02(72)	|	9904	
96	659	ok	|	0.03	1.00	1.00	0.03	0.01	0	|	rapi	0.03	0.03	0	|	72.0	0.03(72)	0.03(72)	|	9904	
96	660	ok	|	0.03	1.00	1.00	0.03	0.01	0	|	rapi	0.03	0.03	0	|	72.0	0.03(72)	0.03(72)	|	9904	
96	661	ok	|	0.03	1.00	1.00	0.03	0.01	0	|	rapi	0.03	0.03	0	|	72.0	0.03(72)	0.03(72)	|	9904	
96	662	ok	|	0.03	1.00	1.00	0.03	0.01	0	|	rapi	0.03	0.03	0	|	72.0	0.03(72)	0.03(72)	|	9904	
96	663	ok	|	0.03	1.00	1.00	0.03	0.01	0	|	rapi	0.03	0.03	0	|	72.0	0.03(72)	0.03(72)	|	9904	
96	664	ok	|	0.03	1.00	1.00	0.03	0.01	0	|	rapi	0.03	0.03	0	|	72.0	0.03(72)	0.03(72)	|	9904	
96	665	ok	|	0.03	1.00	1.00	0.03	0.01	0	|	rapi	0.03	0.03	0	|	72.0	0.03(72)	0.03(72)	|	9904	
96	666	ok	|	0.03	1.00	1.00	0.03	0.01	0	|	rapi	0.03	0.03	0	|	72.0	0.03(72)	0.03(72)	|	9904	
96	667	ok	|	0.03	1.00	1.00	0.03	0.01	0	|	rapi	0.03	0.03	0	|	72.0	0.03(72)	0.03(72)	|	9904	
96	668	ok	|	0.03	1.00	1.00	0.03	0.01	0	|	rapi	0.03	0.03	0	|	72.0	0.03(72)	0.03(72)	|	9904	
96	669	ok	|	0.02	1.00	1.00	0.02	0.01	0	|	rapi	0.02	0.02	0	|	72.0	0.02(72)	0.02(72)	|	9904	
96	670	ok	|	0.02	1.00	1.00	0.02	0.01	0	|	rapi	0.02	0.02	0	|	72.0	0.02(72)	0.02(72)	|	9904	
96	671	ok	|	0.03	1.00	1.00	0.03	0.01	0	|	rapi	0.03	0.03	0	|	72.0	0.03(72)	0.03(72)	|	9904	
96	672	ok	|	0.02	1.00	1.00	0.02	0.01	0	|	rapi	0.02	0.02	0	|	72.0	0.02(72)	0.02(72)	|	9904	
96	673	ok	|	0.02	1.00	1.00	0.02	0.01	0	|	rapi	0.02	0.02	0	|	72.0	0.02(72)	0.02(72)	|	9904	
96	674	ok	|	0.02	1.00	1.00	0.02	0.01	0	|	rapi	0.02	0.02	0	|	72.0	0.02(72)	0.02(72)	|	9904	
96	675	ok	|	0.02	1.00	1.00	0.02	0.01	0	|	rapi	0.02	0.02	0	|	72.0	0.02(72)	0.02(72)	|	9904	
96	676	ok	|	0.02	1.00	1.00	0.02	0.01	0	|	rapi	0.02	0.02	0	|	72.0	0.02(72)	0.02(72)	|	9904	
96	677	ok	|	0.02	1.00	1.00	0.02	0.01	0	|	rapi	0.02	0.02	0	|	72.0	0.02(72)	0.02(72)	|	9904	
96	678	ok	|	0.02	1.00	1.00	0.02	0.01	0	|	rapi	0.02	0.02	0	|	72.0	0.02(72)	0.02(72)	|	9904	
96	679	ok	|	0.02	1.00	1.00	0.02	0.01	0	|	rapi	0.02	0.02	0	|	72.0	0.02(72)	0.02(72)	|	9904	
96	680	ok	|	0.02	1.00	1.00	0.02	0.01	0	|	rapi	0.02	0.02	0	|	72.0	0.02(72)	0.02(72)	|	9904	
96	681	ok	|	0.02	1.00	1.00	0.02	0.01	0	|	rapi	0.02	0.02	0	|	72.0	0.02(72)	0.02(72)	|	9904	
96	682	ok	|	0.02	1.00	1.00	0.02	0.01	0	|	rapi	0.02	0.02	0	|	72.0	0.02(72)	0.02(72)	|	9904	
96	683	ok	|	0.02	1.00	1.00	0.02	0.01	0	|	rapi	0.02	0.02	0	|	72.0	0.02(72)	0.02(72)	|	9904	
96	684	ok	|	0.02	1.00	1.00	0.02	0.01	0	|	rapi	0.02	0.02	0	|	72.0	0.02(72)	0.02(72)	|	9904	
96	685	ok	|	0.02	1.00	1.00	0.02	0.01	0	|	rapi	0.02	0.02	0	|	72.0	0.02(72)	0.02(72)	|	9904	
96	686	ok	|	0.02	1.00	1.00	0.02	0.01	0	|	rapi	0.02	0.02	0	|	72.0	0.02(72)	0.02(72)	|	9904	
96	687	ok	|	0.02	1.00	1.00	0.02	0.01	0	|	rapi	0.02	0.02	0	|	72.0	0.02(72)	0.02(72)	|	9904	
96	688	ok	|	0.02	1.00	1.00	0.02	0.01	0	|	rapi	0.02	0.02	0	|	72.0	0.02(72)	0.02(72)	|	9904	
96	689	ok	|	0.01	1.00	1.00	0.01	0.01	0	|	rapi	0.01	0.01	0	|	72.0	0.01(72)	0.01(72)	|	9904	
96	690	ok	|	0.01	1.00	1.00	0.01	0.01	0	|	rapi	0.01	0.01	0	|	72.0	0.01(72)	0.01(72)	|	9904	
96	691	ok	|	0.01	1.00	1.00	0.01	0.01	0	|	rapi	0.01	0.01	0	|	72.0	0.01(72)	0.01(72)	|	9904	
96	692	ok	|	0.01	1.00	1.00	0.01	0.01	0	|	rapi	0.01	0.01	0	|	72.0	0.01(72)	0.01(72)	|	9904	
96	693	ok	|	0.01	1.00	1.00	0.01	0.01	0	|	rapi	0.01	0.01	0	|	72.0	0.01(72)	0.01(72)	|	9904	
96	694	ok	|	0.01	1.00	1.00	0.01	0.01	0	|	rapi	0.01	0.01	0	|	72.0	0.01(72)	0.01(72)	|	9904	
96	695	ok	|	0.01	1.00	1.00	0.01	0.01	0	|	rapi	0.01	0.01	0	|	72.0	0.01(72)	0.01(72)	|	9904	
96	696	ok	|	0.01	1.00	1.00	0.01	0.01	0	|	rapi	0.01	0.01	0	|	72.0	0.01(72)	0.01(72)	|	9904	
96	697	ok	|	0.01	1.00	1.00	0.01	0.01	0	|	rapi	0.01	0.01	0	|	72.0	0.01(72)	0.01(72)	|	9904	
96	698	ok	|	0.01	1.00	1.00	0.01	0.01	0	|	rapi	0.01	0.01	0	|	72.0	0.01(72)	0.01(72)	|	9904	
96	699	ok	|	0.01	1.00	1.00	0.01	0.01	0	|	rapi	0.01	0.01	0	|	72.0	0.01(72)	0.01(72)	|	9904	
96	700	ok	|	0.01	1.00	1.00	0.01	0.01	0	|	rapi	0.01	0.01	0	|	72.0	0.01(72)	0.01(72)	|	9904	
96	701	ok	|	0.01	1.00	1.00	0.01	0.01	0	|	rapi	0.01	0.01	0	|	72.0	0.01(72)	0.01(72)	|	9904	
96	702	ok	|	0.01	1.00	1.00	0.01	0.01	0	|	rapi	0.01	0.01	0	|	72.0	0.01(72)	0.01(72)	|	9904	
96	703	ok	|	0.01	1.00	1.00	0.01	0.00	0	|	rapi	0.01	0.01	0	|	72.0	0.01(72)	0.01(72)	|	9904	
96	704	ok	|	0.01	1.00	1.00	0.01	0.00	0	|	rapi	0.01	0.01	0	|	72.0	0.01(72)	0.01(72)	|	9904	
96	705	ok	|	0.01	1.00	1.00	0.01	0.00	0	|	rapi	0.01	0.01	0	|	72.0	0.01(72)	0.01(72)	|	9904	
96	706	ok	|	0.01	1.00	1.00	0.01	0.00	0	|	rapi	0.01	0.01	0	|	72.0	0.01(72)	0.01(72)	|	9904	
96	707	ok	|	0.01	1.00	1.00	0.01	0.00	0	|	rapi	0.01	0.01	0	|	72.0	0.01(72)	0.01(72)	|	9904	
96	708	ok	|	0.01	1.00	1.00	0.01	0.00	0	|	rapi	0.01	0.01	0	|	72.0	0.01(72)	0.01(72)	|	9904	
96	709	ok	|	0.01	1.00	1.00	0.01	0.00	0	|	rapi	0.01	0.01	0	|	72.0	0.01(72)	0.01(72)	|	9904	
96	710	ok	|	0.01	1.00	1.00	0.01	0.00	0	|	rapi	0.01	0.01	0	|	72.0	0.01(72)	0.01(72)	|	9904	
96	711	ok	|	0.01	1.00	1.00	0.01	0.00	0	|	rapi	0.01	0.01	0	|	72.0	0.01(72)	0.01(72)	|	9904	
96	712	ok	|	0.01	1.00	1.00	0.01	0.00	0	|	rapi	0.01	0.01	0	|	72.0	0.01(72)	0.01(72)	|	9904	
96	713	ok	|	0.01	1.00	1.00	0.01	0.00	0	|	rapi	0.01	0.01	0	|	72.0	0.01(72)	0.01(72)	|	9904	
96	714	ok	|	0.01	1.00	1.00	0.01	0.00	0	|	rapi	0.01	0.01	0	|	72.0	0.01(72)	0.01(72)	|	9904	
96	715	ok	|	0.01	1.00	1.00	0.01	0.00	0	|	rapi	0.01	0.01	0	|	72.0	0.01(72)	0.01(72)	|	9904	
96	716	ok	|	0.01	1.00	1.00	0.01	0.00	0	|	rapi	0.01	0.01	0	|	72.0	0.01(72)	0.01(72)	|	9904	
96	717	ok	|	0.01	1.00	1.00	0.01	0.00	0	|	rapi	0.01	0.01	0	|	72.0	0.01(72)	0.01(72)	|	9904	
96	718	ok	|	0.01	1.00	1.00	0.01	0.00	0	|	rapi	0.01	0.01	0	|	72.0	0.01(72)	0.01(72)	|	9904	
96	719	ok	|	0.00	1.00	1.00	0.00	0.00	0	|	rapi	0.00	0.00	0	|	72.0	0.00(72)	0.00(72)	|	9904	
96	720	ok	|	0.00	1.00	1.00	0.00	0.00	0	|	rapi	0.00	0.00	0	|	72.0	0.00(72)	0.00(72)	|	9904	
96	721	ok	|	0.01	1.00	1.00	0.01	0.00	0	|	rapi	0.01	0.01	0	|	72.0	0.01(72)	0.01(72)	|	9904	
96	722	ok	|	0.00	1.00	1.00	0.00	0.00	0	|	rapi	0.00	0.00	0	|	72.0	0.00(72)	0.00(72)	|	9904	
96	723	ok	|	0.01	1.00	1.00	0.01	0.00	0	|	rapi	0.01	0.01	0	|	72.0	0.01(72)	0.01(72)	|	9904	
96	724	ok	|	0.01	1.00	1.00	0.01	0.00	0	|	rapi	0.01	0.01	0	|	72.0	0.01(72)	0.01(72)	|	9904	
96	725	ok	|	0.01	1.00	1.00	0.01	0.00	0	|	rapi	0.01	0.01	0	|	72.0	0.01(72)	0.01(72)	|	9904	
96	726	ok	|	0.01	1.00	1.00	0.01	0.00	0	|	rapi	0.01	0.01	0	|	72.0	0.01(72)	0.01(72)	|	9904	
96	727	ok	|	0.01	1.00	1.00	0.01	0.00	0	|	rapi	0.01	0.01	0	|	72.0	0.01(72)	0.01(72)	|	9904	
96	728	ok	|	0.01	1.00	1.00	0.01	0.00	0	|	rapi	0.01	0.01	0	|	72.0	0.01(72)	0.01(72)	|	9904	
96	729	ok	|	0.01	1.00	1.00	0.01	0.00	0	|	rapi	0.01	0.01	0	|	72.0	0.01(72)	0.01(72)	|	9904	
96	730	ok	|	0.01	1.00	1.00	0.01	0.00	0	|	rapi	0.01	0.01	0	|	72.0	0.01(72)	0.01(72)	|	9904	
96	731	ok	|	0.01	1.00	1.00	0.01	0.00	0	|	rapi	0.01	0.01	0	|	72.0	0.01(72)	0.01(72)	|	9904	
96	732	ok	|	0.01	1.00	1.00	0.01	0.00	0	|	rapi	0.01	0.01	0	|	72.0	0.01(72)	0.01(72)	|	9904	
96	733	ok	|	0.01	1.00	1.00	0.01	0.00	0	|	rapi	0.01	0.01	0	|	72.0	0.01(72)	0.01(72)	|	9904	
96	734	ok	|	0.00	1.00	1.00	0.00	0.00	0	|	rapi	0.00	0.00	0	|	72.0	0.00(72)	0.00(72)	|	9904	
96	735	ok	|	0.00	1.00	1.00	0.00	0.00	0	|	rapi	0.00	0.00	0	|	72.0	0.00(72)	0.00(72)	|	9904	
96	736	ok	|	0.00	1.00	1.00	0.00	0.00	0	|	rapi	0.00	0.00	0	|	72.0	0.00(72)	0.00(72)	|	9904	
96	737	ok	|	0.00	1.00	1.00	0.00	0.00	0	|	rapi	0.00	0.00	0	|	72.0	0.00(72)	0.00(72)	|	9904	
96	738	ok	|	0.00	1.00	1.00	0.00	0.00	0	|	rapi	0.00	0.00	0	|	72.0	0.00(72)	0.00(72)	|	9904	
96	739	ok	|	0.00	1.00	1.00	0.00	0.00	0	|	rapi	0.00	0.00	0	|	72.0	0.00(72)	0.00(72)	|	9904	
96	740	ok	|	0.00	1.00	1.00	0.00	0.00	0	|	rapi	0.00	0.00	0	|	72.0	0.00(72)	0.00(72)	|	9904	
96	741	ok	|	0.00	1.00	1.00	0.00	0.00	0	|	rapi	0.00	0.00	0	|	72.0	0.00(72)	0.00(72)	|	9904	
96	742	ok	|	0.00	1.00	1.00	0.00	0.00	0	|	rapi	0.00	0.00	0	|	72.0	0.00(72)	0.00(72)	|	9904	
96	743	ok	|	0.00	1.00	1.00	0.00	0.00	0	|	rapi	0.00	0.00	0	|	72.0	0.00(72)	0.00(72)	|	9904	
96	744	ok	|	0.00	1.00	1.00	0.00	0.00	0	|	rapi	0.00	0.00	0	|	72.0	0.00(72)	0.00(72)	|	9904	
96	745	ok	|	0.00	1.00	1.00	0.00	0.00	0	|	rapi	0.00	0.00	0	|	72.0	0.00(72)	0.00(72)	|	9904	
96	746	ok	|	0.00	1.00	1.00	0.00	0.00	0	|	rapi	0.00	0.00	0	|	72.0	0.00(72)	0.00(72)	|	9904	
96	747	ok	|	0.01	1.00	1.00	0.01	0.00	0	|	rapi	0.01	0.01	0	|	72.0	0.01(72)	0.01(72)	|	9904	
96	748	ok	|	0.01	1.00	1.00	0.01	0.00	0	|	rapi	0.01	0.01	0	|	72.0	0.01(72)	0.01(72)	|	9904	
96	749	ok	|	0.01	1.00	1.00	0.01	0.00	0	|	rapi	0.01	0.01	0	|	72.0	0.01(72)	0.01(72)	|	9904	
96	750	ok	|	0.01	1.00	1.00	0.01	0.00	0	|	rapi	0.01	0.01	0	|	72.0	0.01(72)	0.01(72)	|	9904	
96	751	ok	|	0.01	1.00	1.00	0.01	0.00	0	|	rapi	0.01	0.01	0	|	72.0	0.01(72)	0.01(72)	|	9904	
96	752	ok	|	0.01	1.00	1.00	0.01	0.00	0	|	rapi	0.01	0.01	0	|	72.0	0.01(72)	0.01(72)	|	9904	
96	753	ok	|	0.01	1.00	1.00	0.01	0.00	0	|	rapi	0.01	0.01	0	|	72.0	0.01(72)	0.01(72)	|	9904	
96	754	ok	|	0.00	1.00	1.00	0.00	0.00	0	|	rapi	0.00	0.00	0	|	72.0	0.00(72)	0.00(72)	|	9904	
96	755	ok	|	0.00	1.00	1.00	0.00	0.00	0	|	rapi	0.00	0.00	0	|	72.0	0.00(72)	0.00(72)	|	9904	
96	756	ok	|	0.00	1.00	1.00	0.00	0.00	0	|	rapi	0.00	0.00	0	|	72.0	0.00(72)	0.00(72)	|	9904	
96	757	ok	|	0.00	1.00	1.00	0.00	0.00	0	|	rapi	0.00	0.00	0	|	72.0	0.00(72)	0.00(72)	|	9904	
96	758	ok	|	0.00	1.00	1.00	0.00	0.00	0	|	rapi	0.00	0.00	0	|	72.0	0.00(72)	0.00(72)	|	9904	
96	759	ok	|	0.00	1.00	1.00	0.00	0.00	0	|	rapi	0.00	0.00	0	|	72.0	0.00(72)	0.00(72)	|	9904	
96	760	ok	|	0.00	1.00	1.00	0.00	0.00	0	|	rapi	0.00	0.00	0	|	72.0	0.00(72)	0.00(72)	|	9904	
96	761	ok	|	0.00	1.00	1.00	0.00	0.00	0	|	rapi	0.00	0.00	0	|	72.0	0.00(72)	0.00(72)	|	9904	
96	762	ok	|	0.00	1.00	1.00	0.00	0.00	0	|	rapi	0.00	0.00	0	|	72.0	0.00(72)	0.00(72)	|	9904	
96	763	ok	|	0.00	1.00	1.00	0.00	0.00	0	|	rapi	0.00	0.00	0	|	72.0	0.00(72)	0.00(72)	|	9904	
96	764	ok	|	0.00	1.00	1.00	0.00	0.00	0	|	rapi	0.00	0.00	0	|	72.0	0.00(72)	0.00(72)	|	9904	
96	765	ok	|	0.00	1.00	1.00	0.00	0.00	0	|	rapi	0.00	0.00	0	|	72.0	0.00(72)	0.00(72)	|	9904	
96	766	ok	|	0.00	1.00	1.00	0.00	0.00	0	|	rapi	0.00	0.00	0	|	72.0	0.00(72)	0.00(72)	|	9904	
96	767	ok	|	0.00	1.00	1.00	0.00	0.00	0	|	rapi	0.00	0.00	0	|	72.0	0.00(72)	0.00(72)	|	9904	
96	768	ok	|	0.00	1.00	1.00	0.00	0.00	0	|	rapi	0.00	0.00	0	|	72.0	0.00(72)	0.00(72)	|	9904	
96	769	ok	|	0.00	1.00	1.00	0.00	0.00	0	|	rapi	0.00	0.00	0	|	72.0	0.00(72)	0.00(72)	|	9904	
96	770	ok	|	0.00	1.00	1.00	0.00	0.00	0	|	rapi	0.00	0.00	0	|	72.0	0.00(72)	0.00(72)	|	9904	
96	771	ok	|	0.00	1.00	1.00	0.00	0.00	0	|	rapi	0.00	0.00	0	|	72.0	0.00(72)	0.00(72)	|	9904	
96	772	ok	|	0.00	1.00	1.00	0.00	0.00	0	|	rapi	0.00	0.00	0	|	72.0	0.00(72)	0.00(72)	|	9904	
96	773	ok	|	0.00	1.00	1.00	0.00	0.00	0	|	rapi	0.00	0.00	0	|	72.0	0.00(72)	0.00(72)	|	9904	
96	774	ok	|	0.00	1.00	1.00	0.00	0.00	0	|	rapi	0.00	0.00	0	|	72.0	0.00(72)	0.00(72)	|	9904	
96	775	ok	|	0.00	1.00	1.00	0.00	0.00	0	|	rapi	0.00	0.00	0	|	72.0	0.00(72)	0.00(72)	|	9904	
96	776	ok	|	0.00	1.00	1.00	0.00	0.00	0	|	rapi	0.00	0.00	0	|	72.0	0.00(72)	0.00(72)	|	9904	
96	777	ok	|	0.00	1.00	1.00	0.00	0.00	0	|	rapi	0.00	0.00	0	|	72.0	0.00(72)	0.00(72)	|	9904	
96	778	ok	|	0.00	1.00	1.00	0.00	0.00	0	|	rapi	0.00	0.00	0	|	72.0	0.00(72)	0.00(72)	|	9904	
96	779	ok	|	0.00	1.00	1.00	0.00	0.00	0	|	rapi	0.00	0.00	0	|	72.0	0.00(72)	0.00(72)	|	9904	
96	780	ok	|	0.00	1.00	1.00	0.00	0.00	0	|	rapi	0.00	0.00	0	|	72.0	0.00(72)	0.00(72)	|	9904	
96	781	ok	|	0.00	1.00	1.00	0.00	0.00	0	|	rapi	0.00	0.00	0	|	72.0	0.00(72)	0.00(72)	|	9904	
96	782	ok	|	0.00	1.00	1.00	0.00	0.00	0	|	rapi	0.00	0.00	0	|	72.0	0.00(72)	0.00(72)	|	9904	
96	783	ok	|	0.00	1.00	1.00	0.00	0.00	0	|	rapi	0.00	0.00	0	|	72.0	0.00(72)	0.00(72)	|	9904	
96	784	ok	|	0.00	1.00	1.00	0.00	0.00	0	|	rapi	0.00	0.00	0	|	72.0	0.00(72)	0.00(72)	|	9904	
96	785	ok	|	0.00	1.00	1.00	0.00	0.00	0	|	rapi	0.00	0.00	0	|	72.0	0.00(72)	0.00(72)	|	9904	
96	786	ok	|	0.00	1.00	1.00	0.00	0.00	0	|	rapi	0.00	0.00	0	|	72.0	0.00(72)	0.00(72)	|	9904	
96	787	ok	|	0.00	1.00	1.00	0.00	0.00	0	|	rapi	0.00	0.00	0	|	72.0	0.00(72)	0.00(72)	|	9904	
96	788	ok	|	0.00	1.00	1.00	0.00	0.00	0	|	rapi	0.00	0.00	0	|	72.0	0.00(72)	0.00(72)	|	9904	
96	789	ok	|	0.00	1.00	1.00	0.00	0.00	0	|	rapi	0.00	0.00	0	|	72.0	0.00(72)	0.00(72)	|	9904	
96	790	ok	|	0.00	1.00	1.00	0.00	0.00	0	|	rapi	0.00	0.00	0	|	72.0	0.00(72)	0.00(72)	|	9904	
96	791	ok	|	0.00	1.00	1.00	0.00	0.00	0	|	rapi	0.00	0.00	0	|	72.0	0.00(72)	0.00(72)	|	9904	
96	792	ok	|	0.00	1.00	1.00	0.00	0.00	0	|	rapi	0.00	0.00	0	|	72.0	0.00(72)	0.00(72)	|	9904	
96	793	ok	|	0.00	1.00	1.00	0.00	0.00	0	|	rapi	0.00	0.00	0	|	72.0	0.00(72)	0.00(72)	|	9904	
96	794	ok	|	0.00	1.00	1.00	0.00	0.00	0	|	rapi	0.00	0.00	0	|	72.0	0.00(72)	0.00(72)	|	9904	
96	795	ok	|	0.00	1.00	1.00	0.00	0.00	0	|	rapi	0.00	0.00	0	|	72.0	0.00(72)	0.00(72)	|	9904	
96	796	ok	|	0.00	1.00	1.00	0.00	0.00	0	|	rapi	0.00	0.00	0	|	72.0	0.00(72)	0.00(72)	|	9904	
96	797	ok	|	0.00	1.00	1.00	0.00	0.00	0	|	rapi	0.00	0.00	0	|	72.0	0.00(72)	0.00(72)	|	9904	
96	798	ok	|	0.00	1.00	1.00	0.00	0.00	0	|	rapi	0.00	0.00	0	|	72.0	0.00(72)	0.00(72)	|	9904	
96	799	ok	|	0.00	1.00	1.00	0.00	0.00	0	|	rapi	0.00	0.00	0	|	72.0	0.00(72)	0.00(72)	|	9904	
96	800	ok	|	0.00	1.00	1.00	0.00	0.00	0	|	rapi	0.00	0.00	0	|	72.0	0.00(72)	0.00(72)	|	9904	
96	801	ok	|	0.00	1.00	1.00	0.00	0.00	0	|	rapi	0.00	0.00	0	|	72.0	0.00(72)	0.00(72)	|	9904	
96	802	ok	|	0.00	1.00	1.00	0.00	0.00	0	|	rapi	0.00	0.00	0	|	72.0	0.00(72)	0.00(72)	|	9904	
96	803	ok	|	0.00	1.00	1.00	0.00	0.00	0	|	rapi	0.00	0.00	0	|	72.0	0.00(72)	0.00(72)	|	9904	
96	804	ok	|	0.00	1.00	1.00	0.00	0.00	0	|	rapi	0.00	0.00	0	|	72.0	0.00(72)	0.00(72)	|	9904	
96	805	ok	|	0.00	1.00	1.00	0.00	0.00	0	|	rapi	0.00	0.00	0	|	72.0	0.00(72)	0.00(72)	|	9904	
96	806	ok	|	0.00	1.00	1.00	0.00	0.00	0	|	rapi	0.00	0.00	0	|	72.0	0.00(72)	0.00(72)	|	9904	
96	807	ok	|	0.00	1.00	1.00	0.00	0.00	0	|	rapi	0.00	0.00	0	|	72.0	0.00(72)	0.00(72)	|	9904	
96	808	ok	|	0.00	1.00	1.00	0.00	0.00	0	|	rapi	0.00	0.00	0	|	72.0	0.00(72)	0.00(72)	|	9904	
96	809	ok	|	0.00	1.00	1.00	0.00	0.00	0	|	rapi	0.00	0.00	0	|	72.0	0.00(72)	0.00(72)	|	9904	
96	810	ok	|	0.00	1.00	1.00	0.00	0.00	0	|	rapi	0.00	0.00	0	|	72.0	0.00(72)	0.00(72)	|	9904	
96	811	ok	|	0.00	1.00	1.00	0.00	0.00	0	|	rapi	0.00	0.00	0	|	72.0	0.00(72)	0.00(72)	|	9904	
96	812	ok	|	0.00	1.00	1.00	0.00	0.00	0	|	rapi	0.00	0.00	0	|	72.0	0.00(72)	0.00(72)	|	9904	
96	813	ok	|	0.00	1.00	1.00	0.00	0.00	0	|	rapi	0.00	0.00	0	|	72.0	0.00(72)	0.00(72)	|	9904	
96	814	ok	|	0.00	1.00	1.00	0.00	0.00	0	|	rapi	0.00	0.00	0	|	72.0	0.00(72)	0.00(72)	|	9904	
96	815	ok	|	0.00	1.00	1.00	0.00	0.00	0	|	rapi	0.00	0.00	0	|	72.0	0.00(72)	0.00(72)	|	9904	
96	816	fail-0	|	0.00	1.00	1.00	0.00	NaN	0	|	rapi	0.00	0.00	0	|	NaN			|	9904	
