30	0	ok	|	0.01	1.00	1.00	0.01	0.00	0	|	rapi	0.00	0.00	0	|	-99.0	0.01(-99)		|	119	
30	1	ok	|	0.02	1.00	1.00	0.02	0.00	0	|	rapi	0.00	0.00	0	|	-99.0	0.02(-99)		|	119	
30	2	ok	|	0.02	1.00	1.00	0.02	0.00	0	|	rapi	0.00	0.00	0	|	-99.0	0.02(-99)		|	119	
30	3	ok	|	0.03	1.00	1.00	0.03	0.00	0	|	rapi	0.00	0.00	0	|	-99.0	0.03(-99)		|	119	
30	4	ok	|	0.03	1.00	1.00	0.04	0.00	0	|	rapi	0.00	0.00	0	|	-99.0	0.04(-99)		|	119	
30	5	ok	|	0.03	1.00	1.00	0.04	0.00	0	|	rapi	0.00	0.00	0	|	-99.0	0.04(-99)		|	119	
30	6	ok	|	0.04	1.00	1.00	0.05	0.00	0	|	rapi	0.00	0.00	0	|	-99.0	0.05(-99)		|	119	
30	7	ok	|	0.05	1.00	1.00	0.07	0.00	0	|	rapi	0.00	0.00	0	|	-99.0	0.07(-99)		|	119	
30	8	ok	|	0.06	1.00	1.00	0.07	0.00	0	|	rapi	0.00	0.00	0	|	-99.0	0.07(-99)		|	119	
30	9	ok	|	0.07	1.00	1.00	0.09	0.00	0	|	rapi	0.00	0.00	0	|	-99.0	0.09(-99)		|	119	
30	10	ok	|	0.08	1.00	1.00	0.11	0.00	0	|	rapi	0.00	0.00	0	|	-99.0	0.11(-99)		|	119	
30	11	ok	|	0.10	1.00	1.00	0.14	0.00	0	|	rapi	0.00	0.00	0	|	-99.0	0.14(-99)		|	119	
30	12	ok	|	0.12	1.00	1.00	0.17	0.00	0	|	rapi	0.00	0.00	0	|	-99.0	0.17(-99)		|	119	
30	13	ok	|	0.14	1.00	1.00	0.19	0.00	0	|	rapi	0.00	0.00	0	|	-99.0	0.19(-99)		|	119	
30	14	ok	|	0.16	1.00	1.00	0.22	0.00	0	|	rapi	0.00	0.00	0	|	-99.0	0.22(-99)		|	119	
30	15	ok	|	0.18	1.00	1.00	0.26	0.00	0	|	rapi	0.00	0.00	0	|	-99.0	0.26(-99)		|	119	
30	16	ok	|	0.22	1.00	1.00	0.32	0.00	0	|	rapi	0.00	0.00	0	|	-99.0	0.32(-99)		|	119	
30	17	ok	|	0.25	1.00	1.00	0.37	0.00	0	|	rapi	0.00	0.00	0	|	-99.0	0.37(-99)		|	119	
30	18	ok	|	0.29	1.00	1.00	0.44	0.00	0	|	rapi	0.00	0.00	0	|	-99.0	0.44(-99)		|	119	
30	19	ok	|	0.34	0.99	0.99	0.54	0.00	0	|	rapi	0.00	0.00	0	|	-99.0	0.54(-99)		|	119	
30	20	ok	|	0.39	0.99	0.99	0.63	0.00	0	|	rapi	0.00	0.00	0	|	-99.0	0.63(-99)		|	119	
30	21	ok	|	0.44	0.99	0.99	0.75	0.00	0	|	rapi	0.00	0.00	0	|	-99.0	0.75(-99)	0.00(-99)	|	119	
30	22	ok	|	0.50	0.99	0.99	0.90	0.00	0	|	rapi	0.00	0.00	0	|	-99.0	0.90(-99)	0.00(-99)	|	119	
30	23	ok	|	0.55	0.99	0.99	1.07	0.00	0	|	rapi	0.00	0.00	0	|	-99.0	1.07(-99)	0.00(-99)	|	119	
30	24	ok	|	0.61	0.99	0.99	1.25	0.00	0	|	rapi	0.00	0.00	0	|	-99.0	1.25(-99)	0.00(-99)	|	119	
30	25	ok	|	0.67	0.99	0.99	1.49	0.00	0	|	rapi	0.00	0.00	0	|	-99.0	1.49(-99)	0.00(-99)	|	119	
30	26	ok	|	0.73	0.98	0.98	1.74	0.00	0	|	rapi	0.00	0.00	0	|	-99.0	1.74(-99)	0.00(-99)	|	119	
30	27	ok	|	0.80	0.98	0.98	2.06	0.00	0	|	rapi	0.00	0.00	0	|	-99.0	2.06(-99)	0.00(-99)	|	119	
30	28	ok	|	0.85	0.98	0.98	2.48	0.00	0	|	rapi	0.00	0.00	0	|	-99.0	2.48(-99)	0.00(-99)	|	119	
30	29	ok	|	0.89	0.97	0.97	2.94	0.00	0	|	rapi	0.00	0.00	0	|	-99.0	2.94(-99)	0.00(-99)	|	119	
30	30	ok	|	0.93	0.97	0.97	3.46	0.00	0	|	rapi	0.00	0.00	0	|	-99.0	3.46(-99)	0.00(-99)	|	119	
30	31	ok	|	0.95	0.96	0.96	4.08	0.00	0	|	rapi	0.00	0.00	0	|	-99.0	4.08(-99)	0.00(-99)	|	119	
30	32	ok	|	0.97	0.95	0.95	4.84	0.00	0	|	rapi	0.00	0.00	0	|	-99.0	4.84(-99)	0.00(-99)	|	119	
30	33	ok	|	0.99	0.94	0.94	5.72	0.00	0	|	rapi	0.00	0.00	0	|	-99.0	5.72(-99)	0.00(-99)	|	119	
30	34	ok	|	0.99	0.93	0.93	6.76	0.00	0	|	rapi	0.00	0.00	0	|	-99.0	6.76(-99)	0.00(-99)	|	119	
30	35	ok	|	1.00	0.92	0.92	8.03	0.00	0	|	rapi	0.00	0.00	0	|	-99.0	8.03(-99)	0.00(-99)	|	119	
30	36	ok	|	1.00	0.90	0.90	9.54	0.00	0	|	rapi	0.00	0.00	0	|	-99.0	9.54(-99)	0.00(-99)	|	119	
30	37	ok	|	1.00	0.89	0.89	11.17	0.00	0	|	rapi	0.00	0.00	0	|	-99.0	11.17(-99)	0.00(-99)	|	119	
30	38	ok	|	1.00	0.87	0.87	13.13	0.00	0	|	rapi	0.00	0.00	0	|	-99.0	13.13(-99)	0.00(-99)	|	119	
30	39	ok	|	1.00	0.84	0.84	15.60	0.00	0	|	rapi	0.00	0.00	0	|	-99.0	15.60(-99)	0.00(-99)	|	119	
30	40	ok	|	1.00	0.82	0.82	18.40	0.00	0	|	rapi	0.00	0.00	0	|	-99.0	18.40(-99)	0.00(-99)	|	119	
30	41	ok	|	1.00	0.78	0.78	21.51	0.00	0	|	rapi	0.00	0.00	0	|	-99.0	21.51(-99)	0.00(-99)	|	119	
30	42	ok	|	1.00	0.75	0.75	25.27	0.00	0	|	rapi	0.00	0.00	0	|	-99.0	25.27(-99)	0.00(-99)	|	119	
30	43	ok	|	1.00	0.70	0.70	29.64	0.00	0	|	rapi	0.00	0.00	0	|	-99.0	29.64(-99)	0.00(-99)	|	119	
30	44	ok	|	1.00	0.65	0.65	34.69	0.00	0	|	rapi	0.00	0.00	0	|	-99.0	34.69(-99)	0.00(-99)	|	119	
30	45	ok	|	1.00	0.60	0.60	40.41	0.00	0	|	rapi	0.00	0.00	0	|	-99.0	40.41(-99)	0.00(-99)	|	119	
30	46	ok	|	1.00	0.53	0.53	47.21	0.00	0	|	rapi	0.00	0.00	0	|	-99.0	47.21(-99)	0.00(-99)	|	119	
30	47	ok	|	1.00	0.45	0.45	54.88	0.00	0	|	rapi	0.00	0.00	0	|	-99.0	54.88(-99)	0.00(-99)	|	119	
30	48	ok	|	1.00	0.37	0.37	63.42	0.00	0	|	rapi	0.00	0.00	0	|	-99.0	63.42(-99)	0.00(-99)	|	119	
30	49	ok	|	1.00	0.27	0.27	73.08	0.00	0	|	rapi	0.01	0.01	0	|	-99.0	73.08(-99)	0.01(-99)	|	119	
30	50	ok	|	1.00	0.18	0.18	82.75	0.00	0	|	rapi	0.01	0.01	0	|	-99.0	82.75(-99)	0.01(-99)	|	119	
30	51	fail-w	|	1.00	0.10	0.10	91.80	0.00	0	|	rapi	0.02	0.02	0	|	-99.0	91.80(-99)	0.02(-99)	|	119	
