88	0	ok	|	0.01	1.00	1.00	0.01	0.00	0	|	rapi	0.01	0.01	0	|	70.0	0.01(70)	0.01(70)	|	8936	
88	1	ok	|	0.01	1.00	1.00	0.01	0.00	0	|	rapi	0.01	0.01	0	|	70.0	0.01(70)	0.01(70)	|	8936	
88	2	ok	|	0.01	1.00	1.00	0.01	0.00	0	|	rapi	0.01	0.01	0	|	70.0	0.01(70)	0.01(70)	|	8936	
88	3	ok	|	0.01	1.00	1.00	0.01	0.00	0	|	rapi	0.01	0.01	0	|	70.0	0.01(70)	0.01(70)	|	8936	
88	4	ok	|	0.01	1.00	1.00	0.02	0.00	0	|	rapi	0.01	0.01	0	|	70.0	0.02(70)	0.01(70)	|	8936	
88	5	ok	|	0.02	1.00	1.00	0.02	0.00	0	|	rapi	0.02	0.02	0	|	70.0	0.02(70)	0.02(70)	|	8936	
88	6	ok	|	0.02	1.00	1.00	0.02	0.00	0	|	rapi	0.02	0.02	0	|	70.0	0.02(70)	0.02(70)	|	8936	
88	7	ok	|	0.02	1.00	1.00	0.02	0.00	0	|	rapi	0.01	0.01	0	|	70.0	0.02(70)	0.01(70)	|	8936	
88	8	ok	|	0.02	1.00	1.00	0.02	0.00	0	|	rapi	0.02	0.02	0	|	70.0	0.02(70)	0.02(70)	|	8936	
88	9	ok	|	0.02	1.00	1.00	0.02	0.00	0	|	rapi	0.02	0.02	0	|	70.0	0.02(70)	0.02(70)	|	8936	
88	10	ok	|	0.01	1.00	1.00	0.02	0.00	0	|	rapi	0.01	0.01	0	|	70.0	0.02(70)	0.01(70)	|	8936	
88	11	ok	|	0.01	1.00	1.00	0.01	0.00	0	|	rapi	0.01	0.01	0	|	70.0	0.01(70)	0.01(70)	|	8936	
88	12	ok	|	0.01	1.00	1.00	0.01	0.00	0	|	rapi	0.01	0.01	0	|	70.0	0.01(70)	0.01(70)	|	8936	
88	13	ok	|	0.01	1.00	1.00	0.01	0.00	0	|	rapi	0.01	0.01	0	|	70.0	0.01(70)	0.01(70)	|	8936	
88	14	ok	|	0.01	1.00	1.00	0.01	0.00	0	|	rapi	0.01	0.01	0	|	70.0	0.01(70)	0.01(70)	|	8936	
88	15	ok	|	0.01	1.00	1.00	0.01	0.00	0	|	rapi	0.01	0.01	0	|	70.0	0.01(70)	0.01(70)	|	8936	
88	16	ok	|	0.01	1.00	1.00	0.02	0.00	0	|	rapi	0.01	0.01	0	|	70.0	0.02(70)	0.01(70)	|	8936	
88	17	ok	|	0.01	1.00	1.00	0.01	0.00	0	|	rapi	0.01	0.01	0	|	70.0	0.01(70)	0.01(70)	|	8936	
88	18	ok	|	0.01	1.00	1.00	0.01	0.00	0	|	rapi	0.01	0.01	0	|	70.0	0.01(70)	0.01(70)	|	8936	
88	19	ok	|	0.02	1.00	1.00	0.02	0.00	0	|	rapi	0.01	0.01	0	|	70.0	0.02(70)	0.01(70)	|	8936	
88	20	ok	|	0.02	1.00	1.00	0.02	0.00	0	|	rapi	0.01	0.01	0	|	70.0	0.02(70)	0.01(70)	|	8936	
88	21	ok	|	0.01	1.00	1.00	0.01	0.00	0	|	rapi	0.01	0.01	0	|	70.0	0.01(70)	0.01(70)	|	8936	
88	22	ok	|	0.02	1.00	1.00	0.02	0.00	0	|	rapi	0.01	0.02	0	|	70.0	0.02(70)	0.02(70)	|	8936	
88	23	ok	|	0.02	1.00	1.00	0.02	0.00	0	|	rapi	0.02	0.02	0	|	70.0	0.02(70)	0.02(70)	|	8936	
88	24	ok	|	0.02	1.00	1.00	0.02	0.00	0	|	rapi	0.02	0.02	0	|	70.0	0.02(70)	0.02(70)	|	8936	
88	25	ok	|	0.02	1.00	1.00	0.02	0.00	0	|	rapi	0.02	0.02	0	|	70.0	0.02(70)	0.02(70)	|	8936	
88	26	ok	|	0.02	1.00	1.00	0.02	0.00	0	|	rapi	0.02	0.02	0	|	70.0	0.02(70)	0.02(70)	|	8936	
88	27	ok	|	0.03	1.00	1.00	0.03	0.00	0	|	rapi	0.02	0.02	0	|	70.0	0.03(70)	0.02(70)	|	8936	
88	28	ok	|	0.02	1.00	1.00	0.03	0.00	0	|	rapi	0.02	0.02	0	|	70.0	0.03(70)	0.02(70)	|	8936	
88	29	ok	|	0.03	1.00	1.00	0.03	0.00	0	|	rapi	0.03	0.03	0	|	70.0	0.03(70)	0.03(70)	|	8936	
88	30	ok	|	0.03	1.00	1.00	0.03	0.00	0	|	rapi	0.03	0.03	0	|	70.0	0.03(70)	0.03(70)	|	8936	
88	31	ok	|	0.03	1.00	1.00	0.03	0.00	0	|	rapi	0.03	0.03	0	|	70.0	0.03(70)	0.03(70)	|	8936	
88	32	ok	|	0.03	1.00	1.00	0.03	0.00	0	|	rapi	0.03	0.03	0	|	70.0	0.03(70)	0.03(70)	|	8936	
88	33	ok	|	0.03	1.00	1.00	0.03	0.00	0	|	rapi	0.03	0.03	0	|	70.0	0.03(70)	0.03(70)	|	8936	
88	34	ok	|	0.03	1.00	1.00	0.03	0.00	0	|	rapi	0.03	0.03	0	|	70.0	0.03(70)	0.03(70)	|	8936	
88	35	ok	|	0.04	1.00	1.00	0.04	0.00	0	|	rapi	0.04	0.04	0	|	70.0	0.04(70)	0.04(70)	|	8936	
88	36	ok	|	0.04	1.00	1.00	0.04	0.00	0	|	rapi	0.04	0.04	0	|	70.0	0.04(70)	0.04(70)	|	8936	
88	37	ok	|	0.04	1.00	1.00	0.04	0.00	0	|	rapi	0.04	0.04	0	|	70.0	0.04(70)	0.04(70)	|	8936	
88	38	ok	|	0.04	1.00	1.00	0.04	0.00	0	|	rapi	0.04	0.04	0	|	70.0	0.04(70)	0.04(70)	|	8936	
88	39	ok	|	0.04	1.00	1.00	0.04	0.00	0	|	rapi	0.04	0.04	0	|	70.0	0.04(70)	0.04(70)	|	8936	
88	40	ok	|	0.04	1.00	1.00	0.04	0.00	0	|	rapi	0.04	0.04	0	|	70.0	0.04(70)	0.04(70)	|	8936	
88	41	ok	|	0.04	1.00	1.00	0.04	0.00	0	|	rapi	0.04	0.04	0	|	70.0	0.04(70)	0.04(70)	|	8936	
88	42	ok	|	0.04	1.00	1.00	0.05	0.00	0	|	rapi	0.04	0.05	0	|	70.0	0.05(70)	0.05(70)	|	8936	
88	43	ok	|	0.05	1.00	1.00	0.05	0.00	0	|	rapi	0.05	0.05	0	|	70.0	0.05(70)	0.05(70)	|	8936	
88	44	ok	|	0.05	1.00	1.00	0.05	0.00	0	|	rapi	0.05	0.05	0	|	70.0	0.05(70)	0.05(70)	|	8936	
88	45	ok	|	0.05	1.00	1.00	0.05	0.00	0	|	rapi	0.05	0.05	0	|	70.0	0.05(70)	0.05(70)	|	8936	
88	46	ok	|	0.04	1.00	1.00	0.04	0.00	0	|	rapi	0.04	0.04	0	|	70.0	0.04(70)	0.04(70)	|	8936	
88	47	ok	|	0.04	1.00	1.00	0.04	0.00	0	|	rapi	0.04	0.04	0	|	70.0	0.04(70)	0.04(70)	|	8936	
88	48	ok	|	0.04	1.00	1.00	0.04	0.00	0	|	rapi	0.04	0.04	0	|	70.0	0.04(70)	0.04(70)	|	8936	
88	49	ok	|	0.05	1.00	1.00	0.05	0.00	0	|	rapi	0.05	0.05	0	|	70.0	0.05(70)	0.05(70)	|	8936	
88	50	ok	|	0.05	1.00	1.00	0.05	0.00	0	|	rapi	0.05	0.05	0	|	70.0	0.05(70)	0.05(70)	|	8936	
88	51	ok	|	0.04	1.00	1.00	0.04	0.00	0	|	rapi	0.04	0.04	0	|	70.0	0.04(70)	0.04(70)	|	8936	
88	52	ok	|	0.04	1.00	1.00	0.04	0.00	0	|	rapi	0.04	0.04	0	|	70.0	0.04(70)	0.04(70)	|	8936	
88	53	ok	|	0.04	1.00	1.00	0.04	0.00	0	|	rapi	0.04	0.04	0	|	70.0	0.04(70)	0.04(70)	|	8936	
88	54	ok	|	0.04	1.00	1.00	0.04	0.00	0	|	rapi	0.04	0.04	0	|	70.0	0.04(70)	0.04(70)	|	8936	
88	55	ok	|	0.04	1.00	1.00	0.04	0.00	0	|	rapi	0.04	0.04	0	|	70.0	0.04(70)	0.04(70)	|	8936	
88	56	ok	|	0.04	1.00	1.00	0.04	0.00	0	|	rapi	0.04	0.04	0	|	70.0	0.04(70)	0.04(70)	|	8936	
88	57	ok	|	0.04	1.00	1.00	0.04	0.00	0	|	rapi	0.04	0.04	0	|	70.0	0.04(70)	0.04(70)	|	8936	
88	58	ok	|	0.04	1.00	1.00	0.04	0.00	0	|	rapi	0.04	0.04	0	|	70.0	0.04(70)	0.04(70)	|	8936	
88	59	ok	|	0.04	1.00	1.00	0.04	0.00	0	|	rapi	0.04	0.04	0	|	70.0	0.04(70)	0.04(70)	|	8936	
88	60	ok	|	0.04	1.00	1.00	0.04	0.00	0	|	rapi	0.04	0.04	0	|	70.0	0.04(70)	0.04(70)	|	8936	
88	61	ok	|	0.04	1.00	1.00	0.04	0.00	0	|	rapi	0.04	0.04	0	|	70.0	0.04(70)	0.04(70)	|	8936	
88	62	ok	|	0.03	1.00	1.00	0.03	0.00	0	|	rapi	0.03	0.03	0	|	70.0	0.03(70)	0.03(70)	|	8936	
88	63	ok	|	0.03	1.00	1.00	0.03	0.00	0	|	rapi	0.03	0.03	0	|	70.0	0.03(70)	0.03(70)	|	8936	
88	64	ok	|	0.03	1.00	1.00	0.03	0.00	0	|	rapi	0.03	0.03	0	|	70.0	0.03(70)	0.03(70)	|	8936	
88	65	ok	|	0.03	1.00	1.00	0.03	0.00	0	|	rapi	0.03	0.03	0	|	70.0	0.03(70)	0.03(70)	|	8936	
88	66	ok	|	0.03	1.00	1.00	0.03	0.00	0	|	rapi	0.03	0.03	0	|	70.0	0.03(70)	0.03(70)	|	8936	
88	67	ok	|	0.04	1.00	1.00	0.04	0.00	0	|	rapi	0.04	0.04	0	|	70.0	0.04(70)	0.04(70)	|	8936	
88	68	ok	|	0.04	1.00	1.00	0.04	0.00	0	|	rapi	0.04	0.04	0	|	70.0	0.04(70)	0.04(70)	|	8936	
88	69	ok	|	0.03	1.00	1.00	0.03	0.00	0	|	rapi	0.03	0.03	0	|	70.0	0.03(70)	0.03(70)	|	8936	
88	70	ok	|	0.03	1.00	1.00	0.03	0.00	0	|	rapi	0.03	0.03	0	|	70.0	0.03(70)	0.03(70)	|	8936	
88	71	ok	|	0.03	1.00	1.00	0.03	0.00	0	|	rapi	0.03	0.03	0	|	70.0	0.03(70)	0.03(70)	|	8936	
88	72	ok	|	0.03	1.00	1.00	0.03	0.00	0	|	rapi	0.03	0.03	0	|	70.0	0.03(70)	0.03(70)	|	8936	
88	73	ok	|	0.03	1.00	1.00	0.03	0.00	0	|	rapi	0.03	0.03	0	|	70.0	0.03(70)	0.03(70)	|	8936	
88	74	ok	|	0.03	1.00	1.00	0.03	0.00	0	|	rapi	0.03	0.03	0	|	70.0	0.03(70)	0.03(70)	|	8936	
88	75	ok	|	0.03	1.00	1.00	0.03	0.00	0	|	rapi	0.03	0.03	0	|	70.0	0.03(70)	0.03(70)	|	8936	
88	76	ok	|	0.03	1.00	1.00	0.03	0.00	0	|	rapi	0.03	0.03	0	|	70.0	0.03(70)	0.03(70)	|	8936	
88	77	ok	|	0.03	1.00	1.00	0.03	0.00	0	|	rapi	0.03	0.03	0	|	70.0	0.03(70)	0.03(70)	|	8936	
88	78	ok	|	0.03	1.00	1.00	0.03	0.00	0	|	rapi	0.03	0.03	0	|	70.0	0.03(70)	0.03(70)	|	8936	
88	79	ok	|	0.03	1.00	1.00	0.03	0.00	0	|	rapi	0.03	0.03	0	|	70.0	0.03(70)	0.03(70)	|	8936	
88	80	ok	|	0.03	1.00	1.00	0.03	0.00	0	|	rapi	0.03	0.03	0	|	70.0	0.03(70)	0.03(70)	|	8936	
88	81	ok	|	0.03	1.00	1.00	0.03	0.00	0	|	rapi	0.03	0.03	0	|	70.0	0.03(70)	0.03(70)	|	8936	
88	82	ok	|	0.03	1.00	1.00	0.03	0.00	0	|	rapi	0.03	0.03	0	|	70.0	0.03(70)	0.03(70)	|	8936	
88	83	ok	|	0.03	1.00	1.00	0.03	0.00	0	|	rapi	0.03	0.03	0	|	70.0	0.03(70)	0.03(70)	|	8936	
88	84	ok	|	0.03	1.00	1.00	0.03	0.00	0	|	rapi	0.03	0.03	0	|	70.0	0.03(70)	0.03(70)	|	8936	
88	85	ok	|	0.02	1.00	1.00	0.02	0.00	0	|	rapi	0.02	0.02	0	|	70.0	0.02(70)	0.02(70)	|	8936	
88	86	ok	|	0.02	1.00	1.00	0.02	0.00	0	|	rapi	0.02	0.02	0	|	70.0	0.02(70)	0.02(70)	|	8936	
88	87	ok	|	0.02	1.00	1.00	0.02	0.00	0	|	rapi	0.02	0.02	0	|	70.0	0.02(70)	0.02(70)	|	8936	
88	88	ok	|	0.03	1.00	1.00	0.03	0.00	0	|	rapi	0.03	0.03	0	|	70.0	0.03(70)	0.03(70)	|	8936	
88	89	ok	|	0.03	1.00	1.00	0.03	0.00	0	|	rapi	0.03	0.03	0	|	70.0	0.03(70)	0.03(70)	|	8936	
88	90	ok	|	0.03	1.00	1.00	0.03	0.00	0	|	rapi	0.03	0.03	0	|	70.0	0.03(70)	0.03(70)	|	8936	
88	91	ok	|	0.03	1.00	1.00	0.03	0.00	0	|	rapi	0.03	0.03	0	|	70.0	0.03(70)	0.03(70)	|	8936	
88	92	ok	|	0.03	1.00	1.00	0.03	0.00	0	|	rapi	0.03	0.03	0	|	70.0	0.03(70)	0.03(70)	|	8936	
88	93	ok	|	0.03	1.00	1.00	0.03	0.00	0	|	rapi	0.03	0.03	0	|	70.0	0.03(70)	0.03(70)	|	8936	
88	94	ok	|	0.03	1.00	1.00	0.03	0.00	0	|	rapi	0.03	0.03	0	|	70.0	0.03(70)	0.03(70)	|	8936	
88	95	ok	|	0.02	1.00	1.00	0.02	0.00	0	|	rapi	0.02	0.02	0	|	70.0	0.02(70)	0.02(70)	|	8936	
88	96	ok	|	0.02	1.00	1.00	0.02	0.00	0	|	rapi	0.02	0.02	0	|	70.0	0.02(70)	0.02(70)	|	8936	
88	97	ok	|	0.03	1.00	1.00	0.03	0.00	0	|	rapi	0.03	0.03	0	|	70.0	0.03(70)	0.03(70)	|	8936	
88	98	ok	|	0.03	1.00	1.00	0.03	0.00	0	|	rapi	0.03	0.03	0	|	70.0	0.03(70)	0.03(70)	|	8936	
88	99	ok	|	0.02	1.00	1.00	0.02	0.00	0	|	rapi	0.02	0.02	0	|	70.0	0.02(70)	0.02(70)	|	8936	
88	100	ok	|	0.02	1.00	1.00	0.02	0.00	0	|	rapi	0.02	0.02	0	|	70.0	0.02(70)	0.02(70)	|	8936	
88	101	ok	|	0.02	1.00	1.00	0.02	0.00	0	|	rapi	0.02	0.02	0	|	70.0	0.02(70)	0.02(70)	|	8936	
88	102	ok	|	0.02	1.00	1.00	0.02	0.00	0	|	rapi	0.02	0.02	0	|	70.0	0.02(70)	0.02(70)	|	8936	
88	103	ok	|	0.02	1.00	1.00	0.02	0.00	0	|	rapi	0.02	0.02	0	|	70.0	0.02(70)	0.02(70)	|	8936	
88	104	ok	|	0.02	1.00	1.00	0.02	0.00	0	|	rapi	0.02	0.02	0	|	70.0	0.02(70)	0.02(70)	|	8936	
88	105	ok	|	0.02	1.00	1.00	0.02	0.00	0	|	rapi	0.02	0.02	0	|	70.0	0.02(70)	0.02(70)	|	8936	
88	106	ok	|	0.02	1.00	1.00	0.02	0.00	0	|	rapi	0.02	0.02	0	|	70.0	0.02(70)	0.02(70)	|	8936	
88	107	ok	|	0.02	1.00	1.00	0.02	0.00	0	|	rapi	0.02	0.02	0	|	70.0	0.02(70)	0.02(70)	|	8936	
88	108	ok	|	0.02	1.00	1.00	0.02	0.00	0	|	rapi	0.02	0.02	0	|	70.0	0.02(70)	0.02(70)	|	8936	
88	109	ok	|	0.02	1.00	1.00	0.02	0.00	0	|	rapi	0.02	0.02	0	|	70.0	0.02(70)	0.02(70)	|	8936	
88	110	ok	|	0.02	1.00	1.00	0.02	0.00	0	|	rapi	0.02	0.02	0	|	70.0	0.02(70)	0.02(70)	|	8936	
88	111	ok	|	0.02	1.00	1.00	0.02	0.00	0	|	rapi	0.02	0.02	0	|	70.0	0.02(70)	0.02(70)	|	8936	
88	112	ok	|	0.02	1.00	1.00	0.02	0.00	0	|	rapi	0.02	0.02	0	|	70.0	0.02(70)	0.02(70)	|	8936	
88	113	ok	|	0.02	1.00	1.00	0.02	0.00	0	|	rapi	0.02	0.02	0	|	70.0	0.02(70)	0.02(70)	|	8936	
88	114	ok	|	0.02	1.00	1.00	0.02	0.00	0	|	rapi	0.02	0.02	0	|	70.0	0.02(70)	0.02(70)	|	8936	
88	115	ok	|	0.02	1.00	1.00	0.02	0.00	0	|	rapi	0.02	0.02	0	|	70.0	0.02(70)	0.02(70)	|	8936	
88	116	ok	|	0.02	1.00	1.00	0.02	0.00	0	|	rapi	0.02	0.02	0	|	70.0	0.02(70)	0.02(70)	|	8936	
88	117	ok	|	0.02	1.00	1.00	0.02	0.00	0	|	rapi	0.02	0.02	0	|	70.0	0.02(70)	0.02(70)	|	8936	
88	118	ok	|	0.03	1.00	1.00	0.03	0.00	0	|	rapi	0.03	0.03	0	|	70.0	0.03(70)	0.03(70)	|	8936	
88	119	ok	|	0.03	1.00	1.00	0.03	0.00	0	|	rapi	0.03	0.03	0	|	70.0	0.03(70)	0.03(70)	|	8936	
88	120	ok	|	0.02	1.00	1.00	0.02	0.00	0	|	rapi	0.02	0.02	0	|	70.0	0.02(70)	0.02(70)	|	8936	
88	121	ok	|	0.02	1.00	1.00	0.02	0.00	0	|	rapi	0.02	0.02	0	|	70.0	0.02(70)	0.02(70)	|	8936	
88	122	ok	|	0.02	1.00	1.00	0.02	0.00	0	|	rapi	0.02	0.02	0	|	70.0	0.02(70)	0.02(70)	|	8936	
88	123	ok	|	0.03	1.00	1.00	0.03	0.00	0	|	rapi	0.03	0.03	0	|	70.0	0.03(70)	0.03(70)	|	8936	
88	124	ok	|	0.02	1.00	1.00	0.02	0.00	0	|	rapi	0.02	0.02	0	|	70.0	0.02(70)	0.02(70)	|	8936	
88	125	ok	|	0.02	1.00	1.00	0.02	0.00	0	|	rapi	0.02	0.02	0	|	70.0	0.02(70)	0.02(70)	|	8936	
88	126	ok	|	0.02	1.00	1.00	0.03	0.00	0	|	rapi	0.02	0.03	0	|	70.0	0.03(70)	0.03(70)	|	8936	
88	127	ok	|	0.03	1.00	1.00	0.03	0.00	0	|	rapi	0.03	0.03	0	|	70.0	0.03(70)	0.03(70)	|	8936	
88	128	ok	|	0.03	1.00	1.00	0.03	0.00	0	|	rapi	0.03	0.03	0	|	70.0	0.03(70)	0.03(70)	|	8936	
88	129	ok	|	0.03	1.00	1.00	0.03	0.00	0	|	rapi	0.03	0.03	0	|	70.0	0.03(70)	0.03(70)	|	8936	
88	130	ok	|	0.03	1.00	1.00	0.03	0.00	0	|	rapi	0.03	0.03	0	|	70.0	0.03(70)	0.03(70)	|	8936	
88	131	ok	|	0.03	1.00	1.00	0.03	0.00	0	|	rapi	0.03	0.03	0	|	70.0	0.03(70)	0.03(70)	|	8936	
88	132	ok	|	0.02	1.00	1.00	0.03	0.00	0	|	rapi	0.02	0.03	0	|	70.0	0.03(70)	0.03(70)	|	8936	
88	133	ok	|	0.03	1.00	1.00	0.03	0.00	0	|	rapi	0.03	0.03	0	|	70.0	0.03(70)	0.03(70)	|	8936	
88	134	ok	|	0.03	1.00	1.00	0.03	0.00	0	|	rapi	0.03	0.03	0	|	70.0	0.03(70)	0.03(70)	|	8936	
88	135	ok	|	0.03	1.00	1.00	0.03	0.00	0	|	rapi	0.03	0.03	0	|	70.0	0.03(70)	0.03(70)	|	8936	
88	136	ok	|	0.03	1.00	1.00	0.03	0.00	0	|	rapi	0.03	0.03	0	|	70.0	0.03(70)	0.03(70)	|	8936	
88	137	ok	|	0.03	1.00	1.00	0.03	0.00	0	|	rapi	0.03	0.03	0	|	70.0	0.03(70)	0.03(70)	|	8936	
88	138	ok	|	0.03	1.00	1.00	0.03	0.01	0	|	rapi	0.03	0.03	0	|	70.0	0.03(70)	0.03(70)	|	8936	
88	139	ok	|	0.03	1.00	1.00	0.03	0.01	0	|	rapi	0.03	0.03	0	|	70.0	0.03(70)	0.03(70)	|	8936	
88	140	ok	|	0.04	1.00	1.00	0.04	0.01	0	|	rapi	0.04	0.04	0	|	70.0	0.04(70)	0.04(70)	|	8936	
88	141	ok	|	0.04	1.00	1.00	0.04	0.01	0	|	rapi	0.04	0.04	0	|	70.0	0.04(70)	0.04(70)	|	8936	
88	142	ok	|	0.04	1.00	1.00	0.04	0.01	0	|	rapi	0.04	0.04	0	|	70.0	0.04(70)	0.04(70)	|	8936	
88	143	ok	|	0.04	1.00	1.00	0.04	0.01	0	|	rapi	0.04	0.04	0	|	70.0	0.04(70)	0.04(70)	|	8936	
88	144	ok	|	0.04	1.00	1.00	0.04	0.01	0	|	rapi	0.04	0.04	0	|	70.0	0.04(70)	0.04(70)	|	8936	
88	145	ok	|	0.04	1.00	1.00	0.05	0.01	0	|	rapi	0.04	0.05	0	|	70.0	0.05(70)	0.05(70)	|	8936	
88	146	ok	|	0.04	1.00	1.00	0.04	0.01	0	|	rapi	0.04	0.04	0	|	70.0	0.04(70)	0.04(70)	|	8936	
88	147	ok	|	0.04	1.00	1.00	0.04	0.01	0	|	rapi	0.04	0.04	0	|	70.0	0.04(70)	0.04(70)	|	8936	
88	148	ok	|	0.04	1.00	1.00	0.04	0.01	0	|	rapi	0.04	0.04	0	|	70.0	0.04(70)	0.04(70)	|	8936	
88	149	ok	|	0.04	1.00	1.00	0.04	0.01	0	|	rapi	0.04	0.04	0	|	70.0	0.04(70)	0.04(70)	|	8936	
88	150	ok	|	0.04	1.00	1.00	0.04	0.01	0	|	rapi	0.04	0.04	0	|	70.0	0.04(70)	0.04(70)	|	8936	
88	151	ok	|	0.04	1.00	1.00	0.04	0.01	0	|	rapi	0.04	0.04	0	|	70.0	0.04(70)	0.04(70)	|	8936	
88	152	ok	|	0.04	1.00	1.00	0.04	0.01	0	|	rapi	0.04	0.04	0	|	70.0	0.04(70)	0.04(70)	|	8936	
88	153	ok	|	0.03	1.00	1.00	0.03	0.01	0	|	rapi	0.03	0.03	0	|	70.0	0.03(70)	0.03(70)	|	8936	
88	154	ok	|	0.03	1.00	1.00	0.03	0.00	0	|	rapi	0.03	0.03	0	|	70.0	0.03(70)	0.03(70)	|	8936	
88	155	ok	|	0.03	1.00	1.00	0.03	0.00	0	|	rapi	0.03	0.03	0	|	70.0	0.03(70)	0.03(70)	|	8936	
88	156	ok	|	0.03	1.00	1.00	0.03	0.00	0	|	rapi	0.03	0.03	0	|	70.0	0.03(70)	0.03(70)	|	8936	
88	157	ok	|	0.02	1.00	1.00	0.02	0.00	0	|	rapi	0.02	0.02	0	|	70.0	0.02(70)	0.02(70)	|	8936	
88	158	ok	|	0.03	1.00	1.00	0.03	0.00	0	|	rapi	0.03	0.03	0	|	70.0	0.03(70)	0.03(70)	|	8936	
88	159	ok	|	0.02	1.00	1.00	0.02	0.00	0	|	rapi	0.02	0.02	0	|	70.0	0.02(70)	0.02(70)	|	8936	
88	160	ok	|	0.02	1.00	1.00	0.02	0.00	0	|	rapi	0.02	0.02	0	|	70.0	0.02(70)	0.02(70)	|	8936	
88	161	ok	|	0.02	1.00	1.00	0.02	0.00	0	|	rapi	0.02	0.02	0	|	70.0	0.02(70)	0.02(70)	|	8936	
88	162	ok	|	0.02	1.00	1.00	0.02	0.00	0	|	rapi	0.02	0.02	0	|	70.0	0.02(70)	0.02(70)	|	8936	
88	163	ok	|	0.02	1.00	1.00	0.02	0.00	0	|	rapi	0.02	0.02	0	|	70.0	0.02(70)	0.02(70)	|	8936	
88	164	ok	|	0.02	1.00	1.00	0.02	0.00	0	|	rapi	0.02	0.02	0	|	70.0	0.02(70)	0.02(70)	|	8936	
88	165	ok	|	0.02	1.00	1.00	0.02	0.00	0	|	rapi	0.02	0.02	0	|	70.0	0.02(70)	0.02(70)	|	8936	
88	166	ok	|	0.03	1.00	1.00	0.03	0.00	0	|	rapi	0.03	0.03	0	|	70.0	0.03(70)	0.03(70)	|	8936	
88	167	ok	|	0.03	1.00	1.00	0.03	0.00	0	|	rapi	0.03	0.03	0	|	70.0	0.03(70)	0.03(70)	|	8936	
88	168	ok	|	0.03	1.00	1.00	0.03	0.00	0	|	rapi	0.03	0.03	0	|	70.0	0.03(70)	0.03(70)	|	8936	
88	169	ok	|	0.03	1.00	1.00	0.03	0.00	0	|	rapi	0.03	0.03	0	|	70.0	0.03(70)	0.03(70)	|	8936	
88	170	ok	|	0.03	1.00	1.00	0.03	0.00	0	|	rapi	0.03	0.03	0	|	70.0	0.03(70)	0.03(70)	|	8936	
88	171	ok	|	0.03	1.00	1.00	0.03	0.00	0	|	rapi	0.03	0.03	0	|	70.0	0.03(70)	0.03(70)	|	8936	
88	172	ok	|	0.03	1.00	1.00	0.03	0.00	0	|	rapi	0.03	0.03	0	|	70.0	0.03(70)	0.03(70)	|	8936	
88	173	ok	|	0.03	1.00	1.00	0.03	0.00	0	|	rapi	0.03	0.03	0	|	70.0	0.03(70)	0.03(70)	|	8936	
88	174	ok	|	0.03	1.00	1.00	0.03	0.01	0	|	rapi	0.03	0.03	0	|	70.0	0.03(70)	0.03(70)	|	8936	
88	175	ok	|	0.03	1.00	1.00	0.03	0.01	0	|	rapi	0.03	0.03	0	|	70.0	0.03(70)	0.03(70)	|	8936	
88	176	ok	|	0.03	1.00	1.00	0.03	0.00	0	|	rapi	0.03	0.03	0	|	70.0	0.03(70)	0.03(70)	|	8936	
88	177	ok	|	0.03	1.00	1.00	0.03	0.00	0	|	rapi	0.03	0.03	0	|	70.0	0.03(70)	0.03(70)	|	8936	
88	178	ok	|	0.03	1.00	1.00	0.03	0.01	0	|	rapi	0.03	0.03	0	|	70.0	0.03(70)	0.03(70)	|	8936	
88	179	ok	|	0.03	1.00	1.00	0.03	0.01	0	|	rapi	0.03	0.03	0	|	70.0	0.03(70)	0.03(70)	|	8936	
88	180	ok	|	0.03	1.00	1.00	0.03	0.01	0	|	rapi	0.03	0.03	0	|	70.0	0.03(70)	0.03(70)	|	8936	
88	181	ok	|	0.03	1.00	1.00	0.03	0.01	0	|	rapi	0.03	0.03	0	|	70.0	0.03(70)	0.03(70)	|	8936	
88	182	ok	|	0.03	1.00	1.00	0.03	0.01	0	|	rapi	0.03	0.03	0	|	70.0	0.03(70)	0.03(70)	|	8936	
88	183	ok	|	0.03	1.00	1.00	0.03	0.01	0	|	rapi	0.03	0.03	0	|	70.0	0.03(70)	0.03(70)	|	8936	
88	184	ok	|	0.03	1.00	1.00	0.03	0.01	0	|	rapi	0.03	0.03	0	|	70.0	0.03(70)	0.03(70)	|	8936	
88	185	ok	|	0.03	1.00	1.00	0.03	0.00	0	|	rapi	0.03	0.03	0	|	70.0	0.03(70)	0.03(70)	|	8936	
88	186	ok	|	0.03	1.00	1.00	0.03	0.00	0	|	rapi	0.03	0.03	0	|	70.0	0.03(70)	0.03(70)	|	8936	
88	187	ok	|	0.03	1.00	1.00	0.03	0.00	0	|	rapi	0.03	0.03	0	|	70.0	0.03(70)	0.03(70)	|	8936	
88	188	ok	|	0.03	1.00	1.00	0.03	0.01	0	|	rapi	0.03	0.03	0	|	70.0	0.03(70)	0.03(70)	|	8936	
88	189	ok	|	0.03	1.00	1.00	0.03	0.00	0	|	rapi	0.03	0.03	0	|	70.0	0.03(70)	0.03(70)	|	8936	
88	190	ok	|	0.03	1.00	1.00	0.03	0.00	0	|	rapi	0.03	0.03	0	|	70.0	0.03(70)	0.03(70)	|	8936	
88	191	ok	|	0.03	1.00	1.00	0.03	0.00	0	|	rapi	0.03	0.03	0	|	70.0	0.03(70)	0.03(70)	|	8936	
88	192	ok	|	0.03	1.00	1.00	0.03	0.01	0	|	rapi	0.03	0.03	0	|	70.0	0.03(70)	0.03(70)	|	8936	
88	193	ok	|	0.03	1.00	1.00	0.03	0.01	0	|	rapi	0.03	0.03	0	|	70.0	0.03(70)	0.03(70)	|	8936	
88	194	ok	|	0.03	1.00	1.00	0.03	0.01	0	|	rapi	0.03	0.03	0	|	70.0	0.03(70)	0.03(70)	|	8936	
88	195	ok	|	0.03	1.00	1.00	0.03	0.01	0	|	rapi	0.03	0.03	0	|	70.0	0.03(70)	0.03(70)	|	8936	
88	196	ok	|	0.03	1.00	1.00	0.03	0.00	0	|	rapi	0.03	0.03	0	|	70.0	0.03(70)	0.03(70)	|	8936	
88	197	ok	|	0.03	1.00	1.00	0.03	0.00	0	|	rapi	0.03	0.03	0	|	70.0	0.03(70)	0.03(70)	|	8936	
88	198	ok	|	0.02	1.00	1.00	0.02	0.00	0	|	rapi	0.02	0.02	0	|	70.0	0.02(70)	0.02(70)	|	8936	
88	199	ok	|	0.02	1.00	1.00	0.02	0.00	0	|	rapi	0.02	0.02	0	|	70.0	0.02(70)	0.02(70)	|	8936	
88	200	ok	|	0.02	1.00	1.00	0.02	0.00	0	|	rapi	0.02	0.02	0	|	70.0	0.02(70)	0.02(70)	|	8936	
88	201	ok	|	0.02	1.00	1.00	0.02	0.00	0	|	rapi	0.02	0.02	0	|	70.0	0.02(70)	0.02(70)	|	8936	
88	202	ok	|	0.02	1.00	1.00	0.02	0.00	0	|	rapi	0.02	0.02	0	|	70.0	0.02(70)	0.02(70)	|	8936	
88	203	ok	|	0.02	1.00	1.00	0.02	0.00	0	|	rapi	0.02	0.02	0	|	70.0	0.02(70)	0.02(70)	|	8936	
88	204	ok	|	0.02	1.00	1.00	0.02	0.00	0	|	rapi	0.02	0.02	0	|	70.0	0.02(70)	0.02(70)	|	8936	
88	205	ok	|	0.02	1.00	1.00	0.02	0.00	0	|	rapi	0.02	0.02	0	|	70.0	0.02(70)	0.02(70)	|	8936	
88	206	ok	|	0.02	1.00	1.00	0.02	0.00	0	|	rapi	0.02	0.02	0	|	70.0	0.02(70)	0.02(70)	|	8936	
88	207	ok	|	0.02	1.00	1.00	0.02	0.00	0	|	rapi	0.02	0.02	0	|	70.0	0.02(70)	0.02(70)	|	8936	
88	208	ok	|	0.02	1.00	1.00	0.02	0.00	0	|	rapi	0.02	0.02	0	|	70.0	0.02(70)	0.02(70)	|	8936	
88	209	ok	|	0.01	1.00	1.00	0.01	0.00	0	|	rapi	0.01	0.01	0	|	70.0	0.01(70)	0.01(70)	|	8936	
88	210	ok	|	0.01	1.00	1.00	0.01	0.00	0	|	rapi	0.01	0.01	0	|	70.0	0.01(70)	0.01(70)	|	8936	
88	211	ok	|	0.02	1.00	1.00	0.02	0.00	0	|	rapi	0.02	0.02	0	|	70.0	0.02(70)	0.02(70)	|	8936	
88	212	ok	|	0.02	1.00	1.00	0.02	0.00	0	|	rapi	0.02	0.02	0	|	70.0	0.02(70)	0.02(70)	|	8936	
88	213	ok	|	0.02	1.00	1.00	0.02	0.00	0	|	rapi	0.02	0.02	0	|	70.0	0.02(70)	0.02(70)	|	8936	
88	214	ok	|	0.02	1.00	1.00	0.02	0.00	0	|	rapi	0.02	0.02	0	|	70.0	0.02(70)	0.02(70)	|	8936	
88	215	ok	|	0.02	1.00	1.00	0.02	0.00	0	|	rapi	0.02	0.02	0	|	70.0	0.02(70)	0.02(70)	|	8936	
88	216	ok	|	0.02	1.00	1.00	0.02	0.00	0	|	rapi	0.02	0.02	0	|	70.0	0.02(70)	0.02(70)	|	8936	
88	217	ok	|	0.02	1.00	1.00	0.02	0.00	0	|	rapi	0.02	0.02	0	|	70.0	0.02(70)	0.02(70)	|	8936	
88	218	ok	|	0.01	1.00	1.00	0.01	0.00	0	|	rapi	0.01	0.01	0	|	70.0	0.01(70)	0.01(70)	|	8936	
88	219	ok	|	0.01	1.00	1.00	0.01	0.00	0	|	rapi	0.01	0.01	0	|	70.0	0.01(70)	0.01(70)	|	8936	
88	220	ok	|	0.01	1.00	1.00	0.01	0.00	0	|	rapi	0.01	0.01	0	|	70.0	0.01(70)	0.01(70)	|	8936	
88	221	ok	|	0.01	1.00	1.00	0.01	0.00	0	|	rapi	0.01	0.01	0	|	70.0	0.01(70)	0.01(70)	|	8936	
88	222	ok	|	0.01	1.00	1.00	0.01	0.00	0	|	rapi	0.01	0.01	0	|	70.0	0.01(70)	0.01(70)	|	8936	
88	223	ok	|	0.01	1.00	1.00	0.01	0.00	0	|	rapi	0.01	0.01	0	|	70.0	0.01(70)	0.01(70)	|	8936	
88	224	ok	|	0.01	1.00	1.00	0.01	0.00	0	|	rapi	0.01	0.01	0	|	70.0	0.01(70)	0.01(70)	|	8936	
88	225	ok	|	0.01	1.00	1.00	0.01	0.00	0	|	rapi	0.01	0.01	0	|	70.0	0.01(70)	0.01(70)	|	8936	
88	226	ok	|	0.01	1.00	1.00	0.01	0.00	0	|	rapi	0.01	0.01	0	|	70.0	0.01(70)	0.01(70)	|	8936	
88	227	ok	|	0.01	1.00	1.00	0.01	0.00	0	|	rapi	0.01	0.01	0	|	70.0	0.01(70)	0.01(70)	|	8936	
88	228	ok	|	0.01	1.00	1.00	0.01	0.00	0	|	rapi	0.01	0.01	0	|	70.0	0.01(70)	0.01(70)	|	8936	
88	229	ok	|	0.01	1.00	1.00	0.01	0.00	0	|	rapi	0.01	0.01	0	|	70.0	0.01(70)	0.01(70)	|	8936	
88	230	ok	|	0.01	1.00	1.00	0.01	0.00	0	|	rapi	0.01	0.01	0	|	70.0	0.01(70)	0.01(70)	|	8936	
88	231	ok	|	0.01	1.00	1.00	0.01	0.00	0	|	rapi	0.01	0.01	0	|	70.0	0.01(70)	0.01(70)	|	8936	
88	232	ok	|	0.01	1.00	1.00	0.01	0.00	0	|	rapi	0.01	0.01	0	|	70.0	0.01(70)	0.01(70)	|	8936	
88	233	ok	|	0.01	1.00	1.00	0.01	0.00	0	|	rapi	0.01	0.01	0	|	70.0	0.01(70)	0.01(70)	|	8936	
88	234	ok	|	0.01	1.00	1.00	0.01	0.00	0	|	rapi	0.01	0.01	0	|	70.0	0.01(70)	0.01(70)	|	8936	
88	235	ok	|	0.01	1.00	1.00	0.01	0.00	0	|	rapi	0.01	0.01	0	|	70.0	0.01(70)	0.01(70)	|	8936	
88	236	ok	|	0.01	1.00	1.00	0.01	0.00	0	|	rapi	0.01	0.01	0	|	70.0	0.01(70)	0.01(70)	|	8936	
88	237	ok	|	0.01	1.00	1.00	0.01	0.00	0	|	rapi	0.01	0.01	0	|	70.0	0.01(70)	0.01(70)	|	8936	
88	238	ok	|	0.01	1.00	1.00	0.01	0.00	0	|	rapi	0.01	0.01	0	|	70.0	0.01(70)	0.01(70)	|	8936	
88	239	ok	|	0.01	1.00	1.00	0.01	0.00	0	|	rapi	0.01	0.01	0	|	70.0	0.01(70)	0.01(70)	|	8936	
88	240	ok	|	0.01	1.00	1.00	0.01	0.00	0	|	rapi	0.01	0.01	0	|	70.0	0.01(70)	0.01(70)	|	8936	
88	241	ok	|	0.01	1.00	1.00	0.01	0.00	0	|	rapi	0.01	0.01	0	|	70.0	0.01(70)	0.01(70)	|	8936	
88	242	ok	|	0.01	1.00	1.00	0.01	0.00	0	|	rapi	0.01	0.01	0	|	70.0	0.01(70)	0.01(70)	|	8936	
88	243	ok	|	0.01	1.00	1.00	0.01	0.00	0	|	rapi	0.01	0.01	0	|	70.0	0.01(70)	0.01(70)	|	8936	
88	244	ok	|	0.01	1.00	1.00	0.01	0.00	0	|	rapi	0.01	0.01	0	|	70.0	0.01(70)	0.01(70)	|	8936	
88	245	ok	|	0.01	1.00	1.00	0.01	0.00	0	|	rapi	0.01	0.01	0	|	70.0	0.01(70)	0.01(70)	|	8936	
88	246	ok	|	0.01	1.00	1.00	0.01	0.00	0	|	rapi	0.01	0.01	0	|	70.0	0.01(70)	0.01(70)	|	8936	
88	247	ok	|	0.01	1.00	1.00	0.01	0.00	0	|	rapi	0.01	0.01	0	|	70.0	0.01(70)	0.01(70)	|	8936	
88	248	ok	|	0.01	1.00	1.00	0.01	0.00	0	|	rapi	0.01	0.01	0	|	70.0	0.01(70)	0.01(70)	|	8936	
88	249	ok	|	0.01	1.00	1.00	0.01	0.00	0	|	rapi	0.01	0.01	0	|	70.0	0.01(70)	0.01(70)	|	8936	
88	250	ok	|	0.01	1.00	1.00	0.01	0.00	0	|	rapi	0.01	0.01	0	|	70.0	0.01(70)	0.01(70)	|	8936	
88	251	ok	|	0.01	1.00	1.00	0.01	0.00	0	|	rapi	0.01	0.01	0	|	70.0	0.01(70)	0.01(70)	|	8936	
88	252	ok	|	0.01	1.00	1.00	0.01	0.00	0	|	rapi	0.01	0.01	0	|	70.0	0.01(70)	0.01(70)	|	8936	
88	253	ok	|	0.01	1.00	1.00	0.01	0.00	0	|	rapi	0.01	0.01	0	|	70.0	0.01(70)	0.01(70)	|	8936	
88	254	ok	|	0.01	1.00	1.00	0.01	0.00	0	|	rapi	0.01	0.01	0	|	70.0	0.01(70)	0.01(70)	|	8936	
88	255	ok	|	0.01	1.00	1.00	0.01	0.00	0	|	rapi	0.01	0.01	0	|	70.0	0.01(70)	0.01(70)	|	8936	
88	256	ok	|	0.01	1.00	1.00	0.01	0.00	0	|	rapi	0.01	0.01	0	|	70.0	0.01(70)	0.01(70)	|	8936	
88	257	ok	|	0.01	1.00	1.00	0.01	0.00	0	|	rapi	0.01	0.01	0	|	70.0	0.01(70)	0.01(70)	|	8936	
88	258	ok	|	0.01	1.00	1.00	0.01	0.00	0	|	rapi	0.01	0.01	0	|	70.0	0.01(70)	0.01(70)	|	8936	
88	259	ok	|	0.01	1.00	1.00	0.01	0.00	0	|	rapi	0.01	0.01	0	|	70.0	0.01(70)	0.01(70)	|	8936	
88	260	ok	|	0.01	1.00	1.00	0.01	0.00	0	|	rapi	0.01	0.01	0	|	70.0	0.01(70)	0.01(70)	|	8936	
88	261	ok	|	0.01	1.00	1.00	0.01	0.00	0	|	rapi	0.01	0.01	0	|	70.0	0.01(70)	0.01(70)	|	8936	
88	262	ok	|	0.01	1.00	1.00	0.01	0.00	0	|	rapi	0.01	0.01	0	|	70.0	0.01(70)	0.01(70)	|	8936	
88	263	ok	|	0.01	1.00	1.00	0.01	0.00	0	|	rapi	0.01	0.01	0	|	70.0	0.01(70)	0.01(70)	|	8936	
88	264	ok	|	0.01	1.00	1.00	0.01	0.00	0	|	rapi	0.01	0.01	0	|	70.0	0.01(70)	0.01(70)	|	8936	
88	265	ok	|	0.00	1.00	1.00	0.00	0.00	0	|	rapi	0.00	0.00	0	|	70.0	0.00(70)	0.00(70)	|	8936	
88	266	ok	|	0.00	1.00	1.00	0.00	0.00	0	|	rapi	0.00	0.00	0	|	70.0	0.00(70)	0.00(70)	|	8936	
88	267	ok	|	0.00	1.00	1.00	0.00	0.00	0	|	rapi	0.00	0.00	0	|	70.0	0.00(70)	0.00(70)	|	8936	
88	268	ok	|	0.00	1.00	1.00	0.00	0.00	0	|	rapi	0.00	0.00	0	|	70.0	0.00(70)	0.00(70)	|	8936	
88	269	ok	|	0.00	1.00	1.00	0.00	0.00	0	|	rapi	0.00	0.00	0	|	70.0	0.00(70)	0.00(70)	|	8936	
88	270	ok	|	0.00	1.00	1.00	0.00	0.00	0	|	rapi	0.00	0.00	0	|	70.0	0.00(70)	0.00(70)	|	8936	
88	271	ok	|	0.00	1.00	1.00	0.00	0.00	0	|	rapi	0.00	0.00	0	|	70.0	0.00(70)	0.00(70)	|	8936	
88	272	ok	|	0.00	1.00	1.00	0.00	0.00	0	|	rapi	0.00	0.00	0	|	70.0	0.00(70)	0.00(70)	|	8936	
88	273	ok	|	0.00	1.00	1.00	0.00	0.00	0	|	rapi	0.00	0.00	0	|	70.0	0.00(70)	0.00(70)	|	8936	
88	274	ok	|	0.00	1.00	1.00	0.00	0.00	0	|	rapi	0.00	0.00	0	|	70.0	0.00(70)	0.00(70)	|	8936	
88	275	ok	|	0.00	1.00	1.00	0.00	0.00	0	|	rapi	0.00	0.00	0	|	70.0	0.00(70)	0.00(70)	|	8936	
88	276	ok	|	0.00	1.00	1.00	0.00	0.00	0	|	rapi	0.00	0.00	0	|	70.0	0.00(70)	0.00(70)	|	8936	
88	277	ok	|	0.00	1.00	1.00	0.00	0.00	0	|	rapi	0.00	0.00	0	|	70.0	0.00(70)	0.00(70)	|	8936	
88	278	ok	|	0.00	1.00	1.00	0.00	0.00	0	|	rapi	0.00	0.00	0	|	70.0	0.00(70)	0.00(70)	|	8936	
88	279	ok	|	0.00	1.00	1.00	0.00	0.00	0	|	rapi	0.00	0.00	0	|	70.0	0.00(70)	0.00(70)	|	8936	
88	280	ok	|	0.00	1.00	1.00	0.00	0.00	0	|	rapi	0.00	0.00	0	|	70.0	0.00(70)	0.00(70)	|	8936	
88	281	ok	|	0.00	1.00	1.00	0.00	0.00	0	|	rapi	0.00	0.00	0	|	70.0	0.00(70)	0.00(70)	|	8936	
88	282	ok	|	0.00	1.00	1.00	0.00	0.00	0	|	rapi	0.00	0.00	0	|	70.0	0.00(70)	0.00(70)	|	8936	
88	283	ok	|	0.00	1.00	1.00	0.00	0.00	0	|	rapi	0.00	0.00	0	|	70.0	0.00(70)	0.00(70)	|	8936	
88	284	ok	|	0.00	1.00	1.00	0.00	0.00	0	|	rapi	0.00	0.00	0	|	70.0	0.00(70)	0.00(70)	|	8936	
88	285	ok	|	0.00	1.00	1.00	0.00	0.00	0	|	rapi	0.00	0.00	0	|	70.0	0.00(70)	0.00(70)	|	8936	
88	286	ok	|	0.00	1.00	1.00	0.00	0.00	0	|	rapi	0.00	0.00	0	|	70.0	0.00(70)	0.00(70)	|	8936	
88	287	ok	|	0.00	1.00	1.00	0.00	0.00	0	|	rapi	0.00	0.00	0	|	70.0	0.00(70)	0.00(70)	|	8936	
88	288	ok	|	0.00	1.00	1.00	0.00	0.00	0	|	rapi	0.00	0.00	0	|	70.0	0.00(70)	0.00(70)	|	8936	
88	289	ok	|	0.00	1.00	1.00	0.00	0.00	0	|	rapi	0.00	0.00	0	|	70.0	0.00(70)	0.00(70)	|	8936	
88	290	ok	|	0.00	1.00	1.00	0.00	0.00	0	|	rapi	0.00	0.00	0	|	70.0	0.00(70)	0.00(70)	|	8936	
88	291	ok	|	0.00	1.00	1.00	0.00	0.00	0	|	rapi	0.00	0.00	0	|	70.0	0.00(70)	0.00(70)	|	8936	
88	292	ok	|	0.00	1.00	1.00	0.00	0.00	0	|	rapi	0.00	0.00	0	|	70.0	0.00(70)	0.00(70)	|	8936	
88	293	ok	|	0.00	1.00	1.00	0.00	0.00	0	|	rapi	0.00	0.00	0	|	70.0	0.00(70)	0.00(70)	|	8936	
88	294	ok	|	0.00	1.00	1.00	0.00	0.00	0	|	rapi	0.00	0.00	0	|	70.0	0.00(70)	0.00(70)	|	8936	
88	295	ok	|	0.00	1.00	1.00	0.00	0.00	0	|	rapi	0.00	0.00	0	|	70.0	0.00(70)	0.00(70)	|	8936	
88	296	ok	|	0.00	1.00	1.00	0.00	0.00	0	|	rapi	0.00	0.00	0	|	70.0	0.00(70)	0.00(70)	|	8936	
88	297	ok	|	0.00	1.00	1.00	0.00	0.00	0	|	rapi	0.00	0.00	0	|	70.0	0.00(70)	0.00(70)	|	8936	
88	298	ok	|	0.00	1.00	1.00	0.00	0.00	0	|	rapi	0.00	0.00	0	|	70.0	0.00(70)	0.00(70)	|	8936	
88	299	ok	|	0.00	1.00	1.00	0.00	0.00	0	|	rapi	0.00	0.00	0	|	70.0	0.00(70)	0.00(70)	|	8936	
88	300	ok	|	0.00	1.00	1.00	0.00	0.00	0	|	rapi	0.00	0.00	0	|	70.0	0.00(70)	0.00(70)	|	8936	
88	301	ok	|	0.00	1.00	1.00	0.00	0.00	0	|	rapi	0.00	0.00	0	|	70.0	0.00(70)	0.00(70)	|	8936	
88	302	ok	|	0.00	1.00	1.00	0.00	0.00	0	|	rapi	0.00	0.00	0	|	70.0	0.00(70)	0.00(70)	|	8936	
88	303	ok	|	0.00	1.00	1.00	0.00	0.00	0	|	rapi	0.00	0.00	0	|	70.0	0.00(70)	0.00(70)	|	8936	
88	304	ok	|	0.00	1.00	1.00	0.00	0.00	0	|	rapi	0.00	0.00	0	|	70.0	0.00(70)	0.00(70)	|	8936	
88	305	ok	|	0.00	1.00	1.00	0.00	0.00	0	|	rapi	0.00	0.00	0	|	70.0	0.00(70)	0.00(70)	|	8936	
88	306	ok	|	0.00	1.00	1.00	0.00	0.00	0	|	rapi	0.00	0.00	0	|	70.0	0.00(70)	0.00(70)	|	8936	
88	307	ok	|	0.00	1.00	1.00	0.00	0.00	0	|	rapi	0.00	0.00	0	|	70.0	0.00(70)	0.00(70)	|	8936	
88	308	ok	|	0.00	1.00	1.00	0.00	0.00	0	|	rapi	0.00	0.00	0	|	70.0	0.00(70)	0.00(70)	|	8936	
88	309	ok	|	0.00	1.00	1.00	0.00	0.00	0	|	rapi	0.00	0.00	0	|	70.0	0.00(70)	0.00(70)	|	8936	
88	310	ok	|	0.00	1.00	1.00	0.00	0.00	0	|	rapi	0.00	0.00	0	|	70.0	0.00(70)	0.00(70)	|	8936	
88	311	ok	|	0.00	1.00	1.00	0.00	0.00	0	|	rapi	0.00	0.00	0	|	70.0	0.00(70)	0.00(70)	|	8936	
88	312	ok	|	0.00	1.00	1.00	0.00	0.00	0	|	rapi	0.00	0.00	0	|	70.0	0.00(70)	0.00(70)	|	8936	
88	313	ok	|	0.00	1.00	1.00	0.00	0.00	0	|	rapi	0.00	0.00	0	|	70.0	0.00(70)	0.00(70)	|	8936	
88	314	ok	|	0.00	1.00	1.00	0.00	0.00	0	|	rapi	0.00	0.00	0	|	70.0	0.00(70)	0.00(70)	|	8936	
88	315	ok	|	0.00	1.00	1.00	0.00	0.00	0	|	rapi	0.00	0.00	0	|	70.0	0.00(70)	0.00(70)	|	8936	
88	316	ok	|	0.00	1.00	1.00	0.00	0.00	0	|	rapi	0.00	0.00	0	|	70.0	0.00(70)	0.00(70)	|	8936	
88	317	ok	|	0.00	1.00	1.00	0.00	0.00	0	|	rapi	0.00	0.00	0	|	70.0	0.00(70)	0.00(70)	|	8936	
88	318	ok	|	0.00	1.00	1.00	0.00	0.00	0	|	rapi	0.00	0.00	0	|	70.0	0.00(70)	0.00(70)	|	8936	
88	319	ok	|	0.00	1.00	1.00	0.00	0.00	0	|	rapi	0.00	0.00	0	|	70.0	0.00(70)	0.00(70)	|	8936	
88	320	ok	|	0.00	1.00	1.00	0.00	0.00	0	|	rapi	0.00	0.00	0	|	70.0	0.00(70)	0.00(70)	|	8936	
88	321	ok	|	0.00	1.00	1.00	0.00	0.00	0	|	rapi	0.00	0.00	0	|	70.0	0.00(70)	0.00(70)	|	8936	
88	322	ok	|	0.00	1.00	1.00	0.00	0.00	0	|	rapi	0.00	0.00	0	|	70.0	0.00(70)	0.00(70)	|	8936	
88	323	ok	|	0.00	1.00	1.00	0.00	0.00	0	|	rapi	0.00	0.00	0	|	70.0	0.00(70)	0.00(70)	|	8936	
88	324	ok	|	0.00	1.00	1.00	0.00	0.00	0	|	rapi	0.00	0.00	0	|	70.0	0.00(70)	0.00(70)	|	8936	
88	325	ok	|	0.00	1.00	1.00	0.00	0.00	0	|	rapi	0.00	0.00	0	|	70.0	0.00(70)	0.00(70)	|	8936	
88	326	ok	|	0.00	1.00	1.00	0.00	0.00	0	|	rapi	0.00	0.00	0	|	70.0	0.00(70)	0.00(70)	|	8936	
88	327	ok	|	0.00	1.00	1.00	0.00	0.00	0	|	rapi	0.00	0.00	0	|	70.0	0.00(70)	0.00(70)	|	8936	
88	328	ok	|	0.00	1.00	1.00	0.00	0.00	0	|	rapi	0.00	0.00	0	|	70.0	0.00(70)	0.00(70)	|	8936	
88	329	ok	|	0.00	1.00	1.00	0.00	0.00	0	|	rapi	0.00	0.00	0	|	70.0	0.00(70)	0.00(70)	|	8936	
88	330	ok	|	0.00	1.00	1.00	0.00	0.00	0	|	rapi	0.00	0.00	0	|	70.0	0.00(70)	0.00(70)	|	8936	
88	331	ok	|	0.00	1.00	1.00	0.00	0.00	0	|	rapi	0.00	0.00	0	|	70.0	0.00(70)	0.00(70)	|	8936	
88	332	ok	|	0.00	1.00	1.00	0.00	0.00	0	|	rapi	0.00	0.00	0	|	70.0	0.00(70)	0.00(70)	|	8936	
88	333	ok	|	0.00	1.00	1.00	0.00	0.00	0	|	rapi	0.00	0.00	0	|	70.0	0.00(70)	0.00(70)	|	8936	
88	334	ok	|	0.00	1.00	1.00	0.00	0.00	0	|	rapi	0.00	0.00	0	|	70.0	0.00(70)	0.00(70)	|	8936	
88	335	ok	|	0.00	1.00	1.00	0.00	0.00	0	|	rapi	0.00	0.00	0	|	70.0	0.00(70)	0.00(70)	|	8936	
88	336	ok	|	0.00	1.00	1.00	0.00	0.00	0	|	rapi	0.00	0.00	0	|	70.0	0.00(70)	0.00(70)	|	8936	
88	337	ok	|	0.00	1.00	1.00	0.00	0.00	0	|	rapi	0.00	0.00	0	|	70.0	0.00(70)	0.00(70)	|	8936	
88	338	ok	|	0.00	1.00	1.00	0.00	0.00	0	|	rapi	0.00	0.00	0	|	70.0	0.00(70)	0.00(70)	|	8936	
88	339	ok	|	0.00	1.00	1.00	0.00	0.00	0	|	rapi	0.00	0.00	0	|	70.0	0.00(70)	0.00(70)	|	8936	
88	340	ok	|	0.00	1.00	1.00	0.00	0.00	0	|	rapi	0.00	0.00	0	|	70.0	0.00(70)	0.00(70)	|	8936	
88	341	ok	|	0.00	1.00	1.00	0.00	0.00	0	|	rapi	0.00	0.00	0	|	70.0	0.00(70)	0.00(70)	|	8936	
88	342	fail-0	|	0.00	1.00	1.00	0.00	NaN	0	|	rapi	0.00	0.00	0	|	NaN			|	8936	
