1012	0	ok	|	0.10	1.00	1.00	0.10	0.00	0	|	rapi	0.00	0.00	0	|	-98.0	0.10(-98)		|	136	
1012	1	ok	|	0.12	1.00	1.00	0.13	0.00	0	|	rapi	0.00	0.00	0	|	-98.0	0.13(-98)		|	136	
1012	2	ok	|	0.12	1.00	1.00	0.16	0.00	0	|	rapi	0.00	0.00	0	|	-98.0	0.16(-98)		|	136	
1012	3	ok	|	0.14	1.00	1.00	0.19	0.00	0	|	rapi	0.00	0.00	0	|	-98.0	0.19(-98)		|	136	
1012	4	ok	|	0.17	1.00	1.00	0.23	0.00	0	|	rapi	0.00	0.00	0	|	-98.0	0.23(-98)		|	136	
1012	5	ok	|	0.21	1.00	1.00	0.29	0.00	0	|	rapi	0.00	0.00	0	|	-98.0	0.29(-98)		|	136	
1012	6	ok	|	0.21	1.00	1.00	0.31	0.00	0	|	rapi	0.00	0.00	0	|	-98.0	0.31(-98)		|	136	
1012	7	ok	|	0.23	1.00	1.00	0.32	0.00	0	|	rapi	0.00	0.00	0	|	-98.0	0.32(-98)		|	136	
1012	8	ok	|	0.29	1.00	1.00	0.42	0.00	0	|	rapi	0.00	0.00	0	|	-98.0	0.42(-98)		|	136	
1012	9	ok	|	0.33	0.99	0.99	0.51	0.00	0	|	rapi	0.00	0.00	0	|	-98.0	0.51(-98)		|	136	
1012	10	ok	|	0.37	0.99	0.99	0.60	0.00	0	|	rapi	0.00	0.00	0	|	-98.0	0.60(-98)		|	136	
1012	11	ok	|	0.42	0.99	0.99	0.70	0.00	0	|	rapi	0.00	0.00	0	|	-98.0	0.70(-98)		|	136	
1012	12	ok	|	0.48	0.99	0.99	0.88	0.00	0	|	rapi	0.00	0.00	0	|	-98.0	0.88(-98)		|	136	
1012	13	ok	|	0.55	0.99	0.99	0.95	0.00	0	|	rapi	0.00	0.00	0	|	-98.0	0.95(-98)		|	136	
1012	14	ok	|	0.59	0.99	0.99	1.08	0.00	0	|	rapi	0.00	0.00	0	|	-98.0	1.08(-98)		|	136	
1012	15	ok	|	0.63	0.99	0.99	1.29	0.00	0	|	rapi	0.00	0.00	0	|	-98.0	1.29(-98)		|	136	
1012	16	ok	|	0.68	0.98	0.98	1.51	0.00	0	|	rapi	0.00	0.00	0	|	-98.0	1.51(-98)		|	136	
1012	17	ok	|	0.74	0.98	0.98	1.76	0.00	0	|	rapi	0.00	0.00	0	|	-98.0	1.76(-98)		|	136	
1012	18	ok	|	0.77	0.98	0.98	2.03	0.00	0	|	rapi	0.00	0.00	0	|	-98.0	2.03(-98)		|	136	
1012	19	ok	|	0.83	0.98	0.98	2.35	0.00	0	|	rapi	0.00	0.00	0	|	-98.0	2.35(-98)		|	136	
1012	20	ok	|	0.87	0.97	0.97	2.74	0.00	0	|	rapi	0.00	0.00	0	|	-98.0	2.74(-98)		|	136	
1012	21	ok	|	0.91	0.97	0.97	3.30	0.00	0	|	rapi	0.00	0.00	0	|	-98.0	3.30(-98)		|	136	
1012	22	ok	|	0.94	0.96	0.96	4.01	0.00	0	|	rapi	0.00	0.00	0	|	-98.0	4.01(-98)		|	136	
1012	23	ok	|	0.97	0.95	0.95	4.72	0.00	0	|	rapi	0.00	0.00	0	|	-98.0	4.72(-98)		|	136	
1012	24	ok	|	0.99	0.95	0.95	5.47	0.00	0	|	rapi	0.00	0.00	0	|	-98.0	5.47(-98)		|	136	
1012	25	ok	|	0.99	0.93	0.93	6.54	0.00	0	|	rapi	0.00	0.00	0	|	-98.0	6.54(-98)		|	136	
1012	26	ok	|	1.00	0.92	0.92	7.54	0.00	0	|	rapi	0.00	0.00	0	|	-98.0	7.54(-98)		|	136	
1012	27	ok	|	1.00	0.91	0.91	9.11	0.00	0	|	rapi	0.00	0.00	0	|	-98.0	9.11(-98)		|	136	
1012	28	ok	|	1.00	0.90	0.90	10.46	0.00	0	|	rapi	0.00	0.00	0	|	-98.0	10.46(-98)		|	136	
1012	29	ok	|	1.00	0.88	0.88	12.11	0.00	0	|	rapi	0.00	0.00	0	|	-98.0	12.11(-98)	0.00(-98)	|	136	
1012	30	ok	|	1.00	0.86	0.86	14.32	0.00	0	|	rapi	0.00	0.00	0	|	-98.0	14.32(-98)		|	136	
1012	31	ok	|	1.00	0.83	0.83	16.85	0.00	0	|	rapi	0.00	0.00	0	|	-98.0	16.85(-98)	0.00(-98)	|	136	
1012	32	ok	|	1.00	0.80	0.80	19.86	0.00	0	|	rapi	0.00	0.00	0	|	-98.0	19.86(-98)	0.00(-98)	|	136	
1012	33	ok	|	1.00	0.77	0.77	23.13	0.00	0	|	rapi	0.00	0.00	0	|	-98.0	23.13(-98)	0.00(-98)	|	136	
1012	34	ok	|	1.00	0.73	0.73	27.02	0.00	0	|	rapi	0.00	0.00	0	|	-98.0	27.02(-98)	0.00(-98)	|	136	
1012	35	ok	|	1.00	0.68	0.68	31.56	0.00	0	|	rapi	0.00	0.00	0	|	-98.0	31.56(-98)	0.00(-98)	|	136	
1012	36	ok	|	1.00	0.63	0.63	36.86	0.00	0	|	rapi	0.00	0.00	0	|	-98.0	36.86(-98)		|	136	
1012	37	ok	|	1.00	0.57	0.57	43.12	0.00	0	|	rapi	0.00	0.00	0	|	-98.0	43.12(-98)	0.00(-98)	|	136	
1012	38	ok	|	1.00	0.50	0.50	50.15	0.00	0	|	rapi	0.00	0.00	0	|	-98.0	50.15(-98)	0.00(-98)	|	136	
1012	39	ok	|	1.00	0.42	0.42	57.97	0.00	0	|	rapi	0.01	0.01	0	|	-98.0	57.97(-98)	0.01(-98)	|	136	
1012	40	ok	|	1.00	0.34	0.34	66.24	0.00	0	|	rapi	0.01	0.01	0	|	-98.0	66.24(-98)	0.01(-98)	|	136	
1012	41	ok	|	1.00	0.24	0.24	75.66	0.00	0	|	rapi	0.01	0.01	0	|	-98.0	75.66(-98)	0.01(-98)	|	136	
1012	42	ok	|	1.00	0.15	0.15	85.25	0.00	0	|	rapi	0.02	0.02	0	|	-98.0	85.25(-98)	0.02(-98)	|	136	
1012	43	fail-w	|	1.00	0.08	0.08	93.95	0.00	0	|	rapi	0.03	0.03	0	|	-98.0	93.95(-98)	0.03(-98)	|	136	
