1015	0	ok	|	0.10	1.00	1.00	0.10	0.00	0	|	rapi	0.09	0.10	0	|	64.0	0.10(64)	0.10(64)	|	8822	
1015	1	ok	|	0.09	1.00	1.00	0.09	0.00	0	|	rapi	0.09	0.09	0	|	64.0	0.09(64)	0.09(64)	|	8822	
1015	2	ok	|	0.09	1.00	1.00	0.09	0.00	0	|	rapi	0.09	0.09	0	|	64.0	0.09(64)	0.09(64)	|	8822	
1015	3	ok	|	0.09	1.00	1.00	0.09	0.00	0	|	rapi	0.09	0.09	0	|	64.0	0.09(64)	0.09(64)	|	8822	
1015	4	ok	|	0.08	1.00	1.00	0.08	0.00	0	|	rapi	0.08	0.08	0	|	64.0	0.08(64)	0.08(64)	|	8822	
1015	5	ok	|	0.07	1.00	1.00	0.08	0.00	0	|	rapi	0.07	0.08	0	|	64.0	0.08(64)	0.08(64)	|	8822	
1015	6	ok	|	0.07	1.00	1.00	0.07	0.00	0	|	rapi	0.07	0.07	0	|	64.0	0.07(64)	0.07(64)	|	8822	
1015	7	ok	|	0.08	1.00	1.00	0.09	0.00	0	|	rapi	0.08	0.09	0	|	64.0	0.09(64)	0.09(64)	|	8822	
1015	8	ok	|	0.10	1.00	1.00	0.10	0.00	0	|	rapi	0.10	0.10	0	|	64.0	0.10(64)	0.10(64)	|	8822	
1015	9	ok	|	0.09	1.00	1.00	0.09	0.00	0	|	rapi	0.09	0.09	0	|	64.0	0.09(64)	0.09(64)	|	8822	
1015	10	ok	|	0.09	1.00	1.00	0.09	0.00	0	|	rapi	0.09	0.09	0	|	64.0	0.09(64)	0.09(64)	|	8822	
1015	11	ok	|	0.08	1.00	1.00	0.08	0.00	0	|	rapi	0.08	0.08	0	|	64.0	0.08(64)	0.08(64)	|	8822	
1015	12	ok	|	0.07	1.00	1.00	0.07	0.00	0	|	rapi	0.07	0.07	0	|	64.0	0.07(64)	0.07(64)	|	8822	
1015	13	ok	|	0.07	1.00	1.00	0.07	0.00	0	|	rapi	0.07	0.07	0	|	64.0	0.07(64)	0.07(64)	|	8822	
1015	14	ok	|	0.07	1.00	1.00	0.07	0.00	0	|	rapi	0.07	0.07	0	|	64.0	0.07(64)	0.07(64)	|	8822	
1015	15	ok	|	0.06	1.00	1.00	0.06	0.00	0	|	rapi	0.06	0.06	0	|	64.0	0.06(64)	0.06(64)	|	8822	
1015	16	ok	|	0.06	1.00	1.00	0.06	0.00	0	|	rapi	0.06	0.06	0	|	64.0	0.06(64)	0.06(64)	|	8822	
1015	17	ok	|	0.07	1.00	1.00	0.07	0.00	0	|	rapi	0.07	0.07	0	|	64.0	0.07(64)	0.07(64)	|	8822	
1015	18	ok	|	0.05	1.00	1.00	0.06	0.00	0	|	rapi	0.05	0.06	0	|	64.0	0.06(64)	0.06(64)	|	8822	
1015	19	ok	|	0.05	1.00	1.00	0.05	0.00	0	|	rapi	0.05	0.05	0	|	64.0	0.05(64)	0.05(64)	|	8822	
1015	20	ok	|	0.05	1.00	1.00	0.05	0.00	0	|	rapi	0.05	0.05	0	|	64.0	0.05(64)	0.05(64)	|	8822	
1015	21	ok	|	0.06	1.00	1.00	0.06	0.00	0	|	rapi	0.06	0.06	0	|	64.0	0.06(64)	0.06(64)	|	8822	
1015	22	ok	|	0.05	1.00	1.00	0.05	0.00	0	|	rapi	0.05	0.05	0	|	64.0	0.05(64)	0.05(64)	|	8822	
1015	23	ok	|	0.06	1.00	1.00	0.06	0.00	0	|	rapi	0.06	0.06	0	|	64.0	0.06(64)	0.06(64)	|	8822	
1015	24	ok	|	0.08	1.00	1.00	0.08	0.01	0	|	rapi	0.08	0.08	0	|	64.0	0.08(64)	0.08(64)	|	8822	
1015	25	ok	|	0.08	1.00	1.00	0.08	0.01	0	|	rapi	0.08	0.08	0	|	64.0	0.08(64)	0.08(64)	|	8822	
1015	26	ok	|	0.07	1.00	1.00	0.07	0.01	0	|	rapi	0.07	0.07	0	|	64.0	0.07(64)	0.07(64)	|	8822	
1015	27	ok	|	0.08	1.00	1.00	0.08	0.01	0	|	rapi	0.08	0.08	0	|	64.0	0.08(64)	0.08(64)	|	8822	
1015	28	ok	|	0.07	1.00	1.00	0.07	0.01	0	|	rapi	0.07	0.07	0	|	64.0	0.07(64)	0.07(64)	|	8822	
1015	29	ok	|	0.07	1.00	1.00	0.07	0.01	0	|	rapi	0.07	0.07	0	|	64.0	0.07(64)	0.07(64)	|	8822	
1015	30	ok	|	0.06	1.00	1.00	0.06	0.01	0	|	rapi	0.06	0.06	0	|	64.0	0.06(64)	0.06(64)	|	8822	
1015	31	ok	|	0.06	1.00	1.00	0.06	0.01	0	|	rapi	0.06	0.06	0	|	64.0	0.06(64)	0.06(64)	|	8822	
1015	32	ok	|	0.07	1.00	1.00	0.07	0.01	0	|	rapi	0.07	0.07	0	|	64.0	0.07(64)	0.07(64)	|	8822	
1015	33	ok	|	0.06	1.00	1.00	0.06	0.01	0	|	rapi	0.06	0.06	0	|	64.0	0.06(64)	0.06(64)	|	8822	
1015	34	ok	|	0.06	1.00	1.00	0.06	0.01	0	|	rapi	0.06	0.06	0	|	64.0	0.06(64)	0.06(64)	|	8822	
1015	35	ok	|	0.06	1.00	1.00	0.06	0.01	0	|	rapi	0.06	0.06	0	|	64.0	0.06(64)	0.06(64)	|	8822	
1015	36	ok	|	0.06	1.00	1.00	0.06	0.01	0	|	rapi	0.06	0.06	0	|	64.0	0.06(64)	0.06(64)	|	8822	
1015	37	ok	|	0.05	1.00	1.00	0.06	0.01	0	|	rapi	0.05	0.06	0	|	64.0	0.06(64)	0.06(64)	|	8822	
1015	38	ok	|	0.05	1.00	1.00	0.05	0.01	0	|	rapi	0.05	0.05	0	|	64.0	0.05(64)	0.05(64)	|	8822	
1015	39	ok	|	0.04	1.00	1.00	0.04	0.01	0	|	rapi	0.04	0.04	0	|	64.0	0.04(64)	0.04(64)	|	8822	
1015	40	ok	|	0.04	1.00	1.00	0.04	0.01	0	|	rapi	0.04	0.04	0	|	64.0	0.04(64)	0.04(64)	|	8822	
1015	41	ok	|	0.04	1.00	1.00	0.04	0.01	0	|	rapi	0.04	0.04	0	|	64.0	0.04(64)	0.04(64)	|	8822	
1015	42	ok	|	0.04	1.00	1.00	0.04	0.00	0	|	rapi	0.04	0.04	0	|	64.0	0.04(64)	0.04(64)	|	8822	
1015	43	ok	|	0.04	1.00	1.00	0.04	0.00	0	|	rapi	0.04	0.04	0	|	64.0	0.04(64)	0.04(64)	|	8822	
1015	44	ok	|	0.04	1.00	1.00	0.04	0.01	0	|	rapi	0.04	0.04	0	|	64.0	0.04(64)	0.04(64)	|	8822	
1015	45	ok	|	0.05	1.00	1.00	0.05	0.01	0	|	rapi	0.05	0.05	0	|	64.0	0.05(64)	0.05(64)	|	8822	
1015	46	ok	|	0.04	1.00	1.00	0.04	0.01	0	|	rapi	0.04	0.04	0	|	64.0	0.04(64)	0.04(64)	|	8822	
1015	47	ok	|	0.04	1.00	1.00	0.04	0.01	0	|	rapi	0.04	0.04	0	|	64.0	0.04(64)	0.04(64)	|	8822	
1015	48	ok	|	0.03	1.00	1.00	0.03	0.01	0	|	rapi	0.03	0.03	0	|	64.0	0.03(64)	0.03(64)	|	8822	
1015	49	ok	|	0.02	1.00	1.00	0.02	0.00	0	|	rapi	0.02	0.02	0	|	64.0	0.02(64)	0.02(64)	|	8822	
1015	50	ok	|	0.02	1.00	1.00	0.02	0.00	0	|	rapi	0.02	0.02	0	|	64.0	0.02(64)	0.02(64)	|	8822	
1015	51	ok	|	0.02	1.00	1.00	0.02	0.00	0	|	rapi	0.02	0.02	0	|	64.0	0.02(64)	0.02(64)	|	8822	
1015	52	ok	|	0.01	1.00	1.00	0.01	0.00	0	|	rapi	0.01	0.01	0	|	64.0	0.01(64)	0.01(64)	|	8822	
1015	53	ok	|	0.01	1.00	1.00	0.01	0.00	0	|	rapi	0.01	0.01	0	|	64.0	0.01(64)	0.01(64)	|	8822	
1015	54	ok	|	0.01	1.00	1.00	0.01	0.00	0	|	rapi	0.01	0.01	0	|	64.0	0.01(64)	0.01(64)	|	8822	
1015	55	ok	|	0.00	1.00	1.00	0.00	0.00	0	|	rapi	0.00	0.00	0	|	64.0	0.00(64)	0.00(64)	|	8822	
1015	56	ok	|	0.01	1.00	1.00	0.01	0.00	0	|	rapi	0.01	0.01	0	|	64.0	0.01(64)	0.01(64)	|	8822	
1015	57	ok	|	0.01	1.00	1.00	0.01	0.01	0	|	rapi	0.01	0.01	0	|	64.0	0.01(64)	0.01(64)	|	8822	
1015	58	ok	|	0.01	1.00	1.00	0.01	0.00	0	|	rapi	0.01	0.01	0	|	64.0	0.01(64)	0.01(64)	|	8822	
1015	59	ok	|	0.01	1.00	1.00	0.01	0.00	0	|	rapi	0.01	0.01	0	|	64.0	0.01(64)	0.01(64)	|	8822	
1015	60	ok	|	0.01	1.00	1.00	0.01	0.01	0	|	rapi	0.01	0.01	0	|	64.0	0.01(64)	0.01(64)	|	8822	
1015	61	ok	|	0.01	1.00	1.00	0.01	0.01	0	|	rapi	0.01	0.01	0	|	64.0	0.01(64)	0.01(64)	|	8822	
1015	62	ok	|	0.01	1.00	1.00	0.01	0.01	0	|	rapi	0.01	0.01	0	|	64.0	0.01(64)	0.01(64)	|	8822	
1015	63	ok	|	0.01	1.00	1.00	0.01	0.00	0	|	rapi	0.01	0.01	0	|	64.0	0.01(64)	0.01(64)	|	8822	
1015	64	ok	|	0.01	1.00	1.00	0.01	0.00	0	|	rapi	0.01	0.01	0	|	64.0	0.01(64)	0.01(64)	|	8822	
1015	65	ok	|	0.01	1.00	1.00	0.01	0.01	0	|	rapi	0.01	0.01	0	|	64.0	0.01(64)	0.01(64)	|	8822	
1015	66	ok	|	0.01	1.00	1.00	0.01	0.00	0	|	rapi	0.01	0.01	0	|	64.0	0.01(64)	0.01(64)	|	8822	
1015	67	ok	|	0.01	1.00	1.00	0.01	0.01	0	|	rapi	0.01	0.01	0	|	64.0	0.01(64)	0.01(64)	|	8822	
1015	68	ok	|	0.01	1.00	1.00	0.01	0.01	0	|	rapi	0.01	0.01	0	|	64.0	0.01(64)	0.01(64)	|	8822	
1015	69	ok	|	0.01	1.00	1.00	0.01	0.00	0	|	rapi	0.01	0.01	0	|	64.0	0.01(64)	0.01(64)	|	8822	
1015	70	ok	|	0.01	1.00	1.00	0.01	0.00	0	|	rapi	0.01	0.01	0	|	64.0	0.01(64)	0.01(64)	|	8822	
1015	71	ok	|	0.00	1.00	1.00	0.00	0.00	0	|	rapi	0.00	0.00	0	|	64.0	0.00(64)	0.00(64)	|	8822	
1015	72	ok	|	0.00	1.00	1.00	0.00	0.00	0	|	rapi	0.00	0.00	0	|	64.0	0.00(64)	0.00(64)	|	8822	
1015	73	ok	|	0.00	1.00	1.00	0.00	0.00	0	|	rapi	0.00	0.00	0	|	64.0	0.00(64)	0.00(64)	|	8822	
1015	74	fail-0	|	0.00	1.00	1.00	0.00	NaN	0	|	rapi	0.00	0.00	0	|	NaN			|	8822	
