1060	0	ok	|	0.09	1.00	1.00	0.10	0.00	0	|	rapi	0.00	0.00	0	|	-40.0	0.10(-40)		|	1	
1060	1	ok	|	0.11	1.00	1.00	0.13	0.00	0	|	rapi	0.00	0.00	0	|	-40.0	0.13(-40)		|	1	
1060	2	ok	|	0.14	1.00	1.00	0.16	0.00	0	|	rapi	0.00	0.00	0	|	-40.0	0.16(-40)		|	1	
1060	3	ok	|	0.14	1.00	1.00	0.19	0.00	0	|	rapi	0.00	0.00	0	|	-40.0	0.19(-40)		|	1	
1060	4	ok	|	0.19	1.00	1.00	0.24	0.00	0	|	rapi	0.00	0.00	0	|	-40.0	0.24(-40)		|	1	
1060	5	ok	|	0.19	1.00	1.00	0.26	0.00	0	|	rapi	0.00	0.00	0	|	-40.0	0.26(-40)		|	1	
1060	6	ok	|	0.23	1.00	1.00	0.33	0.00	0	|	rapi	0.00	0.00	0	|	-40.0	0.33(-40)		|	1	
1060	7	ok	|	0.27	1.00	1.00	0.39	0.00	0	|	rapi	0.00	0.00	0	|	-40.0	0.39(-40)		|	1	
1060	8	ok	|	0.33	0.99	0.99	0.51	0.00	0	|	rapi	0.00	0.00	0	|	-40.0	0.51(-40)		|	1	
1060	9	ok	|	0.38	0.99	0.99	0.57	0.00	0	|	rapi	0.00	0.00	0	|	-40.0	0.57(-40)		|	1	
1060	10	ok	|	0.40	0.99	0.99	0.62	0.00	0	|	rapi	0.00	0.00	0	|	-40.0	0.62(-40)		|	1	
1060	11	ok	|	0.45	0.99	0.99	0.75	0.00	0	|	rapi	0.00	0.00	0	|	-40.0	0.75(-40)		|	1	
1060	12	ok	|	0.49	0.99	0.99	0.87	0.00	0	|	rapi	0.00	0.00	0	|	-40.0	0.87(-40)		|	1	
1060	13	ok	|	0.55	0.99	0.99	0.97	0.00	0	|	rapi	0.00	0.00	0	|	-40.0	0.97(-40)		|	1	
1060	14	ok	|	0.60	0.99	0.99	1.16	0.00	0	|	rapi	0.00	0.00	0	|	-40.0	1.16(-40)		|	1	
1060	15	ok	|	0.68	0.99	0.99	1.38	0.00	0	|	rapi	0.00	0.00	0	|	-40.0	1.38(-40)		|	1	
1060	16	ok	|	0.71	0.98	0.98	1.65	0.00	0	|	rapi	0.00	0.00	0	|	-40.0	1.65(-40)		|	1	
1060	17	ok	|	0.77	0.98	0.98	2.04	0.00	0	|	rapi	0.00	0.00	0	|	-40.0	2.04(-40)		|	1	
1060	18	ok	|	0.84	0.98	0.98	2.38	0.00	0	|	rapi	0.00	0.00	0	|	-40.0	2.38(-40)		|	1	
1060	19	ok	|	0.89	0.97	0.97	2.84	0.00	0	|	rapi	0.00	0.00	0	|	-40.0	2.84(-40)		|	1	
1060	20	ok	|	0.92	0.97	0.97	3.27	0.00	0	|	rapi	0.00	0.00	0	|	-40.0	3.27(-40)		|	1	
1060	21	ok	|	0.94	0.96	0.96	3.79	0.00	0	|	rapi	0.00	0.00	0	|	-40.0	3.79(-40)		|	1	
1060	22	ok	|	0.97	0.96	0.96	4.50	0.00	0	|	rapi	0.00	0.00	0	|	-40.0	4.50(-40)		|	1	
1060	23	ok	|	0.98	0.95	0.95	5.24	0.00	0	|	rapi	0.00	0.00	0	|	-40.0	5.24(-40)		|	1	
1060	24	ok	|	0.99	0.94	0.94	6.07	0.00	0	|	rapi	0.00	0.00	0	|	-40.0	6.07(-40)		|	1	
1060	25	ok	|	0.99	0.93	0.93	7.20	0.00	0	|	rapi	0.00	0.00	0	|	-40.0	7.20(-40)		|	1	
1060	26	ok	|	1.00	0.92	0.92	8.40	0.00	0	|	rapi	0.00	0.00	0	|	-40.0	8.40(-40)		|	1	
1060	27	ok	|	1.00	0.90	0.90	9.75	0.00	0	|	rapi	0.00	0.00	0	|	-40.0	9.75(-40)		|	1	
1060	28	ok	|	1.00	0.89	0.89	11.42	0.00	0	|	rapi	0.00	0.00	0	|	-40.0	11.42(-40)		|	1	
1060	29	ok	|	1.00	0.87	0.87	13.25	0.00	0	|	rapi	0.00	0.00	0	|	-40.0	13.25(-40)	0.00(-40)	|	1	
1060	30	ok	|	1.00	0.84	0.84	15.65	0.00	0	|	rapi	0.00	0.00	0	|	-40.0	15.65(-40)	0.00(-40)	|	1	
1060	31	ok	|	1.00	0.82	0.82	18.11	0.00	0	|	rapi	0.00	0.00	0	|	-40.0	18.11(-40)	0.00(-40)	|	1	
1060	32	ok	|	1.00	0.79	0.79	21.04	0.00	0	|	rapi	0.01	0.01	0	|	-40.0	21.04(-40)	0.01(-40)	|	1	
1060	33	ok	|	1.00	0.75	0.75	24.52	0.00	0	|	rapi	0.01	0.01	0	|	-40.0	24.52(-40)	0.01(-40)	|	1	
1060	34	ok	|	1.00	0.71	0.71	28.53	0.00	0	|	rapi	0.01	0.01	0	|	-40.0	28.53(-40)	0.01(-40)	|	1	
1060	35	ok	|	1.00	0.66	0.66	33.64	0.00	0	|	rapi	0.01	0.01	0	|	-40.0	33.64(-40)	0.01(-40)	|	1	
1060	36	ok	|	1.00	0.61	0.61	39.02	0.00	0	|	rapi	0.01	0.01	0	|	-40.0	39.02(-40)	0.01(-40)	|	1	
1060	37	ok	|	1.00	0.54	0.54	45.82	0.00	0	|	rapi	0.01	0.01	0	|	-40.0	45.82(-40)	0.01(-40)	|	1	
1060	38	ok	|	1.00	0.47	0.47	53.16	0.00	0	|	rapi	0.01	0.01	0	|	-40.0	53.16(-40)	0.01(-40)	|	1	
1060	39	ok	|	1.00	0.38	0.38	61.62	0.00	0	|	rapi	0.02	0.02	0	|	-40.0	61.62(-40)	0.02(-40)	|	1	
1060	40	ok	|	1.00	0.30	0.30	70.12	0.00	0	|	rapi	0.02	0.02	0	|	-40.0	70.12(-40)	0.02(-40)	|	1	
1060	41	ok	|	1.00	0.21	0.21	79.11	0.00	0	|	rapi	0.03	0.03	0	|	-40.0	79.11(-40)	0.03(-40)	|	1	
1060	42	ok	|	1.00	0.14	0.14	87.36	0.00	0	|	rapi	0.06	0.06	0	|	-40.0	87.36(-40)	0.06(-40)	|	1	
1060	43	fail-w	|	1.00	0.09	0.09	92.92	0.00	0	|	rapi	0.13	0.13	0	|	-40.0	92.92(-40)	0.13(-40)	|	1	
