1119	0	ok	|	0.10	1.00	1.00	0.10	0.00	0	|	rapi	0.00	0.00	0	|	-19.0	0.10(-19)		|	4	
1119	1	ok	|	0.11	1.00	1.00	0.13	0.00	0	|	rapi	0.00	0.00	0	|	-19.0	0.13(-19)		|	4	
1119	2	ok	|	0.12	1.00	1.00	0.15	0.00	0	|	rapi	0.00	0.00	0	|	-19.0	0.15(-19)		|	4	
1119	3	ok	|	0.15	1.00	1.00	0.20	0.00	0	|	rapi	0.00	0.00	0	|	-19.0	0.20(-19)		|	4	
1119	4	ok	|	0.17	1.00	1.00	0.23	0.00	0	|	rapi	0.00	0.00	0	|	-19.0	0.23(-19)		|	4	
1119	5	ok	|	0.18	1.00	1.00	0.26	0.00	0	|	rapi	0.00	0.00	0	|	-19.0	0.26(-19)		|	4	
1119	6	ok	|	0.18	1.00	1.00	0.28	0.00	0	|	rapi	0.00	0.00	0	|	-19.0	0.28(-19)		|	4	
1119	7	ok	|	0.22	1.00	1.00	0.34	0.00	0	|	rapi	0.00	0.00	0	|	-19.0	0.34(-19)		|	4	
1119	8	ok	|	0.24	1.00	1.00	0.36	0.00	0	|	rapi	0.00	0.00	0	|	-19.0	0.36(-19)		|	4	
1119	9	ok	|	0.27	1.00	1.00	0.43	0.00	0	|	rapi	0.00	0.00	0	|	-19.0	0.43(-19)		|	4	
1119	10	ok	|	0.32	0.99	0.99	0.55	0.00	0	|	rapi	0.00	0.00	0	|	-19.0	0.55(-19)		|	4	
1119	11	ok	|	0.41	0.99	0.99	0.70	0.00	0	|	rapi	0.00	0.00	0	|	-19.0	0.70(-19)		|	4	
1119	12	ok	|	0.45	0.99	0.99	0.81	0.00	0	|	rapi	0.00	0.00	0	|	-19.0	0.81(-19)		|	4	
1119	13	ok	|	0.52	0.99	0.99	1.01	0.00	0	|	rapi	0.00	0.00	0	|	-19.0	1.01(-19)		|	4	
1119	14	ok	|	0.57	0.99	0.99	1.20	0.00	0	|	rapi	0.00	0.00	0	|	-19.0	1.20(-19)		|	4	
1119	15	ok	|	0.62	0.99	0.99	1.39	0.00	0	|	rapi	0.00	0.00	0	|	-19.0	1.39(-19)		|	4	
1119	16	ok	|	0.69	0.98	0.98	1.56	0.00	0	|	rapi	0.00	0.00	0	|	-19.0	1.56(-19)		|	4	
1119	17	ok	|	0.75	0.98	0.98	1.83	0.00	0	|	rapi	0.00	0.00	0	|	-19.0	1.83(-19)		|	4	
1119	18	ok	|	0.82	0.98	0.98	2.24	0.00	0	|	rapi	0.00	0.00	0	|	-19.0	2.24(-19)		|	4	
1119	19	ok	|	0.86	0.97	0.97	2.70	0.00	0	|	rapi	0.00	0.00	0	|	-19.0	2.70(-19)		|	4	
1119	20	ok	|	0.88	0.97	0.97	3.16	0.00	0	|	rapi	0.00	0.00	0	|	-19.0	3.16(-19)		|	4	
1119	21	ok	|	0.92	0.96	0.96	3.69	0.00	0	|	rapi	0.00	0.00	0	|	-19.0	3.69(-19)		|	4	
1119	22	ok	|	0.95	0.96	0.96	4.30	0.00	0	|	rapi	0.00	0.00	0	|	-19.0	4.30(-19)		|	4	
1119	23	ok	|	0.97	0.95	0.95	5.10	0.00	0	|	rapi	0.00	0.00	0	|	-19.0	5.10(-19)		|	4	
1119	24	ok	|	0.99	0.94	0.94	6.00	0.00	0	|	rapi	0.00	0.00	0	|	-19.0	6.00(-19)		|	4	
1119	25	ok	|	0.99	0.93	0.93	7.29	0.00	0	|	rapi	0.00	0.00	0	|	-19.0	7.29(-19)		|	4	
1119	26	ok	|	1.00	0.92	0.92	8.50	0.00	0	|	rapi	0.00	0.00	0	|	-19.0	8.50(-19)	0.00(-19)	|	4	
1119	27	ok	|	1.00	0.90	0.90	9.89	0.00	0	|	rapi	0.00	0.00	0	|	-19.0	9.89(-19)	0.00(-19)	|	4	
1119	28	ok	|	1.00	0.88	0.88	11.70	0.00	0	|	rapi	0.00	0.00	0	|	-19.0	11.70(-19)	0.00(-19)	|	4	
1119	29	ok	|	1.00	0.86	0.86	13.60	0.00	0	|	rapi	0.00	0.00	0	|	-19.0	13.60(-19)	0.00(-19)	|	4	
1119	30	ok	|	1.00	0.84	0.84	16.07	0.00	0	|	rapi	0.00	0.00	0	|	-19.0	16.07(-19)	0.00(-19)	|	4	
1119	31	ok	|	1.00	0.81	0.81	18.83	0.00	0	|	rapi	0.00	0.00	0	|	-19.0	18.83(-19)	0.00(-19)	|	4	
1119	32	ok	|	1.00	0.78	0.78	22.15	0.00	0	|	rapi	0.00	0.00	0	|	-19.0	22.15(-19)		|	4	
1119	33	ok	|	1.00	0.74	0.74	26.15	0.00	0	|	rapi	0.00	0.00	0	|	-19.0	26.15(-19)	0.00(-19)	|	4	
1119	34	ok	|	1.00	0.69	0.69	30.78	0.00	0	|	rapi	0.00	0.00	0	|	-19.0	30.78(-19)	0.00(-19)	|	4	
1119	35	ok	|	1.00	0.64	0.64	35.93	0.00	0	|	rapi	0.01	0.01	0	|	-19.0	35.93(-19)	0.01(-19)	|	4	
1119	36	ok	|	1.00	0.58	0.58	42.05	0.00	0	|	rapi	0.01	0.01	0	|	-19.0	42.05(-19)	0.01(-19)	|	4	
1119	37	ok	|	1.00	0.51	0.51	49.05	0.00	0	|	rapi	0.01	0.01	0	|	-19.0	49.05(-19)	0.01(-19)	|	4	
1119	38	ok	|	1.00	0.43	0.43	57.25	0.00	0	|	rapi	0.01	0.01	0	|	-19.0	57.25(-19)	0.01(-19)	|	4	
1119	39	ok	|	1.00	0.34	0.34	66.05	0.00	0	|	rapi	0.01	0.01	0	|	-19.0	66.05(-19)	0.01(-19)	|	4	
1119	40	ok	|	1.00	0.24	0.24	76.00	0.00	0	|	rapi	0.02	0.02	0	|	-19.0	76.00(-19)	0.02(-19)	|	4	
1119	41	ok	|	1.00	0.15	0.15	85.18	0.00	0	|	rapi	0.04	0.04	0	|	-19.0	85.18(-19)	0.04(-19)	|	4	
1119	42	fail-w	|	1.00	0.09	0.09	93.06	0.00	0	|	rapi	0.05	0.05	0	|	-19.0	93.06(-19)	0.05(-19)	|	4	
