1190	0	ok	|	0.09	1.00	1.00	0.10	0.00	0	|	rapi	0.00	0.00	0	|	-99.0	0.10(-99)		|	8	
1190	1	ok	|	0.11	1.00	1.00	0.13	0.00	0	|	rapi	0.00	0.00	0	|	-99.0	0.13(-99)		|	8	
1190	2	ok	|	0.13	1.00	1.00	0.16	0.00	0	|	rapi	0.00	0.00	0	|	-99.0	0.16(-99)		|	8	
1190	3	ok	|	0.13	1.00	1.00	0.18	0.00	0	|	rapi	0.00	0.00	0	|	-99.0	0.18(-99)		|	8	
1190	4	ok	|	0.15	1.00	1.00	0.20	0.00	0	|	rapi	0.00	0.00	0	|	-99.0	0.20(-99)		|	8	
1190	5	ok	|	0.18	1.00	1.00	0.24	0.00	0	|	rapi	0.00	0.00	0	|	-99.0	0.24(-99)		|	8	
1190	6	ok	|	0.18	1.00	1.00	0.24	0.00	0	|	rapi	0.00	0.00	0	|	-99.0	0.24(-99)		|	8	
1190	7	ok	|	0.20	1.00	1.00	0.27	0.00	0	|	rapi	0.00	0.00	0	|	-99.0	0.27(-99)		|	8	
1190	8	ok	|	0.25	1.00	1.00	0.36	0.00	0	|	rapi	0.00	0.00	0	|	-99.0	0.36(-99)		|	8	
1190	9	ok	|	0.26	1.00	1.00	0.42	0.00	0	|	rapi	0.00	0.00	0	|	-99.0	0.42(-99)		|	8	
1190	10	ok	|	0.30	1.00	1.00	0.45	0.00	0	|	rapi	0.00	0.00	0	|	-99.0	0.45(-99)		|	8	
1190	11	ok	|	0.35	0.99	0.99	0.55	0.00	0	|	rapi	0.00	0.00	0	|	-99.0	0.55(-99)		|	8	
1190	12	ok	|	0.42	0.99	0.99	0.69	0.00	0	|	rapi	0.00	0.00	0	|	-99.0	0.69(-99)		|	8	
1190	13	ok	|	0.51	0.99	0.99	0.85	0.00	0	|	rapi	0.00	0.00	0	|	-99.0	0.85(-99)		|	8	
1190	14	ok	|	0.55	0.99	0.99	0.95	0.00	0	|	rapi	0.00	0.00	0	|	-99.0	0.95(-99)		|	8	
1190	15	ok	|	0.61	0.99	0.99	1.12	0.00	0	|	rapi	0.00	0.00	0	|	-99.0	1.12(-99)		|	8	
1190	16	ok	|	0.66	0.99	0.99	1.33	0.00	0	|	rapi	0.00	0.00	0	|	-99.0	1.33(-99)		|	8	
1190	17	ok	|	0.73	0.98	0.98	1.59	0.00	0	|	rapi	0.00	0.00	0	|	-99.0	1.59(-99)		|	8	
1190	18	ok	|	0.78	0.98	0.98	1.85	0.00	0	|	rapi	0.00	0.00	0	|	-99.0	1.85(-99)		|	8	
1190	19	ok	|	0.82	0.98	0.98	2.12	0.00	0	|	rapi	0.00	0.00	0	|	-99.0	2.12(-99)		|	8	
1190	20	ok	|	0.87	0.97	0.97	2.56	0.00	0	|	rapi	0.00	0.00	0	|	-99.0	2.56(-99)		|	8	
1190	21	ok	|	0.91	0.97	0.97	3.04	0.00	0	|	rapi	0.00	0.00	0	|	-99.0	3.04(-99)		|	8	
1190	22	ok	|	0.95	0.96	0.96	3.66	0.00	0	|	rapi	0.00	0.00	0	|	-99.0	3.66(-99)		|	8	
1190	23	ok	|	0.96	0.96	0.96	4.23	0.00	0	|	rapi	0.00	0.00	0	|	-99.0	4.23(-99)		|	8	
1190	24	ok	|	0.99	0.95	0.95	5.04	0.00	0	|	rapi	0.00	0.00	0	|	-99.0	5.04(-99)		|	8	
1190	25	ok	|	0.99	0.94	0.94	6.02	0.00	0	|	rapi	0.00	0.00	0	|	-99.0	6.02(-99)		|	8	
1190	26	ok	|	1.00	0.93	0.93	6.97	0.00	0	|	rapi	0.00	0.00	0	|	-99.0	6.97(-99)		|	8	
1190	27	ok	|	1.00	0.92	0.92	8.26	0.00	0	|	rapi	0.00	0.00	0	|	-99.0	8.26(-99)		|	8	
1190	28	ok	|	1.00	0.90	0.90	9.68	0.00	0	|	rapi	0.00	0.00	0	|	-99.0	9.68(-99)		|	8	
1190	29	ok	|	1.00	0.89	0.89	11.43	0.00	0	|	rapi	0.00	0.00	0	|	-99.0	11.43(-99)		|	8	
1190	30	ok	|	1.00	0.87	0.87	13.41	0.00	0	|	rapi	0.00	0.00	0	|	-99.0	13.41(-99)		|	8	
1190	31	ok	|	1.00	0.84	0.84	15.80	0.00	0	|	rapi	0.00	0.00	0	|	-99.0	15.80(-99)		|	8	
1190	32	ok	|	1.00	0.81	0.81	18.92	0.00	0	|	rapi	0.00	0.00	0	|	-99.0	18.92(-99)		|	8	
1190	33	ok	|	1.00	0.78	0.78	22.25	0.00	0	|	rapi	0.00	0.00	0	|	-99.0	22.25(-99)		|	8	
1190	34	ok	|	1.00	0.74	0.74	25.97	0.00	0	|	rapi	0.00	0.00	0	|	-99.0	25.97(-99)		|	8	
1190	35	ok	|	1.00	0.70	0.70	30.40	0.00	0	|	rapi	0.00	0.00	0	|	-99.0	30.40(-99)		|	8	
1190	36	ok	|	1.00	0.64	0.64	35.76	0.00	0	|	rapi	0.00	0.00	0	|	-99.0	35.76(-99)		|	8	
1190	37	ok	|	1.00	0.58	0.58	42.03	0.00	0	|	rapi	0.00	0.00	0	|	-99.0	42.03(-99)		|	8	
1190	38	ok	|	1.00	0.51	0.51	48.95	0.00	0	|	rapi	0.00	0.00	0	|	-99.0	48.95(-99)		|	8	
1190	39	ok	|	1.00	0.42	0.42	57.63	0.00	0	|	rapi	0.00	0.00	0	|	-99.0	57.63(-99)		|	8	
1190	40	ok	|	1.00	0.33	0.33	66.66	0.00	0	|	rapi	0.00	0.00	0	|	-99.0	66.66(-99)		|	8	
1190	41	ok	|	1.00	0.24	0.24	76.52	0.00	0	|	rapi	0.00	0.00	0	|	-99.0	76.52(-99)	0.00(-99)	|	8	
1190	42	ok	|	1.00	0.14	0.14	86.06	0.00	0	|	rapi	0.00	0.00	0	|	-99.0	86.06(-99)		|	8	
1190	43	fail-w	|	1.00	0.08	0.08	94.31	0.00	0	|	rapi	0.00	0.00	0	|	-99.0	94.31(-99)		|	8	
