1415	0	ok	|	0.09	1.00	1.00	0.10	0.00	0	|	rapi	0.00	0.00	0	|	-89.0	0.10(-89)		|	5	
1415	1	ok	|	0.10	1.00	1.00	0.12	0.00	0	|	rapi	0.00	0.00	0	|	-89.0	0.12(-89)		|	5	
1415	2	ok	|	0.14	1.00	1.00	0.17	0.00	0	|	rapi	0.00	0.00	0	|	-89.0	0.17(-89)		|	5	
1415	3	ok	|	0.16	1.00	1.00	0.19	0.00	0	|	rapi	0.00	0.00	0	|	-89.0	0.19(-89)		|	5	
1415	4	ok	|	0.18	1.00	1.00	0.25	0.00	0	|	rapi	0.00	0.00	0	|	-89.0	0.25(-89)		|	5	
1415	5	ok	|	0.20	1.00	1.00	0.27	0.00	0	|	rapi	0.00	0.00	0	|	-89.0	0.27(-89)		|	5	
1415	6	ok	|	0.22	1.00	1.00	0.30	0.00	0	|	rapi	0.00	0.00	0	|	-89.0	0.30(-89)		|	5	
1415	7	ok	|	0.25	1.00	1.00	0.34	0.00	0	|	rapi	0.00	0.00	0	|	-89.0	0.34(-89)		|	5	
1415	8	ok	|	0.29	1.00	1.00	0.39	0.00	0	|	rapi	0.00	0.00	0	|	-89.0	0.39(-89)		|	5	
1415	9	ok	|	0.32	1.00	1.00	0.48	0.00	0	|	rapi	0.00	0.00	0	|	-89.0	0.48(-89)		|	5	
1415	10	ok	|	0.37	0.99	0.99	0.57	0.00	0	|	rapi	0.00	0.00	0	|	-89.0	0.57(-89)		|	5	
1415	11	ok	|	0.42	0.99	0.99	0.70	0.00	0	|	rapi	0.00	0.00	0	|	-89.0	0.70(-89)		|	5	
1415	12	ok	|	0.46	0.99	0.99	0.77	0.00	0	|	rapi	0.00	0.00	0	|	-89.0	0.77(-89)		|	5	
1415	13	ok	|	0.50	0.99	0.99	0.94	0.00	0	|	rapi	0.00	0.00	0	|	-89.0	0.94(-89)		|	5	
1415	14	ok	|	0.56	0.99	0.99	1.10	0.00	0	|	rapi	0.00	0.00	0	|	-89.0	1.10(-89)		|	5	
1415	15	ok	|	0.61	0.99	0.99	1.26	0.00	0	|	rapi	0.00	0.00	0	|	-89.0	1.26(-89)		|	5	
1415	16	ok	|	0.69	0.98	0.98	1.61	0.00	0	|	rapi	0.00	0.00	0	|	-89.0	1.61(-89)		|	5	
1415	17	ok	|	0.75	0.98	0.98	1.91	0.00	0	|	rapi	0.00	0.00	0	|	-89.0	1.91(-89)		|	5	
1415	18	ok	|	0.80	0.98	0.98	2.21	0.00	0	|	rapi	0.00	0.00	0	|	-89.0	2.21(-89)		|	5	
1415	19	ok	|	0.85	0.98	0.98	2.46	0.00	0	|	rapi	0.00	0.00	0	|	-89.0	2.46(-89)		|	5	
1415	20	ok	|	0.90	0.97	0.97	3.06	0.00	0	|	rapi	0.00	0.00	0	|	-89.0	3.06(-89)		|	5	
1415	21	ok	|	0.94	0.97	0.97	3.43	0.00	0	|	rapi	0.00	0.00	0	|	-89.0	3.43(-89)		|	5	
1415	22	ok	|	0.96	0.96	0.96	4.08	0.00	0	|	rapi	0.00	0.00	0	|	-89.0	4.08(-89)		|	5	
1415	23	ok	|	0.97	0.95	0.95	4.79	0.00	0	|	rapi	0.00	0.00	0	|	-89.0	4.79(-89)		|	5	
1415	24	ok	|	0.98	0.94	0.94	5.67	0.00	0	|	rapi	0.00	0.00	0	|	-89.0	5.67(-89)		|	5	
1415	25	ok	|	0.99	0.93	0.93	6.72	0.00	0	|	rapi	0.00	0.00	0	|	-89.0	6.72(-89)		|	5	
1415	26	ok	|	1.00	0.92	0.92	7.94	0.00	0	|	rapi	0.00	0.00	0	|	-89.0	7.94(-89)		|	5	
1415	27	ok	|	1.00	0.91	0.91	9.35	0.00	0	|	rapi	0.00	0.00	0	|	-89.0	9.35(-89)		|	5	
1415	28	ok	|	1.00	0.89	0.89	10.73	0.00	0	|	rapi	0.00	0.00	0	|	-89.0	10.73(-89)		|	5	
1415	29	ok	|	1.00	0.87	0.87	12.67	0.00	0	|	rapi	0.00	0.00	0	|	-89.0	12.67(-89)		|	5	
1415	30	ok	|	1.00	0.85	0.85	14.82	0.00	0	|	rapi	0.00	0.00	0	|	-89.0	14.82(-89)		|	5	
1415	31	ok	|	1.00	0.83	0.83	17.49	0.00	0	|	rapi	0.00	0.00	0	|	-89.0	17.49(-89)		|	5	
1415	32	ok	|	1.00	0.79	0.79	20.59	0.00	0	|	rapi	0.00	0.00	0	|	-89.0	20.59(-89)		|	5	
1415	33	ok	|	1.00	0.76	0.76	24.07	0.00	0	|	rapi	0.00	0.00	0	|	-89.0	24.07(-89)		|	5	
1415	34	ok	|	1.00	0.72	0.72	28.28	0.00	0	|	rapi	0.00	0.00	0	|	-89.0	28.28(-89)		|	5	
1415	35	ok	|	1.00	0.67	0.67	33.38	0.00	0	|	rapi	0.00	0.00	0	|	-89.0	33.38(-89)		|	5	
1415	36	ok	|	1.00	0.61	0.61	39.13	0.00	0	|	rapi	0.00	0.00	0	|	-89.0	39.13(-89)		|	5	
1415	37	ok	|	1.00	0.54	0.54	45.56	0.00	0	|	rapi	0.00	0.00	0	|	-89.0	45.56(-89)		|	5	
1415	38	ok	|	1.00	0.47	0.47	53.33	0.00	0	|	rapi	0.00	0.00	0	|	-89.0	53.33(-89)		|	5	
1415	39	ok	|	1.00	0.38	0.38	61.89	0.00	0	|	rapi	0.00	0.00	0	|	-89.0	61.89(-89)		|	5	
1415	40	ok	|	1.00	0.29	0.29	70.60	0.00	0	|	rapi	0.00	0.00	0	|	-89.0	70.60(-89)		|	5	
1415	41	ok	|	1.00	0.19	0.19	81.10	0.00	0	|	rapi	0.00	0.00	0	|	-89.0	81.10(-89)		|	5	
1415	42	ok	|	1.00	0.11	0.11	90.72	0.00	0	|	rapi	0.00	0.00	0	|	-89.0	90.72(-89)	0.00(-89)	|	5	
1415	43	fail-w	|	1.00	0.05	0.05	98.63	0.00	0	|	rapi	0.00	0.00	0	|	-89.0	98.63(-89)	0.00(-89)	|	5	
