1418	0	ok	|	0.09	1.00	1.00	0.10	0.00	0	|	rapi	0.00	0.00	0	|	35.0	0.10(35)		|	1	
1418	1	ok	|	0.10	1.00	1.00	0.12	0.00	0	|	rapi	0.00	0.00	0	|	35.0	0.12(35)		|	1	
1418	2	ok	|	0.12	1.00	1.00	0.15	0.00	0	|	rapi	0.00	0.00	0	|	35.0	0.15(35)		|	1	
1418	3	ok	|	0.16	1.00	1.00	0.21	0.00	0	|	rapi	0.00	0.00	0	|	35.0	0.21(35)		|	1	
1418	4	ok	|	0.19	1.00	1.00	0.26	0.00	0	|	rapi	0.00	0.00	0	|	35.0	0.26(35)		|	1	
1418	5	ok	|	0.20	1.00	1.00	0.27	0.00	0	|	rapi	0.00	0.00	0	|	35.0	0.27(35)		|	1	
1418	6	ok	|	0.25	1.00	1.00	0.35	0.00	0	|	rapi	0.00	0.00	0	|	35.0	0.35(35)		|	1	
1418	7	ok	|	0.30	1.00	1.00	0.43	0.00	0	|	rapi	0.00	0.00	0	|	35.0	0.43(35)		|	1	
1418	8	ok	|	0.34	0.99	0.99	0.51	0.00	0	|	rapi	0.00	0.00	0	|	35.0	0.51(35)		|	1	
1418	9	ok	|	0.37	0.99	0.99	0.60	0.00	0	|	rapi	0.00	0.00	0	|	35.0	0.60(35)		|	1	
1418	10	ok	|	0.42	0.99	0.99	0.69	0.00	0	|	rapi	0.00	0.00	0	|	35.0	0.69(35)		|	1	
1418	11	ok	|	0.48	0.99	0.99	0.84	0.00	0	|	rapi	0.00	0.00	0	|	35.0	0.84(35)		|	1	
1418	12	ok	|	0.55	0.99	0.99	1.08	0.00	0	|	rapi	0.00	0.00	0	|	35.0	1.08(35)		|	1	
1418	13	ok	|	0.62	0.99	0.99	1.33	0.00	0	|	rapi	0.00	0.00	0	|	35.0	1.33(35)		|	1	
1418	14	ok	|	0.71	0.98	0.98	1.60	0.00	0	|	rapi	0.00	0.00	0	|	35.0	1.60(35)		|	1	
1418	15	ok	|	0.77	0.98	0.98	1.86	0.00	0	|	rapi	0.00	0.00	0	|	35.0	1.86(35)		|	1	
1418	16	ok	|	0.81	0.98	0.98	2.18	0.00	0	|	rapi	0.00	0.00	0	|	35.0	2.18(35)		|	1	
1418	17	ok	|	0.84	0.97	0.97	2.50	0.00	0	|	rapi	0.00	0.00	0	|	35.0	2.50(35)		|	1	
1418	18	ok	|	0.88	0.97	0.97	3.01	0.00	0	|	rapi	0.00	0.00	0	|	35.0	3.01(35)		|	1	
1418	19	ok	|	0.94	0.96	0.96	3.56	0.00	0	|	rapi	0.00	0.00	0	|	35.0	3.56(35)		|	1	
1418	20	ok	|	0.97	0.96	0.96	4.21	0.00	0	|	rapi	0.00	0.00	0	|	35.0	4.21(35)		|	1	
1418	21	ok	|	0.98	0.95	0.95	4.97	0.00	0	|	rapi	0.00	0.00	0	|	35.0	4.97(35)		|	1	
1418	22	ok	|	0.99	0.94	0.94	5.85	0.00	0	|	rapi	0.00	0.00	0	|	35.0	5.85(35)		|	1	
1418	23	ok	|	0.99	0.93	0.93	7.08	0.00	0	|	rapi	0.00	0.00	0	|	35.0	7.08(35)		|	1	
1418	24	ok	|	1.00	0.91	0.91	8.53	0.00	0	|	rapi	0.00	0.00	0	|	35.0	8.53(35)		|	1	
1418	25	ok	|	1.00	0.90	0.90	9.76	0.00	0	|	rapi	0.00	0.00	0	|	35.0	9.76(35)	0.00(35)	|	1	
1418	26	ok	|	1.00	0.89	0.89	11.40	0.00	0	|	rapi	0.00	0.00	0	|	35.0	11.40(35)	0.00(35)	|	1	
1418	27	ok	|	1.00	0.87	0.87	13.34	0.00	0	|	rapi	0.00	0.00	0	|	35.0	13.34(35)		|	1	
1418	28	ok	|	1.00	0.84	0.84	16.01	0.00	0	|	rapi	0.00	0.00	0	|	35.0	16.01(35)		|	1	
1418	29	ok	|	1.00	0.81	0.81	18.79	0.00	0	|	rapi	0.00	0.00	0	|	35.0	18.79(35)		|	1	
1418	30	ok	|	1.00	0.78	0.78	22.12	0.00	0	|	rapi	0.00	0.00	0	|	35.0	22.12(35)		|	1	
1418	31	ok	|	1.00	0.74	0.74	25.90	0.00	0	|	rapi	0.00	0.00	0	|	35.0	25.90(35)		|	1	
1418	32	ok	|	1.00	0.70	0.70	30.34	0.00	0	|	rapi	0.00	0.00	0	|	35.0	30.34(35)	0.00(35)	|	1	
1418	33	ok	|	1.00	0.64	0.64	35.65	0.00	0	|	rapi	0.00	0.00	0	|	35.0	35.65(35)	0.00(35)	|	1	
1418	34	ok	|	1.00	0.58	0.58	41.96	0.00	0	|	rapi	0.00	0.00	0	|	35.0	41.96(35)	0.00(35)	|	1	
1418	35	ok	|	1.00	0.51	0.51	49.14	0.00	0	|	rapi	0.00	0.00	0	|	35.0	49.14(35)	0.00(35)	|	1	
1418	36	ok	|	1.00	0.43	0.43	57.08	0.00	0	|	rapi	0.00	0.00	0	|	35.0	57.08(35)	0.00(35)	|	1	
1418	37	ok	|	1.00	0.34	0.34	65.94	0.00	0	|	rapi	0.01	0.01	0	|	35.0	65.94(35)	0.01(35)	|	1	
1418	38	ok	|	1.00	0.25	0.25	75.46	0.00	0	|	rapi	0.01	0.01	0	|	35.0	75.46(35)	0.01(35)	|	1	
1418	39	ok	|	1.00	0.16	0.16	85.05	0.00	0	|	rapi	0.02	0.02	0	|	35.0	85.05(35)	0.02(35)	|	1	
1418	40	fail-w	|	1.00	0.08	0.08	93.23	0.00	0	|	rapi	0.04	0.04	0	|	35.0	93.23(35)	0.04(35)	|	1	
