1494	0	ok	|	0.10	1.00	1.00	0.10	0.00	0	|	rapi	0.09	0.09	0	|	63.0	0.10(63)	0.09(63)	|	6066	
1494	1	ok	|	0.10	1.00	1.00	0.11	0.00	0	|	rapi	0.10	0.10	0	|	63.0	0.11(63)	0.10(63)	|	6066	
1494	2	ok	|	0.09	1.00	1.00	0.10	0.00	0	|	rapi	0.09	0.09	0	|	63.0	0.10(63)	0.09(63)	|	6066	
1494	3	ok	|	0.10	1.00	1.00	0.10	0.00	0	|	rapi	0.09	0.09	0	|	63.0	0.10(63)	0.09(63)	|	6066	
1494	4	ok	|	0.09	1.00	1.00	0.09	0.00	0	|	rapi	0.08	0.09	0	|	63.0	0.09(63)	0.09(63)	|	6066	
1494	5	ok	|	0.09	1.00	1.00	0.10	0.00	0	|	rapi	0.08	0.09	0	|	63.0	0.10(63)	0.09(63)	|	6066	
1494	6	ok	|	0.08	1.00	1.00	0.09	0.00	0	|	rapi	0.08	0.08	0	|	63.0	0.09(63)	0.08(63)	|	6066	
1494	7	ok	|	0.09	1.00	1.00	0.09	0.00	0	|	rapi	0.08	0.08	0	|	63.0	0.09(63)	0.08(63)	|	6066	
1494	8	ok	|	0.08	1.00	1.00	0.08	0.00	0	|	rapi	0.07	0.08	0	|	63.0	0.08(63)	0.08(63)	|	6066	
1494	9	ok	|	0.08	1.00	1.00	0.08	0.00	0	|	rapi	0.07	0.07	0	|	63.0	0.08(63)	0.07(63)	|	6066	
1494	10	ok	|	0.08	1.00	1.00	0.08	0.00	0	|	rapi	0.07	0.07	0	|	63.0	0.08(63)	0.07(63)	|	6066	
1494	11	ok	|	0.09	1.00	1.00	0.09	0.00	0	|	rapi	0.09	0.09	0	|	63.0	0.09(63)	0.09(63)	|	6066	
1494	12	ok	|	0.07	1.00	1.00	0.07	0.00	0	|	rapi	0.07	0.07	0	|	63.0	0.07(63)	0.07(63)	|	6066	
1494	13	ok	|	0.08	1.00	1.00	0.08	0.00	0	|	rapi	0.08	0.08	0	|	63.0	0.08(63)	0.08(63)	|	6066	
1494	14	ok	|	0.08	1.00	1.00	0.09	0.00	0	|	rapi	0.08	0.09	0	|	63.0	0.09(63)	0.09(63)	|	6066	
1494	15	ok	|	0.09	1.00	1.00	0.10	0.00	0	|	rapi	0.09	0.10	0	|	63.0	0.10(63)	0.10(63)	|	6066	
1494	16	ok	|	0.10	1.00	1.00	0.10	0.01	0	|	rapi	0.10	0.10	0	|	63.0	0.10(63)	0.10(63)	|	6066	
1494	17	ok	|	0.10	1.00	1.00	0.10	0.01	0	|	rapi	0.10	0.10	0	|	63.0	0.10(63)	0.10(63)	|	6066	
1494	18	ok	|	0.11	1.00	1.00	0.11	0.01	0	|	rapi	0.11	0.11	0	|	63.0	0.11(63)	0.11(63)	|	6066	
1494	19	ok	|	0.10	1.00	1.00	0.10	0.01	0	|	rapi	0.10	0.10	0	|	63.0	0.10(63)	0.10(63)	|	6066	
1494	20	ok	|	0.10	1.00	1.00	0.10	0.01	0	|	rapi	0.10	0.10	0	|	63.0	0.10(63)	0.10(63)	|	6066	
1494	21	ok	|	0.10	1.00	1.00	0.10	0.01	0	|	rapi	0.10	0.10	0	|	63.0	0.10(63)	0.10(63)	|	6066	
1494	22	ok	|	0.10	1.00	1.00	0.10	0.01	0	|	rapi	0.10	0.10	0	|	63.0	0.10(63)	0.10(63)	|	6066	
1494	23	ok	|	0.10	1.00	1.00	0.10	0.01	0	|	rapi	0.10	0.10	0	|	63.0	0.10(63)	0.10(63)	|	6066	
1494	24	ok	|	0.09	1.00	1.00	0.09	0.01	0	|	rapi	0.09	0.09	0	|	63.0	0.09(63)	0.09(63)	|	6066	
1494	25	ok	|	0.08	1.00	1.00	0.08	0.01	0	|	rapi	0.08	0.08	0	|	63.0	0.08(63)	0.08(63)	|	6066	
1494	26	ok	|	0.07	1.00	1.00	0.07	0.01	0	|	rapi	0.07	0.07	0	|	63.0	0.07(63)	0.07(63)	|	6066	
1494	27	ok	|	0.06	1.00	1.00	0.06	0.01	0	|	rapi	0.06	0.06	0	|	63.0	0.06(63)	0.06(63)	|	6066	
1494	28	ok	|	0.03	1.00	1.00	0.03	0.00	0	|	rapi	0.03	0.03	0	|	63.0	0.03(63)	0.03(63)	|	6066	
1494	29	ok	|	0.05	1.00	1.00	0.05	0.00	0	|	rapi	0.05	0.05	0	|	63.0	0.05(63)	0.05(63)	|	6066	
1494	30	ok	|	0.04	1.00	1.00	0.04	0.00	0	|	rapi	0.04	0.04	0	|	63.0	0.04(63)	0.04(63)	|	6066	
1494	31	ok	|	0.04	1.00	1.00	0.04	0.00	0	|	rapi	0.04	0.04	0	|	63.0	0.04(63)	0.04(63)	|	6066	
1494	32	ok	|	0.03	1.00	1.00	0.03	0.00	0	|	rapi	0.03	0.03	0	|	63.0	0.03(63)	0.03(63)	|	6066	
1494	33	ok	|	0.03	1.00	1.00	0.03	0.01	0	|	rapi	0.03	0.03	0	|	63.0	0.03(63)	0.03(63)	|	6066	
1494	34	ok	|	0.04	1.00	1.00	0.04	0.01	0	|	rapi	0.04	0.04	0	|	63.0	0.04(63)	0.04(63)	|	6066	
1494	35	ok	|	0.04	1.00	1.00	0.04	0.01	0	|	rapi	0.04	0.04	0	|	63.0	0.04(63)	0.04(63)	|	6066	
1494	36	ok	|	0.05	1.00	1.00	0.05	0.01	0	|	rapi	0.05	0.05	0	|	63.0	0.05(63)	0.05(63)	|	6066	
1494	37	ok	|	0.05	1.00	1.00	0.05	0.01	0	|	rapi	0.05	0.05	0	|	63.0	0.05(63)	0.05(63)	|	6066	
1494	38	ok	|	0.05	1.00	1.00	0.05	0.01	0	|	rapi	0.05	0.05	0	|	63.0	0.05(63)	0.05(63)	|	6066	
1494	39	ok	|	0.05	1.00	1.00	0.05	0.01	0	|	rapi	0.05	0.05	0	|	63.0	0.05(63)	0.05(63)	|	6066	
1494	40	ok	|	0.04	1.00	1.00	0.04	0.01	0	|	rapi	0.04	0.04	0	|	63.0	0.04(63)	0.04(63)	|	6066	
1494	41	ok	|	0.06	1.00	1.00	0.06	0.01	0	|	rapi	0.06	0.06	0	|	63.0	0.06(63)	0.06(63)	|	6066	
1494	42	ok	|	0.04	1.00	1.00	0.04	0.01	0	|	rapi	0.04	0.04	0	|	63.0	0.04(63)	0.04(63)	|	6066	
1494	43	ok	|	0.05	1.00	1.00	0.05	0.01	0	|	rapi	0.05	0.05	0	|	63.0	0.05(63)	0.05(63)	|	6066	
1494	44	ok	|	0.05	1.00	1.00	0.05	0.01	0	|	rapi	0.05	0.05	0	|	63.0	0.05(63)	0.05(63)	|	6066	
1494	45	ok	|	0.05	1.00	1.00	0.05	0.01	0	|	rapi	0.05	0.05	0	|	63.0	0.05(63)	0.05(63)	|	6066	
1494	46	ok	|	0.05	1.00	1.00	0.05	0.01	0	|	rapi	0.05	0.05	0	|	63.0	0.05(63)	0.05(63)	|	6066	
1494	47	ok	|	0.04	1.00	1.00	0.04	0.01	0	|	rapi	0.04	0.04	0	|	63.0	0.04(63)	0.04(63)	|	6066	
1494	48	ok	|	0.05	1.00	1.00	0.05	0.01	0	|	rapi	0.05	0.05	0	|	63.0	0.05(63)	0.05(63)	|	6066	
1494	49	ok	|	0.06	1.00	1.00	0.06	0.01	0	|	rapi	0.06	0.06	0	|	63.0	0.06(63)	0.06(63)	|	6066	
1494	50	ok	|	0.05	1.00	1.00	0.05	0.01	0	|	rapi	0.05	0.05	0	|	63.0	0.05(63)	0.05(63)	|	6066	
1494	51	ok	|	0.04	1.00	1.00	0.05	0.01	0	|	rapi	0.04	0.05	0	|	63.0	0.05(63)	0.05(63)	|	6066	
1494	52	ok	|	0.04	1.00	1.00	0.04	0.01	0	|	rapi	0.04	0.04	0	|	63.0	0.04(63)	0.04(63)	|	6066	
1494	53	ok	|	0.04	1.00	1.00	0.04	0.01	0	|	rapi	0.04	0.04	0	|	63.0	0.04(63)	0.04(63)	|	6066	
1494	54	ok	|	0.04	1.00	1.00	0.04	0.01	0	|	rapi	0.04	0.04	0	|	63.0	0.04(63)	0.04(63)	|	6066	
1494	55	ok	|	0.05	1.00	1.00	0.05	0.01	0	|	rapi	0.05	0.05	0	|	63.0	0.05(63)	0.05(63)	|	6066	
1494	56	ok	|	0.04	1.00	1.00	0.04	0.01	0	|	rapi	0.04	0.04	0	|	63.0	0.04(63)	0.04(63)	|	6066	
1494	57	ok	|	0.05	1.00	1.00	0.05	0.01	0	|	rapi	0.05	0.05	0	|	63.0	0.05(63)	0.05(63)	|	6066	
1494	58	ok	|	0.05	1.00	1.00	0.05	0.01	0	|	rapi	0.05	0.05	0	|	63.0	0.05(63)	0.05(63)	|	6066	
1494	59	ok	|	0.05	1.00	1.00	0.06	0.01	0	|	rapi	0.05	0.06	0	|	63.0	0.06(63)	0.06(63)	|	6066	
1494	60	ok	|	0.04	1.00	1.00	0.05	0.01	0	|	rapi	0.04	0.05	0	|	63.0	0.05(63)	0.05(63)	|	6066	
1494	61	ok	|	0.04	1.00	1.00	0.04	0.01	0	|	rapi	0.04	0.04	0	|	63.0	0.04(63)	0.04(63)	|	6066	
1494	62	ok	|	0.04	1.00	1.00	0.04	0.01	0	|	rapi	0.04	0.04	0	|	63.0	0.04(63)	0.04(63)	|	6066	
1494	63	ok	|	0.05	1.00	1.00	0.05	0.01	0	|	rapi	0.05	0.05	0	|	63.0	0.05(63)	0.05(63)	|	6066	
1494	64	ok	|	0.05	1.00	1.00	0.05	0.01	0	|	rapi	0.05	0.05	0	|	63.0	0.05(63)	0.05(63)	|	6066	
1494	65	ok	|	0.05	1.00	1.00	0.06	0.01	0	|	rapi	0.05	0.06	0	|	63.0	0.06(63)	0.06(63)	|	6066	
1494	66	ok	|	0.05	1.00	1.00	0.05	0.01	0	|	rapi	0.05	0.05	0	|	63.0	0.05(63)	0.05(63)	|	6066	
1494	67	ok	|	0.05	1.00	1.00	0.05	0.01	0	|	rapi	0.05	0.05	0	|	63.0	0.05(63)	0.05(63)	|	6066	
1494	68	ok	|	0.06	1.00	1.00	0.06	0.01	0	|	rapi	0.06	0.06	0	|	63.0	0.06(63)	0.06(63)	|	6066	
1494	69	ok	|	0.04	1.00	1.00	0.04	0.01	0	|	rapi	0.04	0.04	0	|	63.0	0.04(63)	0.04(63)	|	6066	
1494	70	ok	|	0.04	1.00	1.00	0.05	0.01	0	|	rapi	0.04	0.05	0	|	63.0	0.05(63)	0.05(63)	|	6066	
1494	71	ok	|	0.04	1.00	1.00	0.04	0.01	0	|	rapi	0.04	0.04	0	|	63.0	0.04(63)	0.04(63)	|	6066	
1494	72	ok	|	0.03	1.00	1.00	0.03	0.01	0	|	rapi	0.03	0.03	0	|	63.0	0.03(63)	0.03(63)	|	6066	
1494	73	ok	|	0.03	1.00	1.00	0.03	0.01	0	|	rapi	0.03	0.03	0	|	63.0	0.03(63)	0.03(63)	|	6066	
1494	74	ok	|	0.03	1.00	1.00	0.03	0.01	0	|	rapi	0.03	0.03	0	|	63.0	0.03(63)	0.03(63)	|	6066	
1494	75	ok	|	0.04	1.00	1.00	0.04	0.01	0	|	rapi	0.04	0.04	0	|	63.0	0.04(63)	0.04(63)	|	6066	
1494	76	ok	|	0.04	1.00	1.00	0.04	0.01	0	|	rapi	0.04	0.04	0	|	63.0	0.04(63)	0.04(63)	|	6066	
1494	77	ok	|	0.05	1.00	1.00	0.05	0.01	0	|	rapi	0.05	0.05	0	|	63.0	0.05(63)	0.05(63)	|	6066	
1494	78	ok	|	0.05	1.00	1.00	0.05	0.01	0	|	rapi	0.05	0.05	0	|	63.0	0.05(63)	0.05(63)	|	6066	
1494	79	ok	|	0.04	1.00	1.00	0.04	0.01	0	|	rapi	0.04	0.04	0	|	63.0	0.04(63)	0.04(63)	|	6066	
1494	80	ok	|	0.05	1.00	1.00	0.05	0.03	0	|	rapi	0.05	0.05	0	|	63.0	0.05(63)	0.05(63)	|	6066	
1494	81	ok	|	0.05	1.00	1.00	0.05	0.03	0	|	rapi	0.05	0.05	0	|	63.0	0.05(63)	0.05(63)	|	6066	
1494	82	ok	|	0.05	1.00	1.00	0.05	0.03	0	|	rapi	0.05	0.05	0	|	63.0	0.05(63)	0.05(63)	|	6066	
1494	83	ok	|	0.05	1.00	1.00	0.05	0.03	0	|	rapi	0.05	0.05	0	|	63.0	0.05(63)	0.05(63)	|	6066	
1494	84	ok	|	0.05	1.00	1.00	0.05	0.03	0	|	rapi	0.05	0.05	0	|	63.0	0.05(63)	0.05(63)	|	6066	
1494	85	ok	|	0.06	1.00	1.00	0.06	0.03	0	|	rapi	0.06	0.06	0	|	63.0	0.06(63)	0.06(63)	|	6066	
1494	86	ok	|	0.06	1.00	1.00	0.06	0.03	0	|	rapi	0.06	0.06	0	|	63.0	0.06(63)	0.06(63)	|	6066	
1494	87	ok	|	0.06	1.00	1.00	0.06	0.03	0	|	rapi	0.06	0.06	0	|	63.0	0.06(63)	0.06(63)	|	6066	
1494	88	ok	|	0.06	1.00	1.00	0.06	0.03	0	|	rapi	0.06	0.06	0	|	63.0	0.06(63)	0.06(63)	|	6066	
1494	89	ok	|	0.05	1.00	1.00	0.06	0.03	0	|	rapi	0.05	0.06	0	|	63.0	0.06(63)	0.06(63)	|	6066	
1494	90	ok	|	0.05	1.00	1.00	0.05	0.03	0	|	rapi	0.05	0.05	0	|	63.0	0.05(63)	0.05(63)	|	6066	
1494	91	ok	|	0.06	1.00	1.00	0.06	0.03	0	|	rapi	0.06	0.06	0	|	63.0	0.06(63)	0.06(63)	|	6066	
1494	92	ok	|	0.07	1.00	1.00	0.07	0.04	0	|	rapi	0.07	0.07	0	|	63.0	0.07(63)	0.07(63)	|	6066	
1494	93	ok	|	0.07	1.00	1.00	0.07	0.03	0	|	rapi	0.07	0.07	0	|	63.0	0.07(63)	0.07(63)	|	6066	
1494	94	ok	|	0.07	1.00	1.00	0.07	0.04	0	|	rapi	0.07	0.07	0	|	63.0	0.07(63)	0.07(63)	|	6066	
1494	95	ok	|	0.07	1.00	1.00	0.07	0.04	0	|	rapi	0.07	0.07	0	|	63.0	0.07(63)	0.07(63)	|	6066	
1494	96	ok	|	0.07	1.00	1.00	0.07	0.04	0	|	rapi	0.07	0.07	0	|	63.0	0.07(63)	0.07(63)	|	6066	
1494	97	ok	|	0.07	1.00	1.00	0.07	0.04	0	|	rapi	0.07	0.07	0	|	63.0	0.07(63)	0.07(63)	|	6066	
1494	98	ok	|	0.08	1.00	1.00	0.08	0.04	0	|	rapi	0.08	0.08	0	|	63.0	0.08(63)	0.08(63)	|	6066	
1494	99	ok	|	0.08	1.00	1.00	0.08	0.04	0	|	rapi	0.08	0.08	0	|	63.0	0.08(63)	0.08(63)	|	6066	
1494	100	ok	|	0.09	1.00	1.00	0.09	0.04	0	|	rapi	0.09	0.09	0	|	63.0	0.09(63)	0.09(63)	|	6066	
1494	101	ok	|	0.08	1.00	1.00	0.09	0.04	0	|	rapi	0.08	0.09	0	|	63.0	0.09(63)	0.09(63)	|	6066	
1494	102	ok	|	0.09	1.00	1.00	0.09	0.04	0	|	rapi	0.09	0.09	0	|	63.0	0.09(63)	0.09(63)	|	6066	
1494	103	ok	|	0.09	1.00	1.00	0.09	0.04	0	|	rapi	0.09	0.09	0	|	63.0	0.09(63)	0.09(63)	|	6066	
1494	104	ok	|	0.10	1.00	1.00	0.10	0.05	0	|	rapi	0.10	0.10	0	|	63.0	0.10(63)	0.10(63)	|	6066	
1494	105	ok	|	0.10	1.00	1.00	0.11	0.05	0	|	rapi	0.10	0.11	0	|	63.0	0.11(63)	0.11(63)	|	6066	
1494	106	ok	|	0.11	1.00	1.00	0.11	0.05	0	|	rapi	0.11	0.11	0	|	63.0	0.11(63)	0.11(63)	|	6066	
1494	107	ok	|	0.09	1.00	1.00	0.10	0.05	0	|	rapi	0.09	0.10	0	|	63.0	0.10(63)	0.10(63)	|	6066	
1494	108	ok	|	0.09	1.00	1.00	0.10	0.05	0	|	rapi	0.09	0.10	0	|	63.0	0.10(63)	0.10(63)	|	6066	
1494	109	ok	|	0.09	1.00	1.00	0.09	0.05	0	|	rapi	0.09	0.09	0	|	63.0	0.09(63)	0.09(63)	|	6066	
1494	110	ok	|	0.09	1.00	1.00	0.09	0.04	0	|	rapi	0.09	0.09	0	|	63.0	0.09(63)	0.09(63)	|	6066	
1494	111	ok	|	0.08	1.00	1.00	0.08	0.04	0	|	rapi	0.08	0.08	0	|	63.0	0.08(63)	0.08(63)	|	6066	
1494	112	ok	|	0.08	1.00	1.00	0.08	0.04	0	|	rapi	0.08	0.08	0	|	63.0	0.08(63)	0.08(63)	|	6066	
1494	113	ok	|	0.08	1.00	1.00	0.08	0.04	0	|	rapi	0.08	0.08	0	|	63.0	0.08(63)	0.08(63)	|	6066	
1494	114	ok	|	0.08	1.00	1.00	0.08	0.04	0	|	rapi	0.08	0.08	0	|	63.0	0.08(63)	0.08(63)	|	6066	
1494	115	ok	|	0.08	1.00	1.00	0.08	0.04	0	|	rapi	0.08	0.08	0	|	63.0	0.08(63)	0.08(63)	|	6066	
1494	116	ok	|	0.07	1.00	1.00	0.07	0.04	0	|	rapi	0.07	0.07	0	|	63.0	0.07(63)	0.07(63)	|	6066	
1494	117	ok	|	0.07	1.00	1.00	0.08	0.04	0	|	rapi	0.07	0.08	0	|	63.0	0.08(63)	0.08(63)	|	6066	
1494	118	ok	|	0.07	1.00	1.00	0.07	0.04	0	|	rapi	0.07	0.07	0	|	63.0	0.07(63)	0.07(63)	|	6066	
1494	119	ok	|	0.07	1.00	1.00	0.07	0.04	0	|	rapi	0.07	0.07	0	|	63.0	0.07(63)	0.07(63)	|	6066	
1494	120	ok	|	0.07	1.00	1.00	0.07	0.04	0	|	rapi	0.07	0.07	0	|	63.0	0.07(63)	0.07(63)	|	6066	
1494	121	ok	|	0.06	1.00	1.00	0.06	0.03	0	|	rapi	0.06	0.06	0	|	63.0	0.06(63)	0.06(63)	|	6066	
1494	122	ok	|	0.05	1.00	1.00	0.05	0.03	0	|	rapi	0.05	0.05	0	|	63.0	0.05(63)	0.05(63)	|	6066	
1494	123	ok	|	0.05	1.00	1.00	0.05	0.02	0	|	rapi	0.05	0.05	0	|	63.0	0.05(63)	0.05(63)	|	6066	
1494	124	ok	|	0.04	1.00	1.00	0.04	0.02	0	|	rapi	0.04	0.04	0	|	63.0	0.04(63)	0.04(63)	|	6066	
1494	125	ok	|	0.04	1.00	1.00	0.04	0.02	0	|	rapi	0.04	0.04	0	|	63.0	0.04(63)	0.04(63)	|	6066	
1494	126	ok	|	0.03	1.00	1.00	0.03	0.02	0	|	rapi	0.03	0.03	0	|	63.0	0.03(63)	0.03(63)	|	6066	
1494	127	ok	|	0.03	1.00	1.00	0.03	0.02	0	|	rapi	0.03	0.03	0	|	63.0	0.03(63)	0.03(63)	|	6066	
1494	128	ok	|	0.04	1.00	1.00	0.04	0.02	0	|	rapi	0.04	0.04	0	|	63.0	0.04(63)	0.04(63)	|	6066	
1494	129	ok	|	0.03	1.00	1.00	0.03	0.01	0	|	rapi	0.03	0.03	0	|	63.0	0.03(63)	0.03(63)	|	6066	
1494	130	ok	|	0.02	1.00	1.00	0.02	0.01	0	|	rapi	0.02	0.02	0	|	63.0	0.02(63)	0.02(63)	|	6066	
1494	131	ok	|	0.02	1.00	1.00	0.02	0.01	0	|	rapi	0.02	0.02	0	|	63.0	0.02(63)	0.02(63)	|	6066	
1494	132	ok	|	0.02	1.00	1.00	0.02	0.01	0	|	rapi	0.02	0.02	0	|	63.0	0.02(63)	0.02(63)	|	6066	
1494	133	ok	|	0.02	1.00	1.00	0.02	0.01	0	|	rapi	0.02	0.02	0	|	63.0	0.02(63)	0.02(63)	|	6066	
1494	134	ok	|	0.03	1.00	1.00	0.03	0.01	0	|	rapi	0.03	0.03	0	|	63.0	0.03(63)	0.03(63)	|	6066	
1494	135	ok	|	0.03	1.00	1.00	0.03	0.02	0	|	rapi	0.03	0.03	0	|	63.0	0.03(63)	0.03(63)	|	6066	
1494	136	ok	|	0.04	1.00	1.00	0.04	0.02	0	|	rapi	0.04	0.04	0	|	63.0	0.04(63)	0.04(63)	|	6066	
1494	137	ok	|	0.04	1.00	1.00	0.04	0.02	0	|	rapi	0.04	0.04	0	|	63.0	0.04(63)	0.04(63)	|	6066	
1494	138	ok	|	0.04	1.00	1.00	0.04	0.02	0	|	rapi	0.04	0.04	0	|	63.0	0.04(63)	0.04(63)	|	6066	
1494	139	ok	|	0.04	1.00	1.00	0.04	0.02	0	|	rapi	0.04	0.04	0	|	63.0	0.04(63)	0.04(63)	|	6066	
1494	140	ok	|	0.04	1.00	1.00	0.04	0.02	0	|	rapi	0.04	0.04	0	|	63.0	0.04(63)	0.04(63)	|	6066	
1494	141	ok	|	0.04	1.00	1.00	0.04	0.02	0	|	rapi	0.04	0.04	0	|	63.0	0.04(63)	0.04(63)	|	6066	
1494	142	ok	|	0.03	1.00	1.00	0.03	0.01	0	|	rapi	0.03	0.03	0	|	63.0	0.03(63)	0.03(63)	|	6066	
1494	143	ok	|	0.03	1.00	1.00	0.03	0.01	0	|	rapi	0.03	0.03	0	|	63.0	0.03(63)	0.03(63)	|	6066	
1494	144	ok	|	0.03	1.00	1.00	0.03	0.02	0	|	rapi	0.03	0.03	0	|	63.0	0.03(63)	0.03(63)	|	6066	
1494	145	ok	|	0.04	1.00	1.00	0.04	0.02	0	|	rapi	0.04	0.04	0	|	63.0	0.04(63)	0.04(63)	|	6066	
1494	146	ok	|	0.04	1.00	1.00	0.04	0.02	0	|	rapi	0.04	0.04	0	|	63.0	0.04(63)	0.04(63)	|	6066	
1494	147	ok	|	0.03	1.00	1.00	0.03	0.02	0	|	rapi	0.03	0.03	0	|	63.0	0.03(63)	0.03(63)	|	6066	
1494	148	ok	|	0.03	1.00	1.00	0.03	0.02	0	|	rapi	0.03	0.03	0	|	63.0	0.03(63)	0.03(63)	|	6066	
1494	149	ok	|	0.05	1.00	1.00	0.05	0.02	0	|	rapi	0.05	0.05	0	|	63.0	0.05(63)	0.05(63)	|	6066	
1494	150	ok	|	0.05	1.00	1.00	0.05	0.03	0	|	rapi	0.05	0.05	0	|	63.0	0.05(63)	0.05(63)	|	6066	
1494	151	ok	|	0.04	1.00	1.00	0.04	0.02	0	|	rapi	0.04	0.04	0	|	63.0	0.04(63)	0.04(63)	|	6066	
1494	152	ok	|	0.05	1.00	1.00	0.05	0.03	0	|	rapi	0.05	0.05	0	|	63.0	0.05(63)	0.05(63)	|	6066	
1494	153	ok	|	0.06	1.00	1.00	0.06	0.03	0	|	rapi	0.06	0.06	0	|	63.0	0.06(63)	0.06(63)	|	6066	
1494	154	ok	|	0.06	1.00	1.00	0.06	0.03	0	|	rapi	0.06	0.06	0	|	63.0	0.06(63)	0.06(63)	|	6066	
1494	155	ok	|	0.04	1.00	1.00	0.04	0.02	0	|	rapi	0.04	0.04	0	|	63.0	0.04(63)	0.04(63)	|	6066	
1494	156	ok	|	0.04	1.00	1.00	0.05	0.02	0	|	rapi	0.04	0.05	0	|	63.0	0.05(63)	0.05(63)	|	6066	
1494	157	ok	|	0.06	1.00	1.00	0.06	0.03	0	|	rapi	0.06	0.06	0	|	63.0	0.06(63)	0.06(63)	|	6066	
1494	158	ok	|	0.04	1.00	1.00	0.04	0.02	0	|	rapi	0.04	0.04	0	|	63.0	0.04(63)	0.04(63)	|	6066	
1494	159	ok	|	0.04	1.00	1.00	0.04	0.02	0	|	rapi	0.04	0.04	0	|	63.0	0.04(63)	0.04(63)	|	6066	
1494	160	ok	|	0.03	1.00	1.00	0.03	0.02	0	|	rapi	0.03	0.03	0	|	63.0	0.03(63)	0.03(63)	|	6066	
1494	161	ok	|	0.03	1.00	1.00	0.03	0.02	0	|	rapi	0.03	0.03	0	|	63.0	0.03(63)	0.03(63)	|	6066	
1494	162	ok	|	0.02	1.00	1.00	0.02	0.01	0	|	rapi	0.02	0.02	0	|	63.0	0.02(63)	0.02(63)	|	6066	
1494	163	ok	|	0.02	1.00	1.00	0.02	0.01	0	|	rapi	0.02	0.02	0	|	63.0	0.02(63)	0.02(63)	|	6066	
1494	164	ok	|	0.02	1.00	1.00	0.02	0.01	0	|	rapi	0.02	0.02	0	|	63.0	0.02(63)	0.02(63)	|	6066	
1494	165	ok	|	0.03	1.00	1.00	0.03	0.01	0	|	rapi	0.03	0.03	0	|	63.0	0.03(63)	0.03(63)	|	6066	
1494	166	ok	|	0.04	1.00	1.00	0.04	0.02	0	|	rapi	0.04	0.04	0	|	63.0	0.04(63)	0.04(63)	|	6066	
1494	167	ok	|	0.04	1.00	1.00	0.05	0.02	0	|	rapi	0.04	0.05	0	|	63.0	0.05(63)	0.05(63)	|	6066	
1494	168	ok	|	0.06	1.00	1.00	0.06	0.03	0	|	rapi	0.06	0.06	0	|	63.0	0.06(63)	0.06(63)	|	6066	
1494	169	ok	|	0.06	1.00	1.00	0.07	0.03	0	|	rapi	0.06	0.07	0	|	63.0	0.07(63)	0.07(63)	|	6066	
1494	170	ok	|	0.06	1.00	1.00	0.06	0.03	0	|	rapi	0.06	0.06	0	|	63.0	0.06(63)	0.06(63)	|	6066	
1494	171	ok	|	0.05	1.00	1.00	0.05	0.03	0	|	rapi	0.05	0.05	0	|	63.0	0.05(63)	0.05(63)	|	6066	
1494	172	ok	|	0.05	1.00	1.00	0.05	0.03	0	|	rapi	0.05	0.05	0	|	63.0	0.05(63)	0.05(63)	|	6066	
1494	173	ok	|	0.05	1.00	1.00	0.06	0.03	0	|	rapi	0.05	0.06	0	|	63.0	0.06(63)	0.06(63)	|	6066	
1494	174	ok	|	0.06	1.00	1.00	0.06	0.03	0	|	rapi	0.06	0.06	0	|	63.0	0.06(63)	0.06(63)	|	6066	
1494	175	ok	|	0.05	1.00	1.00	0.05	0.02	0	|	rapi	0.05	0.05	0	|	63.0	0.05(63)	0.05(63)	|	6066	
1494	176	ok	|	0.05	1.00	1.00	0.05	0.03	0	|	rapi	0.05	0.05	0	|	63.0	0.05(63)	0.05(63)	|	6066	
1494	177	ok	|	0.06	1.00	1.00	0.06	0.03	0	|	rapi	0.06	0.06	0	|	63.0	0.06(63)	0.06(63)	|	6066	
1494	178	ok	|	0.06	1.00	1.00	0.06	0.03	0	|	rapi	0.06	0.06	0	|	63.0	0.06(63)	0.06(63)	|	6066	
1494	179	ok	|	0.05	1.00	1.00	0.05	0.03	0	|	rapi	0.05	0.05	0	|	63.0	0.05(63)	0.05(63)	|	6066	
1494	180	ok	|	0.04	1.00	1.00	0.04	0.02	0	|	rapi	0.04	0.04	0	|	63.0	0.04(63)	0.04(63)	|	6066	
1494	181	ok	|	0.04	1.00	1.00	0.04	0.02	0	|	rapi	0.04	0.04	0	|	63.0	0.04(63)	0.04(63)	|	6066	
1494	182	ok	|	0.04	1.00	1.00	0.04	0.02	0	|	rapi	0.04	0.04	0	|	63.0	0.04(63)	0.04(63)	|	6066	
1494	183	ok	|	0.05	1.00	1.00	0.05	0.03	0	|	rapi	0.05	0.05	0	|	63.0	0.05(63)	0.05(63)	|	6066	
1494	184	ok	|	0.05	1.00	1.00	0.06	0.03	0	|	rapi	0.05	0.06	0	|	63.0	0.06(63)	0.06(63)	|	6066	
1494	185	ok	|	0.07	1.00	1.00	0.07	0.03	0	|	rapi	0.07	0.07	0	|	63.0	0.07(63)	0.07(63)	|	6066	
1494	186	ok	|	0.06	1.00	1.00	0.06	0.03	0	|	rapi	0.06	0.06	0	|	63.0	0.06(63)	0.06(63)	|	6066	
1494	187	ok	|	0.06	1.00	1.00	0.06	0.03	0	|	rapi	0.06	0.06	0	|	63.0	0.06(63)	0.06(63)	|	6066	
1494	188	ok	|	0.07	1.00	1.00	0.07	0.03	0	|	rapi	0.07	0.07	0	|	63.0	0.07(63)	0.07(63)	|	6066	
1494	189	ok	|	0.07	1.00	1.00	0.07	0.04	0	|	rapi	0.07	0.07	0	|	63.0	0.07(63)	0.07(63)	|	6066	
1494	190	ok	|	0.06	1.00	1.00	0.06	0.03	0	|	rapi	0.06	0.06	0	|	63.0	0.06(63)	0.06(63)	|	6066	
1494	191	ok	|	0.06	1.00	1.00	0.06	0.03	0	|	rapi	0.06	0.06	0	|	63.0	0.06(63)	0.06(63)	|	6066	
1494	192	ok	|	0.06	1.00	1.00	0.06	0.03	0	|	rapi	0.06	0.06	0	|	63.0	0.06(63)	0.06(63)	|	6066	
1494	193	ok	|	0.06	1.00	1.00	0.06	0.03	0	|	rapi	0.06	0.06	0	|	63.0	0.06(63)	0.06(63)	|	6066	
1494	194	ok	|	0.04	1.00	1.00	0.04	0.02	0	|	rapi	0.04	0.04	0	|	63.0	0.04(63)	0.04(63)	|	6066	
1494	195	ok	|	0.04	1.00	1.00	0.04	0.02	0	|	rapi	0.04	0.04	0	|	63.0	0.04(63)	0.04(63)	|	6066	
1494	196	ok	|	0.03	1.00	1.00	0.03	0.02	0	|	rapi	0.03	0.03	0	|	63.0	0.03(63)	0.03(63)	|	6066	
1494	197	ok	|	0.04	1.00	1.00	0.04	0.02	0	|	rapi	0.04	0.04	0	|	63.0	0.04(63)	0.04(63)	|	6066	
1494	198	ok	|	0.03	1.00	1.00	0.03	0.02	0	|	rapi	0.03	0.03	0	|	63.0	0.03(63)	0.03(63)	|	6066	
1494	199	ok	|	0.04	1.00	1.00	0.04	0.02	0	|	rapi	0.04	0.04	0	|	63.0	0.04(63)	0.04(63)	|	6066	
1494	200	ok	|	0.04	1.00	1.00	0.04	0.02	0	|	rapi	0.04	0.04	0	|	63.0	0.04(63)	0.04(63)	|	6066	
1494	201	ok	|	0.04	1.00	1.00	0.04	0.02	0	|	rapi	0.04	0.04	0	|	63.0	0.04(63)	0.04(63)	|	6066	
1494	202	ok	|	0.03	1.00	1.00	0.03	0.02	0	|	rapi	0.03	0.03	0	|	63.0	0.03(63)	0.03(63)	|	6066	
1494	203	ok	|	0.04	1.00	1.00	0.04	0.02	0	|	rapi	0.04	0.04	0	|	63.0	0.04(63)	0.04(63)	|	6066	
1494	204	ok	|	0.04	1.00	1.00	0.05	0.02	0	|	rapi	0.04	0.05	0	|	63.0	0.05(63)	0.05(63)	|	6066	
1494	205	ok	|	0.05	1.00	1.00	0.05	0.02	0	|	rapi	0.05	0.05	0	|	63.0	0.05(63)	0.05(63)	|	6066	
1494	206	ok	|	0.04	1.00	1.00	0.04	0.02	0	|	rapi	0.04	0.04	0	|	63.0	0.04(63)	0.04(63)	|	6066	
1494	207	ok	|	0.05	1.00	1.00	0.05	0.03	0	|	rapi	0.05	0.05	0	|	63.0	0.05(63)	0.05(63)	|	6066	
1494	208	ok	|	0.05	1.00	1.00	0.05	0.02	0	|	rapi	0.05	0.05	0	|	63.0	0.05(63)	0.05(63)	|	6066	
1494	209	ok	|	0.04	1.00	1.00	0.04	0.02	0	|	rapi	0.04	0.04	0	|	63.0	0.04(63)	0.04(63)	|	6066	
1494	210	ok	|	0.04	1.00	1.00	0.04	0.02	0	|	rapi	0.04	0.04	0	|	63.0	0.04(63)	0.04(63)	|	6066	
1494	211	ok	|	0.05	1.00	1.00	0.05	0.02	0	|	rapi	0.05	0.05	0	|	63.0	0.05(63)	0.05(63)	|	6066	
1494	212	ok	|	0.05	1.00	1.00	0.05	0.02	0	|	rapi	0.05	0.05	0	|	63.0	0.05(63)	0.05(63)	|	6066	
1494	213	ok	|	0.05	1.00	1.00	0.05	0.03	0	|	rapi	0.05	0.05	0	|	63.0	0.05(63)	0.05(63)	|	6066	
1494	214	ok	|	0.05	1.00	1.00	0.05	0.03	0	|	rapi	0.05	0.05	0	|	63.0	0.05(63)	0.05(63)	|	6066	
1494	215	ok	|	0.05	1.00	1.00	0.05	0.03	0	|	rapi	0.05	0.05	0	|	63.0	0.05(63)	0.05(63)	|	6066	
1494	216	ok	|	0.05	1.00	1.00	0.05	0.03	0	|	rapi	0.05	0.05	0	|	63.0	0.05(63)	0.05(63)	|	6066	
1494	217	ok	|	0.05	1.00	1.00	0.05	0.03	0	|	rapi	0.05	0.05	0	|	63.0	0.05(63)	0.05(63)	|	6066	
1494	218	ok	|	0.06	1.00	1.00	0.06	0.03	0	|	rapi	0.06	0.06	0	|	63.0	0.06(63)	0.06(63)	|	6066	
1494	219	ok	|	0.05	1.00	1.00	0.05	0.03	0	|	rapi	0.05	0.05	0	|	63.0	0.05(63)	0.05(63)	|	6066	
1494	220	ok	|	0.05	1.00	1.00	0.05	0.02	0	|	rapi	0.05	0.05	0	|	63.0	0.05(63)	0.05(63)	|	6066	
1494	221	ok	|	0.05	1.00	1.00	0.06	0.03	0	|	rapi	0.05	0.06	0	|	63.0	0.06(63)	0.06(63)	|	6066	
1494	222	ok	|	0.06	1.00	1.00	0.06	0.03	0	|	rapi	0.06	0.06	0	|	63.0	0.06(63)	0.06(63)	|	6066	
1494	223	ok	|	0.06	1.00	1.00	0.06	0.03	0	|	rapi	0.06	0.06	0	|	63.0	0.06(63)	0.06(63)	|	6066	
1494	224	ok	|	0.05	1.00	1.00	0.05	0.03	0	|	rapi	0.05	0.05	0	|	63.0	0.05(63)	0.05(63)	|	6066	
1494	225	ok	|	0.05	1.00	1.00	0.05	0.02	0	|	rapi	0.05	0.05	0	|	63.0	0.05(63)	0.05(63)	|	6066	
1494	226	ok	|	0.04	1.00	1.00	0.04	0.02	0	|	rapi	0.04	0.04	0	|	63.0	0.04(63)	0.04(63)	|	6066	
1494	227	ok	|	0.05	1.00	1.00	0.05	0.02	0	|	rapi	0.05	0.05	0	|	63.0	0.05(63)	0.05(63)	|	6066	
1494	228	ok	|	0.06	1.00	1.00	0.06	0.03	0	|	rapi	0.06	0.06	0	|	63.0	0.06(63)	0.06(63)	|	6066	
1494	229	ok	|	0.07	1.00	1.00	0.07	0.03	0	|	rapi	0.07	0.07	0	|	63.0	0.07(63)	0.07(63)	|	6066	
1494	230	ok	|	0.07	1.00	1.00	0.08	0.04	0	|	rapi	0.07	0.08	0	|	63.0	0.08(63)	0.08(63)	|	6066	
1494	231	ok	|	0.08	1.00	1.00	0.08	0.04	0	|	rapi	0.08	0.08	0	|	63.0	0.08(63)	0.08(63)	|	6066	
1494	232	ok	|	0.08	1.00	1.00	0.08	0.04	0	|	rapi	0.08	0.08	0	|	63.0	0.08(63)	0.08(63)	|	6066	
1494	233	ok	|	0.08	1.00	1.00	0.08	0.04	0	|	rapi	0.08	0.08	0	|	63.0	0.08(63)	0.08(63)	|	6066	
1494	234	ok	|	0.09	1.00	1.00	0.09	0.04	0	|	rapi	0.09	0.09	0	|	63.0	0.09(63)	0.09(63)	|	6066	
1494	235	ok	|	0.08	1.00	1.00	0.08	0.04	0	|	rapi	0.08	0.08	0	|	63.0	0.08(63)	0.08(63)	|	6066	
1494	236	ok	|	0.09	1.00	1.00	0.09	0.04	0	|	rapi	0.09	0.09	0	|	63.0	0.09(63)	0.09(63)	|	6066	
1494	237	ok	|	0.09	1.00	1.00	0.09	0.04	0	|	rapi	0.09	0.09	0	|	63.0	0.09(63)	0.09(63)	|	6066	
1494	238	ok	|	0.08	1.00	1.00	0.08	0.04	0	|	rapi	0.08	0.08	0	|	63.0	0.08(63)	0.08(63)	|	6066	
1494	239	ok	|	0.07	1.00	1.00	0.08	0.04	0	|	rapi	0.07	0.08	0	|	63.0	0.08(63)	0.08(63)	|	6066	
1494	240	ok	|	0.10	1.00	1.00	0.10	0.05	0	|	rapi	0.10	0.10	0	|	63.0	0.10(63)	0.10(63)	|	6066	
1494	241	ok	|	0.11	1.00	1.00	0.12	0.06	0	|	rapi	0.11	0.12	0	|	63.0	0.12(63)	0.12(63)	|	6066	
1494	242	ok	|	0.11	1.00	1.00	0.12	0.06	0	|	rapi	0.11	0.12	0	|	63.0	0.12(63)	0.12(63)	|	6066	
1494	243	ok	|	0.13	1.00	1.00	0.14	0.07	0	|	rapi	0.13	0.14	0	|	63.0	0.14(63)	0.14(63)	|	6066	
1494	244	ok	|	0.13	1.00	1.00	0.13	0.06	0	|	rapi	0.13	0.13	0	|	63.0	0.13(63)	0.13(63)	|	6066	
1494	245	ok	|	0.11	1.00	1.00	0.12	0.06	0	|	rapi	0.11	0.12	0	|	63.0	0.12(63)	0.12(63)	|	6066	
1494	246	ok	|	0.12	1.00	1.00	0.12	0.06	0	|	rapi	0.12	0.12	0	|	63.0	0.12(63)	0.12(63)	|	6066	
1494	247	ok	|	0.12	1.00	1.00	0.12	0.06	0	|	rapi	0.12	0.12	0	|	63.0	0.12(63)	0.12(63)	|	6066	
1494	248	ok	|	0.12	1.00	1.00	0.12	0.06	0	|	rapi	0.12	0.12	0	|	63.0	0.12(63)	0.12(63)	|	6066	
1494	249	ok	|	0.12	1.00	1.00	0.12	0.06	0	|	rapi	0.12	0.12	0	|	63.0	0.12(63)	0.12(63)	|	6066	
1494	250	ok	|	0.12	1.00	1.00	0.12	0.06	0	|	rapi	0.12	0.12	0	|	63.0	0.12(63)	0.12(63)	|	6066	
1494	251	ok	|	0.12	1.00	1.00	0.12	0.06	0	|	rapi	0.12	0.12	0	|	63.0	0.12(63)	0.12(63)	|	6066	
1494	252	ok	|	0.13	1.00	1.00	0.13	0.06	0	|	rapi	0.13	0.13	0	|	63.0	0.13(63)	0.13(63)	|	6066	
1494	253	ok	|	0.13	1.00	1.00	0.13	0.07	0	|	rapi	0.13	0.13	0	|	63.0	0.13(63)	0.13(63)	|	6066	
1494	254	ok	|	0.13	1.00	1.00	0.13	0.06	0	|	rapi	0.13	0.13	0	|	63.0	0.13(63)	0.13(63)	|	6066	
1494	255	ok	|	0.11	1.00	1.00	0.11	0.06	0	|	rapi	0.11	0.11	0	|	63.0	0.11(63)	0.11(63)	|	6066	
1494	256	ok	|	0.12	1.00	1.00	0.13	0.06	0	|	rapi	0.12	0.13	0	|	63.0	0.13(63)	0.13(63)	|	6066	
1494	257	ok	|	0.11	1.00	1.00	0.11	0.06	0	|	rapi	0.11	0.11	0	|	63.0	0.11(63)	0.11(63)	|	6066	
1494	258	ok	|	0.12	1.00	1.00	0.12	0.06	0	|	rapi	0.12	0.12	0	|	63.0	0.12(63)	0.12(63)	|	6066	
1494	259	ok	|	0.11	1.00	1.00	0.12	0.06	0	|	rapi	0.11	0.12	0	|	63.0	0.12(63)	0.12(63)	|	6066	
1494	260	ok	|	0.12	1.00	1.00	0.13	0.06	0	|	rapi	0.12	0.13	0	|	63.0	0.13(63)	0.13(63)	|	6066	
1494	261	ok	|	0.14	1.00	1.00	0.14	0.07	0	|	rapi	0.14	0.14	0	|	63.0	0.14(63)	0.14(63)	|	6066	
1494	262	ok	|	0.14	1.00	1.00	0.15	0.07	0	|	rapi	0.14	0.15	0	|	63.0	0.15(63)	0.15(63)	|	6066	
1494	263	ok	|	0.14	1.00	1.00	0.15	0.07	0	|	rapi	0.14	0.15	0	|	63.0	0.15(63)	0.15(63)	|	6066	
1494	264	ok	|	0.15	1.00	1.00	0.15	0.08	0	|	rapi	0.15	0.15	0	|	63.0	0.15(63)	0.15(63)	|	6066	
1494	265	ok	|	0.16	1.00	1.00	0.16	0.08	0	|	rapi	0.16	0.16	0	|	63.0	0.16(63)	0.16(63)	|	6066	
1494	266	ok	|	0.16	1.00	1.00	0.17	0.08	0	|	rapi	0.16	0.17	0	|	63.0	0.17(63)	0.17(63)	|	6066	
1494	267	ok	|	0.18	1.00	1.00	0.19	0.09	0	|	rapi	0.18	0.19	0	|	63.0	0.19(63)	0.19(63)	|	6066	
1494	268	ok	|	0.19	1.00	1.00	0.20	0.10	0	|	rapi	0.19	0.20	0	|	63.0	0.20(63)	0.20(63)	|	6066	
1494	269	ok	|	0.18	1.00	1.00	0.19	0.09	0	|	rapi	0.18	0.19	0	|	63.0	0.19(63)	0.19(63)	|	6066	
1494	270	ok	|	0.18	1.00	1.00	0.19	0.10	0	|	rapi	0.18	0.19	0	|	63.0	0.19(63)	0.19(63)	|	6066	
1494	271	ok	|	0.19	1.00	1.00	0.20	0.10	0	|	rapi	0.19	0.20	0	|	63.0	0.20(63)	0.20(63)	|	6066	
1494	272	ok	|	0.18	1.00	1.00	0.19	0.10	0	|	rapi	0.18	0.19	0	|	63.0	0.19(63)	0.19(63)	|	6066	
1494	273	ok	|	0.20	1.00	1.00	0.21	0.10	0	|	rapi	0.20	0.21	0	|	63.0	0.21(63)	0.21(63)	|	6066	
1494	274	ok	|	0.20	1.00	1.00	0.21	0.11	0	|	rapi	0.20	0.21	0	|	63.0	0.21(63)	0.21(63)	|	6066	
1494	275	ok	|	0.20	1.00	1.00	0.22	0.11	0	|	rapi	0.20	0.22	0	|	63.0	0.22(63)	0.22(63)	|	6066	
1494	276	ok	|	0.20	1.00	1.00	0.21	0.11	0	|	rapi	0.20	0.21	0	|	63.0	0.21(63)	0.21(63)	|	6066	
1494	277	ok	|	0.21	1.00	1.00	0.22	0.11	0	|	rapi	0.21	0.22	0	|	63.0	0.22(63)	0.22(63)	|	6066	
1494	278	ok	|	0.23	1.00	1.00	0.24	0.12	0	|	rapi	0.23	0.24	0	|	63.0	0.24(63)	0.24(63)	|	6066	
1494	279	ok	|	0.23	1.00	1.00	0.24	0.12	0	|	rapi	0.23	0.24	0	|	63.0	0.24(63)	0.24(63)	|	6066	
1494	280	ok	|	0.21	1.00	1.00	0.22	0.11	0	|	rapi	0.21	0.22	0	|	63.0	0.22(63)	0.22(63)	|	6066	
1494	281	ok	|	0.21	1.00	1.00	0.23	0.11	0	|	rapi	0.21	0.23	0	|	63.0	0.23(63)	0.23(63)	|	6066	
1494	282	ok	|	0.22	1.00	1.00	0.23	0.12	0	|	rapi	0.22	0.23	0	|	63.0	0.23(63)	0.23(63)	|	6066	
1494	283	ok	|	0.21	1.00	1.00	0.22	0.11	0	|	rapi	0.21	0.22	0	|	63.0	0.22(63)	0.22(63)	|	6066	
1494	284	ok	|	0.21	1.00	1.00	0.24	0.12	0	|	rapi	0.21	0.24	0	|	63.0	0.24(63)	0.24(63)	|	6066	
1494	285	ok	|	0.21	1.00	1.00	0.23	0.11	0	|	rapi	0.21	0.23	0	|	63.0	0.23(63)	0.23(63)	|	6066	
1494	286	ok	|	0.23	1.00	1.00	0.24	0.12	0	|	rapi	0.23	0.24	0	|	63.0	0.24(63)	0.24(63)	|	6066	
1494	287	ok	|	0.23	1.00	1.00	0.24	0.12	0	|	rapi	0.23	0.24	0	|	63.0	0.24(63)	0.24(63)	|	6066	
1494	288	ok	|	0.21	1.00	1.00	0.23	0.12	0	|	rapi	0.21	0.23	0	|	63.0	0.23(63)	0.23(63)	|	6066	
1494	289	ok	|	0.22	1.00	1.00	0.23	0.12	0	|	rapi	0.22	0.23	0	|	63.0	0.23(63)	0.23(63)	|	6066	
1494	290	ok	|	0.21	1.00	1.00	0.21	0.11	0	|	rapi	0.21	0.21	0	|	63.0	0.21(63)	0.21(63)	|	6066	
1494	291	ok	|	0.19	1.00	1.00	0.20	0.10	0	|	rapi	0.19	0.20	0	|	63.0	0.20(63)	0.20(63)	|	6066	
1494	292	ok	|	0.18	1.00	1.00	0.20	0.10	0	|	rapi	0.18	0.20	0	|	63.0	0.20(63)	0.20(63)	|	6066	
1494	293	ok	|	0.18	1.00	1.00	0.19	0.09	0	|	rapi	0.18	0.19	0	|	63.0	0.19(63)	0.19(63)	|	6066	
1494	294	ok	|	0.18	1.00	1.00	0.19	0.10	0	|	rapi	0.18	0.19	0	|	63.0	0.19(63)	0.19(63)	|	6066	
1494	295	ok	|	0.18	1.00	1.00	0.19	0.09	0	|	rapi	0.18	0.19	0	|	63.0	0.19(63)	0.19(63)	|	6066	
1494	296	ok	|	0.18	1.00	1.00	0.19	0.09	0	|	rapi	0.18	0.19	0	|	63.0	0.19(63)	0.19(63)	|	6066	
1494	297	ok	|	0.16	1.00	1.00	0.17	0.09	0	|	rapi	0.16	0.17	0	|	63.0	0.17(63)	0.17(63)	|	6066	
1494	298	ok	|	0.15	1.00	1.00	0.16	0.08	0	|	rapi	0.15	0.16	0	|	63.0	0.16(63)	0.16(63)	|	6066	
1494	299	ok	|	0.15	1.00	1.00	0.16	0.08	0	|	rapi	0.15	0.16	0	|	63.0	0.16(63)	0.16(63)	|	6066	
1494	300	ok	|	0.15	1.00	1.00	0.15	0.08	0	|	rapi	0.15	0.15	0	|	63.0	0.15(63)	0.15(63)	|	6066	
1494	301	ok	|	0.15	1.00	1.00	0.16	0.08	0	|	rapi	0.15	0.16	0	|	63.0	0.16(63)	0.16(63)	|	6066	
1494	302	ok	|	0.15	1.00	1.00	0.15	0.08	0	|	rapi	0.15	0.15	0	|	63.0	0.15(63)	0.15(63)	|	6066	
1494	303	ok	|	0.15	1.00	1.00	0.16	0.08	0	|	rapi	0.15	0.16	0	|	63.0	0.16(63)	0.16(63)	|	6066	
1494	304	ok	|	0.15	1.00	1.00	0.15	0.08	0	|	rapi	0.15	0.15	0	|	63.0	0.15(63)	0.15(63)	|	6066	
1494	305	ok	|	0.14	1.00	1.00	0.15	0.07	0	|	rapi	0.14	0.15	0	|	63.0	0.15(63)	0.15(63)	|	6066	
1494	306	ok	|	0.14	1.00	1.00	0.15	0.07	0	|	rapi	0.14	0.15	0	|	63.0	0.15(63)	0.15(63)	|	6066	
1494	307	ok	|	0.14	1.00	1.00	0.14	0.07	0	|	rapi	0.14	0.14	0	|	63.0	0.14(63)	0.14(63)	|	6066	
1494	308	ok	|	0.14	1.00	1.00	0.14	0.07	0	|	rapi	0.14	0.14	0	|	63.0	0.14(63)	0.14(63)	|	6066	
1494	309	ok	|	0.11	1.00	1.00	0.11	0.06	0	|	rapi	0.11	0.11	0	|	63.0	0.11(63)	0.11(63)	|	6066	
1494	310	ok	|	0.12	1.00	1.00	0.12	0.06	0	|	rapi	0.12	0.12	0	|	63.0	0.12(63)	0.12(63)	|	6066	
1494	311	ok	|	0.11	1.00	1.00	0.11	0.06	0	|	rapi	0.11	0.11	0	|	63.0	0.11(63)	0.11(63)	|	6066	
1494	312	ok	|	0.11	1.00	1.00	0.11	0.06	0	|	rapi	0.11	0.11	0	|	63.0	0.11(63)	0.11(63)	|	6066	
1494	313	ok	|	0.09	1.00	1.00	0.09	0.05	0	|	rapi	0.09	0.09	0	|	63.0	0.09(63)	0.09(63)	|	6066	
1494	314	ok	|	0.10	1.00	1.00	0.11	0.05	0	|	rapi	0.10	0.11	0	|	63.0	0.11(63)	0.11(63)	|	6066	
1494	315	ok	|	0.12	1.00	1.00	0.12	0.06	0	|	rapi	0.12	0.12	0	|	63.0	0.12(63)	0.12(63)	|	6066	
1494	316	ok	|	0.11	1.00	1.00	0.12	0.06	0	|	rapi	0.11	0.12	0	|	63.0	0.12(63)	0.12(63)	|	6066	
1494	317	ok	|	0.13	1.00	1.00	0.13	0.07	0	|	rapi	0.13	0.13	0	|	63.0	0.13(63)	0.13(63)	|	6066	
1494	318	ok	|	0.13	1.00	1.00	0.13	0.07	0	|	rapi	0.13	0.13	0	|	63.0	0.13(63)	0.13(63)	|	6066	
1494	319	ok	|	0.12	1.00	1.00	0.12	0.06	0	|	rapi	0.12	0.12	0	|	63.0	0.12(63)	0.12(63)	|	6066	
1494	320	ok	|	0.14	1.00	1.00	0.14	0.07	0	|	rapi	0.14	0.14	0	|	63.0	0.14(63)	0.14(63)	|	6066	
1494	321	ok	|	0.14	1.00	1.00	0.14	0.07	0	|	rapi	0.14	0.14	0	|	63.0	0.14(63)	0.14(63)	|	6066	
1494	322	ok	|	0.14	1.00	1.00	0.15	0.07	0	|	rapi	0.14	0.15	0	|	63.0	0.15(63)	0.15(63)	|	6066	
1494	323	ok	|	0.15	1.00	1.00	0.15	0.08	0	|	rapi	0.15	0.15	0	|	63.0	0.15(63)	0.15(63)	|	6066	
1494	324	ok	|	0.15	1.00	1.00	0.15	0.08	0	|	rapi	0.15	0.15	0	|	63.0	0.15(63)	0.15(63)	|	6066	
1494	325	ok	|	0.16	1.00	1.00	0.17	0.08	0	|	rapi	0.16	0.17	0	|	63.0	0.17(63)	0.17(63)	|	6066	
1494	326	ok	|	0.15	1.00	1.00	0.16	0.08	0	|	rapi	0.15	0.16	0	|	63.0	0.16(63)	0.16(63)	|	6066	
1494	327	ok	|	0.15	1.00	1.00	0.15	0.08	0	|	rapi	0.15	0.15	0	|	63.0	0.15(63)	0.15(63)	|	6066	
1494	328	ok	|	0.16	1.00	1.00	0.17	0.09	0	|	rapi	0.16	0.17	0	|	63.0	0.17(63)	0.17(63)	|	6066	
1494	329	ok	|	0.16	1.00	1.00	0.18	0.09	0	|	rapi	0.16	0.18	0	|	63.0	0.18(63)	0.18(63)	|	6066	
1494	330	ok	|	0.18	1.00	1.00	0.19	0.09	0	|	rapi	0.18	0.19	0	|	63.0	0.19(63)	0.19(63)	|	6066	
1494	331	ok	|	0.18	1.00	1.00	0.19	0.09	0	|	rapi	0.18	0.19	0	|	63.0	0.19(63)	0.19(63)	|	6066	
1494	332	ok	|	0.17	1.00	1.00	0.18	0.09	0	|	rapi	0.17	0.18	0	|	63.0	0.18(63)	0.18(63)	|	6066	
1494	333	ok	|	0.18	1.00	1.00	0.18	0.09	0	|	rapi	0.18	0.18	0	|	63.0	0.18(63)	0.18(63)	|	6066	
1494	334	ok	|	0.16	1.00	1.00	0.17	0.08	0	|	rapi	0.16	0.17	0	|	63.0	0.17(63)	0.17(63)	|	6066	
1494	335	ok	|	0.17	1.00	1.00	0.18	0.09	0	|	rapi	0.17	0.18	0	|	63.0	0.18(63)	0.18(63)	|	6066	
1494	336	ok	|	0.16	1.00	1.00	0.17	0.09	0	|	rapi	0.16	0.17	0	|	63.0	0.17(63)	0.17(63)	|	6066	
1494	337	ok	|	0.17	1.00	1.00	0.18	0.09	0	|	rapi	0.17	0.18	0	|	63.0	0.18(63)	0.18(63)	|	6066	
1494	338	ok	|	0.16	1.00	1.00	0.16	0.08	0	|	rapi	0.16	0.16	0	|	63.0	0.16(63)	0.16(63)	|	6066	
1494	339	ok	|	0.16	1.00	1.00	0.16	0.08	0	|	rapi	0.16	0.16	0	|	63.0	0.16(63)	0.16(63)	|	6066	
1494	340	ok	|	0.16	1.00	1.00	0.17	0.08	0	|	rapi	0.16	0.17	0	|	63.0	0.17(63)	0.17(63)	|	6066	
1494	341	ok	|	0.14	1.00	1.00	0.15	0.07	0	|	rapi	0.14	0.15	0	|	63.0	0.15(63)	0.15(63)	|	6066	
1494	342	ok	|	0.15	1.00	1.00	0.15	0.08	0	|	rapi	0.15	0.15	0	|	63.0	0.15(63)	0.15(63)	|	6066	
1494	343	ok	|	0.14	1.00	1.00	0.15	0.07	0	|	rapi	0.14	0.15	0	|	63.0	0.15(63)	0.15(63)	|	6066	
1494	344	ok	|	0.14	1.00	1.00	0.14	0.07	0	|	rapi	0.14	0.14	0	|	63.0	0.14(63)	0.14(63)	|	6066	
1494	345	ok	|	0.13	1.00	1.00	0.13	0.07	0	|	rapi	0.13	0.13	0	|	63.0	0.13(63)	0.13(63)	|	6066	
1494	346	ok	|	0.12	1.00	1.00	0.12	0.06	0	|	rapi	0.12	0.12	0	|	63.0	0.12(63)	0.12(63)	|	6066	
1494	347	ok	|	0.11	1.00	1.00	0.11	0.06	0	|	rapi	0.11	0.11	0	|	63.0	0.11(63)	0.11(63)	|	6066	
1494	348	ok	|	0.10	1.00	1.00	0.11	0.05	0	|	rapi	0.10	0.11	0	|	63.0	0.11(63)	0.11(63)	|	6066	
1494	349	ok	|	0.11	1.00	1.00	0.11	0.06	0	|	rapi	0.11	0.11	0	|	63.0	0.11(63)	0.11(63)	|	6066	
1494	350	ok	|	0.09	1.00	1.00	0.09	0.05	0	|	rapi	0.09	0.09	0	|	63.0	0.09(63)	0.09(63)	|	6066	
1494	351	ok	|	0.10	1.00	1.00	0.11	0.05	0	|	rapi	0.10	0.11	0	|	63.0	0.11(63)	0.11(63)	|	6066	
1494	352	ok	|	0.11	1.00	1.00	0.12	0.06	0	|	rapi	0.11	0.12	0	|	63.0	0.12(63)	0.12(63)	|	6066	
1494	353	ok	|	0.10	1.00	1.00	0.11	0.05	0	|	rapi	0.10	0.11	0	|	63.0	0.11(63)	0.11(63)	|	6066	
1494	354	ok	|	0.10	1.00	1.00	0.11	0.05	0	|	rapi	0.10	0.11	0	|	63.0	0.11(63)	0.11(63)	|	6066	
1494	355	ok	|	0.11	1.00	1.00	0.12	0.06	0	|	rapi	0.11	0.12	0	|	63.0	0.12(63)	0.12(63)	|	6066	
1494	356	ok	|	0.11	1.00	1.00	0.12	0.06	0	|	rapi	0.11	0.12	0	|	63.0	0.12(63)	0.12(63)	|	6066	
1494	357	ok	|	0.12	1.00	1.00	0.12	0.06	0	|	rapi	0.12	0.12	0	|	63.0	0.12(63)	0.12(63)	|	6066	
1494	358	ok	|	0.11	1.00	1.00	0.11	0.06	0	|	rapi	0.11	0.11	0	|	63.0	0.11(63)	0.11(63)	|	6066	
1494	359	ok	|	0.12	1.00	1.00	0.14	0.07	0	|	rapi	0.12	0.14	0	|	63.0	0.14(63)	0.14(63)	|	6066	
1494	360	ok	|	0.13	1.00	1.00	0.14	0.07	0	|	rapi	0.13	0.14	0	|	63.0	0.14(63)	0.14(63)	|	6066	
1494	361	ok	|	0.13	1.00	1.00	0.13	0.07	0	|	rapi	0.13	0.13	0	|	63.0	0.13(63)	0.13(63)	|	6066	
1494	362	ok	|	0.11	1.00	1.00	0.11	0.06	0	|	rapi	0.11	0.11	0	|	63.0	0.11(63)	0.11(63)	|	6066	
1494	363	ok	|	0.10	1.00	1.00	0.10	0.05	0	|	rapi	0.10	0.10	0	|	63.0	0.10(63)	0.10(63)	|	6066	
1494	364	ok	|	0.11	1.00	1.00	0.11	0.06	0	|	rapi	0.11	0.11	0	|	63.0	0.11(63)	0.11(63)	|	6066	
1494	365	ok	|	0.10	1.00	1.00	0.10	0.05	0	|	rapi	0.10	0.10	0	|	63.0	0.10(63)	0.10(63)	|	6066	
1494	366	ok	|	0.10	1.00	1.00	0.10	0.05	0	|	rapi	0.10	0.10	0	|	63.0	0.10(63)	0.10(63)	|	6066	
1494	367	ok	|	0.12	1.00	1.00	0.12	0.06	0	|	rapi	0.12	0.12	0	|	63.0	0.12(63)	0.12(63)	|	6066	
1494	368	ok	|	0.11	1.00	1.00	0.12	0.06	0	|	rapi	0.11	0.12	0	|	63.0	0.12(63)	0.12(63)	|	6066	
1494	369	ok	|	0.12	1.00	1.00	0.12	0.06	0	|	rapi	0.12	0.12	0	|	63.0	0.12(63)	0.12(63)	|	6066	
1494	370	ok	|	0.12	1.00	1.00	0.13	0.06	0	|	rapi	0.12	0.13	0	|	63.0	0.13(63)	0.13(63)	|	6066	
1494	371	ok	|	0.13	1.00	1.00	0.14	0.07	0	|	rapi	0.13	0.14	0	|	63.0	0.14(63)	0.14(63)	|	6066	
1494	372	ok	|	0.14	1.00	1.00	0.14	0.07	0	|	rapi	0.14	0.14	0	|	63.0	0.14(63)	0.14(63)	|	6066	
1494	373	ok	|	0.14	1.00	1.00	0.14	0.07	0	|	rapi	0.14	0.14	0	|	63.0	0.14(63)	0.14(63)	|	6066	
1494	374	ok	|	0.13	1.00	1.00	0.13	0.07	0	|	rapi	0.13	0.13	0	|	63.0	0.13(63)	0.13(63)	|	6066	
1494	375	ok	|	0.12	1.00	1.00	0.13	0.06	0	|	rapi	0.12	0.13	0	|	63.0	0.13(63)	0.13(63)	|	6066	
1494	376	ok	|	0.14	1.00	1.00	0.14	0.07	0	|	rapi	0.14	0.14	0	|	63.0	0.14(63)	0.14(63)	|	6066	
1494	377	ok	|	0.13	1.00	1.00	0.14	0.07	0	|	rapi	0.13	0.14	0	|	63.0	0.14(63)	0.14(63)	|	6066	
1494	378	ok	|	0.14	1.00	1.00	0.15	0.07	0	|	rapi	0.14	0.15	0	|	63.0	0.15(63)	0.15(63)	|	6066	
1494	379	ok	|	0.15	1.00	1.00	0.16	0.08	0	|	rapi	0.15	0.16	0	|	63.0	0.16(63)	0.16(63)	|	6066	
1494	380	ok	|	0.14	1.00	1.00	0.15	0.08	0	|	rapi	0.14	0.15	0	|	63.0	0.15(63)	0.15(63)	|	6066	
1494	381	ok	|	0.15	1.00	1.00	0.16	0.08	0	|	rapi	0.15	0.16	0	|	63.0	0.16(63)	0.16(63)	|	6066	
1494	382	ok	|	0.14	1.00	1.00	0.15	0.07	0	|	rapi	0.14	0.15	0	|	63.0	0.15(63)	0.15(63)	|	6066	
1494	383	ok	|	0.14	1.00	1.00	0.15	0.07	0	|	rapi	0.14	0.15	0	|	63.0	0.15(63)	0.15(63)	|	6066	
1494	384	ok	|	0.15	1.00	1.00	0.15	0.08	0	|	rapi	0.15	0.15	0	|	63.0	0.15(63)	0.15(63)	|	6066	
1494	385	ok	|	0.14	1.00	1.00	0.15	0.07	0	|	rapi	0.14	0.15	0	|	63.0	0.15(63)	0.15(63)	|	6066	
1494	386	ok	|	0.13	1.00	1.00	0.14	0.07	0	|	rapi	0.13	0.14	0	|	63.0	0.14(63)	0.14(63)	|	6066	
1494	387	ok	|	0.13	1.00	1.00	0.13	0.07	0	|	rapi	0.13	0.13	0	|	63.0	0.13(63)	0.13(63)	|	6066	
1494	388	ok	|	0.13	1.00	1.00	0.13	0.06	0	|	rapi	0.13	0.13	0	|	63.0	0.13(63)	0.13(63)	|	6066	
1494	389	ok	|	0.13	1.00	1.00	0.13	0.07	0	|	rapi	0.13	0.13	0	|	63.0	0.13(63)	0.13(63)	|	6066	
1494	390	ok	|	0.12	1.00	1.00	0.12	0.06	0	|	rapi	0.12	0.12	0	|	63.0	0.12(63)	0.12(63)	|	6066	
1494	391	ok	|	0.14	1.00	1.00	0.14	0.07	0	|	rapi	0.14	0.14	0	|	63.0	0.14(63)	0.14(63)	|	6066	
1494	392	ok	|	0.11	1.00	1.00	0.12	0.06	0	|	rapi	0.11	0.12	0	|	63.0	0.12(63)	0.12(63)	|	6066	
1494	393	ok	|	0.13	1.00	1.00	0.14	0.07	0	|	rapi	0.13	0.14	0	|	63.0	0.14(63)	0.14(63)	|	6066	
1494	394	ok	|	0.12	1.00	1.00	0.13	0.06	0	|	rapi	0.12	0.13	0	|	63.0	0.13(63)	0.13(63)	|	6066	
1494	395	ok	|	0.13	1.00	1.00	0.14	0.07	0	|	rapi	0.13	0.14	0	|	63.0	0.14(63)	0.14(63)	|	6066	
1494	396	ok	|	0.12	1.00	1.00	0.13	0.06	0	|	rapi	0.12	0.13	0	|	63.0	0.13(63)	0.13(63)	|	6066	
1494	397	ok	|	0.11	1.00	1.00	0.12	0.06	0	|	rapi	0.11	0.12	0	|	63.0	0.12(63)	0.12(63)	|	6066	
1494	398	ok	|	0.12	1.00	1.00	0.12	0.06	0	|	rapi	0.12	0.12	0	|	63.0	0.12(63)	0.12(63)	|	6066	
1494	399	ok	|	0.11	1.00	1.00	0.11	0.06	0	|	rapi	0.11	0.11	0	|	63.0	0.11(63)	0.11(63)	|	6066	
1494	400	ok	|	0.10	1.00	1.00	0.11	0.05	0	|	rapi	0.10	0.11	0	|	63.0	0.11(63)	0.11(63)	|	6066	
1494	401	ok	|	0.11	1.00	1.00	0.12	0.06	0	|	rapi	0.11	0.12	0	|	63.0	0.12(63)	0.12(63)	|	6066	
1494	402	ok	|	0.12	1.00	1.00	0.12	0.06	0	|	rapi	0.12	0.12	0	|	63.0	0.12(63)	0.12(63)	|	6066	
1494	403	ok	|	0.12	1.00	1.00	0.12	0.06	0	|	rapi	0.12	0.12	0	|	63.0	0.12(63)	0.12(63)	|	6066	
1494	404	ok	|	0.13	1.00	1.00	0.13	0.07	0	|	rapi	0.13	0.13	0	|	63.0	0.13(63)	0.13(63)	|	6066	
1494	405	ok	|	0.13	1.00	1.00	0.14	0.07	0	|	rapi	0.13	0.14	0	|	63.0	0.14(63)	0.14(63)	|	6066	
1494	406	ok	|	0.12	1.00	1.00	0.13	0.07	0	|	rapi	0.12	0.13	0	|	63.0	0.13(63)	0.13(63)	|	6066	
1494	407	ok	|	0.13	1.00	1.00	0.13	0.07	0	|	rapi	0.13	0.13	0	|	63.0	0.13(63)	0.13(63)	|	6066	
1494	408	ok	|	0.15	1.00	1.00	0.16	0.08	0	|	rapi	0.15	0.16	0	|	63.0	0.16(63)	0.16(63)	|	6066	
1494	409	ok	|	0.15	1.00	1.00	0.16	0.08	0	|	rapi	0.15	0.16	0	|	63.0	0.16(63)	0.16(63)	|	6066	
1494	410	ok	|	0.15	1.00	1.00	0.16	0.08	0	|	rapi	0.15	0.16	0	|	63.0	0.16(63)	0.16(63)	|	6066	
1494	411	ok	|	0.16	1.00	1.00	0.17	0.08	0	|	rapi	0.16	0.17	0	|	63.0	0.17(63)	0.17(63)	|	6066	
1494	412	ok	|	0.15	1.00	1.00	0.15	0.08	0	|	rapi	0.15	0.15	0	|	63.0	0.15(63)	0.15(63)	|	6066	
1494	413	ok	|	0.16	1.00	1.00	0.17	0.08	0	|	rapi	0.16	0.17	0	|	63.0	0.17(63)	0.17(63)	|	6066	
1494	414	ok	|	0.17	1.00	1.00	0.17	0.09	0	|	rapi	0.17	0.17	0	|	63.0	0.17(63)	0.17(63)	|	6066	
1494	415	ok	|	0.15	1.00	1.00	0.16	0.08	0	|	rapi	0.15	0.16	0	|	63.0	0.16(63)	0.16(63)	|	6066	
1494	416	ok	|	0.17	1.00	1.00	0.17	0.09	0	|	rapi	0.17	0.17	0	|	63.0	0.17(63)	0.17(63)	|	6066	
1494	417	ok	|	0.15	1.00	1.00	0.16	0.08	0	|	rapi	0.15	0.16	0	|	63.0	0.16(63)	0.16(63)	|	6066	
1494	418	ok	|	0.17	1.00	1.00	0.17	0.09	0	|	rapi	0.17	0.17	0	|	63.0	0.17(63)	0.17(63)	|	6066	
1494	419	ok	|	0.17	1.00	1.00	0.17	0.09	0	|	rapi	0.17	0.17	0	|	63.0	0.17(63)	0.17(63)	|	6066	
1494	420	ok	|	0.16	1.00	1.00	0.17	0.09	0	|	rapi	0.16	0.17	0	|	63.0	0.17(63)	0.17(63)	|	6066	
1494	421	ok	|	0.15	1.00	1.00	0.15	0.08	0	|	rapi	0.15	0.15	0	|	63.0	0.15(63)	0.15(63)	|	6066	
1494	422	ok	|	0.15	1.00	1.00	0.16	0.08	0	|	rapi	0.15	0.16	0	|	63.0	0.16(63)	0.16(63)	|	6066	
1494	423	ok	|	0.16	1.00	1.00	0.17	0.08	0	|	rapi	0.16	0.17	0	|	63.0	0.17(63)	0.17(63)	|	6066	
1494	424	ok	|	0.17	1.00	1.00	0.17	0.08	0	|	rapi	0.17	0.17	0	|	63.0	0.17(63)	0.17(63)	|	6066	
1494	425	ok	|	0.19	1.00	1.00	0.19	0.10	0	|	rapi	0.19	0.19	0	|	63.0	0.19(63)	0.19(63)	|	6066	
1494	426	ok	|	0.18	1.00	1.00	0.19	0.10	0	|	rapi	0.18	0.19	0	|	63.0	0.19(63)	0.19(63)	|	6066	
1494	427	ok	|	0.20	1.00	1.00	0.21	0.10	0	|	rapi	0.20	0.21	0	|	63.0	0.21(63)	0.21(63)	|	6066	
1494	428	ok	|	0.20	1.00	1.00	0.21	0.11	0	|	rapi	0.20	0.21	0	|	63.0	0.21(63)	0.21(63)	|	6066	
1494	429	ok	|	0.20	1.00	1.00	0.22	0.11	0	|	rapi	0.20	0.22	0	|	63.0	0.22(63)	0.22(63)	|	6066	
1494	430	ok	|	0.22	1.00	1.00	0.23	0.11	0	|	rapi	0.22	0.23	0	|	63.0	0.23(63)	0.23(63)	|	6066	
1494	431	ok	|	0.21	1.00	1.00	0.23	0.11	0	|	rapi	0.21	0.23	0	|	63.0	0.23(63)	0.23(63)	|	6066	
1494	432	ok	|	0.20	1.00	1.00	0.22	0.11	0	|	rapi	0.20	0.22	0	|	63.0	0.22(63)	0.22(63)	|	6066	
1494	433	ok	|	0.22	1.00	1.00	0.24	0.12	0	|	rapi	0.22	0.24	0	|	63.0	0.24(63)	0.24(63)	|	6066	
1494	434	ok	|	0.23	1.00	1.00	0.24	0.12	0	|	rapi	0.23	0.24	0	|	63.0	0.24(63)	0.24(63)	|	6066	
1494	435	ok	|	0.21	1.00	1.00	0.22	0.11	0	|	rapi	0.21	0.22	0	|	63.0	0.22(63)	0.22(63)	|	6066	
1494	436	ok	|	0.21	1.00	1.00	0.22	0.11	0	|	rapi	0.21	0.22	0	|	63.0	0.22(63)	0.22(63)	|	6066	
1494	437	ok	|	0.20	1.00	1.00	0.21	0.10	0	|	rapi	0.20	0.21	0	|	63.0	0.21(63)	0.21(63)	|	6066	
1494	438	ok	|	0.20	1.00	1.00	0.21	0.10	0	|	rapi	0.20	0.21	0	|	63.0	0.21(63)	0.21(63)	|	6066	
1494	439	ok	|	0.21	1.00	1.00	0.23	0.11	0	|	rapi	0.21	0.23	0	|	63.0	0.23(63)	0.23(63)	|	6066	
1494	440	ok	|	0.21	1.00	1.00	0.22	0.11	0	|	rapi	0.21	0.22	0	|	63.0	0.22(63)	0.22(63)	|	6066	
1494	441	ok	|	0.21	1.00	1.00	0.22	0.11	0	|	rapi	0.21	0.22	0	|	63.0	0.22(63)	0.22(63)	|	6066	
1494	442	ok	|	0.22	1.00	1.00	0.23	0.12	0	|	rapi	0.22	0.23	0	|	63.0	0.23(63)	0.23(63)	|	6066	
1494	443	ok	|	0.20	1.00	1.00	0.21	0.10	0	|	rapi	0.20	0.21	0	|	63.0	0.21(63)	0.21(63)	|	6066	
1494	444	ok	|	0.20	1.00	1.00	0.21	0.11	0	|	rapi	0.20	0.21	0	|	63.0	0.21(63)	0.21(63)	|	6066	
1494	445	ok	|	0.23	1.00	1.00	0.24	0.12	0	|	rapi	0.23	0.24	0	|	63.0	0.24(63)	0.24(63)	|	6066	
1494	446	ok	|	0.23	1.00	1.00	0.24	0.12	0	|	rapi	0.23	0.24	0	|	63.0	0.24(63)	0.24(63)	|	6066	
1494	447	ok	|	0.23	1.00	1.00	0.24	0.12	0	|	rapi	0.23	0.24	0	|	63.0	0.24(63)	0.24(63)	|	6066	
1494	448	ok	|	0.24	1.00	1.00	0.26	0.13	0	|	rapi	0.24	0.26	0	|	63.0	0.26(63)	0.26(63)	|	6066	
1494	449	ok	|	0.22	1.00	1.00	0.23	0.12	0	|	rapi	0.22	0.23	0	|	63.0	0.23(63)	0.23(63)	|	6066	
1494	450	ok	|	0.23	1.00	1.00	0.24	0.12	0	|	rapi	0.23	0.24	0	|	63.0	0.24(63)	0.24(63)	|	6066	
1494	451	ok	|	0.21	1.00	1.00	0.23	0.11	0	|	rapi	0.21	0.23	0	|	63.0	0.23(63)	0.23(63)	|	6066	
1494	452	ok	|	0.20	1.00	1.00	0.21	0.11	0	|	rapi	0.20	0.21	0	|	63.0	0.21(63)	0.21(63)	|	6066	
1494	453	ok	|	0.20	1.00	1.00	0.21	0.10	0	|	rapi	0.20	0.21	0	|	63.0	0.21(63)	0.21(63)	|	6066	
1494	454	ok	|	0.20	1.00	1.00	0.22	0.11	0	|	rapi	0.20	0.22	0	|	63.0	0.22(63)	0.22(63)	|	6066	
1494	455	ok	|	0.22	1.00	1.00	0.23	0.11	0	|	rapi	0.22	0.23	0	|	63.0	0.23(63)	0.23(63)	|	6066	
1494	456	ok	|	0.23	1.00	1.00	0.24	0.12	0	|	rapi	0.23	0.24	0	|	63.0	0.24(63)	0.24(63)	|	6066	
1494	457	ok	|	0.22	1.00	1.00	0.23	0.12	0	|	rapi	0.22	0.23	0	|	63.0	0.23(63)	0.23(63)	|	6066	
1494	458	ok	|	0.20	1.00	1.00	0.21	0.10	0	|	rapi	0.20	0.21	0	|	63.0	0.21(63)	0.21(63)	|	6066	
1494	459	ok	|	0.18	1.00	1.00	0.18	0.09	0	|	rapi	0.18	0.18	0	|	63.0	0.18(63)	0.18(63)	|	6066	
1494	460	ok	|	0.20	1.00	1.00	0.21	0.10	0	|	rapi	0.20	0.21	0	|	63.0	0.21(63)	0.21(63)	|	6066	
1494	461	ok	|	0.20	1.00	1.00	0.22	0.11	0	|	rapi	0.20	0.22	0	|	63.0	0.22(63)	0.22(63)	|	6066	
1494	462	ok	|	0.20	1.00	1.00	0.21	0.11	0	|	rapi	0.20	0.21	0	|	63.0	0.21(63)	0.21(63)	|	6066	
1494	463	ok	|	0.18	1.00	1.00	0.19	0.09	0	|	rapi	0.18	0.19	0	|	63.0	0.19(63)	0.19(63)	|	6066	
1494	464	ok	|	0.18	1.00	1.00	0.19	0.10	0	|	rapi	0.18	0.19	0	|	63.0	0.19(63)	0.19(63)	|	6066	
1494	465	ok	|	0.17	1.00	1.00	0.18	0.09	0	|	rapi	0.17	0.18	0	|	63.0	0.18(63)	0.18(63)	|	6066	
1494	466	ok	|	0.16	1.00	1.00	0.17	0.08	0	|	rapi	0.16	0.17	0	|	63.0	0.17(63)	0.17(63)	|	6066	
1494	467	ok	|	0.16	1.00	1.00	0.17	0.09	0	|	rapi	0.16	0.17	0	|	63.0	0.17(63)	0.17(63)	|	6066	
1494	468	ok	|	0.16	1.00	1.00	0.17	0.08	0	|	rapi	0.16	0.17	0	|	63.0	0.17(63)	0.17(63)	|	6066	
1494	469	ok	|	0.16	1.00	1.00	0.17	0.09	0	|	rapi	0.16	0.17	0	|	63.0	0.17(63)	0.17(63)	|	6066	
1494	470	ok	|	0.16	1.00	1.00	0.17	0.08	0	|	rapi	0.16	0.17	0	|	63.0	0.17(63)	0.17(63)	|	6066	
1494	471	ok	|	0.18	1.00	1.00	0.20	0.10	0	|	rapi	0.18	0.20	0	|	63.0	0.20(63)	0.20(63)	|	6066	
1494	472	ok	|	0.18	1.00	1.00	0.20	0.10	0	|	rapi	0.18	0.20	0	|	63.0	0.20(63)	0.20(63)	|	6066	
1494	473	ok	|	0.17	1.00	1.00	0.17	0.09	0	|	rapi	0.17	0.17	0	|	63.0	0.17(63)	0.17(63)	|	6066	
1494	474	ok	|	0.15	1.00	1.00	0.17	0.08	0	|	rapi	0.15	0.17	0	|	63.0	0.17(63)	0.17(63)	|	6066	
1494	475	ok	|	0.15	1.00	1.00	0.16	0.08	0	|	rapi	0.15	0.16	0	|	63.0	0.16(63)	0.16(63)	|	6066	
1494	476	ok	|	0.16	1.00	1.00	0.16	0.08	0	|	rapi	0.16	0.16	0	|	63.0	0.16(63)	0.16(63)	|	6066	
1494	477	ok	|	0.14	1.00	1.00	0.15	0.08	0	|	rapi	0.14	0.15	0	|	63.0	0.15(63)	0.15(63)	|	6066	
1494	478	ok	|	0.17	1.00	1.00	0.17	0.09	0	|	rapi	0.17	0.17	0	|	63.0	0.17(63)	0.17(63)	|	6066	
1494	479	ok	|	0.15	1.00	1.00	0.16	0.08	0	|	rapi	0.15	0.16	0	|	63.0	0.16(63)	0.16(63)	|	6066	
1494	480	ok	|	0.15	1.00	1.00	0.15	0.08	0	|	rapi	0.15	0.15	0	|	63.0	0.15(63)	0.15(63)	|	6066	
1494	481	ok	|	0.14	1.00	1.00	0.15	0.07	0	|	rapi	0.14	0.15	0	|	63.0	0.15(63)	0.15(63)	|	6066	
1494	482	ok	|	0.13	1.00	1.00	0.14	0.07	0	|	rapi	0.13	0.14	0	|	63.0	0.14(63)	0.14(63)	|	6066	
1494	483	ok	|	0.12	1.00	1.00	0.12	0.06	0	|	rapi	0.12	0.12	0	|	63.0	0.12(63)	0.12(63)	|	6066	
1494	484	ok	|	0.13	1.00	1.00	0.13	0.06	0	|	rapi	0.13	0.13	0	|	63.0	0.13(63)	0.13(63)	|	6066	
1494	485	ok	|	0.14	1.00	1.00	0.14	0.07	0	|	rapi	0.14	0.14	0	|	63.0	0.14(63)	0.14(63)	|	6066	
1494	486	ok	|	0.14	1.00	1.00	0.14	0.07	0	|	rapi	0.14	0.14	0	|	63.0	0.14(63)	0.14(63)	|	6066	
1494	487	ok	|	0.14	1.00	1.00	0.14	0.07	0	|	rapi	0.14	0.14	0	|	63.0	0.14(63)	0.14(63)	|	6066	
1494	488	ok	|	0.11	1.00	1.00	0.12	0.06	0	|	rapi	0.11	0.12	0	|	63.0	0.12(63)	0.12(63)	|	6066	
1494	489	ok	|	0.12	1.00	1.00	0.12	0.06	0	|	rapi	0.12	0.12	0	|	63.0	0.12(63)	0.12(63)	|	6066	
1494	490	ok	|	0.13	1.00	1.00	0.14	0.07	0	|	rapi	0.13	0.14	0	|	63.0	0.14(63)	0.14(63)	|	6066	
1494	491	ok	|	0.15	1.00	1.00	0.15	0.07	0	|	rapi	0.15	0.15	0	|	63.0	0.15(63)	0.15(63)	|	6066	
1494	492	ok	|	0.15	1.00	1.00	0.15	0.08	0	|	rapi	0.15	0.15	0	|	63.0	0.15(63)	0.15(63)	|	6066	
1494	493	ok	|	0.13	1.00	1.00	0.14	0.07	0	|	rapi	0.13	0.14	0	|	63.0	0.14(63)	0.14(63)	|	6066	
1494	494	ok	|	0.14	1.00	1.00	0.14	0.07	0	|	rapi	0.14	0.14	0	|	63.0	0.14(63)	0.14(63)	|	6066	
1494	495	ok	|	0.15	1.00	1.00	0.16	0.08	0	|	rapi	0.15	0.16	0	|	63.0	0.16(63)	0.16(63)	|	6066	
1494	496	ok	|	0.16	1.00	1.00	0.17	0.08	0	|	rapi	0.16	0.17	0	|	63.0	0.17(63)	0.17(63)	|	6066	
1494	497	ok	|	0.15	1.00	1.00	0.16	0.08	0	|	rapi	0.15	0.16	0	|	63.0	0.16(63)	0.16(63)	|	6066	
1494	498	ok	|	0.15	1.00	1.00	0.15	0.08	0	|	rapi	0.15	0.15	0	|	63.0	0.15(63)	0.15(63)	|	6066	
1494	499	ok	|	0.13	1.00	1.00	0.14	0.07	0	|	rapi	0.13	0.14	0	|	63.0	0.14(63)	0.14(63)	|	6066	
1494	500	ok	|	0.15	1.00	1.00	0.16	0.08	0	|	rapi	0.15	0.16	0	|	63.0	0.16(63)	0.16(63)	|	6066	
1494	501	ok	|	0.17	1.00	1.00	0.18	0.09	0	|	rapi	0.17	0.18	0	|	63.0	0.18(63)	0.18(63)	|	6066	
1494	502	ok	|	0.18	1.00	1.00	0.19	0.10	0	|	rapi	0.18	0.19	0	|	63.0	0.19(63)	0.19(63)	|	6066	
1494	503	ok	|	0.20	1.00	1.00	0.21	0.11	0	|	rapi	0.20	0.21	0	|	63.0	0.21(63)	0.21(63)	|	6066	
1494	504	ok	|	0.21	1.00	1.00	0.23	0.11	0	|	rapi	0.21	0.23	0	|	63.0	0.23(63)	0.23(63)	|	6066	
1494	505	ok	|	0.21	1.00	1.00	0.23	0.11	0	|	rapi	0.21	0.23	0	|	63.0	0.23(63)	0.23(63)	|	6066	
1494	506	ok	|	0.21	1.00	1.00	0.23	0.11	0	|	rapi	0.21	0.23	0	|	63.0	0.23(63)	0.23(63)	|	6066	
1494	507	ok	|	0.22	1.00	1.00	0.23	0.12	0	|	rapi	0.22	0.23	0	|	63.0	0.23(63)	0.23(63)	|	6066	
1494	508	ok	|	0.23	1.00	1.00	0.24	0.12	0	|	rapi	0.23	0.24	0	|	63.0	0.24(63)	0.24(63)	|	6066	
1494	509	ok	|	0.23	1.00	1.00	0.24	0.12	0	|	rapi	0.23	0.24	0	|	63.0	0.24(63)	0.24(63)	|	6066	
1494	510	ok	|	0.23	1.00	1.00	0.25	0.12	0	|	rapi	0.23	0.25	0	|	63.0	0.25(63)	0.25(63)	|	6066	
1494	511	ok	|	0.24	1.00	1.00	0.26	0.13	0	|	rapi	0.24	0.26	0	|	63.0	0.26(63)	0.26(63)	|	6066	
1494	512	ok	|	0.24	1.00	1.00	0.26	0.13	0	|	rapi	0.24	0.26	0	|	63.0	0.26(63)	0.26(63)	|	6066	
1494	513	ok	|	0.21	1.00	1.00	0.22	0.11	0	|	rapi	0.21	0.22	0	|	63.0	0.22(63)	0.22(63)	|	6066	
1494	514	ok	|	0.20	1.00	1.00	0.21	0.11	0	|	rapi	0.20	0.21	0	|	63.0	0.21(63)	0.21(63)	|	6066	
1494	515	ok	|	0.20	1.00	1.00	0.21	0.10	0	|	rapi	0.20	0.21	0	|	63.0	0.21(63)	0.21(63)	|	6066	
1494	516	ok	|	0.19	1.00	1.00	0.20	0.10	0	|	rapi	0.19	0.20	0	|	63.0	0.20(63)	0.20(63)	|	6066	
1494	517	ok	|	0.18	1.00	1.00	0.19	0.09	0	|	rapi	0.18	0.19	0	|	63.0	0.19(63)	0.19(63)	|	6066	
1494	518	ok	|	0.19	1.00	1.00	0.20	0.10	0	|	rapi	0.19	0.20	0	|	63.0	0.20(63)	0.20(63)	|	6066	
1494	519	ok	|	0.18	1.00	1.00	0.20	0.10	0	|	rapi	0.18	0.20	0	|	63.0	0.20(63)	0.20(63)	|	6066	
1494	520	ok	|	0.22	1.00	1.00	0.23	0.12	0	|	rapi	0.22	0.23	0	|	63.0	0.23(63)	0.23(63)	|	6066	
1494	521	ok	|	0.19	1.00	1.00	0.21	0.10	0	|	rapi	0.19	0.21	0	|	63.0	0.21(63)	0.21(63)	|	6066	
1494	522	ok	|	0.18	1.00	1.00	0.19	0.09	0	|	rapi	0.18	0.19	0	|	63.0	0.19(63)	0.19(63)	|	6066	
1494	523	ok	|	0.19	1.00	1.00	0.20	0.10	0	|	rapi	0.19	0.20	0	|	63.0	0.20(63)	0.20(63)	|	6066	
1494	524	ok	|	0.16	1.00	1.00	0.17	0.09	0	|	rapi	0.16	0.17	0	|	63.0	0.17(63)	0.17(63)	|	6066	
1494	525	ok	|	0.17	1.00	1.00	0.17	0.09	0	|	rapi	0.17	0.17	0	|	63.0	0.17(63)	0.17(63)	|	6066	
1494	526	ok	|	0.17	1.00	1.00	0.17	0.09	0	|	rapi	0.17	0.17	0	|	63.0	0.17(63)	0.17(63)	|	6066	
1494	527	ok	|	0.16	1.00	1.00	0.16	0.08	0	|	rapi	0.16	0.16	0	|	63.0	0.16(63)	0.16(63)	|	6066	
1494	528	ok	|	0.16	1.00	1.00	0.17	0.09	0	|	rapi	0.16	0.17	0	|	63.0	0.17(63)	0.17(63)	|	6066	
1494	529	ok	|	0.15	1.00	1.00	0.16	0.08	0	|	rapi	0.15	0.16	0	|	63.0	0.16(63)	0.16(63)	|	6066	
1494	530	ok	|	0.13	1.00	1.00	0.13	0.07	0	|	rapi	0.13	0.13	0	|	63.0	0.13(63)	0.13(63)	|	6066	
1494	531	ok	|	0.13	1.00	1.00	0.14	0.07	0	|	rapi	0.13	0.14	0	|	63.0	0.14(63)	0.14(63)	|	6066	
1494	532	ok	|	0.14	1.00	1.00	0.14	0.07	0	|	rapi	0.14	0.14	0	|	63.0	0.14(63)	0.14(63)	|	6066	
1494	533	ok	|	0.16	1.00	1.00	0.17	0.08	0	|	rapi	0.16	0.17	0	|	63.0	0.17(63)	0.17(63)	|	6066	
1494	534	ok	|	0.15	1.00	1.00	0.15	0.08	0	|	rapi	0.15	0.15	0	|	63.0	0.15(63)	0.15(63)	|	6066	
1494	535	ok	|	0.16	1.00	1.00	0.17	0.09	0	|	rapi	0.16	0.17	0	|	63.0	0.17(63)	0.17(63)	|	6066	
1494	536	ok	|	0.16	1.00	1.00	0.17	0.09	0	|	rapi	0.16	0.17	0	|	63.0	0.17(63)	0.17(63)	|	6066	
1494	537	ok	|	0.17	1.00	1.00	0.18	0.09	0	|	rapi	0.17	0.18	0	|	63.0	0.18(63)	0.18(63)	|	6066	
1494	538	ok	|	0.17	1.00	1.00	0.17	0.09	0	|	rapi	0.17	0.17	0	|	63.0	0.17(63)	0.17(63)	|	6066	
1494	539	ok	|	0.16	1.00	1.00	0.17	0.08	0	|	rapi	0.16	0.17	0	|	63.0	0.17(63)	0.17(63)	|	6066	
1494	540	ok	|	0.18	1.00	1.00	0.19	0.10	0	|	rapi	0.18	0.19	0	|	63.0	0.19(63)	0.19(63)	|	6066	
1494	541	ok	|	0.18	1.00	1.00	0.19	0.09	0	|	rapi	0.18	0.19	0	|	63.0	0.19(63)	0.19(63)	|	6066	
1494	542	ok	|	0.18	1.00	1.00	0.19	0.10	0	|	rapi	0.18	0.19	0	|	63.0	0.19(63)	0.19(63)	|	6066	
1494	543	ok	|	0.19	1.00	1.00	0.19	0.10	0	|	rapi	0.19	0.19	0	|	63.0	0.19(63)	0.19(63)	|	6066	
1494	544	ok	|	0.19	1.00	1.00	0.19	0.10	0	|	rapi	0.19	0.19	0	|	63.0	0.19(63)	0.19(63)	|	6066	
1494	545	ok	|	0.18	1.00	1.00	0.18	0.09	0	|	rapi	0.18	0.18	0	|	63.0	0.18(63)	0.18(63)	|	6066	
1494	546	ok	|	0.18	1.00	1.00	0.20	0.10	0	|	rapi	0.18	0.20	0	|	63.0	0.20(63)	0.20(63)	|	6066	
1494	547	ok	|	0.19	1.00	1.00	0.20	0.10	0	|	rapi	0.19	0.20	0	|	63.0	0.20(63)	0.20(63)	|	6066	
1494	548	ok	|	0.19	1.00	1.00	0.20	0.10	0	|	rapi	0.19	0.20	0	|	63.0	0.20(63)	0.20(63)	|	6066	
1494	549	ok	|	0.18	1.00	1.00	0.19	0.09	0	|	rapi	0.18	0.19	0	|	63.0	0.19(63)	0.19(63)	|	6066	
1494	550	ok	|	0.17	1.00	1.00	0.18	0.09	0	|	rapi	0.17	0.18	0	|	63.0	0.18(63)	0.18(63)	|	6066	
1494	551	ok	|	0.17	1.00	1.00	0.17	0.09	0	|	rapi	0.17	0.17	0	|	63.0	0.17(63)	0.17(63)	|	6066	
1494	552	ok	|	0.15	1.00	1.00	0.16	0.08	0	|	rapi	0.15	0.16	0	|	63.0	0.16(63)	0.16(63)	|	6066	
1494	553	ok	|	0.14	1.00	1.00	0.14	0.07	0	|	rapi	0.14	0.14	0	|	63.0	0.14(63)	0.14(63)	|	6066	
1494	554	ok	|	0.15	1.00	1.00	0.16	0.08	0	|	rapi	0.15	0.16	0	|	63.0	0.16(63)	0.16(63)	|	6066	
1494	555	ok	|	0.15	1.00	1.00	0.16	0.08	0	|	rapi	0.15	0.16	0	|	63.0	0.16(63)	0.16(63)	|	6066	
1494	556	ok	|	0.16	1.00	1.00	0.17	0.08	0	|	rapi	0.16	0.17	0	|	63.0	0.17(63)	0.17(63)	|	6066	
1494	557	ok	|	0.16	1.00	1.00	0.17	0.09	0	|	rapi	0.16	0.17	0	|	63.0	0.17(63)	0.17(63)	|	6066	
1494	558	ok	|	0.17	1.00	1.00	0.18	0.09	0	|	rapi	0.17	0.18	0	|	63.0	0.18(63)	0.18(63)	|	6066	
1494	559	ok	|	0.18	1.00	1.00	0.19	0.10	0	|	rapi	0.18	0.19	0	|	63.0	0.19(63)	0.19(63)	|	6066	
1494	560	ok	|	0.17	1.00	1.00	0.18	0.09	0	|	rapi	0.17	0.18	0	|	63.0	0.18(63)	0.18(63)	|	6066	
1494	561	ok	|	0.17	1.00	1.00	0.18	0.09	0	|	rapi	0.17	0.18	0	|	63.0	0.18(63)	0.18(63)	|	6066	
1494	562	ok	|	0.18	1.00	1.00	0.19	0.09	0	|	rapi	0.18	0.19	0	|	63.0	0.19(63)	0.19(63)	|	6066	
1494	563	ok	|	0.18	1.00	1.00	0.19	0.10	0	|	rapi	0.18	0.19	0	|	63.0	0.19(63)	0.19(63)	|	6066	
1494	564	ok	|	0.18	1.00	1.00	0.20	0.10	0	|	rapi	0.18	0.20	0	|	63.0	0.20(63)	0.20(63)	|	6066	
1494	565	ok	|	0.19	1.00	1.00	0.20	0.10	0	|	rapi	0.19	0.20	0	|	63.0	0.20(63)	0.20(63)	|	6066	
1494	566	ok	|	0.20	1.00	1.00	0.20	0.10	0	|	rapi	0.20	0.20	0	|	63.0	0.20(63)	0.20(63)	|	6066	
1494	567	ok	|	0.20	1.00	1.00	0.21	0.10	0	|	rapi	0.20	0.21	0	|	63.0	0.21(63)	0.21(63)	|	6066	
1494	568	ok	|	0.20	1.00	1.00	0.21	0.11	0	|	rapi	0.20	0.21	0	|	63.0	0.21(63)	0.21(63)	|	6066	
1494	569	ok	|	0.19	1.00	1.00	0.19	0.10	0	|	rapi	0.19	0.19	0	|	63.0	0.19(63)	0.19(63)	|	6066	
1494	570	ok	|	0.19	1.00	1.00	0.20	0.10	0	|	rapi	0.19	0.20	0	|	63.0	0.20(63)	0.20(63)	|	6066	
1494	571	ok	|	0.20	1.00	1.00	0.21	0.11	0	|	rapi	0.20	0.21	0	|	63.0	0.21(63)	0.21(63)	|	6066	
1494	572	ok	|	0.19	1.00	1.00	0.20	0.10	0	|	rapi	0.19	0.20	0	|	63.0	0.20(63)	0.20(63)	|	6066	
1494	573	ok	|	0.18	1.00	1.00	0.19	0.09	0	|	rapi	0.18	0.19	0	|	63.0	0.19(63)	0.19(63)	|	6066	
1494	574	ok	|	0.20	1.00	1.00	0.21	0.10	0	|	rapi	0.20	0.21	0	|	63.0	0.21(63)	0.21(63)	|	6066	
1494	575	ok	|	0.22	1.00	1.00	0.23	0.12	0	|	rapi	0.22	0.23	0	|	63.0	0.23(63)	0.23(63)	|	6066	
1494	576	ok	|	0.24	1.00	1.00	0.25	0.13	0	|	rapi	0.24	0.25	0	|	63.0	0.25(63)	0.25(63)	|	6066	
1494	577	ok	|	0.23	1.00	1.00	0.25	0.12	0	|	rapi	0.23	0.25	0	|	63.0	0.25(63)	0.25(63)	|	6066	
1494	578	ok	|	0.21	1.00	1.00	0.22	0.11	0	|	rapi	0.21	0.22	0	|	63.0	0.22(63)	0.22(63)	|	6066	
1494	579	ok	|	0.19	1.00	1.00	0.20	0.10	0	|	rapi	0.19	0.20	0	|	63.0	0.20(63)	0.20(63)	|	6066	
1494	580	ok	|	0.19	1.00	1.00	0.20	0.10	0	|	rapi	0.19	0.20	0	|	63.0	0.20(63)	0.20(63)	|	6066	
1494	581	ok	|	0.18	1.00	1.00	0.19	0.09	0	|	rapi	0.18	0.19	0	|	63.0	0.19(63)	0.19(63)	|	6066	
1494	582	ok	|	0.16	1.00	1.00	0.17	0.09	0	|	rapi	0.16	0.17	0	|	63.0	0.17(63)	0.17(63)	|	6066	
1494	583	ok	|	0.17	1.00	1.00	0.18	0.09	0	|	rapi	0.17	0.18	0	|	63.0	0.18(63)	0.18(63)	|	6066	
1494	584	ok	|	0.16	1.00	1.00	0.17	0.08	0	|	rapi	0.16	0.17	0	|	63.0	0.17(63)	0.17(63)	|	6066	
1494	585	ok	|	0.17	1.00	1.00	0.19	0.09	0	|	rapi	0.17	0.19	0	|	63.0	0.19(63)	0.19(63)	|	6066	
1494	586	ok	|	0.17	1.00	1.00	0.18	0.09	0	|	rapi	0.17	0.18	0	|	63.0	0.18(63)	0.18(63)	|	6066	
1494	587	ok	|	0.18	1.00	1.00	0.19	0.09	0	|	rapi	0.18	0.19	0	|	63.0	0.19(63)	0.19(63)	|	6066	
1494	588	ok	|	0.16	1.00	1.00	0.16	0.08	0	|	rapi	0.16	0.16	0	|	63.0	0.16(63)	0.16(63)	|	6066	
1494	589	ok	|	0.15	1.00	1.00	0.15	0.07	0	|	rapi	0.15	0.15	0	|	63.0	0.15(63)	0.15(63)	|	6066	
1494	590	ok	|	0.13	1.00	1.00	0.14	0.07	0	|	rapi	0.13	0.14	0	|	63.0	0.14(63)	0.14(63)	|	6066	
1494	591	ok	|	0.13	1.00	1.00	0.14	0.07	0	|	rapi	0.13	0.14	0	|	63.0	0.14(63)	0.14(63)	|	6066	
1494	592	ok	|	0.13	1.00	1.00	0.13	0.07	0	|	rapi	0.13	0.13	0	|	63.0	0.13(63)	0.13(63)	|	6066	
1494	593	ok	|	0.13	1.00	1.00	0.13	0.07	0	|	rapi	0.13	0.13	0	|	63.0	0.13(63)	0.13(63)	|	6066	
1494	594	ok	|	0.13	1.00	1.00	0.13	0.07	0	|	rapi	0.13	0.13	0	|	63.0	0.13(63)	0.13(63)	|	6066	
1494	595	ok	|	0.13	1.00	1.00	0.13	0.07	0	|	rapi	0.13	0.13	0	|	63.0	0.13(63)	0.13(63)	|	6066	
1494	596	ok	|	0.12	1.00	1.00	0.13	0.07	0	|	rapi	0.12	0.13	0	|	63.0	0.13(63)	0.13(63)	|	6066	
1494	597	ok	|	0.13	1.00	1.00	0.13	0.07	0	|	rapi	0.13	0.13	0	|	63.0	0.13(63)	0.13(63)	|	6066	
1494	598	ok	|	0.15	1.00	1.00	0.16	0.08	0	|	rapi	0.15	0.16	0	|	63.0	0.16(63)	0.16(63)	|	6066	
1494	599	ok	|	0.14	1.00	1.00	0.14	0.07	0	|	rapi	0.14	0.14	0	|	63.0	0.14(63)	0.14(63)	|	6066	
1494	600	ok	|	0.15	1.00	1.00	0.15	0.08	0	|	rapi	0.15	0.15	0	|	63.0	0.15(63)	0.15(63)	|	6066	
1494	601	ok	|	0.14	1.00	1.00	0.14	0.07	0	|	rapi	0.14	0.14	0	|	63.0	0.14(63)	0.14(63)	|	6066	
1494	602	ok	|	0.13	1.00	1.00	0.14	0.07	0	|	rapi	0.13	0.14	0	|	63.0	0.14(63)	0.14(63)	|	6066	
1494	603	ok	|	0.14	1.00	1.00	0.14	0.07	0	|	rapi	0.14	0.14	0	|	63.0	0.14(63)	0.14(63)	|	6066	
1494	604	ok	|	0.14	1.00	1.00	0.14	0.07	0	|	rapi	0.14	0.14	0	|	63.0	0.14(63)	0.14(63)	|	6066	
1494	605	ok	|	0.13	1.00	1.00	0.13	0.07	0	|	rapi	0.13	0.13	0	|	63.0	0.13(63)	0.13(63)	|	6066	
1494	606	ok	|	0.10	1.00	1.00	0.11	0.05	0	|	rapi	0.10	0.11	0	|	63.0	0.11(63)	0.11(63)	|	6066	
1494	607	ok	|	0.09	1.00	1.00	0.09	0.04	0	|	rapi	0.09	0.09	0	|	63.0	0.09(63)	0.09(63)	|	6066	
1494	608	ok	|	0.09	1.00	1.00	0.09	0.04	0	|	rapi	0.09	0.09	0	|	63.0	0.09(63)	0.09(63)	|	6066	
1494	609	ok	|	0.07	1.00	1.00	0.07	0.04	0	|	rapi	0.07	0.07	0	|	63.0	0.07(63)	0.07(63)	|	6066	
1494	610	ok	|	0.07	1.00	1.00	0.07	0.03	0	|	rapi	0.07	0.07	0	|	63.0	0.07(63)	0.07(63)	|	6066	
1494	611	ok	|	0.07	1.00	1.00	0.07	0.04	0	|	rapi	0.07	0.07	0	|	63.0	0.07(63)	0.07(63)	|	6066	
1494	612	ok	|	0.06	1.00	1.00	0.06	0.03	0	|	rapi	0.06	0.06	0	|	63.0	0.06(63)	0.06(63)	|	6066	
1494	613	ok	|	0.07	1.00	1.00	0.07	0.03	0	|	rapi	0.07	0.07	0	|	63.0	0.07(63)	0.07(63)	|	6066	
1494	614	ok	|	0.06	1.00	1.00	0.06	0.03	0	|	rapi	0.06	0.06	0	|	63.0	0.06(63)	0.06(63)	|	6066	
1494	615	ok	|	0.06	1.00	1.00	0.06	0.03	0	|	rapi	0.06	0.06	0	|	63.0	0.06(63)	0.06(63)	|	6066	
1494	616	ok	|	0.06	1.00	1.00	0.06	0.03	0	|	rapi	0.06	0.06	0	|	63.0	0.06(63)	0.06(63)	|	6066	
1494	617	ok	|	0.06	1.00	1.00	0.06	0.03	0	|	rapi	0.06	0.06	0	|	63.0	0.06(63)	0.06(63)	|	6066	
1494	618	ok	|	0.06	1.00	1.00	0.06	0.03	0	|	rapi	0.06	0.06	0	|	63.0	0.06(63)	0.06(63)	|	6066	
1494	619	ok	|	0.07	1.00	1.00	0.07	0.04	0	|	rapi	0.07	0.07	0	|	63.0	0.07(63)	0.07(63)	|	6066	
1494	620	ok	|	0.07	1.00	1.00	0.07	0.03	0	|	rapi	0.07	0.07	0	|	63.0	0.07(63)	0.07(63)	|	6066	
1494	621	ok	|	0.07	1.00	1.00	0.07	0.04	0	|	rapi	0.07	0.07	0	|	63.0	0.07(63)	0.07(63)	|	6066	
1494	622	ok	|	0.07	1.00	1.00	0.08	0.04	0	|	rapi	0.07	0.08	0	|	63.0	0.08(63)	0.08(63)	|	6066	
1494	623	ok	|	0.08	1.00	1.00	0.08	0.04	0	|	rapi	0.08	0.08	0	|	63.0	0.08(63)	0.08(63)	|	6066	
1494	624	ok	|	0.08	1.00	1.00	0.08	0.04	0	|	rapi	0.08	0.08	0	|	63.0	0.08(63)	0.08(63)	|	6066	
1494	625	ok	|	0.08	1.00	1.00	0.08	0.04	0	|	rapi	0.08	0.08	0	|	63.0	0.08(63)	0.08(63)	|	6066	
1494	626	ok	|	0.07	1.00	1.00	0.07	0.04	0	|	rapi	0.07	0.07	0	|	63.0	0.07(63)	0.07(63)	|	6066	
1494	627	ok	|	0.06	1.00	1.00	0.07	0.03	0	|	rapi	0.06	0.07	0	|	63.0	0.07(63)	0.07(63)	|	6066	
1494	628	ok	|	0.05	1.00	1.00	0.05	0.03	0	|	rapi	0.05	0.05	0	|	63.0	0.05(63)	0.05(63)	|	6066	
1494	629	ok	|	0.05	1.00	1.00	0.05	0.03	0	|	rapi	0.05	0.05	0	|	63.0	0.05(63)	0.05(63)	|	6066	
1494	630	ok	|	0.04	1.00	1.00	0.04	0.02	0	|	rapi	0.04	0.04	0	|	63.0	0.04(63)	0.04(63)	|	6066	
1494	631	ok	|	0.05	1.00	1.00	0.05	0.02	0	|	rapi	0.05	0.05	0	|	63.0	0.05(63)	0.05(63)	|	6066	
1494	632	ok	|	0.06	1.00	1.00	0.06	0.03	0	|	rapi	0.06	0.06	0	|	63.0	0.06(63)	0.06(63)	|	6066	
1494	633	ok	|	0.04	1.00	1.00	0.04	0.02	0	|	rapi	0.04	0.04	0	|	63.0	0.04(63)	0.04(63)	|	6066	
1494	634	ok	|	0.04	1.00	1.00	0.05	0.02	0	|	rapi	0.04	0.05	0	|	63.0	0.05(63)	0.05(63)	|	6066	
1494	635	ok	|	0.05	1.00	1.00	0.05	0.02	0	|	rapi	0.05	0.05	0	|	63.0	0.05(63)	0.05(63)	|	6066	
1494	636	ok	|	0.05	1.00	1.00	0.05	0.02	0	|	rapi	0.05	0.05	0	|	63.0	0.05(63)	0.05(63)	|	6066	
1494	637	ok	|	0.05	1.00	1.00	0.05	0.03	0	|	rapi	0.05	0.05	0	|	63.0	0.05(63)	0.05(63)	|	6066	
1494	638	ok	|	0.05	1.00	1.00	0.05	0.03	0	|	rapi	0.05	0.05	0	|	63.0	0.05(63)	0.05(63)	|	6066	
1494	639	ok	|	0.05	1.00	1.00	0.05	0.03	0	|	rapi	0.05	0.05	0	|	63.0	0.05(63)	0.05(63)	|	6066	
1494	640	ok	|	0.05	1.00	1.00	0.05	0.03	0	|	rapi	0.05	0.05	0	|	63.0	0.05(63)	0.05(63)	|	6066	
1494	641	ok	|	0.04	1.00	1.00	0.04	0.02	0	|	rapi	0.04	0.04	0	|	63.0	0.04(63)	0.04(63)	|	6066	
1494	642	ok	|	0.05	1.00	1.00	0.05	0.02	0	|	rapi	0.05	0.05	0	|	63.0	0.05(63)	0.05(63)	|	6066	
1494	643	ok	|	0.04	1.00	1.00	0.04	0.02	0	|	rapi	0.04	0.04	0	|	63.0	0.04(63)	0.04(63)	|	6066	
1494	644	ok	|	0.04	1.00	1.00	0.04	0.02	0	|	rapi	0.04	0.04	0	|	63.0	0.04(63)	0.04(63)	|	6066	
1494	645	ok	|	0.05	1.00	1.00	0.05	0.02	0	|	rapi	0.05	0.05	0	|	63.0	0.05(63)	0.05(63)	|	6066	
1494	646	ok	|	0.04	1.00	1.00	0.05	0.02	0	|	rapi	0.04	0.05	0	|	63.0	0.05(63)	0.05(63)	|	6066	
1494	647	ok	|	0.04	1.00	1.00	0.04	0.02	0	|	rapi	0.04	0.04	0	|	63.0	0.04(63)	0.04(63)	|	6066	
1494	648	ok	|	0.05	1.00	1.00	0.05	0.02	0	|	rapi	0.05	0.05	0	|	63.0	0.05(63)	0.05(63)	|	6066	
1494	649	ok	|	0.05	1.00	1.00	0.05	0.03	0	|	rapi	0.05	0.05	0	|	63.0	0.05(63)	0.05(63)	|	6066	
1494	650	ok	|	0.04	1.00	1.00	0.04	0.02	0	|	rapi	0.04	0.04	0	|	63.0	0.04(63)	0.04(63)	|	6066	
1494	651	ok	|	0.05	1.00	1.00	0.05	0.03	0	|	rapi	0.05	0.05	0	|	63.0	0.05(63)	0.05(63)	|	6066	
1494	652	ok	|	0.05	1.00	1.00	0.05	0.02	0	|	rapi	0.05	0.05	0	|	63.0	0.05(63)	0.05(63)	|	6066	
1494	653	ok	|	0.04	1.00	1.00	0.04	0.02	0	|	rapi	0.04	0.04	0	|	63.0	0.04(63)	0.04(63)	|	6066	
1494	654	ok	|	0.04	1.00	1.00	0.04	0.02	0	|	rapi	0.04	0.04	0	|	63.0	0.04(63)	0.04(63)	|	6066	
1494	655	ok	|	0.04	1.00	1.00	0.04	0.02	0	|	rapi	0.04	0.04	0	|	63.0	0.04(63)	0.04(63)	|	6066	
1494	656	ok	|	0.04	1.00	1.00	0.04	0.02	0	|	rapi	0.04	0.04	0	|	63.0	0.04(63)	0.04(63)	|	6066	
1494	657	ok	|	0.04	1.00	1.00	0.04	0.02	0	|	rapi	0.04	0.04	0	|	63.0	0.04(63)	0.04(63)	|	6066	
1494	658	ok	|	0.05	1.00	1.00	0.05	0.02	0	|	rapi	0.05	0.05	0	|	63.0	0.05(63)	0.05(63)	|	6066	
1494	659	ok	|	0.06	1.00	1.00	0.06	0.03	0	|	rapi	0.06	0.06	0	|	63.0	0.06(63)	0.06(63)	|	6066	
1494	660	ok	|	0.05	1.00	1.00	0.05	0.03	0	|	rapi	0.05	0.05	0	|	63.0	0.05(63)	0.05(63)	|	6066	
1494	661	ok	|	0.05	1.00	1.00	0.05	0.02	0	|	rapi	0.05	0.05	0	|	63.0	0.05(63)	0.05(63)	|	6066	
1494	662	ok	|	0.04	1.00	1.00	0.04	0.02	0	|	rapi	0.04	0.04	0	|	63.0	0.04(63)	0.04(63)	|	6066	
1494	663	ok	|	0.05	1.00	1.00	0.05	0.03	0	|	rapi	0.05	0.05	0	|	63.0	0.05(63)	0.05(63)	|	6066	
1494	664	ok	|	0.06	1.00	1.00	0.06	0.03	0	|	rapi	0.06	0.06	0	|	63.0	0.06(63)	0.06(63)	|	6066	
1494	665	ok	|	0.04	1.00	1.00	0.04	0.02	0	|	rapi	0.04	0.04	0	|	63.0	0.04(63)	0.04(63)	|	6066	
1494	666	ok	|	0.03	1.00	1.00	0.03	0.01	0	|	rapi	0.03	0.03	0	|	63.0	0.03(63)	0.03(63)	|	6066	
1494	667	ok	|	0.03	1.00	1.00	0.03	0.02	0	|	rapi	0.03	0.03	0	|	63.0	0.03(63)	0.03(63)	|	6066	
1494	668	ok	|	0.03	1.00	1.00	0.03	0.01	0	|	rapi	0.03	0.03	0	|	63.0	0.03(63)	0.03(63)	|	6066	
1494	669	ok	|	0.03	1.00	1.00	0.03	0.01	0	|	rapi	0.03	0.03	0	|	63.0	0.03(63)	0.03(63)	|	6066	
1494	670	ok	|	0.04	1.00	1.00	0.04	0.02	0	|	rapi	0.04	0.04	0	|	63.0	0.04(63)	0.04(63)	|	6066	
1494	671	ok	|	0.03	1.00	1.00	0.03	0.01	0	|	rapi	0.03	0.03	0	|	63.0	0.03(63)	0.03(63)	|	6066	
1494	672	ok	|	0.03	1.00	1.00	0.04	0.02	0	|	rapi	0.03	0.04	0	|	63.0	0.04(63)	0.04(63)	|	6066	
1494	673	ok	|	0.04	1.00	1.00	0.04	0.02	0	|	rapi	0.04	0.04	0	|	63.0	0.04(63)	0.04(63)	|	6066	
1494	674	ok	|	0.04	1.00	1.00	0.04	0.02	0	|	rapi	0.04	0.04	0	|	63.0	0.04(63)	0.04(63)	|	6066	
1494	675	ok	|	0.05	1.00	1.00	0.05	0.02	0	|	rapi	0.05	0.05	0	|	63.0	0.05(63)	0.05(63)	|	6066	
1494	676	ok	|	0.04	1.00	1.00	0.05	0.02	0	|	rapi	0.04	0.05	0	|	63.0	0.05(63)	0.05(63)	|	6066	
1494	677	ok	|	0.06	1.00	1.00	0.06	0.03	0	|	rapi	0.06	0.06	0	|	63.0	0.06(63)	0.06(63)	|	6066	
1494	678	ok	|	0.05	1.00	1.00	0.05	0.03	0	|	rapi	0.05	0.05	0	|	63.0	0.05(63)	0.05(63)	|	6066	
1494	679	ok	|	0.04	1.00	1.00	0.04	0.02	0	|	rapi	0.04	0.04	0	|	63.0	0.04(63)	0.04(63)	|	6066	
1494	680	ok	|	0.04	1.00	1.00	0.04	0.02	0	|	rapi	0.04	0.04	0	|	63.0	0.04(63)	0.04(63)	|	6066	
1494	681	ok	|	0.04	1.00	1.00	0.04	0.02	0	|	rapi	0.04	0.04	0	|	63.0	0.04(63)	0.04(63)	|	6066	
1494	682	ok	|	0.05	1.00	1.00	0.05	0.02	0	|	rapi	0.05	0.05	0	|	63.0	0.05(63)	0.05(63)	|	6066	
1494	683	ok	|	0.04	1.00	1.00	0.05	0.02	0	|	rapi	0.04	0.05	0	|	63.0	0.05(63)	0.05(63)	|	6066	
1494	684	ok	|	0.05	1.00	1.00	0.06	0.03	0	|	rapi	0.05	0.06	0	|	63.0	0.06(63)	0.06(63)	|	6066	
1494	685	ok	|	0.04	1.00	1.00	0.04	0.02	0	|	rapi	0.04	0.04	0	|	63.0	0.04(63)	0.04(63)	|	6066	
1494	686	ok	|	0.04	1.00	1.00	0.04	0.02	0	|	rapi	0.04	0.04	0	|	63.0	0.04(63)	0.04(63)	|	6066	
1494	687	ok	|	0.04	1.00	1.00	0.04	0.02	0	|	rapi	0.04	0.04	0	|	63.0	0.04(63)	0.04(63)	|	6066	
1494	688	ok	|	0.05	1.00	1.00	0.05	0.03	0	|	rapi	0.05	0.05	0	|	63.0	0.05(63)	0.05(63)	|	6066	
1494	689	ok	|	0.04	1.00	1.00	0.04	0.02	0	|	rapi	0.04	0.04	0	|	63.0	0.04(63)	0.04(63)	|	6066	
1494	690	ok	|	0.04	1.00	1.00	0.04	0.02	0	|	rapi	0.04	0.04	0	|	63.0	0.04(63)	0.04(63)	|	6066	
1494	691	ok	|	0.05	1.00	1.00	0.05	0.02	0	|	rapi	0.05	0.05	0	|	63.0	0.05(63)	0.05(63)	|	6066	
1494	692	ok	|	0.03	1.00	1.00	0.03	0.01	0	|	rapi	0.03	0.03	0	|	63.0	0.03(63)	0.03(63)	|	6066	
1494	693	ok	|	0.04	1.00	1.00	0.04	0.02	0	|	rapi	0.04	0.04	0	|	63.0	0.04(63)	0.04(63)	|	6066	
1494	694	ok	|	0.04	1.00	1.00	0.04	0.02	0	|	rapi	0.04	0.04	0	|	63.0	0.04(63)	0.04(63)	|	6066	
1494	695	ok	|	0.03	1.00	1.00	0.03	0.02	0	|	rapi	0.03	0.03	0	|	63.0	0.03(63)	0.03(63)	|	6066	
1494	696	ok	|	0.03	1.00	1.00	0.03	0.01	0	|	rapi	0.03	0.03	0	|	63.0	0.03(63)	0.03(63)	|	6066	
1494	697	ok	|	0.03	1.00	1.00	0.03	0.01	0	|	rapi	0.03	0.03	0	|	63.0	0.03(63)	0.03(63)	|	6066	
1494	698	ok	|	0.02	1.00	1.00	0.02	0.01	0	|	rapi	0.02	0.02	0	|	63.0	0.02(63)	0.02(63)	|	6066	
1494	699	ok	|	0.01	1.00	1.00	0.01	0.01	0	|	rapi	0.01	0.01	0	|	63.0	0.01(63)	0.01(63)	|	6066	
1494	700	ok	|	0.02	1.00	1.00	0.02	0.01	0	|	rapi	0.02	0.02	0	|	63.0	0.02(63)	0.02(63)	|	6066	
1494	701	ok	|	0.02	1.00	1.00	0.02	0.01	0	|	rapi	0.02	0.02	0	|	63.0	0.02(63)	0.02(63)	|	6066	
1494	702	ok	|	0.03	1.00	1.00	0.03	0.01	0	|	rapi	0.03	0.03	0	|	63.0	0.03(63)	0.03(63)	|	6066	
1494	703	ok	|	0.03	1.00	1.00	0.03	0.02	0	|	rapi	0.03	0.03	0	|	63.0	0.03(63)	0.03(63)	|	6066	
1494	704	ok	|	0.02	1.00	1.00	0.03	0.01	0	|	rapi	0.02	0.03	0	|	63.0	0.03(63)	0.03(63)	|	6066	
1494	705	ok	|	0.02	1.00	1.00	0.02	0.01	0	|	rapi	0.02	0.02	0	|	63.0	0.02(63)	0.02(63)	|	6066	
1494	706	ok	|	0.01	1.00	1.00	0.01	0.01	0	|	rapi	0.01	0.01	0	|	63.0	0.01(63)	0.01(63)	|	6066	
1494	707	ok	|	0.01	1.00	1.00	0.01	0.01	0	|	rapi	0.01	0.01	0	|	63.0	0.01(63)	0.01(63)	|	6066	
1494	708	ok	|	0.01	1.00	1.00	0.01	0.01	0	|	rapi	0.01	0.01	0	|	63.0	0.01(63)	0.01(63)	|	6066	
1494	709	ok	|	0.02	1.00	1.00	0.02	0.01	0	|	rapi	0.02	0.02	0	|	63.0	0.02(63)	0.02(63)	|	6066	
1494	710	ok	|	0.01	1.00	1.00	0.01	0.01	0	|	rapi	0.01	0.01	0	|	63.0	0.01(63)	0.01(63)	|	6066	
1494	711	ok	|	0.01	1.00	1.00	0.01	0.01	0	|	rapi	0.01	0.01	0	|	63.0	0.01(63)	0.01(63)	|	6066	
1494	712	ok	|	0.01	1.00	1.00	0.01	0.01	0	|	rapi	0.01	0.01	0	|	63.0	0.01(63)	0.01(63)	|	6066	
1494	713	ok	|	0.02	1.00	1.00	0.02	0.01	0	|	rapi	0.02	0.02	0	|	63.0	0.02(63)	0.02(63)	|	6066	
1494	714	ok	|	0.01	1.00	1.00	0.01	0.01	0	|	rapi	0.01	0.01	0	|	63.0	0.01(63)	0.01(63)	|	6066	
1494	715	ok	|	0.02	1.00	1.00	0.02	0.01	0	|	rapi	0.02	0.02	0	|	63.0	0.02(63)	0.02(63)	|	6066	
1494	716	ok	|	0.02	1.00	1.00	0.02	0.01	0	|	rapi	0.02	0.02	0	|	63.0	0.02(63)	0.02(63)	|	6066	
1494	717	ok	|	0.02	1.00	1.00	0.02	0.01	0	|	rapi	0.02	0.02	0	|	63.0	0.02(63)	0.02(63)	|	6066	
1494	718	ok	|	0.01	1.00	1.00	0.01	0.01	0	|	rapi	0.01	0.01	0	|	63.0	0.01(63)	0.01(63)	|	6066	
1494	719	ok	|	0.01	1.00	1.00	0.01	0.01	0	|	rapi	0.01	0.01	0	|	63.0	0.01(63)	0.01(63)	|	6066	
1494	720	ok	|	0.01	1.00	1.00	0.01	0.00	0	|	rapi	0.01	0.01	0	|	63.0	0.01(63)	0.01(63)	|	6066	
1494	721	ok	|	0.01	1.00	1.00	0.01	0.00	0	|	rapi	0.01	0.01	0	|	63.0	0.01(63)	0.01(63)	|	6066	
1494	722	ok	|	0.01	1.00	1.00	0.01	0.01	0	|	rapi	0.01	0.01	0	|	63.0	0.01(63)	0.01(63)	|	6066	
1494	723	ok	|	0.01	1.00	1.00	0.01	0.01	0	|	rapi	0.01	0.01	0	|	63.0	0.01(63)	0.01(63)	|	6066	
1494	724	ok	|	0.01	1.00	1.00	0.01	0.00	0	|	rapi	0.01	0.01	0	|	63.0	0.01(63)	0.01(63)	|	6066	
1494	725	ok	|	0.01	1.00	1.00	0.01	0.00	0	|	rapi	0.01	0.01	0	|	63.0	0.01(63)	0.01(63)	|	6066	
1494	726	ok	|	0.01	1.00	1.00	0.01	0.00	0	|	rapi	0.01	0.01	0	|	63.0	0.01(63)	0.01(63)	|	6066	
1494	727	ok	|	0.01	1.00	1.00	0.01	0.01	0	|	rapi	0.01	0.01	0	|	63.0	0.01(63)	0.01(63)	|	6066	
1494	728	ok	|	0.01	1.00	1.00	0.01	0.00	0	|	rapi	0.01	0.01	0	|	63.0	0.01(63)	0.01(63)	|	6066	
1494	729	ok	|	0.01	1.00	1.00	0.01	0.00	0	|	rapi	0.01	0.01	0	|	63.0	0.01(63)	0.01(63)	|	6066	
1494	730	ok	|	0.00	1.00	1.00	0.00	0.00	0	|	rapi	0.00	0.00	0	|	63.0	0.00(63)	0.00(63)	|	6066	
1494	731	ok	|	0.00	1.00	1.00	0.00	0.00	0	|	rapi	0.00	0.00	0	|	63.0	0.00(63)	0.00(63)	|	6066	
1494	732	ok	|	0.00	1.00	1.00	0.00	0.00	0	|	rapi	0.00	0.00	0	|	63.0	0.00(63)	0.00(63)	|	6066	
1494	733	ok	|	0.00	1.00	1.00	0.00	0.00	0	|	rapi	0.00	0.00	0	|	63.0	0.00(63)	0.00(63)	|	6066	
1494	734	fail-0	|	0.00	1.00	1.00	0.00	NaN	0	|	rapi	0.00	0.00	0	|	NaN			|	6066	
