1630	0	ok	|	0.09	1.00	1.00	0.10	0.00	0	|	rapi	0.00	0.00	0	|	-94.0	0.10(-94)		|	24	
1630	1	ok	|	0.09	1.00	1.00	0.11	0.00	0	|	rapi	0.00	0.00	0	|	-94.0	0.11(-94)		|	24	
1630	2	ok	|	0.10	1.00	1.00	0.12	0.00	0	|	rapi	0.00	0.00	0	|	-94.0	0.12(-94)		|	24	
1630	3	ok	|	0.12	1.00	1.00	0.15	0.00	0	|	rapi	0.00	0.00	0	|	-94.0	0.15(-94)		|	24	
1630	4	ok	|	0.15	1.00	1.00	0.19	0.00	0	|	rapi	0.00	0.00	0	|	-94.0	0.19(-94)		|	24	
1630	5	ok	|	0.16	1.00	1.00	0.20	0.00	0	|	rapi	0.00	0.00	0	|	-94.0	0.20(-94)		|	24	
1630	6	ok	|	0.16	1.00	1.00	0.22	0.00	0	|	rapi	0.00	0.00	0	|	-94.0	0.22(-94)		|	24	
1630	7	ok	|	0.16	1.00	1.00	0.23	0.00	0	|	rapi	0.00	0.00	0	|	-94.0	0.23(-94)		|	24	
1630	8	ok	|	0.20	1.00	1.00	0.28	0.00	0	|	rapi	0.00	0.00	0	|	-94.0	0.28(-94)		|	24	
1630	9	ok	|	0.19	1.00	1.00	0.29	0.00	0	|	rapi	0.00	0.00	0	|	-94.0	0.29(-94)		|	24	
1630	10	ok	|	0.24	1.00	1.00	0.36	0.00	0	|	rapi	0.00	0.00	0	|	-94.0	0.36(-94)		|	24	
1630	11	ok	|	0.27	1.00	1.00	0.41	0.00	0	|	rapi	0.00	0.00	0	|	-94.0	0.41(-94)		|	24	
1630	12	ok	|	0.31	1.00	1.00	0.49	0.00	0	|	rapi	0.00	0.00	0	|	-94.0	0.49(-94)		|	24	
1630	13	ok	|	0.37	0.99	0.99	0.57	0.00	0	|	rapi	0.00	0.00	0	|	-94.0	0.57(-94)		|	24	
1630	14	ok	|	0.41	0.99	0.99	0.68	0.00	0	|	rapi	0.00	0.00	0	|	-94.0	0.68(-94)		|	24	
1630	15	ok	|	0.46	0.99	0.99	0.78	0.00	0	|	rapi	0.00	0.00	0	|	-94.0	0.78(-94)		|	24	
1630	16	ok	|	0.49	0.99	0.99	0.88	0.00	0	|	rapi	0.00	0.00	0	|	-94.0	0.88(-94)		|	24	
1630	17	ok	|	0.55	0.99	0.99	1.08	0.00	0	|	rapi	0.00	0.00	0	|	-94.0	1.08(-94)		|	24	
1630	18	ok	|	0.63	0.99	0.99	1.28	0.00	0	|	rapi	0.00	0.00	0	|	-94.0	1.28(-94)		|	24	
1630	19	ok	|	0.69	0.99	0.99	1.49	0.00	0	|	rapi	0.00	0.00	0	|	-94.0	1.49(-94)		|	24	
1630	20	ok	|	0.75	0.98	0.98	1.76	0.00	0	|	rapi	0.00	0.00	0	|	-94.0	1.76(-94)		|	24	
1630	21	ok	|	0.81	0.98	0.98	2.11	0.00	0	|	rapi	0.00	0.00	0	|	-94.0	2.11(-94)		|	24	
1630	22	ok	|	0.87	0.97	0.97	2.61	0.00	0	|	rapi	0.00	0.00	0	|	-94.0	2.61(-94)		|	24	
1630	23	ok	|	0.91	0.97	0.97	3.06	0.00	0	|	rapi	0.00	0.00	0	|	-94.0	3.06(-94)		|	24	
1630	24	ok	|	0.94	0.96	0.96	3.70	0.00	0	|	rapi	0.00	0.00	0	|	-94.0	3.70(-94)		|	24	
1630	25	ok	|	0.97	0.96	0.96	4.48	0.00	0	|	rapi	0.00	0.00	0	|	-94.0	4.48(-94)		|	24	
1630	26	ok	|	0.98	0.95	0.95	5.21	0.00	0	|	rapi	0.00	0.00	0	|	-94.0	5.21(-94)		|	24	
1630	27	ok	|	0.99	0.94	0.94	6.05	0.00	0	|	rapi	0.00	0.00	0	|	-94.0	6.05(-94)		|	24	
1630	28	ok	|	0.99	0.93	0.93	7.25	0.00	0	|	rapi	0.00	0.00	0	|	-94.0	7.25(-94)		|	24	
1630	29	ok	|	1.00	0.92	0.92	8.48	0.00	0	|	rapi	0.00	0.00	0	|	-94.0	8.48(-94)		|	24	
1630	30	ok	|	1.00	0.90	0.90	9.91	0.00	0	|	rapi	0.00	0.00	0	|	-94.0	9.91(-94)		|	24	
1630	31	ok	|	1.00	0.88	0.88	11.78	0.00	0	|	rapi	0.00	0.00	0	|	-94.0	11.78(-94)		|	24	
1630	32	ok	|	1.00	0.86	0.86	14.04	0.00	0	|	rapi	0.00	0.00	0	|	-94.0	14.04(-94)	0.00(-94)	|	24	
1630	33	ok	|	1.00	0.83	0.83	16.63	0.00	0	|	rapi	0.00	0.00	0	|	-94.0	16.63(-94)	0.00(-94)	|	24	
1630	34	ok	|	1.00	0.80	0.80	19.75	0.00	0	|	rapi	0.00	0.00	0	|	-94.0	19.75(-94)	0.00(-94)	|	24	
1630	35	ok	|	1.00	0.77	0.77	23.40	0.00	0	|	rapi	0.00	0.00	0	|	-94.0	23.40(-94)	0.00(-94)	|	24	
1630	36	ok	|	1.00	0.72	0.72	28.06	0.00	0	|	rapi	0.00	0.00	0	|	-94.0	28.06(-94)		|	24	
1630	37	ok	|	1.00	0.67	0.67	33.02	0.00	0	|	rapi	0.00	0.00	0	|	-94.0	33.02(-94)	0.00(-94)	|	24	
1630	38	ok	|	1.00	0.62	0.62	38.45	0.00	0	|	rapi	0.00	0.00	0	|	-94.0	38.45(-94)		|	24	
1630	39	ok	|	1.00	0.54	0.54	45.51	0.00	0	|	rapi	0.00	0.00	0	|	-94.0	45.51(-94)	0.00(-94)	|	24	
1630	40	ok	|	1.00	0.46	0.46	53.62	0.00	0	|	rapi	0.00	0.00	0	|	-94.0	53.62(-94)	0.00(-94)	|	24	
1630	41	ok	|	1.00	0.38	0.38	61.88	0.00	0	|	rapi	0.00	0.00	0	|	-94.0	61.88(-94)	0.00(-94)	|	24	
1630	42	ok	|	1.00	0.29	0.29	71.29	0.00	0	|	rapi	0.00	0.00	0	|	-94.0	71.29(-94)	0.00(-94)	|	24	
1630	43	ok	|	1.00	0.19	0.19	80.99	0.00	0	|	rapi	0.01	0.01	0	|	-94.0	80.99(-94)	0.01(-94)	|	24	
1630	44	ok	|	1.00	0.11	0.11	90.02	0.00	0	|	rapi	0.01	0.01	0	|	-94.0	90.02(-94)	0.01(-94)	|	24	
1630	45	fail-w	|	1.00	0.05	0.05	97.90	0.00	0	|	rapi	0.02	0.02	0	|	-94.0	97.90(-94)	0.02(-94)	|	24	
