1682	0	ok	|	0.09	1.00	1.00	0.10	0.00	0	|	rapi	0.00	0.00	0	|	-18.0	0.10(-18)		|	1	
1682	1	ok	|	0.13	1.00	1.00	0.15	0.00	0	|	rapi	0.00	0.00	0	|	-18.0	0.15(-18)		|	1	
1682	2	ok	|	0.15	1.00	1.00	0.19	0.00	0	|	rapi	0.00	0.00	0	|	-18.0	0.19(-18)		|	1	
1682	3	ok	|	0.17	1.00	1.00	0.22	0.00	0	|	rapi	0.00	0.00	0	|	-18.0	0.22(-18)		|	1	
1682	4	ok	|	0.20	1.00	1.00	0.28	0.00	0	|	rapi	0.00	0.00	0	|	-18.0	0.28(-18)		|	1	
1682	5	ok	|	0.25	1.00	1.00	0.36	0.00	0	|	rapi	0.00	0.00	0	|	-18.0	0.36(-18)		|	1	
1682	6	ok	|	0.28	1.00	1.00	0.44	0.00	0	|	rapi	0.00	0.00	0	|	-18.0	0.44(-18)		|	1	
1682	7	ok	|	0.34	0.99	0.99	0.54	0.00	0	|	rapi	0.00	0.00	0	|	-18.0	0.54(-18)		|	1	
1682	8	ok	|	0.39	0.99	0.99	0.63	0.00	0	|	rapi	0.00	0.00	0	|	-18.0	0.63(-18)		|	1	
1682	9	ok	|	0.43	0.99	0.99	0.71	0.00	0	|	rapi	0.00	0.00	0	|	-18.0	0.71(-18)		|	1	
1682	10	ok	|	0.48	0.99	0.99	0.87	0.00	0	|	rapi	0.00	0.00	0	|	-18.0	0.87(-18)		|	1	
1682	11	ok	|	0.55	0.99	0.99	1.09	0.00	0	|	rapi	0.00	0.00	0	|	-18.0	1.09(-18)		|	1	
1682	12	ok	|	0.62	0.99	0.99	1.35	0.00	0	|	rapi	0.00	0.00	0	|	-18.0	1.35(-18)		|	1	
1682	13	ok	|	0.67	0.98	0.98	1.61	0.00	0	|	rapi	0.00	0.00	0	|	-18.0	1.61(-18)		|	1	
1682	14	ok	|	0.71	0.98	0.98	1.82	0.00	0	|	rapi	0.00	0.00	0	|	-18.0	1.82(-18)		|	1	
1682	15	ok	|	0.78	0.98	0.98	2.03	0.00	0	|	rapi	0.00	0.00	0	|	-18.0	2.03(-18)		|	1	
1682	16	ok	|	0.84	0.98	0.98	2.42	0.00	0	|	rapi	0.00	0.00	0	|	-18.0	2.42(-18)		|	1	
1682	17	ok	|	0.87	0.97	0.97	2.85	0.00	0	|	rapi	0.00	0.00	0	|	-18.0	2.85(-18)		|	1	
1682	18	ok	|	0.91	0.97	0.97	3.41	0.00	0	|	rapi	0.00	0.00	0	|	-18.0	3.41(-18)	0.00(-18)	|	1	
1682	19	ok	|	0.95	0.96	0.96	3.97	0.00	0	|	rapi	0.00	0.00	0	|	-18.0	3.97(-18)	0.00(-18)	|	1	
1682	20	ok	|	0.97	0.95	0.95	4.80	0.00	0	|	rapi	0.00	0.00	0	|	-18.0	4.80(-18)	0.00(-18)	|	1	
1682	21	ok	|	0.99	0.94	0.94	5.56	0.00	0	|	rapi	0.00	0.00	0	|	-18.0	5.56(-18)	0.00(-18)	|	1	
1682	22	ok	|	1.00	0.93	0.93	6.80	0.00	0	|	rapi	0.00	0.00	0	|	-18.0	6.80(-18)	0.00(-18)	|	1	
1682	23	ok	|	1.00	0.92	0.92	8.08	0.00	0	|	rapi	0.00	0.00	0	|	-18.0	8.08(-18)		|	1	
1682	24	ok	|	1.00	0.90	0.90	9.60	0.00	0	|	rapi	0.00	0.00	0	|	-18.0	9.60(-18)		|	1	
1682	25	ok	|	1.00	0.89	0.89	11.41	0.00	0	|	rapi	0.00	0.00	0	|	-18.0	11.41(-18)		|	1	
1682	26	ok	|	1.00	0.86	0.86	13.51	0.00	0	|	rapi	0.00	0.00	0	|	-18.0	13.51(-18)		|	1	
1682	27	ok	|	1.00	0.84	0.84	15.75	0.00	0	|	rapi	0.00	0.00	0	|	-18.0	15.75(-18)		|	1	
1682	28	ok	|	1.00	0.81	0.81	18.62	0.00	0	|	rapi	0.00	0.00	0	|	-18.0	18.62(-18)		|	1	
1682	29	ok	|	1.00	0.78	0.78	21.95	0.00	0	|	rapi	0.00	0.00	0	|	-18.0	21.95(-18)		|	1	
1682	30	ok	|	1.00	0.74	0.74	25.80	0.00	0	|	rapi	0.00	0.00	0	|	-18.0	25.80(-18)		|	1	
1682	31	ok	|	1.00	0.70	0.70	30.49	0.00	0	|	rapi	0.00	0.00	0	|	-18.0	30.49(-18)		|	1	
1682	32	ok	|	1.00	0.64	0.64	36.09	0.00	0	|	rapi	0.00	0.00	0	|	-18.0	36.09(-18)	0.00(-18)	|	1	
1682	33	ok	|	1.00	0.58	0.58	42.24	0.00	0	|	rapi	0.00	0.00	0	|	-18.0	42.24(-18)	0.00(-18)	|	1	
1682	34	ok	|	1.00	0.50	0.50	49.63	0.00	0	|	rapi	0.00	0.00	0	|	-18.0	49.63(-18)	0.00(-18)	|	1	
1682	35	ok	|	1.00	0.42	0.42	58.15	0.00	0	|	rapi	0.00	0.00	0	|	-18.0	58.15(-18)	0.00(-18)	|	1	
1682	36	ok	|	1.00	0.33	0.33	66.68	0.00	0	|	rapi	0.00	0.00	0	|	-18.0	66.68(-18)	0.00(-18)	|	1	
1682	37	ok	|	1.00	0.24	0.24	76.20	0.00	0	|	rapi	0.00	0.00	0	|	-18.0	76.20(-18)	0.00(-18)	|	1	
1682	38	ok	|	1.00	0.14	0.14	86.19	0.00	0	|	rapi	0.00	0.00	0	|	-18.0	86.19(-18)		|	1	
1682	39	fail-w	|	1.00	0.07	0.07	94.96	0.00	0	|	rapi	0.00	0.00	0	|	-18.0	94.96(-18)	0.00(-18)	|	1	
