1853	0	ok	|	0.09	1.00	1.00	0.10	0.00	0	|	rapi	0.00	0.00	0	|	-47.0	0.10(-47)		|	2	
1853	1	ok	|	0.10	1.00	1.00	0.12	0.00	0	|	rapi	0.00	0.00	0	|	-47.0	0.12(-47)		|	2	
1853	2	ok	|	0.11	1.00	1.00	0.14	0.00	0	|	rapi	0.00	0.00	0	|	-47.0	0.14(-47)		|	2	
1853	3	ok	|	0.14	1.00	1.00	0.19	0.00	0	|	rapi	0.00	0.00	0	|	-47.0	0.19(-47)		|	2	
1853	4	ok	|	0.17	1.00	1.00	0.21	0.00	0	|	rapi	0.00	0.00	0	|	-47.0	0.21(-47)		|	2	
1853	5	ok	|	0.18	1.00	1.00	0.25	0.00	0	|	rapi	0.00	0.00	0	|	-47.0	0.25(-47)		|	2	
1853	6	ok	|	0.20	1.00	1.00	0.26	0.00	0	|	rapi	0.00	0.00	0	|	-47.0	0.26(-47)		|	2	
1853	7	ok	|	0.22	1.00	1.00	0.28	0.00	0	|	rapi	0.00	0.00	0	|	-47.0	0.28(-47)		|	2	
1853	8	ok	|	0.24	1.00	1.00	0.33	0.00	0	|	rapi	0.00	0.00	0	|	-47.0	0.33(-47)		|	2	
1853	9	ok	|	0.27	1.00	1.00	0.39	0.00	0	|	rapi	0.00	0.00	0	|	-47.0	0.39(-47)		|	2	
1853	10	ok	|	0.30	1.00	1.00	0.45	0.00	0	|	rapi	0.00	0.00	0	|	-47.0	0.45(-47)		|	2	
1853	11	ok	|	0.33	1.00	1.00	0.50	0.00	0	|	rapi	0.00	0.00	0	|	-47.0	0.50(-47)		|	2	
1853	12	ok	|	0.40	0.99	0.99	0.62	0.00	0	|	rapi	0.00	0.00	0	|	-47.0	0.62(-47)		|	2	
1853	13	ok	|	0.43	0.99	0.99	0.69	0.00	0	|	rapi	0.00	0.00	0	|	-47.0	0.69(-47)		|	2	
1853	14	ok	|	0.47	0.99	0.99	0.82	0.00	0	|	rapi	0.00	0.00	0	|	-47.0	0.82(-47)		|	2	
1853	15	ok	|	0.55	0.99	0.99	0.98	0.00	0	|	rapi	0.00	0.00	0	|	-47.0	0.98(-47)		|	2	
1853	16	ok	|	0.60	0.99	0.99	1.15	0.00	0	|	rapi	0.00	0.00	0	|	-47.0	1.15(-47)		|	2	
1853	17	ok	|	0.67	0.99	0.99	1.45	0.00	0	|	rapi	0.00	0.00	0	|	-47.0	1.45(-47)		|	2	
1853	18	ok	|	0.71	0.98	0.98	1.65	0.00	0	|	rapi	0.00	0.00	0	|	-47.0	1.65(-47)		|	2	
1853	19	ok	|	0.77	0.98	0.98	1.93	0.00	0	|	rapi	0.00	0.00	0	|	-47.0	1.93(-47)		|	2	
1853	20	ok	|	0.82	0.98	0.98	2.32	0.00	0	|	rapi	0.00	0.00	0	|	-47.0	2.32(-47)		|	2	
1853	21	ok	|	0.87	0.97	0.97	2.88	0.00	0	|	rapi	0.00	0.00	0	|	-47.0	2.88(-47)		|	2	
1853	22	ok	|	0.93	0.97	0.97	3.41	0.00	0	|	rapi	0.00	0.00	0	|	-47.0	3.41(-47)		|	2	
1853	23	ok	|	0.95	0.96	0.96	4.09	0.00	0	|	rapi	0.00	0.00	0	|	-47.0	4.09(-47)		|	2	
1853	24	ok	|	0.97	0.95	0.95	4.88	0.00	0	|	rapi	0.00	0.00	0	|	-47.0	4.88(-47)		|	2	
1853	25	ok	|	0.99	0.94	0.94	5.70	0.00	0	|	rapi	0.00	0.00	0	|	-47.0	5.70(-47)		|	2	
1853	26	ok	|	0.99	0.93	0.93	6.64	0.00	0	|	rapi	0.00	0.00	0	|	-47.0	6.64(-47)		|	2	
1853	27	ok	|	1.00	0.92	0.92	7.99	0.00	0	|	rapi	0.00	0.00	0	|	-47.0	7.99(-47)		|	2	
1853	28	ok	|	1.00	0.91	0.91	9.24	0.00	0	|	rapi	0.00	0.00	0	|	-47.0	9.24(-47)		|	2	
1853	29	ok	|	1.00	0.89	0.89	10.85	0.00	0	|	rapi	0.00	0.00	0	|	-47.0	10.85(-47)		|	2	
1853	30	ok	|	1.00	0.87	0.87	12.52	0.00	0	|	rapi	0.00	0.00	0	|	-47.0	12.52(-47)		|	2	
1853	31	ok	|	1.00	0.85	0.85	14.60	0.00	0	|	rapi	0.00	0.00	0	|	-47.0	14.60(-47)		|	2	
1853	32	ok	|	1.00	0.83	0.83	16.98	0.00	0	|	rapi	0.00	0.00	0	|	-47.0	16.98(-47)		|	2	
1853	33	ok	|	1.00	0.80	0.80	19.88	0.00	0	|	rapi	0.00	0.00	0	|	-47.0	19.88(-47)		|	2	
1853	34	ok	|	1.00	0.77	0.77	23.33	0.00	0	|	rapi	0.00	0.00	0	|	-47.0	23.33(-47)	0.00(-47)	|	2	
1853	35	ok	|	1.00	0.72	0.72	27.57	0.00	0	|	rapi	0.00	0.00	0	|	-47.0	27.57(-47)	0.00(-47)	|	2	
1853	36	ok	|	1.00	0.68	0.68	32.02	0.00	0	|	rapi	0.00	0.00	0	|	-47.0	32.02(-47)	0.00(-47)	|	2	
1853	37	ok	|	1.00	0.62	0.62	37.83	0.00	0	|	rapi	0.00	0.00	0	|	-47.0	37.83(-47)	0.00(-47)	|	2	
1853	38	ok	|	1.00	0.56	0.56	44.01	0.00	0	|	rapi	0.01	0.01	0	|	-47.0	44.01(-47)	0.01(-47)	|	2	
1853	39	ok	|	1.00	0.49	0.49	51.28	0.00	0	|	rapi	0.01	0.01	0	|	-47.0	51.28(-47)	0.01(-47)	|	2	
1853	40	ok	|	1.00	0.41	0.41	59.18	0.00	0	|	rapi	0.01	0.01	0	|	-47.0	59.18(-47)	0.01(-47)	|	2	
1853	41	ok	|	1.00	0.32	0.32	68.47	0.00	0	|	rapi	0.01	0.01	0	|	-47.0	68.47(-47)	0.01(-47)	|	2	
1853	42	ok	|	1.00	0.22	0.22	78.52	0.00	0	|	rapi	0.02	0.02	0	|	-47.0	78.52(-47)	0.02(-47)	|	2	
1853	43	ok	|	1.00	0.13	0.13	87.42	0.00	0	|	rapi	0.02	0.02	0	|	-47.0	87.42(-47)	0.02(-47)	|	2	
1853	44	fail-w	|	1.00	0.08	0.08	93.94	0.00	0	|	rapi	0.04	0.04	0	|	-47.0	93.94(-47)	0.04(-47)	|	2	
