1861	0	ok	|	0.10	1.00	1.00	0.10	0.00	0	|	rapi	0.00	0.00	0	|	-55.0	0.10(-55)		|	4	
1861	1	ok	|	0.10	1.00	1.00	0.12	0.00	0	|	rapi	0.00	0.00	0	|	-55.0	0.12(-55)		|	4	
1861	2	ok	|	0.11	1.00	1.00	0.14	0.00	0	|	rapi	0.00	0.00	0	|	-55.0	0.14(-55)		|	4	
1861	3	ok	|	0.13	1.00	1.00	0.15	0.00	0	|	rapi	0.00	0.00	0	|	-55.0	0.15(-55)		|	4	
1861	4	ok	|	0.13	1.00	1.00	0.18	0.00	0	|	rapi	0.00	0.00	0	|	-55.0	0.18(-55)		|	4	
1861	5	ok	|	0.15	1.00	1.00	0.21	0.00	0	|	rapi	0.00	0.00	0	|	-55.0	0.21(-55)		|	4	
1861	6	ok	|	0.16	1.00	1.00	0.22	0.00	0	|	rapi	0.00	0.00	0	|	-55.0	0.22(-55)		|	4	
1861	7	ok	|	0.17	1.00	1.00	0.25	0.00	0	|	rapi	0.00	0.00	0	|	-55.0	0.25(-55)		|	4	
1861	8	ok	|	0.20	1.00	1.00	0.29	0.00	0	|	rapi	0.00	0.00	0	|	-55.0	0.29(-55)		|	4	
1861	9	ok	|	0.21	1.00	1.00	0.30	0.00	0	|	rapi	0.00	0.00	0	|	-55.0	0.30(-55)		|	4	
1861	10	ok	|	0.23	1.00	1.00	0.33	0.00	0	|	rapi	0.00	0.00	0	|	-55.0	0.33(-55)		|	4	
1861	11	ok	|	0.24	1.00	1.00	0.38	0.00	0	|	rapi	0.00	0.00	0	|	-55.0	0.38(-55)		|	4	
1861	12	ok	|	0.29	1.00	1.00	0.47	0.00	0	|	rapi	0.00	0.00	0	|	-55.0	0.47(-55)		|	4	
1861	13	ok	|	0.36	0.99	0.99	0.60	0.00	0	|	rapi	0.00	0.00	0	|	-55.0	0.60(-55)		|	4	
1861	14	ok	|	0.43	0.99	0.99	0.76	0.00	0	|	rapi	0.00	0.00	0	|	-55.0	0.76(-55)		|	4	
1861	15	ok	|	0.51	0.99	0.99	0.94	0.00	0	|	rapi	0.00	0.00	0	|	-55.0	0.94(-55)		|	4	
1861	16	ok	|	0.57	0.99	0.99	1.07	0.00	0	|	rapi	0.00	0.00	0	|	-55.0	1.07(-55)		|	4	
1861	17	ok	|	0.61	0.99	0.99	1.23	0.00	0	|	rapi	0.00	0.00	0	|	-55.0	1.23(-55)		|	4	
1861	18	ok	|	0.64	0.99	0.99	1.37	0.00	0	|	rapi	0.00	0.00	0	|	-55.0	1.37(-55)		|	4	
1861	19	ok	|	0.68	0.98	0.98	1.55	0.00	0	|	rapi	0.00	0.00	0	|	-55.0	1.55(-55)		|	4	
1861	20	ok	|	0.78	0.98	0.98	1.85	0.00	0	|	rapi	0.00	0.00	0	|	-55.0	1.85(-55)		|	4	
1861	21	ok	|	0.83	0.98	0.98	2.19	0.00	0	|	rapi	0.00	0.00	0	|	-55.0	2.19(-55)		|	4	
1861	22	ok	|	0.87	0.97	0.97	2.69	0.00	0	|	rapi	0.00	0.00	0	|	-55.0	2.69(-55)		|	4	
1861	23	ok	|	0.90	0.97	0.97	3.26	0.00	0	|	rapi	0.00	0.00	0	|	-55.0	3.26(-55)		|	4	
1861	24	ok	|	0.93	0.96	0.96	3.71	0.00	0	|	rapi	0.00	0.00	0	|	-55.0	3.71(-55)		|	4	
1861	25	ok	|	0.97	0.96	0.96	4.44	0.00	0	|	rapi	0.00	0.00	0	|	-55.0	4.44(-55)		|	4	
1861	26	ok	|	0.99	0.95	0.95	5.34	0.00	0	|	rapi	0.00	0.00	0	|	-55.0	5.34(-55)		|	4	
1861	27	ok	|	0.99	0.94	0.94	6.39	0.00	0	|	rapi	0.00	0.00	0	|	-55.0	6.39(-55)		|	4	
1861	28	ok	|	0.99	0.93	0.93	7.44	0.00	0	|	rapi	0.00	0.00	0	|	-55.0	7.44(-55)		|	4	
1861	29	ok	|	1.00	0.91	0.91	8.72	0.00	0	|	rapi	0.00	0.00	0	|	-55.0	8.72(-55)		|	4	
1861	30	ok	|	1.00	0.90	0.90	10.35	0.00	0	|	rapi	0.00	0.00	0	|	-55.0	10.35(-55)		|	4	
1861	31	ok	|	1.00	0.88	0.88	12.28	0.00	0	|	rapi	0.00	0.00	0	|	-55.0	12.28(-55)		|	4	
1861	32	ok	|	1.00	0.86	0.86	14.36	0.00	0	|	rapi	0.00	0.00	0	|	-55.0	14.36(-55)	0.00(-55)	|	4	
1861	33	ok	|	1.00	0.83	0.83	16.91	0.00	0	|	rapi	0.00	0.00	0	|	-55.0	16.91(-55)	0.00(-55)	|	4	
1861	34	ok	|	1.00	0.80	0.80	19.65	0.00	0	|	rapi	0.00	0.00	0	|	-55.0	19.65(-55)	0.00(-55)	|	4	
1861	35	ok	|	1.00	0.77	0.77	23.17	0.00	0	|	rapi	0.00	0.00	0	|	-55.0	23.17(-55)	0.00(-55)	|	4	
1861	36	ok	|	1.00	0.73	0.73	27.36	0.00	0	|	rapi	0.00	0.00	0	|	-55.0	27.36(-55)	0.00(-55)	|	4	
1861	37	ok	|	1.00	0.67	0.67	32.62	0.00	0	|	rapi	0.00	0.00	0	|	-55.0	32.62(-55)	0.00(-55)	|	4	
1861	38	ok	|	1.00	0.62	0.62	38.11	0.00	0	|	rapi	0.00	0.00	0	|	-55.0	38.11(-55)	0.00(-55)	|	4	
1861	39	ok	|	1.00	0.56	0.56	43.99	0.00	0	|	rapi	0.00	0.00	0	|	-55.0	43.99(-55)	0.00(-55)	|	4	
1861	40	ok	|	1.00	0.48	0.48	51.59	0.00	0	|	rapi	0.00	0.00	0	|	-55.0	51.59(-55)	0.00(-55)	|	4	
1861	41	ok	|	1.00	0.40	0.40	59.74	0.00	0	|	rapi	0.00	0.00	0	|	-55.0	59.74(-55)	0.00(-55)	|	4	
1861	42	ok	|	1.00	0.31	0.31	69.44	0.00	0	|	rapi	0.00	0.00	0	|	-55.0	69.44(-55)	0.00(-55)	|	4	
1861	43	ok	|	1.00	0.21	0.21	79.41	0.00	0	|	rapi	0.01	0.01	0	|	-55.0	79.41(-55)	0.01(-55)	|	4	
1861	44	ok	|	1.00	0.12	0.12	88.88	0.00	0	|	rapi	0.01	0.01	0	|	-55.0	88.88(-55)	0.01(-55)	|	4	
1861	45	fail-w	|	1.00	0.06	0.06	97.12	0.00	0	|	rapi	0.02	0.02	0	|	-55.0	97.12(-55)	0.02(-55)	|	4	
