2037	0	ok	|	0.10	1.00	1.00	0.10	0.00	0	|	rapi	0.09	0.10	0	|	85.0	0.10(85)	0.10(85)	|	5439	
2037	1	ok	|	0.10	1.00	1.00	0.10	0.00	0	|	rapi	0.09	0.10	0	|	85.0	0.10(85)	0.10(85)	|	5439	
2037	2	ok	|	0.11	1.00	1.00	0.11	0.00	0	|	rapi	0.10	0.11	0	|	85.0	0.11(85)	0.11(85)	|	5439	
2037	3	ok	|	0.11	1.00	1.00	0.11	0.00	0	|	rapi	0.10	0.10	0	|	85.0	0.11(85)	0.10(85)	|	5439	
2037	4	ok	|	0.12	1.00	1.00	0.12	0.00	0	|	rapi	0.11	0.12	0	|	85.0	0.12(85)	0.12(85)	|	5439	
2037	5	ok	|	0.12	1.00	1.00	0.12	0.00	0	|	rapi	0.11	0.11	0	|	85.0	0.12(85)	0.11(85)	|	5439	
2037	6	ok	|	0.10	1.00	1.00	0.11	0.00	0	|	rapi	0.10	0.10	0	|	85.0	0.11(85)	0.10(85)	|	5439	
2037	7	ok	|	0.10	1.00	1.00	0.11	0.00	0	|	rapi	0.09	0.10	0	|	85.0	0.11(85)	0.10(85)	|	5439	
2037	8	ok	|	0.10	1.00	1.00	0.10	0.00	0	|	rapi	0.09	0.09	0	|	85.0	0.10(85)	0.09(85)	|	5439	
2037	9	ok	|	0.10	1.00	1.00	0.11	0.00	0	|	rapi	0.10	0.10	0	|	85.0	0.11(85)	0.10(85)	|	5439	
2037	10	ok	|	0.10	1.00	1.00	0.11	0.00	0	|	rapi	0.10	0.10	0	|	85.0	0.11(85)	0.10(85)	|	5439	
2037	11	ok	|	0.10	1.00	1.00	0.10	0.00	0	|	rapi	0.10	0.10	0	|	85.0	0.10(85)	0.10(85)	|	5439	
2037	12	ok	|	0.13	1.00	1.00	0.13	0.00	0	|	rapi	0.13	0.13	0	|	85.0	0.13(85)	0.13(85)	|	5439	
2037	13	ok	|	0.13	1.00	1.00	0.14	0.00	0	|	rapi	0.13	0.14	0	|	85.0	0.14(85)	0.14(85)	|	5439	
2037	14	ok	|	0.14	1.00	1.00	0.15	0.00	0	|	rapi	0.14	0.15	0	|	85.0	0.15(85)	0.15(85)	|	5439	
2037	15	ok	|	0.14	1.00	1.00	0.15	0.01	0	|	rapi	0.14	0.15	0	|	85.0	0.15(85)	0.15(85)	|	5439	
2037	16	ok	|	0.16	1.00	1.00	0.16	0.01	0	|	rapi	0.15	0.16	0	|	85.0	0.16(85)	0.16(85)	|	5439	
2037	17	ok	|	0.15	1.00	1.00	0.16	0.01	0	|	rapi	0.15	0.16	0	|	85.0	0.16(85)	0.16(85)	|	5439	
2037	18	ok	|	0.15	1.00	1.00	0.16	0.01	0	|	rapi	0.15	0.16	0	|	85.0	0.16(85)	0.16(85)	|	5439	
2037	19	ok	|	0.16	1.00	1.00	0.17	0.01	0	|	rapi	0.16	0.17	0	|	85.0	0.17(85)	0.17(85)	|	5439	
2037	20	ok	|	0.14	1.00	1.00	0.15	0.01	0	|	rapi	0.14	0.15	0	|	85.0	0.15(85)	0.15(85)	|	5439	
2037	21	ok	|	0.14	1.00	1.00	0.16	0.01	0	|	rapi	0.14	0.15	0	|	85.0	0.16(85)	0.15(85)	|	5439	
2037	22	ok	|	0.14	1.00	1.00	0.16	0.01	0	|	rapi	0.13	0.15	0	|	85.0	0.16(85)	0.15(85)	|	5439	
2037	23	ok	|	0.14	1.00	1.00	0.15	0.01	0	|	rapi	0.13	0.14	0	|	85.0	0.15(85)	0.14(85)	|	5439	
2037	24	ok	|	0.13	1.00	1.00	0.14	0.01	0	|	rapi	0.12	0.14	0	|	85.0	0.14(85)	0.14(85)	|	5439	
2037	25	ok	|	0.14	1.00	1.00	0.16	0.01	0	|	rapi	0.13	0.15	0	|	85.0	0.16(85)	0.15(85)	|	5439	
2037	26	ok	|	0.13	1.00	1.00	0.14	0.01	0	|	rapi	0.12	0.14	0	|	85.0	0.14(85)	0.14(85)	|	5439	
2037	27	ok	|	0.12	1.00	1.00	0.14	0.01	0	|	rapi	0.12	0.13	0	|	85.0	0.14(85)	0.13(85)	|	5439	
2037	28	ok	|	0.12	1.00	1.00	0.14	0.01	0	|	rapi	0.12	0.13	0	|	85.0	0.14(85)	0.13(85)	|	5439	
2037	29	ok	|	0.12	1.00	1.00	0.14	0.01	0	|	rapi	0.12	0.13	0	|	85.0	0.14(85)	0.13(85)	|	5439	
2037	30	ok	|	0.12	1.00	1.00	0.13	0.01	0	|	rapi	0.12	0.12	0	|	85.0	0.13(85)	0.12(85)	|	5439	
2037	31	ok	|	0.13	1.00	1.00	0.14	0.01	0	|	rapi	0.12	0.12	0	|	85.0	0.14(85)	0.12(85)	|	5439	
2037	32	ok	|	0.12	1.00	1.00	0.13	0.01	0	|	rapi	0.11	0.11	0	|	85.0	0.13(85)	0.11(85)	|	5439	
2037	33	ok	|	0.12	1.00	1.00	0.13	0.01	0	|	rapi	0.10	0.11	0	|	85.0	0.13(85)	0.11(85)	|	5439	
2037	34	ok	|	0.13	1.00	1.00	0.14	0.01	0	|	rapi	0.12	0.12	0	|	85.0	0.14(85)	0.12(85)	|	5439	
2037	35	ok	|	0.13	1.00	1.00	0.13	0.01	0	|	rapi	0.11	0.12	0	|	85.0	0.13(85)	0.12(85)	|	5439	
2037	36	ok	|	0.14	1.00	1.00	0.15	0.01	0	|	rapi	0.12	0.13	0	|	85.0	0.15(85)	0.13(85)	|	5439	
2037	37	ok	|	0.15	1.00	1.00	0.16	0.01	0	|	rapi	0.14	0.14	0	|	85.0	0.16(85)	0.14(85)	|	5439	
2037	38	ok	|	0.13	1.00	1.00	0.14	0.01	0	|	rapi	0.12	0.13	0	|	85.0	0.14(85)	0.13(85)	|	5439	
2037	39	ok	|	0.12	1.00	1.00	0.13	0.01	0	|	rapi	0.11	0.12	0	|	85.0	0.13(85)	0.12(85)	|	5439	
2037	40	ok	|	0.12	1.00	1.00	0.13	0.01	0	|	rapi	0.11	0.12	0	|	85.0	0.13(85)	0.12(85)	|	5439	
2037	41	ok	|	0.09	1.00	1.00	0.10	0.00	0	|	rapi	0.09	0.09	0	|	85.0	0.10(85)	0.09(85)	|	5439	
2037	42	ok	|	0.09	1.00	1.00	0.09	0.00	0	|	rapi	0.08	0.09	0	|	85.0	0.09(85)	0.09(85)	|	5439	
2037	43	ok	|	0.09	1.00	1.00	0.09	0.00	0	|	rapi	0.08	0.09	0	|	85.0	0.09(85)	0.09(85)	|	5439	
2037	44	ok	|	0.09	1.00	1.00	0.09	0.00	0	|	rapi	0.08	0.08	0	|	85.0	0.09(85)	0.08(85)	|	5439	
2037	45	ok	|	0.08	1.00	1.00	0.08	0.00	0	|	rapi	0.07	0.08	0	|	85.0	0.08(85)	0.08(85)	|	5439	
2037	46	ok	|	0.09	1.00	1.00	0.10	0.00	0	|	rapi	0.09	0.09	0	|	85.0	0.10(85)	0.09(85)	|	5439	
2037	47	ok	|	0.10	1.00	1.00	0.10	0.00	0	|	rapi	0.09	0.10	0	|	85.0	0.10(85)	0.10(85)	|	5439	
2037	48	ok	|	0.08	1.00	1.00	0.09	0.01	0	|	rapi	0.08	0.09	0	|	85.0	0.09(85)	0.09(85)	|	5439	
2037	49	ok	|	0.09	1.00	1.00	0.09	0.01	0	|	rapi	0.09	0.09	0	|	85.0	0.09(85)	0.09(85)	|	5439	
2037	50	ok	|	0.09	1.00	1.00	0.09	0.01	0	|	rapi	0.09	0.09	0	|	85.0	0.09(85)	0.09(85)	|	5439	
2037	51	ok	|	0.09	1.00	1.00	0.09	0.01	0	|	rapi	0.09	0.09	0	|	85.0	0.09(85)	0.09(85)	|	5439	
2037	52	ok	|	0.09	1.00	1.00	0.10	0.01	0	|	rapi	0.09	0.10	0	|	85.0	0.10(85)	0.10(85)	|	5439	
2037	53	ok	|	0.09	1.00	1.00	0.09	0.01	0	|	rapi	0.09	0.09	0	|	85.0	0.09(85)	0.09(85)	|	5439	
2037	54	ok	|	0.08	1.00	1.00	0.08	0.01	0	|	rapi	0.08	0.08	0	|	85.0	0.08(85)	0.08(85)	|	5439	
2037	55	ok	|	0.09	1.00	1.00	0.09	0.01	0	|	rapi	0.09	0.09	0	|	85.0	0.09(85)	0.09(85)	|	5439	
2037	56	ok	|	0.08	1.00	1.00	0.09	0.01	0	|	rapi	0.08	0.09	0	|	85.0	0.09(85)	0.09(85)	|	5439	
2037	57	ok	|	0.10	1.00	1.00	0.10	0.01	0	|	rapi	0.10	0.10	0	|	85.0	0.10(85)	0.10(85)	|	5439	
2037	58	ok	|	0.11	1.00	1.00	0.12	0.01	0	|	rapi	0.11	0.12	0	|	85.0	0.12(85)	0.12(85)	|	5439	
2037	59	ok	|	0.11	1.00	1.00	0.13	0.01	0	|	rapi	0.11	0.13	0	|	85.0	0.13(85)	0.13(85)	|	5439	
2037	60	ok	|	0.10	1.00	1.00	0.12	0.01	0	|	rapi	0.10	0.12	0	|	85.0	0.12(85)	0.12(85)	|	5439	
2037	61	ok	|	0.10	1.00	1.00	0.11	0.01	0	|	rapi	0.10	0.11	0	|	85.0	0.11(85)	0.11(85)	|	5439	
2037	62	ok	|	0.09	1.00	1.00	0.09	0.01	0	|	rapi	0.09	0.09	0	|	85.0	0.09(85)	0.09(85)	|	5439	
2037	63	ok	|	0.09	1.00	1.00	0.10	0.01	0	|	rapi	0.09	0.10	0	|	85.0	0.10(85)	0.10(85)	|	5439	
2037	64	ok	|	0.10	1.00	1.00	0.11	0.01	0	|	rapi	0.10	0.11	0	|	85.0	0.11(85)	0.11(85)	|	5439	
2037	65	ok	|	0.13	1.00	1.00	0.13	0.02	0	|	rapi	0.13	0.13	0	|	85.0	0.13(85)	0.13(85)	|	5439	
2037	66	ok	|	0.14	1.00	1.00	0.14	0.02	0	|	rapi	0.14	0.14	0	|	85.0	0.14(85)	0.14(85)	|	5439	
2037	67	ok	|	0.15	1.00	1.00	0.16	0.02	0	|	rapi	0.15	0.16	0	|	85.0	0.16(85)	0.16(85)	|	5439	
2037	68	ok	|	0.17	1.00	1.00	0.18	0.02	0	|	rapi	0.17	0.18	0	|	85.0	0.18(85)	0.18(85)	|	5439	
2037	69	ok	|	0.16	1.00	1.00	0.17	0.02	0	|	rapi	0.16	0.17	0	|	85.0	0.17(85)	0.17(85)	|	5439	
2037	70	ok	|	0.16	1.00	1.00	0.16	0.02	0	|	rapi	0.16	0.16	0	|	85.0	0.16(85)	0.16(85)	|	5439	
2037	71	ok	|	0.16	1.00	1.00	0.17	0.02	0	|	rapi	0.16	0.17	0	|	85.0	0.17(85)	0.17(85)	|	5439	
2037	72	ok	|	0.16	1.00	1.00	0.18	0.02	0	|	rapi	0.16	0.18	0	|	85.0	0.18(85)	0.18(85)	|	5439	
2037	73	ok	|	0.16	1.00	1.00	0.17	0.02	0	|	rapi	0.16	0.17	0	|	85.0	0.17(85)	0.17(85)	|	5439	
2037	74	ok	|	0.16	1.00	1.00	0.17	0.02	0	|	rapi	0.16	0.17	0	|	85.0	0.17(85)	0.17(85)	|	5439	
2037	75	ok	|	0.17	1.00	1.00	0.19	0.02	0	|	rapi	0.17	0.19	0	|	85.0	0.19(85)	0.19(85)	|	5439	
2037	76	ok	|	0.18	1.00	1.00	0.20	0.02	0	|	rapi	0.18	0.20	0	|	85.0	0.20(85)	0.20(85)	|	5439	
2037	77	ok	|	0.20	1.00	1.00	0.22	0.03	0	|	rapi	0.20	0.22	0	|	85.0	0.22(85)	0.22(85)	|	5439	
2037	78	ok	|	0.23	1.00	1.00	0.26	0.03	0	|	rapi	0.23	0.26	0	|	85.0	0.26(85)	0.26(85)	|	5439	
2037	79	ok	|	0.24	1.00	1.00	0.26	0.03	0	|	rapi	0.24	0.26	0	|	85.0	0.26(85)	0.26(85)	|	5439	
2037	80	ok	|	0.26	1.00	1.00	0.28	0.04	0	|	rapi	0.26	0.28	0	|	85.0	0.28(85)	0.28(85)	|	5439	
2037	81	ok	|	0.27	1.00	1.00	0.30	0.04	0	|	rapi	0.27	0.30	0	|	85.0	0.30(85)	0.30(85)	|	5439	
2037	82	ok	|	0.26	1.00	1.00	0.30	0.04	0	|	rapi	0.26	0.30	0	|	85.0	0.30(85)	0.30(85)	|	5439	
2037	83	ok	|	0.27	1.00	1.00	0.30	0.04	0	|	rapi	0.27	0.30	0	|	85.0	0.30(85)	0.30(85)	|	5439	
2037	84	ok	|	0.25	1.00	1.00	0.28	0.04	0	|	rapi	0.25	0.28	0	|	85.0	0.28(85)	0.28(85)	|	5439	
2037	85	ok	|	0.26	1.00	1.00	0.29	0.04	0	|	rapi	0.26	0.29	0	|	85.0	0.29(85)	0.29(85)	|	5439	
2037	86	ok	|	0.27	1.00	1.00	0.30	0.04	0	|	rapi	0.27	0.30	0	|	85.0	0.30(85)	0.30(85)	|	5439	
2037	87	ok	|	0.27	1.00	1.00	0.30	0.04	0	|	rapi	0.27	0.30	0	|	85.0	0.30(85)	0.30(85)	|	5439	
2037	88	ok	|	0.27	1.00	1.00	0.31	0.04	0	|	rapi	0.27	0.31	0	|	85.0	0.31(85)	0.31(85)	|	5439	
2037	89	ok	|	0.30	1.00	1.00	0.33	0.04	0	|	rapi	0.30	0.33	0	|	85.0	0.33(85)	0.33(85)	|	5439	
2037	90	ok	|	0.30	1.00	1.00	0.34	0.04	0	|	rapi	0.30	0.34	0	|	85.0	0.34(85)	0.34(85)	|	5439	
2037	91	ok	|	0.28	1.00	1.00	0.31	0.04	0	|	rapi	0.28	0.31	0	|	85.0	0.31(85)	0.31(85)	|	5439	
2037	92	ok	|	0.30	1.00	1.00	0.33	0.04	0	|	rapi	0.30	0.33	0	|	85.0	0.33(85)	0.33(85)	|	5439	
2037	93	ok	|	0.29	1.00	1.00	0.33	0.04	0	|	rapi	0.29	0.33	0	|	85.0	0.33(85)	0.33(85)	|	5439	
2037	94	ok	|	0.31	1.00	1.00	0.37	0.05	0	|	rapi	0.31	0.37	0	|	85.0	0.37(85)	0.37(85)	|	5439	
2037	95	ok	|	0.30	1.00	1.00	0.36	0.04	0	|	rapi	0.30	0.36	0	|	85.0	0.36(85)	0.36(85)	|	5439	
2037	96	ok	|	0.31	1.00	1.00	0.36	0.04	0	|	rapi	0.31	0.36	0	|	85.0	0.36(85)	0.36(85)	|	5439	
2037	97	ok	|	0.32	1.00	1.00	0.36	0.05	0	|	rapi	0.32	0.36	0	|	85.0	0.36(85)	0.36(85)	|	5439	
2037	98	ok	|	0.28	1.00	1.00	0.31	0.05	0	|	rapi	0.28	0.31	0	|	85.0	0.31(85)	0.31(85)	|	5439	
2037	99	ok	|	0.28	1.00	1.00	0.31	0.05	0	|	rapi	0.28	0.31	0	|	85.0	0.31(85)	0.31(85)	|	5439	
2037	100	ok	|	0.30	1.00	1.00	0.34	0.06	0	|	rapi	0.30	0.34	0	|	85.0	0.34(85)	0.34(85)	|	5439	
2037	101	ok	|	0.32	1.00	1.00	0.36	0.06	0	|	rapi	0.32	0.36	0	|	85.0	0.36(85)	0.36(85)	|	5439	
2037	102	ok	|	0.33	1.00	1.00	0.36	0.06	0	|	rapi	0.33	0.36	0	|	85.0	0.36(85)	0.36(85)	|	5439	
2037	103	ok	|	0.30	1.00	1.00	0.34	0.06	0	|	rapi	0.30	0.34	0	|	85.0	0.34(85)	0.34(85)	|	5439	
2037	104	ok	|	0.31	1.00	1.00	0.34	0.06	0	|	rapi	0.31	0.34	0	|	85.0	0.34(85)	0.34(85)	|	5439	
2037	105	ok	|	0.31	1.00	1.00	0.35	0.06	0	|	rapi	0.31	0.35	0	|	85.0	0.35(85)	0.35(85)	|	5439	
2037	106	ok	|	0.32	1.00	1.00	0.35	0.06	0	|	rapi	0.32	0.35	0	|	85.0	0.35(85)	0.35(85)	|	5439	
2037	107	ok	|	0.30	1.00	1.00	0.34	0.06	0	|	rapi	0.30	0.34	0	|	85.0	0.34(85)	0.34(85)	|	5439	
2037	108	ok	|	0.29	1.00	1.00	0.34	0.06	0	|	rapi	0.29	0.34	0	|	85.0	0.34(85)	0.34(85)	|	5439	
2037	109	ok	|	0.28	1.00	1.00	0.33	0.05	0	|	rapi	0.28	0.33	0	|	85.0	0.33(85)	0.33(85)	|	5439	
2037	110	ok	|	0.29	1.00	1.00	0.34	0.06	0	|	rapi	0.29	0.34	0	|	85.0	0.34(85)	0.34(85)	|	5439	
2037	111	ok	|	0.30	1.00	1.00	0.33	0.06	0	|	rapi	0.30	0.33	0	|	85.0	0.33(85)	0.33(85)	|	5439	
2037	112	ok	|	0.28	1.00	1.00	0.32	0.05	0	|	rapi	0.28	0.32	0	|	85.0	0.32(85)	0.32(85)	|	5439	
2037	113	ok	|	0.28	1.00	1.00	0.31	0.05	0	|	rapi	0.28	0.31	0	|	85.0	0.31(85)	0.31(85)	|	5439	
2037	114	ok	|	0.26	1.00	1.00	0.29	0.05	0	|	rapi	0.26	0.29	0	|	85.0	0.29(85)	0.29(85)	|	5439	
2037	115	ok	|	0.28	1.00	1.00	0.31	0.05	0	|	rapi	0.28	0.31	0	|	85.0	0.31(85)	0.31(85)	|	5439	
2037	116	ok	|	0.29	1.00	1.00	0.31	0.05	0	|	rapi	0.29	0.31	0	|	85.0	0.31(85)	0.31(85)	|	5439	
2037	117	ok	|	0.28	1.00	1.00	0.31	0.05	0	|	rapi	0.28	0.31	0	|	85.0	0.31(85)	0.31(85)	|	5439	
2037	118	ok	|	0.29	1.00	1.00	0.33	0.05	0	|	rapi	0.29	0.33	0	|	85.0	0.33(85)	0.33(85)	|	5439	
2037	119	ok	|	0.31	1.00	1.00	0.34	0.06	0	|	rapi	0.31	0.34	0	|	85.0	0.34(85)	0.34(85)	|	5439	
2037	120	ok	|	0.30	1.00	1.00	0.33	0.06	0	|	rapi	0.30	0.33	0	|	85.0	0.33(85)	0.33(85)	|	5439	
2037	121	ok	|	0.29	1.00	1.00	0.33	0.05	0	|	rapi	0.29	0.33	0	|	85.0	0.33(85)	0.33(85)	|	5439	
2037	122	ok	|	0.28	1.00	1.00	0.32	0.05	0	|	rapi	0.28	0.32	0	|	85.0	0.32(85)	0.32(85)	|	5439	
2037	123	ok	|	0.25	1.00	1.00	0.29	0.05	0	|	rapi	0.25	0.29	0	|	85.0	0.29(85)	0.29(85)	|	5439	
2037	124	ok	|	0.28	1.00	1.00	0.31	0.05	0	|	rapi	0.28	0.31	0	|	85.0	0.31(85)	0.31(85)	|	5439	
2037	125	ok	|	0.29	1.00	1.00	0.32	0.05	0	|	rapi	0.29	0.32	0	|	85.0	0.32(85)	0.32(85)	|	5439	
2037	126	ok	|	0.31	1.00	1.00	0.36	0.06	0	|	rapi	0.31	0.36	0	|	85.0	0.36(85)	0.36(85)	|	5439	
2037	127	ok	|	0.31	1.00	1.00	0.36	0.06	0	|	rapi	0.31	0.36	0	|	85.0	0.36(85)	0.36(85)	|	5439	
2037	128	ok	|	0.31	1.00	1.00	0.36	0.06	0	|	rapi	0.31	0.36	0	|	85.0	0.36(85)	0.36(85)	|	5439	
2037	129	ok	|	0.32	1.00	1.00	0.37	0.06	0	|	rapi	0.32	0.37	0	|	85.0	0.37(85)	0.37(85)	|	5439	
2037	130	ok	|	0.32	1.00	1.00	0.37	0.06	0	|	rapi	0.32	0.37	0	|	85.0	0.37(85)	0.37(85)	|	5439	
2037	131	ok	|	0.33	1.00	1.00	0.39	0.06	0	|	rapi	0.33	0.39	0	|	85.0	0.39(85)	0.39(85)	|	5439	
2037	132	ok	|	0.34	1.00	1.00	0.40	0.07	0	|	rapi	0.34	0.40	0	|	85.0	0.40(85)	0.40(85)	|	5439	
2037	133	ok	|	0.33	1.00	1.00	0.39	0.06	0	|	rapi	0.33	0.39	0	|	85.0	0.39(85)	0.39(85)	|	5439	
2037	134	ok	|	0.35	1.00	1.00	0.41	0.07	0	|	rapi	0.35	0.41	0	|	85.0	0.41(85)	0.41(85)	|	5439	
2037	135	ok	|	0.35	1.00	1.00	0.41	0.07	0	|	rapi	0.35	0.41	0	|	85.0	0.41(85)	0.41(85)	|	5439	
2037	136	ok	|	0.32	1.00	1.00	0.37	0.06	0	|	rapi	0.32	0.37	0	|	85.0	0.37(85)	0.37(85)	|	5439	
2037	137	ok	|	0.31	1.00	1.00	0.35	0.06	0	|	rapi	0.31	0.35	0	|	85.0	0.35(85)	0.35(85)	|	5439	
2037	138	ok	|	0.28	1.00	1.00	0.31	0.05	0	|	rapi	0.28	0.31	0	|	85.0	0.31(85)	0.31(85)	|	5439	
2037	139	ok	|	0.30	1.00	1.00	0.34	0.06	0	|	rapi	0.30	0.34	0	|	85.0	0.34(85)	0.34(85)	|	5439	
2037	140	ok	|	0.32	1.00	1.00	0.36	0.06	0	|	rapi	0.32	0.36	0	|	85.0	0.36(85)	0.36(85)	|	5439	
2037	141	ok	|	0.33	1.00	1.00	0.37	0.06	0	|	rapi	0.33	0.37	0	|	85.0	0.37(85)	0.37(85)	|	5439	
2037	142	ok	|	0.33	1.00	1.00	0.38	0.06	0	|	rapi	0.33	0.38	0	|	85.0	0.38(85)	0.38(85)	|	5439	
2037	143	ok	|	0.35	1.00	1.00	0.41	0.07	0	|	rapi	0.35	0.41	0	|	85.0	0.41(85)	0.41(85)	|	5439	
2037	144	ok	|	0.39	1.00	1.00	0.46	0.08	0	|	rapi	0.39	0.46	0	|	85.0	0.46(85)	0.46(85)	|	5439	
2037	145	ok	|	0.38	1.00	1.00	0.47	0.08	0	|	rapi	0.38	0.47	0	|	85.0	0.47(85)	0.47(85)	|	5439	
2037	146	ok	|	0.41	1.00	1.00	0.50	0.08	0	|	rapi	0.41	0.50	0	|	85.0	0.50(85)	0.50(85)	|	5439	
2037	147	ok	|	0.41	1.00	1.00	0.49	0.08	0	|	rapi	0.41	0.49	0	|	85.0	0.49(85)	0.49(85)	|	5439	
2037	148	ok	|	0.42	1.00	1.00	0.50	0.08	0	|	rapi	0.42	0.50	0	|	85.0	0.50(85)	0.50(85)	|	5439	
2037	149	ok	|	0.41	1.00	1.00	0.51	0.09	0	|	rapi	0.41	0.51	0	|	85.0	0.51(85)	0.51(85)	|	5439	
2037	150	ok	|	0.40	1.00	1.00	0.48	0.08	0	|	rapi	0.40	0.48	0	|	85.0	0.48(85)	0.48(85)	|	5439	
2037	151	ok	|	0.39	1.00	1.00	0.47	0.08	0	|	rapi	0.39	0.47	0	|	85.0	0.47(85)	0.47(85)	|	5439	
2037	152	ok	|	0.41	1.00	1.00	0.50	0.08	0	|	rapi	0.41	0.50	0	|	85.0	0.50(85)	0.50(85)	|	5439	
2037	153	ok	|	0.42	1.00	1.00	0.50	0.08	0	|	rapi	0.42	0.50	0	|	85.0	0.50(85)	0.50(85)	|	5439	
2037	154	ok	|	0.42	1.00	1.00	0.50	0.08	0	|	rapi	0.42	0.50	0	|	85.0	0.50(85)	0.50(85)	|	5439	
2037	155	ok	|	0.38	1.00	1.00	0.45	0.07	0	|	rapi	0.38	0.45	0	|	85.0	0.45(85)	0.45(85)	|	5439	
2037	156	ok	|	0.35	1.00	1.00	0.40	0.07	0	|	rapi	0.35	0.40	0	|	85.0	0.40(85)	0.40(85)	|	5439	
2037	157	ok	|	0.35	1.00	1.00	0.40	0.07	0	|	rapi	0.35	0.40	0	|	85.0	0.40(85)	0.40(85)	|	5439	
2037	158	ok	|	0.34	1.00	1.00	0.39	0.06	0	|	rapi	0.34	0.39	0	|	85.0	0.39(85)	0.39(85)	|	5439	
2037	159	ok	|	0.33	1.00	1.00	0.39	0.07	0	|	rapi	0.33	0.39	0	|	85.0	0.39(85)	0.39(85)	|	5439	
2037	160	ok	|	0.33	1.00	1.00	0.38	0.06	0	|	rapi	0.33	0.38	0	|	85.0	0.38(85)	0.38(85)	|	5439	
2037	161	ok	|	0.36	1.00	1.00	0.43	0.07	0	|	rapi	0.36	0.43	0	|	85.0	0.43(85)	0.43(85)	|	5439	
2037	162	ok	|	0.33	1.00	1.00	0.39	0.06	0	|	rapi	0.33	0.39	0	|	85.0	0.39(85)	0.39(85)	|	5439	
2037	163	ok	|	0.31	1.00	1.00	0.36	0.06	0	|	rapi	0.31	0.36	0	|	85.0	0.36(85)	0.36(85)	|	5439	
2037	164	ok	|	0.30	1.00	1.00	0.35	0.06	0	|	rapi	0.30	0.35	0	|	85.0	0.35(85)	0.35(85)	|	5439	
2037	165	ok	|	0.30	1.00	1.00	0.35	0.06	0	|	rapi	0.30	0.35	0	|	85.0	0.35(85)	0.35(85)	|	5439	
2037	166	ok	|	0.31	1.00	1.00	0.36	0.06	0	|	rapi	0.31	0.36	0	|	85.0	0.36(85)	0.36(85)	|	5439	
2037	167	ok	|	0.31	1.00	1.00	0.35	0.06	0	|	rapi	0.31	0.35	0	|	85.0	0.35(85)	0.35(85)	|	5439	
2037	168	ok	|	0.30	1.00	1.00	0.34	0.06	0	|	rapi	0.30	0.34	0	|	85.0	0.34(85)	0.34(85)	|	5439	
2037	169	ok	|	0.33	1.00	1.00	0.37	0.06	0	|	rapi	0.33	0.37	0	|	85.0	0.37(85)	0.37(85)	|	5439	
2037	170	ok	|	0.32	1.00	1.00	0.36	0.06	0	|	rapi	0.32	0.36	0	|	85.0	0.36(85)	0.36(85)	|	5439	
2037	171	ok	|	0.34	1.00	1.00	0.40	0.07	0	|	rapi	0.34	0.40	0	|	85.0	0.40(85)	0.40(85)	|	5439	
2037	172	ok	|	0.37	1.00	1.00	0.42	0.07	0	|	rapi	0.37	0.42	0	|	85.0	0.42(85)	0.42(85)	|	5439	
2037	173	ok	|	0.34	1.00	1.00	0.41	0.07	0	|	rapi	0.34	0.41	0	|	85.0	0.41(85)	0.41(85)	|	5439	
2037	174	ok	|	0.34	1.00	1.00	0.40	0.07	0	|	rapi	0.34	0.40	0	|	85.0	0.40(85)	0.40(85)	|	5439	
2037	175	ok	|	0.34	1.00	1.00	0.40	0.07	0	|	rapi	0.34	0.40	0	|	85.0	0.40(85)	0.40(85)	|	5439	
2037	176	ok	|	0.35	1.00	1.00	0.41	0.07	0	|	rapi	0.35	0.41	0	|	85.0	0.41(85)	0.41(85)	|	5439	
2037	177	ok	|	0.35	1.00	1.00	0.41	0.07	0	|	rapi	0.35	0.41	0	|	85.0	0.41(85)	0.41(85)	|	5439	
2037	178	ok	|	0.34	1.00	1.00	0.39	0.06	0	|	rapi	0.34	0.39	0	|	85.0	0.39(85)	0.39(85)	|	5439	
2037	179	ok	|	0.37	1.00	1.00	0.41	0.07	0	|	rapi	0.37	0.41	0	|	85.0	0.41(85)	0.41(85)	|	5439	
2037	180	ok	|	0.34	1.00	1.00	0.39	0.06	0	|	rapi	0.34	0.39	0	|	85.0	0.39(85)	0.39(85)	|	5439	
2037	181	ok	|	0.33	1.00	1.00	0.38	0.06	0	|	rapi	0.33	0.38	0	|	85.0	0.38(85)	0.38(85)	|	5439	
2037	182	ok	|	0.32	1.00	1.00	0.36	0.06	0	|	rapi	0.32	0.36	0	|	85.0	0.36(85)	0.36(85)	|	5439	
2037	183	ok	|	0.29	1.00	1.00	0.33	0.06	0	|	rapi	0.29	0.33	0	|	85.0	0.33(85)	0.33(85)	|	5439	
2037	184	ok	|	0.30	1.00	1.00	0.34	0.06	0	|	rapi	0.30	0.34	0	|	85.0	0.34(85)	0.34(85)	|	5439	
2037	185	ok	|	0.29	1.00	1.00	0.34	0.06	0	|	rapi	0.29	0.34	0	|	85.0	0.34(85)	0.34(85)	|	5439	
2037	186	ok	|	0.30	1.00	1.00	0.34	0.06	0	|	rapi	0.30	0.34	0	|	85.0	0.34(85)	0.34(85)	|	5439	
2037	187	ok	|	0.28	1.00	1.00	0.32	0.05	0	|	rapi	0.28	0.32	0	|	85.0	0.32(85)	0.32(85)	|	5439	
2037	188	ok	|	0.28	1.00	1.00	0.32	0.05	0	|	rapi	0.28	0.32	0	|	85.0	0.32(85)	0.32(85)	|	5439	
2037	189	ok	|	0.30	1.00	1.00	0.34	0.06	0	|	rapi	0.30	0.34	0	|	85.0	0.34(85)	0.34(85)	|	5439	
2037	190	ok	|	0.29	1.00	1.00	0.33	0.06	0	|	rapi	0.29	0.33	0	|	85.0	0.33(85)	0.33(85)	|	5439	
2037	191	ok	|	0.26	1.00	1.00	0.32	0.05	0	|	rapi	0.26	0.32	0	|	85.0	0.32(85)	0.32(85)	|	5439	
2037	192	ok	|	0.27	1.00	1.00	0.31	0.05	0	|	rapi	0.27	0.31	0	|	85.0	0.31(85)	0.31(85)	|	5439	
2037	193	ok	|	0.27	1.00	1.00	0.30	0.05	0	|	rapi	0.27	0.30	0	|	85.0	0.30(85)	0.30(85)	|	5439	
2037	194	ok	|	0.28	1.00	1.00	0.33	0.05	0	|	rapi	0.28	0.33	0	|	85.0	0.33(85)	0.33(85)	|	5439	
2037	195	ok	|	0.26	1.00	1.00	0.29	0.05	0	|	rapi	0.26	0.29	0	|	85.0	0.29(85)	0.29(85)	|	5439	
2037	196	ok	|	0.25	1.00	1.00	0.28	0.05	0	|	rapi	0.25	0.28	0	|	85.0	0.28(85)	0.28(85)	|	5439	
2037	197	ok	|	0.25	1.00	1.00	0.28	0.05	0	|	rapi	0.25	0.28	0	|	85.0	0.28(85)	0.28(85)	|	5439	
2037	198	ok	|	0.25	1.00	1.00	0.28	0.05	0	|	rapi	0.25	0.28	0	|	85.0	0.28(85)	0.28(85)	|	5439	
2037	199	ok	|	0.23	1.00	1.00	0.26	0.04	0	|	rapi	0.23	0.26	0	|	85.0	0.26(85)	0.26(85)	|	5439	
2037	200	ok	|	0.21	1.00	1.00	0.25	0.04	0	|	rapi	0.21	0.25	0	|	85.0	0.25(85)	0.25(85)	|	5439	
2037	201	ok	|	0.21	1.00	1.00	0.23	0.04	0	|	rapi	0.21	0.23	0	|	85.0	0.23(85)	0.23(85)	|	5439	
2037	202	ok	|	0.20	1.00	1.00	0.22	0.04	0	|	rapi	0.20	0.22	0	|	85.0	0.22(85)	0.22(85)	|	5439	
2037	203	ok	|	0.20	1.00	1.00	0.22	0.04	0	|	rapi	0.20	0.22	0	|	85.0	0.22(85)	0.22(85)	|	5439	
2037	204	ok	|	0.21	1.00	1.00	0.22	0.04	0	|	rapi	0.21	0.22	0	|	85.0	0.22(85)	0.22(85)	|	5439	
2037	205	ok	|	0.21	1.00	1.00	0.23	0.04	0	|	rapi	0.21	0.23	0	|	85.0	0.23(85)	0.23(85)	|	5439	
2037	206	ok	|	0.20	1.00	1.00	0.22	0.04	0	|	rapi	0.20	0.22	0	|	85.0	0.22(85)	0.22(85)	|	5439	
2037	207	ok	|	0.21	1.00	1.00	0.24	0.04	0	|	rapi	0.21	0.24	0	|	85.0	0.24(85)	0.24(85)	|	5439	
2037	208	ok	|	0.21	1.00	1.00	0.24	0.04	0	|	rapi	0.21	0.24	0	|	85.0	0.24(85)	0.24(85)	|	5439	
2037	209	ok	|	0.23	1.00	1.00	0.25	0.04	0	|	rapi	0.23	0.25	0	|	85.0	0.25(85)	0.25(85)	|	5439	
2037	210	ok	|	0.24	1.00	1.00	0.26	0.04	0	|	rapi	0.24	0.26	0	|	85.0	0.26(85)	0.26(85)	|	5439	
2037	211	ok	|	0.23	1.00	1.00	0.25	0.04	0	|	rapi	0.23	0.25	0	|	85.0	0.25(85)	0.25(85)	|	5439	
2037	212	ok	|	0.21	1.00	1.00	0.23	0.04	0	|	rapi	0.21	0.23	0	|	85.0	0.23(85)	0.23(85)	|	5439	
2037	213	ok	|	0.18	1.00	1.00	0.19	0.03	0	|	rapi	0.18	0.19	0	|	85.0	0.19(85)	0.19(85)	|	5439	
2037	214	ok	|	0.20	1.00	1.00	0.21	0.04	0	|	rapi	0.20	0.21	0	|	85.0	0.21(85)	0.21(85)	|	5439	
2037	215	ok	|	0.20	1.00	1.00	0.23	0.04	0	|	rapi	0.20	0.23	0	|	85.0	0.23(85)	0.23(85)	|	5439	
2037	216	ok	|	0.20	1.00	1.00	0.21	0.04	0	|	rapi	0.20	0.21	0	|	85.0	0.21(85)	0.21(85)	|	5439	
2037	217	ok	|	0.19	1.00	1.00	0.21	0.04	0	|	rapi	0.19	0.21	0	|	85.0	0.21(85)	0.21(85)	|	5439	
2037	218	ok	|	0.20	1.00	1.00	0.21	0.04	0	|	rapi	0.20	0.21	0	|	85.0	0.21(85)	0.21(85)	|	5439	
2037	219	ok	|	0.21	1.00	1.00	0.23	0.04	0	|	rapi	0.21	0.23	0	|	85.0	0.23(85)	0.23(85)	|	5439	
2037	220	ok	|	0.22	1.00	1.00	0.25	0.04	0	|	rapi	0.22	0.25	0	|	85.0	0.25(85)	0.25(85)	|	5439	
2037	221	ok	|	0.22	1.00	1.00	0.25	0.04	0	|	rapi	0.22	0.25	0	|	85.0	0.25(85)	0.25(85)	|	5439	
2037	222	ok	|	0.23	1.00	1.00	0.26	0.04	0	|	rapi	0.23	0.26	0	|	85.0	0.26(85)	0.26(85)	|	5439	
2037	223	ok	|	0.21	1.00	1.00	0.24	0.04	0	|	rapi	0.21	0.24	0	|	85.0	0.24(85)	0.24(85)	|	5439	
2037	224	ok	|	0.21	1.00	1.00	0.24	0.04	0	|	rapi	0.21	0.24	0	|	85.0	0.24(85)	0.24(85)	|	5439	
2037	225	ok	|	0.21	1.00	1.00	0.23	0.04	0	|	rapi	0.21	0.23	0	|	85.0	0.23(85)	0.23(85)	|	5439	
2037	226	ok	|	0.20	1.00	1.00	0.22	0.04	0	|	rapi	0.20	0.22	0	|	85.0	0.22(85)	0.22(85)	|	5439	
2037	227	ok	|	0.19	1.00	1.00	0.21	0.03	0	|	rapi	0.19	0.21	0	|	85.0	0.21(85)	0.21(85)	|	5439	
2037	228	ok	|	0.18	1.00	1.00	0.20	0.03	0	|	rapi	0.18	0.20	0	|	85.0	0.20(85)	0.20(85)	|	5439	
2037	229	ok	|	0.18	1.00	1.00	0.20	0.03	0	|	rapi	0.18	0.20	0	|	85.0	0.20(85)	0.20(85)	|	5439	
2037	230	ok	|	0.19	1.00	1.00	0.21	0.04	0	|	rapi	0.19	0.21	0	|	85.0	0.21(85)	0.21(85)	|	5439	
2037	231	ok	|	0.18	1.00	1.00	0.20	0.03	0	|	rapi	0.18	0.20	0	|	85.0	0.20(85)	0.20(85)	|	5439	
2037	232	ok	|	0.18	1.00	1.00	0.20	0.03	0	|	rapi	0.18	0.20	0	|	85.0	0.20(85)	0.20(85)	|	5439	
2037	233	ok	|	0.20	1.00	1.00	0.22	0.04	0	|	rapi	0.20	0.22	0	|	85.0	0.22(85)	0.22(85)	|	5439	
2037	234	ok	|	0.22	1.00	1.00	0.23	0.04	0	|	rapi	0.22	0.23	0	|	85.0	0.23(85)	0.23(85)	|	5439	
2037	235	ok	|	0.21	1.00	1.00	0.22	0.04	0	|	rapi	0.21	0.22	0	|	85.0	0.22(85)	0.22(85)	|	5439	
2037	236	ok	|	0.18	1.00	1.00	0.20	0.03	0	|	rapi	0.18	0.20	0	|	85.0	0.20(85)	0.20(85)	|	5439	
2037	237	ok	|	0.20	1.00	1.00	0.22	0.04	0	|	rapi	0.20	0.22	0	|	85.0	0.22(85)	0.22(85)	|	5439	
2037	238	ok	|	0.18	1.00	1.00	0.19	0.03	0	|	rapi	0.18	0.19	0	|	85.0	0.19(85)	0.19(85)	|	5439	
2037	239	ok	|	0.20	1.00	1.00	0.21	0.04	0	|	rapi	0.20	0.21	0	|	85.0	0.21(85)	0.21(85)	|	5439	
2037	240	ok	|	0.19	1.00	1.00	0.21	0.03	0	|	rapi	0.19	0.21	0	|	85.0	0.21(85)	0.21(85)	|	5439	
2037	241	ok	|	0.19	1.00	1.00	0.20	0.03	0	|	rapi	0.19	0.20	0	|	85.0	0.20(85)	0.20(85)	|	5439	
2037	242	ok	|	0.17	1.00	1.00	0.19	0.03	0	|	rapi	0.17	0.19	0	|	85.0	0.19(85)	0.19(85)	|	5439	
2037	243	ok	|	0.17	1.00	1.00	0.19	0.03	0	|	rapi	0.17	0.19	0	|	85.0	0.19(85)	0.19(85)	|	5439	
2037	244	ok	|	0.19	1.00	1.00	0.20	0.03	0	|	rapi	0.19	0.20	0	|	85.0	0.20(85)	0.20(85)	|	5439	
2037	245	ok	|	0.18	1.00	1.00	0.20	0.03	0	|	rapi	0.18	0.20	0	|	85.0	0.20(85)	0.20(85)	|	5439	
2037	246	ok	|	0.18	1.00	1.00	0.20	0.03	0	|	rapi	0.18	0.20	0	|	85.0	0.20(85)	0.20(85)	|	5439	
2037	247	ok	|	0.17	1.00	1.00	0.18	0.03	0	|	rapi	0.17	0.18	0	|	85.0	0.18(85)	0.18(85)	|	5439	
2037	248	ok	|	0.15	1.00	1.00	0.16	0.03	0	|	rapi	0.15	0.16	0	|	85.0	0.16(85)	0.16(85)	|	5439	
2037	249	ok	|	0.17	1.00	1.00	0.18	0.03	0	|	rapi	0.17	0.18	0	|	85.0	0.18(85)	0.18(85)	|	5439	
2037	250	ok	|	0.18	1.00	1.00	0.20	0.03	0	|	rapi	0.18	0.20	0	|	85.0	0.20(85)	0.20(85)	|	5439	
2037	251	ok	|	0.18	1.00	1.00	0.19	0.03	0	|	rapi	0.18	0.19	0	|	85.0	0.19(85)	0.19(85)	|	5439	
2037	252	ok	|	0.19	1.00	1.00	0.21	0.04	0	|	rapi	0.19	0.21	0	|	85.0	0.21(85)	0.21(85)	|	5439	
2037	253	ok	|	0.18	1.00	1.00	0.21	0.03	0	|	rapi	0.18	0.21	0	|	85.0	0.21(85)	0.21(85)	|	5439	
2037	254	ok	|	0.20	1.00	1.00	0.22	0.04	0	|	rapi	0.20	0.22	0	|	85.0	0.22(85)	0.22(85)	|	5439	
2037	255	ok	|	0.19	1.00	1.00	0.21	0.03	0	|	rapi	0.19	0.21	0	|	85.0	0.21(85)	0.21(85)	|	5439	
2037	256	ok	|	0.20	1.00	1.00	0.23	0.04	0	|	rapi	0.20	0.23	0	|	85.0	0.23(85)	0.23(85)	|	5439	
2037	257	ok	|	0.22	1.00	1.00	0.25	0.04	0	|	rapi	0.22	0.25	0	|	85.0	0.25(85)	0.25(85)	|	5439	
2037	258	ok	|	0.21	1.00	1.00	0.23	0.04	0	|	rapi	0.21	0.23	0	|	85.0	0.23(85)	0.23(85)	|	5439	
2037	259	ok	|	0.21	1.00	1.00	0.24	0.04	0	|	rapi	0.21	0.24	0	|	85.0	0.24(85)	0.24(85)	|	5439	
2037	260	ok	|	0.23	1.00	1.00	0.25	0.04	0	|	rapi	0.23	0.25	0	|	85.0	0.25(85)	0.25(85)	|	5439	
2037	261	ok	|	0.24	1.00	1.00	0.26	0.04	0	|	rapi	0.24	0.26	0	|	85.0	0.26(85)	0.26(85)	|	5439	
2037	262	ok	|	0.24	1.00	1.00	0.27	0.04	0	|	rapi	0.24	0.27	0	|	85.0	0.27(85)	0.27(85)	|	5439	
2037	263	ok	|	0.23	1.00	1.00	0.26	0.04	0	|	rapi	0.23	0.26	0	|	85.0	0.26(85)	0.26(85)	|	5439	
2037	264	ok	|	0.24	1.00	1.00	0.26	0.04	0	|	rapi	0.24	0.26	0	|	85.0	0.26(85)	0.26(85)	|	5439	
2037	265	ok	|	0.26	1.00	1.00	0.28	0.05	0	|	rapi	0.26	0.28	0	|	85.0	0.28(85)	0.28(85)	|	5439	
2037	266	ok	|	0.25	1.00	1.00	0.27	0.04	0	|	rapi	0.25	0.27	0	|	85.0	0.27(85)	0.27(85)	|	5439	
2037	267	ok	|	0.26	1.00	1.00	0.28	0.05	0	|	rapi	0.26	0.28	0	|	85.0	0.28(85)	0.28(85)	|	5439	
2037	268	ok	|	0.27	1.00	1.00	0.31	0.05	0	|	rapi	0.27	0.31	0	|	85.0	0.31(85)	0.31(85)	|	5439	
2037	269	ok	|	0.25	1.00	1.00	0.28	0.05	0	|	rapi	0.25	0.28	0	|	85.0	0.28(85)	0.28(85)	|	5439	
2037	270	ok	|	0.22	1.00	1.00	0.25	0.04	0	|	rapi	0.22	0.25	0	|	85.0	0.25(85)	0.25(85)	|	5439	
2037	271	ok	|	0.22	1.00	1.00	0.25	0.04	0	|	rapi	0.22	0.25	0	|	85.0	0.25(85)	0.25(85)	|	5439	
2037	272	ok	|	0.24	1.00	1.00	0.26	0.04	0	|	rapi	0.24	0.26	0	|	85.0	0.26(85)	0.26(85)	|	5439	
2037	273	ok	|	0.25	1.00	1.00	0.27	0.05	0	|	rapi	0.25	0.27	0	|	85.0	0.27(85)	0.27(85)	|	5439	
2037	274	ok	|	0.25	1.00	1.00	0.28	0.05	0	|	rapi	0.25	0.28	0	|	85.0	0.28(85)	0.28(85)	|	5439	
2037	275	ok	|	0.25	1.00	1.00	0.28	0.05	0	|	rapi	0.25	0.28	0	|	85.0	0.28(85)	0.28(85)	|	5439	
2037	276	ok	|	0.24	1.00	1.00	0.27	0.05	0	|	rapi	0.24	0.27	0	|	85.0	0.27(85)	0.27(85)	|	5439	
2037	277	ok	|	0.24	1.00	1.00	0.28	0.05	0	|	rapi	0.24	0.28	0	|	85.0	0.28(85)	0.28(85)	|	5439	
2037	278	ok	|	0.25	1.00	1.00	0.28	0.05	0	|	rapi	0.25	0.28	0	|	85.0	0.28(85)	0.28(85)	|	5439	
2037	279	ok	|	0.28	1.00	1.00	0.33	0.05	0	|	rapi	0.28	0.33	0	|	85.0	0.33(85)	0.33(85)	|	5439	
2037	280	ok	|	0.32	1.00	1.00	0.37	0.06	0	|	rapi	0.32	0.37	0	|	85.0	0.37(85)	0.37(85)	|	5439	
2037	281	ok	|	0.30	1.00	1.00	0.34	0.06	0	|	rapi	0.30	0.34	0	|	85.0	0.34(85)	0.34(85)	|	5439	
2037	282	ok	|	0.30	1.00	1.00	0.34	0.06	0	|	rapi	0.30	0.34	0	|	85.0	0.34(85)	0.34(85)	|	5439	
2037	283	ok	|	0.27	1.00	1.00	0.31	0.05	0	|	rapi	0.27	0.31	0	|	85.0	0.31(85)	0.31(85)	|	5439	
2037	284	ok	|	0.26	1.00	1.00	0.30	0.05	0	|	rapi	0.26	0.30	0	|	85.0	0.30(85)	0.30(85)	|	5439	
2037	285	ok	|	0.26	1.00	1.00	0.29	0.05	0	|	rapi	0.26	0.29	0	|	85.0	0.29(85)	0.29(85)	|	5439	
2037	286	ok	|	0.28	1.00	1.00	0.31	0.05	0	|	rapi	0.28	0.31	0	|	85.0	0.31(85)	0.31(85)	|	5439	
2037	287	ok	|	0.28	1.00	1.00	0.31	0.05	0	|	rapi	0.28	0.31	0	|	85.0	0.31(85)	0.31(85)	|	5439	
2037	288	ok	|	0.28	1.00	1.00	0.33	0.06	0	|	rapi	0.28	0.33	0	|	85.0	0.33(85)	0.33(85)	|	5439	
2037	289	ok	|	0.29	1.00	1.00	0.33	0.05	0	|	rapi	0.29	0.33	0	|	85.0	0.33(85)	0.33(85)	|	5439	
2037	290	ok	|	0.27	1.00	1.00	0.31	0.05	0	|	rapi	0.27	0.31	0	|	85.0	0.31(85)	0.31(85)	|	5439	
2037	291	ok	|	0.25	1.00	1.00	0.28	0.05	0	|	rapi	0.25	0.28	0	|	85.0	0.28(85)	0.28(85)	|	5439	
2037	292	ok	|	0.26	1.00	1.00	0.29	0.05	0	|	rapi	0.26	0.29	0	|	85.0	0.29(85)	0.29(85)	|	5439	
2037	293	ok	|	0.28	1.00	1.00	0.32	0.05	0	|	rapi	0.28	0.32	0	|	85.0	0.32(85)	0.32(85)	|	5439	
2037	294	ok	|	0.28	1.00	1.00	0.32	0.05	0	|	rapi	0.28	0.32	0	|	85.0	0.32(85)	0.32(85)	|	5439	
2037	295	ok	|	0.28	1.00	1.00	0.31	0.05	0	|	rapi	0.28	0.31	0	|	85.0	0.31(85)	0.31(85)	|	5439	
2037	296	ok	|	0.28	1.00	1.00	0.32	0.05	0	|	rapi	0.28	0.32	0	|	85.0	0.32(85)	0.32(85)	|	5439	
2037	297	ok	|	0.29	1.00	1.00	0.32	0.05	0	|	rapi	0.29	0.32	0	|	85.0	0.32(85)	0.32(85)	|	5439	
2037	298	ok	|	0.28	1.00	1.00	0.31	0.05	0	|	rapi	0.28	0.31	0	|	85.0	0.31(85)	0.31(85)	|	5439	
2037	299	ok	|	0.27	1.00	1.00	0.30	0.05	0	|	rapi	0.27	0.30	0	|	85.0	0.30(85)	0.30(85)	|	5439	
2037	300	ok	|	0.28	1.00	1.00	0.31	0.05	0	|	rapi	0.28	0.31	0	|	85.0	0.31(85)	0.31(85)	|	5439	
2037	301	ok	|	0.28	1.00	1.00	0.31	0.05	0	|	rapi	0.28	0.31	0	|	85.0	0.31(85)	0.31(85)	|	5439	
2037	302	ok	|	0.28	1.00	1.00	0.31	0.05	0	|	rapi	0.28	0.31	0	|	85.0	0.31(85)	0.31(85)	|	5439	
2037	303	ok	|	0.27	1.00	1.00	0.30	0.05	0	|	rapi	0.27	0.30	0	|	85.0	0.30(85)	0.30(85)	|	5439	
2037	304	ok	|	0.27	1.00	1.00	0.29	0.05	0	|	rapi	0.27	0.29	0	|	85.0	0.29(85)	0.29(85)	|	5439	
2037	305	ok	|	0.28	1.00	1.00	0.30	0.05	0	|	rapi	0.28	0.30	0	|	85.0	0.30(85)	0.30(85)	|	5439	
2037	306	ok	|	0.27	1.00	1.00	0.29	0.05	0	|	rapi	0.27	0.29	0	|	85.0	0.29(85)	0.29(85)	|	5439	
2037	307	ok	|	0.27	1.00	1.00	0.29	0.05	0	|	rapi	0.27	0.29	0	|	85.0	0.29(85)	0.29(85)	|	5439	
2037	308	ok	|	0.25	1.00	1.00	0.28	0.05	0	|	rapi	0.25	0.28	0	|	85.0	0.28(85)	0.28(85)	|	5439	
2037	309	ok	|	0.28	1.00	1.00	0.30	0.05	0	|	rapi	0.28	0.30	0	|	85.0	0.30(85)	0.30(85)	|	5439	
2037	310	ok	|	0.29	1.00	1.00	0.33	0.05	0	|	rapi	0.29	0.33	0	|	85.0	0.33(85)	0.33(85)	|	5439	
2037	311	ok	|	0.29	1.00	1.00	0.33	0.05	0	|	rapi	0.29	0.33	0	|	85.0	0.33(85)	0.33(85)	|	5439	
2037	312	ok	|	0.27	1.00	1.00	0.31	0.05	0	|	rapi	0.27	0.31	0	|	85.0	0.31(85)	0.31(85)	|	5439	
2037	313	ok	|	0.25	1.00	1.00	0.28	0.05	0	|	rapi	0.25	0.28	0	|	85.0	0.28(85)	0.28(85)	|	5439	
2037	314	ok	|	0.24	1.00	1.00	0.27	0.05	0	|	rapi	0.24	0.27	0	|	85.0	0.27(85)	0.27(85)	|	5439	
2037	315	ok	|	0.25	1.00	1.00	0.28	0.05	0	|	rapi	0.25	0.28	0	|	85.0	0.28(85)	0.28(85)	|	5439	
2037	316	ok	|	0.25	1.00	1.00	0.27	0.05	0	|	rapi	0.25	0.27	0	|	85.0	0.27(85)	0.27(85)	|	5439	
2037	317	ok	|	0.24	1.00	1.00	0.27	0.04	0	|	rapi	0.24	0.27	0	|	85.0	0.27(85)	0.27(85)	|	5439	
2037	318	ok	|	0.27	1.00	1.00	0.28	0.05	0	|	rapi	0.27	0.28	0	|	85.0	0.28(85)	0.28(85)	|	5439	
2037	319	ok	|	0.26	1.00	1.00	0.29	0.05	0	|	rapi	0.26	0.29	0	|	85.0	0.29(85)	0.29(85)	|	5439	
2037	320	ok	|	0.28	1.00	1.00	0.31	0.05	0	|	rapi	0.28	0.31	0	|	85.0	0.31(85)	0.31(85)	|	5439	
2037	321	ok	|	0.28	1.00	1.00	0.31	0.05	0	|	rapi	0.28	0.31	0	|	85.0	0.31(85)	0.31(85)	|	5439	
2037	322	ok	|	0.30	1.00	1.00	0.33	0.05	0	|	rapi	0.30	0.33	0	|	85.0	0.33(85)	0.33(85)	|	5439	
2037	323	ok	|	0.30	1.00	1.00	0.34	0.06	0	|	rapi	0.30	0.34	0	|	85.0	0.34(85)	0.34(85)	|	5439	
2037	324	ok	|	0.28	1.00	1.00	0.32	0.05	0	|	rapi	0.28	0.32	0	|	85.0	0.32(85)	0.32(85)	|	5439	
2037	325	ok	|	0.27	1.00	1.00	0.31	0.05	0	|	rapi	0.27	0.31	0	|	85.0	0.31(85)	0.31(85)	|	5439	
2037	326	ok	|	0.25	1.00	1.00	0.28	0.05	0	|	rapi	0.25	0.28	0	|	85.0	0.28(85)	0.28(85)	|	5439	
2037	327	ok	|	0.27	1.00	1.00	0.29	0.05	0	|	rapi	0.27	0.29	0	|	85.0	0.29(85)	0.29(85)	|	5439	
2037	328	ok	|	0.25	1.00	1.00	0.28	0.05	0	|	rapi	0.25	0.28	0	|	85.0	0.28(85)	0.28(85)	|	5439	
2037	329	ok	|	0.24	1.00	1.00	0.27	0.05	0	|	rapi	0.24	0.27	0	|	85.0	0.27(85)	0.27(85)	|	5439	
2037	330	ok	|	0.25	1.00	1.00	0.28	0.05	0	|	rapi	0.25	0.28	0	|	85.0	0.28(85)	0.28(85)	|	5439	
2037	331	ok	|	0.21	1.00	1.00	0.24	0.04	0	|	rapi	0.21	0.24	0	|	85.0	0.24(85)	0.24(85)	|	5439	
2037	332	ok	|	0.21	1.00	1.00	0.24	0.04	0	|	rapi	0.21	0.24	0	|	85.0	0.24(85)	0.24(85)	|	5439	
2037	333	ok	|	0.25	1.00	1.00	0.27	0.05	0	|	rapi	0.25	0.27	0	|	85.0	0.27(85)	0.27(85)	|	5439	
2037	334	ok	|	0.23	1.00	1.00	0.25	0.04	0	|	rapi	0.23	0.25	0	|	85.0	0.25(85)	0.25(85)	|	5439	
2037	335	ok	|	0.26	1.00	1.00	0.28	0.05	0	|	rapi	0.26	0.28	0	|	85.0	0.28(85)	0.28(85)	|	5439	
2037	336	ok	|	0.24	1.00	1.00	0.27	0.05	0	|	rapi	0.24	0.27	0	|	85.0	0.27(85)	0.27(85)	|	5439	
2037	337	ok	|	0.26	1.00	1.00	0.29	0.05	0	|	rapi	0.26	0.29	0	|	85.0	0.29(85)	0.29(85)	|	5439	
2037	338	ok	|	0.23	1.00	1.00	0.27	0.04	0	|	rapi	0.23	0.27	0	|	85.0	0.27(85)	0.27(85)	|	5439	
2037	339	ok	|	0.25	1.00	1.00	0.28	0.05	0	|	rapi	0.25	0.28	0	|	85.0	0.28(85)	0.28(85)	|	5439	
2037	340	ok	|	0.24	1.00	1.00	0.27	0.04	0	|	rapi	0.24	0.27	0	|	85.0	0.27(85)	0.27(85)	|	5439	
2037	341	ok	|	0.24	1.00	1.00	0.27	0.04	0	|	rapi	0.24	0.27	0	|	85.0	0.27(85)	0.27(85)	|	5439	
2037	342	ok	|	0.24	1.00	1.00	0.27	0.04	0	|	rapi	0.24	0.27	0	|	85.0	0.27(85)	0.27(85)	|	5439	
2037	343	ok	|	0.24	1.00	1.00	0.27	0.05	0	|	rapi	0.24	0.27	0	|	85.0	0.27(85)	0.27(85)	|	5439	
2037	344	ok	|	0.22	1.00	1.00	0.25	0.04	0	|	rapi	0.22	0.25	0	|	85.0	0.25(85)	0.25(85)	|	5439	
2037	345	ok	|	0.23	1.00	1.00	0.25	0.04	0	|	rapi	0.23	0.25	0	|	85.0	0.25(85)	0.25(85)	|	5439	
2037	346	ok	|	0.22	1.00	1.00	0.24	0.04	0	|	rapi	0.22	0.24	0	|	85.0	0.24(85)	0.24(85)	|	5439	
2037	347	ok	|	0.21	1.00	1.00	0.24	0.04	0	|	rapi	0.21	0.24	0	|	85.0	0.24(85)	0.24(85)	|	5439	
2037	348	ok	|	0.20	1.00	1.00	0.22	0.04	0	|	rapi	0.20	0.22	0	|	85.0	0.22(85)	0.22(85)	|	5439	
2037	349	ok	|	0.20	1.00	1.00	0.22	0.04	0	|	rapi	0.20	0.22	0	|	85.0	0.22(85)	0.22(85)	|	5439	
2037	350	ok	|	0.19	1.00	1.00	0.20	0.03	0	|	rapi	0.19	0.20	0	|	85.0	0.20(85)	0.20(85)	|	5439	
2037	351	ok	|	0.17	1.00	1.00	0.19	0.03	0	|	rapi	0.17	0.19	0	|	85.0	0.19(85)	0.19(85)	|	5439	
2037	352	ok	|	0.17	1.00	1.00	0.17	0.03	0	|	rapi	0.17	0.17	0	|	85.0	0.17(85)	0.17(85)	|	5439	
2037	353	ok	|	0.17	1.00	1.00	0.18	0.03	0	|	rapi	0.17	0.18	0	|	85.0	0.18(85)	0.18(85)	|	5439	
2037	354	ok	|	0.17	1.00	1.00	0.19	0.03	0	|	rapi	0.17	0.19	0	|	85.0	0.19(85)	0.19(85)	|	5439	
2037	355	ok	|	0.17	1.00	1.00	0.19	0.03	0	|	rapi	0.17	0.19	0	|	85.0	0.19(85)	0.19(85)	|	5439	
2037	356	ok	|	0.18	1.00	1.00	0.19	0.03	0	|	rapi	0.18	0.19	0	|	85.0	0.19(85)	0.19(85)	|	5439	
2037	357	ok	|	0.15	1.00	1.00	0.16	0.03	0	|	rapi	0.15	0.16	0	|	85.0	0.16(85)	0.16(85)	|	5439	
2037	358	ok	|	0.14	1.00	1.00	0.14	0.02	0	|	rapi	0.14	0.14	0	|	85.0	0.14(85)	0.14(85)	|	5439	
2037	359	ok	|	0.14	1.00	1.00	0.15	0.02	0	|	rapi	0.14	0.15	0	|	85.0	0.15(85)	0.15(85)	|	5439	
2037	360	ok	|	0.15	1.00	1.00	0.15	0.03	0	|	rapi	0.15	0.15	0	|	85.0	0.15(85)	0.15(85)	|	5439	
2037	361	ok	|	0.15	1.00	1.00	0.15	0.03	0	|	rapi	0.15	0.15	0	|	85.0	0.15(85)	0.15(85)	|	5439	
2037	362	ok	|	0.14	1.00	1.00	0.15	0.03	0	|	rapi	0.14	0.15	0	|	85.0	0.15(85)	0.15(85)	|	5439	
2037	363	ok	|	0.15	1.00	1.00	0.16	0.03	0	|	rapi	0.15	0.16	0	|	85.0	0.16(85)	0.16(85)	|	5439	
2037	364	ok	|	0.15	1.00	1.00	0.16	0.03	0	|	rapi	0.15	0.16	0	|	85.0	0.16(85)	0.16(85)	|	5439	
2037	365	ok	|	0.14	1.00	1.00	0.15	0.03	0	|	rapi	0.14	0.15	0	|	85.0	0.15(85)	0.15(85)	|	5439	
2037	366	ok	|	0.15	1.00	1.00	0.16	0.03	0	|	rapi	0.15	0.16	0	|	85.0	0.16(85)	0.16(85)	|	5439	
2037	367	ok	|	0.17	1.00	1.00	0.18	0.03	0	|	rapi	0.17	0.18	0	|	85.0	0.18(85)	0.18(85)	|	5439	
2037	368	ok	|	0.17	1.00	1.00	0.18	0.03	0	|	rapi	0.17	0.18	0	|	85.0	0.18(85)	0.18(85)	|	5439	
2037	369	ok	|	0.19	1.00	1.00	0.20	0.03	0	|	rapi	0.19	0.20	0	|	85.0	0.20(85)	0.20(85)	|	5439	
2037	370	ok	|	0.20	1.00	1.00	0.21	0.03	0	|	rapi	0.20	0.21	0	|	85.0	0.21(85)	0.21(85)	|	5439	
2037	371	ok	|	0.19	1.00	1.00	0.20	0.03	0	|	rapi	0.19	0.20	0	|	85.0	0.20(85)	0.20(85)	|	5439	
2037	372	ok	|	0.18	1.00	1.00	0.20	0.03	0	|	rapi	0.18	0.20	0	|	85.0	0.20(85)	0.20(85)	|	5439	
2037	373	ok	|	0.21	1.00	1.00	0.23	0.04	0	|	rapi	0.21	0.23	0	|	85.0	0.23(85)	0.23(85)	|	5439	
2037	374	ok	|	0.20	1.00	1.00	0.22	0.04	0	|	rapi	0.20	0.22	0	|	85.0	0.22(85)	0.22(85)	|	5439	
2037	375	ok	|	0.21	1.00	1.00	0.23	0.04	0	|	rapi	0.21	0.23	0	|	85.0	0.23(85)	0.23(85)	|	5439	
2037	376	ok	|	0.21	1.00	1.00	0.23	0.04	0	|	rapi	0.21	0.23	0	|	85.0	0.23(85)	0.23(85)	|	5439	
2037	377	ok	|	0.21	1.00	1.00	0.24	0.04	0	|	rapi	0.21	0.24	0	|	85.0	0.24(85)	0.24(85)	|	5439	
2037	378	ok	|	0.20	1.00	1.00	0.23	0.04	0	|	rapi	0.20	0.23	0	|	85.0	0.23(85)	0.23(85)	|	5439	
2037	379	ok	|	0.23	1.00	1.00	0.24	0.04	0	|	rapi	0.23	0.24	0	|	85.0	0.24(85)	0.24(85)	|	5439	
2037	380	ok	|	0.25	1.00	1.00	0.27	0.04	0	|	rapi	0.25	0.27	0	|	85.0	0.27(85)	0.27(85)	|	5439	
2037	381	ok	|	0.22	1.00	1.00	0.25	0.04	0	|	rapi	0.22	0.25	0	|	85.0	0.25(85)	0.25(85)	|	5439	
2037	382	ok	|	0.24	1.00	1.00	0.27	0.05	0	|	rapi	0.24	0.27	0	|	85.0	0.27(85)	0.27(85)	|	5439	
2037	383	ok	|	0.23	1.00	1.00	0.26	0.04	0	|	rapi	0.23	0.26	0	|	85.0	0.26(85)	0.26(85)	|	5439	
2037	384	ok	|	0.23	1.00	1.00	0.26	0.04	0	|	rapi	0.23	0.26	0	|	85.0	0.26(85)	0.26(85)	|	5439	
2037	385	ok	|	0.23	1.00	1.00	0.26	0.04	0	|	rapi	0.23	0.26	0	|	85.0	0.26(85)	0.26(85)	|	5439	
2037	386	ok	|	0.25	1.00	1.00	0.28	0.05	0	|	rapi	0.25	0.28	0	|	85.0	0.28(85)	0.28(85)	|	5439	
2037	387	ok	|	0.28	1.00	1.00	0.32	0.05	0	|	rapi	0.28	0.32	0	|	85.0	0.32(85)	0.32(85)	|	5439	
2037	388	ok	|	0.29	1.00	1.00	0.33	0.05	0	|	rapi	0.29	0.33	0	|	85.0	0.33(85)	0.33(85)	|	5439	
2037	389	ok	|	0.30	1.00	1.00	0.35	0.06	0	|	rapi	0.30	0.35	0	|	85.0	0.35(85)	0.35(85)	|	5439	
2037	390	ok	|	0.31	1.00	1.00	0.35	0.06	0	|	rapi	0.31	0.35	0	|	85.0	0.35(85)	0.35(85)	|	5439	
2037	391	ok	|	0.30	1.00	1.00	0.34	0.06	0	|	rapi	0.30	0.34	0	|	85.0	0.34(85)	0.34(85)	|	5439	
2037	392	ok	|	0.29	1.00	1.00	0.34	0.06	0	|	rapi	0.29	0.34	0	|	85.0	0.34(85)	0.34(85)	|	5439	
2037	393	ok	|	0.29	1.00	1.00	0.34	0.06	0	|	rapi	0.29	0.34	0	|	85.0	0.34(85)	0.34(85)	|	5439	
2037	394	ok	|	0.28	1.00	1.00	0.32	0.05	0	|	rapi	0.28	0.32	0	|	85.0	0.32(85)	0.32(85)	|	5439	
2037	395	ok	|	0.28	1.00	1.00	0.31	0.05	0	|	rapi	0.28	0.31	0	|	85.0	0.31(85)	0.31(85)	|	5439	
2037	396	ok	|	0.27	1.00	1.00	0.30	0.05	0	|	rapi	0.27	0.30	0	|	85.0	0.30(85)	0.30(85)	|	5439	
2037	397	ok	|	0.29	1.00	1.00	0.32	0.05	0	|	rapi	0.29	0.32	0	|	85.0	0.32(85)	0.32(85)	|	5439	
2037	398	ok	|	0.28	1.00	1.00	0.33	0.05	0	|	rapi	0.28	0.33	0	|	85.0	0.33(85)	0.33(85)	|	5439	
2037	399	ok	|	0.29	1.00	1.00	0.34	0.06	0	|	rapi	0.29	0.34	0	|	85.0	0.34(85)	0.34(85)	|	5439	
2037	400	ok	|	0.30	1.00	1.00	0.35	0.06	0	|	rapi	0.30	0.35	0	|	85.0	0.35(85)	0.35(85)	|	5439	
2037	401	ok	|	0.29	1.00	1.00	0.34	0.06	0	|	rapi	0.29	0.34	0	|	85.0	0.34(85)	0.34(85)	|	5439	
2037	402	ok	|	0.30	1.00	1.00	0.34	0.06	0	|	rapi	0.30	0.34	0	|	85.0	0.34(85)	0.34(85)	|	5439	
2037	403	ok	|	0.29	1.00	1.00	0.32	0.05	0	|	rapi	0.29	0.32	0	|	85.0	0.32(85)	0.32(85)	|	5439	
2037	404	ok	|	0.28	1.00	1.00	0.31	0.05	0	|	rapi	0.28	0.31	0	|	85.0	0.31(85)	0.31(85)	|	5439	
2037	405	ok	|	0.28	1.00	1.00	0.31	0.05	0	|	rapi	0.28	0.31	0	|	85.0	0.31(85)	0.31(85)	|	5439	
2037	406	ok	|	0.28	1.00	1.00	0.32	0.05	0	|	rapi	0.28	0.32	0	|	85.0	0.32(85)	0.32(85)	|	5439	
2037	407	ok	|	0.27	1.00	1.00	0.31	0.05	0	|	rapi	0.27	0.31	0	|	85.0	0.31(85)	0.31(85)	|	5439	
2037	408	ok	|	0.27	1.00	1.00	0.31	0.05	0	|	rapi	0.27	0.31	0	|	85.0	0.31(85)	0.31(85)	|	5439	
2037	409	ok	|	0.25	1.00	1.00	0.29	0.05	0	|	rapi	0.25	0.29	0	|	85.0	0.29(85)	0.29(85)	|	5439	
2037	410	ok	|	0.27	1.00	1.00	0.31	0.05	0	|	rapi	0.27	0.31	0	|	85.0	0.31(85)	0.31(85)	|	5439	
2037	411	ok	|	0.26	1.00	1.00	0.29	0.05	0	|	rapi	0.26	0.29	0	|	85.0	0.29(85)	0.29(85)	|	5439	
2037	412	ok	|	0.24	1.00	1.00	0.26	0.04	0	|	rapi	0.24	0.26	0	|	85.0	0.26(85)	0.26(85)	|	5439	
2037	413	ok	|	0.23	1.00	1.00	0.25	0.04	0	|	rapi	0.23	0.25	0	|	85.0	0.25(85)	0.25(85)	|	5439	
2037	414	ok	|	0.23	1.00	1.00	0.26	0.04	0	|	rapi	0.23	0.26	0	|	85.0	0.26(85)	0.26(85)	|	5439	
2037	415	ok	|	0.23	1.00	1.00	0.25	0.04	0	|	rapi	0.23	0.25	0	|	85.0	0.25(85)	0.25(85)	|	5439	
2037	416	ok	|	0.25	1.00	1.00	0.27	0.04	0	|	rapi	0.25	0.27	0	|	85.0	0.27(85)	0.27(85)	|	5439	
2037	417	ok	|	0.24	1.00	1.00	0.27	0.04	0	|	rapi	0.24	0.27	0	|	85.0	0.27(85)	0.27(85)	|	5439	
2037	418	ok	|	0.25	1.00	1.00	0.28	0.05	0	|	rapi	0.25	0.28	0	|	85.0	0.28(85)	0.28(85)	|	5439	
2037	419	ok	|	0.26	1.00	1.00	0.28	0.05	0	|	rapi	0.26	0.28	0	|	85.0	0.28(85)	0.28(85)	|	5439	
2037	420	ok	|	0.23	1.00	1.00	0.26	0.04	0	|	rapi	0.23	0.26	0	|	85.0	0.26(85)	0.26(85)	|	5439	
2037	421	ok	|	0.22	1.00	1.00	0.25	0.04	0	|	rapi	0.22	0.25	0	|	85.0	0.25(85)	0.25(85)	|	5439	
2037	422	ok	|	0.23	1.00	1.00	0.25	0.04	0	|	rapi	0.23	0.25	0	|	85.0	0.25(85)	0.25(85)	|	5439	
2037	423	ok	|	0.22	1.00	1.00	0.24	0.04	0	|	rapi	0.22	0.24	0	|	85.0	0.24(85)	0.24(85)	|	5439	
2037	424	ok	|	0.22	1.00	1.00	0.25	0.04	0	|	rapi	0.22	0.25	0	|	85.0	0.25(85)	0.25(85)	|	5439	
2037	425	ok	|	0.23	1.00	1.00	0.26	0.04	0	|	rapi	0.23	0.26	0	|	85.0	0.26(85)	0.26(85)	|	5439	
2037	426	ok	|	0.24	1.00	1.00	0.27	0.04	0	|	rapi	0.24	0.27	0	|	85.0	0.27(85)	0.27(85)	|	5439	
2037	427	ok	|	0.25	1.00	1.00	0.28	0.05	0	|	rapi	0.25	0.28	0	|	85.0	0.28(85)	0.28(85)	|	5439	
2037	428	ok	|	0.24	1.00	1.00	0.28	0.05	0	|	rapi	0.24	0.28	0	|	85.0	0.28(85)	0.28(85)	|	5439	
2037	429	ok	|	0.24	1.00	1.00	0.28	0.05	0	|	rapi	0.24	0.28	0	|	85.0	0.28(85)	0.28(85)	|	5439	
2037	430	ok	|	0.23	1.00	1.00	0.27	0.04	0	|	rapi	0.23	0.27	0	|	85.0	0.27(85)	0.27(85)	|	5439	
2037	431	ok	|	0.23	1.00	1.00	0.27	0.04	0	|	rapi	0.23	0.27	0	|	85.0	0.27(85)	0.27(85)	|	5439	
2037	432	ok	|	0.24	1.00	1.00	0.26	0.04	0	|	rapi	0.24	0.26	0	|	85.0	0.26(85)	0.26(85)	|	5439	
2037	433	ok	|	0.24	1.00	1.00	0.26	0.04	0	|	rapi	0.24	0.26	0	|	85.0	0.26(85)	0.26(85)	|	5439	
2037	434	ok	|	0.24	1.00	1.00	0.27	0.04	0	|	rapi	0.24	0.27	0	|	85.0	0.27(85)	0.27(85)	|	5439	
2037	435	ok	|	0.23	1.00	1.00	0.26	0.04	0	|	rapi	0.23	0.26	0	|	85.0	0.26(85)	0.26(85)	|	5439	
2037	436	ok	|	0.23	1.00	1.00	0.25	0.04	0	|	rapi	0.23	0.25	0	|	85.0	0.25(85)	0.25(85)	|	5439	
2037	437	ok	|	0.23	1.00	1.00	0.26	0.04	0	|	rapi	0.23	0.26	0	|	85.0	0.26(85)	0.26(85)	|	5439	
2037	438	ok	|	0.23	1.00	1.00	0.26	0.04	0	|	rapi	0.23	0.26	0	|	85.0	0.26(85)	0.26(85)	|	5439	
2037	439	ok	|	0.23	1.00	1.00	0.26	0.04	0	|	rapi	0.23	0.26	0	|	85.0	0.26(85)	0.26(85)	|	5439	
2037	440	ok	|	0.23	1.00	1.00	0.26	0.04	0	|	rapi	0.23	0.26	0	|	85.0	0.26(85)	0.26(85)	|	5439	
2037	441	ok	|	0.20	1.00	1.00	0.22	0.04	0	|	rapi	0.20	0.22	0	|	85.0	0.22(85)	0.22(85)	|	5439	
2037	442	ok	|	0.18	1.00	1.00	0.20	0.03	0	|	rapi	0.18	0.20	0	|	85.0	0.20(85)	0.20(85)	|	5439	
2037	443	ok	|	0.18	1.00	1.00	0.20	0.03	0	|	rapi	0.18	0.20	0	|	85.0	0.20(85)	0.20(85)	|	5439	
2037	444	ok	|	0.18	1.00	1.00	0.20	0.03	0	|	rapi	0.18	0.20	0	|	85.0	0.20(85)	0.20(85)	|	5439	
2037	445	ok	|	0.21	1.00	1.00	0.23	0.04	0	|	rapi	0.21	0.23	0	|	85.0	0.23(85)	0.23(85)	|	5439	
2037	446	ok	|	0.17	1.00	1.00	0.19	0.03	0	|	rapi	0.17	0.19	0	|	85.0	0.19(85)	0.19(85)	|	5439	
2037	447	ok	|	0.17	1.00	1.00	0.18	0.03	0	|	rapi	0.17	0.18	0	|	85.0	0.18(85)	0.18(85)	|	5439	
2037	448	ok	|	0.17	1.00	1.00	0.17	0.03	0	|	rapi	0.17	0.17	0	|	85.0	0.17(85)	0.17(85)	|	5439	
2037	449	ok	|	0.15	1.00	1.00	0.16	0.03	0	|	rapi	0.15	0.16	0	|	85.0	0.16(85)	0.16(85)	|	5439	
2037	450	ok	|	0.15	1.00	1.00	0.15	0.03	0	|	rapi	0.15	0.15	0	|	85.0	0.15(85)	0.15(85)	|	5439	
2037	451	ok	|	0.14	1.00	1.00	0.16	0.03	0	|	rapi	0.14	0.16	0	|	85.0	0.16(85)	0.16(85)	|	5439	
2037	452	ok	|	0.14	1.00	1.00	0.15	0.03	0	|	rapi	0.14	0.15	0	|	85.0	0.15(85)	0.15(85)	|	5439	
2037	453	ok	|	0.15	1.00	1.00	0.16	0.03	0	|	rapi	0.15	0.16	0	|	85.0	0.16(85)	0.16(85)	|	5439	
2037	454	ok	|	0.15	1.00	1.00	0.16	0.03	0	|	rapi	0.15	0.16	0	|	85.0	0.16(85)	0.16(85)	|	5439	
2037	455	ok	|	0.16	1.00	1.00	0.17	0.03	0	|	rapi	0.16	0.17	0	|	85.0	0.17(85)	0.17(85)	|	5439	
2037	456	ok	|	0.15	1.00	1.00	0.16	0.03	0	|	rapi	0.15	0.16	0	|	85.0	0.16(85)	0.16(85)	|	5439	
2037	457	ok	|	0.17	1.00	1.00	0.18	0.03	0	|	rapi	0.17	0.18	0	|	85.0	0.18(85)	0.18(85)	|	5439	
2037	458	ok	|	0.17	1.00	1.00	0.18	0.03	0	|	rapi	0.17	0.18	0	|	85.0	0.18(85)	0.18(85)	|	5439	
2037	459	ok	|	0.16	1.00	1.00	0.17	0.03	0	|	rapi	0.16	0.17	0	|	85.0	0.17(85)	0.17(85)	|	5439	
2037	460	ok	|	0.15	1.00	1.00	0.17	0.03	0	|	rapi	0.15	0.17	0	|	85.0	0.17(85)	0.17(85)	|	5439	
2037	461	ok	|	0.18	1.00	1.00	0.19	0.03	0	|	rapi	0.18	0.19	0	|	85.0	0.19(85)	0.19(85)	|	5439	
2037	462	ok	|	0.20	1.00	1.00	0.22	0.04	0	|	rapi	0.20	0.22	0	|	85.0	0.22(85)	0.22(85)	|	5439	
2037	463	ok	|	0.20	1.00	1.00	0.23	0.04	0	|	rapi	0.20	0.23	0	|	85.0	0.23(85)	0.23(85)	|	5439	
2037	464	ok	|	0.18	1.00	1.00	0.20	0.03	0	|	rapi	0.18	0.20	0	|	85.0	0.20(85)	0.20(85)	|	5439	
2037	465	ok	|	0.19	1.00	1.00	0.21	0.03	0	|	rapi	0.19	0.21	0	|	85.0	0.21(85)	0.21(85)	|	5439	
2037	466	ok	|	0.19	1.00	1.00	0.20	0.03	0	|	rapi	0.19	0.20	0	|	85.0	0.20(85)	0.20(85)	|	5439	
2037	467	ok	|	0.19	1.00	1.00	0.20	0.03	0	|	rapi	0.19	0.20	0	|	85.0	0.20(85)	0.20(85)	|	5439	
2037	468	ok	|	0.18	1.00	1.00	0.19	0.03	0	|	rapi	0.18	0.19	0	|	85.0	0.19(85)	0.19(85)	|	5439	
2037	469	ok	|	0.17	1.00	1.00	0.18	0.03	0	|	rapi	0.17	0.18	0	|	85.0	0.18(85)	0.18(85)	|	5439	
2037	470	ok	|	0.17	1.00	1.00	0.18	0.03	0	|	rapi	0.17	0.18	0	|	85.0	0.18(85)	0.18(85)	|	5439	
2037	471	ok	|	0.18	1.00	1.00	0.19	0.03	0	|	rapi	0.18	0.19	0	|	85.0	0.19(85)	0.19(85)	|	5439	
2037	472	ok	|	0.17	1.00	1.00	0.18	0.03	0	|	rapi	0.17	0.18	0	|	85.0	0.18(85)	0.18(85)	|	5439	
2037	473	ok	|	0.16	1.00	1.00	0.17	0.03	0	|	rapi	0.16	0.17	0	|	85.0	0.17(85)	0.17(85)	|	5439	
2037	474	ok	|	0.16	1.00	1.00	0.17	0.03	0	|	rapi	0.16	0.17	0	|	85.0	0.17(85)	0.17(85)	|	5439	
2037	475	ok	|	0.16	1.00	1.00	0.18	0.03	0	|	rapi	0.16	0.18	0	|	85.0	0.18(85)	0.18(85)	|	5439	
2037	476	ok	|	0.15	1.00	1.00	0.16	0.03	0	|	rapi	0.15	0.16	0	|	85.0	0.16(85)	0.16(85)	|	5439	
2037	477	ok	|	0.15	1.00	1.00	0.15	0.03	0	|	rapi	0.15	0.15	0	|	85.0	0.15(85)	0.15(85)	|	5439	
2037	478	ok	|	0.16	1.00	1.00	0.17	0.03	0	|	rapi	0.16	0.17	0	|	85.0	0.17(85)	0.17(85)	|	5439	
2037	479	ok	|	0.17	1.00	1.00	0.17	0.03	0	|	rapi	0.17	0.17	0	|	85.0	0.17(85)	0.17(85)	|	5439	
2037	480	ok	|	0.15	1.00	1.00	0.16	0.03	0	|	rapi	0.15	0.16	0	|	85.0	0.16(85)	0.16(85)	|	5439	
2037	481	ok	|	0.15	1.00	1.00	0.16	0.03	0	|	rapi	0.15	0.16	0	|	85.0	0.16(85)	0.16(85)	|	5439	
2037	482	ok	|	0.15	1.00	1.00	0.16	0.03	0	|	rapi	0.15	0.16	0	|	85.0	0.16(85)	0.16(85)	|	5439	
2037	483	ok	|	0.14	1.00	1.00	0.16	0.03	0	|	rapi	0.14	0.16	0	|	85.0	0.16(85)	0.16(85)	|	5439	
2037	484	ok	|	0.15	1.00	1.00	0.16	0.03	0	|	rapi	0.15	0.16	0	|	85.0	0.16(85)	0.16(85)	|	5439	
2037	485	ok	|	0.18	1.00	1.00	0.18	0.03	0	|	rapi	0.18	0.18	0	|	85.0	0.18(85)	0.18(85)	|	5439	
2037	486	ok	|	0.15	1.00	1.00	0.16	0.03	0	|	rapi	0.15	0.16	0	|	85.0	0.16(85)	0.16(85)	|	5439	
2037	487	ok	|	0.16	1.00	1.00	0.17	0.03	0	|	rapi	0.16	0.17	0	|	85.0	0.17(85)	0.17(85)	|	5439	
2037	488	ok	|	0.16	1.00	1.00	0.17	0.03	0	|	rapi	0.16	0.17	0	|	85.0	0.17(85)	0.17(85)	|	5439	
2037	489	ok	|	0.17	1.00	1.00	0.18	0.03	0	|	rapi	0.17	0.18	0	|	85.0	0.18(85)	0.18(85)	|	5439	
2037	490	ok	|	0.16	1.00	1.00	0.17	0.03	0	|	rapi	0.16	0.17	0	|	85.0	0.17(85)	0.17(85)	|	5439	
2037	491	ok	|	0.14	1.00	1.00	0.15	0.02	0	|	rapi	0.14	0.15	0	|	85.0	0.15(85)	0.15(85)	|	5439	
2037	492	ok	|	0.16	1.00	1.00	0.16	0.03	0	|	rapi	0.16	0.16	0	|	85.0	0.16(85)	0.16(85)	|	5439	
2037	493	ok	|	0.14	1.00	1.00	0.15	0.03	0	|	rapi	0.14	0.15	0	|	85.0	0.15(85)	0.15(85)	|	5439	
2037	494	ok	|	0.14	1.00	1.00	0.15	0.03	0	|	rapi	0.14	0.15	0	|	85.0	0.15(85)	0.15(85)	|	5439	
2037	495	ok	|	0.14	1.00	1.00	0.15	0.02	0	|	rapi	0.14	0.15	0	|	85.0	0.15(85)	0.15(85)	|	5439	
2037	496	ok	|	0.16	1.00	1.00	0.17	0.03	0	|	rapi	0.16	0.17	0	|	85.0	0.17(85)	0.17(85)	|	5439	
2037	497	ok	|	0.15	1.00	1.00	0.15	0.03	0	|	rapi	0.15	0.15	0	|	85.0	0.15(85)	0.15(85)	|	5439	
2037	498	ok	|	0.15	1.00	1.00	0.16	0.03	0	|	rapi	0.15	0.16	0	|	85.0	0.16(85)	0.16(85)	|	5439	
2037	499	ok	|	0.15	1.00	1.00	0.16	0.03	0	|	rapi	0.15	0.16	0	|	85.0	0.16(85)	0.16(85)	|	5439	
2037	500	ok	|	0.15	1.00	1.00	0.16	0.03	0	|	rapi	0.15	0.16	0	|	85.0	0.16(85)	0.16(85)	|	5439	
2037	501	ok	|	0.16	1.00	1.00	0.17	0.03	0	|	rapi	0.16	0.17	0	|	85.0	0.17(85)	0.17(85)	|	5439	
2037	502	ok	|	0.17	1.00	1.00	0.19	0.03	0	|	rapi	0.17	0.19	0	|	85.0	0.19(85)	0.19(85)	|	5439	
2037	503	ok	|	0.16	1.00	1.00	0.17	0.03	0	|	rapi	0.16	0.17	0	|	85.0	0.17(85)	0.17(85)	|	5439	
2037	504	ok	|	0.15	1.00	1.00	0.17	0.04	0	|	rapi	0.15	0.17	0	|	85.0	0.17(85)	0.17(85)	|	5439	
2037	505	ok	|	0.15	1.00	1.00	0.16	0.04	0	|	rapi	0.15	0.16	0	|	85.0	0.16(85)	0.16(85)	|	5439	
2037	506	ok	|	0.16	1.00	1.00	0.17	0.04	0	|	rapi	0.16	0.17	0	|	85.0	0.17(85)	0.17(85)	|	5439	
2037	507	ok	|	0.15	1.00	1.00	0.15	0.04	0	|	rapi	0.15	0.15	0	|	85.0	0.15(85)	0.15(85)	|	5439	
2037	508	ok	|	0.15	1.00	1.00	0.16	0.04	0	|	rapi	0.15	0.16	0	|	85.0	0.16(85)	0.16(85)	|	5439	
2037	509	ok	|	0.15	1.00	1.00	0.17	0.04	0	|	rapi	0.15	0.17	0	|	85.0	0.17(85)	0.17(85)	|	5439	
2037	510	ok	|	0.15	1.00	1.00	0.16	0.04	0	|	rapi	0.15	0.16	0	|	85.0	0.16(85)	0.16(85)	|	5439	
2037	511	ok	|	0.15	1.00	1.00	0.16	0.04	0	|	rapi	0.15	0.16	0	|	85.0	0.16(85)	0.16(85)	|	5439	
2037	512	ok	|	0.18	1.00	1.00	0.18	0.05	0	|	rapi	0.18	0.18	0	|	85.0	0.18(85)	0.18(85)	|	5439	
2037	513	ok	|	0.17	1.00	1.00	0.18	0.05	0	|	rapi	0.17	0.18	0	|	85.0	0.18(85)	0.18(85)	|	5439	
2037	514	ok	|	0.17	1.00	1.00	0.18	0.05	0	|	rapi	0.17	0.18	0	|	85.0	0.18(85)	0.18(85)	|	5439	
2037	515	ok	|	0.18	1.00	1.00	0.19	0.05	0	|	rapi	0.18	0.19	0	|	85.0	0.19(85)	0.19(85)	|	5439	
2037	516	ok	|	0.18	1.00	1.00	0.19	0.05	0	|	rapi	0.18	0.19	0	|	85.0	0.19(85)	0.19(85)	|	5439	
2037	517	ok	|	0.17	1.00	1.00	0.18	0.04	0	|	rapi	0.17	0.18	0	|	85.0	0.18(85)	0.18(85)	|	5439	
2037	518	ok	|	0.17	1.00	1.00	0.17	0.04	0	|	rapi	0.17	0.17	0	|	85.0	0.17(85)	0.17(85)	|	5439	
2037	519	ok	|	0.18	1.00	1.00	0.19	0.05	0	|	rapi	0.18	0.19	0	|	85.0	0.19(85)	0.19(85)	|	5439	
2037	520	ok	|	0.18	1.00	1.00	0.18	0.05	0	|	rapi	0.18	0.18	0	|	85.0	0.18(85)	0.18(85)	|	5439	
2037	521	ok	|	0.17	1.00	1.00	0.18	0.05	0	|	rapi	0.17	0.18	0	|	85.0	0.18(85)	0.18(85)	|	5439	
2037	522	ok	|	0.17	1.00	1.00	0.17	0.04	0	|	rapi	0.17	0.17	0	|	85.0	0.17(85)	0.17(85)	|	5439	
2037	523	ok	|	0.15	1.00	1.00	0.16	0.04	0	|	rapi	0.15	0.16	0	|	85.0	0.16(85)	0.16(85)	|	5439	
2037	524	ok	|	0.17	1.00	1.00	0.18	0.05	0	|	rapi	0.17	0.18	0	|	85.0	0.18(85)	0.18(85)	|	5439	
2037	525	ok	|	0.17	1.00	1.00	0.18	0.05	0	|	rapi	0.17	0.18	0	|	85.0	0.18(85)	0.18(85)	|	5439	
2037	526	ok	|	0.16	1.00	1.00	0.18	0.04	0	|	rapi	0.16	0.18	0	|	85.0	0.18(85)	0.18(85)	|	5439	
2037	527	ok	|	0.18	1.00	1.00	0.20	0.05	0	|	rapi	0.18	0.20	0	|	85.0	0.20(85)	0.20(85)	|	5439	
2037	528	ok	|	0.20	1.00	1.00	0.21	0.05	0	|	rapi	0.20	0.21	0	|	85.0	0.21(85)	0.21(85)	|	5439	
2037	529	ok	|	0.21	1.00	1.00	0.23	0.06	0	|	rapi	0.21	0.23	0	|	85.0	0.23(85)	0.23(85)	|	5439	
2037	530	ok	|	0.23	1.00	1.00	0.25	0.06	0	|	rapi	0.23	0.25	0	|	85.0	0.25(85)	0.25(85)	|	5439	
2037	531	ok	|	0.21	1.00	1.00	0.23	0.06	0	|	rapi	0.21	0.23	0	|	85.0	0.23(85)	0.23(85)	|	5439	
2037	532	ok	|	0.22	1.00	1.00	0.24	0.06	0	|	rapi	0.22	0.24	0	|	85.0	0.24(85)	0.24(85)	|	5439	
2037	533	ok	|	0.20	1.00	1.00	0.22	0.06	0	|	rapi	0.20	0.22	0	|	85.0	0.22(85)	0.22(85)	|	5439	
2037	534	ok	|	0.19	1.00	1.00	0.20	0.05	0	|	rapi	0.19	0.20	0	|	85.0	0.20(85)	0.20(85)	|	5439	
2037	535	ok	|	0.17	1.00	1.00	0.19	0.05	0	|	rapi	0.17	0.19	0	|	85.0	0.19(85)	0.19(85)	|	5439	
2037	536	ok	|	0.17	1.00	1.00	0.17	0.04	0	|	rapi	0.17	0.17	0	|	85.0	0.17(85)	0.17(85)	|	5439	
2037	537	ok	|	0.13	1.00	1.00	0.14	0.03	0	|	rapi	0.13	0.14	0	|	85.0	0.14(85)	0.14(85)	|	5439	
2037	538	ok	|	0.12	1.00	1.00	0.12	0.03	0	|	rapi	0.12	0.12	0	|	85.0	0.12(85)	0.12(85)	|	5439	
2037	539	ok	|	0.13	1.00	1.00	0.13	0.03	0	|	rapi	0.13	0.13	0	|	85.0	0.13(85)	0.13(85)	|	5439	
2037	540	ok	|	0.13	1.00	1.00	0.13	0.03	0	|	rapi	0.13	0.13	0	|	85.0	0.13(85)	0.13(85)	|	5439	
2037	541	ok	|	0.12	1.00	1.00	0.13	0.03	0	|	rapi	0.12	0.13	0	|	85.0	0.13(85)	0.13(85)	|	5439	
2037	542	ok	|	0.13	1.00	1.00	0.13	0.03	0	|	rapi	0.13	0.13	0	|	85.0	0.13(85)	0.13(85)	|	5439	
2037	543	ok	|	0.13	1.00	1.00	0.14	0.03	0	|	rapi	0.13	0.14	0	|	85.0	0.14(85)	0.14(85)	|	5439	
2037	544	ok	|	0.13	1.00	1.00	0.13	0.03	0	|	rapi	0.13	0.13	0	|	85.0	0.13(85)	0.13(85)	|	5439	
2037	545	ok	|	0.10	1.00	1.00	0.11	0.03	0	|	rapi	0.10	0.11	0	|	85.0	0.11(85)	0.11(85)	|	5439	
2037	546	ok	|	0.11	1.00	1.00	0.12	0.03	0	|	rapi	0.11	0.12	0	|	85.0	0.12(85)	0.12(85)	|	5439	
2037	547	ok	|	0.11	1.00	1.00	0.12	0.03	0	|	rapi	0.11	0.12	0	|	85.0	0.12(85)	0.12(85)	|	5439	
2037	548	ok	|	0.10	1.00	1.00	0.10	0.03	0	|	rapi	0.10	0.10	0	|	85.0	0.10(85)	0.10(85)	|	5439	
2037	549	ok	|	0.11	1.00	1.00	0.12	0.03	0	|	rapi	0.11	0.12	0	|	85.0	0.12(85)	0.12(85)	|	5439	
2037	550	ok	|	0.11	1.00	1.00	0.11	0.03	0	|	rapi	0.11	0.11	0	|	85.0	0.11(85)	0.11(85)	|	5439	
2037	551	ok	|	0.11	1.00	1.00	0.12	0.03	0	|	rapi	0.11	0.12	0	|	85.0	0.12(85)	0.12(85)	|	5439	
2037	552	ok	|	0.11	1.00	1.00	0.11	0.03	0	|	rapi	0.11	0.11	0	|	85.0	0.11(85)	0.11(85)	|	5439	
2037	553	ok	|	0.10	1.00	1.00	0.11	0.03	0	|	rapi	0.10	0.11	0	|	85.0	0.11(85)	0.11(85)	|	5439	
2037	554	ok	|	0.10	1.00	1.00	0.11	0.03	0	|	rapi	0.10	0.11	0	|	85.0	0.11(85)	0.11(85)	|	5439	
2037	555	ok	|	0.10	1.00	1.00	0.10	0.03	0	|	rapi	0.10	0.10	0	|	85.0	0.10(85)	0.10(85)	|	5439	
2037	556	ok	|	0.10	1.00	1.00	0.10	0.03	0	|	rapi	0.10	0.10	0	|	85.0	0.10(85)	0.10(85)	|	5439	
2037	557	ok	|	0.09	1.00	1.00	0.10	0.02	0	|	rapi	0.09	0.10	0	|	85.0	0.10(85)	0.10(85)	|	5439	
2037	558	ok	|	0.10	1.00	1.00	0.10	0.02	0	|	rapi	0.10	0.10	0	|	85.0	0.10(85)	0.10(85)	|	5439	
2037	559	ok	|	0.09	1.00	1.00	0.09	0.02	0	|	rapi	0.09	0.09	0	|	85.0	0.09(85)	0.09(85)	|	5439	
2037	560	ok	|	0.08	1.00	1.00	0.08	0.02	0	|	rapi	0.08	0.08	0	|	85.0	0.08(85)	0.08(85)	|	5439	
2037	561	ok	|	0.06	1.00	1.00	0.06	0.02	0	|	rapi	0.06	0.06	0	|	85.0	0.06(85)	0.06(85)	|	5439	
2037	562	ok	|	0.06	1.00	1.00	0.06	0.01	0	|	rapi	0.06	0.06	0	|	85.0	0.06(85)	0.06(85)	|	5439	
2037	563	ok	|	0.06	1.00	1.00	0.06	0.01	0	|	rapi	0.06	0.06	0	|	85.0	0.06(85)	0.06(85)	|	5439	
2037	564	ok	|	0.05	1.00	1.00	0.05	0.01	0	|	rapi	0.05	0.05	0	|	85.0	0.05(85)	0.05(85)	|	5439	
2037	565	ok	|	0.05	1.00	1.00	0.05	0.01	0	|	rapi	0.05	0.05	0	|	85.0	0.05(85)	0.05(85)	|	5439	
2037	566	ok	|	0.05	1.00	1.00	0.05	0.01	0	|	rapi	0.05	0.05	0	|	85.0	0.05(85)	0.05(85)	|	5439	
2037	567	ok	|	0.05	1.00	1.00	0.05	0.01	0	|	rapi	0.05	0.05	0	|	85.0	0.05(85)	0.05(85)	|	5439	
2037	568	ok	|	0.06	1.00	1.00	0.06	0.01	0	|	rapi	0.06	0.06	0	|	85.0	0.06(85)	0.06(85)	|	5439	
2037	569	ok	|	0.06	1.00	1.00	0.06	0.01	0	|	rapi	0.06	0.06	0	|	85.0	0.06(85)	0.06(85)	|	5439	
2037	570	ok	|	0.05	1.00	1.00	0.05	0.01	0	|	rapi	0.05	0.05	0	|	85.0	0.05(85)	0.05(85)	|	5439	
2037	571	ok	|	0.04	1.00	1.00	0.04	0.01	0	|	rapi	0.04	0.04	0	|	85.0	0.04(85)	0.04(85)	|	5439	
2037	572	ok	|	0.04	1.00	1.00	0.04	0.01	0	|	rapi	0.04	0.04	0	|	85.0	0.04(85)	0.04(85)	|	5439	
2037	573	ok	|	0.04	1.00	1.00	0.04	0.01	0	|	rapi	0.04	0.04	0	|	85.0	0.04(85)	0.04(85)	|	5439	
2037	574	ok	|	0.04	1.00	1.00	0.04	0.01	0	|	rapi	0.04	0.04	0	|	85.0	0.04(85)	0.04(85)	|	5439	
2037	575	ok	|	0.04	1.00	1.00	0.04	0.01	0	|	rapi	0.04	0.04	0	|	85.0	0.04(85)	0.04(85)	|	5439	
2037	576	ok	|	0.04	1.00	1.00	0.04	0.01	0	|	rapi	0.04	0.04	0	|	85.0	0.04(85)	0.04(85)	|	5439	
2037	577	ok	|	0.03	1.00	1.00	0.03	0.01	0	|	rapi	0.03	0.03	0	|	85.0	0.03(85)	0.03(85)	|	5439	
2037	578	ok	|	0.04	1.00	1.00	0.04	0.01	0	|	rapi	0.04	0.04	0	|	85.0	0.04(85)	0.04(85)	|	5439	
2037	579	ok	|	0.04	1.00	1.00	0.04	0.01	0	|	rapi	0.04	0.04	0	|	85.0	0.04(85)	0.04(85)	|	5439	
2037	580	ok	|	0.04	1.00	1.00	0.04	0.01	0	|	rapi	0.04	0.04	0	|	85.0	0.04(85)	0.04(85)	|	5439	
2037	581	ok	|	0.04	1.00	1.00	0.04	0.01	0	|	rapi	0.04	0.04	0	|	85.0	0.04(85)	0.04(85)	|	5439	
2037	582	ok	|	0.04	1.00	1.00	0.04	0.01	0	|	rapi	0.04	0.04	0	|	85.0	0.04(85)	0.04(85)	|	5439	
2037	583	ok	|	0.04	1.00	1.00	0.04	0.01	0	|	rapi	0.04	0.04	0	|	85.0	0.04(85)	0.04(85)	|	5439	
2037	584	ok	|	0.04	1.00	1.00	0.04	0.01	0	|	rapi	0.04	0.04	0	|	85.0	0.04(85)	0.04(85)	|	5439	
2037	585	ok	|	0.04	1.00	1.00	0.04	0.01	0	|	rapi	0.04	0.04	0	|	85.0	0.04(85)	0.04(85)	|	5439	
2037	586	ok	|	0.04	1.00	1.00	0.04	0.01	0	|	rapi	0.04	0.04	0	|	85.0	0.04(85)	0.04(85)	|	5439	
2037	587	ok	|	0.04	1.00	1.00	0.04	0.01	0	|	rapi	0.04	0.04	0	|	85.0	0.04(85)	0.04(85)	|	5439	
2037	588	ok	|	0.03	1.00	1.00	0.03	0.01	0	|	rapi	0.03	0.03	0	|	85.0	0.03(85)	0.03(85)	|	5439	
2037	589	ok	|	0.02	1.00	1.00	0.02	0.01	0	|	rapi	0.02	0.02	0	|	85.0	0.02(85)	0.02(85)	|	5439	
2037	590	ok	|	0.02	1.00	1.00	0.02	0.01	0	|	rapi	0.02	0.02	0	|	85.0	0.02(85)	0.02(85)	|	5439	
2037	591	ok	|	0.02	1.00	1.00	0.02	0.01	0	|	rapi	0.02	0.02	0	|	85.0	0.02(85)	0.02(85)	|	5439	
2037	592	ok	|	0.01	1.00	1.00	0.01	0.00	0	|	rapi	0.01	0.01	0	|	85.0	0.01(85)	0.01(85)	|	5439	
2037	593	ok	|	0.01	1.00	1.00	0.01	0.00	0	|	rapi	0.01	0.01	0	|	85.0	0.01(85)	0.01(85)	|	5439	
2037	594	ok	|	0.01	1.00	1.00	0.01	0.00	0	|	rapi	0.01	0.01	0	|	85.0	0.01(85)	0.01(85)	|	5439	
2037	595	ok	|	0.01	1.00	1.00	0.01	0.00	0	|	rapi	0.01	0.01	0	|	85.0	0.01(85)	0.01(85)	|	5439	
2037	596	ok	|	0.01	1.00	1.00	0.01	0.00	0	|	rapi	0.01	0.01	0	|	85.0	0.01(85)	0.01(85)	|	5439	
2037	597	ok	|	0.01	1.00	1.00	0.01	0.00	0	|	rapi	0.01	0.01	0	|	85.0	0.01(85)	0.01(85)	|	5439	
2037	598	ok	|	0.01	1.00	1.00	0.01	0.00	0	|	rapi	0.01	0.01	0	|	85.0	0.01(85)	0.01(85)	|	5439	
2037	599	ok	|	0.01	1.00	1.00	0.01	0.00	0	|	rapi	0.01	0.01	0	|	85.0	0.01(85)	0.01(85)	|	5439	
2037	600	ok	|	0.00	1.00	1.00	0.00	0.00	0	|	rapi	0.00	0.00	0	|	85.0	0.00(85)	0.00(85)	|	5439	
2037	601	ok	|	0.00	1.00	1.00	0.00	0.00	0	|	rapi	0.00	0.00	0	|	85.0	0.00(85)	0.00(85)	|	5439	
2037	602	fail-0	|	0.00	1.00	1.00	0.00	NaN	0	|	rapi	0.00	0.00	0	|	NaN			|	5439	
