2085	0	ok	|	0.10	1.00	1.00	0.10	0.00	0	|	rapi	0.00	0.00	0	|	-20.0	0.10(-20)		|	4	
2085	1	ok	|	0.11	1.00	1.00	0.13	0.00	0	|	rapi	0.00	0.00	0	|	-20.0	0.13(-20)		|	4	
2085	2	ok	|	0.12	1.00	1.00	0.14	0.00	0	|	rapi	0.00	0.00	0	|	-20.0	0.14(-20)		|	4	
2085	3	ok	|	0.12	1.00	1.00	0.14	0.00	0	|	rapi	0.00	0.00	0	|	-20.0	0.14(-20)		|	4	
2085	4	ok	|	0.14	1.00	1.00	0.18	0.00	0	|	rapi	0.00	0.00	0	|	-20.0	0.18(-20)		|	4	
2085	5	ok	|	0.17	1.00	1.00	0.23	0.00	0	|	rapi	0.00	0.00	0	|	-20.0	0.23(-20)		|	4	
2085	6	ok	|	0.21	1.00	1.00	0.30	0.00	0	|	rapi	0.00	0.00	0	|	-20.0	0.30(-20)		|	4	
2085	7	ok	|	0.24	1.00	1.00	0.35	0.00	0	|	rapi	0.00	0.00	0	|	-20.0	0.35(-20)		|	4	
2085	8	ok	|	0.26	1.00	1.00	0.40	0.00	0	|	rapi	0.00	0.00	0	|	-20.0	0.40(-20)		|	4	
2085	9	ok	|	0.29	1.00	1.00	0.47	0.00	0	|	rapi	0.00	0.00	0	|	-20.0	0.47(-20)		|	4	
2085	10	ok	|	0.34	0.99	0.99	0.59	0.00	0	|	rapi	0.00	0.00	0	|	-20.0	0.59(-20)		|	4	
2085	11	ok	|	0.39	0.99	0.99	0.72	0.00	0	|	rapi	0.00	0.00	0	|	-20.0	0.72(-20)		|	4	
2085	12	ok	|	0.46	0.99	0.99	0.82	0.00	0	|	rapi	0.00	0.00	0	|	-20.0	0.82(-20)		|	4	
2085	13	ok	|	0.54	0.99	0.99	1.01	0.00	0	|	rapi	0.00	0.00	0	|	-20.0	1.01(-20)		|	4	
2085	14	ok	|	0.60	0.99	0.99	1.20	0.00	0	|	rapi	0.00	0.00	0	|	-20.0	1.20(-20)		|	4	
2085	15	ok	|	0.67	0.99	0.99	1.43	0.00	0	|	rapi	0.00	0.00	0	|	-20.0	1.43(-20)		|	4	
2085	16	ok	|	0.73	0.98	0.98	1.68	0.00	0	|	rapi	0.00	0.00	0	|	-20.0	1.68(-20)		|	4	
2085	17	ok	|	0.76	0.98	0.98	1.91	0.00	0	|	rapi	0.00	0.00	0	|	-20.0	1.91(-20)		|	4	
2085	18	ok	|	0.80	0.98	0.98	2.19	0.00	0	|	rapi	0.00	0.00	0	|	-20.0	2.19(-20)		|	4	
2085	19	ok	|	0.83	0.98	0.98	2.46	0.00	0	|	rapi	0.00	0.00	0	|	-20.0	2.46(-20)		|	4	
2085	20	ok	|	0.88	0.97	0.97	2.98	0.00	0	|	rapi	0.00	0.00	0	|	-20.0	2.98(-20)		|	4	
2085	21	ok	|	0.93	0.96	0.96	3.66	0.00	0	|	rapi	0.00	0.00	0	|	-20.0	3.66(-20)		|	4	
2085	22	ok	|	0.96	0.96	0.96	4.32	0.00	0	|	rapi	0.00	0.00	0	|	-20.0	4.32(-20)		|	4	
2085	23	ok	|	0.98	0.95	0.95	5.01	0.00	0	|	rapi	0.00	0.00	0	|	-20.0	5.01(-20)		|	4	
2085	24	ok	|	0.99	0.94	0.94	5.75	0.00	0	|	rapi	0.00	0.00	0	|	-20.0	5.75(-20)		|	4	
2085	25	ok	|	1.00	0.93	0.93	6.85	0.00	0	|	rapi	0.00	0.00	0	|	-20.0	6.85(-20)		|	4	
2085	26	ok	|	1.00	0.92	0.92	7.93	0.00	0	|	rapi	0.00	0.00	0	|	-20.0	7.93(-20)	0.00(-20)	|	4	
2085	27	ok	|	1.00	0.91	0.91	9.33	0.00	0	|	rapi	0.00	0.00	0	|	-20.0	9.33(-20)	0.00(-20)	|	4	
2085	28	ok	|	1.00	0.89	0.89	11.15	0.00	0	|	rapi	0.00	0.00	0	|	-20.0	11.15(-20)	0.00(-20)	|	4	
2085	29	ok	|	1.00	0.87	0.87	13.21	0.00	0	|	rapi	0.00	0.00	0	|	-20.0	13.21(-20)	0.00(-20)	|	4	
2085	30	ok	|	1.00	0.84	0.84	15.63	0.00	0	|	rapi	0.01	0.01	0	|	-20.0	15.63(-20)	0.01(-20)	|	4	
2085	31	ok	|	1.00	0.82	0.82	18.41	0.00	0	|	rapi	0.01	0.01	0	|	-20.0	18.41(-20)	0.01(-20)	|	4	
2085	32	ok	|	1.00	0.78	0.78	21.51	0.00	0	|	rapi	0.00	0.00	0	|	-20.0	21.51(-20)	0.00(-20)	|	4	
2085	33	ok	|	1.00	0.75	0.75	25.30	0.00	0	|	rapi	0.01	0.01	0	|	-20.0	25.30(-20)	0.01(-20)	|	4	
2085	34	ok	|	1.00	0.70	0.70	29.68	0.00	0	|	rapi	0.01	0.01	0	|	-20.0	29.68(-20)	0.01(-20)	|	4	
2085	35	ok	|	1.00	0.65	0.65	34.67	0.00	0	|	rapi	0.01	0.01	0	|	-20.0	34.67(-20)	0.01(-20)	|	4	
2085	36	ok	|	1.00	0.59	0.59	40.62	0.00	0	|	rapi	0.01	0.01	0	|	-20.0	40.62(-20)	0.01(-20)	|	4	
2085	37	ok	|	1.00	0.53	0.53	47.22	0.00	0	|	rapi	0.01	0.01	0	|	-20.0	47.22(-20)	0.01(-20)	|	4	
2085	38	ok	|	1.00	0.45	0.45	54.57	0.00	0	|	rapi	0.01	0.01	0	|	-20.0	54.57(-20)	0.01(-20)	|	4	
2085	39	ok	|	1.00	0.37	0.37	62.83	0.00	0	|	rapi	0.02	0.02	0	|	-20.0	62.83(-20)	0.02(-20)	|	4	
2085	40	ok	|	1.00	0.28	0.28	71.80	0.00	0	|	rapi	0.03	0.03	0	|	-20.0	71.80(-20)	0.03(-20)	|	4	
2085	41	ok	|	1.00	0.20	0.20	80.71	0.00	0	|	rapi	0.04	0.04	0	|	-20.0	80.71(-20)	0.04(-20)	|	4	
2085	42	ok	|	1.00	0.12	0.12	88.67	0.00	0	|	rapi	0.07	0.07	0	|	-20.0	88.67(-20)	0.07(-20)	|	4	
2085	43	fail-w	|	1.00	0.08	0.08	94.28	0.00	0	|	rapi	0.13	0.13	0	|	-20.0	94.28(-20)	0.13(-20)	|	4	
