2092	0	ok	|	0.10	1.00	1.00	0.10	0.00	0	|	rapi	0.00	0.00	0	|	14.0	0.10(14)		|	4	
2092	1	ok	|	0.10	1.00	1.00	0.12	0.00	0	|	rapi	0.00	0.00	0	|	14.0	0.12(14)		|	4	
2092	2	ok	|	0.14	1.00	1.00	0.17	0.00	0	|	rapi	0.00	0.00	0	|	14.0	0.17(14)		|	4	
2092	3	ok	|	0.15	1.00	1.00	0.19	0.00	0	|	rapi	0.00	0.00	0	|	14.0	0.19(14)		|	4	
2092	4	ok	|	0.17	1.00	1.00	0.21	0.00	0	|	rapi	0.00	0.00	0	|	14.0	0.21(14)		|	4	
2092	5	ok	|	0.18	1.00	1.00	0.23	0.00	0	|	rapi	0.00	0.00	0	|	14.0	0.23(14)		|	4	
2092	6	ok	|	0.20	1.00	1.00	0.28	0.00	0	|	rapi	0.00	0.00	0	|	14.0	0.28(14)		|	4	
2092	7	ok	|	0.21	1.00	1.00	0.32	0.00	0	|	rapi	0.00	0.00	0	|	14.0	0.32(14)		|	4	
2092	8	ok	|	0.25	1.00	1.00	0.37	0.00	0	|	rapi	0.00	0.00	0	|	14.0	0.37(14)		|	4	
2092	9	ok	|	0.29	1.00	1.00	0.43	0.00	0	|	rapi	0.00	0.00	0	|	14.0	0.43(14)		|	4	
2092	10	ok	|	0.32	1.00	1.00	0.49	0.00	0	|	rapi	0.00	0.00	0	|	14.0	0.49(14)		|	4	
2092	11	ok	|	0.38	0.99	0.99	0.63	0.00	0	|	rapi	0.00	0.00	0	|	14.0	0.63(14)		|	4	
2092	12	ok	|	0.40	0.99	0.99	0.67	0.00	0	|	rapi	0.00	0.00	0	|	14.0	0.67(14)		|	4	
2092	13	ok	|	0.44	0.99	0.99	0.76	0.00	0	|	rapi	0.00	0.00	0	|	14.0	0.76(14)		|	4	
2092	14	ok	|	0.50	0.99	0.99	0.94	0.00	0	|	rapi	0.00	0.00	0	|	14.0	0.94(14)	0.00(14)	|	4	
2092	15	ok	|	0.53	0.99	0.99	1.02	0.00	0	|	rapi	0.00	0.00	0	|	14.0	1.02(14)	0.00(14)	|	4	
2092	16	ok	|	0.59	0.99	0.99	1.28	0.00	0	|	rapi	0.00	0.00	0	|	14.0	1.28(14)		|	4	
2092	17	ok	|	0.67	0.98	0.98	1.51	0.00	0	|	rapi	0.00	0.00	0	|	14.0	1.51(14)		|	4	
2092	18	ok	|	0.75	0.98	0.98	1.80	0.00	0	|	rapi	0.00	0.00	0	|	14.0	1.80(14)	0.00(14)	|	4	
2092	19	ok	|	0.79	0.98	0.98	2.07	0.00	0	|	rapi	0.00	0.00	0	|	14.0	2.07(14)	0.00(14)	|	4	
2092	20	ok	|	0.83	0.98	0.98	2.40	0.00	0	|	rapi	0.00	0.00	0	|	14.0	2.40(14)		|	4	
2092	21	ok	|	0.89	0.97	0.97	2.89	0.00	0	|	rapi	0.00	0.00	0	|	14.0	2.89(14)		|	4	
2092	22	ok	|	0.93	0.97	0.97	3.40	0.00	0	|	rapi	0.00	0.00	0	|	14.0	3.40(14)		|	4	
2092	23	ok	|	0.94	0.96	0.96	3.98	0.00	0	|	rapi	0.00	0.00	0	|	14.0	3.98(14)		|	4	
2092	24	ok	|	0.96	0.95	0.95	4.60	0.00	0	|	rapi	0.00	0.00	0	|	14.0	4.60(14)		|	4	
2092	25	ok	|	0.99	0.95	0.95	5.32	0.00	0	|	rapi	0.00	0.00	0	|	14.0	5.32(14)	0.00(14)	|	4	
2092	26	ok	|	0.99	0.94	0.94	6.43	0.00	0	|	rapi	0.00	0.00	0	|	14.0	6.43(14)		|	4	
2092	27	ok	|	1.00	0.92	0.92	7.73	0.00	0	|	rapi	0.00	0.00	0	|	14.0	7.73(14)	0.00(14)	|	4	
2092	28	ok	|	1.00	0.91	0.91	9.12	0.00	0	|	rapi	0.00	0.00	0	|	14.0	9.12(14)	0.00(14)	|	4	
2092	29	ok	|	1.00	0.89	0.89	10.64	0.00	0	|	rapi	0.01	0.01	0	|	14.0	10.64(14)	0.01(14)	|	4	
2092	30	ok	|	1.00	0.88	0.88	12.47	0.00	0	|	rapi	0.01	0.01	0	|	14.0	12.47(14)	0.01(14)	|	4	
2092	31	ok	|	1.00	0.85	0.85	14.85	0.00	0	|	rapi	0.00	0.00	0	|	14.0	14.85(14)	0.00(14)	|	4	
2092	32	ok	|	1.00	0.83	0.83	17.45	0.00	0	|	rapi	0.00	0.00	0	|	14.0	17.45(14)	0.00(14)	|	4	
2092	33	ok	|	1.00	0.79	0.79	20.57	0.00	0	|	rapi	0.00	0.00	0	|	14.0	20.57(14)	0.00(14)	|	4	
2092	34	ok	|	1.00	0.76	0.76	24.28	0.00	0	|	rapi	0.00	0.00	0	|	14.0	24.28(14)	0.00(14)	|	4	
2092	35	ok	|	1.00	0.71	0.71	28.54	0.00	0	|	rapi	0.00	0.00	0	|	14.0	28.54(14)	0.00(14)	|	4	
2092	36	ok	|	1.00	0.66	0.66	33.76	0.00	0	|	rapi	0.01	0.01	0	|	14.0	33.76(14)	0.01(14)	|	4	
2092	37	ok	|	1.00	0.61	0.61	39.11	0.00	0	|	rapi	0.02	0.02	0	|	14.0	39.11(14)	0.02(14)	|	4	
2092	38	ok	|	1.00	0.54	0.54	45.95	0.00	0	|	rapi	0.01	0.01	0	|	14.0	45.95(14)	0.01(14)	|	4	
2092	39	ok	|	1.00	0.47	0.47	53.16	0.00	0	|	rapi	0.02	0.02	0	|	14.0	53.16(14)	0.02(14)	|	4	
2092	40	ok	|	1.00	0.39	0.39	61.12	0.00	0	|	rapi	0.01	0.01	0	|	14.0	61.12(14)	0.01(14)	|	4	
2092	41	ok	|	1.00	0.30	0.30	70.11	0.00	0	|	rapi	0.02	0.02	0	|	14.0	70.11(14)	0.02(14)	|	4	
2092	42	ok	|	1.00	0.21	0.21	79.68	0.00	0	|	rapi	0.02	0.02	0	|	14.0	79.68(14)	0.02(14)	|	4	
2092	43	ok	|	1.00	0.13	0.13	88.35	0.00	0	|	rapi	0.04	0.04	0	|	14.0	88.35(14)	0.04(14)	|	4	
2092	44	fail-w	|	1.00	0.07	0.07	95.14	0.00	0	|	rapi	0.07	0.07	0	|	14.0	95.14(14)	0.07(14)	|	4	
