2171	0	ok	|	0.09	1.00	1.00	0.10	0.00	0	|	rapi	0.00	0.00	0	|	-82.0	0.10(-82)		|	2	
2171	1	ok	|	0.10	1.00	1.00	0.11	0.00	0	|	rapi	0.00	0.00	0	|	-82.0	0.11(-82)		|	2	
2171	2	ok	|	0.10	1.00	1.00	0.12	0.00	0	|	rapi	0.00	0.00	0	|	-82.0	0.12(-82)		|	2	
2171	3	ok	|	0.10	1.00	1.00	0.14	0.00	0	|	rapi	0.00	0.00	0	|	-82.0	0.14(-82)		|	2	
2171	4	ok	|	0.12	1.00	1.00	0.16	0.00	0	|	rapi	0.00	0.00	0	|	-82.0	0.16(-82)		|	2	
2171	5	ok	|	0.16	1.00	1.00	0.23	0.00	0	|	rapi	0.00	0.00	0	|	-82.0	0.23(-82)		|	2	
2171	6	ok	|	0.19	1.00	1.00	0.28	0.00	0	|	rapi	0.00	0.00	0	|	-82.0	0.28(-82)		|	2	
2171	7	ok	|	0.22	1.00	1.00	0.32	0.00	0	|	rapi	0.00	0.00	0	|	-82.0	0.32(-82)		|	2	
2171	8	ok	|	0.27	1.00	1.00	0.43	0.00	0	|	rapi	0.00	0.00	0	|	-82.0	0.43(-82)		|	2	
2171	9	ok	|	0.29	1.00	1.00	0.46	0.00	0	|	rapi	0.00	0.00	0	|	-82.0	0.46(-82)		|	2	
2171	10	ok	|	0.34	0.99	0.99	0.57	0.00	0	|	rapi	0.00	0.00	0	|	-82.0	0.57(-82)		|	2	
2171	11	ok	|	0.41	0.99	0.99	0.70	0.00	0	|	rapi	0.00	0.00	0	|	-82.0	0.70(-82)		|	2	
2171	12	ok	|	0.47	0.99	0.99	0.83	0.00	0	|	rapi	0.00	0.00	0	|	-82.0	0.83(-82)		|	2	
2171	13	ok	|	0.54	0.99	0.99	1.02	0.00	0	|	rapi	0.00	0.00	0	|	-82.0	1.02(-82)		|	2	
2171	14	ok	|	0.59	0.99	0.99	1.17	0.00	0	|	rapi	0.00	0.00	0	|	-82.0	1.17(-82)		|	2	
2171	15	ok	|	0.65	0.99	0.99	1.30	0.00	0	|	rapi	0.00	0.00	0	|	-82.0	1.30(-82)		|	2	
2171	16	ok	|	0.67	0.99	0.99	1.48	0.00	0	|	rapi	0.00	0.00	0	|	-82.0	1.48(-82)		|	2	
2171	17	ok	|	0.72	0.98	0.98	1.75	0.00	0	|	rapi	0.00	0.00	0	|	-82.0	1.75(-82)		|	2	
2171	18	ok	|	0.79	0.98	0.98	2.03	0.00	0	|	rapi	0.00	0.00	0	|	-82.0	2.03(-82)		|	2	
2171	19	ok	|	0.86	0.98	0.98	2.48	0.00	0	|	rapi	0.00	0.00	0	|	-82.0	2.48(-82)		|	2	
2171	20	ok	|	0.91	0.97	0.97	3.03	0.00	0	|	rapi	0.00	0.00	0	|	-82.0	3.03(-82)		|	2	
2171	21	ok	|	0.93	0.96	0.96	3.52	0.00	0	|	rapi	0.00	0.00	0	|	-82.0	3.52(-82)		|	2	
2171	22	ok	|	0.96	0.96	0.96	4.18	0.00	0	|	rapi	0.00	0.00	0	|	-82.0	4.18(-82)		|	2	
2171	23	ok	|	0.97	0.95	0.95	5.03	0.00	0	|	rapi	0.00	0.00	0	|	-82.0	5.03(-82)		|	2	
2171	24	ok	|	0.98	0.94	0.94	5.80	0.00	0	|	rapi	0.00	0.00	0	|	-82.0	5.80(-82)		|	2	
2171	25	ok	|	0.99	0.93	0.93	6.75	0.00	0	|	rapi	0.00	0.00	0	|	-82.0	6.75(-82)		|	2	
2171	26	ok	|	0.99	0.92	0.92	7.74	0.00	0	|	rapi	0.00	0.00	0	|	-82.0	7.74(-82)		|	2	
2171	27	ok	|	1.00	0.91	0.91	9.16	0.00	0	|	rapi	0.00	0.00	0	|	-82.0	9.16(-82)		|	2	
2171	28	ok	|	1.00	0.89	0.89	10.74	0.00	0	|	rapi	0.00	0.00	0	|	-82.0	10.74(-82)		|	2	
2171	29	ok	|	1.00	0.87	0.87	12.67	0.00	0	|	rapi	0.00	0.00	0	|	-82.0	12.67(-82)		|	2	
2171	30	ok	|	1.00	0.85	0.85	15.00	0.00	0	|	rapi	0.00	0.00	0	|	-82.0	15.00(-82)		|	2	
2171	31	ok	|	1.00	0.83	0.83	17.47	0.00	0	|	rapi	0.00	0.00	0	|	-82.0	17.47(-82)		|	2	
2171	32	ok	|	1.00	0.80	0.80	20.46	0.00	0	|	rapi	0.00	0.00	0	|	-82.0	20.46(-82)		|	2	
2171	33	ok	|	1.00	0.75	0.75	24.52	0.00	0	|	rapi	0.00	0.00	0	|	-82.0	24.52(-82)		|	2	
2171	34	ok	|	1.00	0.71	0.71	28.65	0.00	0	|	rapi	0.00	0.00	0	|	-82.0	28.65(-82)		|	2	
2171	35	ok	|	1.00	0.67	0.67	33.34	0.00	0	|	rapi	0.00	0.00	0	|	-82.0	33.34(-82)		|	2	
2171	36	ok	|	1.00	0.61	0.61	39.36	0.00	0	|	rapi	0.00	0.00	0	|	-82.0	39.36(-82)		|	2	
2171	37	ok	|	1.00	0.54	0.54	46.27	0.00	0	|	rapi	0.00	0.00	0	|	-82.0	46.27(-82)	0.00(-82)	|	2	
2171	38	ok	|	1.00	0.47	0.47	53.40	0.00	0	|	rapi	0.00	0.00	0	|	-82.0	53.40(-82)	0.00(-82)	|	2	
2171	39	ok	|	1.00	0.38	0.38	62.24	0.00	0	|	rapi	0.00	0.00	0	|	-82.0	62.24(-82)	0.00(-82)	|	2	
2171	40	ok	|	1.00	0.28	0.28	72.04	0.00	0	|	rapi	0.00	0.00	0	|	-82.0	72.04(-82)	0.00(-82)	|	2	
2171	41	ok	|	1.00	0.18	0.18	81.74	0.00	0	|	rapi	0.00	0.00	0	|	-82.0	81.74(-82)	0.00(-82)	|	2	
2171	42	fail-w	|	1.00	0.10	0.10	91.47	0.00	0	|	rapi	0.00	0.00	0	|	-82.0	91.47(-82)	0.00(-82)	|	2	
