2198	0	ok	|	0.10	1.00	1.00	0.10	0.00	0	|	rapi	0.00	0.00	0	|	-42.0	0.10(-42)		|	2	
2198	1	ok	|	0.10	1.00	1.00	0.12	0.00	0	|	rapi	0.00	0.00	0	|	-42.0	0.12(-42)		|	2	
2198	2	ok	|	0.12	1.00	1.00	0.14	0.00	0	|	rapi	0.00	0.00	0	|	-42.0	0.14(-42)		|	2	
2198	3	ok	|	0.12	1.00	1.00	0.15	0.00	0	|	rapi	0.00	0.00	0	|	-42.0	0.15(-42)		|	2	
2198	4	ok	|	0.14	1.00	1.00	0.18	0.00	0	|	rapi	0.00	0.00	0	|	-42.0	0.18(-42)		|	2	
2198	5	ok	|	0.17	1.00	1.00	0.22	0.00	0	|	rapi	0.00	0.00	0	|	-42.0	0.22(-42)		|	2	
2198	6	ok	|	0.20	1.00	1.00	0.25	0.00	0	|	rapi	0.00	0.00	0	|	-42.0	0.25(-42)		|	2	
2198	7	ok	|	0.21	1.00	1.00	0.30	0.00	0	|	rapi	0.00	0.00	0	|	-42.0	0.30(-42)		|	2	
2198	8	ok	|	0.27	1.00	1.00	0.41	0.00	0	|	rapi	0.00	0.00	0	|	-42.0	0.41(-42)		|	2	
2198	9	ok	|	0.32	0.99	0.99	0.53	0.00	0	|	rapi	0.00	0.00	0	|	-42.0	0.53(-42)		|	2	
2198	10	ok	|	0.35	0.99	0.99	0.55	0.00	0	|	rapi	0.00	0.00	0	|	-42.0	0.55(-42)		|	2	
2198	11	ok	|	0.40	0.99	0.99	0.67	0.00	0	|	rapi	0.00	0.00	0	|	-42.0	0.67(-42)		|	2	
2198	12	ok	|	0.46	0.99	0.99	0.81	0.00	0	|	rapi	0.00	0.00	0	|	-42.0	0.81(-42)		|	2	
2198	13	ok	|	0.56	0.99	0.99	1.02	0.00	0	|	rapi	0.00	0.00	0	|	-42.0	1.02(-42)		|	2	
2198	14	ok	|	0.63	0.99	0.99	1.24	0.00	0	|	rapi	0.00	0.00	0	|	-42.0	1.24(-42)		|	2	
2198	15	ok	|	0.68	0.99	0.99	1.44	0.00	0	|	rapi	0.00	0.00	0	|	-42.0	1.44(-42)		|	2	
2198	16	ok	|	0.71	0.98	0.98	1.64	0.00	0	|	rapi	0.00	0.00	0	|	-42.0	1.64(-42)		|	2	
2198	17	ok	|	0.76	0.98	0.98	1.97	0.00	0	|	rapi	0.00	0.00	0	|	-42.0	1.97(-42)		|	2	
2198	18	ok	|	0.80	0.98	0.98	2.26	0.00	0	|	rapi	0.00	0.00	0	|	-42.0	2.26(-42)		|	2	
2198	19	ok	|	0.86	0.97	0.97	2.68	0.00	0	|	rapi	0.00	0.00	0	|	-42.0	2.68(-42)		|	2	
2198	20	ok	|	0.91	0.97	0.97	3.24	0.00	0	|	rapi	0.00	0.00	0	|	-42.0	3.24(-42)	0.00(-42)	|	2	
2198	21	ok	|	0.93	0.96	0.96	3.92	0.00	0	|	rapi	0.00	0.00	0	|	-42.0	3.92(-42)	0.00(-42)	|	2	
2198	22	ok	|	0.96	0.95	0.95	4.70	0.00	0	|	rapi	0.00	0.00	0	|	-42.0	4.70(-42)	0.00(-42)	|	2	
2198	23	ok	|	0.98	0.94	0.94	5.61	0.00	0	|	rapi	0.00	0.00	0	|	-42.0	5.61(-42)		|	2	
2198	24	ok	|	0.99	0.94	0.94	6.37	0.00	0	|	rapi	0.00	0.00	0	|	-42.0	6.37(-42)		|	2	
2198	25	ok	|	0.99	0.93	0.93	7.42	0.00	0	|	rapi	0.00	0.00	0	|	-42.0	7.42(-42)		|	2	
2198	26	ok	|	1.00	0.91	0.91	8.68	0.00	0	|	rapi	0.00	0.00	0	|	-42.0	8.68(-42)		|	2	
2198	27	ok	|	1.00	0.90	0.90	10.22	0.00	0	|	rapi	0.00	0.00	0	|	-42.0	10.22(-42)		|	2	
2198	28	ok	|	1.00	0.88	0.88	11.87	0.00	0	|	rapi	0.00	0.00	0	|	-42.0	11.87(-42)		|	2	
2198	29	ok	|	1.00	0.86	0.86	13.98	0.00	0	|	rapi	0.00	0.00	0	|	-42.0	13.98(-42)		|	2	
2198	30	ok	|	1.00	0.84	0.84	16.25	0.00	0	|	rapi	0.00	0.00	0	|	-42.0	16.25(-42)		|	2	
2198	31	ok	|	1.00	0.81	0.81	19.32	0.00	0	|	rapi	0.00	0.00	0	|	-42.0	19.32(-42)		|	2	
2198	32	ok	|	1.00	0.77	0.77	22.77	0.00	0	|	rapi	0.00	0.00	0	|	-42.0	22.77(-42)		|	2	
2198	33	ok	|	1.00	0.73	0.73	26.76	0.00	0	|	rapi	0.00	0.00	0	|	-42.0	26.76(-42)		|	2	
2198	34	ok	|	1.00	0.69	0.69	31.40	0.00	0	|	rapi	0.00	0.00	0	|	-42.0	31.40(-42)		|	2	
2198	35	ok	|	1.00	0.63	0.63	36.67	0.00	0	|	rapi	0.00	0.00	0	|	-42.0	36.67(-42)		|	2	
2198	36	ok	|	1.00	0.57	0.57	42.89	0.00	0	|	rapi	0.00	0.00	0	|	-42.0	42.89(-42)	0.00(-42)	|	2	
2198	37	ok	|	1.00	0.50	0.50	49.89	0.00	0	|	rapi	0.00	0.00	0	|	-42.0	49.89(-42)	0.00(-42)	|	2	
2198	38	ok	|	1.00	0.43	0.43	57.14	0.00	0	|	rapi	0.00	0.00	0	|	-42.0	57.14(-42)	0.00(-42)	|	2	
2198	39	ok	|	1.00	0.34	0.34	66.10	0.00	0	|	rapi	0.00	0.00	0	|	-42.0	66.10(-42)	0.00(-42)	|	2	
2198	40	ok	|	1.00	0.24	0.24	76.29	0.00	0	|	rapi	0.00	0.00	0	|	-42.0	76.29(-42)	0.00(-42)	|	2	
2198	41	ok	|	1.00	0.15	0.15	85.55	0.00	0	|	rapi	0.01	0.01	0	|	-42.0	85.55(-42)	0.01(-42)	|	2	
2198	42	fail-w	|	1.00	0.09	0.09	93.03	0.00	0	|	rapi	0.01	0.01	0	|	-42.0	93.03(-42)	0.01(-42)	|	2	
