2298	0	ok	|	0.10	1.00	1.00	0.10	0.00	0	|	rapi	0.00	0.00	0	|	-9.0	0.10(-9)		|	3	
2298	1	ok	|	0.10	1.00	1.00	0.12	0.00	0	|	rapi	0.00	0.00	0	|	-9.0	0.12(-9)		|	3	
2298	2	ok	|	0.12	1.00	1.00	0.15	0.00	0	|	rapi	0.00	0.00	0	|	-9.0	0.15(-9)		|	3	
2298	3	ok	|	0.12	1.00	1.00	0.14	0.00	0	|	rapi	0.00	0.00	0	|	-9.0	0.14(-9)		|	3	
2298	4	ok	|	0.12	1.00	1.00	0.14	0.00	0	|	rapi	0.00	0.00	0	|	-9.0	0.14(-9)		|	3	
2298	5	ok	|	0.16	1.00	1.00	0.21	0.00	0	|	rapi	0.00	0.00	0	|	-9.0	0.21(-9)		|	3	
2298	6	ok	|	0.19	1.00	1.00	0.26	0.00	0	|	rapi	0.00	0.00	0	|	-9.0	0.26(-9)		|	3	
2298	7	ok	|	0.20	1.00	1.00	0.27	0.00	0	|	rapi	0.00	0.00	0	|	-9.0	0.27(-9)		|	3	
2298	8	ok	|	0.21	1.00	1.00	0.29	0.00	0	|	rapi	0.00	0.00	0	|	-9.0	0.29(-9)		|	3	
2298	9	ok	|	0.26	1.00	1.00	0.36	0.00	0	|	rapi	0.00	0.00	0	|	-9.0	0.36(-9)		|	3	
2298	10	ok	|	0.30	1.00	1.00	0.46	0.00	0	|	rapi	0.00	0.00	0	|	-9.0	0.46(-9)		|	3	
2298	11	ok	|	0.34	0.99	0.99	0.55	0.00	0	|	rapi	0.00	0.00	0	|	-9.0	0.55(-9)		|	3	
2298	12	ok	|	0.37	0.99	0.99	0.61	0.00	0	|	rapi	0.00	0.00	0	|	-9.0	0.61(-9)		|	3	
2298	13	ok	|	0.40	0.99	0.99	0.66	0.00	0	|	rapi	0.00	0.00	0	|	-9.0	0.66(-9)		|	3	
2298	14	ok	|	0.43	0.99	0.99	0.73	0.00	0	|	rapi	0.00	0.00	0	|	-9.0	0.73(-9)		|	3	
2298	15	ok	|	0.47	0.99	0.99	0.90	0.00	0	|	rapi	0.00	0.00	0	|	-9.0	0.90(-9)		|	3	
2298	16	ok	|	0.53	0.99	0.99	1.01	0.00	0	|	rapi	0.00	0.00	0	|	-9.0	1.01(-9)		|	3	
2298	17	ok	|	0.58	0.99	0.99	1.17	0.00	0	|	rapi	0.00	0.00	0	|	-9.0	1.17(-9)		|	3	
2298	18	ok	|	0.66	0.99	0.99	1.41	0.00	0	|	rapi	0.00	0.00	0	|	-9.0	1.41(-9)		|	3	
2298	19	ok	|	0.73	0.98	0.98	1.80	0.00	0	|	rapi	0.00	0.00	0	|	-9.0	1.80(-9)		|	3	
2298	20	ok	|	0.80	0.98	0.98	2.14	0.00	0	|	rapi	0.00	0.00	0	|	-9.0	2.14(-9)		|	3	
2298	21	ok	|	0.87	0.97	0.97	2.60	0.00	0	|	rapi	0.00	0.00	0	|	-9.0	2.60(-9)		|	3	
2298	22	ok	|	0.91	0.97	0.97	3.02	0.00	0	|	rapi	0.00	0.00	0	|	-9.0	3.02(-9)		|	3	
2298	23	ok	|	0.92	0.96	0.96	3.65	0.00	0	|	rapi	0.00	0.00	0	|	-9.0	3.65(-9)		|	3	
2298	24	ok	|	0.96	0.96	0.96	4.31	0.00	0	|	rapi	0.00	0.00	0	|	-9.0	4.31(-9)		|	3	
2298	25	ok	|	0.98	0.95	0.95	5.01	0.00	0	|	rapi	0.00	0.00	0	|	-9.0	5.01(-9)		|	3	
2298	26	ok	|	0.99	0.94	0.94	5.97	0.00	0	|	rapi	0.00	0.00	0	|	-9.0	5.97(-9)		|	3	
2298	27	ok	|	0.99	0.93	0.93	7.01	0.00	0	|	rapi	0.00	0.00	0	|	-9.0	7.01(-9)	0.00(-9)	|	3	
2298	28	ok	|	1.00	0.92	0.92	8.11	0.00	0	|	rapi	0.00	0.00	0	|	-9.0	8.11(-9)	0.00(-9)	|	3	
2298	29	ok	|	1.00	0.91	0.91	9.38	0.00	0	|	rapi	0.00	0.00	0	|	-9.0	9.38(-9)	0.00(-9)	|	3	
2298	30	ok	|	1.00	0.89	0.89	11.07	0.00	0	|	rapi	0.00	0.00	0	|	-9.0	11.07(-9)	0.00(-9)	|	3	
2298	31	ok	|	1.00	0.87	0.87	13.34	0.00	0	|	rapi	0.00	0.00	0	|	-9.0	13.34(-9)	0.00(-9)	|	3	
2298	32	ok	|	1.00	0.84	0.84	15.72	0.00	0	|	rapi	0.00	0.00	0	|	-9.0	15.72(-9)	0.00(-9)	|	3	
2298	33	ok	|	1.00	0.81	0.81	18.54	0.00	0	|	rapi	0.01	0.01	0	|	-9.0	18.54(-9)	0.01(-9)	|	3	
2298	34	ok	|	1.00	0.78	0.78	21.85	0.00	0	|	rapi	0.00	0.00	0	|	-9.0	21.85(-9)	0.00(-9)	|	3	
2298	35	ok	|	1.00	0.74	0.74	25.78	0.00	0	|	rapi	0.00	0.00	0	|	-9.0	25.78(-9)	0.00(-9)	|	3	
2298	36	ok	|	1.00	0.70	0.70	30.49	0.00	0	|	rapi	0.01	0.01	0	|	-9.0	30.49(-9)	0.01(-9)	|	3	
2298	37	ok	|	1.00	0.64	0.64	35.64	0.00	0	|	rapi	0.01	0.01	0	|	-9.0	35.64(-9)	0.01(-9)	|	3	
2298	38	ok	|	1.00	0.58	0.58	41.93	0.00	0	|	rapi	0.01	0.01	0	|	-9.0	41.93(-9)	0.01(-9)	|	3	
2298	39	ok	|	1.00	0.51	0.51	48.56	0.00	0	|	rapi	0.01	0.01	0	|	-9.0	48.56(-9)	0.01(-9)	|	3	
2298	40	ok	|	1.00	0.44	0.44	56.45	0.00	0	|	rapi	0.01	0.01	0	|	-9.0	56.45(-9)	0.01(-9)	|	3	
2298	41	ok	|	1.00	0.35	0.35	64.90	0.00	0	|	rapi	0.00	0.00	0	|	-9.0	64.90(-9)	0.00(-9)	|	3	
2298	42	ok	|	1.00	0.25	0.25	74.94	0.00	0	|	rapi	0.01	0.01	0	|	-9.0	74.94(-9)	0.01(-9)	|	3	
2298	43	ok	|	1.00	0.16	0.16	84.18	0.00	0	|	rapi	0.02	0.02	0	|	-9.0	84.18(-9)	0.02(-9)	|	3	
2298	44	fail-w	|	1.00	0.10	0.10	91.77	0.00	0	|	rapi	0.03	0.03	0	|	-9.0	91.77(-9)	0.03(-9)	|	3	
