2356	0	ok	|	0.10	1.00	1.00	0.10	0.00	0	|	rapi	0.00	0.00	0	|	30.0	0.10(30)	0.00(30)	|	2	
2356	1	ok	|	0.11	1.00	1.00	0.12	0.00	0	|	rapi	0.00	0.00	0	|	30.0	0.12(30)	0.00(30)	|	2	
2356	2	ok	|	0.10	1.00	1.00	0.12	0.00	0	|	rapi	0.00	0.00	0	|	30.0	0.12(30)	0.00(30)	|	2	
2356	3	ok	|	0.10	1.00	1.00	0.13	0.00	0	|	rapi	0.00	0.00	0	|	30.0	0.13(30)	0.00(30)	|	2	
2356	4	ok	|	0.13	1.00	1.00	0.17	0.00	0	|	rapi	0.00	0.00	0	|	30.0	0.17(30)		|	2	
2356	5	ok	|	0.14	1.00	1.00	0.19	0.00	0	|	rapi	0.00	0.00	0	|	30.0	0.19(30)		|	2	
2356	6	ok	|	0.18	1.00	1.00	0.26	0.00	0	|	rapi	0.00	0.00	0	|	30.0	0.26(30)		|	2	
2356	7	ok	|	0.20	1.00	1.00	0.29	0.00	0	|	rapi	0.00	0.00	0	|	30.0	0.29(30)		|	2	
2356	8	ok	|	0.19	1.00	1.00	0.30	0.00	0	|	rapi	0.00	0.00	0	|	30.0	0.30(30)		|	2	
2356	9	ok	|	0.23	1.00	1.00	0.36	0.00	0	|	rapi	0.00	0.00	0	|	30.0	0.36(30)		|	2	
2356	10	ok	|	0.27	1.00	1.00	0.40	0.00	0	|	rapi	0.00	0.00	0	|	30.0	0.40(30)		|	2	
2356	11	ok	|	0.28	1.00	1.00	0.45	0.00	0	|	rapi	0.00	0.00	0	|	30.0	0.45(30)		|	2	
2356	12	ok	|	0.33	0.99	0.99	0.52	0.00	0	|	rapi	0.00	0.00	0	|	30.0	0.52(30)		|	2	
2356	13	ok	|	0.38	0.99	0.99	0.62	0.00	0	|	rapi	0.00	0.00	0	|	30.0	0.62(30)		|	2	
2356	14	ok	|	0.43	0.99	0.99	0.72	0.00	0	|	rapi	0.00	0.00	0	|	30.0	0.72(30)		|	2	
2356	15	ok	|	0.48	0.99	0.99	0.84	0.00	0	|	rapi	0.00	0.00	0	|	30.0	0.84(30)		|	2	
2356	16	ok	|	0.54	0.99	0.99	1.01	0.00	0	|	rapi	0.00	0.00	0	|	30.0	1.01(30)		|	2	
2356	17	ok	|	0.60	0.99	0.99	1.20	0.00	0	|	rapi	0.00	0.00	0	|	30.0	1.20(30)		|	2	
2356	18	ok	|	0.65	0.99	0.99	1.40	0.00	0	|	rapi	0.00	0.00	0	|	30.0	1.40(30)		|	2	
2356	19	ok	|	0.71	0.98	0.98	1.62	0.00	0	|	rapi	0.00	0.00	0	|	30.0	1.62(30)		|	2	
2356	20	ok	|	0.77	0.98	0.98	1.93	0.00	0	|	rapi	0.00	0.00	0	|	30.0	1.93(30)		|	2	
2356	21	ok	|	0.81	0.98	0.98	2.30	0.00	0	|	rapi	0.00	0.00	0	|	30.0	2.30(30)		|	2	
2356	22	ok	|	0.88	0.97	0.97	2.68	0.00	0	|	rapi	0.00	0.00	0	|	30.0	2.68(30)		|	2	
2356	23	ok	|	0.93	0.97	0.97	3.22	0.00	0	|	rapi	0.00	0.00	0	|	30.0	3.22(30)		|	2	
2356	24	ok	|	0.95	0.96	0.96	3.95	0.00	0	|	rapi	0.00	0.00	0	|	30.0	3.95(30)		|	2	
2356	25	ok	|	0.97	0.95	0.95	4.65	0.00	0	|	rapi	0.00	0.00	0	|	30.0	4.65(30)		|	2	
2356	26	ok	|	0.98	0.94	0.94	5.62	0.00	0	|	rapi	0.00	0.00	0	|	30.0	5.62(30)		|	2	
2356	27	ok	|	0.99	0.93	0.93	6.56	0.00	0	|	rapi	0.00	0.00	0	|	30.0	6.56(30)		|	2	
2356	28	ok	|	1.00	0.93	0.93	7.49	0.00	0	|	rapi	0.00	0.00	0	|	30.0	7.49(30)	0.00(30)	|	2	
2356	29	ok	|	1.00	0.91	0.91	8.91	0.00	0	|	rapi	0.00	0.00	0	|	30.0	8.91(30)		|	2	
2356	30	ok	|	1.00	0.89	0.89	10.80	0.00	0	|	rapi	0.00	0.00	0	|	30.0	10.80(30)	0.00(30)	|	2	
2356	31	ok	|	1.00	0.88	0.88	12.44	0.00	0	|	rapi	0.00	0.00	0	|	30.0	12.44(30)	0.00(30)	|	2	
2356	32	ok	|	1.00	0.85	0.85	14.71	0.00	0	|	rapi	0.00	0.00	0	|	30.0	14.71(30)		|	2	
2356	33	ok	|	1.00	0.83	0.83	17.30	0.00	0	|	rapi	0.00	0.00	0	|	30.0	17.30(30)	0.00(30)	|	2	
2356	34	ok	|	1.00	0.80	0.80	20.32	0.00	0	|	rapi	0.00	0.00	0	|	30.0	20.32(30)	0.00(30)	|	2	
2356	35	ok	|	1.00	0.76	0.76	23.85	0.00	0	|	rapi	0.00	0.00	0	|	30.0	23.85(30)	0.00(30)	|	2	
2356	36	ok	|	1.00	0.72	0.72	28.11	0.00	0	|	rapi	0.01	0.01	0	|	30.0	28.11(30)	0.01(30)	|	2	
2356	37	ok	|	1.00	0.67	0.67	32.89	0.00	0	|	rapi	0.00	0.00	0	|	30.0	32.89(30)	0.00(30)	|	2	
2356	38	ok	|	1.00	0.61	0.61	38.77	0.00	0	|	rapi	0.01	0.01	0	|	30.0	38.77(30)	0.01(30)	|	2	
2356	39	ok	|	1.00	0.54	0.54	45.99	0.00	0	|	rapi	0.01	0.01	0	|	30.0	45.99(30)	0.01(30)	|	2	
2356	40	ok	|	1.00	0.47	0.47	53.32	0.00	0	|	rapi	0.02	0.02	0	|	30.0	53.32(30)	0.02(30)	|	2	
2356	41	ok	|	1.00	0.38	0.38	61.73	0.00	0	|	rapi	0.02	0.02	0	|	30.0	61.73(30)	0.02(30)	|	2	
2356	42	ok	|	1.00	0.29	0.29	70.56	0.00	0	|	rapi	0.03	0.03	0	|	30.0	70.56(30)	0.03(30)	|	2	
2356	43	ok	|	1.00	0.22	0.22	78.72	0.00	0	|	rapi	0.04	0.04	0	|	30.0	78.72(30)	0.04(30)	|	2	
2356	44	ok	|	1.00	0.13	0.13	87.51	0.00	0	|	rapi	0.06	0.06	0	|	30.0	87.51(30)	0.06(30)	|	2	
2356	45	fail-w	|	1.00	0.08	0.08	93.73	0.00	0	|	rapi	0.12	0.12	0	|	30.0	93.73(30)	0.12(30)	|	2	
