2435	0	ok	|	0.09	1.00	1.00	0.10	0.00	0	|	rapi	0.00	0.00	0	|	-78.0	0.10(-78)		|	16	
2435	1	ok	|	0.11	1.00	1.00	0.13	0.00	0	|	rapi	0.00	0.00	0	|	-78.0	0.13(-78)		|	16	
2435	2	ok	|	0.11	1.00	1.00	0.13	0.00	0	|	rapi	0.00	0.00	0	|	-78.0	0.13(-78)		|	16	
2435	3	ok	|	0.13	1.00	1.00	0.18	0.00	0	|	rapi	0.00	0.00	0	|	-78.0	0.18(-78)		|	16	
2435	4	ok	|	0.14	1.00	1.00	0.19	0.00	0	|	rapi	0.00	0.00	0	|	-78.0	0.19(-78)		|	16	
2435	5	ok	|	0.16	1.00	1.00	0.23	0.00	0	|	rapi	0.00	0.00	0	|	-78.0	0.23(-78)		|	16	
2435	6	ok	|	0.16	1.00	1.00	0.23	0.00	0	|	rapi	0.00	0.00	0	|	-78.0	0.23(-78)		|	16	
2435	7	ok	|	0.18	1.00	1.00	0.25	0.00	0	|	rapi	0.00	0.00	0	|	-78.0	0.25(-78)		|	16	
2435	8	ok	|	0.20	1.00	1.00	0.27	0.00	0	|	rapi	0.00	0.00	0	|	-78.0	0.27(-78)		|	16	
2435	9	ok	|	0.22	1.00	1.00	0.33	0.00	0	|	rapi	0.00	0.00	0	|	-78.0	0.33(-78)		|	16	
2435	10	ok	|	0.27	1.00	1.00	0.41	0.00	0	|	rapi	0.00	0.00	0	|	-78.0	0.41(-78)		|	16	
2435	11	ok	|	0.31	1.00	1.00	0.48	0.00	0	|	rapi	0.00	0.00	0	|	-78.0	0.48(-78)		|	16	
2435	12	ok	|	0.34	0.99	0.99	0.55	0.00	0	|	rapi	0.00	0.00	0	|	-78.0	0.55(-78)		|	16	
2435	13	ok	|	0.39	0.99	0.99	0.65	0.00	0	|	rapi	0.00	0.00	0	|	-78.0	0.65(-78)		|	16	
2435	14	ok	|	0.44	0.99	0.99	0.77	0.00	0	|	rapi	0.00	0.00	0	|	-78.0	0.77(-78)		|	16	
2435	15	ok	|	0.48	0.99	0.99	0.88	0.00	0	|	rapi	0.00	0.00	0	|	-78.0	0.88(-78)		|	16	
2435	16	ok	|	0.58	0.99	0.99	1.05	0.00	0	|	rapi	0.00	0.00	0	|	-78.0	1.05(-78)		|	16	
2435	17	ok	|	0.63	0.99	0.99	1.22	0.00	0	|	rapi	0.00	0.00	0	|	-78.0	1.22(-78)		|	16	
2435	18	ok	|	0.67	0.99	0.99	1.47	0.00	0	|	rapi	0.00	0.00	0	|	-78.0	1.47(-78)		|	16	
2435	19	ok	|	0.71	0.98	0.98	1.72	0.00	0	|	rapi	0.00	0.00	0	|	-78.0	1.72(-78)		|	16	
2435	20	ok	|	0.78	0.98	0.98	2.06	0.00	0	|	rapi	0.00	0.00	0	|	-78.0	2.06(-78)		|	16	
2435	21	ok	|	0.83	0.98	0.98	2.41	0.00	0	|	rapi	0.00	0.00	0	|	-78.0	2.41(-78)		|	16	
2435	22	ok	|	0.85	0.97	0.97	2.79	0.00	0	|	rapi	0.00	0.00	0	|	-78.0	2.79(-78)		|	16	
2435	23	ok	|	0.89	0.97	0.97	3.29	0.00	0	|	rapi	0.00	0.00	0	|	-78.0	3.29(-78)		|	16	
2435	24	ok	|	0.94	0.96	0.96	3.93	0.00	0	|	rapi	0.00	0.00	0	|	-78.0	3.93(-78)		|	16	
2435	25	ok	|	0.97	0.95	0.95	4.60	0.00	0	|	rapi	0.00	0.00	0	|	-78.0	4.60(-78)	0.00(-78)	|	16	
2435	26	ok	|	0.98	0.95	0.95	5.39	0.00	0	|	rapi	0.00	0.00	0	|	-78.0	5.39(-78)		|	16	
2435	27	ok	|	0.99	0.94	0.94	6.43	0.00	0	|	rapi	0.00	0.00	0	|	-78.0	6.43(-78)		|	16	
2435	28	ok	|	1.00	0.93	0.93	7.47	0.00	0	|	rapi	0.00	0.00	0	|	-78.0	7.47(-78)		|	16	
2435	29	ok	|	1.00	0.91	0.91	8.87	0.00	0	|	rapi	0.00	0.00	0	|	-78.0	8.87(-78)	0.00(-78)	|	16	
2435	30	ok	|	1.00	0.89	0.89	10.67	0.00	0	|	rapi	0.00	0.00	0	|	-78.0	10.67(-78)	0.00(-78)	|	16	
2435	31	ok	|	1.00	0.87	0.87	12.83	0.00	0	|	rapi	0.00	0.00	0	|	-78.0	12.83(-78)	0.00(-78)	|	16	
2435	32	ok	|	1.00	0.85	0.85	15.21	0.00	0	|	rapi	0.00	0.00	0	|	-78.0	15.21(-78)		|	16	
2435	33	ok	|	1.00	0.82	0.82	17.88	0.00	0	|	rapi	0.00	0.00	0	|	-78.0	17.88(-78)	0.00(-78)	|	16	
2435	34	ok	|	1.00	0.79	0.79	20.88	0.00	0	|	rapi	0.00	0.00	0	|	-78.0	20.88(-78)	0.00(-78)	|	16	
2435	35	ok	|	1.00	0.76	0.76	24.42	0.00	0	|	rapi	0.00	0.00	0	|	-78.0	24.42(-78)		|	16	
2435	36	ok	|	1.00	0.71	0.71	28.68	0.00	0	|	rapi	0.00	0.00	0	|	-78.0	28.68(-78)	0.00(-78)	|	16	
2435	37	ok	|	1.00	0.66	0.66	33.75	0.00	0	|	rapi	0.00	0.00	0	|	-78.0	33.75(-78)	0.00(-78)	|	16	
2435	38	ok	|	1.00	0.61	0.61	38.99	0.00	0	|	rapi	0.01	0.01	0	|	-78.0	38.99(-78)	0.01(-78)	|	16	
2435	39	ok	|	1.00	0.54	0.54	45.64	0.00	0	|	rapi	0.01	0.01	0	|	-78.0	45.64(-78)	0.01(-78)	|	16	
2435	40	ok	|	1.00	0.47	0.47	53.05	0.00	0	|	rapi	0.01	0.01	0	|	-78.0	53.05(-78)	0.01(-78)	|	16	
2435	41	ok	|	1.00	0.38	0.38	61.59	0.00	0	|	rapi	0.01	0.01	0	|	-78.0	61.59(-78)	0.01(-78)	|	16	
2435	42	ok	|	1.00	0.29	0.29	71.24	0.00	0	|	rapi	0.01	0.01	0	|	-78.0	71.24(-78)	0.01(-78)	|	16	
2435	43	ok	|	1.00	0.19	0.19	80.76	0.00	0	|	rapi	0.01	0.01	0	|	-78.0	80.76(-78)	0.01(-78)	|	16	
2435	44	ok	|	1.00	0.11	0.11	89.87	0.00	0	|	rapi	0.01	0.01	0	|	-78.0	89.87(-78)	0.01(-78)	|	16	
2435	45	fail-w	|	1.00	0.05	0.05	98.30	0.00	0	|	rapi	0.01	0.01	0	|	-78.0	98.30(-78)	0.01(-78)	|	16	
