2507	0	ok	|	0.10	1.00	1.00	0.10	0.00	0	|	rapi	0.00	0.00	0	|	-57.0	0.10(-57)		|	3	
2507	1	ok	|	0.11	1.00	1.00	0.12	0.00	0	|	rapi	0.00	0.00	0	|	-57.0	0.12(-57)		|	3	
2507	2	ok	|	0.13	1.00	1.00	0.16	0.00	0	|	rapi	0.00	0.00	0	|	-57.0	0.16(-57)		|	3	
2507	3	ok	|	0.13	1.00	1.00	0.16	0.00	0	|	rapi	0.00	0.00	0	|	-57.0	0.16(-57)		|	3	
2507	4	ok	|	0.13	1.00	1.00	0.17	0.00	0	|	rapi	0.00	0.00	0	|	-57.0	0.17(-57)		|	3	
2507	5	ok	|	0.16	1.00	1.00	0.21	0.00	0	|	rapi	0.00	0.00	0	|	-57.0	0.21(-57)		|	3	
2507	6	ok	|	0.19	1.00	1.00	0.27	0.00	0	|	rapi	0.00	0.00	0	|	-57.0	0.27(-57)		|	3	
2507	7	ok	|	0.20	1.00	1.00	0.29	0.00	0	|	rapi	0.00	0.00	0	|	-57.0	0.29(-57)		|	3	
2507	8	ok	|	0.25	1.00	1.00	0.35	0.00	0	|	rapi	0.00	0.00	0	|	-57.0	0.35(-57)		|	3	
2507	9	ok	|	0.30	1.00	1.00	0.44	0.00	0	|	rapi	0.00	0.00	0	|	-57.0	0.44(-57)		|	3	
2507	10	ok	|	0.32	1.00	1.00	0.49	0.00	0	|	rapi	0.00	0.00	0	|	-57.0	0.49(-57)		|	3	
2507	11	ok	|	0.36	0.99	0.99	0.54	0.00	0	|	rapi	0.00	0.00	0	|	-57.0	0.54(-57)		|	3	
2507	12	ok	|	0.39	0.99	0.99	0.64	0.00	0	|	rapi	0.00	0.00	0	|	-57.0	0.64(-57)		|	3	
2507	13	ok	|	0.43	0.99	0.99	0.71	0.00	0	|	rapi	0.00	0.00	0	|	-57.0	0.71(-57)		|	3	
2507	14	ok	|	0.50	0.99	0.99	0.87	0.00	0	|	rapi	0.00	0.00	0	|	-57.0	0.87(-57)		|	3	
2507	15	ok	|	0.53	0.99	0.99	1.02	0.00	0	|	rapi	0.00	0.00	0	|	-57.0	1.02(-57)		|	3	
2507	16	ok	|	0.59	0.99	0.99	1.20	0.00	0	|	rapi	0.00	0.00	0	|	-57.0	1.20(-57)		|	3	
2507	17	ok	|	0.67	0.99	0.99	1.41	0.00	0	|	rapi	0.00	0.00	0	|	-57.0	1.41(-57)		|	3	
2507	18	ok	|	0.69	0.98	0.98	1.56	0.00	0	|	rapi	0.00	0.00	0	|	-57.0	1.56(-57)		|	3	
2507	19	ok	|	0.75	0.98	0.98	1.77	0.00	0	|	rapi	0.00	0.00	0	|	-57.0	1.77(-57)		|	3	
2507	20	ok	|	0.81	0.98	0.98	2.15	0.00	0	|	rapi	0.00	0.00	0	|	-57.0	2.15(-57)		|	3	
2507	21	ok	|	0.86	0.98	0.98	2.44	0.00	0	|	rapi	0.00	0.00	0	|	-57.0	2.44(-57)		|	3	
2507	22	ok	|	0.90	0.97	0.97	2.88	0.00	0	|	rapi	0.00	0.00	0	|	-57.0	2.88(-57)		|	3	
2507	23	ok	|	0.94	0.96	0.96	3.52	0.00	0	|	rapi	0.00	0.00	0	|	-57.0	3.52(-57)		|	3	
2507	24	ok	|	0.96	0.96	0.96	4.17	0.00	0	|	rapi	0.00	0.00	0	|	-57.0	4.17(-57)		|	3	
2507	25	ok	|	0.97	0.95	0.95	4.91	0.00	0	|	rapi	0.00	0.00	0	|	-57.0	4.91(-57)		|	3	
2507	26	ok	|	0.99	0.94	0.94	5.87	0.00	0	|	rapi	0.00	0.00	0	|	-57.0	5.87(-57)		|	3	
2507	27	ok	|	1.00	0.93	0.93	6.96	0.00	0	|	rapi	0.00	0.00	0	|	-57.0	6.96(-57)		|	3	
2507	28	ok	|	1.00	0.92	0.92	8.24	0.00	0	|	rapi	0.00	0.00	0	|	-57.0	8.24(-57)		|	3	
2507	29	ok	|	1.00	0.91	0.91	9.50	0.00	0	|	rapi	0.00	0.00	0	|	-57.0	9.50(-57)		|	3	
2507	30	ok	|	1.00	0.89	0.89	11.32	0.00	0	|	rapi	0.00	0.00	0	|	-57.0	11.32(-57)	0.00(-57)	|	3	
2507	31	ok	|	1.00	0.87	0.87	13.31	0.00	0	|	rapi	0.00	0.00	0	|	-57.0	13.31(-57)		|	3	
2507	32	ok	|	1.00	0.84	0.84	15.55	0.00	0	|	rapi	0.00	0.00	0	|	-57.0	15.55(-57)		|	3	
2507	33	ok	|	1.00	0.81	0.81	18.63	0.00	0	|	rapi	0.00	0.00	0	|	-57.0	18.63(-57)		|	3	
2507	34	ok	|	1.00	0.78	0.78	21.74	0.00	0	|	rapi	0.00	0.00	0	|	-57.0	21.74(-57)		|	3	
2507	35	ok	|	1.00	0.74	0.74	25.71	0.00	0	|	rapi	0.00	0.00	0	|	-57.0	25.71(-57)		|	3	
2507	36	ok	|	1.00	0.70	0.70	30.27	0.00	0	|	rapi	0.00	0.00	0	|	-57.0	30.27(-57)		|	3	
2507	37	ok	|	1.00	0.65	0.65	35.49	0.00	0	|	rapi	0.00	0.00	0	|	-57.0	35.49(-57)		|	3	
2507	38	ok	|	1.00	0.58	0.58	41.81	0.00	0	|	rapi	0.00	0.00	0	|	-57.0	41.81(-57)		|	3	
2507	39	ok	|	1.00	0.51	0.51	48.65	0.00	0	|	rapi	0.00	0.00	0	|	-57.0	48.65(-57)		|	3	
2507	40	ok	|	1.00	0.44	0.44	56.46	0.00	0	|	rapi	0.00	0.00	0	|	-57.0	56.46(-57)	0.00(-57)	|	3	
2507	41	ok	|	1.00	0.35	0.35	64.96	0.00	0	|	rapi	0.00	0.00	0	|	-57.0	64.96(-57)		|	3	
2507	42	ok	|	1.00	0.26	0.26	74.38	0.00	0	|	rapi	0.00	0.00	0	|	-57.0	74.38(-57)		|	3	
2507	43	ok	|	1.00	0.17	0.17	83.71	0.00	0	|	rapi	0.00	0.00	0	|	-57.0	83.71(-57)	0.00(-57)	|	3	
2507	44	fail-w	|	1.00	0.09	0.09	93.00	0.00	0	|	rapi	0.00	0.00	0	|	-57.0	93.00(-57)	0.00(-57)	|	3	
