2533	0	ok	|	0.09	1.00	1.00	0.10	0.00	0	|	rapi	0.00	0.00	0	|	49.0	0.10(49)		|	1	
2533	1	ok	|	0.11	1.00	1.00	0.13	0.00	0	|	rapi	0.00	0.00	0	|	49.0	0.13(49)		|	1	
2533	2	ok	|	0.11	1.00	1.00	0.14	0.00	0	|	rapi	0.00	0.00	0	|	49.0	0.14(49)		|	1	
2533	3	ok	|	0.12	1.00	1.00	0.15	0.00	0	|	rapi	0.00	0.00	0	|	49.0	0.15(49)		|	1	
2533	4	ok	|	0.13	1.00	1.00	0.17	0.00	0	|	rapi	0.00	0.00	0	|	49.0	0.17(49)		|	1	
2533	5	ok	|	0.14	1.00	1.00	0.19	0.00	0	|	rapi	0.00	0.00	0	|	49.0	0.19(49)		|	1	
2533	6	ok	|	0.18	1.00	1.00	0.23	0.00	0	|	rapi	0.00	0.00	0	|	49.0	0.23(49)		|	1	
2533	7	ok	|	0.20	1.00	1.00	0.28	0.00	0	|	rapi	0.00	0.00	0	|	49.0	0.28(49)		|	1	
2533	8	ok	|	0.26	1.00	1.00	0.36	0.00	0	|	rapi	0.00	0.00	0	|	49.0	0.36(49)		|	1	
2533	9	ok	|	0.27	1.00	1.00	0.43	0.00	0	|	rapi	0.00	0.00	0	|	49.0	0.43(49)		|	1	
2533	10	ok	|	0.30	1.00	1.00	0.48	0.00	0	|	rapi	0.00	0.00	0	|	49.0	0.48(49)		|	1	
2533	11	ok	|	0.37	0.99	0.99	0.59	0.00	0	|	rapi	0.00	0.00	0	|	49.0	0.59(49)		|	1	
2533	12	ok	|	0.44	0.99	0.99	0.74	0.00	0	|	rapi	0.00	0.00	0	|	49.0	0.74(49)		|	1	
2533	13	ok	|	0.50	0.99	0.99	0.93	0.00	0	|	rapi	0.00	0.00	0	|	49.0	0.93(49)		|	1	
2533	14	ok	|	0.56	0.99	0.99	1.10	0.00	0	|	rapi	0.00	0.00	0	|	49.0	1.10(49)	0.00(49)	|	1	
2533	15	ok	|	0.60	0.99	0.99	1.26	0.00	0	|	rapi	0.00	0.00	0	|	49.0	1.26(49)	0.00(49)	|	1	
2533	16	ok	|	0.66	0.99	0.99	1.42	0.00	0	|	rapi	0.00	0.00	0	|	49.0	1.42(49)		|	1	
2533	17	ok	|	0.72	0.98	0.98	1.73	0.00	0	|	rapi	0.00	0.00	0	|	49.0	1.73(49)		|	1	
2533	18	ok	|	0.79	0.98	0.98	2.03	0.00	0	|	rapi	0.00	0.00	0	|	49.0	2.03(49)		|	1	
2533	19	ok	|	0.85	0.98	0.98	2.40	0.00	0	|	rapi	0.00	0.00	0	|	49.0	2.40(49)		|	1	
2533	20	ok	|	0.89	0.97	0.97	2.79	0.00	0	|	rapi	0.00	0.00	0	|	49.0	2.79(49)		|	1	
2533	21	ok	|	0.92	0.97	0.97	3.22	0.00	0	|	rapi	0.00	0.00	0	|	49.0	3.22(49)		|	1	
2533	22	ok	|	0.94	0.96	0.96	3.72	0.00	0	|	rapi	0.00	0.00	0	|	49.0	3.72(49)		|	1	
2533	23	ok	|	0.96	0.96	0.96	4.37	0.00	0	|	rapi	0.00	0.00	0	|	49.0	4.37(49)		|	1	
2533	24	ok	|	0.97	0.95	0.95	5.07	0.00	0	|	rapi	0.00	0.00	0	|	49.0	5.07(49)	0.00(49)	|	1	
2533	25	ok	|	0.99	0.94	0.94	6.08	0.00	0	|	rapi	0.00	0.00	0	|	49.0	6.08(49)	0.00(49)	|	1	
2533	26	ok	|	0.99	0.93	0.93	7.04	0.00	0	|	rapi	0.00	0.00	0	|	49.0	7.04(49)	0.00(49)	|	1	
2533	27	ok	|	1.00	0.92	0.92	8.13	0.00	0	|	rapi	0.00	0.00	0	|	49.0	8.13(49)	0.00(49)	|	1	
2533	28	ok	|	1.00	0.90	0.90	9.57	0.00	0	|	rapi	0.01	0.01	0	|	49.0	9.57(49)	0.01(49)	|	1	
2533	29	ok	|	1.00	0.89	0.89	11.15	0.00	0	|	rapi	0.01	0.01	0	|	49.0	11.15(49)	0.01(49)	|	1	
2533	30	ok	|	1.00	0.87	0.87	13.14	0.00	0	|	rapi	0.01	0.01	0	|	49.0	13.14(49)	0.01(49)	|	1	
2533	31	ok	|	1.00	0.85	0.85	15.43	0.00	0	|	rapi	0.01	0.01	0	|	49.0	15.43(49)	0.01(49)	|	1	
2533	32	ok	|	1.00	0.82	0.82	18.22	0.00	0	|	rapi	0.00	0.00	0	|	49.0	18.22(49)	0.00(49)	|	1	
2533	33	ok	|	1.00	0.79	0.79	21.35	0.00	0	|	rapi	0.01	0.01	0	|	49.0	21.35(49)	0.01(49)	|	1	
2533	34	ok	|	1.00	0.75	0.75	25.25	0.00	0	|	rapi	0.01	0.01	0	|	49.0	25.25(49)	0.01(49)	|	1	
2533	35	ok	|	1.00	0.71	0.71	29.13	0.00	0	|	rapi	0.01	0.01	0	|	49.0	29.13(49)	0.01(49)	|	1	
2533	36	ok	|	1.00	0.66	0.66	34.12	0.00	0	|	rapi	0.02	0.02	0	|	49.0	34.12(49)	0.02(49)	|	1	
2533	37	ok	|	1.00	0.60	0.60	40.15	0.00	0	|	rapi	0.02	0.02	0	|	49.0	40.15(49)	0.02(49)	|	1	
2533	38	ok	|	1.00	0.53	0.53	46.61	0.00	0	|	rapi	0.03	0.03	0	|	49.0	46.61(49)	0.03(49)	|	1	
2533	39	ok	|	1.00	0.46	0.46	53.85	0.00	0	|	rapi	0.03	0.03	0	|	49.0	53.85(49)	0.03(49)	|	1	
2533	40	ok	|	1.00	0.38	0.38	61.64	0.00	0	|	rapi	0.04	0.04	0	|	49.0	61.64(49)	0.04(49)	|	1	
2533	41	ok	|	1.00	0.30	0.30	69.77	0.00	0	|	rapi	0.05	0.05	0	|	49.0	69.77(49)	0.05(49)	|	1	
2533	42	ok	|	1.00	0.21	0.21	78.95	0.00	0	|	rapi	0.06	0.06	0	|	49.0	78.95(49)	0.06(49)	|	1	
2533	43	ok	|	1.00	0.15	0.15	86.20	0.00	0	|	rapi	0.07	0.07	0	|	49.0	86.20(49)	0.07(49)	|	1	
2533	44	ok	|	1.00	0.10	0.10	91.97	0.00	0	|	rapi	0.12	0.13	0	|	49.0	91.97(49)	0.13(49)	|	1	
2533	45	fail-w	|	1.00	0.09	0.09	93.18	0.00	0	|	rapi	0.25	0.28	0	|	49.0	93.18(49)	0.28(49)	|	1	
