2571	0	ok	|	0.10	1.00	1.00	0.10	0.00	0	|	rapi	0.00	0.00	0	|	16.0	0.10(16)		|	1	
2571	1	ok	|	0.11	1.00	1.00	0.11	0.00	0	|	rapi	0.00	0.00	0	|	16.0	0.11(16)		|	1	
2571	2	ok	|	0.11	1.00	1.00	0.14	0.00	0	|	rapi	0.00	0.00	0	|	16.0	0.14(16)		|	1	
2571	3	ok	|	0.14	1.00	1.00	0.17	0.00	0	|	rapi	0.00	0.00	0	|	16.0	0.17(16)		|	1	
2571	4	ok	|	0.15	1.00	1.00	0.18	0.00	0	|	rapi	0.00	0.00	0	|	16.0	0.18(16)		|	1	
2571	5	ok	|	0.18	1.00	1.00	0.24	0.00	0	|	rapi	0.00	0.00	0	|	16.0	0.24(16)		|	1	
2571	6	ok	|	0.23	1.00	1.00	0.31	0.00	0	|	rapi	0.00	0.00	0	|	16.0	0.31(16)		|	1	
2571	7	ok	|	0.24	1.00	1.00	0.34	0.00	0	|	rapi	0.00	0.00	0	|	16.0	0.34(16)		|	1	
2571	8	ok	|	0.25	1.00	1.00	0.38	0.00	0	|	rapi	0.00	0.00	0	|	16.0	0.38(16)		|	1	
2571	9	ok	|	0.29	1.00	1.00	0.46	0.00	0	|	rapi	0.00	0.00	0	|	16.0	0.46(16)		|	1	
2571	10	ok	|	0.33	0.99	0.99	0.54	0.00	0	|	rapi	0.00	0.00	0	|	16.0	0.54(16)		|	1	
2571	11	ok	|	0.37	0.99	0.99	0.61	0.00	0	|	rapi	0.00	0.00	0	|	16.0	0.61(16)		|	1	
2571	12	ok	|	0.43	0.99	0.99	0.72	0.00	0	|	rapi	0.00	0.00	0	|	16.0	0.72(16)		|	1	
2571	13	ok	|	0.47	0.99	0.99	0.81	0.00	0	|	rapi	0.00	0.00	0	|	16.0	0.81(16)		|	1	
2571	14	ok	|	0.51	0.99	0.99	0.99	0.00	0	|	rapi	0.00	0.00	0	|	16.0	0.99(16)		|	1	
2571	15	ok	|	0.61	0.99	0.99	1.22	0.00	0	|	rapi	0.00	0.00	0	|	16.0	1.22(16)		|	1	
2571	16	ok	|	0.67	0.98	0.98	1.51	0.00	0	|	rapi	0.00	0.00	0	|	16.0	1.51(16)		|	1	
2571	17	ok	|	0.71	0.98	0.98	1.66	0.00	0	|	rapi	0.00	0.00	0	|	16.0	1.66(16)		|	1	
2571	18	ok	|	0.79	0.98	0.98	2.04	0.00	0	|	rapi	0.00	0.00	0	|	16.0	2.04(16)		|	1	
2571	19	ok	|	0.83	0.98	0.98	2.44	0.00	0	|	rapi	0.00	0.00	0	|	16.0	2.44(16)		|	1	
2571	20	ok	|	0.87	0.97	0.97	2.75	0.00	0	|	rapi	0.00	0.00	0	|	16.0	2.75(16)		|	1	
2571	21	ok	|	0.89	0.97	0.97	3.12	0.00	0	|	rapi	0.00	0.00	0	|	16.0	3.12(16)		|	1	
2571	22	ok	|	0.94	0.96	0.96	3.69	0.00	0	|	rapi	0.00	0.00	0	|	16.0	3.69(16)		|	1	
2571	23	ok	|	0.97	0.96	0.96	4.42	0.00	0	|	rapi	0.00	0.00	0	|	16.0	4.42(16)		|	1	
2571	24	ok	|	0.98	0.95	0.95	5.12	0.00	0	|	rapi	0.00	0.00	0	|	16.0	5.12(16)		|	1	
2571	25	ok	|	0.98	0.94	0.94	5.96	0.00	0	|	rapi	0.00	0.00	0	|	16.0	5.96(16)	0.00(16)	|	1	
2571	26	ok	|	1.00	0.93	0.93	7.07	0.00	0	|	rapi	0.00	0.00	0	|	16.0	7.07(16)	0.00(16)	|	1	
2571	27	ok	|	1.00	0.92	0.92	8.16	0.00	0	|	rapi	0.00	0.00	0	|	16.0	8.16(16)		|	1	
2571	28	ok	|	1.00	0.90	0.90	9.60	0.00	0	|	rapi	0.00	0.00	0	|	16.0	9.60(16)		|	1	
2571	29	ok	|	1.00	0.89	0.89	11.25	0.00	0	|	rapi	0.00	0.00	0	|	16.0	11.25(16)		|	1	
2571	30	ok	|	1.00	0.87	0.87	13.01	0.00	0	|	rapi	0.00	0.00	0	|	16.0	13.01(16)		|	1	
2571	31	ok	|	1.00	0.84	0.84	15.55	0.00	0	|	rapi	0.00	0.00	0	|	16.0	15.55(16)		|	1	
2571	32	ok	|	1.00	0.82	0.82	18.23	0.00	0	|	rapi	0.00	0.00	0	|	16.0	18.23(16)		|	1	
2571	33	ok	|	1.00	0.78	0.78	21.72	0.00	0	|	rapi	0.00	0.00	0	|	16.0	21.72(16)		|	1	
2571	34	ok	|	1.00	0.74	0.74	25.80	0.00	0	|	rapi	0.00	0.00	0	|	16.0	25.80(16)		|	1	
2571	35	ok	|	1.00	0.69	0.69	30.62	0.00	0	|	rapi	0.00	0.00	0	|	16.0	30.62(16)		|	1	
2571	36	ok	|	1.00	0.64	0.64	35.70	0.00	0	|	rapi	0.00	0.00	0	|	16.0	35.70(16)	0.00(16)	|	1	
2571	37	ok	|	1.00	0.58	0.58	42.03	0.00	0	|	rapi	0.00	0.00	0	|	16.0	42.03(16)	0.00(16)	|	1	
2571	38	ok	|	1.00	0.51	0.51	48.77	0.00	0	|	rapi	0.00	0.00	0	|	16.0	48.77(16)	0.00(16)	|	1	
2571	39	ok	|	1.00	0.44	0.44	56.05	0.00	0	|	rapi	0.01	0.01	0	|	16.0	56.05(16)	0.01(16)	|	1	
2571	40	ok	|	1.00	0.35	0.35	64.56	0.00	0	|	rapi	0.01	0.01	0	|	16.0	64.56(16)	0.01(16)	|	1	
2571	41	ok	|	1.00	0.26	0.26	73.80	0.00	0	|	rapi	0.01	0.01	0	|	16.0	73.80(16)	0.01(16)	|	1	
2571	42	ok	|	1.00	0.17	0.17	83.39	0.00	0	|	rapi	0.02	0.02	0	|	16.0	83.39(16)	0.02(16)	|	1	
2571	43	fail-w	|	1.00	0.09	0.09	92.28	0.00	0	|	rapi	0.03	0.03	0	|	16.0	92.28(16)	0.03(16)	|	1	
