2584	0	ok	|	0.09	1.00	1.00	0.10	0.00	0	|	rapi	0.00	0.00	0	|	-72.0	0.10(-72)		|	22	
2584	1	ok	|	0.10	1.00	1.00	0.11	0.00	0	|	rapi	0.00	0.00	0	|	-72.0	0.11(-72)		|	22	
2584	2	ok	|	0.12	1.00	1.00	0.15	0.00	0	|	rapi	0.00	0.00	0	|	-72.0	0.15(-72)		|	22	
2584	3	ok	|	0.15	1.00	1.00	0.20	0.00	0	|	rapi	0.00	0.00	0	|	-72.0	0.20(-72)		|	22	
2584	4	ok	|	0.17	1.00	1.00	0.23	0.00	0	|	rapi	0.00	0.00	0	|	-72.0	0.23(-72)		|	22	
2584	5	ok	|	0.18	1.00	1.00	0.27	0.00	0	|	rapi	0.00	0.00	0	|	-72.0	0.27(-72)		|	22	
2584	6	ok	|	0.20	1.00	1.00	0.28	0.00	0	|	rapi	0.00	0.00	0	|	-72.0	0.28(-72)		|	22	
2584	7	ok	|	0.23	1.00	1.00	0.32	0.00	0	|	rapi	0.00	0.00	0	|	-72.0	0.32(-72)		|	22	
2584	8	ok	|	0.28	1.00	1.00	0.41	0.00	0	|	rapi	0.00	0.00	0	|	-72.0	0.41(-72)		|	22	
2584	9	ok	|	0.33	1.00	1.00	0.48	0.00	0	|	rapi	0.00	0.00	0	|	-72.0	0.48(-72)		|	22	
2584	10	ok	|	0.37	0.99	0.99	0.56	0.00	0	|	rapi	0.00	0.00	0	|	-72.0	0.56(-72)		|	22	
2584	11	ok	|	0.45	0.99	0.99	0.73	0.00	0	|	rapi	0.00	0.00	0	|	-72.0	0.73(-72)		|	22	
2584	12	ok	|	0.50	0.99	0.99	0.84	0.00	0	|	rapi	0.00	0.00	0	|	-72.0	0.84(-72)		|	22	
2584	13	ok	|	0.55	0.99	0.99	1.02	0.00	0	|	rapi	0.00	0.00	0	|	-72.0	1.02(-72)		|	22	
2584	14	ok	|	0.61	0.99	0.99	1.23	0.00	0	|	rapi	0.00	0.00	0	|	-72.0	1.23(-72)		|	22	
2584	15	ok	|	0.68	0.99	0.99	1.48	0.00	0	|	rapi	0.00	0.00	0	|	-72.0	1.48(-72)	0.00(-72)	|	22	
2584	16	ok	|	0.75	0.98	0.98	1.75	0.00	0	|	rapi	0.00	0.00	0	|	-72.0	1.75(-72)	0.00(-72)	|	22	
2584	17	ok	|	0.81	0.98	0.98	2.03	0.00	0	|	rapi	0.00	0.00	0	|	-72.0	2.03(-72)	0.00(-72)	|	22	
2584	18	ok	|	0.85	0.98	0.98	2.40	0.00	0	|	rapi	0.00	0.00	0	|	-72.0	2.40(-72)	0.00(-72)	|	22	
2584	19	ok	|	0.88	0.97	0.97	2.88	0.00	0	|	rapi	0.00	0.00	0	|	-72.0	2.88(-72)	0.00(-72)	|	22	
2584	20	ok	|	0.91	0.97	0.97	3.29	0.00	0	|	rapi	0.00	0.00	0	|	-72.0	3.29(-72)	0.00(-72)	|	22	
2584	21	ok	|	0.94	0.96	0.96	3.85	0.00	0	|	rapi	0.00	0.00	0	|	-72.0	3.85(-72)	0.00(-72)	|	22	
2584	22	ok	|	0.97	0.95	0.95	4.58	0.00	0	|	rapi	0.00	0.00	0	|	-72.0	4.58(-72)	0.00(-72)	|	22	
2584	23	ok	|	0.98	0.95	0.95	5.13	0.00	0	|	rapi	0.00	0.00	0	|	-72.0	5.13(-72)	0.00(-72)	|	22	
2584	24	ok	|	0.99	0.94	0.94	5.96	0.00	0	|	rapi	0.00	0.00	0	|	-72.0	5.96(-72)	0.00(-72)	|	22	
2584	25	ok	|	0.99	0.93	0.93	7.06	0.00	0	|	rapi	0.01	0.01	0	|	-72.0	7.06(-72)	0.01(-72)	|	22	
2584	26	ok	|	1.00	0.92	0.92	8.20	0.00	0	|	rapi	0.00	0.00	0	|	-72.0	8.20(-72)	0.00(-72)	|	22	
2584	27	ok	|	1.00	0.90	0.90	9.62	0.00	0	|	rapi	0.00	0.00	0	|	-72.0	9.62(-72)	0.00(-72)	|	22	
2584	28	ok	|	1.00	0.88	0.88	11.60	0.00	0	|	rapi	0.00	0.00	0	|	-72.0	11.60(-72)	0.00(-72)	|	22	
2584	29	ok	|	1.00	0.86	0.86	13.69	0.00	0	|	rapi	0.00	0.00	0	|	-72.0	13.69(-72)	0.00(-72)	|	22	
2584	30	ok	|	1.00	0.84	0.84	15.96	0.00	0	|	rapi	0.00	0.00	0	|	-72.0	15.96(-72)	0.00(-72)	|	22	
2584	31	ok	|	1.00	0.81	0.81	18.53	0.00	0	|	rapi	0.01	0.01	0	|	-72.0	18.53(-72)	0.01(-72)	|	22	
2584	32	ok	|	1.00	0.78	0.78	21.76	0.00	0	|	rapi	0.01	0.01	0	|	-72.0	21.76(-72)	0.01(-72)	|	22	
2584	33	ok	|	1.00	0.75	0.75	25.28	0.00	0	|	rapi	0.01	0.01	0	|	-72.0	25.28(-72)	0.01(-72)	|	22	
2584	34	ok	|	1.00	0.70	0.70	29.84	0.00	0	|	rapi	0.00	0.00	0	|	-72.0	29.84(-72)	0.00(-72)	|	22	
2584	35	ok	|	1.00	0.65	0.65	34.72	0.00	0	|	rapi	0.01	0.01	0	|	-72.0	34.72(-72)	0.01(-72)	|	22	
2584	36	ok	|	1.00	0.59	0.59	40.82	0.00	0	|	rapi	0.01	0.01	0	|	-72.0	40.82(-72)	0.01(-72)	|	22	
2584	37	ok	|	1.00	0.52	0.52	47.58	0.00	0	|	rapi	0.02	0.02	0	|	-72.0	47.58(-72)	0.02(-72)	|	22	
2584	38	ok	|	1.00	0.45	0.45	55.00	0.00	0	|	rapi	0.02	0.02	0	|	-72.0	55.00(-72)	0.02(-72)	|	22	
2584	39	ok	|	1.00	0.36	0.36	63.88	0.00	0	|	rapi	0.02	0.02	0	|	-72.0	63.88(-72)	0.02(-72)	|	22	
2584	40	ok	|	1.00	0.27	0.27	73.06	0.00	0	|	rapi	0.03	0.03	0	|	-72.0	73.06(-72)	0.03(-72)	|	22	
2584	41	ok	|	1.00	0.18	0.18	82.51	0.00	0	|	rapi	0.05	0.05	0	|	-72.0	82.51(-72)	0.05(-72)	|	22	
2584	42	ok	|	1.00	0.11	0.11	90.73	0.00	0	|	rapi	0.07	0.07	0	|	-72.0	90.73(-72)	0.07(-72)	|	22	
2584	43	fail-w	|	1.00	0.07	0.07	95.64	0.00	0	|	rapi	0.13	0.14	0	|	-72.0	95.64(-72)	0.14(-72)	|	22	
