2642	0	ok	|	0.09	1.00	1.00	0.10	0.00	0	|	rapi	0.00	0.00	0	|	-48.0	0.10(-48)		|	3	
2642	1	ok	|	0.10	1.00	1.00	0.10	0.00	0	|	rapi	0.00	0.00	0	|	-48.0	0.10(-48)		|	3	
2642	2	ok	|	0.11	1.00	1.00	0.13	0.00	0	|	rapi	0.00	0.00	0	|	-48.0	0.13(-48)		|	3	
2642	3	ok	|	0.14	1.00	1.00	0.17	0.00	0	|	rapi	0.00	0.00	0	|	-48.0	0.17(-48)		|	3	
2642	4	ok	|	0.17	1.00	1.00	0.22	0.00	0	|	rapi	0.00	0.00	0	|	-48.0	0.22(-48)		|	3	
2642	5	ok	|	0.18	1.00	1.00	0.24	0.00	0	|	rapi	0.00	0.00	0	|	-48.0	0.24(-48)		|	3	
2642	6	ok	|	0.21	1.00	1.00	0.28	0.00	0	|	rapi	0.00	0.00	0	|	-48.0	0.28(-48)		|	3	
2642	7	ok	|	0.23	1.00	1.00	0.32	0.00	0	|	rapi	0.00	0.00	0	|	-48.0	0.32(-48)		|	3	
2642	8	ok	|	0.26	1.00	1.00	0.38	0.00	0	|	rapi	0.00	0.00	0	|	-48.0	0.38(-48)		|	3	
2642	9	ok	|	0.29	1.00	1.00	0.42	0.00	0	|	rapi	0.00	0.00	0	|	-48.0	0.42(-48)		|	3	
2642	10	ok	|	0.32	1.00	1.00	0.49	0.00	0	|	rapi	0.00	0.00	0	|	-48.0	0.49(-48)		|	3	
2642	11	ok	|	0.35	0.99	0.99	0.53	0.00	0	|	rapi	0.00	0.00	0	|	-48.0	0.53(-48)		|	3	
2642	12	ok	|	0.39	0.99	0.99	0.64	0.00	0	|	rapi	0.00	0.00	0	|	-48.0	0.64(-48)		|	3	
2642	13	ok	|	0.45	0.99	0.99	0.73	0.00	0	|	rapi	0.00	0.00	0	|	-48.0	0.73(-48)		|	3	
2642	14	ok	|	0.48	0.99	0.99	0.80	0.00	0	|	rapi	0.00	0.00	0	|	-48.0	0.80(-48)		|	3	
2642	15	ok	|	0.56	0.99	0.99	0.99	0.00	0	|	rapi	0.00	0.00	0	|	-48.0	0.99(-48)		|	3	
2642	16	ok	|	0.61	0.99	0.99	1.12	0.00	0	|	rapi	0.00	0.00	0	|	-48.0	1.12(-48)		|	3	
2642	17	ok	|	0.65	0.99	0.99	1.29	0.00	0	|	rapi	0.00	0.00	0	|	-48.0	1.29(-48)		|	3	
2642	18	ok	|	0.69	0.99	0.99	1.49	0.00	0	|	rapi	0.00	0.00	0	|	-48.0	1.49(-48)		|	3	
2642	19	ok	|	0.75	0.98	0.98	1.73	0.00	0	|	rapi	0.00	0.00	0	|	-48.0	1.73(-48)		|	3	
2642	20	ok	|	0.79	0.98	0.98	2.10	0.00	0	|	rapi	0.00	0.00	0	|	-48.0	2.10(-48)		|	3	
2642	21	ok	|	0.84	0.98	0.98	2.38	0.00	0	|	rapi	0.00	0.00	0	|	-48.0	2.38(-48)		|	3	
2642	22	ok	|	0.88	0.97	0.97	2.80	0.00	0	|	rapi	0.00	0.00	0	|	-48.0	2.80(-48)		|	3	
2642	23	ok	|	0.94	0.97	0.97	3.42	0.00	0	|	rapi	0.00	0.00	0	|	-48.0	3.42(-48)		|	3	
2642	24	ok	|	0.94	0.96	0.96	3.95	0.00	0	|	rapi	0.00	0.00	0	|	-48.0	3.95(-48)		|	3	
2642	25	ok	|	0.97	0.95	0.95	4.62	0.00	0	|	rapi	0.00	0.00	0	|	-48.0	4.62(-48)		|	3	
2642	26	ok	|	0.98	0.94	0.94	5.54	0.00	0	|	rapi	0.00	0.00	0	|	-48.0	5.54(-48)		|	3	
2642	27	ok	|	0.99	0.94	0.94	6.35	0.00	0	|	rapi	0.00	0.00	0	|	-48.0	6.35(-48)		|	3	
2642	28	ok	|	1.00	0.93	0.93	7.32	0.00	0	|	rapi	0.00	0.00	0	|	-48.0	7.32(-48)		|	3	
2642	29	ok	|	1.00	0.91	0.91	8.64	0.00	0	|	rapi	0.00	0.00	0	|	-48.0	8.64(-48)		|	3	
2642	30	ok	|	1.00	0.90	0.90	9.91	0.00	0	|	rapi	0.00	0.00	0	|	-48.0	9.91(-48)		|	3	
2642	31	ok	|	1.00	0.88	0.88	11.73	0.00	0	|	rapi	0.00	0.00	0	|	-48.0	11.73(-48)		|	3	
2642	32	ok	|	1.00	0.86	0.86	13.61	0.00	0	|	rapi	0.00	0.00	0	|	-48.0	13.61(-48)		|	3	
2642	33	ok	|	1.00	0.84	0.84	15.98	0.00	0	|	rapi	0.00	0.00	0	|	-48.0	15.98(-48)		|	3	
2642	34	ok	|	1.00	0.81	0.81	18.61	0.00	0	|	rapi	0.00	0.00	0	|	-48.0	18.61(-48)		|	3	
2642	35	ok	|	1.00	0.78	0.78	21.75	0.00	0	|	rapi	0.00	0.00	0	|	-48.0	21.75(-48)		|	3	
2642	36	ok	|	1.00	0.75	0.75	25.45	0.00	0	|	rapi	0.00	0.00	0	|	-48.0	25.45(-48)		|	3	
2642	37	ok	|	1.00	0.70	0.70	29.81	0.00	0	|	rapi	0.00	0.00	0	|	-48.0	29.81(-48)		|	3	
2642	38	ok	|	1.00	0.65	0.65	34.85	0.00	0	|	rapi	0.00	0.00	0	|	-48.0	34.85(-48)		|	3	
2642	39	ok	|	1.00	0.59	0.59	40.63	0.00	0	|	rapi	0.00	0.00	0	|	-48.0	40.63(-48)	0.00(-48)	|	3	
2642	40	ok	|	1.00	0.53	0.53	47.24	0.00	0	|	rapi	0.00	0.00	0	|	-48.0	47.24(-48)		|	3	
2642	41	ok	|	1.00	0.45	0.45	55.26	0.00	0	|	rapi	0.00	0.00	0	|	-48.0	55.26(-48)		|	3	
2642	42	ok	|	1.00	0.36	0.36	63.75	0.00	0	|	rapi	0.00	0.00	0	|	-48.0	63.75(-48)	0.00(-48)	|	3	
2642	43	ok	|	1.00	0.27	0.27	73.19	0.00	0	|	rapi	0.00	0.00	0	|	-48.0	73.19(-48)		|	3	
2642	44	ok	|	1.00	0.17	0.17	83.28	0.00	0	|	rapi	0.00	0.00	0	|	-48.0	83.28(-48)	0.00(-48)	|	3	
2642	45	fail-w	|	1.00	0.09	0.09	92.74	0.00	0	|	rapi	0.01	0.01	0	|	-48.0	92.74(-48)	0.01(-48)	|	3	
