2673	0	ok	|	0.10	1.00	1.00	0.10	0.00	0	|	rapi	0.00	0.00	0	|	-65.0	0.10(-65)		|	1	
2673	1	ok	|	0.11	1.00	1.00	0.12	0.00	0	|	rapi	0.00	0.00	0	|	-65.0	0.12(-65)		|	1	
2673	2	ok	|	0.12	1.00	1.00	0.14	0.00	0	|	rapi	0.00	0.00	0	|	-65.0	0.14(-65)		|	1	
2673	3	ok	|	0.15	1.00	1.00	0.18	0.00	0	|	rapi	0.00	0.00	0	|	-65.0	0.18(-65)		|	1	
2673	4	ok	|	0.17	1.00	1.00	0.23	0.00	0	|	rapi	0.00	0.00	0	|	-65.0	0.23(-65)		|	1	
2673	5	ok	|	0.21	1.00	1.00	0.27	0.00	0	|	rapi	0.00	0.00	0	|	-65.0	0.27(-65)		|	1	
2673	6	ok	|	0.23	1.00	1.00	0.32	0.00	0	|	rapi	0.00	0.00	0	|	-65.0	0.32(-65)		|	1	
2673	7	ok	|	0.23	1.00	1.00	0.33	0.00	0	|	rapi	0.00	0.00	0	|	-65.0	0.33(-65)		|	1	
2673	8	ok	|	0.29	1.00	1.00	0.41	0.00	0	|	rapi	0.00	0.00	0	|	-65.0	0.41(-65)		|	1	
2673	9	ok	|	0.34	0.99	0.99	0.52	0.00	0	|	rapi	0.00	0.00	0	|	-65.0	0.52(-65)		|	1	
2673	10	ok	|	0.37	0.99	0.99	0.59	0.00	0	|	rapi	0.00	0.00	0	|	-65.0	0.59(-65)		|	1	
2673	11	ok	|	0.43	0.99	0.99	0.75	0.00	0	|	rapi	0.00	0.00	0	|	-65.0	0.75(-65)		|	1	
2673	12	ok	|	0.49	0.99	0.99	0.88	0.00	0	|	rapi	0.00	0.00	0	|	-65.0	0.88(-65)		|	1	
2673	13	ok	|	0.57	0.99	0.99	1.09	0.00	0	|	rapi	0.00	0.00	0	|	-65.0	1.09(-65)		|	1	
2673	14	ok	|	0.63	0.99	0.99	1.27	0.00	0	|	rapi	0.00	0.00	0	|	-65.0	1.27(-65)		|	1	
2673	15	ok	|	0.69	0.98	0.98	1.50	0.00	0	|	rapi	0.00	0.00	0	|	-65.0	1.50(-65)		|	1	
2673	16	ok	|	0.75	0.98	0.98	1.83	0.00	0	|	rapi	0.00	0.00	0	|	-65.0	1.83(-65)		|	1	
2673	17	ok	|	0.80	0.98	0.98	2.19	0.00	0	|	rapi	0.00	0.00	0	|	-65.0	2.19(-65)		|	1	
2673	18	ok	|	0.86	0.97	0.97	2.63	0.00	0	|	rapi	0.00	0.00	0	|	-65.0	2.63(-65)		|	1	
2673	19	ok	|	0.91	0.97	0.97	3.16	0.00	0	|	rapi	0.00	0.00	0	|	-65.0	3.16(-65)		|	1	
2673	20	ok	|	0.93	0.96	0.96	3.68	0.00	0	|	rapi	0.00	0.00	0	|	-65.0	3.68(-65)		|	1	
2673	21	ok	|	0.96	0.96	0.96	4.32	0.00	0	|	rapi	0.00	0.00	0	|	-65.0	4.32(-65)		|	1	
2673	22	ok	|	0.98	0.95	0.95	5.00	0.00	0	|	rapi	0.00	0.00	0	|	-65.0	5.00(-65)		|	1	
2673	23	ok	|	0.99	0.94	0.94	5.79	0.00	0	|	rapi	0.00	0.00	0	|	-65.0	5.79(-65)		|	1	
2673	24	ok	|	1.00	0.93	0.93	6.84	0.00	0	|	rapi	0.00	0.00	0	|	-65.0	6.84(-65)		|	1	
2673	25	ok	|	1.00	0.92	0.92	7.93	0.00	0	|	rapi	0.00	0.00	0	|	-65.0	7.93(-65)		|	1	
2673	26	ok	|	1.00	0.90	0.90	9.61	0.00	0	|	rapi	0.00	0.00	0	|	-65.0	9.61(-65)		|	1	
2673	27	ok	|	1.00	0.89	0.89	11.48	0.00	0	|	rapi	0.00	0.00	0	|	-65.0	11.48(-65)		|	1	
2673	28	ok	|	1.00	0.86	0.86	13.82	0.00	0	|	rapi	0.00	0.00	0	|	-65.0	13.82(-65)		|	1	
2673	29	ok	|	1.00	0.84	0.84	16.37	0.00	0	|	rapi	0.00	0.00	0	|	-65.0	16.37(-65)		|	1	
2673	30	ok	|	1.00	0.80	0.80	19.53	0.00	0	|	rapi	0.00	0.00	0	|	-65.0	19.53(-65)		|	1	
2673	31	ok	|	1.00	0.77	0.77	23.19	0.00	0	|	rapi	0.00	0.00	0	|	-65.0	23.19(-65)		|	1	
2673	32	ok	|	1.00	0.73	0.73	27.29	0.00	0	|	rapi	0.00	0.00	0	|	-65.0	27.29(-65)		|	1	
2673	33	ok	|	1.00	0.68	0.68	31.80	0.00	0	|	rapi	0.00	0.00	0	|	-65.0	31.80(-65)		|	1	
2673	34	ok	|	1.00	0.63	0.63	37.48	0.00	0	|	rapi	0.00	0.00	0	|	-65.0	37.48(-65)		|	1	
2673	35	ok	|	1.00	0.56	0.56	44.10	0.00	0	|	rapi	0.00	0.00	0	|	-65.0	44.10(-65)		|	1	
2673	36	ok	|	1.00	0.49	0.49	51.31	0.00	0	|	rapi	0.00	0.00	0	|	-65.0	51.31(-65)		|	1	
2673	37	ok	|	1.00	0.41	0.41	59.32	0.00	0	|	rapi	0.00	0.00	0	|	-65.0	59.32(-65)		|	1	
2673	38	ok	|	1.00	0.32	0.32	68.44	0.00	0	|	rapi	0.00	0.00	0	|	-65.0	68.44(-65)	0.00(-65)	|	1	
2673	39	ok	|	1.00	0.22	0.22	77.86	0.00	0	|	rapi	0.00	0.00	0	|	-65.0	77.86(-65)	0.00(-65)	|	1	
2673	40	ok	|	1.00	0.14	0.14	86.73	0.00	0	|	rapi	0.01	0.01	0	|	-65.0	86.73(-65)	0.01(-65)	|	1	
2673	41	fail-w	|	1.00	0.07	0.07	94.74	0.00	0	|	rapi	0.01	0.01	0	|	-65.0	94.74(-65)	0.01(-65)	|	1	
