2705	0	ok	|	0.09	1.00	1.00	0.10	0.00	0	|	rapi	0.09	0.10	0	|	99.0	0.10(99)	0.10(99)	|	4669	
2705	1	ok	|	0.09	1.00	1.00	0.10	0.00	0	|	rapi	0.09	0.10	0	|	99.0	0.10(99)	0.10(99)	|	4669	
2705	2	ok	|	0.09	1.00	1.00	0.09	0.00	0	|	rapi	0.09	0.09	0	|	99.0	0.09(99)	0.09(99)	|	4669	
2705	3	ok	|	0.07	1.00	1.00	0.08	0.00	0	|	rapi	0.07	0.08	0	|	99.0	0.08(99)	0.08(99)	|	4669	
2705	4	ok	|	0.08	1.00	1.00	0.08	0.00	0	|	rapi	0.08	0.08	0	|	99.0	0.08(99)	0.08(99)	|	4669	
2705	5	ok	|	0.08	1.00	1.00	0.09	0.00	0	|	rapi	0.08	0.09	0	|	99.0	0.09(99)	0.09(99)	|	4669	
2705	6	ok	|	0.10	1.00	1.00	0.10	0.00	0	|	rapi	0.10	0.10	0	|	99.0	0.10(99)	0.10(99)	|	4669	
2705	7	ok	|	0.08	1.00	1.00	0.08	0.00	0	|	rapi	0.08	0.08	0	|	99.0	0.08(99)	0.08(99)	|	4669	
2705	8	ok	|	0.07	1.00	1.00	0.07	0.00	0	|	rapi	0.07	0.07	0	|	99.0	0.07(99)	0.07(99)	|	4669	
2705	9	ok	|	0.07	1.00	1.00	0.07	0.00	0	|	rapi	0.07	0.07	0	|	99.0	0.07(99)	0.07(99)	|	4669	
2705	10	ok	|	0.07	1.00	1.00	0.07	0.00	0	|	rapi	0.07	0.07	0	|	99.0	0.07(99)	0.07(99)	|	4669	
2705	11	ok	|	0.06	1.00	1.00	0.06	0.00	0	|	rapi	0.06	0.06	0	|	99.0	0.06(99)	0.06(99)	|	4669	
2705	12	ok	|	0.06	1.00	1.00	0.06	0.00	0	|	rapi	0.06	0.06	0	|	99.0	0.06(99)	0.06(99)	|	4669	
2705	13	ok	|	0.06	1.00	1.00	0.06	0.00	0	|	rapi	0.06	0.06	0	|	99.0	0.06(99)	0.06(99)	|	4669	
2705	14	ok	|	0.06	1.00	1.00	0.07	0.00	0	|	rapi	0.06	0.07	0	|	99.0	0.07(99)	0.07(99)	|	4669	
2705	15	ok	|	0.06	1.00	1.00	0.06	0.00	0	|	rapi	0.06	0.06	0	|	99.0	0.06(99)	0.06(99)	|	4669	
2705	16	ok	|	0.06	1.00	1.00	0.06	0.00	0	|	rapi	0.06	0.06	0	|	99.0	0.06(99)	0.06(99)	|	4669	
2705	17	ok	|	0.06	1.00	1.00	0.06	0.00	0	|	rapi	0.06	0.06	0	|	99.0	0.06(99)	0.06(99)	|	4669	
2705	18	ok	|	0.06	1.00	1.00	0.07	0.00	0	|	rapi	0.06	0.07	0	|	99.0	0.07(99)	0.07(99)	|	4669	
2705	19	ok	|	0.07	1.00	1.00	0.07	0.00	0	|	rapi	0.07	0.07	0	|	99.0	0.07(99)	0.07(99)	|	4669	
2705	20	ok	|	0.06	1.00	1.00	0.06	0.00	0	|	rapi	0.06	0.06	0	|	99.0	0.06(99)	0.06(99)	|	4669	
2705	21	ok	|	0.06	1.00	1.00	0.06	0.00	0	|	rapi	0.06	0.06	0	|	99.0	0.06(99)	0.06(99)	|	4669	
2705	22	ok	|	0.06	1.00	1.00	0.06	0.00	0	|	rapi	0.06	0.06	0	|	99.0	0.06(99)	0.06(99)	|	4669	
2705	23	ok	|	0.04	1.00	1.00	0.04	0.00	0	|	rapi	0.04	0.04	0	|	99.0	0.04(99)	0.04(99)	|	4669	
2705	24	ok	|	0.03	1.00	1.00	0.03	0.00	0	|	rapi	0.03	0.03	0	|	99.0	0.03(99)	0.03(99)	|	4669	
2705	25	ok	|	0.03	1.00	1.00	0.03	0.00	0	|	rapi	0.03	0.03	0	|	99.0	0.03(99)	0.03(99)	|	4669	
2705	26	ok	|	0.02	1.00	1.00	0.02	0.00	0	|	rapi	0.02	0.02	0	|	99.0	0.02(99)	0.02(99)	|	4669	
2705	27	ok	|	0.03	1.00	1.00	0.03	0.00	0	|	rapi	0.03	0.03	0	|	99.0	0.03(99)	0.03(99)	|	4669	
2705	28	ok	|	0.03	1.00	1.00	0.03	0.00	0	|	rapi	0.03	0.03	0	|	99.0	0.03(99)	0.03(99)	|	4669	
2705	29	ok	|	0.03	1.00	1.00	0.03	0.00	0	|	rapi	0.03	0.03	0	|	99.0	0.03(99)	0.03(99)	|	4669	
2705	30	ok	|	0.02	1.00	1.00	0.02	0.00	0	|	rapi	0.02	0.02	0	|	99.0	0.02(99)	0.02(99)	|	4669	
2705	31	ok	|	0.03	1.00	1.00	0.03	0.00	0	|	rapi	0.03	0.03	0	|	99.0	0.03(99)	0.03(99)	|	4669	
2705	32	ok	|	0.02	1.00	1.00	0.02	0.00	0	|	rapi	0.02	0.02	0	|	99.0	0.02(99)	0.02(99)	|	4669	
2705	33	ok	|	0.02	1.00	1.00	0.02	0.00	0	|	rapi	0.02	0.02	0	|	99.0	0.02(99)	0.02(99)	|	4669	
2705	34	ok	|	0.01	1.00	1.00	0.01	0.00	0	|	rapi	0.01	0.01	0	|	99.0	0.01(99)	0.01(99)	|	4669	
2705	35	ok	|	0.01	1.00	1.00	0.01	0.00	0	|	rapi	0.01	0.01	0	|	99.0	0.01(99)	0.01(99)	|	4669	
2705	36	ok	|	0.02	1.00	1.00	0.02	0.00	0	|	rapi	0.02	0.02	0	|	99.0	0.02(99)	0.02(99)	|	4669	
2705	37	ok	|	0.02	1.00	1.00	0.02	0.01	0	|	rapi	0.02	0.02	0	|	99.0	0.02(99)	0.02(99)	|	4669	
2705	38	ok	|	0.04	1.00	1.00	0.04	0.01	0	|	rapi	0.04	0.04	0	|	99.0	0.04(99)	0.04(99)	|	4669	
2705	39	ok	|	0.05	1.00	1.00	0.05	0.01	0	|	rapi	0.05	0.05	0	|	99.0	0.05(99)	0.05(99)	|	4669	
2705	40	ok	|	0.06	1.00	1.00	0.06	0.01	0	|	rapi	0.06	0.06	0	|	99.0	0.06(99)	0.06(99)	|	4669	
2705	41	ok	|	0.06	1.00	1.00	0.06	0.02	0	|	rapi	0.06	0.06	0	|	99.0	0.06(99)	0.06(99)	|	4669	
2705	42	ok	|	0.05	1.00	1.00	0.05	0.01	0	|	rapi	0.05	0.05	0	|	99.0	0.05(99)	0.05(99)	|	4669	
2705	43	ok	|	0.04	1.00	1.00	0.04	0.01	0	|	rapi	0.04	0.04	0	|	99.0	0.04(99)	0.04(99)	|	4669	
2705	44	ok	|	0.04	1.00	1.00	0.04	0.01	0	|	rapi	0.04	0.04	0	|	99.0	0.04(99)	0.04(99)	|	4669	
2705	45	ok	|	0.04	1.00	1.00	0.04	0.01	0	|	rapi	0.04	0.04	0	|	99.0	0.04(99)	0.04(99)	|	4669	
2705	46	ok	|	0.04	1.00	1.00	0.04	0.01	0	|	rapi	0.04	0.04	0	|	99.0	0.04(99)	0.04(99)	|	4669	
2705	47	ok	|	0.03	1.00	1.00	0.03	0.01	0	|	rapi	0.03	0.03	0	|	99.0	0.03(99)	0.03(99)	|	4669	
2705	48	ok	|	0.04	1.00	1.00	0.04	0.01	0	|	rapi	0.04	0.04	0	|	99.0	0.04(99)	0.04(99)	|	4669	
2705	49	ok	|	0.05	1.00	1.00	0.05	0.01	0	|	rapi	0.05	0.05	0	|	99.0	0.05(99)	0.05(99)	|	4669	
2705	50	ok	|	0.05	1.00	1.00	0.05	0.01	0	|	rapi	0.05	0.05	0	|	99.0	0.05(99)	0.05(99)	|	4669	
2705	51	ok	|	0.06	1.00	1.00	0.06	0.01	0	|	rapi	0.06	0.06	0	|	99.0	0.06(99)	0.06(99)	|	4669	
2705	52	ok	|	0.06	1.00	1.00	0.06	0.02	0	|	rapi	0.06	0.06	0	|	99.0	0.06(99)	0.06(99)	|	4669	
2705	53	ok	|	0.07	1.00	1.00	0.07	0.02	0	|	rapi	0.07	0.07	0	|	99.0	0.07(99)	0.07(99)	|	4669	
2705	54	ok	|	0.08	1.00	1.00	0.08	0.02	0	|	rapi	0.08	0.08	0	|	99.0	0.08(99)	0.08(99)	|	4669	
2705	55	ok	|	0.08	1.00	1.00	0.08	0.02	0	|	rapi	0.08	0.08	0	|	99.0	0.08(99)	0.08(99)	|	4669	
2705	56	ok	|	0.08	1.00	1.00	0.08	0.02	0	|	rapi	0.08	0.08	0	|	99.0	0.08(99)	0.08(99)	|	4669	
2705	57	ok	|	0.08	1.00	1.00	0.08	0.02	0	|	rapi	0.08	0.08	0	|	99.0	0.08(99)	0.08(99)	|	4669	
2705	58	ok	|	0.08	1.00	1.00	0.08	0.02	0	|	rapi	0.08	0.08	0	|	99.0	0.08(99)	0.08(99)	|	4669	
2705	59	ok	|	0.08	1.00	1.00	0.08	0.02	0	|	rapi	0.08	0.08	0	|	99.0	0.08(99)	0.08(99)	|	4669	
2705	60	ok	|	0.07	1.00	1.00	0.07	0.02	0	|	rapi	0.07	0.07	0	|	99.0	0.07(99)	0.07(99)	|	4669	
2705	61	ok	|	0.06	1.00	1.00	0.06	0.02	0	|	rapi	0.06	0.06	0	|	99.0	0.06(99)	0.06(99)	|	4669	
2705	62	ok	|	0.07	1.00	1.00	0.07	0.02	0	|	rapi	0.07	0.07	0	|	99.0	0.07(99)	0.07(99)	|	4669	
2705	63	ok	|	0.07	1.00	1.00	0.08	0.02	0	|	rapi	0.07	0.08	0	|	99.0	0.08(99)	0.08(99)	|	4669	
2705	64	ok	|	0.08	1.00	1.00	0.08	0.02	0	|	rapi	0.08	0.08	0	|	99.0	0.08(99)	0.08(99)	|	4669	
2705	65	ok	|	0.08	1.00	1.00	0.08	0.02	0	|	rapi	0.08	0.08	0	|	99.0	0.08(99)	0.08(99)	|	4669	
2705	66	ok	|	0.08	1.00	1.00	0.08	0.02	0	|	rapi	0.08	0.08	0	|	99.0	0.08(99)	0.08(99)	|	4669	
2705	67	ok	|	0.09	1.00	1.00	0.09	0.02	0	|	rapi	0.09	0.09	0	|	99.0	0.09(99)	0.09(99)	|	4669	
2705	68	ok	|	0.10	1.00	1.00	0.10	0.03	0	|	rapi	0.10	0.10	0	|	99.0	0.10(99)	0.10(99)	|	4669	
2705	69	ok	|	0.10	1.00	1.00	0.10	0.03	0	|	rapi	0.10	0.10	0	|	99.0	0.10(99)	0.10(99)	|	4669	
2705	70	ok	|	0.11	1.00	1.00	0.11	0.03	0	|	rapi	0.11	0.11	0	|	99.0	0.11(99)	0.11(99)	|	4669	
2705	71	ok	|	0.11	1.00	1.00	0.11	0.03	0	|	rapi	0.11	0.11	0	|	99.0	0.11(99)	0.11(99)	|	4669	
2705	72	ok	|	0.10	1.00	1.00	0.11	0.03	0	|	rapi	0.10	0.11	0	|	99.0	0.11(99)	0.11(99)	|	4669	
2705	73	ok	|	0.13	1.00	1.00	0.13	0.03	0	|	rapi	0.13	0.13	0	|	99.0	0.13(99)	0.13(99)	|	4669	
2705	74	ok	|	0.12	1.00	1.00	0.12	0.03	0	|	rapi	0.12	0.12	0	|	99.0	0.12(99)	0.12(99)	|	4669	
2705	75	ok	|	0.12	1.00	1.00	0.12	0.03	0	|	rapi	0.12	0.12	0	|	99.0	0.12(99)	0.12(99)	|	4669	
2705	76	ok	|	0.10	1.00	1.00	0.10	0.02	0	|	rapi	0.10	0.10	0	|	99.0	0.10(99)	0.10(99)	|	4669	
2705	77	ok	|	0.10	1.00	1.00	0.10	0.02	0	|	rapi	0.10	0.10	0	|	99.0	0.10(99)	0.10(99)	|	4669	
2705	78	ok	|	0.09	1.00	1.00	0.09	0.02	0	|	rapi	0.09	0.09	0	|	99.0	0.09(99)	0.09(99)	|	4669	
2705	79	ok	|	0.07	1.00	1.00	0.07	0.02	0	|	rapi	0.07	0.07	0	|	99.0	0.07(99)	0.07(99)	|	4669	
2705	80	ok	|	0.07	1.00	1.00	0.07	0.02	0	|	rapi	0.07	0.07	0	|	99.0	0.07(99)	0.07(99)	|	4669	
2705	81	ok	|	0.08	1.00	1.00	0.08	0.02	0	|	rapi	0.08	0.08	0	|	99.0	0.08(99)	0.08(99)	|	4669	
2705	82	ok	|	0.08	1.00	1.00	0.08	0.02	0	|	rapi	0.08	0.08	0	|	99.0	0.08(99)	0.08(99)	|	4669	
2705	83	ok	|	0.09	1.00	1.00	0.09	0.02	0	|	rapi	0.09	0.09	0	|	99.0	0.09(99)	0.09(99)	|	4669	
2705	84	ok	|	0.08	1.00	1.00	0.08	0.02	0	|	rapi	0.08	0.08	0	|	99.0	0.08(99)	0.08(99)	|	4669	
2705	85	ok	|	0.07	1.00	1.00	0.07	0.02	0	|	rapi	0.07	0.07	0	|	99.0	0.07(99)	0.07(99)	|	4669	
2705	86	ok	|	0.06	1.00	1.00	0.06	0.02	0	|	rapi	0.06	0.06	0	|	99.0	0.06(99)	0.06(99)	|	4669	
2705	87	ok	|	0.06	1.00	1.00	0.06	0.01	0	|	rapi	0.06	0.06	0	|	99.0	0.06(99)	0.06(99)	|	4669	
2705	88	ok	|	0.06	1.00	1.00	0.06	0.02	0	|	rapi	0.06	0.06	0	|	99.0	0.06(99)	0.06(99)	|	4669	
2705	89	ok	|	0.08	1.00	1.00	0.09	0.02	0	|	rapi	0.08	0.09	0	|	99.0	0.09(99)	0.09(99)	|	4669	
2705	90	ok	|	0.08	1.00	1.00	0.09	0.02	0	|	rapi	0.08	0.09	0	|	99.0	0.09(99)	0.09(99)	|	4669	
2705	91	ok	|	0.09	1.00	1.00	0.09	0.02	0	|	rapi	0.09	0.09	0	|	99.0	0.09(99)	0.09(99)	|	4669	
2705	92	ok	|	0.10	1.00	1.00	0.10	0.03	0	|	rapi	0.10	0.10	0	|	99.0	0.10(99)	0.10(99)	|	4669	
2705	93	ok	|	0.10	1.00	1.00	0.10	0.02	0	|	rapi	0.10	0.10	0	|	99.0	0.10(99)	0.10(99)	|	4669	
2705	94	ok	|	0.09	1.00	1.00	0.09	0.02	0	|	rapi	0.09	0.09	0	|	99.0	0.09(99)	0.09(99)	|	4669	
2705	95	ok	|	0.10	1.00	1.00	0.10	0.03	0	|	rapi	0.10	0.10	0	|	99.0	0.10(99)	0.10(99)	|	4669	
2705	96	ok	|	0.09	1.00	1.00	0.10	0.02	0	|	rapi	0.09	0.10	0	|	99.0	0.10(99)	0.10(99)	|	4669	
2705	97	ok	|	0.08	1.00	1.00	0.08	0.02	0	|	rapi	0.08	0.08	0	|	99.0	0.08(99)	0.08(99)	|	4669	
2705	98	ok	|	0.07	1.00	1.00	0.07	0.02	0	|	rapi	0.07	0.07	0	|	99.0	0.07(99)	0.07(99)	|	4669	
2705	99	ok	|	0.07	1.00	1.00	0.07	0.02	0	|	rapi	0.07	0.07	0	|	99.0	0.07(99)	0.07(99)	|	4669	
2705	100	ok	|	0.06	1.00	1.00	0.06	0.02	0	|	rapi	0.06	0.06	0	|	99.0	0.06(99)	0.06(99)	|	4669	
2705	101	ok	|	0.05	1.00	1.00	0.05	0.01	0	|	rapi	0.05	0.05	0	|	99.0	0.05(99)	0.05(99)	|	4669	
2705	102	ok	|	0.05	1.00	1.00	0.05	0.01	0	|	rapi	0.05	0.05	0	|	99.0	0.05(99)	0.05(99)	|	4669	
2705	103	ok	|	0.04	1.00	1.00	0.04	0.01	0	|	rapi	0.04	0.04	0	|	99.0	0.04(99)	0.04(99)	|	4669	
2705	104	ok	|	0.04	1.00	1.00	0.04	0.01	0	|	rapi	0.04	0.04	0	|	99.0	0.04(99)	0.04(99)	|	4669	
2705	105	ok	|	0.04	1.00	1.00	0.04	0.01	0	|	rapi	0.04	0.04	0	|	99.0	0.04(99)	0.04(99)	|	4669	
2705	106	ok	|	0.06	1.00	1.00	0.06	0.02	0	|	rapi	0.06	0.06	0	|	99.0	0.06(99)	0.06(99)	|	4669	
2705	107	ok	|	0.06	1.00	1.00	0.06	0.01	0	|	rapi	0.06	0.06	0	|	99.0	0.06(99)	0.06(99)	|	4669	
2705	108	ok	|	0.05	1.00	1.00	0.05	0.01	0	|	rapi	0.05	0.05	0	|	99.0	0.05(99)	0.05(99)	|	4669	
2705	109	ok	|	0.06	1.00	1.00	0.06	0.01	0	|	rapi	0.06	0.06	0	|	99.0	0.06(99)	0.06(99)	|	4669	
2705	110	ok	|	0.06	1.00	1.00	0.06	0.01	0	|	rapi	0.06	0.06	0	|	99.0	0.06(99)	0.06(99)	|	4669	
2705	111	ok	|	0.05	1.00	1.00	0.05	0.01	0	|	rapi	0.05	0.05	0	|	99.0	0.05(99)	0.05(99)	|	4669	
2705	112	ok	|	0.06	1.00	1.00	0.06	0.01	0	|	rapi	0.06	0.06	0	|	99.0	0.06(99)	0.06(99)	|	4669	
2705	113	ok	|	0.06	1.00	1.00	0.06	0.01	0	|	rapi	0.06	0.06	0	|	99.0	0.06(99)	0.06(99)	|	4669	
2705	114	ok	|	0.06	1.00	1.00	0.06	0.02	0	|	rapi	0.06	0.06	0	|	99.0	0.06(99)	0.06(99)	|	4669	
2705	115	ok	|	0.06	1.00	1.00	0.06	0.01	0	|	rapi	0.06	0.06	0	|	99.0	0.06(99)	0.06(99)	|	4669	
2705	116	ok	|	0.06	1.00	1.00	0.06	0.02	0	|	rapi	0.06	0.06	0	|	99.0	0.06(99)	0.06(99)	|	4669	
2705	117	ok	|	0.08	1.00	1.00	0.08	0.02	0	|	rapi	0.08	0.08	0	|	99.0	0.08(99)	0.08(99)	|	4669	
2705	118	ok	|	0.09	1.00	1.00	0.09	0.02	0	|	rapi	0.09	0.09	0	|	99.0	0.09(99)	0.09(99)	|	4669	
2705	119	ok	|	0.08	1.00	1.00	0.09	0.02	0	|	rapi	0.08	0.09	0	|	99.0	0.09(99)	0.09(99)	|	4669	
2705	120	ok	|	0.09	1.00	1.00	0.09	0.02	0	|	rapi	0.09	0.09	0	|	99.0	0.09(99)	0.09(99)	|	4669	
2705	121	ok	|	0.10	1.00	1.00	0.10	0.02	0	|	rapi	0.10	0.10	0	|	99.0	0.10(99)	0.10(99)	|	4669	
2705	122	ok	|	0.12	1.00	1.00	0.12	0.03	0	|	rapi	0.12	0.12	0	|	99.0	0.12(99)	0.12(99)	|	4669	
2705	123	ok	|	0.14	1.00	1.00	0.14	0.03	0	|	rapi	0.14	0.14	0	|	99.0	0.14(99)	0.14(99)	|	4669	
2705	124	ok	|	0.13	1.00	1.00	0.14	0.03	0	|	rapi	0.13	0.14	0	|	99.0	0.14(99)	0.14(99)	|	4669	
2705	125	ok	|	0.13	1.00	1.00	0.13	0.03	0	|	rapi	0.13	0.13	0	|	99.0	0.13(99)	0.13(99)	|	4669	
2705	126	ok	|	0.13	1.00	1.00	0.14	0.03	0	|	rapi	0.13	0.14	0	|	99.0	0.14(99)	0.14(99)	|	4669	
2705	127	ok	|	0.14	1.00	1.00	0.14	0.04	0	|	rapi	0.14	0.14	0	|	99.0	0.14(99)	0.14(99)	|	4669	
2705	128	ok	|	0.13	1.00	1.00	0.14	0.03	0	|	rapi	0.13	0.14	0	|	99.0	0.14(99)	0.14(99)	|	4669	
2705	129	ok	|	0.13	1.00	1.00	0.14	0.03	0	|	rapi	0.13	0.14	0	|	99.0	0.14(99)	0.14(99)	|	4669	
2705	130	ok	|	0.14	1.00	1.00	0.15	0.04	0	|	rapi	0.14	0.15	0	|	99.0	0.15(99)	0.15(99)	|	4669	
2705	131	ok	|	0.15	1.00	1.00	0.16	0.04	0	|	rapi	0.15	0.16	0	|	99.0	0.16(99)	0.16(99)	|	4669	
2705	132	ok	|	0.16	1.00	1.00	0.16	0.04	0	|	rapi	0.16	0.16	0	|	99.0	0.16(99)	0.16(99)	|	4669	
2705	133	ok	|	0.15	1.00	1.00	0.16	0.04	0	|	rapi	0.15	0.16	0	|	99.0	0.16(99)	0.16(99)	|	4669	
2705	134	ok	|	0.14	1.00	1.00	0.14	0.04	0	|	rapi	0.14	0.14	0	|	99.0	0.14(99)	0.14(99)	|	4669	
2705	135	ok	|	0.14	1.00	1.00	0.15	0.04	0	|	rapi	0.14	0.15	0	|	99.0	0.15(99)	0.15(99)	|	4669	
2705	136	ok	|	0.14	1.00	1.00	0.15	0.04	0	|	rapi	0.14	0.15	0	|	99.0	0.15(99)	0.15(99)	|	4669	
2705	137	ok	|	0.13	1.00	1.00	0.14	0.04	0	|	rapi	0.13	0.14	0	|	99.0	0.14(99)	0.14(99)	|	4669	
2705	138	ok	|	0.12	1.00	1.00	0.13	0.03	0	|	rapi	0.12	0.13	0	|	99.0	0.13(99)	0.13(99)	|	4669	
2705	139	ok	|	0.13	1.00	1.00	0.14	0.03	0	|	rapi	0.13	0.14	0	|	99.0	0.14(99)	0.14(99)	|	4669	
2705	140	ok	|	0.15	1.00	1.00	0.15	0.04	0	|	rapi	0.15	0.15	0	|	99.0	0.15(99)	0.15(99)	|	4669	
2705	141	ok	|	0.14	1.00	1.00	0.15	0.04	0	|	rapi	0.14	0.15	0	|	99.0	0.15(99)	0.15(99)	|	4669	
2705	142	ok	|	0.14	1.00	1.00	0.15	0.04	0	|	rapi	0.14	0.15	0	|	99.0	0.15(99)	0.15(99)	|	4669	
2705	143	ok	|	0.13	1.00	1.00	0.14	0.04	0	|	rapi	0.13	0.14	0	|	99.0	0.14(99)	0.14(99)	|	4669	
2705	144	ok	|	0.14	1.00	1.00	0.15	0.04	0	|	rapi	0.14	0.15	0	|	99.0	0.15(99)	0.15(99)	|	4669	
2705	145	ok	|	0.15	1.00	1.00	0.15	0.04	0	|	rapi	0.15	0.15	0	|	99.0	0.15(99)	0.15(99)	|	4669	
2705	146	ok	|	0.15	1.00	1.00	0.16	0.04	0	|	rapi	0.15	0.16	0	|	99.0	0.16(99)	0.16(99)	|	4669	
2705	147	ok	|	0.14	1.00	1.00	0.15	0.04	0	|	rapi	0.14	0.15	0	|	99.0	0.15(99)	0.15(99)	|	4669	
2705	148	ok	|	0.13	1.00	1.00	0.14	0.04	0	|	rapi	0.13	0.14	0	|	99.0	0.14(99)	0.14(99)	|	4669	
2705	149	ok	|	0.15	1.00	1.00	0.16	0.04	0	|	rapi	0.15	0.16	0	|	99.0	0.16(99)	0.16(99)	|	4669	
2705	150	ok	|	0.16	1.00	1.00	0.17	0.04	0	|	rapi	0.16	0.17	0	|	99.0	0.17(99)	0.17(99)	|	4669	
2705	151	ok	|	0.15	1.00	1.00	0.16	0.04	0	|	rapi	0.15	0.16	0	|	99.0	0.16(99)	0.16(99)	|	4669	
2705	152	ok	|	0.14	1.00	1.00	0.15	0.04	0	|	rapi	0.14	0.15	0	|	99.0	0.15(99)	0.15(99)	|	4669	
2705	153	ok	|	0.15	1.00	1.00	0.15	0.04	0	|	rapi	0.15	0.15	0	|	99.0	0.15(99)	0.15(99)	|	4669	
2705	154	ok	|	0.15	1.00	1.00	0.15	0.04	0	|	rapi	0.15	0.15	0	|	99.0	0.15(99)	0.15(99)	|	4669	
2705	155	ok	|	0.14	1.00	1.00	0.14	0.04	0	|	rapi	0.14	0.14	0	|	99.0	0.14(99)	0.14(99)	|	4669	
2705	156	ok	|	0.15	1.00	1.00	0.16	0.04	0	|	rapi	0.15	0.16	0	|	99.0	0.16(99)	0.16(99)	|	4669	
2705	157	ok	|	0.14	1.00	1.00	0.15	0.04	0	|	rapi	0.14	0.15	0	|	99.0	0.15(99)	0.15(99)	|	4669	
2705	158	ok	|	0.16	1.00	1.00	0.17	0.04	0	|	rapi	0.16	0.17	0	|	99.0	0.17(99)	0.17(99)	|	4669	
2705	159	ok	|	0.16	1.00	1.00	0.17	0.04	0	|	rapi	0.16	0.17	0	|	99.0	0.17(99)	0.17(99)	|	4669	
2705	160	ok	|	0.16	1.00	1.00	0.17	0.04	0	|	rapi	0.16	0.17	0	|	99.0	0.17(99)	0.17(99)	|	4669	
2705	161	ok	|	0.17	1.00	1.00	0.17	0.04	0	|	rapi	0.17	0.17	0	|	99.0	0.17(99)	0.17(99)	|	4669	
2705	162	ok	|	0.17	1.00	1.00	0.18	0.04	0	|	rapi	0.17	0.18	0	|	99.0	0.18(99)	0.18(99)	|	4669	
2705	163	ok	|	0.19	1.00	1.00	0.20	0.05	0	|	rapi	0.19	0.20	0	|	99.0	0.20(99)	0.20(99)	|	4669	
2705	164	ok	|	0.18	1.00	1.00	0.20	0.05	0	|	rapi	0.18	0.20	0	|	99.0	0.20(99)	0.20(99)	|	4669	
2705	165	ok	|	0.18	1.00	1.00	0.19	0.05	0	|	rapi	0.18	0.19	0	|	99.0	0.19(99)	0.19(99)	|	4669	
2705	166	ok	|	0.17	1.00	1.00	0.18	0.04	0	|	rapi	0.17	0.18	0	|	99.0	0.18(99)	0.18(99)	|	4669	
2705	167	ok	|	0.16	1.00	1.00	0.17	0.04	0	|	rapi	0.16	0.17	0	|	99.0	0.17(99)	0.17(99)	|	4669	
2705	168	ok	|	0.16	1.00	1.00	0.17	0.04	0	|	rapi	0.16	0.17	0	|	99.0	0.17(99)	0.17(99)	|	4669	
2705	169	ok	|	0.16	1.00	1.00	0.17	0.04	0	|	rapi	0.16	0.17	0	|	99.0	0.17(99)	0.17(99)	|	4669	
2705	170	ok	|	0.17	1.00	1.00	0.17	0.04	0	|	rapi	0.17	0.17	0	|	99.0	0.17(99)	0.17(99)	|	4669	
2705	171	ok	|	0.14	1.00	1.00	0.14	0.04	0	|	rapi	0.14	0.14	0	|	99.0	0.14(99)	0.14(99)	|	4669	
2705	172	ok	|	0.12	1.00	1.00	0.12	0.03	0	|	rapi	0.12	0.12	0	|	99.0	0.12(99)	0.12(99)	|	4669	
2705	173	ok	|	0.11	1.00	1.00	0.12	0.03	0	|	rapi	0.11	0.12	0	|	99.0	0.12(99)	0.12(99)	|	4669	
2705	174	ok	|	0.12	1.00	1.00	0.13	0.03	0	|	rapi	0.12	0.13	0	|	99.0	0.13(99)	0.13(99)	|	4669	
2705	175	ok	|	0.11	1.00	1.00	0.11	0.03	0	|	rapi	0.11	0.11	0	|	99.0	0.11(99)	0.11(99)	|	4669	
2705	176	ok	|	0.12	1.00	1.00	0.12	0.03	0	|	rapi	0.12	0.12	0	|	99.0	0.12(99)	0.12(99)	|	4669	
2705	177	ok	|	0.13	1.00	1.00	0.13	0.03	0	|	rapi	0.13	0.13	0	|	99.0	0.13(99)	0.13(99)	|	4669	
2705	178	ok	|	0.14	1.00	1.00	0.14	0.04	0	|	rapi	0.14	0.14	0	|	99.0	0.14(99)	0.14(99)	|	4669	
2705	179	ok	|	0.15	1.00	1.00	0.16	0.04	0	|	rapi	0.15	0.16	0	|	99.0	0.16(99)	0.16(99)	|	4669	
2705	180	ok	|	0.17	1.00	1.00	0.18	0.04	0	|	rapi	0.17	0.18	0	|	99.0	0.18(99)	0.18(99)	|	4669	
2705	181	ok	|	0.14	1.00	1.00	0.15	0.04	0	|	rapi	0.14	0.15	0	|	99.0	0.15(99)	0.15(99)	|	4669	
2705	182	ok	|	0.13	1.00	1.00	0.14	0.03	0	|	rapi	0.13	0.14	0	|	99.0	0.14(99)	0.14(99)	|	4669	
2705	183	ok	|	0.12	1.00	1.00	0.13	0.03	0	|	rapi	0.12	0.13	0	|	99.0	0.13(99)	0.13(99)	|	4669	
2705	184	ok	|	0.12	1.00	1.00	0.13	0.03	0	|	rapi	0.12	0.13	0	|	99.0	0.13(99)	0.13(99)	|	4669	
2705	185	ok	|	0.14	1.00	1.00	0.15	0.04	0	|	rapi	0.14	0.15	0	|	99.0	0.15(99)	0.15(99)	|	4669	
2705	186	ok	|	0.15	1.00	1.00	0.16	0.04	0	|	rapi	0.15	0.16	0	|	99.0	0.16(99)	0.16(99)	|	4669	
2705	187	ok	|	0.16	1.00	1.00	0.17	0.04	0	|	rapi	0.16	0.17	0	|	99.0	0.17(99)	0.17(99)	|	4669	
2705	188	ok	|	0.17	1.00	1.00	0.18	0.04	0	|	rapi	0.17	0.18	0	|	99.0	0.18(99)	0.18(99)	|	4669	
2705	189	ok	|	0.16	1.00	1.00	0.17	0.04	0	|	rapi	0.16	0.17	0	|	99.0	0.17(99)	0.17(99)	|	4669	
2705	190	ok	|	0.16	1.00	1.00	0.16	0.04	0	|	rapi	0.16	0.16	0	|	99.0	0.16(99)	0.16(99)	|	4669	
2705	191	ok	|	0.16	1.00	1.00	0.16	0.04	0	|	rapi	0.16	0.16	0	|	99.0	0.16(99)	0.16(99)	|	4669	
2705	192	ok	|	0.15	1.00	1.00	0.16	0.04	0	|	rapi	0.15	0.16	0	|	99.0	0.16(99)	0.16(99)	|	4669	
2705	193	ok	|	0.14	1.00	1.00	0.16	0.04	0	|	rapi	0.14	0.16	0	|	99.0	0.16(99)	0.16(99)	|	4669	
2705	194	ok	|	0.14	1.00	1.00	0.15	0.04	0	|	rapi	0.14	0.15	0	|	99.0	0.15(99)	0.15(99)	|	4669	
2705	195	ok	|	0.12	1.00	1.00	0.13	0.03	0	|	rapi	0.12	0.13	0	|	99.0	0.13(99)	0.13(99)	|	4669	
2705	196	ok	|	0.14	1.00	1.00	0.14	0.04	0	|	rapi	0.14	0.14	0	|	99.0	0.14(99)	0.14(99)	|	4669	
2705	197	ok	|	0.15	1.00	1.00	0.16	0.04	0	|	rapi	0.15	0.16	0	|	99.0	0.16(99)	0.16(99)	|	4669	
2705	198	ok	|	0.15	1.00	1.00	0.16	0.04	0	|	rapi	0.15	0.16	0	|	99.0	0.16(99)	0.16(99)	|	4669	
2705	199	ok	|	0.15	1.00	1.00	0.16	0.04	0	|	rapi	0.15	0.16	0	|	99.0	0.16(99)	0.16(99)	|	4669	
2705	200	ok	|	0.14	1.00	1.00	0.15	0.04	0	|	rapi	0.14	0.15	0	|	99.0	0.15(99)	0.15(99)	|	4669	
2705	201	ok	|	0.14	1.00	1.00	0.15	0.04	0	|	rapi	0.14	0.15	0	|	99.0	0.15(99)	0.15(99)	|	4669	
2705	202	ok	|	0.16	1.00	1.00	0.17	0.04	0	|	rapi	0.16	0.17	0	|	99.0	0.17(99)	0.17(99)	|	4669	
2705	203	ok	|	0.16	1.00	1.00	0.17	0.04	0	|	rapi	0.16	0.17	0	|	99.0	0.17(99)	0.17(99)	|	4669	
2705	204	ok	|	0.14	1.00	1.00	0.15	0.04	0	|	rapi	0.14	0.15	0	|	99.0	0.15(99)	0.15(99)	|	4669	
2705	205	ok	|	0.14	1.00	1.00	0.15	0.04	0	|	rapi	0.14	0.15	0	|	99.0	0.15(99)	0.15(99)	|	4669	
2705	206	ok	|	0.15	1.00	1.00	0.15	0.04	0	|	rapi	0.15	0.15	0	|	99.0	0.15(99)	0.15(99)	|	4669	
2705	207	ok	|	0.12	1.00	1.00	0.13	0.03	0	|	rapi	0.12	0.13	0	|	99.0	0.13(99)	0.13(99)	|	4669	
2705	208	ok	|	0.11	1.00	1.00	0.11	0.03	0	|	rapi	0.11	0.11	0	|	99.0	0.11(99)	0.11(99)	|	4669	
2705	209	ok	|	0.10	1.00	1.00	0.10	0.02	0	|	rapi	0.10	0.10	0	|	99.0	0.10(99)	0.10(99)	|	4669	
2705	210	ok	|	0.09	1.00	1.00	0.09	0.02	0	|	rapi	0.09	0.09	0	|	99.0	0.09(99)	0.09(99)	|	4669	
2705	211	ok	|	0.09	1.00	1.00	0.09	0.02	0	|	rapi	0.09	0.09	0	|	99.0	0.09(99)	0.09(99)	|	4669	
2705	212	ok	|	0.10	1.00	1.00	0.10	0.03	0	|	rapi	0.10	0.10	0	|	99.0	0.10(99)	0.10(99)	|	4669	
2705	213	ok	|	0.12	1.00	1.00	0.12	0.03	0	|	rapi	0.12	0.12	0	|	99.0	0.12(99)	0.12(99)	|	4669	
2705	214	ok	|	0.11	1.00	1.00	0.11	0.03	0	|	rapi	0.11	0.11	0	|	99.0	0.11(99)	0.11(99)	|	4669	
2705	215	ok	|	0.11	1.00	1.00	0.12	0.03	0	|	rapi	0.11	0.12	0	|	99.0	0.12(99)	0.12(99)	|	4669	
2705	216	ok	|	0.10	1.00	1.00	0.11	0.03	0	|	rapi	0.10	0.11	0	|	99.0	0.11(99)	0.11(99)	|	4669	
2705	217	ok	|	0.09	1.00	1.00	0.10	0.02	0	|	rapi	0.09	0.10	0	|	99.0	0.10(99)	0.10(99)	|	4669	
2705	218	ok	|	0.10	1.00	1.00	0.10	0.02	0	|	rapi	0.10	0.10	0	|	99.0	0.10(99)	0.10(99)	|	4669	
2705	219	ok	|	0.08	1.00	1.00	0.09	0.02	0	|	rapi	0.08	0.09	0	|	99.0	0.09(99)	0.09(99)	|	4669	
2705	220	ok	|	0.08	1.00	1.00	0.09	0.02	0	|	rapi	0.08	0.09	0	|	99.0	0.09(99)	0.09(99)	|	4669	
2705	221	ok	|	0.09	1.00	1.00	0.10	0.02	0	|	rapi	0.09	0.10	0	|	99.0	0.10(99)	0.10(99)	|	4669	
2705	222	ok	|	0.09	1.00	1.00	0.10	0.03	0	|	rapi	0.09	0.10	0	|	99.0	0.10(99)	0.10(99)	|	4669	
2705	223	ok	|	0.09	1.00	1.00	0.10	0.02	0	|	rapi	0.09	0.10	0	|	99.0	0.10(99)	0.10(99)	|	4669	
2705	224	ok	|	0.09	1.00	1.00	0.09	0.02	0	|	rapi	0.09	0.09	0	|	99.0	0.09(99)	0.09(99)	|	4669	
2705	225	ok	|	0.08	1.00	1.00	0.08	0.02	0	|	rapi	0.08	0.08	0	|	99.0	0.08(99)	0.08(99)	|	4669	
2705	226	ok	|	0.09	1.00	1.00	0.09	0.02	0	|	rapi	0.09	0.09	0	|	99.0	0.09(99)	0.09(99)	|	4669	
2705	227	ok	|	0.09	1.00	1.00	0.09	0.02	0	|	rapi	0.09	0.09	0	|	99.0	0.09(99)	0.09(99)	|	4669	
2705	228	ok	|	0.09	1.00	1.00	0.09	0.02	0	|	rapi	0.09	0.09	0	|	99.0	0.09(99)	0.09(99)	|	4669	
2705	229	ok	|	0.11	1.00	1.00	0.11	0.03	0	|	rapi	0.11	0.11	0	|	99.0	0.11(99)	0.11(99)	|	4669	
2705	230	ok	|	0.09	1.00	1.00	0.10	0.02	0	|	rapi	0.09	0.10	0	|	99.0	0.10(99)	0.10(99)	|	4669	
2705	231	ok	|	0.08	1.00	1.00	0.09	0.02	0	|	rapi	0.08	0.09	0	|	99.0	0.09(99)	0.09(99)	|	4669	
2705	232	ok	|	0.08	1.00	1.00	0.08	0.02	0	|	rapi	0.08	0.08	0	|	99.0	0.08(99)	0.08(99)	|	4669	
2705	233	ok	|	0.07	1.00	1.00	0.08	0.02	0	|	rapi	0.07	0.08	0	|	99.0	0.08(99)	0.08(99)	|	4669	
2705	234	ok	|	0.07	1.00	1.00	0.07	0.02	0	|	rapi	0.07	0.07	0	|	99.0	0.07(99)	0.07(99)	|	4669	
2705	235	ok	|	0.08	1.00	1.00	0.08	0.02	0	|	rapi	0.08	0.08	0	|	99.0	0.08(99)	0.08(99)	|	4669	
2705	236	ok	|	0.08	1.00	1.00	0.08	0.02	0	|	rapi	0.08	0.08	0	|	99.0	0.08(99)	0.08(99)	|	4669	
2705	237	ok	|	0.08	1.00	1.00	0.08	0.02	0	|	rapi	0.08	0.08	0	|	99.0	0.08(99)	0.08(99)	|	4669	
2705	238	ok	|	0.08	1.00	1.00	0.09	0.02	0	|	rapi	0.08	0.09	0	|	99.0	0.09(99)	0.09(99)	|	4669	
2705	239	ok	|	0.10	1.00	1.00	0.10	0.03	0	|	rapi	0.10	0.10	0	|	99.0	0.10(99)	0.10(99)	|	4669	
2705	240	ok	|	0.11	1.00	1.00	0.11	0.03	0	|	rapi	0.11	0.11	0	|	99.0	0.11(99)	0.11(99)	|	4669	
2705	241	ok	|	0.12	1.00	1.00	0.13	0.03	0	|	rapi	0.12	0.13	0	|	99.0	0.13(99)	0.13(99)	|	4669	
2705	242	ok	|	0.13	1.00	1.00	0.13	0.03	0	|	rapi	0.13	0.13	0	|	99.0	0.13(99)	0.13(99)	|	4669	
2705	243	ok	|	0.14	1.00	1.00	0.14	0.04	0	|	rapi	0.14	0.14	0	|	99.0	0.14(99)	0.14(99)	|	4669	
2705	244	ok	|	0.15	1.00	1.00	0.15	0.04	0	|	rapi	0.15	0.15	0	|	99.0	0.15(99)	0.15(99)	|	4669	
2705	245	ok	|	0.13	1.00	1.00	0.13	0.03	0	|	rapi	0.13	0.13	0	|	99.0	0.13(99)	0.13(99)	|	4669	
2705	246	ok	|	0.13	1.00	1.00	0.14	0.03	0	|	rapi	0.13	0.14	0	|	99.0	0.14(99)	0.14(99)	|	4669	
2705	247	ok	|	0.13	1.00	1.00	0.13	0.03	0	|	rapi	0.13	0.13	0	|	99.0	0.13(99)	0.13(99)	|	4669	
2705	248	ok	|	0.13	1.00	1.00	0.13	0.03	0	|	rapi	0.13	0.13	0	|	99.0	0.13(99)	0.13(99)	|	4669	
2705	249	ok	|	0.13	1.00	1.00	0.13	0.03	0	|	rapi	0.13	0.13	0	|	99.0	0.13(99)	0.13(99)	|	4669	
2705	250	ok	|	0.12	1.00	1.00	0.13	0.03	0	|	rapi	0.12	0.13	0	|	99.0	0.13(99)	0.13(99)	|	4669	
2705	251	ok	|	0.11	1.00	1.00	0.12	0.03	0	|	rapi	0.11	0.12	0	|	99.0	0.12(99)	0.12(99)	|	4669	
2705	252	ok	|	0.11	1.00	1.00	0.11	0.03	0	|	rapi	0.11	0.11	0	|	99.0	0.11(99)	0.11(99)	|	4669	
2705	253	ok	|	0.11	1.00	1.00	0.11	0.03	0	|	rapi	0.11	0.11	0	|	99.0	0.11(99)	0.11(99)	|	4669	
2705	254	ok	|	0.12	1.00	1.00	0.13	0.03	0	|	rapi	0.12	0.13	0	|	99.0	0.13(99)	0.13(99)	|	4669	
2705	255	ok	|	0.12	1.00	1.00	0.13	0.03	0	|	rapi	0.12	0.13	0	|	99.0	0.13(99)	0.13(99)	|	4669	
2705	256	ok	|	0.12	1.00	1.00	0.12	0.03	0	|	rapi	0.12	0.12	0	|	99.0	0.12(99)	0.12(99)	|	4669	
2705	257	ok	|	0.12	1.00	1.00	0.13	0.03	0	|	rapi	0.12	0.13	0	|	99.0	0.13(99)	0.13(99)	|	4669	
2705	258	ok	|	0.13	1.00	1.00	0.14	0.03	0	|	rapi	0.13	0.14	0	|	99.0	0.14(99)	0.14(99)	|	4669	
2705	259	ok	|	0.13	1.00	1.00	0.14	0.04	0	|	rapi	0.13	0.14	0	|	99.0	0.14(99)	0.14(99)	|	4669	
2705	260	ok	|	0.14	1.00	1.00	0.14	0.04	0	|	rapi	0.14	0.14	0	|	99.0	0.14(99)	0.14(99)	|	4669	
2705	261	ok	|	0.13	1.00	1.00	0.14	0.03	0	|	rapi	0.13	0.14	0	|	99.0	0.14(99)	0.14(99)	|	4669	
2705	262	ok	|	0.12	1.00	1.00	0.12	0.03	0	|	rapi	0.12	0.12	0	|	99.0	0.12(99)	0.12(99)	|	4669	
2705	263	ok	|	0.11	1.00	1.00	0.12	0.03	0	|	rapi	0.11	0.12	0	|	99.0	0.12(99)	0.12(99)	|	4669	
2705	264	ok	|	0.12	1.00	1.00	0.13	0.03	0	|	rapi	0.12	0.13	0	|	99.0	0.13(99)	0.13(99)	|	4669	
2705	265	ok	|	0.12	1.00	1.00	0.12	0.03	0	|	rapi	0.12	0.12	0	|	99.0	0.12(99)	0.12(99)	|	4669	
2705	266	ok	|	0.12	1.00	1.00	0.12	0.03	0	|	rapi	0.12	0.12	0	|	99.0	0.12(99)	0.12(99)	|	4669	
2705	267	ok	|	0.11	1.00	1.00	0.11	0.03	0	|	rapi	0.11	0.11	0	|	99.0	0.11(99)	0.11(99)	|	4669	
2705	268	ok	|	0.10	1.00	1.00	0.10	0.02	0	|	rapi	0.10	0.10	0	|	99.0	0.10(99)	0.10(99)	|	4669	
2705	269	ok	|	0.10	1.00	1.00	0.10	0.02	0	|	rapi	0.10	0.10	0	|	99.0	0.10(99)	0.10(99)	|	4669	
2705	270	ok	|	0.10	1.00	1.00	0.11	0.03	0	|	rapi	0.10	0.11	0	|	99.0	0.11(99)	0.11(99)	|	4669	
2705	271	ok	|	0.10	1.00	1.00	0.11	0.03	0	|	rapi	0.10	0.11	0	|	99.0	0.11(99)	0.11(99)	|	4669	
2705	272	ok	|	0.10	1.00	1.00	0.11	0.03	0	|	rapi	0.10	0.11	0	|	99.0	0.11(99)	0.11(99)	|	4669	
2705	273	ok	|	0.10	1.00	1.00	0.10	0.03	0	|	rapi	0.10	0.10	0	|	99.0	0.10(99)	0.10(99)	|	4669	
2705	274	ok	|	0.11	1.00	1.00	0.11	0.03	0	|	rapi	0.11	0.11	0	|	99.0	0.11(99)	0.11(99)	|	4669	
2705	275	ok	|	0.11	1.00	1.00	0.11	0.03	0	|	rapi	0.11	0.11	0	|	99.0	0.11(99)	0.11(99)	|	4669	
2705	276	ok	|	0.10	1.00	1.00	0.11	0.03	0	|	rapi	0.10	0.11	0	|	99.0	0.11(99)	0.11(99)	|	4669	
2705	277	ok	|	0.10	1.00	1.00	0.10	0.03	0	|	rapi	0.10	0.10	0	|	99.0	0.10(99)	0.10(99)	|	4669	
2705	278	ok	|	0.10	1.00	1.00	0.10	0.03	0	|	rapi	0.10	0.10	0	|	99.0	0.10(99)	0.10(99)	|	4669	
2705	279	ok	|	0.10	1.00	1.00	0.10	0.05	0	|	rapi	0.10	0.10	0	|	99.0	0.10(99)	0.10(99)	|	4669	
2705	280	ok	|	0.09	1.00	1.00	0.10	0.05	0	|	rapi	0.09	0.10	0	|	99.0	0.10(99)	0.10(99)	|	4669	
2705	281	ok	|	0.11	1.00	1.00	0.11	0.05	0	|	rapi	0.11	0.11	0	|	99.0	0.11(99)	0.11(99)	|	4669	
2705	282	ok	|	0.11	1.00	1.00	0.12	0.06	0	|	rapi	0.11	0.12	0	|	99.0	0.12(99)	0.12(99)	|	4669	
2705	283	ok	|	0.12	1.00	1.00	0.12	0.06	0	|	rapi	0.12	0.12	0	|	99.0	0.12(99)	0.12(99)	|	4669	
2705	284	ok	|	0.11	1.00	1.00	0.11	0.06	0	|	rapi	0.11	0.11	0	|	99.0	0.11(99)	0.11(99)	|	4669	
2705	285	ok	|	0.11	1.00	1.00	0.12	0.06	0	|	rapi	0.11	0.12	0	|	99.0	0.12(99)	0.12(99)	|	4669	
2705	286	ok	|	0.12	1.00	1.00	0.12	0.06	0	|	rapi	0.12	0.12	0	|	99.0	0.12(99)	0.12(99)	|	4669	
2705	287	ok	|	0.12	1.00	1.00	0.12	0.06	0	|	rapi	0.12	0.12	0	|	99.0	0.12(99)	0.12(99)	|	4669	
2705	288	ok	|	0.12	1.00	1.00	0.12	0.06	0	|	rapi	0.12	0.12	0	|	99.0	0.12(99)	0.12(99)	|	4669	
2705	289	ok	|	0.11	1.00	1.00	0.11	0.06	0	|	rapi	0.11	0.11	0	|	99.0	0.11(99)	0.11(99)	|	4669	
2705	290	ok	|	0.11	1.00	1.00	0.11	0.06	0	|	rapi	0.11	0.11	0	|	99.0	0.11(99)	0.11(99)	|	4669	
2705	291	ok	|	0.12	1.00	1.00	0.12	0.06	0	|	rapi	0.12	0.12	0	|	99.0	0.12(99)	0.12(99)	|	4669	
2705	292	ok	|	0.12	1.00	1.00	0.13	0.06	0	|	rapi	0.12	0.13	0	|	99.0	0.13(99)	0.13(99)	|	4669	
2705	293	ok	|	0.13	1.00	1.00	0.14	0.07	0	|	rapi	0.13	0.14	0	|	99.0	0.14(99)	0.14(99)	|	4669	
2705	294	ok	|	0.13	1.00	1.00	0.13	0.07	0	|	rapi	0.13	0.13	0	|	99.0	0.13(99)	0.13(99)	|	4669	
2705	295	ok	|	0.14	1.00	1.00	0.15	0.07	0	|	rapi	0.14	0.15	0	|	99.0	0.15(99)	0.15(99)	|	4669	
2705	296	ok	|	0.15	1.00	1.00	0.15	0.08	0	|	rapi	0.15	0.15	0	|	99.0	0.15(99)	0.15(99)	|	4669	
2705	297	ok	|	0.14	1.00	1.00	0.14	0.07	0	|	rapi	0.14	0.14	0	|	99.0	0.14(99)	0.14(99)	|	4669	
2705	298	ok	|	0.12	1.00	1.00	0.13	0.06	0	|	rapi	0.12	0.13	0	|	99.0	0.13(99)	0.13(99)	|	4669	
2705	299	ok	|	0.12	1.00	1.00	0.12	0.06	0	|	rapi	0.12	0.12	0	|	99.0	0.12(99)	0.12(99)	|	4669	
2705	300	ok	|	0.14	1.00	1.00	0.15	0.08	0	|	rapi	0.14	0.15	0	|	99.0	0.15(99)	0.15(99)	|	4669	
2705	301	ok	|	0.16	1.00	1.00	0.17	0.08	0	|	rapi	0.16	0.17	0	|	99.0	0.17(99)	0.17(99)	|	4669	
2705	302	ok	|	0.17	1.00	1.00	0.18	0.09	0	|	rapi	0.17	0.18	0	|	99.0	0.18(99)	0.18(99)	|	4669	
2705	303	ok	|	0.18	1.00	1.00	0.19	0.09	0	|	rapi	0.18	0.19	0	|	99.0	0.19(99)	0.19(99)	|	4669	
2705	304	ok	|	0.18	1.00	1.00	0.19	0.10	0	|	rapi	0.18	0.19	0	|	99.0	0.19(99)	0.19(99)	|	4669	
2705	305	ok	|	0.20	1.00	1.00	0.20	0.10	0	|	rapi	0.20	0.20	0	|	99.0	0.20(99)	0.20(99)	|	4669	
2705	306	ok	|	0.22	1.00	1.00	0.24	0.12	0	|	rapi	0.22	0.24	0	|	99.0	0.24(99)	0.24(99)	|	4669	
2705	307	ok	|	0.24	1.00	1.00	0.25	0.13	0	|	rapi	0.24	0.25	0	|	99.0	0.25(99)	0.25(99)	|	4669	
2705	308	ok	|	0.23	1.00	1.00	0.25	0.12	0	|	rapi	0.23	0.25	0	|	99.0	0.25(99)	0.25(99)	|	4669	
2705	309	ok	|	0.23	1.00	1.00	0.25	0.12	0	|	rapi	0.23	0.25	0	|	99.0	0.25(99)	0.25(99)	|	4669	
2705	310	ok	|	0.21	1.00	1.00	0.22	0.11	0	|	rapi	0.21	0.22	0	|	99.0	0.22(99)	0.22(99)	|	4669	
2705	311	ok	|	0.21	1.00	1.00	0.23	0.11	0	|	rapi	0.21	0.23	0	|	99.0	0.23(99)	0.23(99)	|	4669	
2705	312	ok	|	0.23	1.00	1.00	0.24	0.12	0	|	rapi	0.23	0.24	0	|	99.0	0.24(99)	0.24(99)	|	4669	
2705	313	ok	|	0.24	1.00	1.00	0.26	0.13	0	|	rapi	0.24	0.26	0	|	99.0	0.26(99)	0.26(99)	|	4669	
2705	314	ok	|	0.24	1.00	1.00	0.26	0.13	0	|	rapi	0.24	0.26	0	|	99.0	0.26(99)	0.26(99)	|	4669	
2705	315	ok	|	0.25	1.00	1.00	0.27	0.14	0	|	rapi	0.25	0.27	0	|	99.0	0.27(99)	0.27(99)	|	4669	
2705	316	ok	|	0.23	1.00	1.00	0.25	0.12	0	|	rapi	0.23	0.25	0	|	99.0	0.25(99)	0.25(99)	|	4669	
2705	317	ok	|	0.21	1.00	1.00	0.23	0.11	0	|	rapi	0.21	0.23	0	|	99.0	0.23(99)	0.23(99)	|	4669	
2705	318	ok	|	0.20	1.00	1.00	0.21	0.10	0	|	rapi	0.20	0.21	0	|	99.0	0.21(99)	0.21(99)	|	4669	
2705	319	ok	|	0.20	1.00	1.00	0.21	0.11	0	|	rapi	0.20	0.21	0	|	99.0	0.21(99)	0.21(99)	|	4669	
2705	320	ok	|	0.20	1.00	1.00	0.21	0.11	0	|	rapi	0.20	0.21	0	|	99.0	0.21(99)	0.21(99)	|	4669	
2705	321	ok	|	0.19	1.00	1.00	0.20	0.10	0	|	rapi	0.19	0.20	0	|	99.0	0.20(99)	0.20(99)	|	4669	
2705	322	ok	|	0.19	1.00	1.00	0.20	0.10	0	|	rapi	0.19	0.20	0	|	99.0	0.20(99)	0.20(99)	|	4669	
2705	323	ok	|	0.19	1.00	1.00	0.20	0.10	0	|	rapi	0.19	0.20	0	|	99.0	0.20(99)	0.20(99)	|	4669	
2705	324	ok	|	0.18	1.00	1.00	0.19	0.09	0	|	rapi	0.18	0.19	0	|	99.0	0.19(99)	0.19(99)	|	4669	
2705	325	ok	|	0.18	1.00	1.00	0.19	0.09	0	|	rapi	0.18	0.19	0	|	99.0	0.19(99)	0.19(99)	|	4669	
2705	326	ok	|	0.17	1.00	1.00	0.18	0.09	0	|	rapi	0.17	0.18	0	|	99.0	0.18(99)	0.18(99)	|	4669	
2705	327	ok	|	0.21	1.00	1.00	0.22	0.11	0	|	rapi	0.21	0.22	0	|	99.0	0.22(99)	0.22(99)	|	4669	
2705	328	ok	|	0.21	1.00	1.00	0.22	0.11	0	|	rapi	0.21	0.22	0	|	99.0	0.22(99)	0.22(99)	|	4669	
2705	329	ok	|	0.19	1.00	1.00	0.20	0.10	0	|	rapi	0.19	0.20	0	|	99.0	0.20(99)	0.20(99)	|	4669	
2705	330	ok	|	0.19	1.00	1.00	0.20	0.10	0	|	rapi	0.19	0.20	0	|	99.0	0.20(99)	0.20(99)	|	4669	
2705	331	ok	|	0.20	1.00	1.00	0.21	0.10	0	|	rapi	0.20	0.21	0	|	99.0	0.21(99)	0.21(99)	|	4669	
2705	332	ok	|	0.19	1.00	1.00	0.21	0.10	0	|	rapi	0.19	0.21	0	|	99.0	0.21(99)	0.21(99)	|	4669	
2705	333	ok	|	0.20	1.00	1.00	0.21	0.11	0	|	rapi	0.20	0.21	0	|	99.0	0.21(99)	0.21(99)	|	4669	
2705	334	ok	|	0.21	1.00	1.00	0.23	0.11	0	|	rapi	0.21	0.23	0	|	99.0	0.23(99)	0.23(99)	|	4669	
2705	335	ok	|	0.21	1.00	1.00	0.23	0.11	0	|	rapi	0.21	0.23	0	|	99.0	0.23(99)	0.23(99)	|	4669	
2705	336	ok	|	0.20	1.00	1.00	0.22	0.11	0	|	rapi	0.20	0.22	0	|	99.0	0.22(99)	0.22(99)	|	4669	
2705	337	ok	|	0.21	1.00	1.00	0.22	0.11	0	|	rapi	0.21	0.22	0	|	99.0	0.22(99)	0.22(99)	|	4669	
2705	338	ok	|	0.20	1.00	1.00	0.21	0.10	0	|	rapi	0.20	0.21	0	|	99.0	0.21(99)	0.21(99)	|	4669	
2705	339	ok	|	0.21	1.00	1.00	0.22	0.11	0	|	rapi	0.21	0.22	0	|	99.0	0.22(99)	0.22(99)	|	4669	
2705	340	ok	|	0.21	1.00	1.00	0.22	0.11	0	|	rapi	0.21	0.22	0	|	99.0	0.22(99)	0.22(99)	|	4669	
2705	341	ok	|	0.22	1.00	1.00	0.23	0.11	0	|	rapi	0.22	0.23	0	|	99.0	0.23(99)	0.23(99)	|	4669	
2705	342	ok	|	0.21	1.00	1.00	0.23	0.11	0	|	rapi	0.21	0.23	0	|	99.0	0.23(99)	0.23(99)	|	4669	
2705	343	ok	|	0.21	1.00	1.00	0.23	0.12	0	|	rapi	0.21	0.23	0	|	99.0	0.23(99)	0.23(99)	|	4669	
2705	344	ok	|	0.21	1.00	1.00	0.23	0.11	0	|	rapi	0.21	0.23	0	|	99.0	0.23(99)	0.23(99)	|	4669	
2705	345	ok	|	0.22	1.00	1.00	0.24	0.12	0	|	rapi	0.22	0.24	0	|	99.0	0.24(99)	0.24(99)	|	4669	
2705	346	ok	|	0.24	1.00	1.00	0.25	0.13	0	|	rapi	0.24	0.25	0	|	99.0	0.25(99)	0.25(99)	|	4669	
2705	347	ok	|	0.23	1.00	1.00	0.25	0.13	0	|	rapi	0.23	0.25	0	|	99.0	0.25(99)	0.25(99)	|	4669	
2705	348	ok	|	0.26	1.00	1.00	0.28	0.14	0	|	rapi	0.26	0.28	0	|	99.0	0.28(99)	0.28(99)	|	4669	
2705	349	ok	|	0.26	1.00	1.00	0.27	0.14	0	|	rapi	0.26	0.27	0	|	99.0	0.27(99)	0.27(99)	|	4669	
2705	350	ok	|	0.27	1.00	1.00	0.29	0.14	0	|	rapi	0.27	0.29	0	|	99.0	0.29(99)	0.29(99)	|	4669	
2705	351	ok	|	0.28	1.00	1.00	0.31	0.16	0	|	rapi	0.28	0.31	0	|	99.0	0.31(99)	0.31(99)	|	4669	
2705	352	ok	|	0.30	1.00	1.00	0.33	0.17	0	|	rapi	0.30	0.33	0	|	99.0	0.33(99)	0.33(99)	|	4669	
2705	353	ok	|	0.29	1.00	1.00	0.32	0.16	0	|	rapi	0.29	0.32	0	|	99.0	0.32(99)	0.32(99)	|	4669	
2705	354	ok	|	0.30	1.00	1.00	0.32	0.16	0	|	rapi	0.30	0.32	0	|	99.0	0.32(99)	0.32(99)	|	4669	
2705	355	ok	|	0.30	1.00	1.00	0.33	0.16	0	|	rapi	0.30	0.33	0	|	99.0	0.33(99)	0.33(99)	|	4669	
2705	356	ok	|	0.31	1.00	1.00	0.33	0.17	0	|	rapi	0.31	0.33	0	|	99.0	0.33(99)	0.33(99)	|	4669	
2705	357	ok	|	0.27	1.00	1.00	0.30	0.15	0	|	rapi	0.27	0.30	0	|	99.0	0.30(99)	0.30(99)	|	4669	
2705	358	ok	|	0.27	1.00	1.00	0.29	0.14	0	|	rapi	0.27	0.29	0	|	99.0	0.29(99)	0.29(99)	|	4669	
2705	359	ok	|	0.28	1.00	1.00	0.31	0.15	0	|	rapi	0.28	0.31	0	|	99.0	0.31(99)	0.31(99)	|	4669	
2705	360	ok	|	0.29	1.00	1.00	0.31	0.16	0	|	rapi	0.29	0.31	0	|	99.0	0.31(99)	0.31(99)	|	4669	
2705	361	ok	|	0.28	1.00	1.00	0.30	0.15	0	|	rapi	0.28	0.30	0	|	99.0	0.30(99)	0.30(99)	|	4669	
2705	362	ok	|	0.26	1.00	1.00	0.29	0.14	0	|	rapi	0.26	0.29	0	|	99.0	0.29(99)	0.29(99)	|	4669	
2705	363	ok	|	0.29	1.00	1.00	0.31	0.16	0	|	rapi	0.29	0.31	0	|	99.0	0.31(99)	0.31(99)	|	4669	
2705	364	ok	|	0.29	1.00	1.00	0.32	0.16	0	|	rapi	0.29	0.32	0	|	99.0	0.32(99)	0.32(99)	|	4669	
2705	365	ok	|	0.32	1.00	1.00	0.34	0.17	0	|	rapi	0.32	0.34	0	|	99.0	0.34(99)	0.34(99)	|	4669	
2705	366	ok	|	0.31	1.00	1.00	0.33	0.17	0	|	rapi	0.31	0.33	0	|	99.0	0.33(99)	0.33(99)	|	4669	
2705	367	ok	|	0.32	1.00	1.00	0.34	0.17	0	|	rapi	0.32	0.34	0	|	99.0	0.34(99)	0.34(99)	|	4669	
2705	368	ok	|	0.28	1.00	1.00	0.31	0.15	0	|	rapi	0.28	0.31	0	|	99.0	0.31(99)	0.31(99)	|	4669	
2705	369	ok	|	0.28	1.00	1.00	0.30	0.15	0	|	rapi	0.28	0.30	0	|	99.0	0.30(99)	0.30(99)	|	4669	
2705	370	ok	|	0.29	1.00	1.00	0.31	0.16	0	|	rapi	0.29	0.31	0	|	99.0	0.31(99)	0.31(99)	|	4669	
2705	371	ok	|	0.32	1.00	1.00	0.34	0.17	0	|	rapi	0.32	0.34	0	|	99.0	0.34(99)	0.34(99)	|	4669	
2705	372	ok	|	0.33	1.00	1.00	0.36	0.18	0	|	rapi	0.33	0.36	0	|	99.0	0.36(99)	0.36(99)	|	4669	
2705	373	ok	|	0.34	1.00	1.00	0.37	0.18	0	|	rapi	0.34	0.37	0	|	99.0	0.37(99)	0.37(99)	|	4669	
2705	374	ok	|	0.34	1.00	1.00	0.37	0.18	0	|	rapi	0.34	0.37	0	|	99.0	0.37(99)	0.37(99)	|	4669	
2705	375	ok	|	0.32	1.00	1.00	0.36	0.18	0	|	rapi	0.32	0.36	0	|	99.0	0.36(99)	0.36(99)	|	4669	
2705	376	ok	|	0.33	1.00	1.00	0.36	0.18	0	|	rapi	0.33	0.36	0	|	99.0	0.36(99)	0.36(99)	|	4669	
2705	377	ok	|	0.34	1.00	1.00	0.36	0.18	0	|	rapi	0.34	0.36	0	|	99.0	0.36(99)	0.36(99)	|	4669	
2705	378	ok	|	0.32	1.00	1.00	0.37	0.18	0	|	rapi	0.32	0.37	0	|	99.0	0.37(99)	0.37(99)	|	4669	
2705	379	ok	|	0.33	1.00	1.00	0.36	0.18	0	|	rapi	0.33	0.36	0	|	99.0	0.36(99)	0.36(99)	|	4669	
2705	380	ok	|	0.33	1.00	1.00	0.36	0.18	0	|	rapi	0.33	0.36	0	|	99.0	0.36(99)	0.36(99)	|	4669	
2705	381	ok	|	0.33	1.00	1.00	0.36	0.18	0	|	rapi	0.33	0.36	0	|	99.0	0.36(99)	0.36(99)	|	4669	
2705	382	ok	|	0.30	1.00	1.00	0.34	0.17	0	|	rapi	0.30	0.34	0	|	99.0	0.34(99)	0.34(99)	|	4669	
2705	383	ok	|	0.31	1.00	1.00	0.35	0.17	0	|	rapi	0.31	0.35	0	|	99.0	0.35(99)	0.35(99)	|	4669	
2705	384	ok	|	0.31	1.00	1.00	0.34	0.17	0	|	rapi	0.31	0.34	0	|	99.0	0.34(99)	0.34(99)	|	4669	
2705	385	ok	|	0.30	1.00	1.00	0.33	0.16	0	|	rapi	0.30	0.33	0	|	99.0	0.33(99)	0.33(99)	|	4669	
2705	386	ok	|	0.31	1.00	1.00	0.34	0.17	0	|	rapi	0.31	0.34	0	|	99.0	0.34(99)	0.34(99)	|	4669	
2705	387	ok	|	0.32	1.00	1.00	0.34	0.17	0	|	rapi	0.32	0.34	0	|	99.0	0.34(99)	0.34(99)	|	4669	
2705	388	ok	|	0.30	1.00	1.00	0.33	0.16	0	|	rapi	0.30	0.33	0	|	99.0	0.33(99)	0.33(99)	|	4669	
2705	389	ok	|	0.32	1.00	1.00	0.36	0.18	0	|	rapi	0.32	0.36	0	|	99.0	0.36(99)	0.36(99)	|	4669	
2705	390	ok	|	0.34	1.00	1.00	0.36	0.18	0	|	rapi	0.34	0.36	0	|	99.0	0.36(99)	0.36(99)	|	4669	
2705	391	ok	|	0.30	1.00	1.00	0.32	0.16	0	|	rapi	0.30	0.32	0	|	99.0	0.32(99)	0.32(99)	|	4669	
2705	392	ok	|	0.29	1.00	1.00	0.31	0.16	0	|	rapi	0.29	0.31	0	|	99.0	0.31(99)	0.31(99)	|	4669	
2705	393	ok	|	0.31	1.00	1.00	0.34	0.17	0	|	rapi	0.31	0.34	0	|	99.0	0.34(99)	0.34(99)	|	4669	
2705	394	ok	|	0.28	1.00	1.00	0.31	0.16	0	|	rapi	0.28	0.31	0	|	99.0	0.31(99)	0.31(99)	|	4669	
2705	395	ok	|	0.28	1.00	1.00	0.31	0.15	0	|	rapi	0.28	0.31	0	|	99.0	0.31(99)	0.31(99)	|	4669	
2705	396	ok	|	0.28	1.00	1.00	0.30	0.15	0	|	rapi	0.28	0.30	0	|	99.0	0.30(99)	0.30(99)	|	4669	
2705	397	ok	|	0.29	1.00	1.00	0.31	0.15	0	|	rapi	0.29	0.31	0	|	99.0	0.31(99)	0.31(99)	|	4669	
2705	398	ok	|	0.27	1.00	1.00	0.29	0.15	0	|	rapi	0.27	0.29	0	|	99.0	0.29(99)	0.29(99)	|	4669	
2705	399	ok	|	0.27	1.00	1.00	0.30	0.15	0	|	rapi	0.27	0.30	0	|	99.0	0.30(99)	0.30(99)	|	4669	
2705	400	ok	|	0.27	1.00	1.00	0.29	0.15	0	|	rapi	0.27	0.29	0	|	99.0	0.29(99)	0.29(99)	|	4669	
2705	401	ok	|	0.26	1.00	1.00	0.28	0.14	0	|	rapi	0.26	0.28	0	|	99.0	0.28(99)	0.28(99)	|	4669	
2705	402	ok	|	0.28	1.00	1.00	0.30	0.15	0	|	rapi	0.28	0.30	0	|	99.0	0.30(99)	0.30(99)	|	4669	
2705	403	ok	|	0.27	1.00	1.00	0.29	0.14	0	|	rapi	0.27	0.29	0	|	99.0	0.29(99)	0.29(99)	|	4669	
2705	404	ok	|	0.25	1.00	1.00	0.27	0.13	0	|	rapi	0.25	0.27	0	|	99.0	0.27(99)	0.27(99)	|	4669	
2705	405	ok	|	0.24	1.00	1.00	0.26	0.13	0	|	rapi	0.24	0.26	0	|	99.0	0.26(99)	0.26(99)	|	4669	
2705	406	ok	|	0.24	1.00	1.00	0.26	0.13	0	|	rapi	0.24	0.26	0	|	99.0	0.26(99)	0.26(99)	|	4669	
2705	407	ok	|	0.24	1.00	1.00	0.26	0.13	0	|	rapi	0.24	0.26	0	|	99.0	0.26(99)	0.26(99)	|	4669	
2705	408	ok	|	0.24	1.00	1.00	0.25	0.13	0	|	rapi	0.24	0.25	0	|	99.0	0.25(99)	0.25(99)	|	4669	
2705	409	ok	|	0.23	1.00	1.00	0.25	0.12	0	|	rapi	0.23	0.25	0	|	99.0	0.25(99)	0.25(99)	|	4669	
2705	410	ok	|	0.24	1.00	1.00	0.25	0.13	0	|	rapi	0.24	0.25	0	|	99.0	0.25(99)	0.25(99)	|	4669	
2705	411	ok	|	0.25	1.00	1.00	0.27	0.14	0	|	rapi	0.25	0.27	0	|	99.0	0.27(99)	0.27(99)	|	4669	
2705	412	ok	|	0.25	1.00	1.00	0.28	0.14	0	|	rapi	0.25	0.28	0	|	99.0	0.28(99)	0.28(99)	|	4669	
2705	413	ok	|	0.24	1.00	1.00	0.25	0.13	0	|	rapi	0.24	0.25	0	|	99.0	0.25(99)	0.25(99)	|	4669	
2705	414	ok	|	0.25	1.00	1.00	0.27	0.13	0	|	rapi	0.25	0.27	0	|	99.0	0.27(99)	0.27(99)	|	4669	
2705	415	ok	|	0.25	1.00	1.00	0.26	0.13	0	|	rapi	0.25	0.26	0	|	99.0	0.26(99)	0.26(99)	|	4669	
2705	416	ok	|	0.26	1.00	1.00	0.27	0.13	0	|	rapi	0.26	0.27	0	|	99.0	0.27(99)	0.27(99)	|	4669	
2705	417	ok	|	0.25	1.00	1.00	0.27	0.13	0	|	rapi	0.25	0.27	0	|	99.0	0.27(99)	0.27(99)	|	4669	
2705	418	ok	|	0.28	1.00	1.00	0.29	0.15	0	|	rapi	0.28	0.29	0	|	99.0	0.29(99)	0.29(99)	|	4669	
2705	419	ok	|	0.25	1.00	1.00	0.28	0.14	0	|	rapi	0.25	0.28	0	|	99.0	0.28(99)	0.28(99)	|	4669	
2705	420	ok	|	0.23	1.00	1.00	0.25	0.12	0	|	rapi	0.23	0.25	0	|	99.0	0.25(99)	0.25(99)	|	4669	
2705	421	ok	|	0.22	1.00	1.00	0.24	0.12	0	|	rapi	0.22	0.24	0	|	99.0	0.24(99)	0.24(99)	|	4669	
2705	422	ok	|	0.22	1.00	1.00	0.24	0.12	0	|	rapi	0.22	0.24	0	|	99.0	0.24(99)	0.24(99)	|	4669	
2705	423	ok	|	0.21	1.00	1.00	0.23	0.11	0	|	rapi	0.21	0.23	0	|	99.0	0.23(99)	0.23(99)	|	4669	
2705	424	ok	|	0.21	1.00	1.00	0.22	0.11	0	|	rapi	0.21	0.22	0	|	99.0	0.22(99)	0.22(99)	|	4669	
2705	425	ok	|	0.20	1.00	1.00	0.22	0.11	0	|	rapi	0.20	0.22	0	|	99.0	0.22(99)	0.22(99)	|	4669	
2705	426	ok	|	0.21	1.00	1.00	0.23	0.11	0	|	rapi	0.21	0.23	0	|	99.0	0.23(99)	0.23(99)	|	4669	
2705	427	ok	|	0.24	1.00	1.00	0.26	0.13	0	|	rapi	0.24	0.26	0	|	99.0	0.26(99)	0.26(99)	|	4669	
2705	428	ok	|	0.27	1.00	1.00	0.29	0.14	0	|	rapi	0.27	0.29	0	|	99.0	0.29(99)	0.29(99)	|	4669	
2705	429	ok	|	0.23	1.00	1.00	0.25	0.12	0	|	rapi	0.23	0.25	0	|	99.0	0.25(99)	0.25(99)	|	4669	
2705	430	ok	|	0.25	1.00	1.00	0.27	0.13	0	|	rapi	0.25	0.27	0	|	99.0	0.27(99)	0.27(99)	|	4669	
2705	431	ok	|	0.24	1.00	1.00	0.25	0.13	0	|	rapi	0.24	0.25	0	|	99.0	0.25(99)	0.25(99)	|	4669	
2705	432	ok	|	0.24	1.00	1.00	0.26	0.13	0	|	rapi	0.24	0.26	0	|	99.0	0.26(99)	0.26(99)	|	4669	
2705	433	ok	|	0.25	1.00	1.00	0.27	0.13	0	|	rapi	0.25	0.27	0	|	99.0	0.27(99)	0.27(99)	|	4669	
2705	434	ok	|	0.25	1.00	1.00	0.27	0.13	0	|	rapi	0.25	0.27	0	|	99.0	0.27(99)	0.27(99)	|	4669	
2705	435	ok	|	0.26	1.00	1.00	0.27	0.14	0	|	rapi	0.26	0.27	0	|	99.0	0.27(99)	0.27(99)	|	4669	
2705	436	ok	|	0.23	1.00	1.00	0.24	0.12	0	|	rapi	0.23	0.24	0	|	99.0	0.24(99)	0.24(99)	|	4669	
2705	437	ok	|	0.24	1.00	1.00	0.26	0.13	0	|	rapi	0.24	0.26	0	|	99.0	0.26(99)	0.26(99)	|	4669	
2705	438	ok	|	0.24	1.00	1.00	0.26	0.13	0	|	rapi	0.24	0.26	0	|	99.0	0.26(99)	0.26(99)	|	4669	
2705	439	ok	|	0.23	1.00	1.00	0.25	0.13	0	|	rapi	0.23	0.25	0	|	99.0	0.25(99)	0.25(99)	|	4669	
2705	440	ok	|	0.24	1.00	1.00	0.26	0.13	0	|	rapi	0.24	0.26	0	|	99.0	0.26(99)	0.26(99)	|	4669	
2705	441	ok	|	0.22	1.00	1.00	0.23	0.11	0	|	rapi	0.22	0.23	0	|	99.0	0.23(99)	0.23(99)	|	4669	
2705	442	ok	|	0.22	1.00	1.00	0.23	0.12	0	|	rapi	0.22	0.23	0	|	99.0	0.23(99)	0.23(99)	|	4669	
2705	443	ok	|	0.22	1.00	1.00	0.23	0.12	0	|	rapi	0.22	0.23	0	|	99.0	0.23(99)	0.23(99)	|	4669	
2705	444	ok	|	0.23	1.00	1.00	0.24	0.12	0	|	rapi	0.23	0.24	0	|	99.0	0.24(99)	0.24(99)	|	4669	
2705	445	ok	|	0.23	1.00	1.00	0.24	0.12	0	|	rapi	0.23	0.24	0	|	99.0	0.24(99)	0.24(99)	|	4669	
2705	446	ok	|	0.24	1.00	1.00	0.27	0.13	0	|	rapi	0.24	0.27	0	|	99.0	0.27(99)	0.27(99)	|	4669	
2705	447	ok	|	0.22	1.00	1.00	0.25	0.12	0	|	rapi	0.22	0.25	0	|	99.0	0.25(99)	0.25(99)	|	4669	
2705	448	ok	|	0.21	1.00	1.00	0.23	0.11	0	|	rapi	0.21	0.23	0	|	99.0	0.23(99)	0.23(99)	|	4669	
2705	449	ok	|	0.19	1.00	1.00	0.21	0.10	0	|	rapi	0.19	0.21	0	|	99.0	0.21(99)	0.21(99)	|	4669	
2705	450	ok	|	0.19	1.00	1.00	0.20	0.10	0	|	rapi	0.19	0.20	0	|	99.0	0.20(99)	0.20(99)	|	4669	
2705	451	ok	|	0.18	1.00	1.00	0.19	0.10	0	|	rapi	0.18	0.19	0	|	99.0	0.19(99)	0.19(99)	|	4669	
2705	452	ok	|	0.18	1.00	1.00	0.19	0.10	0	|	rapi	0.18	0.19	0	|	99.0	0.19(99)	0.19(99)	|	4669	
2705	453	ok	|	0.18	1.00	1.00	0.18	0.09	0	|	rapi	0.18	0.18	0	|	99.0	0.18(99)	0.18(99)	|	4669	
2705	454	ok	|	0.20	1.00	1.00	0.20	0.10	0	|	rapi	0.20	0.20	0	|	99.0	0.20(99)	0.20(99)	|	4669	
2705	455	ok	|	0.19	1.00	1.00	0.20	0.10	0	|	rapi	0.19	0.20	0	|	99.0	0.20(99)	0.20(99)	|	4669	
2705	456	ok	|	0.19	1.00	1.00	0.20	0.10	0	|	rapi	0.19	0.20	0	|	99.0	0.20(99)	0.20(99)	|	4669	
2705	457	ok	|	0.19	1.00	1.00	0.20	0.10	0	|	rapi	0.19	0.20	0	|	99.0	0.20(99)	0.20(99)	|	4669	
2705	458	ok	|	0.20	1.00	1.00	0.21	0.11	0	|	rapi	0.20	0.21	0	|	99.0	0.21(99)	0.21(99)	|	4669	
2705	459	ok	|	0.21	1.00	1.00	0.22	0.11	0	|	rapi	0.21	0.22	0	|	99.0	0.22(99)	0.22(99)	|	4669	
2705	460	ok	|	0.21	1.00	1.00	0.22	0.11	0	|	rapi	0.21	0.22	0	|	99.0	0.22(99)	0.22(99)	|	4669	
2705	461	ok	|	0.22	1.00	1.00	0.23	0.12	0	|	rapi	0.22	0.23	0	|	99.0	0.23(99)	0.23(99)	|	4669	
2705	462	ok	|	0.21	1.00	1.00	0.23	0.11	0	|	rapi	0.21	0.23	0	|	99.0	0.23(99)	0.23(99)	|	4669	
2705	463	ok	|	0.21	1.00	1.00	0.23	0.11	0	|	rapi	0.21	0.23	0	|	99.0	0.23(99)	0.23(99)	|	4669	
2705	464	ok	|	0.21	1.00	1.00	0.22	0.11	0	|	rapi	0.21	0.22	0	|	99.0	0.22(99)	0.22(99)	|	4669	
2705	465	ok	|	0.19	1.00	1.00	0.20	0.10	0	|	rapi	0.19	0.20	0	|	99.0	0.20(99)	0.20(99)	|	4669	
2705	466	ok	|	0.18	1.00	1.00	0.19	0.10	0	|	rapi	0.18	0.19	0	|	99.0	0.19(99)	0.19(99)	|	4669	
2705	467	ok	|	0.17	1.00	1.00	0.17	0.09	0	|	rapi	0.17	0.17	0	|	99.0	0.17(99)	0.17(99)	|	4669	
2705	468	ok	|	0.17	1.00	1.00	0.18	0.09	0	|	rapi	0.17	0.18	0	|	99.0	0.18(99)	0.18(99)	|	4669	
2705	469	ok	|	0.17	1.00	1.00	0.18	0.09	0	|	rapi	0.17	0.18	0	|	99.0	0.18(99)	0.18(99)	|	4669	
2705	470	ok	|	0.20	1.00	1.00	0.20	0.10	0	|	rapi	0.20	0.20	0	|	99.0	0.20(99)	0.20(99)	|	4669	
2705	471	ok	|	0.19	1.00	1.00	0.20	0.10	0	|	rapi	0.19	0.20	0	|	99.0	0.20(99)	0.20(99)	|	4669	
2705	472	ok	|	0.19	1.00	1.00	0.20	0.10	0	|	rapi	0.19	0.20	0	|	99.0	0.20(99)	0.20(99)	|	4669	
2705	473	ok	|	0.18	1.00	1.00	0.19	0.10	0	|	rapi	0.18	0.19	0	|	99.0	0.19(99)	0.19(99)	|	4669	
2705	474	ok	|	0.18	1.00	1.00	0.18	0.09	0	|	rapi	0.18	0.18	0	|	99.0	0.18(99)	0.18(99)	|	4669	
2705	475	ok	|	0.17	1.00	1.00	0.17	0.09	0	|	rapi	0.17	0.17	0	|	99.0	0.17(99)	0.17(99)	|	4669	
2705	476	ok	|	0.16	1.00	1.00	0.17	0.09	0	|	rapi	0.16	0.17	0	|	99.0	0.17(99)	0.17(99)	|	4669	
2705	477	ok	|	0.17	1.00	1.00	0.17	0.09	0	|	rapi	0.17	0.17	0	|	99.0	0.17(99)	0.17(99)	|	4669	
2705	478	ok	|	0.18	1.00	1.00	0.18	0.09	0	|	rapi	0.18	0.18	0	|	99.0	0.18(99)	0.18(99)	|	4669	
2705	479	ok	|	0.17	1.00	1.00	0.18	0.09	0	|	rapi	0.17	0.18	0	|	99.0	0.18(99)	0.18(99)	|	4669	
2705	480	ok	|	0.19	1.00	1.00	0.19	0.10	0	|	rapi	0.19	0.19	0	|	99.0	0.19(99)	0.19(99)	|	4669	
2705	481	ok	|	0.19	1.00	1.00	0.20	0.10	0	|	rapi	0.19	0.20	0	|	99.0	0.20(99)	0.20(99)	|	4669	
2705	482	ok	|	0.19	1.00	1.00	0.20	0.10	0	|	rapi	0.19	0.20	0	|	99.0	0.20(99)	0.20(99)	|	4669	
2705	483	ok	|	0.19	1.00	1.00	0.20	0.10	0	|	rapi	0.19	0.20	0	|	99.0	0.20(99)	0.20(99)	|	4669	
2705	484	ok	|	0.20	1.00	1.00	0.21	0.10	0	|	rapi	0.20	0.21	0	|	99.0	0.21(99)	0.21(99)	|	4669	
2705	485	ok	|	0.17	1.00	1.00	0.18	0.09	0	|	rapi	0.17	0.18	0	|	99.0	0.18(99)	0.18(99)	|	4669	
2705	486	ok	|	0.17	1.00	1.00	0.17	0.09	0	|	rapi	0.17	0.17	0	|	99.0	0.17(99)	0.17(99)	|	4669	
2705	487	ok	|	0.16	1.00	1.00	0.16	0.08	0	|	rapi	0.16	0.16	0	|	99.0	0.16(99)	0.16(99)	|	4669	
2705	488	ok	|	0.16	1.00	1.00	0.16	0.08	0	|	rapi	0.16	0.16	0	|	99.0	0.16(99)	0.16(99)	|	4669	
2705	489	ok	|	0.14	1.00	1.00	0.15	0.08	0	|	rapi	0.14	0.15	0	|	99.0	0.15(99)	0.15(99)	|	4669	
2705	490	ok	|	0.17	1.00	1.00	0.17	0.09	0	|	rapi	0.17	0.17	0	|	99.0	0.17(99)	0.17(99)	|	4669	
2705	491	ok	|	0.16	1.00	1.00	0.17	0.08	0	|	rapi	0.16	0.17	0	|	99.0	0.17(99)	0.17(99)	|	4669	
2705	492	ok	|	0.16	1.00	1.00	0.17	0.08	0	|	rapi	0.16	0.17	0	|	99.0	0.17(99)	0.17(99)	|	4669	
2705	493	ok	|	0.16	1.00	1.00	0.17	0.08	0	|	rapi	0.16	0.17	0	|	99.0	0.17(99)	0.17(99)	|	4669	
2705	494	ok	|	0.16	1.00	1.00	0.17	0.08	0	|	rapi	0.16	0.17	0	|	99.0	0.17(99)	0.17(99)	|	4669	
2705	495	ok	|	0.15	1.00	1.00	0.16	0.08	0	|	rapi	0.15	0.16	0	|	99.0	0.16(99)	0.16(99)	|	4669	
2705	496	ok	|	0.17	1.00	1.00	0.17	0.09	0	|	rapi	0.17	0.17	0	|	99.0	0.17(99)	0.17(99)	|	4669	
2705	497	ok	|	0.16	1.00	1.00	0.17	0.09	0	|	rapi	0.16	0.17	0	|	99.0	0.17(99)	0.17(99)	|	4669	
2705	498	ok	|	0.14	1.00	1.00	0.14	0.07	0	|	rapi	0.14	0.14	0	|	99.0	0.14(99)	0.14(99)	|	4669	
2705	499	ok	|	0.13	1.00	1.00	0.13	0.06	0	|	rapi	0.13	0.13	0	|	99.0	0.13(99)	0.13(99)	|	4669	
2705	500	ok	|	0.11	1.00	1.00	0.11	0.06	0	|	rapi	0.11	0.11	0	|	99.0	0.11(99)	0.11(99)	|	4669	
2705	501	ok	|	0.10	1.00	1.00	0.11	0.05	0	|	rapi	0.10	0.11	0	|	99.0	0.11(99)	0.11(99)	|	4669	
2705	502	ok	|	0.11	1.00	1.00	0.11	0.06	0	|	rapi	0.11	0.11	0	|	99.0	0.11(99)	0.11(99)	|	4669	
2705	503	ok	|	0.10	1.00	1.00	0.10	0.05	0	|	rapi	0.10	0.10	0	|	99.0	0.10(99)	0.10(99)	|	4669	
2705	504	ok	|	0.11	1.00	1.00	0.11	0.06	0	|	rapi	0.11	0.11	0	|	99.0	0.11(99)	0.11(99)	|	4669	
2705	505	ok	|	0.13	1.00	1.00	0.13	0.07	0	|	rapi	0.13	0.13	0	|	99.0	0.13(99)	0.13(99)	|	4669	
2705	506	ok	|	0.10	1.00	1.00	0.10	0.05	0	|	rapi	0.10	0.10	0	|	99.0	0.10(99)	0.10(99)	|	4669	
2705	507	ok	|	0.10	1.00	1.00	0.10	0.05	0	|	rapi	0.10	0.10	0	|	99.0	0.10(99)	0.10(99)	|	4669	
2705	508	ok	|	0.08	1.00	1.00	0.09	0.04	0	|	rapi	0.08	0.09	0	|	99.0	0.09(99)	0.09(99)	|	4669	
2705	509	ok	|	0.09	1.00	1.00	0.09	0.05	0	|	rapi	0.09	0.09	0	|	99.0	0.09(99)	0.09(99)	|	4669	
2705	510	ok	|	0.08	1.00	1.00	0.08	0.04	0	|	rapi	0.08	0.08	0	|	99.0	0.08(99)	0.08(99)	|	4669	
2705	511	ok	|	0.08	1.00	1.00	0.08	0.04	0	|	rapi	0.08	0.08	0	|	99.0	0.08(99)	0.08(99)	|	4669	
2705	512	ok	|	0.08	1.00	1.00	0.08	0.04	0	|	rapi	0.08	0.08	0	|	99.0	0.08(99)	0.08(99)	|	4669	
2705	513	ok	|	0.08	1.00	1.00	0.08	0.04	0	|	rapi	0.08	0.08	0	|	99.0	0.08(99)	0.08(99)	|	4669	
2705	514	ok	|	0.08	1.00	1.00	0.08	0.04	0	|	rapi	0.08	0.08	0	|	99.0	0.08(99)	0.08(99)	|	4669	
2705	515	ok	|	0.08	1.00	1.00	0.08	0.04	0	|	rapi	0.08	0.08	0	|	99.0	0.08(99)	0.08(99)	|	4669	
2705	516	ok	|	0.08	1.00	1.00	0.08	0.04	0	|	rapi	0.08	0.08	0	|	99.0	0.08(99)	0.08(99)	|	4669	
2705	517	ok	|	0.06	1.00	1.00	0.06	0.03	0	|	rapi	0.06	0.06	0	|	99.0	0.06(99)	0.06(99)	|	4669	
2705	518	ok	|	0.05	1.00	1.00	0.05	0.03	0	|	rapi	0.05	0.05	0	|	99.0	0.05(99)	0.05(99)	|	4669	
2705	519	ok	|	0.06	1.00	1.00	0.06	0.03	0	|	rapi	0.06	0.06	0	|	99.0	0.06(99)	0.06(99)	|	4669	
2705	520	ok	|	0.05	1.00	1.00	0.05	0.03	0	|	rapi	0.05	0.05	0	|	99.0	0.05(99)	0.05(99)	|	4669	
2705	521	ok	|	0.05	1.00	1.00	0.05	0.03	0	|	rapi	0.05	0.05	0	|	99.0	0.05(99)	0.05(99)	|	4669	
2705	522	ok	|	0.04	1.00	1.00	0.04	0.02	0	|	rapi	0.04	0.04	0	|	99.0	0.04(99)	0.04(99)	|	4669	
2705	523	ok	|	0.04	1.00	1.00	0.04	0.02	0	|	rapi	0.04	0.04	0	|	99.0	0.04(99)	0.04(99)	|	4669	
2705	524	ok	|	0.03	1.00	1.00	0.03	0.01	0	|	rapi	0.03	0.03	0	|	99.0	0.03(99)	0.03(99)	|	4669	
2705	525	ok	|	0.03	1.00	1.00	0.03	0.01	0	|	rapi	0.03	0.03	0	|	99.0	0.03(99)	0.03(99)	|	4669	
2705	526	ok	|	0.03	1.00	1.00	0.03	0.01	0	|	rapi	0.03	0.03	0	|	99.0	0.03(99)	0.03(99)	|	4669	
2705	527	ok	|	0.03	1.00	1.00	0.03	0.01	0	|	rapi	0.03	0.03	0	|	99.0	0.03(99)	0.03(99)	|	4669	
2705	528	ok	|	0.02	1.00	1.00	0.02	0.01	0	|	rapi	0.02	0.02	0	|	99.0	0.02(99)	0.02(99)	|	4669	
2705	529	ok	|	0.02	1.00	1.00	0.02	0.01	0	|	rapi	0.02	0.02	0	|	99.0	0.02(99)	0.02(99)	|	4669	
2705	530	ok	|	0.03	1.00	1.00	0.03	0.02	0	|	rapi	0.03	0.03	0	|	99.0	0.03(99)	0.03(99)	|	4669	
2705	531	ok	|	0.03	1.00	1.00	0.03	0.02	0	|	rapi	0.03	0.03	0	|	99.0	0.03(99)	0.03(99)	|	4669	
2705	532	ok	|	0.02	1.00	1.00	0.02	0.01	0	|	rapi	0.02	0.02	0	|	99.0	0.02(99)	0.02(99)	|	4669	
2705	533	ok	|	0.02	1.00	1.00	0.02	0.01	0	|	rapi	0.02	0.02	0	|	99.0	0.02(99)	0.02(99)	|	4669	
2705	534	ok	|	0.01	1.00	1.00	0.01	0.01	0	|	rapi	0.01	0.01	0	|	99.0	0.01(99)	0.01(99)	|	4669	
2705	535	ok	|	0.01	1.00	1.00	0.01	0.01	0	|	rapi	0.01	0.01	0	|	99.0	0.01(99)	0.01(99)	|	4669	
2705	536	ok	|	0.01	1.00	1.00	0.01	0.01	0	|	rapi	0.01	0.01	0	|	99.0	0.01(99)	0.01(99)	|	4669	
2705	537	ok	|	0.01	1.00	1.00	0.01	0.01	0	|	rapi	0.01	0.01	0	|	99.0	0.01(99)	0.01(99)	|	4669	
2705	538	ok	|	0.01	1.00	1.00	0.01	0.00	0	|	rapi	0.01	0.01	0	|	99.0	0.01(99)	0.01(99)	|	4669	
2705	539	ok	|	0.00	1.00	1.00	0.00	0.00	0	|	rapi	0.00	0.00	0	|	99.0	0.00(99)	0.00(99)	|	4669	
2705	540	ok	|	0.00	1.00	1.00	0.00	0.00	0	|	rapi	0.00	0.00	0	|	99.0	0.00(99)	0.00(99)	|	4669	
2705	541	ok	|	0.00	1.00	1.00	0.00	0.00	0	|	rapi	0.00	0.00	0	|	99.0	0.00(99)	0.00(99)	|	4669	
2705	542	ok	|	0.00	1.00	1.00	0.00	0.00	0	|	rapi	0.00	0.00	0	|	99.0	0.00(99)	0.00(99)	|	4669	
2705	543	ok	|	0.00	1.00	1.00	0.00	0.00	0	|	rapi	0.00	0.00	0	|	99.0	0.00(99)	0.00(99)	|	4669	
2705	544	fail-0	|	0.00	1.00	1.00	0.00	NaN	0	|	rapi	0.00	0.00	0	|	NaN			|	4669	
