2723	0	ok	|	0.09	1.00	1.00	0.10	0.00	0	|	rapi	0.00	0.00	0	|	-78.0	0.10(-78)		|	14	
2723	1	ok	|	0.11	1.00	1.00	0.13	0.00	0	|	rapi	0.00	0.00	0	|	-78.0	0.13(-78)		|	14	
2723	2	ok	|	0.12	1.00	1.00	0.16	0.00	0	|	rapi	0.00	0.00	0	|	-78.0	0.16(-78)	0.00(-78)	|	14	
2723	3	ok	|	0.13	1.00	1.00	0.17	0.00	0	|	rapi	0.00	0.00	0	|	-78.0	0.17(-78)	0.00(-78)	|	14	
2723	4	ok	|	0.14	1.00	1.00	0.19	0.00	0	|	rapi	0.00	0.00	0	|	-78.0	0.19(-78)	0.00(-78)	|	14	
2723	5	ok	|	0.16	1.00	1.00	0.23	0.00	0	|	rapi	0.00	0.00	0	|	-78.0	0.23(-78)	0.00(-78)	|	14	
2723	6	ok	|	0.19	1.00	1.00	0.28	0.00	0	|	rapi	0.00	0.00	0	|	-78.0	0.28(-78)	0.00(-78)	|	14	
2723	7	ok	|	0.22	1.00	1.00	0.33	0.00	0	|	rapi	0.00	0.00	0	|	-78.0	0.33(-78)	0.00(-78)	|	14	
2723	8	ok	|	0.24	1.00	1.00	0.35	0.00	0	|	rapi	0.00	0.00	0	|	-78.0	0.35(-78)	0.00(-78)	|	14	
2723	9	ok	|	0.26	1.00	1.00	0.41	0.00	0	|	rapi	0.00	0.00	0	|	-78.0	0.41(-78)	0.00(-78)	|	14	
2723	10	ok	|	0.28	1.00	1.00	0.45	0.00	0	|	rapi	0.00	0.00	0	|	-78.0	0.45(-78)		|	14	
2723	11	ok	|	0.35	0.99	0.99	0.56	0.00	0	|	rapi	0.00	0.00	0	|	-78.0	0.56(-78)		|	14	
2723	12	ok	|	0.42	0.99	0.99	0.70	0.00	0	|	rapi	0.00	0.00	0	|	-78.0	0.70(-78)		|	14	
2723	13	ok	|	0.50	0.99	0.99	0.88	0.00	0	|	rapi	0.00	0.00	0	|	-78.0	0.88(-78)		|	14	
2723	14	ok	|	0.54	0.99	0.99	1.07	0.00	0	|	rapi	0.00	0.00	0	|	-78.0	1.07(-78)		|	14	
2723	15	ok	|	0.61	0.99	0.99	1.25	0.00	0	|	rapi	0.00	0.00	0	|	-78.0	1.25(-78)		|	14	
2723	16	ok	|	0.66	0.99	0.99	1.46	0.00	0	|	rapi	0.00	0.00	0	|	-78.0	1.46(-78)		|	14	
2723	17	ok	|	0.70	0.98	0.98	1.67	0.00	0	|	rapi	0.00	0.00	0	|	-78.0	1.67(-78)		|	14	
2723	18	ok	|	0.75	0.98	0.98	1.88	0.00	0	|	rapi	0.00	0.00	0	|	-78.0	1.88(-78)		|	14	
2723	19	ok	|	0.80	0.98	0.98	2.15	0.00	0	|	rapi	0.00	0.00	0	|	-78.0	2.15(-78)		|	14	
2723	20	ok	|	0.87	0.97	0.97	2.56	0.00	0	|	rapi	0.00	0.00	0	|	-78.0	2.56(-78)		|	14	
2723	21	ok	|	0.91	0.97	0.97	2.87	0.00	0	|	rapi	0.00	0.00	0	|	-78.0	2.87(-78)		|	14	
2723	22	ok	|	0.93	0.97	0.97	3.40	0.00	0	|	rapi	0.00	0.00	0	|	-78.0	3.40(-78)		|	14	
2723	23	ok	|	0.95	0.96	0.96	3.96	0.00	0	|	rapi	0.00	0.00	0	|	-78.0	3.96(-78)		|	14	
2723	24	ok	|	0.98	0.95	0.95	4.78	0.00	0	|	rapi	0.00	0.00	0	|	-78.0	4.78(-78)	0.00(-78)	|	14	
2723	25	ok	|	0.98	0.94	0.94	5.65	0.00	0	|	rapi	0.00	0.00	0	|	-78.0	5.65(-78)	0.00(-78)	|	14	
2723	26	ok	|	0.99	0.93	0.93	6.74	0.00	0	|	rapi	0.01	0.01	0	|	-78.0	6.74(-78)	0.01(-78)	|	14	
2723	27	ok	|	1.00	0.92	0.92	7.77	0.00	0	|	rapi	0.01	0.01	0	|	-78.0	7.77(-78)	0.01(-78)	|	14	
2723	28	ok	|	1.00	0.91	0.91	9.29	0.00	0	|	rapi	0.00	0.00	0	|	-78.0	9.29(-78)	0.00(-78)	|	14	
2723	29	ok	|	1.00	0.89	0.89	11.08	0.00	0	|	rapi	0.00	0.00	0	|	-78.0	11.08(-78)	0.00(-78)	|	14	
2723	30	ok	|	1.00	0.87	0.87	13.04	0.00	0	|	rapi	0.00	0.00	0	|	-78.0	13.04(-78)	0.00(-78)	|	14	
2723	31	ok	|	1.00	0.85	0.85	15.43	0.00	0	|	rapi	0.00	0.00	0	|	-78.0	15.43(-78)	0.00(-78)	|	14	
2723	32	ok	|	1.00	0.82	0.82	18.20	0.00	0	|	rapi	0.00	0.00	0	|	-78.0	18.20(-78)	0.00(-78)	|	14	
2723	33	ok	|	1.00	0.78	0.78	21.56	0.00	0	|	rapi	0.00	0.00	0	|	-78.0	21.56(-78)	0.00(-78)	|	14	
2723	34	ok	|	1.00	0.75	0.75	25.48	0.00	0	|	rapi	0.00	0.00	0	|	-78.0	25.48(-78)	0.00(-78)	|	14	
2723	35	ok	|	1.00	0.70	0.70	29.98	0.00	0	|	rapi	0.00	0.00	0	|	-78.0	29.98(-78)	0.00(-78)	|	14	
2723	36	ok	|	1.00	0.64	0.64	35.63	0.00	0	|	rapi	0.00	0.00	0	|	-78.0	35.63(-78)	0.00(-78)	|	14	
2723	37	ok	|	1.00	0.59	0.59	41.47	0.00	0	|	rapi	0.00	0.00	0	|	-78.0	41.47(-78)	0.00(-78)	|	14	
2723	38	ok	|	1.00	0.51	0.51	48.77	0.00	0	|	rapi	0.01	0.01	0	|	-78.0	48.77(-78)	0.01(-78)	|	14	
2723	39	ok	|	1.00	0.43	0.43	56.64	0.00	0	|	rapi	0.01	0.01	0	|	-78.0	56.64(-78)	0.01(-78)	|	14	
2723	40	ok	|	1.00	0.34	0.34	65.69	0.00	0	|	rapi	0.02	0.02	0	|	-78.0	65.69(-78)	0.02(-78)	|	14	
2723	41	ok	|	1.00	0.25	0.25	74.98	0.00	0	|	rapi	0.03	0.03	0	|	-78.0	74.98(-78)	0.03(-78)	|	14	
2723	42	ok	|	1.00	0.16	0.16	84.26	0.00	0	|	rapi	0.03	0.03	0	|	-78.0	84.26(-78)	0.03(-78)	|	14	
2723	43	fail-w	|	1.00	0.09	0.09	92.49	0.00	0	|	rapi	0.04	0.04	0	|	-78.0	92.49(-78)	0.04(-78)	|	14	
