2765	0	ok	|	0.10	1.00	1.00	0.10	0.00	0	|	rapi	0.00	0.00	0	|	-2.0	0.10(-2)		|	1	
2765	1	ok	|	0.10	1.00	1.00	0.12	0.00	0	|	rapi	0.00	0.00	0	|	-2.0	0.12(-2)		|	1	
2765	2	ok	|	0.11	1.00	1.00	0.15	0.00	0	|	rapi	0.00	0.00	0	|	-2.0	0.15(-2)		|	1	
2765	3	ok	|	0.14	1.00	1.00	0.20	0.00	0	|	rapi	0.00	0.00	0	|	-2.0	0.20(-2)		|	1	
2765	4	ok	|	0.15	1.00	1.00	0.20	0.00	0	|	rapi	0.00	0.00	0	|	-2.0	0.20(-2)		|	1	
2765	5	ok	|	0.19	1.00	1.00	0.27	0.00	0	|	rapi	0.00	0.00	0	|	-2.0	0.27(-2)		|	1	
2765	6	ok	|	0.24	1.00	1.00	0.36	0.00	0	|	rapi	0.00	0.00	0	|	-2.0	0.36(-2)		|	1	
2765	7	ok	|	0.28	1.00	1.00	0.42	0.00	0	|	rapi	0.00	0.00	0	|	-2.0	0.42(-2)		|	1	
2765	8	ok	|	0.32	1.00	1.00	0.48	0.00	0	|	rapi	0.00	0.00	0	|	-2.0	0.48(-2)		|	1	
2765	9	ok	|	0.39	0.99	0.99	0.63	0.00	0	|	rapi	0.00	0.00	0	|	-2.0	0.63(-2)		|	1	
2765	10	ok	|	0.46	0.99	0.99	0.81	0.00	0	|	rapi	0.00	0.00	0	|	-2.0	0.81(-2)		|	1	
2765	11	ok	|	0.53	0.99	0.99	0.97	0.00	0	|	rapi	0.00	0.00	0	|	-2.0	0.97(-2)		|	1	
2765	12	ok	|	0.59	0.99	0.99	1.17	0.00	0	|	rapi	0.00	0.00	0	|	-2.0	1.17(-2)		|	1	
2765	13	ok	|	0.65	0.99	0.99	1.38	0.00	0	|	rapi	0.00	0.00	0	|	-2.0	1.38(-2)	0.00(-2)	|	1	
2765	14	ok	|	0.69	0.99	0.99	1.48	0.00	0	|	rapi	0.00	0.00	0	|	-2.0	1.48(-2)	0.00(-2)	|	1	
2765	15	ok	|	0.72	0.98	0.98	1.75	0.00	0	|	rapi	0.00	0.00	0	|	-2.0	1.75(-2)	0.00(-2)	|	1	
2765	16	ok	|	0.76	0.98	0.98	2.03	0.00	0	|	rapi	0.00	0.00	0	|	-2.0	2.03(-2)	0.00(-2)	|	1	
2765	17	ok	|	0.82	0.98	0.98	2.33	0.00	0	|	rapi	0.00	0.00	0	|	-2.0	2.33(-2)	0.00(-2)	|	1	
2765	18	ok	|	0.88	0.97	0.97	2.77	0.00	0	|	rapi	0.00	0.00	0	|	-2.0	2.77(-2)	0.00(-2)	|	1	
2765	19	ok	|	0.90	0.97	0.97	3.12	0.00	0	|	rapi	0.00	0.00	0	|	-2.0	3.12(-2)	0.00(-2)	|	1	
2765	20	ok	|	0.93	0.96	0.96	3.67	0.00	0	|	rapi	0.00	0.00	0	|	-2.0	3.67(-2)	0.00(-2)	|	1	
2765	21	ok	|	0.94	0.96	0.96	4.27	0.00	0	|	rapi	0.00	0.00	0	|	-2.0	4.27(-2)	0.00(-2)	|	1	
2765	22	ok	|	0.99	0.95	0.95	5.16	0.00	0	|	rapi	0.00	0.00	0	|	-2.0	5.16(-2)	0.00(-2)	|	1	
2765	23	ok	|	0.99	0.94	0.94	6.09	0.00	0	|	rapi	0.00	0.00	0	|	-2.0	6.09(-2)	0.00(-2)	|	1	
2765	24	ok	|	1.00	0.93	0.93	7.24	0.00	0	|	rapi	0.00	0.00	0	|	-2.0	7.24(-2)	0.00(-2)	|	1	
2765	25	ok	|	1.00	0.91	0.91	8.66	0.00	0	|	rapi	0.00	0.00	0	|	-2.0	8.66(-2)	0.00(-2)	|	1	
2765	26	ok	|	1.00	0.90	0.90	10.12	0.00	0	|	rapi	0.01	0.01	0	|	-2.0	10.12(-2)	0.01(-2)	|	1	
2765	27	ok	|	1.00	0.88	0.88	11.79	0.00	0	|	rapi	0.01	0.01	0	|	-2.0	11.79(-2)	0.01(-2)	|	1	
2765	28	ok	|	1.00	0.86	0.86	13.74	0.00	0	|	rapi	0.00	0.00	0	|	-2.0	13.74(-2)	0.00(-2)	|	1	
2765	29	ok	|	1.00	0.84	0.84	15.95	0.00	0	|	rapi	0.01	0.01	0	|	-2.0	15.95(-2)	0.01(-2)	|	1	
2765	30	ok	|	1.00	0.81	0.81	18.83	0.00	0	|	rapi	0.00	0.00	0	|	-2.0	18.83(-2)	0.00(-2)	|	1	
2765	31	ok	|	1.00	0.78	0.78	22.11	0.00	0	|	rapi	0.00	0.00	0	|	-2.0	22.11(-2)	0.00(-2)	|	1	
2765	32	ok	|	1.00	0.74	0.74	25.82	0.00	0	|	rapi	0.00	0.00	0	|	-2.0	25.82(-2)	0.00(-2)	|	1	
2765	33	ok	|	1.00	0.70	0.70	29.96	0.00	0	|	rapi	0.00	0.00	0	|	-2.0	29.96(-2)	0.00(-2)	|	1	
2765	34	ok	|	1.00	0.65	0.65	35.15	0.00	0	|	rapi	0.00	0.00	0	|	-2.0	35.15(-2)		|	1	
2765	35	ok	|	1.00	0.59	0.59	41.22	0.00	0	|	rapi	0.00	0.00	0	|	-2.0	41.22(-2)		|	1	
2765	36	ok	|	1.00	0.52	0.52	47.91	0.00	0	|	rapi	0.00	0.00	0	|	-2.0	47.91(-2)	0.00(-2)	|	1	
2765	37	ok	|	1.00	0.44	0.44	55.73	0.00	0	|	rapi	0.00	0.00	0	|	-2.0	55.73(-2)	0.00(-2)	|	1	
2765	38	ok	|	1.00	0.36	0.36	64.09	0.00	0	|	rapi	0.01	0.01	0	|	-2.0	64.09(-2)	0.01(-2)	|	1	
2765	39	ok	|	1.00	0.26	0.26	73.64	0.00	0	|	rapi	0.01	0.01	0	|	-2.0	73.64(-2)	0.01(-2)	|	1	
2765	40	ok	|	1.00	0.17	0.17	83.19	0.00	0	|	rapi	0.01	0.01	0	|	-2.0	83.19(-2)	0.01(-2)	|	1	
2765	41	fail-w	|	1.00	0.10	0.10	91.73	0.00	0	|	rapi	0.02	0.02	0	|	-2.0	91.73(-2)	0.02(-2)	|	1	
