2829	0	ok	|	0.10	1.00	1.00	0.10	0.00	0	|	rapi	0.00	0.00	0	|	-84.0	0.10(-84)		|	69	
2829	1	ok	|	0.11	1.00	1.00	0.13	0.00	0	|	rapi	0.00	0.00	0	|	-84.0	0.13(-84)		|	69	
2829	2	ok	|	0.12	1.00	1.00	0.14	0.00	0	|	rapi	0.00	0.00	0	|	-84.0	0.14(-84)		|	69	
2829	3	ok	|	0.12	1.00	1.00	0.16	0.00	0	|	rapi	0.00	0.00	0	|	-84.0	0.16(-84)		|	69	
2829	4	ok	|	0.15	1.00	1.00	0.20	0.00	0	|	rapi	0.00	0.00	0	|	-84.0	0.20(-84)		|	69	
2829	5	ok	|	0.15	1.00	1.00	0.21	0.00	0	|	rapi	0.00	0.00	0	|	-84.0	0.21(-84)		|	69	
2829	6	ok	|	0.19	1.00	1.00	0.28	0.00	0	|	rapi	0.00	0.00	0	|	-84.0	0.28(-84)		|	69	
2829	7	ok	|	0.22	1.00	1.00	0.32	0.00	0	|	rapi	0.00	0.00	0	|	-84.0	0.32(-84)		|	69	
2829	8	ok	|	0.26	1.00	1.00	0.37	0.00	0	|	rapi	0.00	0.00	0	|	-84.0	0.37(-84)		|	69	
2829	9	ok	|	0.29	1.00	1.00	0.43	0.00	0	|	rapi	0.00	0.00	0	|	-84.0	0.43(-84)		|	69	
2829	10	ok	|	0.32	1.00	1.00	0.48	0.00	0	|	rapi	0.00	0.00	0	|	-84.0	0.48(-84)		|	69	
2829	11	ok	|	0.35	0.99	0.99	0.55	0.00	0	|	rapi	0.00	0.00	0	|	-84.0	0.55(-84)		|	69	
2829	12	ok	|	0.40	0.99	0.99	0.66	0.00	0	|	rapi	0.00	0.00	0	|	-84.0	0.66(-84)		|	69	
2829	13	ok	|	0.46	0.99	0.99	0.78	0.00	0	|	rapi	0.00	0.00	0	|	-84.0	0.78(-84)		|	69	
2829	14	ok	|	0.52	0.99	0.99	0.94	0.00	0	|	rapi	0.00	0.00	0	|	-84.0	0.94(-84)		|	69	
2829	15	ok	|	0.58	0.99	0.99	1.11	0.00	0	|	rapi	0.00	0.00	0	|	-84.0	1.11(-84)	0.00(-84)	|	69	
2829	16	ok	|	0.64	0.99	0.99	1.32	0.00	0	|	rapi	0.00	0.00	0	|	-84.0	1.32(-84)	0.00(-84)	|	69	
2829	17	ok	|	0.71	0.98	0.98	1.61	0.00	0	|	rapi	0.01	0.01	0	|	-84.0	1.61(-84)	0.01(-84)	|	69	
2829	18	ok	|	0.78	0.98	0.98	1.92	0.00	0	|	rapi	0.00	0.00	0	|	-84.0	1.92(-84)	0.00(-84)	|	69	
2829	19	ok	|	0.80	0.98	0.98	2.29	0.00	0	|	rapi	0.01	0.01	0	|	-84.0	2.29(-84)	0.01(-84)	|	69	
2829	20	ok	|	0.86	0.97	0.97	2.67	0.00	0	|	rapi	0.01	0.01	0	|	-84.0	2.67(-84)	0.01(-84)	|	69	
2829	21	ok	|	0.91	0.97	0.97	3.10	0.00	0	|	rapi	0.01	0.01	0	|	-84.0	3.10(-84)	0.01(-84)	|	69	
2829	22	ok	|	0.94	0.96	0.96	3.69	0.00	0	|	rapi	0.01	0.01	0	|	-84.0	3.69(-84)	0.01(-84)	|	69	
2829	23	ok	|	0.97	0.96	0.96	4.40	0.00	0	|	rapi	0.00	0.00	0	|	-84.0	4.40(-84)	0.00(-84)	|	69	
2829	24	ok	|	0.98	0.95	0.95	5.27	0.00	0	|	rapi	0.01	0.01	0	|	-84.0	5.27(-84)	0.01(-84)	|	69	
2829	25	ok	|	0.98	0.94	0.94	6.14	0.00	0	|	rapi	0.01	0.01	0	|	-84.0	6.14(-84)	0.01(-84)	|	69	
2829	26	ok	|	1.00	0.93	0.93	7.18	0.00	0	|	rapi	0.01	0.01	0	|	-84.0	7.18(-84)	0.01(-84)	|	69	
2829	27	ok	|	1.00	0.91	0.91	8.68	0.00	0	|	rapi	0.01	0.01	0	|	-84.0	8.68(-84)	0.01(-84)	|	69	
2829	28	ok	|	1.00	0.90	0.90	10.46	0.00	0	|	rapi	0.01	0.01	0	|	-84.0	10.46(-84)	0.01(-84)	|	69	
2829	29	ok	|	1.00	0.88	0.88	12.12	0.00	0	|	rapi	0.01	0.01	0	|	-84.0	12.12(-84)	0.01(-84)	|	69	
2829	30	ok	|	1.00	0.86	0.86	14.21	0.00	0	|	rapi	0.01	0.01	0	|	-84.0	14.21(-84)	0.01(-84)	|	69	
2829	31	ok	|	1.00	0.83	0.83	16.67	0.00	0	|	rapi	0.01	0.01	0	|	-84.0	16.67(-84)	0.01(-84)	|	69	
2829	32	ok	|	1.00	0.80	0.80	19.67	0.00	0	|	rapi	0.01	0.01	0	|	-84.0	19.67(-84)	0.01(-84)	|	69	
2829	33	ok	|	1.00	0.77	0.77	22.94	0.00	0	|	rapi	0.01	0.01	0	|	-84.0	22.94(-84)	0.01(-84)	|	69	
2829	34	ok	|	1.00	0.73	0.73	26.96	0.00	0	|	rapi	0.01	0.01	0	|	-84.0	26.96(-84)	0.01(-84)	|	69	
2829	35	ok	|	1.00	0.68	0.68	31.60	0.00	0	|	rapi	0.02	0.02	0	|	-84.0	31.60(-84)	0.02(-84)	|	69	
2829	36	ok	|	1.00	0.63	0.63	36.52	0.00	0	|	rapi	0.02	0.02	0	|	-84.0	36.52(-84)	0.02(-84)	|	69	
2829	37	ok	|	1.00	0.57	0.57	42.90	0.00	0	|	rapi	0.01	0.01	0	|	-84.0	42.90(-84)	0.01(-84)	|	69	
2829	38	ok	|	1.00	0.50	0.50	49.81	0.00	0	|	rapi	0.01	0.01	0	|	-84.0	49.81(-84)	0.01(-84)	|	69	
2829	39	ok	|	1.00	0.42	0.42	57.67	0.00	0	|	rapi	0.01	0.01	0	|	-84.0	57.67(-84)	0.01(-84)	|	69	
2829	40	ok	|	1.00	0.34	0.34	66.23	0.00	0	|	rapi	0.03	0.03	0	|	-84.0	66.23(-84)	0.03(-84)	|	69	
2829	41	ok	|	1.00	0.24	0.24	75.81	0.00	0	|	rapi	0.04	0.04	0	|	-84.0	75.81(-84)	0.04(-84)	|	69	
2829	42	ok	|	1.00	0.16	0.16	84.50	0.00	0	|	rapi	0.07	0.07	0	|	-84.0	84.50(-84)	0.07(-84)	|	69	
2829	43	ok	|	1.00	0.11	0.11	90.60	0.00	0	|	rapi	0.10	0.11	0	|	-84.0	90.60(-84)	0.11(-84)	|	69	
2829	44	fail-w	|	1.00	0.09	0.09	94.19	0.00	0	|	rapi	0.19	0.21	0	|	-84.0	94.19(-84)	0.21(-84)	|	69	
