2834	0	ok	|	0.09	1.00	1.00	0.10	0.00	0	|	rapi	0.00	0.00	0	|	-36.0	0.10(-36)		|	4	
2834	1	ok	|	0.12	1.00	1.00	0.14	0.00	0	|	rapi	0.00	0.00	0	|	-36.0	0.14(-36)		|	4	
2834	2	ok	|	0.14	1.00	1.00	0.17	0.00	0	|	rapi	0.00	0.00	0	|	-36.0	0.17(-36)		|	4	
2834	3	ok	|	0.14	1.00	1.00	0.19	0.00	0	|	rapi	0.00	0.00	0	|	-36.0	0.19(-36)		|	4	
2834	4	ok	|	0.16	1.00	1.00	0.23	0.00	0	|	rapi	0.00	0.00	0	|	-36.0	0.23(-36)		|	4	
2834	5	ok	|	0.20	1.00	1.00	0.27	0.00	0	|	rapi	0.00	0.00	0	|	-36.0	0.27(-36)		|	4	
2834	6	ok	|	0.24	1.00	1.00	0.34	0.00	0	|	rapi	0.00	0.00	0	|	-36.0	0.34(-36)		|	4	
2834	7	ok	|	0.28	1.00	1.00	0.42	0.00	0	|	rapi	0.00	0.00	0	|	-36.0	0.42(-36)		|	4	
2834	8	ok	|	0.31	0.99	0.99	0.51	0.00	0	|	rapi	0.00	0.00	0	|	-36.0	0.51(-36)		|	4	
2834	9	ok	|	0.36	0.99	0.99	0.58	0.00	0	|	rapi	0.00	0.00	0	|	-36.0	0.58(-36)		|	4	
2834	10	ok	|	0.43	0.99	0.99	0.73	0.00	0	|	rapi	0.00	0.00	0	|	-36.0	0.73(-36)		|	4	
2834	11	ok	|	0.50	0.99	0.99	0.90	0.00	0	|	rapi	0.00	0.00	0	|	-36.0	0.90(-36)		|	4	
2834	12	ok	|	0.57	0.99	0.99	1.04	0.00	0	|	rapi	0.00	0.00	0	|	-36.0	1.04(-36)		|	4	
2834	13	ok	|	0.60	0.99	0.99	1.18	0.00	0	|	rapi	0.00	0.00	0	|	-36.0	1.18(-36)		|	4	
2834	14	ok	|	0.65	0.99	0.99	1.33	0.00	0	|	rapi	0.00	0.00	0	|	-36.0	1.33(-36)		|	4	
2834	15	ok	|	0.71	0.98	0.98	1.52	0.00	0	|	rapi	0.00	0.00	0	|	-36.0	1.52(-36)		|	4	
2834	16	ok	|	0.76	0.98	0.98	1.82	0.00	0	|	rapi	0.00	0.00	0	|	-36.0	1.82(-36)		|	4	
2834	17	ok	|	0.81	0.98	0.98	2.13	0.00	0	|	rapi	0.00	0.00	0	|	-36.0	2.13(-36)		|	4	
2834	18	ok	|	0.87	0.97	0.97	2.55	0.00	0	|	rapi	0.00	0.00	0	|	-36.0	2.55(-36)		|	4	
2834	19	ok	|	0.89	0.97	0.97	2.99	0.00	0	|	rapi	0.00	0.00	0	|	-36.0	2.99(-36)		|	4	
2834	20	ok	|	0.93	0.96	0.96	3.53	0.00	0	|	rapi	0.00	0.00	0	|	-36.0	3.53(-36)		|	4	
2834	21	ok	|	0.96	0.96	0.96	4.14	0.00	0	|	rapi	0.00	0.00	0	|	-36.0	4.14(-36)	0.00(-36)	|	4	
2834	22	ok	|	0.98	0.95	0.95	4.96	0.00	0	|	rapi	0.00	0.00	0	|	-36.0	4.96(-36)	0.00(-36)	|	4	
2834	23	ok	|	0.99	0.94	0.94	5.91	0.00	0	|	rapi	0.00	0.00	0	|	-36.0	5.91(-36)	0.00(-36)	|	4	
2834	24	ok	|	0.99	0.93	0.93	7.08	0.00	0	|	rapi	0.00	0.00	0	|	-36.0	7.08(-36)	0.00(-36)	|	4	
2834	25	ok	|	1.00	0.92	0.92	8.49	0.00	0	|	rapi	0.01	0.01	0	|	-36.0	8.49(-36)	0.01(-36)	|	4	
2834	26	ok	|	1.00	0.90	0.90	10.11	0.00	0	|	rapi	0.01	0.01	0	|	-36.0	10.11(-36)	0.01(-36)	|	4	
2834	27	ok	|	1.00	0.88	0.88	11.80	0.00	0	|	rapi	0.01	0.01	0	|	-36.0	11.80(-36)	0.01(-36)	|	4	
2834	28	ok	|	1.00	0.86	0.86	13.68	0.00	0	|	rapi	0.01	0.01	0	|	-36.0	13.68(-36)	0.01(-36)	|	4	
2834	29	ok	|	1.00	0.84	0.84	16.19	0.00	0	|	rapi	0.00	0.00	0	|	-36.0	16.19(-36)	0.00(-36)	|	4	
2834	30	ok	|	1.00	0.81	0.81	19.30	0.00	0	|	rapi	0.00	0.00	0	|	-36.0	19.30(-36)	0.00(-36)	|	4	
2834	31	ok	|	1.00	0.77	0.77	22.71	0.00	0	|	rapi	0.01	0.01	0	|	-36.0	22.71(-36)	0.01(-36)	|	4	
2834	32	ok	|	1.00	0.74	0.74	26.49	0.00	0	|	rapi	0.01	0.01	0	|	-36.0	26.49(-36)	0.01(-36)	|	4	
2834	33	ok	|	1.00	0.69	0.69	31.11	0.00	0	|	rapi	0.00	0.00	0	|	-36.0	31.11(-36)	0.00(-36)	|	4	
2834	34	ok	|	1.00	0.63	0.63	36.67	0.00	0	|	rapi	0.00	0.00	0	|	-36.0	36.67(-36)	0.00(-36)	|	4	
2834	35	ok	|	1.00	0.58	0.58	42.44	0.00	0	|	rapi	0.00	0.00	0	|	-36.0	42.44(-36)		|	4	
2834	36	ok	|	1.00	0.51	0.51	49.47	0.00	0	|	rapi	0.00	0.00	0	|	-36.0	49.47(-36)		|	4	
2834	37	ok	|	1.00	0.42	0.42	57.52	0.00	0	|	rapi	0.00	0.00	0	|	-36.0	57.52(-36)	0.00(-36)	|	4	
2834	38	ok	|	1.00	0.34	0.34	66.33	0.00	0	|	rapi	0.00	0.00	0	|	-36.0	66.33(-36)	0.00(-36)	|	4	
2834	39	ok	|	1.00	0.24	0.24	75.99	0.00	0	|	rapi	0.00	0.00	0	|	-36.0	75.99(-36)	0.00(-36)	|	4	
2834	40	ok	|	1.00	0.14	0.14	86.18	0.00	0	|	rapi	0.01	0.01	0	|	-36.0	86.18(-36)	0.01(-36)	|	4	
2834	41	fail-w	|	1.00	0.07	0.07	95.35	0.00	0	|	rapi	0.01	0.01	0	|	-36.0	95.35(-36)	0.01(-36)	|	4	
