2885	0	ok	|	0.09	1.00	1.00	0.10	0.00	0	|	rapi	0.09	0.10	0	|	74.0	0.10(74)	0.10(74)	|	7799	
2885	1	ok	|	0.09	1.00	1.00	0.10	0.00	0	|	rapi	0.09	0.10	0	|	74.0	0.10(74)	0.10(74)	|	7799	
2885	2	ok	|	0.08	1.00	1.00	0.09	0.00	0	|	rapi	0.08	0.09	0	|	74.0	0.09(74)	0.09(74)	|	7799	
2885	3	ok	|	0.09	1.00	1.00	0.09	0.00	0	|	rapi	0.09	0.09	0	|	74.0	0.09(74)	0.09(74)	|	7799	
2885	4	ok	|	0.09	1.00	1.00	0.09	0.00	0	|	rapi	0.09	0.09	0	|	74.0	0.09(74)	0.09(74)	|	7799	
2885	5	ok	|	0.09	1.00	1.00	0.09	0.00	0	|	rapi	0.09	0.09	0	|	74.0	0.09(74)	0.09(74)	|	7799	
2885	6	ok	|	0.09	1.00	1.00	0.09	0.00	0	|	rapi	0.09	0.09	0	|	74.0	0.09(74)	0.09(74)	|	7799	
2885	7	ok	|	0.08	1.00	1.00	0.08	0.00	0	|	rapi	0.08	0.08	0	|	74.0	0.08(74)	0.08(74)	|	7799	
2885	8	ok	|	0.09	1.00	1.00	0.09	0.00	0	|	rapi	0.09	0.09	0	|	74.0	0.09(74)	0.09(74)	|	7799	
2885	9	ok	|	0.09	1.00	1.00	0.09	0.00	0	|	rapi	0.09	0.09	0	|	74.0	0.09(74)	0.09(74)	|	7799	
2885	10	ok	|	0.09	1.00	1.00	0.09	0.00	0	|	rapi	0.09	0.09	0	|	74.0	0.09(74)	0.09(74)	|	7799	
2885	11	ok	|	0.10	1.00	1.00	0.10	0.00	0	|	rapi	0.10	0.10	0	|	74.0	0.10(74)	0.10(74)	|	7799	
2885	12	ok	|	0.10	1.00	1.00	0.10	0.00	0	|	rapi	0.10	0.10	0	|	74.0	0.10(74)	0.10(74)	|	7799	
2885	13	ok	|	0.09	1.00	1.00	0.10	0.00	0	|	rapi	0.09	0.10	0	|	74.0	0.10(74)	0.10(74)	|	7799	
2885	14	ok	|	0.09	1.00	1.00	0.09	0.00	0	|	rapi	0.09	0.09	0	|	74.0	0.09(74)	0.09(74)	|	7799	
2885	15	ok	|	0.09	1.00	1.00	0.09	0.00	0	|	rapi	0.09	0.09	0	|	74.0	0.09(74)	0.09(74)	|	7799	
2885	16	ok	|	0.09	1.00	1.00	0.09	0.00	0	|	rapi	0.09	0.09	0	|	74.0	0.09(74)	0.09(74)	|	7799	
2885	17	ok	|	0.09	1.00	1.00	0.09	0.00	0	|	rapi	0.09	0.09	0	|	74.0	0.09(74)	0.09(74)	|	7799	
2885	18	ok	|	0.07	1.00	1.00	0.07	0.00	0	|	rapi	0.07	0.07	0	|	74.0	0.07(74)	0.07(74)	|	7799	
2885	19	ok	|	0.08	1.00	1.00	0.08	0.00	0	|	rapi	0.08	0.08	0	|	74.0	0.08(74)	0.08(74)	|	7799	
2885	20	ok	|	0.08	1.00	1.00	0.08	0.00	0	|	rapi	0.08	0.08	0	|	74.0	0.08(74)	0.08(74)	|	7799	
2885	21	ok	|	0.08	1.00	1.00	0.08	0.00	0	|	rapi	0.08	0.08	0	|	74.0	0.08(74)	0.08(74)	|	7799	
2885	22	ok	|	0.08	1.00	1.00	0.08	0.00	0	|	rapi	0.08	0.08	0	|	74.0	0.08(74)	0.08(74)	|	7799	
2885	23	ok	|	0.08	1.00	1.00	0.08	0.01	0	|	rapi	0.08	0.08	0	|	74.0	0.08(74)	0.08(74)	|	7799	
2885	24	ok	|	0.08	1.00	1.00	0.08	0.01	0	|	rapi	0.08	0.08	0	|	74.0	0.08(74)	0.08(74)	|	7799	
2885	25	ok	|	0.06	1.00	1.00	0.06	0.00	0	|	rapi	0.06	0.06	0	|	74.0	0.06(74)	0.06(74)	|	7799	
2885	26	ok	|	0.06	1.00	1.00	0.06	0.01	0	|	rapi	0.06	0.06	0	|	74.0	0.06(74)	0.06(74)	|	7799	
2885	27	ok	|	0.06	1.00	1.00	0.07	0.01	0	|	rapi	0.06	0.07	0	|	74.0	0.07(74)	0.07(74)	|	7799	
2885	28	ok	|	0.06	1.00	1.00	0.06	0.01	0	|	rapi	0.06	0.06	0	|	74.0	0.06(74)	0.06(74)	|	7799	
2885	29	ok	|	0.06	1.00	1.00	0.06	0.01	0	|	rapi	0.06	0.06	0	|	74.0	0.06(74)	0.06(74)	|	7799	
2885	30	ok	|	0.06	1.00	1.00	0.06	0.01	0	|	rapi	0.06	0.06	0	|	74.0	0.06(74)	0.06(74)	|	7799	
2885	31	ok	|	0.06	1.00	1.00	0.06	0.01	0	|	rapi	0.06	0.06	0	|	74.0	0.06(74)	0.06(74)	|	7799	
2885	32	ok	|	0.05	1.00	1.00	0.05	0.01	0	|	rapi	0.05	0.05	0	|	74.0	0.05(74)	0.05(74)	|	7799	
2885	33	ok	|	0.06	1.00	1.00	0.06	0.01	0	|	rapi	0.06	0.06	0	|	74.0	0.06(74)	0.06(74)	|	7799	
2885	34	ok	|	0.06	1.00	1.00	0.06	0.01	0	|	rapi	0.06	0.06	0	|	74.0	0.06(74)	0.06(74)	|	7799	
2885	35	ok	|	0.07	1.00	1.00	0.07	0.01	0	|	rapi	0.07	0.07	0	|	74.0	0.07(74)	0.07(74)	|	7799	
2885	36	ok	|	0.07	1.00	1.00	0.07	0.01	0	|	rapi	0.07	0.07	0	|	74.0	0.07(74)	0.07(74)	|	7799	
2885	37	ok	|	0.07	1.00	1.00	0.07	0.01	0	|	rapi	0.07	0.07	0	|	74.0	0.07(74)	0.07(74)	|	7799	
2885	38	ok	|	0.07	1.00	1.00	0.07	0.01	0	|	rapi	0.07	0.07	0	|	74.0	0.07(74)	0.07(74)	|	7799	
2885	39	ok	|	0.07	1.00	1.00	0.07	0.01	0	|	rapi	0.07	0.07	0	|	74.0	0.07(74)	0.07(74)	|	7799	
2885	40	ok	|	0.07	1.00	1.00	0.07	0.01	0	|	rapi	0.07	0.07	0	|	74.0	0.07(74)	0.07(74)	|	7799	
2885	41	ok	|	0.08	1.00	1.00	0.08	0.01	0	|	rapi	0.08	0.08	0	|	74.0	0.08(74)	0.08(74)	|	7799	
2885	42	ok	|	0.07	1.00	1.00	0.08	0.01	0	|	rapi	0.07	0.08	0	|	74.0	0.08(74)	0.08(74)	|	7799	
2885	43	ok	|	0.08	1.00	1.00	0.09	0.01	0	|	rapi	0.08	0.09	0	|	74.0	0.09(74)	0.09(74)	|	7799	
2885	44	ok	|	0.09	1.00	1.00	0.10	0.02	0	|	rapi	0.09	0.10	0	|	74.0	0.10(74)	0.10(74)	|	7799	
2885	45	ok	|	0.10	1.00	1.00	0.10	0.02	0	|	rapi	0.10	0.10	0	|	74.0	0.10(74)	0.10(74)	|	7799	
2885	46	ok	|	0.09	1.00	1.00	0.09	0.02	0	|	rapi	0.09	0.09	0	|	74.0	0.09(74)	0.09(74)	|	7799	
2885	47	ok	|	0.08	1.00	1.00	0.08	0.01	0	|	rapi	0.08	0.08	0	|	74.0	0.08(74)	0.08(74)	|	7799	
2885	48	ok	|	0.08	1.00	1.00	0.08	0.01	0	|	rapi	0.08	0.08	0	|	74.0	0.08(74)	0.08(74)	|	7799	
2885	49	ok	|	0.07	1.00	1.00	0.07	0.01	0	|	rapi	0.07	0.07	0	|	74.0	0.07(74)	0.07(74)	|	7799	
2885	50	ok	|	0.07	1.00	1.00	0.08	0.01	0	|	rapi	0.07	0.08	0	|	74.0	0.08(74)	0.08(74)	|	7799	
2885	51	ok	|	0.07	1.00	1.00	0.07	0.01	0	|	rapi	0.07	0.07	0	|	74.0	0.07(74)	0.07(74)	|	7799	
2885	52	ok	|	0.06	1.00	1.00	0.06	0.01	0	|	rapi	0.06	0.06	0	|	74.0	0.06(74)	0.06(74)	|	7799	
2885	53	ok	|	0.06	1.00	1.00	0.06	0.01	0	|	rapi	0.06	0.06	0	|	74.0	0.06(74)	0.06(74)	|	7799	
2885	54	ok	|	0.06	1.00	1.00	0.06	0.01	0	|	rapi	0.06	0.06	0	|	74.0	0.06(74)	0.06(74)	|	7799	
2885	55	ok	|	0.07	1.00	1.00	0.07	0.01	0	|	rapi	0.07	0.07	0	|	74.0	0.07(74)	0.07(74)	|	7799	
2885	56	ok	|	0.07	1.00	1.00	0.07	0.01	0	|	rapi	0.07	0.07	0	|	74.0	0.07(74)	0.07(74)	|	7799	
2885	57	ok	|	0.08	1.00	1.00	0.08	0.01	0	|	rapi	0.08	0.08	0	|	74.0	0.08(74)	0.08(74)	|	7799	
2885	58	ok	|	0.10	1.00	1.00	0.10	0.02	0	|	rapi	0.10	0.10	0	|	74.0	0.10(74)	0.10(74)	|	7799	
2885	59	ok	|	0.09	1.00	1.00	0.10	0.02	0	|	rapi	0.09	0.10	0	|	74.0	0.10(74)	0.10(74)	|	7799	
2885	60	ok	|	0.10	1.00	1.00	0.10	0.02	0	|	rapi	0.10	0.10	0	|	74.0	0.10(74)	0.10(74)	|	7799	
2885	61	ok	|	0.10	1.00	1.00	0.11	0.02	0	|	rapi	0.10	0.11	0	|	74.0	0.11(74)	0.11(74)	|	7799	
2885	62	ok	|	0.10	1.00	1.00	0.10	0.02	0	|	rapi	0.10	0.10	0	|	74.0	0.10(74)	0.10(74)	|	7799	
2885	63	ok	|	0.10	1.00	1.00	0.11	0.02	0	|	rapi	0.10	0.11	0	|	74.0	0.11(74)	0.11(74)	|	7799	
2885	64	ok	|	0.10	1.00	1.00	0.11	0.02	0	|	rapi	0.10	0.11	0	|	74.0	0.11(74)	0.11(74)	|	7799	
2885	65	ok	|	0.11	1.00	1.00	0.11	0.02	0	|	rapi	0.11	0.11	0	|	74.0	0.11(74)	0.11(74)	|	7799	
2885	66	ok	|	0.10	1.00	1.00	0.10	0.02	0	|	rapi	0.10	0.10	0	|	74.0	0.10(74)	0.10(74)	|	7799	
2885	67	ok	|	0.10	1.00	1.00	0.10	0.02	0	|	rapi	0.10	0.10	0	|	74.0	0.10(74)	0.10(74)	|	7799	
2885	68	ok	|	0.09	1.00	1.00	0.09	0.02	0	|	rapi	0.09	0.09	0	|	74.0	0.09(74)	0.09(74)	|	7799	
2885	69	ok	|	0.10	1.00	1.00	0.10	0.02	0	|	rapi	0.10	0.10	0	|	74.0	0.10(74)	0.10(74)	|	7799	
2885	70	ok	|	0.08	1.00	1.00	0.08	0.01	0	|	rapi	0.08	0.08	0	|	74.0	0.08(74)	0.08(74)	|	7799	
2885	71	ok	|	0.07	1.00	1.00	0.07	0.01	0	|	rapi	0.07	0.07	0	|	74.0	0.07(74)	0.07(74)	|	7799	
2885	72	ok	|	0.07	1.00	1.00	0.08	0.01	0	|	rapi	0.07	0.08	0	|	74.0	0.08(74)	0.08(74)	|	7799	
2885	73	ok	|	0.08	1.00	1.00	0.08	0.01	0	|	rapi	0.08	0.08	0	|	74.0	0.08(74)	0.08(74)	|	7799	
2885	74	ok	|	0.07	1.00	1.00	0.07	0.01	0	|	rapi	0.07	0.07	0	|	74.0	0.07(74)	0.07(74)	|	7799	
2885	75	ok	|	0.07	1.00	1.00	0.07	0.01	0	|	rapi	0.07	0.07	0	|	74.0	0.07(74)	0.07(74)	|	7799	
2885	76	ok	|	0.07	1.00	1.00	0.07	0.01	0	|	rapi	0.07	0.07	0	|	74.0	0.07(74)	0.07(74)	|	7799	
2885	77	ok	|	0.06	1.00	1.00	0.06	0.01	0	|	rapi	0.06	0.06	0	|	74.0	0.06(74)	0.06(74)	|	7799	
2885	78	ok	|	0.07	1.00	1.00	0.07	0.01	0	|	rapi	0.07	0.07	0	|	74.0	0.07(74)	0.07(74)	|	7799	
2885	79	ok	|	0.06	1.00	1.00	0.06	0.01	0	|	rapi	0.06	0.06	0	|	74.0	0.06(74)	0.06(74)	|	7799	
2885	80	ok	|	0.05	1.00	1.00	0.05	0.01	0	|	rapi	0.05	0.05	0	|	74.0	0.05(74)	0.05(74)	|	7799	
2885	81	ok	|	0.05	1.00	1.00	0.05	0.01	0	|	rapi	0.05	0.05	0	|	74.0	0.05(74)	0.05(74)	|	7799	
2885	82	ok	|	0.04	1.00	1.00	0.04	0.01	0	|	rapi	0.04	0.04	0	|	74.0	0.04(74)	0.04(74)	|	7799	
2885	83	ok	|	0.04	1.00	1.00	0.04	0.01	0	|	rapi	0.04	0.04	0	|	74.0	0.04(74)	0.04(74)	|	7799	
2885	84	ok	|	0.04	1.00	1.00	0.04	0.01	0	|	rapi	0.04	0.04	0	|	74.0	0.04(74)	0.04(74)	|	7799	
2885	85	ok	|	0.04	1.00	1.00	0.04	0.01	0	|	rapi	0.04	0.04	0	|	74.0	0.04(74)	0.04(74)	|	7799	
2885	86	ok	|	0.03	1.00	1.00	0.03	0.01	0	|	rapi	0.03	0.03	0	|	74.0	0.03(74)	0.03(74)	|	7799	
2885	87	ok	|	0.04	1.00	1.00	0.05	0.01	0	|	rapi	0.04	0.05	0	|	74.0	0.05(74)	0.05(74)	|	7799	
2885	88	ok	|	0.05	1.00	1.00	0.05	0.01	0	|	rapi	0.05	0.05	0	|	74.0	0.05(74)	0.05(74)	|	7799	
2885	89	ok	|	0.04	1.00	1.00	0.04	0.01	0	|	rapi	0.04	0.04	0	|	74.0	0.04(74)	0.04(74)	|	7799	
2885	90	ok	|	0.04	1.00	1.00	0.04	0.01	0	|	rapi	0.04	0.04	0	|	74.0	0.04(74)	0.04(74)	|	7799	
2885	91	ok	|	0.05	1.00	1.00	0.05	0.01	0	|	rapi	0.05	0.05	0	|	74.0	0.05(74)	0.05(74)	|	7799	
2885	92	ok	|	0.04	1.00	1.00	0.04	0.01	0	|	rapi	0.04	0.04	0	|	74.0	0.04(74)	0.04(74)	|	7799	
2885	93	ok	|	0.04	1.00	1.00	0.04	0.01	0	|	rapi	0.04	0.04	0	|	74.0	0.04(74)	0.04(74)	|	7799	
2885	94	ok	|	0.03	1.00	1.00	0.03	0.01	0	|	rapi	0.03	0.03	0	|	74.0	0.03(74)	0.03(74)	|	7799	
2885	95	ok	|	0.03	1.00	1.00	0.03	0.01	0	|	rapi	0.03	0.03	0	|	74.0	0.03(74)	0.03(74)	|	7799	
2885	96	ok	|	0.03	1.00	1.00	0.03	0.01	0	|	rapi	0.03	0.03	0	|	74.0	0.03(74)	0.03(74)	|	7799	
2885	97	ok	|	0.03	1.00	1.00	0.03	0.01	0	|	rapi	0.03	0.03	0	|	74.0	0.03(74)	0.03(74)	|	7799	
2885	98	ok	|	0.03	1.00	1.00	0.03	0.01	0	|	rapi	0.03	0.03	0	|	74.0	0.03(74)	0.03(74)	|	7799	
2885	99	ok	|	0.02	1.00	1.00	0.02	0.01	0	|	rapi	0.02	0.02	0	|	74.0	0.02(74)	0.02(74)	|	7799	
2885	100	ok	|	0.02	1.00	1.00	0.02	0.01	0	|	rapi	0.02	0.02	0	|	74.0	0.02(74)	0.02(74)	|	7799	
2885	101	ok	|	0.02	1.00	1.00	0.02	0.01	0	|	rapi	0.02	0.02	0	|	74.0	0.02(74)	0.02(74)	|	7799	
2885	102	ok	|	0.03	1.00	1.00	0.03	0.01	0	|	rapi	0.03	0.03	0	|	74.0	0.03(74)	0.03(74)	|	7799	
2885	103	ok	|	0.02	1.00	1.00	0.02	0.01	0	|	rapi	0.02	0.02	0	|	74.0	0.02(74)	0.02(74)	|	7799	
2885	104	ok	|	0.02	1.00	1.00	0.02	0.01	0	|	rapi	0.02	0.02	0	|	74.0	0.02(74)	0.02(74)	|	7799	
2885	105	ok	|	0.03	1.00	1.00	0.03	0.01	0	|	rapi	0.03	0.03	0	|	74.0	0.03(74)	0.03(74)	|	7799	
2885	106	ok	|	0.02	1.00	1.00	0.02	0.01	0	|	rapi	0.02	0.02	0	|	74.0	0.02(74)	0.02(74)	|	7799	
2885	107	ok	|	0.03	1.00	1.00	0.03	0.01	0	|	rapi	0.03	0.03	0	|	74.0	0.03(74)	0.03(74)	|	7799	
2885	108	ok	|	0.03	1.00	1.00	0.03	0.01	0	|	rapi	0.03	0.03	0	|	74.0	0.03(74)	0.03(74)	|	7799	
2885	109	ok	|	0.03	1.00	1.00	0.03	0.02	0	|	rapi	0.03	0.03	0	|	74.0	0.03(74)	0.03(74)	|	7799	
2885	110	ok	|	0.03	1.00	1.00	0.03	0.02	0	|	rapi	0.03	0.03	0	|	74.0	0.03(74)	0.03(74)	|	7799	
2885	111	ok	|	0.04	1.00	1.00	0.04	0.02	0	|	rapi	0.04	0.04	0	|	74.0	0.04(74)	0.04(74)	|	7799	
2885	112	ok	|	0.04	1.00	1.00	0.04	0.02	0	|	rapi	0.04	0.04	0	|	74.0	0.04(74)	0.04(74)	|	7799	
2885	113	ok	|	0.03	1.00	1.00	0.03	0.02	0	|	rapi	0.03	0.03	0	|	74.0	0.03(74)	0.03(74)	|	7799	
2885	114	ok	|	0.03	1.00	1.00	0.03	0.01	0	|	rapi	0.03	0.03	0	|	74.0	0.03(74)	0.03(74)	|	7799	
2885	115	ok	|	0.03	1.00	1.00	0.03	0.01	0	|	rapi	0.03	0.03	0	|	74.0	0.03(74)	0.03(74)	|	7799	
2885	116	ok	|	0.03	1.00	1.00	0.03	0.01	0	|	rapi	0.03	0.03	0	|	74.0	0.03(74)	0.03(74)	|	7799	
2885	117	ok	|	0.03	1.00	1.00	0.03	0.01	0	|	rapi	0.03	0.03	0	|	74.0	0.03(74)	0.03(74)	|	7799	
2885	118	ok	|	0.04	1.00	1.00	0.04	0.02	0	|	rapi	0.04	0.04	0	|	74.0	0.04(74)	0.04(74)	|	7799	
2885	119	ok	|	0.03	1.00	1.00	0.03	0.01	0	|	rapi	0.03	0.03	0	|	74.0	0.03(74)	0.03(74)	|	7799	
2885	120	ok	|	0.03	1.00	1.00	0.03	0.02	0	|	rapi	0.03	0.03	0	|	74.0	0.03(74)	0.03(74)	|	7799	
2885	121	ok	|	0.03	1.00	1.00	0.03	0.01	0	|	rapi	0.03	0.03	0	|	74.0	0.03(74)	0.03(74)	|	7799	
2885	122	ok	|	0.02	1.00	1.00	0.02	0.01	0	|	rapi	0.02	0.02	0	|	74.0	0.02(74)	0.02(74)	|	7799	
2885	123	ok	|	0.02	1.00	1.00	0.02	0.01	0	|	rapi	0.02	0.02	0	|	74.0	0.02(74)	0.02(74)	|	7799	
2885	124	ok	|	0.02	1.00	1.00	0.02	0.01	0	|	rapi	0.02	0.02	0	|	74.0	0.02(74)	0.02(74)	|	7799	
2885	125	ok	|	0.02	1.00	1.00	0.02	0.01	0	|	rapi	0.02	0.02	0	|	74.0	0.02(74)	0.02(74)	|	7799	
2885	126	ok	|	0.02	1.00	1.00	0.02	0.01	0	|	rapi	0.02	0.02	0	|	74.0	0.02(74)	0.02(74)	|	7799	
2885	127	ok	|	0.03	1.00	1.00	0.03	0.01	0	|	rapi	0.03	0.03	0	|	74.0	0.03(74)	0.03(74)	|	7799	
2885	128	ok	|	0.03	1.00	1.00	0.03	0.02	0	|	rapi	0.03	0.03	0	|	74.0	0.03(74)	0.03(74)	|	7799	
2885	129	ok	|	0.02	1.00	1.00	0.02	0.01	0	|	rapi	0.02	0.02	0	|	74.0	0.02(74)	0.02(74)	|	7799	
2885	130	ok	|	0.02	1.00	1.00	0.02	0.01	0	|	rapi	0.02	0.02	0	|	74.0	0.02(74)	0.02(74)	|	7799	
2885	131	ok	|	0.02	1.00	1.00	0.02	0.01	0	|	rapi	0.02	0.02	0	|	74.0	0.02(74)	0.02(74)	|	7799	
2885	132	ok	|	0.02	1.00	1.00	0.02	0.01	0	|	rapi	0.02	0.02	0	|	74.0	0.02(74)	0.02(74)	|	7799	
2885	133	ok	|	0.01	1.00	1.00	0.01	0.00	0	|	rapi	0.01	0.01	0	|	74.0	0.01(74)	0.01(74)	|	7799	
2885	134	ok	|	0.00	1.00	1.00	0.00	0.00	0	|	rapi	0.00	0.00	0	|	74.0	0.00(74)	0.00(74)	|	7799	
2885	135	ok	|	0.00	1.00	1.00	0.00	0.00	0	|	rapi	0.00	0.00	0	|	74.0	0.00(74)	0.00(74)	|	7799	
2885	136	fail-0	|	0.00	1.00	1.00	0.00	NaN	0	|	rapi	0.00	0.00	0	|	NaN			|	7799	
