2944	0	ok	|	0.10	1.00	1.00	0.10	0.00	0	|	rapi	0.07	0.08	0	|	28.0	0.10(28)	0.08(28)	|	6690	
2944	1	ok	|	0.10	1.00	1.00	0.10	0.00	0	|	rapi	0.08	0.08	0	|	28.0	0.10(28)	0.08(28)	|	6690	
2944	2	ok	|	0.10	1.00	1.00	0.11	0.00	0	|	rapi	0.08	0.09	0	|	28.0	0.11(28)	0.09(28)	|	6690	
2944	3	ok	|	0.12	1.00	1.00	0.13	0.00	0	|	rapi	0.09	0.10	0	|	28.0	0.13(28)	0.10(28)	|	6690	
2944	4	ok	|	0.13	1.00	1.00	0.15	0.00	0	|	rapi	0.11	0.11	0	|	28.0	0.15(28)	0.11(28)	|	6690	
2944	5	ok	|	0.12	1.00	1.00	0.13	0.00	0	|	rapi	0.10	0.10	0	|	28.0	0.13(28)	0.10(28)	|	6690	
2944	6	ok	|	0.12	1.00	1.00	0.13	0.00	0	|	rapi	0.10	0.10	0	|	28.0	0.13(28)	0.10(28)	|	6690	
2944	7	ok	|	0.11	1.00	1.00	0.12	0.00	0	|	rapi	0.10	0.10	0	|	28.0	0.12(28)	0.10(28)	|	6690	
2944	8	ok	|	0.11	1.00	1.00	0.13	0.00	0	|	rapi	0.10	0.10	0	|	28.0	0.13(28)	0.10(28)	|	6690	
2944	9	ok	|	0.12	1.00	1.00	0.13	0.00	0	|	rapi	0.11	0.11	0	|	28.0	0.13(28)	0.11(28)	|	6690	
2944	10	ok	|	0.14	1.00	1.00	0.16	0.00	0	|	rapi	0.13	0.14	0	|	28.0	0.16(28)	0.14(28)	|	6690	
2944	11	ok	|	0.13	1.00	1.00	0.15	0.00	0	|	rapi	0.12	0.14	0	|	28.0	0.15(28)	0.14(28)	|	6690	
2944	12	ok	|	0.15	1.00	1.00	0.17	0.00	0	|	rapi	0.14	0.15	0	|	28.0	0.17(28)	0.15(28)	|	6690	
2944	13	ok	|	0.14	1.00	1.00	0.16	0.00	0	|	rapi	0.14	0.15	0	|	28.0	0.16(28)	0.15(28)	|	6690	
2944	14	ok	|	0.15	1.00	1.00	0.16	0.00	0	|	rapi	0.14	0.15	0	|	28.0	0.16(28)	0.15(28)	|	6690	
2944	15	ok	|	0.13	1.00	1.00	0.14	0.00	0	|	rapi	0.12	0.13	0	|	28.0	0.14(28)	0.13(28)	|	6690	
2944	16	ok	|	0.14	1.00	1.00	0.15	0.00	0	|	rapi	0.13	0.14	0	|	28.0	0.15(28)	0.14(28)	|	6690	
2944	17	ok	|	0.15	1.00	1.00	0.16	0.00	0	|	rapi	0.14	0.15	0	|	28.0	0.16(28)	0.15(28)	|	6690	
2944	18	ok	|	0.15	1.00	1.00	0.16	0.00	0	|	rapi	0.14	0.15	0	|	28.0	0.16(28)	0.15(28)	|	6690	
2944	19	ok	|	0.15	1.00	1.00	0.17	0.00	0	|	rapi	0.14	0.15	0	|	28.0	0.17(28)	0.15(28)	|	6690	
2944	20	ok	|	0.15	1.00	1.00	0.17	0.01	0	|	rapi	0.15	0.16	0	|	28.0	0.17(28)	0.16(28)	|	6690	
2944	21	ok	|	0.18	1.00	1.00	0.19	0.01	0	|	rapi	0.17	0.18	0	|	28.0	0.19(28)	0.18(28)	|	6690	
2944	22	ok	|	0.18	1.00	1.00	0.20	0.01	0	|	rapi	0.17	0.19	0	|	28.0	0.20(28)	0.19(28)	|	6690	
2944	23	ok	|	0.19	1.00	1.00	0.21	0.01	0	|	rapi	0.19	0.21	0	|	28.0	0.21(28)	0.21(28)	|	6690	
2944	24	ok	|	0.20	1.00	1.00	0.21	0.01	0	|	rapi	0.19	0.21	0	|	28.0	0.21(28)	0.21(28)	|	6690	
2944	25	ok	|	0.19	1.00	1.00	0.20	0.01	0	|	rapi	0.18	0.20	0	|	28.0	0.20(28)	0.20(28)	|	6690	
2944	26	ok	|	0.19	1.00	1.00	0.21	0.01	0	|	rapi	0.18	0.20	0	|	28.0	0.21(28)	0.20(28)	|	6690	
2944	27	ok	|	0.20	1.00	1.00	0.21	0.01	0	|	rapi	0.19	0.20	0	|	28.0	0.21(28)	0.20(28)	|	6690	
2944	28	ok	|	0.19	1.00	1.00	0.20	0.01	0	|	rapi	0.18	0.19	0	|	28.0	0.20(28)	0.19(28)	|	6690	
2944	29	ok	|	0.18	1.00	1.00	0.19	0.01	0	|	rapi	0.17	0.18	0	|	28.0	0.19(28)	0.18(28)	|	6690	
2944	30	ok	|	0.16	1.00	1.00	0.19	0.01	0	|	rapi	0.16	0.18	0	|	28.0	0.19(28)	0.18(28)	|	6690	
2944	31	ok	|	0.17	1.00	1.00	0.18	0.01	0	|	rapi	0.16	0.17	0	|	28.0	0.18(28)	0.17(28)	|	6690	
2944	32	ok	|	0.16	1.00	1.00	0.18	0.01	0	|	rapi	0.16	0.17	0	|	28.0	0.18(28)	0.17(28)	|	6690	
2944	33	ok	|	0.16	1.00	1.00	0.17	0.01	0	|	rapi	0.14	0.16	0	|	28.0	0.17(28)	0.16(28)	|	6690	
2944	34	ok	|	0.15	1.00	1.00	0.17	0.00	0	|	rapi	0.14	0.15	0	|	28.0	0.17(28)	0.15(28)	|	6690	
2944	35	ok	|	0.14	1.00	1.00	0.16	0.00	0	|	rapi	0.13	0.14	0	|	28.0	0.16(28)	0.14(28)	|	6690	
2944	36	ok	|	0.14	1.00	1.00	0.15	0.00	0	|	rapi	0.13	0.13	0	|	28.0	0.15(28)	0.13(28)	|	6690	
2944	37	ok	|	0.12	1.00	1.00	0.14	0.00	0	|	rapi	0.12	0.13	0	|	28.0	0.14(28)	0.13(28)	|	6690	
2944	38	ok	|	0.11	1.00	1.00	0.13	0.00	0	|	rapi	0.11	0.12	0	|	28.0	0.13(28)	0.12(28)	|	6690	
2944	39	ok	|	0.12	1.00	1.00	0.12	0.00	0	|	rapi	0.11	0.11	0	|	28.0	0.12(28)	0.11(28)	|	6690	
2944	40	ok	|	0.11	1.00	1.00	0.12	0.00	0	|	rapi	0.11	0.11	0	|	28.0	0.12(28)	0.11(28)	|	6690	
2944	41	ok	|	0.10	1.00	1.00	0.11	0.00	0	|	rapi	0.09	0.10	0	|	28.0	0.11(28)	0.10(28)	|	6690	
2944	42	ok	|	0.10	1.00	1.00	0.10	0.00	0	|	rapi	0.09	0.10	0	|	28.0	0.10(28)	0.10(28)	|	6690	
2944	43	ok	|	0.11	1.00	1.00	0.12	0.01	0	|	rapi	0.11	0.12	0	|	28.0	0.12(28)	0.12(28)	|	6690	
2944	44	ok	|	0.11	1.00	1.00	0.12	0.01	0	|	rapi	0.11	0.12	0	|	28.0	0.12(28)	0.12(28)	|	6690	
2944	45	ok	|	0.11	1.00	1.00	0.12	0.01	0	|	rapi	0.11	0.12	0	|	28.0	0.12(28)	0.12(28)	|	6690	
2944	46	ok	|	0.13	1.00	1.00	0.14	0.01	0	|	rapi	0.13	0.13	0	|	28.0	0.14(28)	0.13(28)	|	6690	
2944	47	ok	|	0.14	1.00	1.00	0.14	0.01	0	|	rapi	0.13	0.14	0	|	28.0	0.14(28)	0.14(28)	|	6690	
2944	48	ok	|	0.14	1.00	1.00	0.15	0.01	0	|	rapi	0.14	0.14	0	|	28.0	0.15(28)	0.14(28)	|	6690	
2944	49	ok	|	0.14	1.00	1.00	0.15	0.01	0	|	rapi	0.14	0.15	0	|	28.0	0.15(28)	0.15(28)	|	6690	
2944	50	ok	|	0.14	1.00	1.00	0.15	0.01	0	|	rapi	0.13	0.14	0	|	28.0	0.15(28)	0.14(28)	|	6690	
2944	51	ok	|	0.14	1.00	1.00	0.16	0.01	0	|	rapi	0.14	0.15	0	|	28.0	0.16(28)	0.15(28)	|	6690	
2944	52	ok	|	0.14	1.00	1.00	0.15	0.01	0	|	rapi	0.13	0.14	0	|	28.0	0.15(28)	0.14(28)	|	6690	
2944	53	ok	|	0.14	1.00	1.00	0.15	0.01	0	|	rapi	0.13	0.14	0	|	28.0	0.15(28)	0.14(28)	|	6690	
2944	54	ok	|	0.14	1.00	1.00	0.15	0.01	0	|	rapi	0.14	0.15	0	|	28.0	0.15(28)	0.15(28)	|	6690	
2944	55	ok	|	0.16	1.00	1.00	0.17	0.01	0	|	rapi	0.16	0.17	0	|	28.0	0.17(28)	0.17(28)	|	6690	
2944	56	ok	|	0.14	1.00	1.00	0.15	0.01	0	|	rapi	0.14	0.15	0	|	28.0	0.15(28)	0.15(28)	|	6690	
2944	57	ok	|	0.14	1.00	1.00	0.14	0.01	0	|	rapi	0.13	0.14	0	|	28.0	0.14(28)	0.14(28)	|	6690	
2944	58	ok	|	0.14	1.00	1.00	0.14	0.01	0	|	rapi	0.14	0.14	0	|	28.0	0.14(28)	0.14(28)	|	6690	
2944	59	ok	|	0.14	1.00	1.00	0.15	0.01	0	|	rapi	0.14	0.15	0	|	28.0	0.15(28)	0.15(28)	|	6690	
2944	60	ok	|	0.13	1.00	1.00	0.14	0.01	0	|	rapi	0.13	0.14	0	|	28.0	0.14(28)	0.14(28)	|	6690	
2944	61	ok	|	0.12	1.00	1.00	0.13	0.01	0	|	rapi	0.12	0.13	0	|	28.0	0.13(28)	0.13(28)	|	6690	
2944	62	ok	|	0.13	1.00	1.00	0.14	0.01	0	|	rapi	0.13	0.14	0	|	28.0	0.14(28)	0.14(28)	|	6690	
2944	63	ok	|	0.15	1.00	1.00	0.16	0.01	0	|	rapi	0.15	0.16	0	|	28.0	0.16(28)	0.16(28)	|	6690	
2944	64	ok	|	0.14	1.00	1.00	0.16	0.01	0	|	rapi	0.14	0.16	0	|	28.0	0.16(28)	0.16(28)	|	6690	
2944	65	ok	|	0.14	1.00	1.00	0.15	0.01	0	|	rapi	0.14	0.15	0	|	28.0	0.15(28)	0.15(28)	|	6690	
2944	66	ok	|	0.14	1.00	1.00	0.16	0.01	0	|	rapi	0.14	0.16	0	|	28.0	0.16(28)	0.16(28)	|	6690	
2944	67	ok	|	0.15	1.00	1.00	0.16	0.01	0	|	rapi	0.15	0.16	0	|	28.0	0.16(28)	0.16(28)	|	6690	
2944	68	ok	|	0.14	1.00	1.00	0.16	0.01	0	|	rapi	0.14	0.16	0	|	28.0	0.16(28)	0.16(28)	|	6690	
2944	69	ok	|	0.12	1.00	1.00	0.14	0.01	0	|	rapi	0.12	0.14	0	|	28.0	0.14(28)	0.14(28)	|	6690	
2944	70	ok	|	0.12	1.00	1.00	0.13	0.01	0	|	rapi	0.12	0.13	0	|	28.0	0.13(28)	0.13(28)	|	6690	
2944	71	ok	|	0.12	1.00	1.00	0.12	0.01	0	|	rapi	0.12	0.12	0	|	28.0	0.12(28)	0.12(28)	|	6690	
2944	72	ok	|	0.12	1.00	1.00	0.13	0.01	0	|	rapi	0.12	0.13	0	|	28.0	0.13(28)	0.13(28)	|	6690	
2944	73	ok	|	0.13	1.00	1.00	0.14	0.01	0	|	rapi	0.13	0.14	0	|	28.0	0.14(28)	0.14(28)	|	6690	
2944	74	ok	|	0.13	1.00	1.00	0.13	0.01	0	|	rapi	0.13	0.13	0	|	28.0	0.13(28)	0.13(28)	|	6690	
2944	75	ok	|	0.14	1.00	1.00	0.14	0.01	0	|	rapi	0.14	0.14	0	|	28.0	0.14(28)	0.14(28)	|	6690	
2944	76	ok	|	0.15	1.00	1.00	0.16	0.02	0	|	rapi	0.15	0.16	0	|	28.0	0.16(28)	0.16(28)	|	6690	
2944	77	ok	|	0.15	1.00	1.00	0.15	0.02	0	|	rapi	0.15	0.15	0	|	28.0	0.15(28)	0.15(28)	|	6690	
2944	78	ok	|	0.14	1.00	1.00	0.15	0.02	0	|	rapi	0.14	0.15	0	|	28.0	0.15(28)	0.15(28)	|	6690	
2944	79	ok	|	0.15	1.00	1.00	0.15	0.02	0	|	rapi	0.15	0.15	0	|	28.0	0.15(28)	0.15(28)	|	6690	
2944	80	ok	|	0.17	1.00	1.00	0.17	0.02	0	|	rapi	0.17	0.17	0	|	28.0	0.17(28)	0.17(28)	|	6690	
2944	81	ok	|	0.16	1.00	1.00	0.17	0.02	0	|	rapi	0.16	0.17	0	|	28.0	0.17(28)	0.17(28)	|	6690	
2944	82	ok	|	0.15	1.00	1.00	0.16	0.02	0	|	rapi	0.15	0.16	0	|	28.0	0.16(28)	0.16(28)	|	6690	
2944	83	ok	|	0.15	1.00	1.00	0.16	0.02	0	|	rapi	0.15	0.16	0	|	28.0	0.16(28)	0.16(28)	|	6690	
2944	84	ok	|	0.14	1.00	1.00	0.15	0.01	0	|	rapi	0.14	0.15	0	|	28.0	0.15(28)	0.15(28)	|	6690	
2944	85	ok	|	0.13	1.00	1.00	0.13	0.01	0	|	rapi	0.13	0.13	0	|	28.0	0.13(28)	0.13(28)	|	6690	
2944	86	ok	|	0.12	1.00	1.00	0.12	0.01	0	|	rapi	0.12	0.12	0	|	28.0	0.12(28)	0.12(28)	|	6690	
2944	87	ok	|	0.10	1.00	1.00	0.12	0.01	0	|	rapi	0.10	0.12	0	|	28.0	0.12(28)	0.12(28)	|	6690	
2944	88	ok	|	0.10	1.00	1.00	0.11	0.01	0	|	rapi	0.10	0.11	0	|	28.0	0.11(28)	0.11(28)	|	6690	
2944	89	ok	|	0.11	1.00	1.00	0.12	0.01	0	|	rapi	0.11	0.12	0	|	28.0	0.12(28)	0.12(28)	|	6690	
2944	90	ok	|	0.11	1.00	1.00	0.12	0.01	0	|	rapi	0.11	0.12	0	|	28.0	0.12(28)	0.12(28)	|	6690	
2944	91	ok	|	0.11	1.00	1.00	0.11	0.01	0	|	rapi	0.11	0.11	0	|	28.0	0.11(28)	0.11(28)	|	6690	
2944	92	ok	|	0.11	1.00	1.00	0.11	0.01	0	|	rapi	0.11	0.11	0	|	28.0	0.11(28)	0.11(28)	|	6690	
2944	93	ok	|	0.12	1.00	1.00	0.12	0.01	0	|	rapi	0.12	0.12	0	|	28.0	0.12(28)	0.12(28)	|	6690	
2944	94	ok	|	0.09	1.00	1.00	0.10	0.01	0	|	rapi	0.09	0.10	0	|	28.0	0.10(28)	0.10(28)	|	6690	
2944	95	ok	|	0.09	1.00	1.00	0.09	0.01	0	|	rapi	0.09	0.09	0	|	28.0	0.09(28)	0.09(28)	|	6690	
2944	96	ok	|	0.09	1.00	1.00	0.09	0.01	0	|	rapi	0.09	0.09	0	|	28.0	0.09(28)	0.09(28)	|	6690	
2944	97	ok	|	0.08	1.00	1.00	0.09	0.01	0	|	rapi	0.08	0.09	0	|	28.0	0.09(28)	0.09(28)	|	6690	
2944	98	ok	|	0.08	1.00	1.00	0.09	0.01	0	|	rapi	0.08	0.09	0	|	28.0	0.09(28)	0.09(28)	|	6690	
2944	99	ok	|	0.08	1.00	1.00	0.09	0.01	0	|	rapi	0.08	0.09	0	|	28.0	0.09(28)	0.09(28)	|	6690	
2944	100	ok	|	0.08	1.00	1.00	0.08	0.01	0	|	rapi	0.08	0.08	0	|	28.0	0.08(28)	0.08(28)	|	6690	
2944	101	ok	|	0.07	1.00	1.00	0.08	0.01	0	|	rapi	0.07	0.08	0	|	28.0	0.08(28)	0.08(28)	|	6690	
2944	102	ok	|	0.07	1.00	1.00	0.07	0.01	0	|	rapi	0.07	0.07	0	|	28.0	0.07(28)	0.07(28)	|	6690	
2944	103	ok	|	0.07	1.00	1.00	0.08	0.01	0	|	rapi	0.07	0.08	0	|	28.0	0.08(28)	0.08(28)	|	6690	
2944	104	ok	|	0.08	1.00	1.00	0.08	0.01	0	|	rapi	0.08	0.08	0	|	28.0	0.08(28)	0.08(28)	|	6690	
2944	105	ok	|	0.08	1.00	1.00	0.08	0.01	0	|	rapi	0.08	0.08	0	|	28.0	0.08(28)	0.08(28)	|	6690	
2944	106	ok	|	0.07	1.00	1.00	0.08	0.01	0	|	rapi	0.07	0.08	0	|	28.0	0.08(28)	0.08(28)	|	6690	
2944	107	ok	|	0.06	1.00	1.00	0.07	0.02	0	|	rapi	0.06	0.07	0	|	28.0	0.07(28)	0.07(28)	|	6690	
2944	108	ok	|	0.05	1.00	1.00	0.05	0.01	0	|	rapi	0.05	0.05	0	|	28.0	0.05(28)	0.05(28)	|	6690	
2944	109	ok	|	0.04	1.00	1.00	0.04	0.01	0	|	rapi	0.04	0.04	0	|	28.0	0.04(28)	0.04(28)	|	6690	
2944	110	ok	|	0.03	1.00	1.00	0.03	0.01	0	|	rapi	0.03	0.03	0	|	28.0	0.03(28)	0.03(28)	|	6690	
2944	111	ok	|	0.04	1.00	1.00	0.04	0.01	0	|	rapi	0.04	0.04	0	|	28.0	0.04(28)	0.04(28)	|	6690	
2944	112	ok	|	0.05	1.00	1.00	0.05	0.01	0	|	rapi	0.05	0.05	0	|	28.0	0.05(28)	0.05(28)	|	6690	
2944	113	ok	|	0.05	1.00	1.00	0.05	0.01	0	|	rapi	0.05	0.05	0	|	28.0	0.05(28)	0.05(28)	|	6690	
2944	114	ok	|	0.05	1.00	1.00	0.05	0.01	0	|	rapi	0.05	0.05	0	|	28.0	0.05(28)	0.05(28)	|	6690	
2944	115	ok	|	0.06	1.00	1.00	0.06	0.02	0	|	rapi	0.06	0.06	0	|	28.0	0.06(28)	0.06(28)	|	6690	
2944	116	ok	|	0.06	1.00	1.00	0.06	0.03	0	|	rapi	0.06	0.06	0	|	28.0	0.06(28)	0.06(28)	|	6690	
2944	117	ok	|	0.06	1.00	1.00	0.06	0.03	0	|	rapi	0.06	0.06	0	|	28.0	0.06(28)	0.06(28)	|	6690	
2944	118	ok	|	0.06	1.00	1.00	0.06	0.03	0	|	rapi	0.06	0.06	0	|	28.0	0.06(28)	0.06(28)	|	6690	
2944	119	ok	|	0.06	1.00	1.00	0.06	0.03	0	|	rapi	0.06	0.06	0	|	28.0	0.06(28)	0.06(28)	|	6690	
2944	120	ok	|	0.05	1.00	1.00	0.05	0.02	0	|	rapi	0.05	0.05	0	|	28.0	0.05(28)	0.05(28)	|	6690	
2944	121	ok	|	0.05	1.00	1.00	0.05	0.03	0	|	rapi	0.05	0.05	0	|	28.0	0.05(28)	0.05(28)	|	6690	
2944	122	ok	|	0.06	1.00	1.00	0.07	0.03	0	|	rapi	0.06	0.07	0	|	28.0	0.07(28)	0.07(28)	|	6690	
2944	123	ok	|	0.06	1.00	1.00	0.06	0.03	0	|	rapi	0.06	0.06	0	|	28.0	0.06(28)	0.06(28)	|	6690	
2944	124	ok	|	0.08	1.00	1.00	0.08	0.04	0	|	rapi	0.08	0.08	0	|	28.0	0.08(28)	0.08(28)	|	6690	
2944	125	ok	|	0.08	1.00	1.00	0.08	0.04	0	|	rapi	0.08	0.08	0	|	28.0	0.08(28)	0.08(28)	|	6690	
2944	126	ok	|	0.07	1.00	1.00	0.08	0.04	0	|	rapi	0.07	0.08	0	|	28.0	0.08(28)	0.08(28)	|	6690	
2944	127	ok	|	0.07	1.00	1.00	0.07	0.04	0	|	rapi	0.07	0.07	0	|	28.0	0.07(28)	0.07(28)	|	6690	
2944	128	ok	|	0.07	1.00	1.00	0.07	0.04	0	|	rapi	0.07	0.07	0	|	28.0	0.07(28)	0.07(28)	|	6690	
2944	129	ok	|	0.07	1.00	1.00	0.08	0.04	0	|	rapi	0.07	0.08	0	|	28.0	0.08(28)	0.08(28)	|	6690	
2944	130	ok	|	0.07	1.00	1.00	0.08	0.04	0	|	rapi	0.07	0.08	0	|	28.0	0.08(28)	0.08(28)	|	6690	
2944	131	ok	|	0.07	1.00	1.00	0.08	0.04	0	|	rapi	0.07	0.08	0	|	28.0	0.08(28)	0.08(28)	|	6690	
2944	132	ok	|	0.09	1.00	1.00	0.09	0.05	0	|	rapi	0.09	0.09	0	|	28.0	0.09(28)	0.09(28)	|	6690	
2944	133	ok	|	0.10	1.00	1.00	0.10	0.05	0	|	rapi	0.10	0.10	0	|	28.0	0.10(28)	0.10(28)	|	6690	
2944	134	ok	|	0.08	1.00	1.00	0.08	0.04	0	|	rapi	0.08	0.08	0	|	28.0	0.08(28)	0.08(28)	|	6690	
2944	135	ok	|	0.07	1.00	1.00	0.08	0.04	0	|	rapi	0.07	0.08	0	|	28.0	0.08(28)	0.08(28)	|	6690	
2944	136	ok	|	0.08	1.00	1.00	0.08	0.04	0	|	rapi	0.08	0.08	0	|	28.0	0.08(28)	0.08(28)	|	6690	
2944	137	ok	|	0.07	1.00	1.00	0.07	0.04	0	|	rapi	0.07	0.07	0	|	28.0	0.07(28)	0.07(28)	|	6690	
2944	138	ok	|	0.07	1.00	1.00	0.07	0.03	0	|	rapi	0.07	0.07	0	|	28.0	0.07(28)	0.07(28)	|	6690	
2944	139	ok	|	0.07	1.00	1.00	0.07	0.03	0	|	rapi	0.07	0.07	0	|	28.0	0.07(28)	0.07(28)	|	6690	
2944	140	ok	|	0.08	1.00	1.00	0.08	0.04	0	|	rapi	0.08	0.08	0	|	28.0	0.08(28)	0.08(28)	|	6690	
2944	141	ok	|	0.08	1.00	1.00	0.08	0.04	0	|	rapi	0.08	0.08	0	|	28.0	0.08(28)	0.08(28)	|	6690	
2944	142	ok	|	0.07	1.00	1.00	0.07	0.04	0	|	rapi	0.07	0.07	0	|	28.0	0.07(28)	0.07(28)	|	6690	
2944	143	ok	|	0.10	1.00	1.00	0.10	0.05	0	|	rapi	0.10	0.10	0	|	28.0	0.10(28)	0.10(28)	|	6690	
2944	144	ok	|	0.09	1.00	1.00	0.10	0.05	0	|	rapi	0.09	0.10	0	|	28.0	0.10(28)	0.10(28)	|	6690	
2944	145	ok	|	0.10	1.00	1.00	0.11	0.05	0	|	rapi	0.10	0.11	0	|	28.0	0.11(28)	0.11(28)	|	6690	
2944	146	ok	|	0.10	1.00	1.00	0.11	0.05	0	|	rapi	0.10	0.11	0	|	28.0	0.11(28)	0.11(28)	|	6690	
2944	147	ok	|	0.09	1.00	1.00	0.10	0.05	0	|	rapi	0.09	0.10	0	|	28.0	0.10(28)	0.10(28)	|	6690	
2944	148	ok	|	0.11	1.00	1.00	0.11	0.05	0	|	rapi	0.11	0.11	0	|	28.0	0.11(28)	0.11(28)	|	6690	
2944	149	ok	|	0.11	1.00	1.00	0.11	0.06	0	|	rapi	0.11	0.11	0	|	28.0	0.11(28)	0.11(28)	|	6690	
2944	150	ok	|	0.12	1.00	1.00	0.12	0.06	0	|	rapi	0.12	0.12	0	|	28.0	0.12(28)	0.12(28)	|	6690	
2944	151	ok	|	0.12	1.00	1.00	0.12	0.06	0	|	rapi	0.12	0.12	0	|	28.0	0.12(28)	0.12(28)	|	6690	
2944	152	ok	|	0.11	1.00	1.00	0.12	0.06	0	|	rapi	0.11	0.12	0	|	28.0	0.12(28)	0.12(28)	|	6690	
2944	153	ok	|	0.10	1.00	1.00	0.10	0.05	0	|	rapi	0.10	0.10	0	|	28.0	0.10(28)	0.10(28)	|	6690	
2944	154	ok	|	0.10	1.00	1.00	0.10	0.05	0	|	rapi	0.10	0.10	0	|	28.0	0.10(28)	0.10(28)	|	6690	
2944	155	ok	|	0.10	1.00	1.00	0.11	0.06	0	|	rapi	0.10	0.11	0	|	28.0	0.11(28)	0.11(28)	|	6690	
2944	156	ok	|	0.10	1.00	1.00	0.11	0.05	0	|	rapi	0.10	0.11	0	|	28.0	0.11(28)	0.11(28)	|	6690	
2944	157	ok	|	0.12	1.00	1.00	0.12	0.06	0	|	rapi	0.12	0.12	0	|	28.0	0.12(28)	0.12(28)	|	6690	
2944	158	ok	|	0.09	1.00	1.00	0.09	0.05	0	|	rapi	0.09	0.09	0	|	28.0	0.09(28)	0.09(28)	|	6690	
2944	159	ok	|	0.10	1.00	1.00	0.10	0.05	0	|	rapi	0.10	0.10	0	|	28.0	0.10(28)	0.10(28)	|	6690	
2944	160	ok	|	0.10	1.00	1.00	0.10	0.05	0	|	rapi	0.10	0.10	0	|	28.0	0.10(28)	0.10(28)	|	6690	
2944	161	ok	|	0.11	1.00	1.00	0.11	0.06	0	|	rapi	0.11	0.11	0	|	28.0	0.11(28)	0.11(28)	|	6690	
2944	162	ok	|	0.11	1.00	1.00	0.11	0.05	0	|	rapi	0.11	0.11	0	|	28.0	0.11(28)	0.11(28)	|	6690	
2944	163	ok	|	0.11	1.00	1.00	0.11	0.05	0	|	rapi	0.11	0.11	0	|	28.0	0.11(28)	0.11(28)	|	6690	
2944	164	ok	|	0.11	1.00	1.00	0.12	0.06	0	|	rapi	0.11	0.12	0	|	28.0	0.12(28)	0.12(28)	|	6690	
2944	165	ok	|	0.12	1.00	1.00	0.12	0.06	0	|	rapi	0.12	0.12	0	|	28.0	0.12(28)	0.12(28)	|	6690	
2944	166	ok	|	0.11	1.00	1.00	0.11	0.05	0	|	rapi	0.11	0.11	0	|	28.0	0.11(28)	0.11(28)	|	6690	
2944	167	ok	|	0.12	1.00	1.00	0.12	0.06	0	|	rapi	0.12	0.12	0	|	28.0	0.12(28)	0.12(28)	|	6690	
2944	168	ok	|	0.13	1.00	1.00	0.13	0.07	0	|	rapi	0.13	0.13	0	|	28.0	0.13(28)	0.13(28)	|	6690	
2944	169	ok	|	0.12	1.00	1.00	0.12	0.06	0	|	rapi	0.12	0.12	0	|	28.0	0.12(28)	0.12(28)	|	6690	
2944	170	ok	|	0.11	1.00	1.00	0.12	0.06	0	|	rapi	0.11	0.12	0	|	28.0	0.12(28)	0.12(28)	|	6690	
2944	171	ok	|	0.13	1.00	1.00	0.13	0.06	0	|	rapi	0.13	0.13	0	|	28.0	0.13(28)	0.13(28)	|	6690	
2944	172	ok	|	0.13	1.00	1.00	0.13	0.06	0	|	rapi	0.13	0.13	0	|	28.0	0.13(28)	0.13(28)	|	6690	
2944	173	ok	|	0.12	1.00	1.00	0.12	0.06	0	|	rapi	0.12	0.12	0	|	28.0	0.12(28)	0.12(28)	|	6690	
2944	174	ok	|	0.12	1.00	1.00	0.12	0.06	0	|	rapi	0.12	0.12	0	|	28.0	0.12(28)	0.12(28)	|	6690	
2944	175	ok	|	0.13	1.00	1.00	0.14	0.07	0	|	rapi	0.13	0.14	0	|	28.0	0.14(28)	0.14(28)	|	6690	
2944	176	ok	|	0.12	1.00	1.00	0.13	0.06	0	|	rapi	0.12	0.13	0	|	28.0	0.13(28)	0.13(28)	|	6690	
2944	177	ok	|	0.12	1.00	1.00	0.12	0.06	0	|	rapi	0.12	0.12	0	|	28.0	0.12(28)	0.12(28)	|	6690	
2944	178	ok	|	0.12	1.00	1.00	0.12	0.06	0	|	rapi	0.12	0.12	0	|	28.0	0.12(28)	0.12(28)	|	6690	
2944	179	ok	|	0.12	1.00	1.00	0.12	0.06	0	|	rapi	0.12	0.12	0	|	28.0	0.12(28)	0.12(28)	|	6690	
2944	180	ok	|	0.13	1.00	1.00	0.13	0.07	0	|	rapi	0.13	0.13	0	|	28.0	0.13(28)	0.13(28)	|	6690	
2944	181	ok	|	0.15	1.00	1.00	0.16	0.08	0	|	rapi	0.15	0.16	0	|	28.0	0.16(28)	0.16(28)	|	6690	
2944	182	ok	|	0.15	1.00	1.00	0.16	0.08	0	|	rapi	0.15	0.16	0	|	28.0	0.16(28)	0.16(28)	|	6690	
2944	183	ok	|	0.15	1.00	1.00	0.15	0.08	0	|	rapi	0.15	0.15	0	|	28.0	0.15(28)	0.15(28)	|	6690	
2944	184	ok	|	0.15	1.00	1.00	0.15	0.08	0	|	rapi	0.15	0.15	0	|	28.0	0.15(28)	0.15(28)	|	6690	
2944	185	ok	|	0.16	1.00	1.00	0.16	0.08	0	|	rapi	0.16	0.16	0	|	28.0	0.16(28)	0.16(28)	|	6690	
2944	186	ok	|	0.17	1.00	1.00	0.18	0.09	0	|	rapi	0.17	0.18	0	|	28.0	0.18(28)	0.18(28)	|	6690	
2944	187	ok	|	0.17	1.00	1.00	0.18	0.09	0	|	rapi	0.17	0.18	0	|	28.0	0.18(28)	0.18(28)	|	6690	
2944	188	ok	|	0.16	1.00	1.00	0.17	0.09	0	|	rapi	0.16	0.17	0	|	28.0	0.17(28)	0.17(28)	|	6690	
2944	189	ok	|	0.15	1.00	1.00	0.17	0.08	0	|	rapi	0.15	0.17	0	|	28.0	0.17(28)	0.17(28)	|	6690	
2944	190	ok	|	0.14	1.00	1.00	0.14	0.07	0	|	rapi	0.14	0.14	0	|	28.0	0.14(28)	0.14(28)	|	6690	
2944	191	ok	|	0.13	1.00	1.00	0.14	0.07	0	|	rapi	0.13	0.14	0	|	28.0	0.14(28)	0.14(28)	|	6690	
2944	192	ok	|	0.14	1.00	1.00	0.14	0.07	0	|	rapi	0.14	0.14	0	|	28.0	0.14(28)	0.14(28)	|	6690	
2944	193	ok	|	0.14	1.00	1.00	0.14	0.07	0	|	rapi	0.14	0.14	0	|	28.0	0.14(28)	0.14(28)	|	6690	
2944	194	ok	|	0.13	1.00	1.00	0.13	0.07	0	|	rapi	0.13	0.13	0	|	28.0	0.13(28)	0.13(28)	|	6690	
2944	195	ok	|	0.12	1.00	1.00	0.12	0.06	0	|	rapi	0.12	0.12	0	|	28.0	0.12(28)	0.12(28)	|	6690	
2944	196	ok	|	0.11	1.00	1.00	0.11	0.06	0	|	rapi	0.11	0.11	0	|	28.0	0.11(28)	0.11(28)	|	6690	
2944	197	ok	|	0.10	1.00	1.00	0.10	0.05	0	|	rapi	0.10	0.10	0	|	28.0	0.10(28)	0.10(28)	|	6690	
2944	198	ok	|	0.09	1.00	1.00	0.09	0.04	0	|	rapi	0.09	0.09	0	|	28.0	0.09(28)	0.09(28)	|	6690	
2944	199	ok	|	0.10	1.00	1.00	0.10	0.05	0	|	rapi	0.10	0.10	0	|	28.0	0.10(28)	0.10(28)	|	6690	
2944	200	ok	|	0.10	1.00	1.00	0.11	0.05	0	|	rapi	0.10	0.11	0	|	28.0	0.11(28)	0.11(28)	|	6690	
2944	201	ok	|	0.09	1.00	1.00	0.09	0.04	0	|	rapi	0.09	0.09	0	|	28.0	0.09(28)	0.09(28)	|	6690	
2944	202	ok	|	0.09	1.00	1.00	0.10	0.05	0	|	rapi	0.09	0.10	0	|	28.0	0.10(28)	0.10(28)	|	6690	
2944	203	ok	|	0.09	1.00	1.00	0.10	0.05	0	|	rapi	0.09	0.10	0	|	28.0	0.10(28)	0.10(28)	|	6690	
2944	204	ok	|	0.08	1.00	1.00	0.08	0.04	0	|	rapi	0.08	0.08	0	|	28.0	0.08(28)	0.08(28)	|	6690	
2944	205	ok	|	0.07	1.00	1.00	0.08	0.04	0	|	rapi	0.07	0.08	0	|	28.0	0.08(28)	0.08(28)	|	6690	
2944	206	ok	|	0.07	1.00	1.00	0.07	0.04	0	|	rapi	0.07	0.07	0	|	28.0	0.07(28)	0.07(28)	|	6690	
2944	207	ok	|	0.08	1.00	1.00	0.08	0.04	0	|	rapi	0.08	0.08	0	|	28.0	0.08(28)	0.08(28)	|	6690	
2944	208	ok	|	0.06	1.00	1.00	0.07	0.03	0	|	rapi	0.06	0.07	0	|	28.0	0.07(28)	0.07(28)	|	6690	
2944	209	ok	|	0.05	1.00	1.00	0.06	0.03	0	|	rapi	0.05	0.06	0	|	28.0	0.06(28)	0.06(28)	|	6690	
2944	210	ok	|	0.05	1.00	1.00	0.05	0.03	0	|	rapi	0.05	0.05	0	|	28.0	0.05(28)	0.05(28)	|	6690	
2944	211	ok	|	0.05	1.00	1.00	0.06	0.03	0	|	rapi	0.05	0.06	0	|	28.0	0.06(28)	0.06(28)	|	6690	
2944	212	ok	|	0.07	1.00	1.00	0.07	0.03	0	|	rapi	0.07	0.07	0	|	28.0	0.07(28)	0.07(28)	|	6690	
2944	213	ok	|	0.07	1.00	1.00	0.07	0.04	0	|	rapi	0.07	0.07	0	|	28.0	0.07(28)	0.07(28)	|	6690	
2944	214	ok	|	0.07	1.00	1.00	0.07	0.04	0	|	rapi	0.07	0.07	0	|	28.0	0.07(28)	0.07(28)	|	6690	
2944	215	ok	|	0.07	1.00	1.00	0.07	0.03	0	|	rapi	0.07	0.07	0	|	28.0	0.07(28)	0.07(28)	|	6690	
2944	216	ok	|	0.07	1.00	1.00	0.07	0.04	0	|	rapi	0.07	0.07	0	|	28.0	0.07(28)	0.07(28)	|	6690	
2944	217	ok	|	0.07	1.00	1.00	0.07	0.04	0	|	rapi	0.07	0.07	0	|	28.0	0.07(28)	0.07(28)	|	6690	
2944	218	ok	|	0.07	1.00	1.00	0.07	0.04	0	|	rapi	0.07	0.07	0	|	28.0	0.07(28)	0.07(28)	|	6690	
2944	219	ok	|	0.06	1.00	1.00	0.07	0.03	0	|	rapi	0.06	0.07	0	|	28.0	0.07(28)	0.07(28)	|	6690	
2944	220	ok	|	0.06	1.00	1.00	0.06	0.03	0	|	rapi	0.06	0.06	0	|	28.0	0.06(28)	0.06(28)	|	6690	
2944	221	ok	|	0.06	1.00	1.00	0.07	0.03	0	|	rapi	0.06	0.07	0	|	28.0	0.07(28)	0.07(28)	|	6690	
2944	222	ok	|	0.07	1.00	1.00	0.07	0.03	0	|	rapi	0.07	0.07	0	|	28.0	0.07(28)	0.07(28)	|	6690	
2944	223	ok	|	0.06	1.00	1.00	0.06	0.03	0	|	rapi	0.06	0.06	0	|	28.0	0.06(28)	0.06(28)	|	6690	
2944	224	ok	|	0.07	1.00	1.00	0.07	0.04	0	|	rapi	0.07	0.07	0	|	28.0	0.07(28)	0.07(28)	|	6690	
2944	225	ok	|	0.07	1.00	1.00	0.07	0.03	0	|	rapi	0.07	0.07	0	|	28.0	0.07(28)	0.07(28)	|	6690	
2944	226	ok	|	0.06	1.00	1.00	0.06	0.03	0	|	rapi	0.06	0.06	0	|	28.0	0.06(28)	0.06(28)	|	6690	
2944	227	ok	|	0.06	1.00	1.00	0.06	0.03	0	|	rapi	0.06	0.06	0	|	28.0	0.06(28)	0.06(28)	|	6690	
2944	228	ok	|	0.06	1.00	1.00	0.06	0.03	0	|	rapi	0.06	0.06	0	|	28.0	0.06(28)	0.06(28)	|	6690	
2944	229	ok	|	0.06	1.00	1.00	0.06	0.03	0	|	rapi	0.06	0.06	0	|	28.0	0.06(28)	0.06(28)	|	6690	
2944	230	ok	|	0.05	1.00	1.00	0.05	0.03	0	|	rapi	0.05	0.05	0	|	28.0	0.05(28)	0.05(28)	|	6690	
2944	231	ok	|	0.05	1.00	1.00	0.05	0.03	0	|	rapi	0.05	0.05	0	|	28.0	0.05(28)	0.05(28)	|	6690	
2944	232	ok	|	0.06	1.00	1.00	0.06	0.03	0	|	rapi	0.06	0.06	0	|	28.0	0.06(28)	0.06(28)	|	6690	
2944	233	ok	|	0.05	1.00	1.00	0.05	0.03	0	|	rapi	0.05	0.05	0	|	28.0	0.05(28)	0.05(28)	|	6690	
2944	234	ok	|	0.05	1.00	1.00	0.05	0.02	0	|	rapi	0.05	0.05	0	|	28.0	0.05(28)	0.05(28)	|	6690	
2944	235	ok	|	0.05	1.00	1.00	0.05	0.03	0	|	rapi	0.05	0.05	0	|	28.0	0.05(28)	0.05(28)	|	6690	
2944	236	ok	|	0.05	1.00	1.00	0.05	0.02	0	|	rapi	0.05	0.05	0	|	28.0	0.05(28)	0.05(28)	|	6690	
2944	237	ok	|	0.05	1.00	1.00	0.05	0.02	0	|	rapi	0.05	0.05	0	|	28.0	0.05(28)	0.05(28)	|	6690	
2944	238	ok	|	0.05	1.00	1.00	0.05	0.02	0	|	rapi	0.05	0.05	0	|	28.0	0.05(28)	0.05(28)	|	6690	
2944	239	ok	|	0.05	1.00	1.00	0.05	0.02	0	|	rapi	0.05	0.05	0	|	28.0	0.05(28)	0.05(28)	|	6690	
2944	240	ok	|	0.05	1.00	1.00	0.05	0.02	0	|	rapi	0.05	0.05	0	|	28.0	0.05(28)	0.05(28)	|	6690	
2944	241	ok	|	0.03	1.00	1.00	0.03	0.02	0	|	rapi	0.03	0.03	0	|	28.0	0.03(28)	0.03(28)	|	6690	
2944	242	ok	|	0.04	1.00	1.00	0.04	0.02	0	|	rapi	0.04	0.04	0	|	28.0	0.04(28)	0.04(28)	|	6690	
2944	243	ok	|	0.04	1.00	1.00	0.04	0.02	0	|	rapi	0.04	0.04	0	|	28.0	0.04(28)	0.04(28)	|	6690	
2944	244	ok	|	0.04	1.00	1.00	0.04	0.02	0	|	rapi	0.04	0.04	0	|	28.0	0.04(28)	0.04(28)	|	6690	
2944	245	ok	|	0.04	1.00	1.00	0.04	0.02	0	|	rapi	0.04	0.04	0	|	28.0	0.04(28)	0.04(28)	|	6690	
2944	246	ok	|	0.05	1.00	1.00	0.05	0.03	0	|	rapi	0.05	0.05	0	|	28.0	0.05(28)	0.05(28)	|	6690	
2944	247	ok	|	0.05	1.00	1.00	0.06	0.03	0	|	rapi	0.05	0.06	0	|	28.0	0.06(28)	0.06(28)	|	6690	
2944	248	ok	|	0.05	1.00	1.00	0.05	0.03	0	|	rapi	0.05	0.05	0	|	28.0	0.05(28)	0.05(28)	|	6690	
2944	249	ok	|	0.05	1.00	1.00	0.05	0.02	0	|	rapi	0.05	0.05	0	|	28.0	0.05(28)	0.05(28)	|	6690	
2944	250	ok	|	0.05	1.00	1.00	0.05	0.03	0	|	rapi	0.05	0.05	0	|	28.0	0.05(28)	0.05(28)	|	6690	
2944	251	ok	|	0.05	1.00	1.00	0.05	0.03	0	|	rapi	0.05	0.05	0	|	28.0	0.05(28)	0.05(28)	|	6690	
2944	252	ok	|	0.05	1.00	1.00	0.05	0.03	0	|	rapi	0.05	0.05	0	|	28.0	0.05(28)	0.05(28)	|	6690	
2944	253	ok	|	0.05	1.00	1.00	0.05	0.03	0	|	rapi	0.05	0.05	0	|	28.0	0.05(28)	0.05(28)	|	6690	
2944	254	ok	|	0.06	1.00	1.00	0.06	0.03	0	|	rapi	0.06	0.06	0	|	28.0	0.06(28)	0.06(28)	|	6690	
2944	255	ok	|	0.05	1.00	1.00	0.05	0.03	0	|	rapi	0.05	0.05	0	|	28.0	0.05(28)	0.05(28)	|	6690	
2944	256	ok	|	0.05	1.00	1.00	0.05	0.03	0	|	rapi	0.05	0.05	0	|	28.0	0.05(28)	0.05(28)	|	6690	
2944	257	ok	|	0.04	1.00	1.00	0.04	0.02	0	|	rapi	0.04	0.04	0	|	28.0	0.04(28)	0.04(28)	|	6690	
2944	258	ok	|	0.04	1.00	1.00	0.04	0.02	0	|	rapi	0.04	0.04	0	|	28.0	0.04(28)	0.04(28)	|	6690	
2944	259	ok	|	0.03	1.00	1.00	0.03	0.02	0	|	rapi	0.03	0.03	0	|	28.0	0.03(28)	0.03(28)	|	6690	
2944	260	ok	|	0.02	1.00	1.00	0.02	0.01	0	|	rapi	0.02	0.02	0	|	28.0	0.02(28)	0.02(28)	|	6690	
2944	261	ok	|	0.02	1.00	1.00	0.02	0.01	0	|	rapi	0.02	0.02	0	|	28.0	0.02(28)	0.02(28)	|	6690	
2944	262	ok	|	0.02	1.00	1.00	0.02	0.01	0	|	rapi	0.02	0.02	0	|	28.0	0.02(28)	0.02(28)	|	6690	
2944	263	ok	|	0.03	1.00	1.00	0.03	0.01	0	|	rapi	0.03	0.03	0	|	28.0	0.03(28)	0.03(28)	|	6690	
2944	264	ok	|	0.03	1.00	1.00	0.03	0.01	0	|	rapi	0.03	0.03	0	|	28.0	0.03(28)	0.03(28)	|	6690	
2944	265	ok	|	0.03	1.00	1.00	0.04	0.02	0	|	rapi	0.03	0.04	0	|	28.0	0.04(28)	0.04(28)	|	6690	
2944	266	ok	|	0.03	1.00	1.00	0.03	0.02	0	|	rapi	0.03	0.03	0	|	28.0	0.03(28)	0.03(28)	|	6690	
2944	267	ok	|	0.03	1.00	1.00	0.03	0.01	0	|	rapi	0.03	0.03	0	|	28.0	0.03(28)	0.03(28)	|	6690	
2944	268	ok	|	0.02	1.00	1.00	0.02	0.01	0	|	rapi	0.02	0.02	0	|	28.0	0.02(28)	0.02(28)	|	6690	
2944	269	ok	|	0.02	1.00	1.00	0.02	0.01	0	|	rapi	0.02	0.02	0	|	28.0	0.02(28)	0.02(28)	|	6690	
2944	270	ok	|	0.02	1.00	1.00	0.02	0.01	0	|	rapi	0.02	0.02	0	|	28.0	0.02(28)	0.02(28)	|	6690	
2944	271	ok	|	0.02	1.00	1.00	0.02	0.01	0	|	rapi	0.02	0.02	0	|	28.0	0.02(28)	0.02(28)	|	6690	
2944	272	ok	|	0.02	1.00	1.00	0.02	0.01	0	|	rapi	0.02	0.02	0	|	28.0	0.02(28)	0.02(28)	|	6690	
2944	273	ok	|	0.03	1.00	1.00	0.03	0.01	0	|	rapi	0.03	0.03	0	|	28.0	0.03(28)	0.03(28)	|	6690	
2944	274	ok	|	0.03	1.00	1.00	0.03	0.01	0	|	rapi	0.03	0.03	0	|	28.0	0.03(28)	0.03(28)	|	6690	
2944	275	ok	|	0.03	1.00	1.00	0.03	0.01	0	|	rapi	0.03	0.03	0	|	28.0	0.03(28)	0.03(28)	|	6690	
2944	276	ok	|	0.03	1.00	1.00	0.03	0.01	0	|	rapi	0.03	0.03	0	|	28.0	0.03(28)	0.03(28)	|	6690	
2944	277	ok	|	0.02	1.00	1.00	0.02	0.01	0	|	rapi	0.02	0.02	0	|	28.0	0.02(28)	0.02(28)	|	6690	
2944	278	ok	|	0.02	1.00	1.00	0.02	0.01	0	|	rapi	0.02	0.02	0	|	28.0	0.02(28)	0.02(28)	|	6690	
2944	279	ok	|	0.02	1.00	1.00	0.02	0.01	0	|	rapi	0.02	0.02	0	|	28.0	0.02(28)	0.02(28)	|	6690	
2944	280	ok	|	0.02	1.00	1.00	0.02	0.01	0	|	rapi	0.02	0.02	0	|	28.0	0.02(28)	0.02(28)	|	6690	
2944	281	ok	|	0.02	1.00	1.00	0.02	0.01	0	|	rapi	0.02	0.02	0	|	28.0	0.02(28)	0.02(28)	|	6690	
2944	282	ok	|	0.02	1.00	1.00	0.02	0.01	0	|	rapi	0.02	0.02	0	|	28.0	0.02(28)	0.02(28)	|	6690	
2944	283	ok	|	0.02	1.00	1.00	0.02	0.01	0	|	rapi	0.02	0.02	0	|	28.0	0.02(28)	0.02(28)	|	6690	
2944	284	ok	|	0.01	1.00	1.00	0.01	0.01	0	|	rapi	0.01	0.01	0	|	28.0	0.01(28)	0.01(28)	|	6690	
2944	285	ok	|	0.01	1.00	1.00	0.01	0.00	0	|	rapi	0.01	0.01	0	|	28.0	0.01(28)	0.01(28)	|	6690	
2944	286	ok	|	0.01	1.00	1.00	0.01	0.00	0	|	rapi	0.01	0.01	0	|	28.0	0.01(28)	0.01(28)	|	6690	
2944	287	ok	|	0.01	1.00	1.00	0.01	0.00	0	|	rapi	0.01	0.01	0	|	28.0	0.01(28)	0.01(28)	|	6690	
2944	288	ok	|	0.01	1.00	1.00	0.01	0.00	0	|	rapi	0.01	0.01	0	|	28.0	0.01(28)	0.01(28)	|	6690	
2944	289	ok	|	0.01	1.00	1.00	0.01	0.00	0	|	rapi	0.01	0.01	0	|	28.0	0.01(28)	0.01(28)	|	6690	
2944	290	ok	|	0.01	1.00	1.00	0.01	0.00	0	|	rapi	0.01	0.01	0	|	28.0	0.01(28)	0.01(28)	|	6690	
2944	291	ok	|	0.01	1.00	1.00	0.01	0.01	0	|	rapi	0.01	0.01	0	|	28.0	0.01(28)	0.01(28)	|	6690	
2944	292	ok	|	0.01	1.00	1.00	0.01	0.01	0	|	rapi	0.01	0.01	0	|	28.0	0.01(28)	0.01(28)	|	6690	
2944	293	ok	|	0.01	1.00	1.00	0.01	0.00	0	|	rapi	0.01	0.01	0	|	28.0	0.01(28)	0.01(28)	|	6690	
2944	294	ok	|	0.01	1.00	1.00	0.01	0.00	0	|	rapi	0.01	0.01	0	|	28.0	0.01(28)	0.01(28)	|	6690	
2944	295	ok	|	0.01	1.00	1.00	0.01	0.00	0	|	rapi	0.01	0.01	0	|	28.0	0.01(28)	0.01(28)	|	6690	
2944	296	ok	|	0.01	1.00	1.00	0.01	0.00	0	|	rapi	0.01	0.01	0	|	28.0	0.01(28)	0.01(28)	|	6690	
2944	297	ok	|	0.01	1.00	1.00	0.01	0.00	0	|	rapi	0.01	0.01	0	|	28.0	0.01(28)	0.01(28)	|	6690	
2944	298	ok	|	0.00	1.00	1.00	0.00	0.00	0	|	rapi	0.00	0.00	0	|	28.0	0.00(28)	0.00(28)	|	6690	
2944	299	ok	|	0.00	1.00	1.00	0.00	0.00	0	|	rapi	0.00	0.00	0	|	28.0	0.00(28)	0.00(28)	|	6690	
2944	300	fail-0	|	0.00	1.00	1.00	0.00	NaN	0	|	rapi	0.00	0.00	0	|	NaN			|	6690	
