2952	0	ok	|	0.09	1.00	1.00	0.10	0.00	0	|	rapi	0.00	0.00	0	|	-76.0	0.10(-76)		|	20	
2952	1	ok	|	0.09	1.00	1.00	0.11	0.00	0	|	rapi	0.00	0.00	0	|	-76.0	0.11(-76)		|	20	
2952	2	ok	|	0.10	1.00	1.00	0.13	0.00	0	|	rapi	0.00	0.00	0	|	-76.0	0.13(-76)		|	20	
2952	3	ok	|	0.12	1.00	1.00	0.16	0.00	0	|	rapi	0.00	0.00	0	|	-76.0	0.16(-76)		|	20	
2952	4	ok	|	0.12	1.00	1.00	0.16	0.00	0	|	rapi	0.00	0.00	0	|	-76.0	0.16(-76)		|	20	
2952	5	ok	|	0.15	1.00	1.00	0.21	0.00	0	|	rapi	0.00	0.00	0	|	-76.0	0.21(-76)		|	20	
2952	6	ok	|	0.18	1.00	1.00	0.23	0.00	0	|	rapi	0.00	0.00	0	|	-76.0	0.23(-76)		|	20	
2952	7	ok	|	0.21	1.00	1.00	0.27	0.00	0	|	rapi	0.00	0.00	0	|	-76.0	0.27(-76)		|	20	
2952	8	ok	|	0.25	1.00	1.00	0.36	0.00	0	|	rapi	0.00	0.00	0	|	-76.0	0.36(-76)		|	20	
2952	9	ok	|	0.28	1.00	1.00	0.40	0.00	0	|	rapi	0.00	0.00	0	|	-76.0	0.40(-76)		|	20	
2952	10	ok	|	0.35	1.00	1.00	0.49	0.00	0	|	rapi	0.00	0.00	0	|	-76.0	0.49(-76)		|	20	
2952	11	ok	|	0.42	0.99	0.99	0.65	0.00	0	|	rapi	0.00	0.00	0	|	-76.0	0.65(-76)		|	20	
2952	12	ok	|	0.48	0.99	0.99	0.79	0.00	0	|	rapi	0.00	0.00	0	|	-76.0	0.79(-76)		|	20	
2952	13	ok	|	0.56	0.99	0.99	1.03	0.00	0	|	rapi	0.00	0.00	0	|	-76.0	1.03(-76)		|	20	
2952	14	ok	|	0.63	0.99	0.99	1.26	0.00	0	|	rapi	0.00	0.00	0	|	-76.0	1.26(-76)		|	20	
2952	15	ok	|	0.68	0.99	0.99	1.48	0.00	0	|	rapi	0.00	0.00	0	|	-76.0	1.48(-76)		|	20	
2952	16	ok	|	0.72	0.98	0.98	1.83	0.00	0	|	rapi	0.00	0.00	0	|	-76.0	1.83(-76)		|	20	
2952	17	ok	|	0.79	0.98	0.98	2.21	0.00	0	|	rapi	0.00	0.00	0	|	-76.0	2.21(-76)		|	20	
2952	18	ok	|	0.85	0.97	0.97	2.55	0.00	0	|	rapi	0.00	0.00	0	|	-76.0	2.55(-76)		|	20	
2952	19	ok	|	0.89	0.97	0.97	3.00	0.00	0	|	rapi	0.00	0.00	0	|	-76.0	3.00(-76)		|	20	
2952	20	ok	|	0.93	0.96	0.96	3.61	0.00	0	|	rapi	0.00	0.00	0	|	-76.0	3.61(-76)		|	20	
2952	21	ok	|	0.94	0.96	0.96	4.18	0.00	0	|	rapi	0.00	0.00	0	|	-76.0	4.18(-76)		|	20	
2952	22	ok	|	0.97	0.95	0.95	4.89	0.00	0	|	rapi	0.00	0.00	0	|	-76.0	4.89(-76)		|	20	
2952	23	ok	|	0.99	0.94	0.94	5.79	0.00	0	|	rapi	0.00	0.00	0	|	-76.0	5.79(-76)		|	20	
2952	24	ok	|	0.99	0.93	0.93	6.80	0.00	0	|	rapi	0.00	0.00	0	|	-76.0	6.80(-76)		|	20	
2952	25	ok	|	1.00	0.92	0.92	8.02	0.00	0	|	rapi	0.00	0.00	0	|	-76.0	8.02(-76)		|	20	
2952	26	ok	|	1.00	0.91	0.91	9.40	0.00	0	|	rapi	0.00	0.00	0	|	-76.0	9.40(-76)		|	20	
2952	27	ok	|	1.00	0.89	0.89	10.95	0.00	0	|	rapi	0.00	0.00	0	|	-76.0	10.95(-76)		|	20	
2952	28	ok	|	1.00	0.87	0.87	12.92	0.00	0	|	rapi	0.00	0.00	0	|	-76.0	12.92(-76)		|	20	
2952	29	ok	|	1.00	0.85	0.85	15.30	0.00	0	|	rapi	0.00	0.00	0	|	-76.0	15.30(-76)		|	20	
2952	30	ok	|	1.00	0.82	0.82	18.17	0.00	0	|	rapi	0.00	0.00	0	|	-76.0	18.17(-76)		|	20	
2952	31	ok	|	1.00	0.79	0.79	21.22	0.00	0	|	rapi	0.00	0.00	0	|	-76.0	21.22(-76)		|	20	
2952	32	ok	|	1.00	0.75	0.75	25.13	0.00	0	|	rapi	0.00	0.00	0	|	-76.0	25.13(-76)	0.00(-76)	|	20	
2952	33	ok	|	1.00	0.70	0.70	29.66	0.00	0	|	rapi	0.00	0.00	0	|	-76.0	29.66(-76)	0.00(-76)	|	20	
2952	34	ok	|	1.00	0.65	0.65	35.24	0.00	0	|	rapi	0.00	0.00	0	|	-76.0	35.24(-76)	0.00(-76)	|	20	
2952	35	ok	|	1.00	0.60	0.60	40.37	0.00	0	|	rapi	0.00	0.00	0	|	-76.0	40.37(-76)	0.00(-76)	|	20	
2952	36	ok	|	1.00	0.53	0.53	47.46	0.00	0	|	rapi	0.00	0.00	0	|	-76.0	47.46(-76)	0.00(-76)	|	20	
2952	37	ok	|	1.00	0.44	0.44	55.54	0.00	0	|	rapi	0.01	0.01	0	|	-76.0	55.54(-76)	0.01(-76)	|	20	
2952	38	ok	|	1.00	0.36	0.36	64.32	0.00	0	|	rapi	0.01	0.01	0	|	-76.0	64.32(-76)	0.01(-76)	|	20	
2952	39	ok	|	1.00	0.26	0.26	74.33	0.00	0	|	rapi	0.01	0.01	0	|	-76.0	74.33(-76)	0.01(-76)	|	20	
2952	40	ok	|	1.00	0.16	0.16	84.13	0.00	0	|	rapi	0.01	0.01	0	|	-76.0	84.13(-76)	0.01(-76)	|	20	
2952	41	fail-w	|	1.00	0.09	0.09	92.73	0.00	0	|	rapi	0.03	0.03	0	|	-76.0	92.73(-76)	0.03(-76)	|	20	
