3027	0	ok	|	0.10	1.00	1.00	0.10	0.00	0	|	rapi	0.00	0.00	0	|	-99.0	0.10(-99)		|	47	
3027	1	ok	|	0.10	1.00	1.00	0.12	0.00	0	|	rapi	0.00	0.00	0	|	-99.0	0.12(-99)		|	47	
3027	2	ok	|	0.12	1.00	1.00	0.14	0.00	0	|	rapi	0.00	0.00	0	|	-99.0	0.14(-99)		|	47	
3027	3	ok	|	0.14	1.00	1.00	0.16	0.00	0	|	rapi	0.00	0.00	0	|	-99.0	0.16(-99)		|	47	
3027	4	ok	|	0.14	1.00	1.00	0.17	0.00	0	|	rapi	0.00	0.00	0	|	-99.0	0.17(-99)		|	47	
3027	5	ok	|	0.14	1.00	1.00	0.17	0.00	0	|	rapi	0.00	0.00	0	|	-99.0	0.17(-99)		|	47	
3027	6	ok	|	0.17	1.00	1.00	0.21	0.00	0	|	rapi	0.00	0.00	0	|	-99.0	0.21(-99)		|	47	
3027	7	ok	|	0.21	1.00	1.00	0.29	0.00	0	|	rapi	0.00	0.00	0	|	-99.0	0.29(-99)		|	47	
3027	8	ok	|	0.23	1.00	1.00	0.33	0.00	0	|	rapi	0.00	0.00	0	|	-99.0	0.33(-99)		|	47	
3027	9	ok	|	0.26	1.00	1.00	0.38	0.00	0	|	rapi	0.00	0.00	0	|	-99.0	0.38(-99)		|	47	
3027	10	ok	|	0.27	1.00	1.00	0.39	0.00	0	|	rapi	0.00	0.00	0	|	-99.0	0.39(-99)		|	47	
3027	11	ok	|	0.28	1.00	1.00	0.42	0.00	0	|	rapi	0.00	0.00	0	|	-99.0	0.42(-99)		|	47	
3027	12	ok	|	0.32	1.00	1.00	0.48	0.00	0	|	rapi	0.00	0.00	0	|	-99.0	0.48(-99)		|	47	
3027	13	ok	|	0.34	0.99	0.99	0.53	0.00	0	|	rapi	0.00	0.00	0	|	-99.0	0.53(-99)		|	47	
3027	14	ok	|	0.39	0.99	0.99	0.61	0.00	0	|	rapi	0.00	0.00	0	|	-99.0	0.61(-99)		|	47	
3027	15	ok	|	0.45	0.99	0.99	0.72	0.00	0	|	rapi	0.00	0.00	0	|	-99.0	0.72(-99)		|	47	
3027	16	ok	|	0.49	0.99	0.99	0.84	0.00	0	|	rapi	0.00	0.00	0	|	-99.0	0.84(-99)		|	47	
3027	17	ok	|	0.53	0.99	0.99	0.99	0.00	0	|	rapi	0.00	0.00	0	|	-99.0	0.99(-99)		|	47	
3027	18	ok	|	0.57	0.99	0.99	1.14	0.00	0	|	rapi	0.00	0.00	0	|	-99.0	1.14(-99)		|	47	
3027	19	ok	|	0.64	0.99	0.99	1.37	0.00	0	|	rapi	0.00	0.00	0	|	-99.0	1.37(-99)		|	47	
3027	20	ok	|	0.71	0.98	0.98	1.64	0.00	0	|	rapi	0.00	0.00	0	|	-99.0	1.64(-99)		|	47	
3027	21	ok	|	0.76	0.98	0.98	1.83	0.00	0	|	rapi	0.00	0.00	0	|	-99.0	1.83(-99)		|	47	
3027	22	ok	|	0.81	0.98	0.98	2.17	0.00	0	|	rapi	0.00	0.00	0	|	-99.0	2.17(-99)		|	47	
3027	23	ok	|	0.85	0.97	0.97	2.52	0.00	0	|	rapi	0.00	0.00	0	|	-99.0	2.52(-99)		|	47	
3027	24	ok	|	0.90	0.97	0.97	3.05	0.00	0	|	rapi	0.00	0.00	0	|	-99.0	3.05(-99)		|	47	
3027	25	ok	|	0.93	0.96	0.96	3.52	0.00	0	|	rapi	0.00	0.00	0	|	-99.0	3.52(-99)		|	47	
3027	26	ok	|	0.95	0.96	0.96	4.27	0.00	0	|	rapi	0.00	0.00	0	|	-99.0	4.27(-99)		|	47	
3027	27	ok	|	0.97	0.95	0.95	4.91	0.00	0	|	rapi	0.00	0.00	0	|	-99.0	4.91(-99)		|	47	
3027	28	ok	|	0.98	0.94	0.94	5.68	0.00	0	|	rapi	0.00	0.00	0	|	-99.0	5.68(-99)		|	47	
3027	29	ok	|	1.00	0.93	0.93	6.61	0.00	0	|	rapi	0.00	0.00	0	|	-99.0	6.61(-99)		|	47	
3027	30	ok	|	1.00	0.92	0.92	7.73	0.00	0	|	rapi	0.00	0.00	0	|	-99.0	7.73(-99)		|	47	
3027	31	ok	|	1.00	0.91	0.91	9.34	0.00	0	|	rapi	0.00	0.00	0	|	-99.0	9.34(-99)		|	47	
3027	32	ok	|	1.00	0.89	0.89	10.99	0.00	0	|	rapi	0.00	0.00	0	|	-99.0	10.99(-99)		|	47	
3027	33	ok	|	1.00	0.87	0.87	12.88	0.00	0	|	rapi	0.00	0.00	0	|	-99.0	12.88(-99)		|	47	
3027	34	ok	|	1.00	0.85	0.85	15.38	0.00	0	|	rapi	0.00	0.00	0	|	-99.0	15.38(-99)		|	47	
3027	35	ok	|	1.00	0.82	0.82	18.20	0.00	0	|	rapi	0.00	0.00	0	|	-99.0	18.20(-99)		|	47	
3027	36	ok	|	1.00	0.79	0.79	21.22	0.00	0	|	rapi	0.00	0.00	0	|	-99.0	21.22(-99)		|	47	
3027	37	ok	|	1.00	0.75	0.75	24.85	0.00	0	|	rapi	0.00	0.00	0	|	-99.0	24.85(-99)		|	47	
3027	38	ok	|	1.00	0.71	0.71	28.94	0.00	0	|	rapi	0.00	0.00	0	|	-99.0	28.94(-99)		|	47	
3027	39	ok	|	1.00	0.66	0.66	34.17	0.00	0	|	rapi	0.00	0.00	0	|	-99.0	34.17(-99)		|	47	
3027	40	ok	|	1.00	0.60	0.60	39.95	0.00	0	|	rapi	0.00	0.00	0	|	-99.0	39.95(-99)		|	47	
3027	41	ok	|	1.00	0.53	0.53	46.67	0.00	0	|	rapi	0.00	0.00	0	|	-99.0	46.67(-99)		|	47	
3027	42	ok	|	1.00	0.46	0.46	54.43	0.00	0	|	rapi	0.00	0.00	0	|	-99.0	54.43(-99)	0.00(-99)	|	47	
3027	43	ok	|	1.00	0.37	0.37	62.71	0.00	0	|	rapi	0.00	0.00	0	|	-99.0	62.71(-99)	0.00(-99)	|	47	
3027	44	ok	|	1.00	0.28	0.28	72.32	0.00	0	|	rapi	0.00	0.00	0	|	-99.0	72.32(-99)	0.00(-99)	|	47	
3027	45	ok	|	1.00	0.17	0.17	83.22	0.00	0	|	rapi	0.00	0.00	0	|	-99.0	83.22(-99)	0.00(-99)	|	47	
3027	46	fail-w	|	1.00	0.09	0.09	92.24	0.00	0	|	rapi	0.00	0.00	0	|	-99.0	92.24(-99)	0.00(-99)	|	47	
