3095	0	ok	|	0.09	1.00	1.00	0.10	0.00	0	|	rapi	0.09	0.09	0	|	60.0	0.10(60)	0.09(60)	|	6261	
3095	1	ok	|	0.10	1.00	1.00	0.11	0.00	0	|	rapi	0.10	0.10	0	|	60.0	0.11(60)	0.10(60)	|	6261	
3095	2	ok	|	0.10	1.00	1.00	0.12	0.00	0	|	rapi	0.10	0.11	0	|	60.0	0.12(60)	0.11(60)	|	6261	
3095	3	ok	|	0.11	1.00	1.00	0.12	0.00	0	|	rapi	0.11	0.11	0	|	60.0	0.12(60)	0.11(60)	|	6261	
3095	4	ok	|	0.10	1.00	1.00	0.11	0.00	0	|	rapi	0.10	0.10	0	|	60.0	0.11(60)	0.10(60)	|	6261	
3095	5	ok	|	0.10	1.00	1.00	0.10	0.00	0	|	rapi	0.10	0.10	0	|	60.0	0.10(60)	0.10(60)	|	6261	
3095	6	ok	|	0.11	1.00	1.00	0.11	0.00	0	|	rapi	0.10	0.11	0	|	60.0	0.11(60)	0.11(60)	|	6261	
3095	7	ok	|	0.11	1.00	1.00	0.11	0.00	0	|	rapi	0.11	0.11	0	|	60.0	0.11(60)	0.11(60)	|	6261	
3095	8	ok	|	0.11	1.00	1.00	0.12	0.00	0	|	rapi	0.11	0.11	0	|	60.0	0.12(60)	0.11(60)	|	6261	
3095	9	ok	|	0.14	1.00	1.00	0.14	0.00	0	|	rapi	0.13	0.13	0	|	60.0	0.14(60)	0.13(60)	|	6261	
3095	10	ok	|	0.14	1.00	1.00	0.15	0.00	0	|	rapi	0.12	0.13	0	|	60.0	0.15(60)	0.13(60)	|	6261	
3095	11	ok	|	0.15	1.00	1.00	0.16	0.00	0	|	rapi	0.13	0.14	0	|	60.0	0.16(60)	0.14(60)	|	6261	
3095	12	ok	|	0.15	1.00	1.00	0.16	0.00	0	|	rapi	0.13	0.13	0	|	60.0	0.16(60)	0.13(60)	|	6261	
3095	13	ok	|	0.13	1.00	1.00	0.14	0.00	0	|	rapi	0.12	0.12	0	|	60.0	0.14(60)	0.12(60)	|	6261	
3095	14	ok	|	0.13	1.00	1.00	0.14	0.00	0	|	rapi	0.12	0.12	0	|	60.0	0.14(60)	0.12(60)	|	6261	
3095	15	ok	|	0.13	1.00	1.00	0.15	0.00	0	|	rapi	0.12	0.13	0	|	60.0	0.15(60)	0.13(60)	|	6261	
3095	16	ok	|	0.13	1.00	1.00	0.14	0.00	0	|	rapi	0.12	0.13	0	|	60.0	0.14(60)	0.13(60)	|	6261	
3095	17	ok	|	0.13	1.00	1.00	0.14	0.00	0	|	rapi	0.12	0.13	0	|	60.0	0.14(60)	0.13(60)	|	6261	
3095	18	ok	|	0.13	1.00	1.00	0.14	0.00	0	|	rapi	0.13	0.13	0	|	60.0	0.14(60)	0.13(60)	|	6261	
3095	19	ok	|	0.14	1.00	1.00	0.15	0.00	0	|	rapi	0.13	0.14	0	|	60.0	0.15(60)	0.14(60)	|	6261	
3095	20	ok	|	0.12	1.00	1.00	0.12	0.00	0	|	rapi	0.11	0.11	0	|	60.0	0.12(60)	0.11(60)	|	6261	
3095	21	ok	|	0.11	1.00	1.00	0.12	0.00	0	|	rapi	0.10	0.11	0	|	60.0	0.12(60)	0.11(60)	|	6261	
3095	22	ok	|	0.12	1.00	1.00	0.13	0.00	0	|	rapi	0.11	0.12	0	|	60.0	0.13(60)	0.12(60)	|	6261	
3095	23	ok	|	0.11	1.00	1.00	0.12	0.00	0	|	rapi	0.10	0.11	0	|	60.0	0.12(60)	0.11(60)	|	6261	
3095	24	ok	|	0.10	1.00	1.00	0.12	0.00	0	|	rapi	0.10	0.11	0	|	60.0	0.12(60)	0.11(60)	|	6261	
3095	25	ok	|	0.10	1.00	1.00	0.12	0.00	0	|	rapi	0.10	0.11	0	|	60.0	0.12(60)	0.11(60)	|	6261	
3095	26	ok	|	0.12	1.00	1.00	0.14	0.00	0	|	rapi	0.12	0.13	0	|	60.0	0.14(60)	0.13(60)	|	6261	
3095	27	ok	|	0.13	1.00	1.00	0.15	0.01	0	|	rapi	0.13	0.14	0	|	60.0	0.15(60)	0.14(60)	|	6261	
3095	28	ok	|	0.12	1.00	1.00	0.14	0.00	0	|	rapi	0.12	0.13	0	|	60.0	0.14(60)	0.13(60)	|	6261	
3095	29	ok	|	0.11	1.00	1.00	0.12	0.01	0	|	rapi	0.11	0.12	0	|	60.0	0.12(60)	0.12(60)	|	6261	
3095	30	ok	|	0.12	1.00	1.00	0.12	0.01	0	|	rapi	0.11	0.12	0	|	60.0	0.12(60)	0.12(60)	|	6261	
3095	31	ok	|	0.11	1.00	1.00	0.11	0.01	0	|	rapi	0.10	0.11	0	|	60.0	0.11(60)	0.11(60)	|	6261	
3095	32	ok	|	0.11	1.00	1.00	0.12	0.01	0	|	rapi	0.10	0.11	0	|	60.0	0.12(60)	0.11(60)	|	6261	
3095	33	ok	|	0.11	1.00	1.00	0.12	0.00	0	|	rapi	0.11	0.11	0	|	60.0	0.12(60)	0.11(60)	|	6261	
3095	34	ok	|	0.11	1.00	1.00	0.12	0.00	0	|	rapi	0.10	0.11	0	|	60.0	0.12(60)	0.11(60)	|	6261	
3095	35	ok	|	0.10	1.00	1.00	0.11	0.00	0	|	rapi	0.10	0.10	0	|	60.0	0.11(60)	0.10(60)	|	6261	
3095	36	ok	|	0.09	1.00	1.00	0.10	0.00	0	|	rapi	0.09	0.09	0	|	60.0	0.10(60)	0.09(60)	|	6261	
3095	37	ok	|	0.10	1.00	1.00	0.10	0.00	0	|	rapi	0.09	0.10	0	|	60.0	0.10(60)	0.10(60)	|	6261	
3095	38	ok	|	0.10	1.00	1.00	0.10	0.00	0	|	rapi	0.09	0.09	0	|	60.0	0.10(60)	0.09(60)	|	6261	
3095	39	ok	|	0.10	1.00	1.00	0.10	0.00	0	|	rapi	0.09	0.09	0	|	60.0	0.10(60)	0.09(60)	|	6261	
3095	40	ok	|	0.11	1.00	1.00	0.11	0.00	0	|	rapi	0.10	0.10	0	|	60.0	0.11(60)	0.10(60)	|	6261	
3095	41	ok	|	0.11	1.00	1.00	0.12	0.00	0	|	rapi	0.10	0.11	0	|	60.0	0.12(60)	0.11(60)	|	6261	
3095	42	ok	|	0.10	1.00	1.00	0.11	0.00	0	|	rapi	0.09	0.10	0	|	60.0	0.11(60)	0.10(60)	|	6261	
3095	43	ok	|	0.10	1.00	1.00	0.12	0.00	0	|	rapi	0.10	0.10	0	|	60.0	0.12(60)	0.10(60)	|	6261	
3095	44	ok	|	0.13	1.00	1.00	0.13	0.00	0	|	rapi	0.11	0.11	0	|	60.0	0.13(60)	0.11(60)	|	6261	
3095	45	ok	|	0.14	1.00	1.00	0.15	0.00	0	|	rapi	0.12	0.13	0	|	60.0	0.15(60)	0.13(60)	|	6261	
3095	46	ok	|	0.14	1.00	1.00	0.15	0.00	0	|	rapi	0.12	0.13	0	|	60.0	0.15(60)	0.13(60)	|	6261	
3095	47	ok	|	0.15	1.00	1.00	0.16	0.00	0	|	rapi	0.14	0.14	0	|	60.0	0.16(60)	0.14(60)	|	6261	
3095	48	ok	|	0.14	1.00	1.00	0.15	0.00	0	|	rapi	0.12	0.13	0	|	60.0	0.15(60)	0.13(60)	|	6261	
3095	49	ok	|	0.11	1.00	1.00	0.12	0.00	0	|	rapi	0.10	0.10	0	|	60.0	0.12(60)	0.10(60)	|	6261	
3095	50	ok	|	0.10	1.00	1.00	0.11	0.00	0	|	rapi	0.09	0.10	0	|	60.0	0.11(60)	0.10(60)	|	6261	
3095	51	ok	|	0.11	1.00	1.00	0.12	0.00	0	|	rapi	0.10	0.10	0	|	60.0	0.12(60)	0.10(60)	|	6261	
3095	52	ok	|	0.11	1.00	1.00	0.12	0.00	0	|	rapi	0.10	0.11	0	|	60.0	0.12(60)	0.11(60)	|	6261	
3095	53	ok	|	0.12	1.00	1.00	0.12	0.00	0	|	rapi	0.11	0.11	0	|	60.0	0.12(60)	0.11(60)	|	6261	
3095	54	ok	|	0.13	1.00	1.00	0.14	0.01	0	|	rapi	0.12	0.12	0	|	60.0	0.14(60)	0.12(60)	|	6261	
3095	55	ok	|	0.13	1.00	1.00	0.14	0.01	0	|	rapi	0.13	0.14	0	|	60.0	0.14(60)	0.14(60)	|	6261	
3095	56	ok	|	0.13	1.00	1.00	0.14	0.00	0	|	rapi	0.12	0.13	0	|	60.0	0.14(60)	0.13(60)	|	6261	
3095	57	ok	|	0.12	1.00	1.00	0.13	0.00	0	|	rapi	0.11	0.12	0	|	60.0	0.13(60)	0.12(60)	|	6261	
3095	58	ok	|	0.13	1.00	1.00	0.14	0.00	0	|	rapi	0.12	0.13	0	|	60.0	0.14(60)	0.13(60)	|	6261	
3095	59	ok	|	0.13	1.00	1.00	0.13	0.00	0	|	rapi	0.12	0.13	0	|	60.0	0.13(60)	0.13(60)	|	6261	
3095	60	ok	|	0.12	1.00	1.00	0.13	0.00	0	|	rapi	0.11	0.12	0	|	60.0	0.13(60)	0.12(60)	|	6261	
3095	61	ok	|	0.12	1.00	1.00	0.12	0.01	0	|	rapi	0.11	0.12	0	|	60.0	0.12(60)	0.12(60)	|	6261	
3095	62	ok	|	0.10	1.00	1.00	0.11	0.00	0	|	rapi	0.10	0.11	0	|	60.0	0.11(60)	0.11(60)	|	6261	
3095	63	ok	|	0.10	1.00	1.00	0.11	0.00	0	|	rapi	0.10	0.10	0	|	60.0	0.11(60)	0.10(60)	|	6261	
3095	64	ok	|	0.12	1.00	1.00	0.13	0.01	0	|	rapi	0.12	0.12	0	|	60.0	0.13(60)	0.12(60)	|	6261	
3095	65	ok	|	0.13	1.00	1.00	0.14	0.00	0	|	rapi	0.13	0.13	0	|	60.0	0.14(60)	0.13(60)	|	6261	
3095	66	ok	|	0.12	1.00	1.00	0.13	0.00	0	|	rapi	0.11	0.12	0	|	60.0	0.13(60)	0.12(60)	|	6261	
3095	67	ok	|	0.14	1.00	1.00	0.15	0.01	0	|	rapi	0.13	0.13	0	|	60.0	0.15(60)	0.13(60)	|	6261	
3095	68	ok	|	0.14	1.00	1.00	0.14	0.00	0	|	rapi	0.13	0.14	0	|	60.0	0.14(60)	0.14(60)	|	6261	
3095	69	ok	|	0.12	1.00	1.00	0.12	0.00	0	|	rapi	0.11	0.12	0	|	60.0	0.12(60)	0.12(60)	|	6261	
3095	70	ok	|	0.12	1.00	1.00	0.12	0.00	0	|	rapi	0.11	0.12	0	|	60.0	0.12(60)	0.12(60)	|	6261	
3095	71	ok	|	0.13	1.00	1.00	0.14	0.00	0	|	rapi	0.12	0.13	0	|	60.0	0.14(60)	0.13(60)	|	6261	
3095	72	ok	|	0.13	1.00	1.00	0.15	0.01	0	|	rapi	0.13	0.14	0	|	60.0	0.15(60)	0.14(60)	|	6261	
3095	73	ok	|	0.12	1.00	1.00	0.14	0.01	0	|	rapi	0.12	0.13	0	|	60.0	0.14(60)	0.13(60)	|	6261	
3095	74	ok	|	0.14	1.00	1.00	0.15	0.01	0	|	rapi	0.13	0.14	0	|	60.0	0.15(60)	0.14(60)	|	6261	
3095	75	ok	|	0.14	1.00	1.00	0.16	0.01	0	|	rapi	0.14	0.15	0	|	60.0	0.16(60)	0.15(60)	|	6261	
3095	76	ok	|	0.14	1.00	1.00	0.15	0.01	0	|	rapi	0.13	0.14	0	|	60.0	0.15(60)	0.14(60)	|	6261	
3095	77	ok	|	0.13	1.00	1.00	0.14	0.01	0	|	rapi	0.13	0.13	0	|	60.0	0.14(60)	0.13(60)	|	6261	
3095	78	ok	|	0.14	1.00	1.00	0.15	0.01	0	|	rapi	0.13	0.14	0	|	60.0	0.15(60)	0.14(60)	|	6261	
3095	79	ok	|	0.13	1.00	1.00	0.14	0.00	0	|	rapi	0.12	0.12	0	|	60.0	0.14(60)	0.12(60)	|	6261	
3095	80	ok	|	0.14	1.00	1.00	0.15	0.00	0	|	rapi	0.12	0.13	0	|	60.0	0.15(60)	0.13(60)	|	6261	
3095	81	ok	|	0.13	1.00	1.00	0.14	0.00	0	|	rapi	0.12	0.12	0	|	60.0	0.14(60)	0.12(60)	|	6261	
3095	82	ok	|	0.13	1.00	1.00	0.14	0.01	0	|	rapi	0.12	0.12	0	|	60.0	0.14(60)	0.12(60)	|	6261	
3095	83	ok	|	0.14	1.00	1.00	0.15	0.00	0	|	rapi	0.13	0.13	0	|	60.0	0.15(60)	0.13(60)	|	6261	
3095	84	ok	|	0.14	1.00	1.00	0.15	0.00	0	|	rapi	0.13	0.14	0	|	60.0	0.15(60)	0.14(60)	|	6261	
3095	85	ok	|	0.14	1.00	1.00	0.16	0.01	0	|	rapi	0.14	0.14	0	|	60.0	0.16(60)	0.14(60)	|	6261	
3095	86	ok	|	0.13	1.00	1.00	0.15	0.00	0	|	rapi	0.13	0.14	0	|	60.0	0.15(60)	0.14(60)	|	6261	
3095	87	ok	|	0.14	1.00	1.00	0.14	0.01	0	|	rapi	0.13	0.13	0	|	60.0	0.14(60)	0.13(60)	|	6261	
3095	88	ok	|	0.13	1.00	1.00	0.14	0.00	0	|	rapi	0.12	0.12	0	|	60.0	0.14(60)	0.12(60)	|	6261	
3095	89	ok	|	0.13	1.00	1.00	0.14	0.00	0	|	rapi	0.12	0.12	0	|	60.0	0.14(60)	0.12(60)	|	6261	
3095	90	ok	|	0.11	1.00	1.00	0.12	0.00	0	|	rapi	0.10	0.10	0	|	60.0	0.12(60)	0.10(60)	|	6261	
3095	91	ok	|	0.13	1.00	1.00	0.14	0.00	0	|	rapi	0.11	0.12	0	|	60.0	0.14(60)	0.12(60)	|	6261	
3095	92	ok	|	0.13	1.00	1.00	0.14	0.00	0	|	rapi	0.12	0.12	0	|	60.0	0.14(60)	0.12(60)	|	6261	
3095	93	ok	|	0.12	1.00	1.00	0.13	0.00	0	|	rapi	0.11	0.11	0	|	60.0	0.13(60)	0.11(60)	|	6261	
3095	94	ok	|	0.12	1.00	1.00	0.13	0.00	0	|	rapi	0.11	0.11	0	|	60.0	0.13(60)	0.11(60)	|	6261	
3095	95	ok	|	0.12	1.00	1.00	0.14	0.00	0	|	rapi	0.11	0.11	0	|	60.0	0.14(60)	0.11(60)	|	6261	
3095	96	ok	|	0.11	1.00	1.00	0.13	0.00	0	|	rapi	0.10	0.10	0	|	60.0	0.13(60)	0.10(60)	|	6261	
3095	97	ok	|	0.10	1.00	1.00	0.11	0.00	0	|	rapi	0.09	0.10	0	|	60.0	0.11(60)	0.10(60)	|	6261	
3095	98	ok	|	0.10	1.00	1.00	0.11	0.00	0	|	rapi	0.09	0.10	0	|	60.0	0.11(60)	0.10(60)	|	6261	
3095	99	ok	|	0.09	1.00	1.00	0.10	0.00	0	|	rapi	0.08	0.09	0	|	60.0	0.10(60)	0.09(60)	|	6261	
3095	100	ok	|	0.09	1.00	1.00	0.10	0.00	0	|	rapi	0.08	0.08	0	|	60.0	0.10(60)	0.08(60)	|	6261	
3095	101	ok	|	0.10	1.00	1.00	0.12	0.00	0	|	rapi	0.10	0.11	0	|	60.0	0.12(60)	0.11(60)	|	6261	
3095	102	ok	|	0.09	1.00	1.00	0.11	0.00	0	|	rapi	0.09	0.10	0	|	60.0	0.11(60)	0.10(60)	|	6261	
3095	103	ok	|	0.11	1.00	1.00	0.12	0.00	0	|	rapi	0.11	0.11	0	|	60.0	0.12(60)	0.11(60)	|	6261	
3095	104	ok	|	0.11	1.00	1.00	0.12	0.00	0	|	rapi	0.11	0.11	0	|	60.0	0.12(60)	0.11(60)	|	6261	
3095	105	ok	|	0.11	1.00	1.00	0.11	0.00	0	|	rapi	0.10	0.11	0	|	60.0	0.11(60)	0.11(60)	|	6261	
3095	106	ok	|	0.12	1.00	1.00	0.13	0.00	0	|	rapi	0.12	0.13	0	|	60.0	0.13(60)	0.13(60)	|	6261	
3095	107	ok	|	0.12	1.00	1.00	0.13	0.00	0	|	rapi	0.12	0.12	0	|	60.0	0.13(60)	0.12(60)	|	6261	
3095	108	ok	|	0.11	1.00	1.00	0.12	0.00	0	|	rapi	0.11	0.12	0	|	60.0	0.12(60)	0.12(60)	|	6261	
3095	109	ok	|	0.12	1.00	1.00	0.13	0.01	0	|	rapi	0.11	0.12	0	|	60.0	0.13(60)	0.12(60)	|	6261	
3095	110	ok	|	0.13	1.00	1.00	0.13	0.01	0	|	rapi	0.12	0.13	0	|	60.0	0.13(60)	0.13(60)	|	6261	
3095	111	ok	|	0.12	1.00	1.00	0.13	0.01	0	|	rapi	0.12	0.13	0	|	60.0	0.13(60)	0.13(60)	|	6261	
3095	112	ok	|	0.12	1.00	1.00	0.12	0.01	0	|	rapi	0.12	0.12	0	|	60.0	0.12(60)	0.12(60)	|	6261	
3095	113	ok	|	0.11	1.00	1.00	0.12	0.01	0	|	rapi	0.11	0.12	0	|	60.0	0.12(60)	0.12(60)	|	6261	
3095	114	ok	|	0.10	1.00	1.00	0.10	0.01	0	|	rapi	0.10	0.10	0	|	60.0	0.10(60)	0.10(60)	|	6261	
3095	115	ok	|	0.10	1.00	1.00	0.10	0.01	0	|	rapi	0.10	0.10	0	|	60.0	0.10(60)	0.10(60)	|	6261	
3095	116	ok	|	0.10	1.00	1.00	0.10	0.01	0	|	rapi	0.10	0.10	0	|	60.0	0.10(60)	0.10(60)	|	6261	
3095	117	ok	|	0.10	1.00	1.00	0.10	0.01	0	|	rapi	0.10	0.10	0	|	60.0	0.10(60)	0.10(60)	|	6261	
3095	118	ok	|	0.10	1.00	1.00	0.11	0.01	0	|	rapi	0.10	0.11	0	|	60.0	0.11(60)	0.11(60)	|	6261	
3095	119	ok	|	0.10	1.00	1.00	0.10	0.01	0	|	rapi	0.10	0.10	0	|	60.0	0.10(60)	0.10(60)	|	6261	
3095	120	ok	|	0.09	1.00	1.00	0.10	0.01	0	|	rapi	0.09	0.10	0	|	60.0	0.10(60)	0.10(60)	|	6261	
3095	121	ok	|	0.09	1.00	1.00	0.10	0.01	0	|	rapi	0.09	0.10	0	|	60.0	0.10(60)	0.10(60)	|	6261	
3095	122	ok	|	0.09	1.00	1.00	0.10	0.01	0	|	rapi	0.09	0.10	0	|	60.0	0.10(60)	0.10(60)	|	6261	
3095	123	ok	|	0.09	1.00	1.00	0.10	0.01	0	|	rapi	0.09	0.10	0	|	60.0	0.10(60)	0.10(60)	|	6261	
3095	124	ok	|	0.08	1.00	1.00	0.08	0.01	0	|	rapi	0.08	0.08	0	|	60.0	0.08(60)	0.08(60)	|	6261	
3095	125	ok	|	0.07	1.00	1.00	0.07	0.01	0	|	rapi	0.07	0.07	0	|	60.0	0.07(60)	0.07(60)	|	6261	
3095	126	ok	|	0.07	1.00	1.00	0.08	0.01	0	|	rapi	0.07	0.08	0	|	60.0	0.08(60)	0.08(60)	|	6261	
3095	127	ok	|	0.08	1.00	1.00	0.08	0.01	0	|	rapi	0.08	0.08	0	|	60.0	0.08(60)	0.08(60)	|	6261	
3095	128	ok	|	0.07	1.00	1.00	0.08	0.01	0	|	rapi	0.07	0.08	0	|	60.0	0.08(60)	0.08(60)	|	6261	
3095	129	ok	|	0.07	1.00	1.00	0.07	0.01	0	|	rapi	0.07	0.07	0	|	60.0	0.07(60)	0.07(60)	|	6261	
3095	130	ok	|	0.07	1.00	1.00	0.07	0.02	0	|	rapi	0.07	0.07	0	|	60.0	0.07(60)	0.07(60)	|	6261	
3095	131	ok	|	0.07	1.00	1.00	0.07	0.02	0	|	rapi	0.07	0.07	0	|	60.0	0.07(60)	0.07(60)	|	6261	
3095	132	ok	|	0.07	1.00	1.00	0.07	0.02	0	|	rapi	0.07	0.07	0	|	60.0	0.07(60)	0.07(60)	|	6261	
3095	133	ok	|	0.08	1.00	1.00	0.08	0.02	0	|	rapi	0.08	0.08	0	|	60.0	0.08(60)	0.08(60)	|	6261	
3095	134	ok	|	0.08	1.00	1.00	0.09	0.02	0	|	rapi	0.08	0.09	0	|	60.0	0.09(60)	0.09(60)	|	6261	
3095	135	ok	|	0.08	1.00	1.00	0.09	0.02	0	|	rapi	0.08	0.09	0	|	60.0	0.09(60)	0.09(60)	|	6261	
3095	136	ok	|	0.09	1.00	1.00	0.09	0.02	0	|	rapi	0.09	0.09	0	|	60.0	0.09(60)	0.09(60)	|	6261	
3095	137	ok	|	0.09	1.00	1.00	0.09	0.02	0	|	rapi	0.09	0.09	0	|	60.0	0.09(60)	0.09(60)	|	6261	
3095	138	ok	|	0.08	1.00	1.00	0.08	0.02	0	|	rapi	0.08	0.08	0	|	60.0	0.08(60)	0.08(60)	|	6261	
3095	139	ok	|	0.08	1.00	1.00	0.09	0.02	0	|	rapi	0.08	0.09	0	|	60.0	0.09(60)	0.09(60)	|	6261	
3095	140	ok	|	0.08	1.00	1.00	0.08	0.02	0	|	rapi	0.08	0.08	0	|	60.0	0.08(60)	0.08(60)	|	6261	
3095	141	ok	|	0.08	1.00	1.00	0.08	0.02	0	|	rapi	0.08	0.08	0	|	60.0	0.08(60)	0.08(60)	|	6261	
3095	142	ok	|	0.08	1.00	1.00	0.08	0.02	0	|	rapi	0.08	0.08	0	|	60.0	0.08(60)	0.08(60)	|	6261	
3095	143	ok	|	0.08	1.00	1.00	0.08	0.02	0	|	rapi	0.08	0.08	0	|	60.0	0.08(60)	0.08(60)	|	6261	
3095	144	ok	|	0.07	1.00	1.00	0.08	0.02	0	|	rapi	0.07	0.08	0	|	60.0	0.08(60)	0.08(60)	|	6261	
3095	145	ok	|	0.08	1.00	1.00	0.08	0.02	0	|	rapi	0.08	0.08	0	|	60.0	0.08(60)	0.08(60)	|	6261	
3095	146	ok	|	0.08	1.00	1.00	0.08	0.02	0	|	rapi	0.08	0.08	0	|	60.0	0.08(60)	0.08(60)	|	6261	
3095	147	ok	|	0.07	1.00	1.00	0.07	0.04	0	|	rapi	0.07	0.07	0	|	60.0	0.07(60)	0.07(60)	|	6261	
3095	148	ok	|	0.08	1.00	1.00	0.08	0.04	0	|	rapi	0.08	0.08	0	|	60.0	0.08(60)	0.08(60)	|	6261	
3095	149	ok	|	0.08	1.00	1.00	0.08	0.04	0	|	rapi	0.08	0.08	0	|	60.0	0.08(60)	0.08(60)	|	6261	
3095	150	ok	|	0.08	1.00	1.00	0.08	0.04	0	|	rapi	0.08	0.08	0	|	60.0	0.08(60)	0.08(60)	|	6261	
3095	151	ok	|	0.07	1.00	1.00	0.07	0.04	0	|	rapi	0.07	0.07	0	|	60.0	0.07(60)	0.07(60)	|	6261	
3095	152	ok	|	0.09	1.00	1.00	0.09	0.05	0	|	rapi	0.09	0.09	0	|	60.0	0.09(60)	0.09(60)	|	6261	
3095	153	ok	|	0.09	1.00	1.00	0.10	0.05	0	|	rapi	0.09	0.10	0	|	60.0	0.10(60)	0.10(60)	|	6261	
3095	154	ok	|	0.11	1.00	1.00	0.11	0.06	0	|	rapi	0.11	0.11	0	|	60.0	0.11(60)	0.11(60)	|	6261	
3095	155	ok	|	0.11	1.00	1.00	0.11	0.06	0	|	rapi	0.11	0.11	0	|	60.0	0.11(60)	0.11(60)	|	6261	
3095	156	ok	|	0.10	1.00	1.00	0.11	0.05	0	|	rapi	0.10	0.11	0	|	60.0	0.11(60)	0.11(60)	|	6261	
3095	157	ok	|	0.10	1.00	1.00	0.10	0.05	0	|	rapi	0.10	0.10	0	|	60.0	0.10(60)	0.10(60)	|	6261	
3095	158	ok	|	0.10	1.00	1.00	0.10	0.05	0	|	rapi	0.10	0.10	0	|	60.0	0.10(60)	0.10(60)	|	6261	
3095	159	ok	|	0.10	1.00	1.00	0.10	0.05	0	|	rapi	0.10	0.10	0	|	60.0	0.10(60)	0.10(60)	|	6261	
3095	160	ok	|	0.08	1.00	1.00	0.08	0.04	0	|	rapi	0.08	0.08	0	|	60.0	0.08(60)	0.08(60)	|	6261	
3095	161	ok	|	0.06	1.00	1.00	0.06	0.03	0	|	rapi	0.06	0.06	0	|	60.0	0.06(60)	0.06(60)	|	6261	
3095	162	ok	|	0.06	1.00	1.00	0.07	0.03	0	|	rapi	0.06	0.07	0	|	60.0	0.07(60)	0.07(60)	|	6261	
3095	163	ok	|	0.07	1.00	1.00	0.07	0.04	0	|	rapi	0.07	0.07	0	|	60.0	0.07(60)	0.07(60)	|	6261	
3095	164	ok	|	0.07	1.00	1.00	0.07	0.04	0	|	rapi	0.07	0.07	0	|	60.0	0.07(60)	0.07(60)	|	6261	
3095	165	ok	|	0.06	1.00	1.00	0.06	0.03	0	|	rapi	0.06	0.06	0	|	60.0	0.06(60)	0.06(60)	|	6261	
3095	166	ok	|	0.06	1.00	1.00	0.06	0.03	0	|	rapi	0.06	0.06	0	|	60.0	0.06(60)	0.06(60)	|	6261	
3095	167	ok	|	0.06	1.00	1.00	0.06	0.03	0	|	rapi	0.06	0.06	0	|	60.0	0.06(60)	0.06(60)	|	6261	
3095	168	ok	|	0.06	1.00	1.00	0.06	0.03	0	|	rapi	0.06	0.06	0	|	60.0	0.06(60)	0.06(60)	|	6261	
3095	169	ok	|	0.05	1.00	1.00	0.06	0.03	0	|	rapi	0.05	0.06	0	|	60.0	0.06(60)	0.06(60)	|	6261	
3095	170	ok	|	0.04	1.00	1.00	0.04	0.02	0	|	rapi	0.04	0.04	0	|	60.0	0.04(60)	0.04(60)	|	6261	
3095	171	ok	|	0.03	1.00	1.00	0.03	0.02	0	|	rapi	0.03	0.03	0	|	60.0	0.03(60)	0.03(60)	|	6261	
3095	172	ok	|	0.04	1.00	1.00	0.04	0.02	0	|	rapi	0.04	0.04	0	|	60.0	0.04(60)	0.04(60)	|	6261	
3095	173	ok	|	0.04	1.00	1.00	0.04	0.02	0	|	rapi	0.04	0.04	0	|	60.0	0.04(60)	0.04(60)	|	6261	
3095	174	ok	|	0.04	1.00	1.00	0.04	0.02	0	|	rapi	0.04	0.04	0	|	60.0	0.04(60)	0.04(60)	|	6261	
3095	175	ok	|	0.06	1.00	1.00	0.07	0.03	0	|	rapi	0.06	0.07	0	|	60.0	0.07(60)	0.07(60)	|	6261	
3095	176	ok	|	0.06	1.00	1.00	0.07	0.03	0	|	rapi	0.06	0.07	0	|	60.0	0.07(60)	0.07(60)	|	6261	
3095	177	ok	|	0.05	1.00	1.00	0.05	0.03	0	|	rapi	0.05	0.05	0	|	60.0	0.05(60)	0.05(60)	|	6261	
3095	178	ok	|	0.06	1.00	1.00	0.06	0.03	0	|	rapi	0.06	0.06	0	|	60.0	0.06(60)	0.06(60)	|	6261	
3095	179	ok	|	0.06	1.00	1.00	0.07	0.03	0	|	rapi	0.06	0.07	0	|	60.0	0.07(60)	0.07(60)	|	6261	
3095	180	ok	|	0.07	1.00	1.00	0.07	0.03	0	|	rapi	0.07	0.07	0	|	60.0	0.07(60)	0.07(60)	|	6261	
3095	181	ok	|	0.07	1.00	1.00	0.07	0.03	0	|	rapi	0.07	0.07	0	|	60.0	0.07(60)	0.07(60)	|	6261	
3095	182	ok	|	0.06	1.00	1.00	0.06	0.03	0	|	rapi	0.06	0.06	0	|	60.0	0.06(60)	0.06(60)	|	6261	
3095	183	ok	|	0.05	1.00	1.00	0.05	0.03	0	|	rapi	0.05	0.05	0	|	60.0	0.05(60)	0.05(60)	|	6261	
3095	184	ok	|	0.05	1.00	1.00	0.05	0.03	0	|	rapi	0.05	0.05	0	|	60.0	0.05(60)	0.05(60)	|	6261	
3095	185	ok	|	0.04	1.00	1.00	0.04	0.02	0	|	rapi	0.04	0.04	0	|	60.0	0.04(60)	0.04(60)	|	6261	
3095	186	ok	|	0.04	1.00	1.00	0.04	0.02	0	|	rapi	0.04	0.04	0	|	60.0	0.04(60)	0.04(60)	|	6261	
3095	187	ok	|	0.04	1.00	1.00	0.04	0.02	0	|	rapi	0.04	0.04	0	|	60.0	0.04(60)	0.04(60)	|	6261	
3095	188	ok	|	0.04	1.00	1.00	0.04	0.02	0	|	rapi	0.04	0.04	0	|	60.0	0.04(60)	0.04(60)	|	6261	
3095	189	ok	|	0.04	1.00	1.00	0.04	0.02	0	|	rapi	0.04	0.04	0	|	60.0	0.04(60)	0.04(60)	|	6261	
3095	190	ok	|	0.04	1.00	1.00	0.04	0.02	0	|	rapi	0.04	0.04	0	|	60.0	0.04(60)	0.04(60)	|	6261	
3095	191	ok	|	0.04	1.00	1.00	0.04	0.02	0	|	rapi	0.04	0.04	0	|	60.0	0.04(60)	0.04(60)	|	6261	
3095	192	ok	|	0.05	1.00	1.00	0.05	0.02	0	|	rapi	0.05	0.05	0	|	60.0	0.05(60)	0.05(60)	|	6261	
3095	193	ok	|	0.04	1.00	1.00	0.04	0.02	0	|	rapi	0.04	0.04	0	|	60.0	0.04(60)	0.04(60)	|	6261	
3095	194	ok	|	0.04	1.00	1.00	0.04	0.02	0	|	rapi	0.04	0.04	0	|	60.0	0.04(60)	0.04(60)	|	6261	
3095	195	ok	|	0.05	1.00	1.00	0.05	0.03	0	|	rapi	0.05	0.05	0	|	60.0	0.05(60)	0.05(60)	|	6261	
3095	196	ok	|	0.04	1.00	1.00	0.04	0.02	0	|	rapi	0.04	0.04	0	|	60.0	0.04(60)	0.04(60)	|	6261	
3095	197	ok	|	0.04	1.00	1.00	0.04	0.02	0	|	rapi	0.04	0.04	0	|	60.0	0.04(60)	0.04(60)	|	6261	
3095	198	ok	|	0.04	1.00	1.00	0.04	0.02	0	|	rapi	0.04	0.04	0	|	60.0	0.04(60)	0.04(60)	|	6261	
3095	199	ok	|	0.05	1.00	1.00	0.05	0.02	0	|	rapi	0.05	0.05	0	|	60.0	0.05(60)	0.05(60)	|	6261	
3095	200	ok	|	0.05	1.00	1.00	0.05	0.02	0	|	rapi	0.05	0.05	0	|	60.0	0.05(60)	0.05(60)	|	6261	
3095	201	ok	|	0.05	1.00	1.00	0.05	0.03	0	|	rapi	0.05	0.05	0	|	60.0	0.05(60)	0.05(60)	|	6261	
3095	202	ok	|	0.05	1.00	1.00	0.06	0.03	0	|	rapi	0.05	0.06	0	|	60.0	0.06(60)	0.06(60)	|	6261	
3095	203	ok	|	0.06	1.00	1.00	0.06	0.03	0	|	rapi	0.06	0.06	0	|	60.0	0.06(60)	0.06(60)	|	6261	
3095	204	ok	|	0.06	1.00	1.00	0.06	0.03	0	|	rapi	0.06	0.06	0	|	60.0	0.06(60)	0.06(60)	|	6261	
3095	205	ok	|	0.05	1.00	1.00	0.05	0.02	0	|	rapi	0.05	0.05	0	|	60.0	0.05(60)	0.05(60)	|	6261	
3095	206	ok	|	0.05	1.00	1.00	0.05	0.03	0	|	rapi	0.05	0.05	0	|	60.0	0.05(60)	0.05(60)	|	6261	
3095	207	ok	|	0.04	1.00	1.00	0.04	0.02	0	|	rapi	0.04	0.04	0	|	60.0	0.04(60)	0.04(60)	|	6261	
3095	208	ok	|	0.04	1.00	1.00	0.04	0.02	0	|	rapi	0.04	0.04	0	|	60.0	0.04(60)	0.04(60)	|	6261	
3095	209	ok	|	0.04	1.00	1.00	0.04	0.02	0	|	rapi	0.04	0.04	0	|	60.0	0.04(60)	0.04(60)	|	6261	
3095	210	ok	|	0.03	1.00	1.00	0.03	0.02	0	|	rapi	0.03	0.03	0	|	60.0	0.03(60)	0.03(60)	|	6261	
3095	211	ok	|	0.04	1.00	1.00	0.04	0.02	0	|	rapi	0.04	0.04	0	|	60.0	0.04(60)	0.04(60)	|	6261	
3095	212	ok	|	0.04	1.00	1.00	0.04	0.02	0	|	rapi	0.04	0.04	0	|	60.0	0.04(60)	0.04(60)	|	6261	
3095	213	ok	|	0.05	1.00	1.00	0.05	0.03	0	|	rapi	0.05	0.05	0	|	60.0	0.05(60)	0.05(60)	|	6261	
3095	214	ok	|	0.05	1.00	1.00	0.05	0.02	0	|	rapi	0.05	0.05	0	|	60.0	0.05(60)	0.05(60)	|	6261	
3095	215	ok	|	0.04	1.00	1.00	0.04	0.02	0	|	rapi	0.04	0.04	0	|	60.0	0.04(60)	0.04(60)	|	6261	
3095	216	ok	|	0.04	1.00	1.00	0.05	0.02	0	|	rapi	0.04	0.05	0	|	60.0	0.05(60)	0.05(60)	|	6261	
3095	217	ok	|	0.04	1.00	1.00	0.04	0.02	0	|	rapi	0.04	0.04	0	|	60.0	0.04(60)	0.04(60)	|	6261	
3095	218	ok	|	0.04	1.00	1.00	0.04	0.02	0	|	rapi	0.04	0.04	0	|	60.0	0.04(60)	0.04(60)	|	6261	
3095	219	ok	|	0.04	1.00	1.00	0.04	0.02	0	|	rapi	0.04	0.04	0	|	60.0	0.04(60)	0.04(60)	|	6261	
3095	220	ok	|	0.04	1.00	1.00	0.04	0.02	0	|	rapi	0.04	0.04	0	|	60.0	0.04(60)	0.04(60)	|	6261	
3095	221	ok	|	0.04	1.00	1.00	0.04	0.02	0	|	rapi	0.04	0.04	0	|	60.0	0.04(60)	0.04(60)	|	6261	
3095	222	ok	|	0.04	1.00	1.00	0.04	0.02	0	|	rapi	0.04	0.04	0	|	60.0	0.04(60)	0.04(60)	|	6261	
3095	223	ok	|	0.03	1.00	1.00	0.03	0.02	0	|	rapi	0.03	0.03	0	|	60.0	0.03(60)	0.03(60)	|	6261	
3095	224	ok	|	0.03	1.00	1.00	0.03	0.02	0	|	rapi	0.03	0.03	0	|	60.0	0.03(60)	0.03(60)	|	6261	
3095	225	ok	|	0.03	1.00	1.00	0.03	0.01	0	|	rapi	0.03	0.03	0	|	60.0	0.03(60)	0.03(60)	|	6261	
3095	226	ok	|	0.03	1.00	1.00	0.03	0.01	0	|	rapi	0.03	0.03	0	|	60.0	0.03(60)	0.03(60)	|	6261	
3095	227	ok	|	0.02	1.00	1.00	0.02	0.01	0	|	rapi	0.02	0.02	0	|	60.0	0.02(60)	0.02(60)	|	6261	
3095	228	ok	|	0.01	1.00	1.00	0.01	0.01	0	|	rapi	0.01	0.01	0	|	60.0	0.01(60)	0.01(60)	|	6261	
3095	229	ok	|	0.02	1.00	1.00	0.02	0.01	0	|	rapi	0.02	0.02	0	|	60.0	0.02(60)	0.02(60)	|	6261	
3095	230	ok	|	0.02	1.00	1.00	0.02	0.01	0	|	rapi	0.02	0.02	0	|	60.0	0.02(60)	0.02(60)	|	6261	
3095	231	ok	|	0.02	1.00	1.00	0.02	0.01	0	|	rapi	0.02	0.02	0	|	60.0	0.02(60)	0.02(60)	|	6261	
3095	232	ok	|	0.02	1.00	1.00	0.02	0.01	0	|	rapi	0.02	0.02	0	|	60.0	0.02(60)	0.02(60)	|	6261	
3095	233	ok	|	0.01	1.00	1.00	0.01	0.01	0	|	rapi	0.01	0.01	0	|	60.0	0.01(60)	0.01(60)	|	6261	
3095	234	ok	|	0.01	1.00	1.00	0.01	0.01	0	|	rapi	0.01	0.01	0	|	60.0	0.01(60)	0.01(60)	|	6261	
3095	235	ok	|	0.01	1.00	1.00	0.01	0.01	0	|	rapi	0.01	0.01	0	|	60.0	0.01(60)	0.01(60)	|	6261	
3095	236	ok	|	0.01	1.00	1.00	0.01	0.00	0	|	rapi	0.01	0.01	0	|	60.0	0.01(60)	0.01(60)	|	6261	
3095	237	ok	|	0.00	1.00	1.00	0.00	0.00	0	|	rapi	0.00	0.00	0	|	60.0	0.00(60)	0.00(60)	|	6261	
3095	238	ok	|	0.00	1.00	1.00	0.00	0.00	0	|	rapi	0.00	0.00	0	|	60.0	0.00(60)	0.00(60)	|	6261	
3095	239	ok	|	0.00	1.00	1.00	0.00	0.00	0	|	rapi	0.00	0.00	0	|	60.0	0.00(60)	0.00(60)	|	6261	
3095	240	ok	|	0.00	1.00	1.00	0.00	0.00	0	|	rapi	0.00	0.00	0	|	60.0	0.00(60)	0.00(60)	|	6261	
3095	241	ok	|	0.00	1.00	1.00	0.00	0.00	0	|	rapi	0.00	0.00	0	|	60.0	0.00(60)	0.00(60)	|	6261	
3095	242	ok	|	0.01	1.00	1.00	0.01	0.00	0	|	rapi	0.01	0.01	0	|	60.0	0.01(60)	0.01(60)	|	6261	
3095	243	ok	|	0.01	1.00	1.00	0.01	0.00	0	|	rapi	0.01	0.01	0	|	60.0	0.01(60)	0.01(60)	|	6261	
3095	244	ok	|	0.01	1.00	1.00	0.01	0.00	0	|	rapi	0.01	0.01	0	|	60.0	0.01(60)	0.01(60)	|	6261	
3095	245	ok	|	0.01	1.00	1.00	0.01	0.00	0	|	rapi	0.01	0.01	0	|	60.0	0.01(60)	0.01(60)	|	6261	
3095	246	ok	|	0.01	1.00	1.00	0.01	0.01	0	|	rapi	0.01	0.01	0	|	60.0	0.01(60)	0.01(60)	|	6261	
3095	247	ok	|	0.01	1.00	1.00	0.01	0.00	0	|	rapi	0.01	0.01	0	|	60.0	0.01(60)	0.01(60)	|	6261	
3095	248	ok	|	0.01	1.00	1.00	0.01	0.01	0	|	rapi	0.01	0.01	0	|	60.0	0.01(60)	0.01(60)	|	6261	
3095	249	ok	|	0.01	1.00	1.00	0.01	0.00	0	|	rapi	0.01	0.01	0	|	60.0	0.01(60)	0.01(60)	|	6261	
3095	250	ok	|	0.01	1.00	1.00	0.01	0.01	0	|	rapi	0.01	0.01	0	|	60.0	0.01(60)	0.01(60)	|	6261	
3095	251	ok	|	0.01	1.00	1.00	0.01	0.01	0	|	rapi	0.01	0.01	0	|	60.0	0.01(60)	0.01(60)	|	6261	
3095	252	ok	|	0.01	1.00	1.00	0.01	0.01	0	|	rapi	0.01	0.01	0	|	60.0	0.01(60)	0.01(60)	|	6261	
3095	253	ok	|	0.01	1.00	1.00	0.01	0.01	0	|	rapi	0.01	0.01	0	|	60.0	0.01(60)	0.01(60)	|	6261	
3095	254	ok	|	0.01	1.00	1.00	0.01	0.01	0	|	rapi	0.01	0.01	0	|	60.0	0.01(60)	0.01(60)	|	6261	
3095	255	ok	|	0.01	1.00	1.00	0.01	0.00	0	|	rapi	0.01	0.01	0	|	60.0	0.01(60)	0.01(60)	|	6261	
3095	256	ok	|	0.01	1.00	1.00	0.01	0.00	0	|	rapi	0.01	0.01	0	|	60.0	0.01(60)	0.01(60)	|	6261	
3095	257	ok	|	0.01	1.00	1.00	0.01	0.00	0	|	rapi	0.01	0.01	0	|	60.0	0.01(60)	0.01(60)	|	6261	
3095	258	ok	|	0.01	1.00	1.00	0.01	0.00	0	|	rapi	0.01	0.01	0	|	60.0	0.01(60)	0.01(60)	|	6261	
3095	259	ok	|	0.01	1.00	1.00	0.01	0.00	0	|	rapi	0.01	0.01	0	|	60.0	0.01(60)	0.01(60)	|	6261	
3095	260	ok	|	0.01	1.00	1.00	0.01	0.01	0	|	rapi	0.01	0.01	0	|	60.0	0.01(60)	0.01(60)	|	6261	
3095	261	ok	|	0.01	1.00	1.00	0.01	0.00	0	|	rapi	0.01	0.01	0	|	60.0	0.01(60)	0.01(60)	|	6261	
3095	262	ok	|	0.00	1.00	1.00	0.00	0.00	0	|	rapi	0.00	0.00	0	|	60.0	0.00(60)	0.00(60)	|	6261	
3095	263	ok	|	0.01	1.00	1.00	0.01	0.00	0	|	rapi	0.01	0.01	0	|	60.0	0.01(60)	0.01(60)	|	6261	
3095	264	ok	|	0.00	1.00	1.00	0.00	0.00	0	|	rapi	0.00	0.00	0	|	60.0	0.00(60)	0.00(60)	|	6261	
3095	265	ok	|	0.00	1.00	1.00	0.00	0.00	0	|	rapi	0.00	0.00	0	|	60.0	0.00(60)	0.00(60)	|	6261	
3095	266	ok	|	0.01	1.00	1.00	0.01	0.00	0	|	rapi	0.01	0.01	0	|	60.0	0.01(60)	0.01(60)	|	6261	
3095	267	ok	|	0.00	1.00	1.00	0.00	0.00	0	|	rapi	0.00	0.00	0	|	60.0	0.00(60)	0.00(60)	|	6261	
3095	268	ok	|	0.00	1.00	1.00	0.00	0.00	0	|	rapi	0.00	0.00	0	|	60.0	0.00(60)	0.00(60)	|	6261	
3095	269	fail-0	|	0.00	1.00	1.00	0.00	NaN	0	|	rapi	0.00	0.00	0	|	NaN			|	6261	
