31	0	ok	|	0.09	1.00	1.00	0.10	0.00	0	|	rapi	0.00	0.00	0	|	-89.0	0.10(-89)		|	12	
31	1	ok	|	0.10	1.00	1.00	0.11	0.00	0	|	rapi	0.00	0.00	0	|	-89.0	0.11(-89)		|	12	
31	2	ok	|	0.10	1.00	1.00	0.12	0.00	0	|	rapi	0.00	0.00	0	|	-89.0	0.12(-89)		|	12	
31	3	ok	|	0.11	1.00	1.00	0.14	0.00	0	|	rapi	0.00	0.00	0	|	-89.0	0.14(-89)		|	12	
31	4	ok	|	0.13	1.00	1.00	0.18	0.00	0	|	rapi	0.00	0.00	0	|	-89.0	0.18(-89)		|	12	
31	5	ok	|	0.15	1.00	1.00	0.20	0.00	0	|	rapi	0.00	0.00	0	|	-89.0	0.20(-89)		|	12	
31	6	ok	|	0.17	1.00	1.00	0.23	0.00	0	|	rapi	0.00	0.00	0	|	-89.0	0.23(-89)		|	12	
31	7	ok	|	0.20	1.00	1.00	0.28	0.00	0	|	rapi	0.00	0.00	0	|	-89.0	0.28(-89)		|	12	
31	8	ok	|	0.22	1.00	1.00	0.32	0.00	0	|	rapi	0.00	0.00	0	|	-89.0	0.32(-89)		|	12	
31	9	ok	|	0.27	1.00	1.00	0.41	0.00	0	|	rapi	0.00	0.00	0	|	-89.0	0.41(-89)		|	12	
31	10	ok	|	0.32	1.00	1.00	0.49	0.00	0	|	rapi	0.00	0.00	0	|	-89.0	0.49(-89)		|	12	
31	11	ok	|	0.37	0.99	0.99	0.59	0.00	0	|	rapi	0.00	0.00	0	|	-89.0	0.59(-89)		|	12	
31	12	ok	|	0.39	0.99	0.99	0.69	0.00	0	|	rapi	0.00	0.00	0	|	-89.0	0.69(-89)		|	12	
31	13	ok	|	0.46	0.99	0.99	0.81	0.00	0	|	rapi	0.00	0.00	0	|	-89.0	0.81(-89)		|	12	
31	14	ok	|	0.50	0.99	0.99	0.95	0.00	0	|	rapi	0.00	0.00	0	|	-89.0	0.95(-89)		|	12	
31	15	ok	|	0.56	0.99	0.99	1.05	0.00	0	|	rapi	0.00	0.00	0	|	-89.0	1.05(-89)		|	12	
31	16	ok	|	0.62	0.99	0.99	1.24	0.00	0	|	rapi	0.00	0.00	0	|	-89.0	1.24(-89)		|	12	
31	17	ok	|	0.66	0.99	0.99	1.46	0.00	0	|	rapi	0.00	0.00	0	|	-89.0	1.46(-89)		|	12	
31	18	ok	|	0.71	0.98	0.98	1.70	0.00	0	|	rapi	0.00	0.00	0	|	-89.0	1.70(-89)		|	12	
31	19	ok	|	0.77	0.98	0.98	1.92	0.00	0	|	rapi	0.00	0.00	0	|	-89.0	1.92(-89)		|	12	
31	20	ok	|	0.84	0.98	0.98	2.32	0.00	0	|	rapi	0.00	0.00	0	|	-89.0	2.32(-89)	0.00(-89)	|	12	
31	21	ok	|	0.85	0.97	0.97	2.67	0.00	0	|	rapi	0.00	0.00	0	|	-89.0	2.67(-89)		|	12	
31	22	ok	|	0.91	0.97	0.97	3.29	0.00	0	|	rapi	0.00	0.00	0	|	-89.0	3.29(-89)		|	12	
31	23	ok	|	0.93	0.96	0.96	3.97	0.00	0	|	rapi	0.00	0.00	0	|	-89.0	3.97(-89)		|	12	
31	24	ok	|	0.96	0.95	0.95	4.67	0.00	0	|	rapi	0.00	0.00	0	|	-89.0	4.67(-89)	0.00(-89)	|	12	
31	25	ok	|	0.98	0.95	0.95	5.39	0.00	0	|	rapi	0.00	0.00	0	|	-89.0	5.39(-89)	0.00(-89)	|	12	
31	26	ok	|	0.99	0.94	0.94	6.22	0.00	0	|	rapi	0.00	0.00	0	|	-89.0	6.22(-89)	0.00(-89)	|	12	
31	27	ok	|	0.99	0.92	0.92	7.51	0.00	0	|	rapi	0.00	0.00	0	|	-89.0	7.51(-89)	0.00(-89)	|	12	
31	28	ok	|	1.00	0.91	0.91	8.72	0.00	0	|	rapi	0.00	0.00	0	|	-89.0	8.72(-89)		|	12	
31	29	ok	|	1.00	0.90	0.90	9.95	0.00	0	|	rapi	0.00	0.00	0	|	-89.0	9.95(-89)		|	12	
31	30	ok	|	1.00	0.89	0.89	11.42	0.00	0	|	rapi	0.00	0.00	0	|	-89.0	11.42(-89)		|	12	
31	31	ok	|	1.00	0.87	0.87	13.47	0.00	0	|	rapi	0.00	0.00	0	|	-89.0	13.47(-89)		|	12	
31	32	ok	|	1.00	0.84	0.84	16.02	0.00	0	|	rapi	0.00	0.00	0	|	-89.0	16.02(-89)		|	12	
31	33	ok	|	1.00	0.81	0.81	18.60	0.00	0	|	rapi	0.00	0.00	0	|	-89.0	18.60(-89)		|	12	
31	34	ok	|	1.00	0.78	0.78	21.75	0.00	0	|	rapi	0.00	0.00	0	|	-89.0	21.75(-89)		|	12	
31	35	ok	|	1.00	0.75	0.75	25.49	0.00	0	|	rapi	0.00	0.00	0	|	-89.0	25.49(-89)		|	12	
31	36	ok	|	1.00	0.70	0.70	30.23	0.00	0	|	rapi	0.00	0.00	0	|	-89.0	30.23(-89)		|	12	
31	37	ok	|	1.00	0.65	0.65	35.31	0.00	0	|	rapi	0.00	0.00	0	|	-89.0	35.31(-89)		|	12	
31	38	ok	|	1.00	0.59	0.59	41.48	0.00	0	|	rapi	0.00	0.00	0	|	-89.0	41.48(-89)		|	12	
31	39	ok	|	1.00	0.51	0.51	48.63	0.00	0	|	rapi	0.00	0.00	0	|	-89.0	48.63(-89)		|	12	
31	40	ok	|	1.00	0.43	0.43	56.66	0.00	0	|	rapi	0.00	0.00	0	|	-89.0	56.66(-89)	0.00(-89)	|	12	
31	41	ok	|	1.00	0.34	0.34	65.91	0.00	0	|	rapi	0.00	0.00	0	|	-89.0	65.91(-89)	0.00(-89)	|	12	
31	42	ok	|	1.00	0.25	0.25	75.52	0.00	0	|	rapi	0.00	0.00	0	|	-89.0	75.52(-89)	0.00(-89)	|	12	
31	43	ok	|	1.00	0.15	0.15	85.08	0.00	0	|	rapi	0.00	0.00	0	|	-89.0	85.08(-89)	0.00(-89)	|	12	
31	44	fail-w	|	1.00	0.08	0.08	93.39	0.00	0	|	rapi	0.01	0.01	0	|	-89.0	93.39(-89)	0.01(-89)	|	12	
