3207	0	ok	|	0.10	1.00	1.00	0.10	0.00	0	|	rapi	0.00	0.00	0	|	-83.0	0.10(-83)		|	16	
3207	1	ok	|	0.08	1.00	1.00	0.09	0.00	0	|	rapi	0.00	0.00	0	|	-83.0	0.09(-83)		|	16	
3207	2	ok	|	0.09	1.00	1.00	0.11	0.00	0	|	rapi	0.00	0.00	0	|	-83.0	0.11(-83)		|	16	
3207	3	ok	|	0.11	1.00	1.00	0.15	0.00	0	|	rapi	0.00	0.00	0	|	-83.0	0.15(-83)		|	16	
3207	4	ok	|	0.15	1.00	1.00	0.20	0.00	0	|	rapi	0.00	0.00	0	|	-83.0	0.20(-83)	0.00(-83)	|	16	
3207	5	ok	|	0.17	1.00	1.00	0.22	0.00	0	|	rapi	0.00	0.00	0	|	-83.0	0.22(-83)	0.00(-83)	|	16	
3207	6	ok	|	0.19	1.00	1.00	0.26	0.00	0	|	rapi	0.00	0.00	0	|	-83.0	0.26(-83)		|	16	
3207	7	ok	|	0.21	1.00	1.00	0.28	0.00	0	|	rapi	0.00	0.00	0	|	-83.0	0.28(-83)		|	16	
3207	8	ok	|	0.22	1.00	1.00	0.30	0.00	0	|	rapi	0.00	0.00	0	|	-83.0	0.30(-83)		|	16	
3207	9	ok	|	0.25	1.00	1.00	0.38	0.00	0	|	rapi	0.00	0.00	0	|	-83.0	0.38(-83)		|	16	
3207	10	ok	|	0.29	1.00	1.00	0.43	0.00	0	|	rapi	0.00	0.00	0	|	-83.0	0.43(-83)		|	16	
3207	11	ok	|	0.33	1.00	1.00	0.49	0.00	0	|	rapi	0.00	0.00	0	|	-83.0	0.49(-83)		|	16	
3207	12	ok	|	0.36	0.99	0.99	0.57	0.00	0	|	rapi	0.00	0.00	0	|	-83.0	0.57(-83)		|	16	
3207	13	ok	|	0.40	0.99	0.99	0.65	0.00	0	|	rapi	0.00	0.00	0	|	-83.0	0.65(-83)		|	16	
3207	14	ok	|	0.46	0.99	0.99	0.81	0.00	0	|	rapi	0.00	0.00	0	|	-83.0	0.81(-83)		|	16	
3207	15	ok	|	0.52	0.99	0.99	0.96	0.00	0	|	rapi	0.00	0.00	0	|	-83.0	0.96(-83)		|	16	
3207	16	ok	|	0.58	0.99	0.99	1.16	0.00	0	|	rapi	0.00	0.00	0	|	-83.0	1.16(-83)		|	16	
3207	17	ok	|	0.65	0.99	0.99	1.32	0.00	0	|	rapi	0.00	0.00	0	|	-83.0	1.32(-83)		|	16	
3207	18	ok	|	0.71	0.98	0.98	1.55	0.00	0	|	rapi	0.00	0.00	0	|	-83.0	1.55(-83)		|	16	
3207	19	ok	|	0.78	0.98	0.98	1.87	0.00	0	|	rapi	0.00	0.00	0	|	-83.0	1.87(-83)		|	16	
3207	20	ok	|	0.82	0.98	0.98	2.10	0.00	0	|	rapi	0.00	0.00	0	|	-83.0	2.10(-83)		|	16	
3207	21	ok	|	0.88	0.97	0.97	2.52	0.00	0	|	rapi	0.00	0.00	0	|	-83.0	2.52(-83)		|	16	
3207	22	ok	|	0.91	0.97	0.97	2.89	0.00	0	|	rapi	0.00	0.00	0	|	-83.0	2.89(-83)		|	16	
3207	23	ok	|	0.93	0.97	0.97	3.37	0.00	0	|	rapi	0.00	0.00	0	|	-83.0	3.37(-83)		|	16	
3207	24	ok	|	0.95	0.96	0.96	3.96	0.00	0	|	rapi	0.00	0.00	0	|	-83.0	3.96(-83)		|	16	
3207	25	ok	|	0.97	0.95	0.95	4.67	0.00	0	|	rapi	0.00	0.00	0	|	-83.0	4.67(-83)		|	16	
3207	26	ok	|	0.98	0.95	0.95	5.24	0.00	0	|	rapi	0.00	0.00	0	|	-83.0	5.24(-83)		|	16	
3207	27	ok	|	0.99	0.94	0.94	6.20	0.00	0	|	rapi	0.00	0.00	0	|	-83.0	6.20(-83)		|	16	
3207	28	ok	|	1.00	0.93	0.93	7.32	0.00	0	|	rapi	0.00	0.00	0	|	-83.0	7.32(-83)	0.00(-83)	|	16	
3207	29	ok	|	1.00	0.91	0.91	8.54	0.00	0	|	rapi	0.00	0.00	0	|	-83.0	8.54(-83)	0.00(-83)	|	16	
3207	30	ok	|	1.00	0.90	0.90	9.94	0.00	0	|	rapi	0.00	0.00	0	|	-83.0	9.94(-83)	0.00(-83)	|	16	
3207	31	ok	|	1.00	0.88	0.88	11.94	0.00	0	|	rapi	0.00	0.00	0	|	-83.0	11.94(-83)	0.00(-83)	|	16	
3207	32	ok	|	1.00	0.86	0.86	13.91	0.00	0	|	rapi	0.01	0.01	0	|	-83.0	13.91(-83)	0.01(-83)	|	16	
3207	33	ok	|	1.00	0.84	0.84	16.28	0.00	0	|	rapi	0.00	0.00	0	|	-83.0	16.28(-83)	0.00(-83)	|	16	
3207	34	ok	|	1.00	0.81	0.81	19.05	0.00	0	|	rapi	0.01	0.01	0	|	-83.0	19.05(-83)	0.01(-83)	|	16	
3207	35	ok	|	1.00	0.78	0.78	22.29	0.00	0	|	rapi	0.01	0.01	0	|	-83.0	22.29(-83)	0.01(-83)	|	16	
3207	36	ok	|	1.00	0.74	0.74	25.99	0.00	0	|	rapi	0.01	0.01	0	|	-83.0	25.99(-83)	0.01(-83)	|	16	
3207	37	ok	|	1.00	0.69	0.69	30.84	0.00	0	|	rapi	0.01	0.01	0	|	-83.0	30.84(-83)	0.01(-83)	|	16	
3207	38	ok	|	1.00	0.64	0.64	36.47	0.00	0	|	rapi	0.01	0.01	0	|	-83.0	36.47(-83)	0.01(-83)	|	16	
3207	39	ok	|	1.00	0.57	0.57	42.62	0.00	0	|	rapi	0.01	0.02	0	|	-83.0	42.62(-83)	0.02(-83)	|	16	
3207	40	ok	|	1.00	0.50	0.50	49.63	0.00	0	|	rapi	0.02	0.02	0	|	-83.0	49.63(-83)	0.02(-83)	|	16	
3207	41	ok	|	1.00	0.43	0.43	57.50	0.00	0	|	rapi	0.01	0.01	0	|	-83.0	57.50(-83)	0.01(-83)	|	16	
3207	42	ok	|	1.00	0.34	0.34	66.38	0.00	0	|	rapi	0.02	0.02	0	|	-83.0	66.38(-83)	0.02(-83)	|	16	
3207	43	ok	|	1.00	0.24	0.24	75.75	0.00	0	|	rapi	0.02	0.02	0	|	-83.0	75.75(-83)	0.02(-83)	|	16	
3207	44	ok	|	1.00	0.16	0.16	84.77	0.00	0	|	rapi	0.03	0.03	0	|	-83.0	84.77(-83)	0.03(-83)	|	16	
3207	45	fail-w	|	1.00	0.09	0.09	92.94	0.00	0	|	rapi	0.06	0.06	0	|	-83.0	92.94(-83)	0.06(-83)	|	16	
