3256	0	ok	|	0.10	1.00	1.00	0.10	0.00	0	|	rapi	0.00	0.00	0	|	-79.0	0.10(-79)		|	5	
3256	1	ok	|	0.09	1.00	1.00	0.10	0.00	0	|	rapi	0.00	0.00	0	|	-79.0	0.10(-79)		|	5	
3256	2	ok	|	0.10	1.00	1.00	0.13	0.00	0	|	rapi	0.00	0.00	0	|	-79.0	0.13(-79)		|	5	
3256	3	ok	|	0.13	1.00	1.00	0.16	0.00	0	|	rapi	0.00	0.00	0	|	-79.0	0.16(-79)		|	5	
3256	4	ok	|	0.15	1.00	1.00	0.20	0.00	0	|	rapi	0.00	0.00	0	|	-79.0	0.20(-79)		|	5	
3256	5	ok	|	0.17	1.00	1.00	0.24	0.00	0	|	rapi	0.00	0.00	0	|	-79.0	0.24(-79)		|	5	
3256	6	ok	|	0.20	1.00	1.00	0.29	0.00	0	|	rapi	0.00	0.00	0	|	-79.0	0.29(-79)		|	5	
3256	7	ok	|	0.22	1.00	1.00	0.34	0.00	0	|	rapi	0.00	0.00	0	|	-79.0	0.34(-79)		|	5	
3256	8	ok	|	0.28	1.00	1.00	0.45	0.00	0	|	rapi	0.00	0.00	0	|	-79.0	0.45(-79)		|	5	
3256	9	ok	|	0.32	0.99	0.99	0.51	0.00	0	|	rapi	0.00	0.00	0	|	-79.0	0.51(-79)		|	5	
3256	10	ok	|	0.37	0.99	0.99	0.60	0.00	0	|	rapi	0.00	0.00	0	|	-79.0	0.60(-79)		|	5	
3256	11	ok	|	0.43	0.99	0.99	0.73	0.00	0	|	rapi	0.00	0.00	0	|	-79.0	0.73(-79)		|	5	
3256	12	ok	|	0.49	0.99	0.99	0.92	0.00	0	|	rapi	0.00	0.00	0	|	-79.0	0.92(-79)		|	5	
3256	13	ok	|	0.56	0.99	0.99	1.05	0.00	0	|	rapi	0.00	0.00	0	|	-79.0	1.05(-79)		|	5	
3256	14	ok	|	0.61	0.99	0.99	1.21	0.00	0	|	rapi	0.00	0.00	0	|	-79.0	1.21(-79)		|	5	
3256	15	ok	|	0.69	0.99	0.99	1.49	0.00	0	|	rapi	0.00	0.00	0	|	-79.0	1.49(-79)		|	5	
3256	16	ok	|	0.73	0.98	0.98	1.78	0.00	0	|	rapi	0.00	0.00	0	|	-79.0	1.78(-79)		|	5	
3256	17	ok	|	0.79	0.98	0.98	1.94	0.00	0	|	rapi	0.00	0.00	0	|	-79.0	1.94(-79)		|	5	
3256	18	ok	|	0.82	0.98	0.98	2.29	0.00	0	|	rapi	0.00	0.00	0	|	-79.0	2.29(-79)		|	5	
3256	19	ok	|	0.88	0.97	0.97	2.76	0.00	0	|	rapi	0.00	0.00	0	|	-79.0	2.76(-79)		|	5	
3256	20	ok	|	0.93	0.97	0.97	3.31	0.00	0	|	rapi	0.00	0.00	0	|	-79.0	3.31(-79)		|	5	
3256	21	ok	|	0.94	0.96	0.96	3.89	0.00	0	|	rapi	0.00	0.00	0	|	-79.0	3.89(-79)		|	5	
3256	22	ok	|	0.98	0.95	0.95	4.66	0.00	0	|	rapi	0.00	0.00	0	|	-79.0	4.66(-79)		|	5	
3256	23	ok	|	0.98	0.95	0.95	5.49	0.00	0	|	rapi	0.00	0.00	0	|	-79.0	5.49(-79)		|	5	
3256	24	ok	|	0.98	0.94	0.94	6.43	0.00	0	|	rapi	0.00	0.00	0	|	-79.0	6.43(-79)		|	5	
3256	25	ok	|	1.00	0.92	0.92	7.71	0.00	0	|	rapi	0.00	0.00	0	|	-79.0	7.71(-79)		|	5	
3256	26	ok	|	1.00	0.91	0.91	9.05	0.00	0	|	rapi	0.00	0.00	0	|	-79.0	9.05(-79)		|	5	
3256	27	ok	|	1.00	0.89	0.89	10.71	0.00	0	|	rapi	0.00	0.00	0	|	-79.0	10.71(-79)		|	5	
3256	28	ok	|	1.00	0.87	0.87	12.57	0.00	0	|	rapi	0.00	0.00	0	|	-79.0	12.57(-79)		|	5	
3256	29	ok	|	1.00	0.85	0.85	14.95	0.00	0	|	rapi	0.00	0.00	0	|	-79.0	14.95(-79)		|	5	
3256	30	ok	|	1.00	0.82	0.82	17.91	0.00	0	|	rapi	0.00	0.00	0	|	-79.0	17.91(-79)		|	5	
3256	31	ok	|	1.00	0.79	0.79	21.45	0.00	0	|	rapi	0.00	0.00	0	|	-79.0	21.45(-79)		|	5	
3256	32	ok	|	1.00	0.75	0.75	25.11	0.00	0	|	rapi	0.00	0.00	0	|	-79.0	25.11(-79)	0.00(-79)	|	5	
3256	33	ok	|	1.00	0.70	0.70	29.72	0.00	0	|	rapi	0.00	0.00	0	|	-79.0	29.72(-79)	0.00(-79)	|	5	
3256	34	ok	|	1.00	0.65	0.65	35.01	0.00	0	|	rapi	0.00	0.00	0	|	-79.0	35.01(-79)		|	5	
3256	35	ok	|	1.00	0.59	0.59	40.84	0.00	0	|	rapi	0.00	0.00	0	|	-79.0	40.84(-79)		|	5	
3256	36	ok	|	1.00	0.53	0.53	47.44	0.00	0	|	rapi	0.00	0.00	0	|	-79.0	47.44(-79)		|	5	
3256	37	ok	|	1.00	0.45	0.45	55.11	0.00	0	|	rapi	0.00	0.00	0	|	-79.0	55.11(-79)		|	5	
3256	38	ok	|	1.00	0.36	0.36	63.86	0.00	0	|	rapi	0.00	0.00	0	|	-79.0	63.86(-79)		|	5	
3256	39	ok	|	1.00	0.27	0.27	73.27	0.00	0	|	rapi	0.00	0.00	0	|	-79.0	73.27(-79)	0.00(-79)	|	5	
3256	40	ok	|	1.00	0.17	0.17	83.01	0.00	0	|	rapi	0.00	0.00	0	|	-79.0	83.01(-79)		|	5	
3256	41	fail-w	|	1.00	0.10	0.10	91.44	0.00	0	|	rapi	0.00	0.00	0	|	-79.0	91.44(-79)	0.00(-79)	|	5	
