3303	0	ok	|	0.10	1.00	1.00	0.10	0.00	0	|	rapi	0.00	0.00	0	|	28.0	0.10(28)		|	1	
3303	1	ok	|	0.10	1.00	1.00	0.12	0.00	0	|	rapi	0.00	0.00	0	|	28.0	0.12(28)		|	1	
3303	2	ok	|	0.13	1.00	1.00	0.16	0.00	0	|	rapi	0.00	0.00	0	|	28.0	0.16(28)		|	1	
3303	3	ok	|	0.16	1.00	1.00	0.20	0.00	0	|	rapi	0.00	0.00	0	|	28.0	0.20(28)		|	1	
3303	4	ok	|	0.18	1.00	1.00	0.25	0.00	0	|	rapi	0.00	0.00	0	|	28.0	0.25(28)		|	1	
3303	5	ok	|	0.21	1.00	1.00	0.32	0.00	0	|	rapi	0.00	0.00	0	|	28.0	0.32(28)		|	1	
3303	6	ok	|	0.22	1.00	1.00	0.33	0.00	0	|	rapi	0.00	0.00	0	|	28.0	0.33(28)		|	1	
3303	7	ok	|	0.25	1.00	1.00	0.37	0.00	0	|	rapi	0.00	0.00	0	|	28.0	0.37(28)		|	1	
3303	8	ok	|	0.28	1.00	1.00	0.43	0.00	0	|	rapi	0.00	0.00	0	|	28.0	0.43(28)		|	1	
3303	9	ok	|	0.34	0.99	0.99	0.51	0.00	0	|	rapi	0.00	0.00	0	|	28.0	0.51(28)		|	1	
3303	10	ok	|	0.36	0.99	0.99	0.60	0.00	0	|	rapi	0.00	0.00	0	|	28.0	0.60(28)		|	1	
3303	11	ok	|	0.39	0.99	0.99	0.64	0.00	0	|	rapi	0.00	0.00	0	|	28.0	0.64(28)		|	1	
3303	12	ok	|	0.41	0.99	0.99	0.76	0.00	0	|	rapi	0.00	0.00	0	|	28.0	0.76(28)		|	1	
3303	13	ok	|	0.45	0.99	0.99	0.84	0.00	0	|	rapi	0.00	0.00	0	|	28.0	0.84(28)		|	1	
3303	14	ok	|	0.54	0.99	0.99	1.03	0.00	0	|	rapi	0.00	0.00	0	|	28.0	1.03(28)		|	1	
3303	15	ok	|	0.59	0.99	0.99	1.21	0.00	0	|	rapi	0.00	0.00	0	|	28.0	1.21(28)		|	1	
3303	16	ok	|	0.66	0.99	0.99	1.41	0.00	0	|	rapi	0.00	0.00	0	|	28.0	1.41(28)		|	1	
3303	17	ok	|	0.70	0.98	0.98	1.57	0.00	0	|	rapi	0.00	0.00	0	|	28.0	1.57(28)		|	1	
3303	18	ok	|	0.77	0.98	0.98	1.77	0.00	0	|	rapi	0.00	0.00	0	|	28.0	1.77(28)		|	1	
3303	19	ok	|	0.83	0.98	0.98	2.15	0.00	0	|	rapi	0.00	0.00	0	|	28.0	2.15(28)		|	1	
3303	20	ok	|	0.88	0.97	0.97	2.51	0.00	0	|	rapi	0.00	0.00	0	|	28.0	2.51(28)		|	1	
3303	21	ok	|	0.91	0.97	0.97	2.89	0.00	0	|	rapi	0.00	0.00	0	|	28.0	2.89(28)		|	1	
3303	22	ok	|	0.94	0.97	0.97	3.39	0.00	0	|	rapi	0.00	0.00	0	|	28.0	3.39(28)		|	1	
3303	23	ok	|	0.96	0.96	0.96	4.07	0.00	0	|	rapi	0.00	0.00	0	|	28.0	4.07(28)	0.00(28)	|	1	
3303	24	ok	|	0.97	0.95	0.95	4.79	0.00	0	|	rapi	0.00	0.00	0	|	28.0	4.79(28)		|	1	
3303	25	ok	|	0.99	0.94	0.94	5.66	0.00	0	|	rapi	0.00	0.00	0	|	28.0	5.66(28)		|	1	
3303	26	ok	|	0.99	0.93	0.93	6.73	0.00	0	|	rapi	0.00	0.00	0	|	28.0	6.73(28)		|	1	
3303	27	ok	|	1.00	0.92	0.92	8.13	0.00	0	|	rapi	0.00	0.00	0	|	28.0	8.13(28)		|	1	
3303	28	ok	|	1.00	0.91	0.91	9.49	0.00	0	|	rapi	0.00	0.00	0	|	28.0	9.49(28)		|	1	
3303	29	ok	|	1.00	0.89	0.89	11.25	0.00	0	|	rapi	0.00	0.00	0	|	28.0	11.25(28)		|	1	
3303	30	ok	|	1.00	0.87	0.87	13.15	0.00	0	|	rapi	0.00	0.00	0	|	28.0	13.15(28)		|	1	
3303	31	ok	|	1.00	0.85	0.85	15.46	0.00	0	|	rapi	0.00	0.00	0	|	28.0	15.46(28)	0.00(28)	|	1	
3303	32	ok	|	1.00	0.82	0.82	18.18	0.00	0	|	rapi	0.00	0.00	0	|	28.0	18.18(28)		|	1	
3303	33	ok	|	1.00	0.78	0.78	21.56	0.00	0	|	rapi	0.00	0.00	0	|	28.0	21.56(28)	0.00(28)	|	1	
3303	34	ok	|	1.00	0.75	0.75	25.23	0.00	0	|	rapi	0.00	0.00	0	|	28.0	25.23(28)	0.00(28)	|	1	
3303	35	ok	|	1.00	0.70	0.70	29.76	0.00	0	|	rapi	0.00	0.00	0	|	28.0	29.76(28)		|	1	
3303	36	ok	|	1.00	0.65	0.65	35.01	0.00	0	|	rapi	0.00	0.00	0	|	28.0	35.01(28)	0.00(28)	|	1	
3303	37	ok	|	1.00	0.59	0.59	40.74	0.00	0	|	rapi	0.00	0.00	0	|	28.0	40.74(28)	0.00(28)	|	1	
3303	38	ok	|	1.00	0.53	0.53	47.42	0.00	0	|	rapi	0.01	0.01	0	|	28.0	47.42(28)	0.01(28)	|	1	
3303	39	ok	|	1.00	0.45	0.45	55.44	0.00	0	|	rapi	0.01	0.01	0	|	28.0	55.44(28)	0.01(28)	|	1	
3303	40	ok	|	1.00	0.36	0.36	63.77	0.00	0	|	rapi	0.02	0.02	0	|	28.0	63.77(28)	0.02(28)	|	1	
3303	41	ok	|	1.00	0.27	0.27	73.17	0.00	0	|	rapi	0.03	0.03	0	|	28.0	73.17(28)	0.03(28)	|	1	
3303	42	ok	|	1.00	0.18	0.18	81.93	0.00	0	|	rapi	0.05	0.05	0	|	28.0	81.93(28)	0.05(28)	|	1	
3303	43	ok	|	1.00	0.11	0.11	90.15	0.00	0	|	rapi	0.08	0.09	0	|	28.0	90.15(28)	0.09(28)	|	1	
3303	44	fail-w	|	1.00	0.08	0.08	94.69	0.00	0	|	rapi	0.18	0.19	0	|	28.0	94.69(28)	0.19(28)	|	1	
