3641	0	ok	|	0.09	1.00	1.00	0.10	0.00	0	|	rapi	0.00	0.00	0	|	-83.0	0.10(-83)		|	5	
3641	1	ok	|	0.10	1.00	1.00	0.13	0.00	0	|	rapi	0.00	0.00	0	|	-83.0	0.13(-83)		|	5	
3641	2	ok	|	0.11	1.00	1.00	0.15	0.00	0	|	rapi	0.00	0.00	0	|	-83.0	0.15(-83)		|	5	
3641	3	ok	|	0.12	1.00	1.00	0.15	0.00	0	|	rapi	0.00	0.00	0	|	-83.0	0.15(-83)		|	5	
3641	4	ok	|	0.12	1.00	1.00	0.16	0.00	0	|	rapi	0.00	0.00	0	|	-83.0	0.16(-83)		|	5	
3641	5	ok	|	0.13	1.00	1.00	0.17	0.00	0	|	rapi	0.00	0.00	0	|	-83.0	0.17(-83)		|	5	
3641	6	ok	|	0.16	1.00	1.00	0.20	0.00	0	|	rapi	0.00	0.00	0	|	-83.0	0.20(-83)		|	5	
3641	7	ok	|	0.15	1.00	1.00	0.21	0.00	0	|	rapi	0.00	0.00	0	|	-83.0	0.21(-83)		|	5	
3641	8	ok	|	0.15	1.00	1.00	0.21	0.00	0	|	rapi	0.00	0.00	0	|	-83.0	0.21(-83)		|	5	
3641	9	ok	|	0.17	1.00	1.00	0.24	0.00	0	|	rapi	0.00	0.00	0	|	-83.0	0.24(-83)		|	5	
3641	10	ok	|	0.20	1.00	1.00	0.30	0.00	0	|	rapi	0.00	0.00	0	|	-83.0	0.30(-83)		|	5	
3641	11	ok	|	0.23	1.00	1.00	0.30	0.00	0	|	rapi	0.00	0.00	0	|	-83.0	0.30(-83)		|	5	
3641	12	ok	|	0.26	1.00	1.00	0.35	0.00	0	|	rapi	0.00	0.00	0	|	-83.0	0.35(-83)		|	5	
3641	13	ok	|	0.28	1.00	1.00	0.42	0.00	0	|	rapi	0.00	0.00	0	|	-83.0	0.42(-83)		|	5	
3641	14	ok	|	0.31	0.99	0.99	0.51	0.00	0	|	rapi	0.00	0.00	0	|	-83.0	0.51(-83)		|	5	
3641	15	ok	|	0.37	0.99	0.99	0.60	0.00	0	|	rapi	0.00	0.00	0	|	-83.0	0.60(-83)		|	5	
3641	16	ok	|	0.40	0.99	0.99	0.69	0.00	0	|	rapi	0.00	0.00	0	|	-83.0	0.69(-83)		|	5	
3641	17	ok	|	0.45	0.99	0.99	0.82	0.00	0	|	rapi	0.00	0.00	0	|	-83.0	0.82(-83)		|	5	
3641	18	ok	|	0.53	0.99	0.99	0.97	0.00	0	|	rapi	0.00	0.00	0	|	-83.0	0.97(-83)		|	5	
3641	19	ok	|	0.57	0.99	0.99	1.09	0.00	0	|	rapi	0.00	0.00	0	|	-83.0	1.09(-83)		|	5	
3641	20	ok	|	0.63	0.99	0.99	1.27	0.00	0	|	rapi	0.00	0.00	0	|	-83.0	1.27(-83)		|	5	
3641	21	ok	|	0.70	0.99	0.99	1.50	0.00	0	|	rapi	0.00	0.00	0	|	-83.0	1.50(-83)		|	5	
3641	22	ok	|	0.75	0.98	0.98	1.74	0.00	0	|	rapi	0.00	0.00	0	|	-83.0	1.74(-83)		|	5	
3641	23	ok	|	0.79	0.98	0.98	2.14	0.00	0	|	rapi	0.00	0.00	0	|	-83.0	2.14(-83)		|	5	
3641	24	ok	|	0.86	0.97	0.97	2.59	0.00	0	|	rapi	0.00	0.00	0	|	-83.0	2.59(-83)		|	5	
3641	25	ok	|	0.91	0.97	0.97	3.16	0.00	0	|	rapi	0.00	0.00	0	|	-83.0	3.16(-83)		|	5	
3641	26	ok	|	0.94	0.96	0.96	3.83	0.00	0	|	rapi	0.00	0.00	0	|	-83.0	3.83(-83)		|	5	
3641	27	ok	|	0.95	0.95	0.95	4.53	0.00	0	|	rapi	0.00	0.00	0	|	-83.0	4.53(-83)		|	5	
3641	28	ok	|	0.97	0.95	0.95	5.36	0.00	0	|	rapi	0.00	0.00	0	|	-83.0	5.36(-83)		|	5	
3641	29	ok	|	0.99	0.94	0.94	6.28	0.00	0	|	rapi	0.00	0.00	0	|	-83.0	6.28(-83)		|	5	
3641	30	ok	|	1.00	0.93	0.93	7.33	0.00	0	|	rapi	0.00	0.00	0	|	-83.0	7.33(-83)		|	5	
3641	31	ok	|	1.00	0.91	0.91	8.79	0.00	0	|	rapi	0.00	0.00	0	|	-83.0	8.79(-83)		|	5	
3641	32	ok	|	1.00	0.90	0.90	10.28	0.00	0	|	rapi	0.00	0.00	0	|	-83.0	10.28(-83)		|	5	
3641	33	ok	|	1.00	0.88	0.88	12.26	0.00	0	|	rapi	0.00	0.00	0	|	-83.0	12.26(-83)		|	5	
3641	34	ok	|	1.00	0.85	0.85	14.53	0.00	0	|	rapi	0.00	0.00	0	|	-83.0	14.53(-83)		|	5	
3641	35	ok	|	1.00	0.83	0.83	17.36	0.00	0	|	rapi	0.00	0.00	0	|	-83.0	17.36(-83)	0.00(-83)	|	5	
3641	36	ok	|	1.00	0.80	0.80	20.31	0.00	0	|	rapi	0.00	0.00	0	|	-83.0	20.31(-83)	0.00(-83)	|	5	
3641	37	ok	|	1.00	0.76	0.76	23.91	0.00	0	|	rapi	0.00	0.00	0	|	-83.0	23.91(-83)	0.00(-83)	|	5	
3641	38	ok	|	1.00	0.72	0.72	28.05	0.00	0	|	rapi	0.00	0.00	0	|	-83.0	28.05(-83)	0.00(-83)	|	5	
3641	39	ok	|	1.00	0.67	0.67	33.13	0.00	0	|	rapi	0.00	0.00	0	|	-83.0	33.13(-83)	0.00(-83)	|	5	
3641	40	ok	|	1.00	0.61	0.61	38.50	0.00	0	|	rapi	0.00	0.00	0	|	-83.0	38.50(-83)		|	5	
3641	41	ok	|	1.00	0.56	0.56	44.48	0.00	0	|	rapi	0.00	0.00	0	|	-83.0	44.48(-83)		|	5	
3641	42	ok	|	1.00	0.48	0.48	51.98	0.00	0	|	rapi	0.00	0.00	0	|	-83.0	51.98(-83)		|	5	
3641	43	ok	|	1.00	0.39	0.39	60.62	0.00	0	|	rapi	0.00	0.00	0	|	-83.0	60.62(-83)		|	5	
3641	44	ok	|	1.00	0.30	0.30	69.96	0.00	0	|	rapi	0.00	0.00	0	|	-83.0	69.96(-83)	0.00(-83)	|	5	
3641	45	ok	|	1.00	0.20	0.20	79.68	0.00	0	|	rapi	0.00	0.00	0	|	-83.0	79.68(-83)	0.00(-83)	|	5	
3641	46	ok	|	1.00	0.12	0.12	89.28	0.00	0	|	rapi	0.00	0.00	0	|	-83.0	89.28(-83)		|	5	
3641	47	fail-w	|	1.00	0.06	0.06	97.45	0.00	0	|	rapi	0.00	0.00	0	|	-83.0	97.45(-83)	0.00(-83)	|	5	
