3648	0	ok	|	0.10	1.00	1.00	0.10	0.00	0	|	rapi	0.00	0.00	0	|	64.0	0.10(64)		|	1	
3648	1	ok	|	0.11	1.00	1.00	0.13	0.00	0	|	rapi	0.00	0.00	0	|	64.0	0.13(64)		|	1	
3648	2	ok	|	0.12	1.00	1.00	0.16	0.00	0	|	rapi	0.00	0.00	0	|	64.0	0.16(64)		|	1	
3648	3	ok	|	0.13	1.00	1.00	0.17	0.00	0	|	rapi	0.00	0.00	0	|	64.0	0.17(64)		|	1	
3648	4	ok	|	0.15	1.00	1.00	0.20	0.00	0	|	rapi	0.00	0.00	0	|	64.0	0.20(64)		|	1	
3648	5	ok	|	0.18	1.00	1.00	0.22	0.00	0	|	rapi	0.00	0.00	0	|	64.0	0.22(64)		|	1	
3648	6	ok	|	0.21	1.00	1.00	0.29	0.00	0	|	rapi	0.00	0.00	0	|	64.0	0.29(64)		|	1	
3648	7	ok	|	0.26	1.00	1.00	0.35	0.00	0	|	rapi	0.00	0.00	0	|	64.0	0.35(64)		|	1	
3648	8	ok	|	0.28	1.00	1.00	0.39	0.00	0	|	rapi	0.00	0.00	0	|	64.0	0.39(64)		|	1	
3648	9	ok	|	0.30	1.00	1.00	0.47	0.00	0	|	rapi	0.00	0.00	0	|	64.0	0.47(64)		|	1	
3648	10	ok	|	0.32	0.99	0.99	0.54	0.00	0	|	rapi	0.00	0.00	0	|	64.0	0.54(64)		|	1	
3648	11	ok	|	0.38	0.99	0.99	0.65	0.00	0	|	rapi	0.00	0.00	0	|	64.0	0.65(64)		|	1	
3648	12	ok	|	0.41	0.99	0.99	0.73	0.00	0	|	rapi	0.00	0.00	0	|	64.0	0.73(64)		|	1	
3648	13	ok	|	0.46	0.99	0.99	0.89	0.00	0	|	rapi	0.00	0.00	0	|	64.0	0.89(64)		|	1	
3648	14	ok	|	0.53	0.99	0.99	1.02	0.00	0	|	rapi	0.00	0.00	0	|	64.0	1.02(64)		|	1	
3648	15	ok	|	0.59	0.99	0.99	1.18	0.00	0	|	rapi	0.00	0.00	0	|	64.0	1.18(64)		|	1	
3648	16	ok	|	0.66	0.99	0.99	1.37	0.00	0	|	rapi	0.00	0.00	0	|	64.0	1.37(64)		|	1	
3648	17	ok	|	0.73	0.98	0.98	1.67	0.00	0	|	rapi	0.00	0.00	0	|	64.0	1.67(64)		|	1	
3648	18	ok	|	0.77	0.98	0.98	2.02	0.00	0	|	rapi	0.00	0.00	0	|	64.0	2.02(64)		|	1	
3648	19	ok	|	0.84	0.98	0.98	2.47	0.00	0	|	rapi	0.00	0.00	0	|	64.0	2.47(64)		|	1	
3648	20	ok	|	0.91	0.97	0.97	2.84	0.00	0	|	rapi	0.00	0.00	0	|	64.0	2.84(64)		|	1	
3648	21	ok	|	0.93	0.97	0.97	3.29	0.00	0	|	rapi	0.00	0.00	0	|	64.0	3.29(64)		|	1	
3648	22	ok	|	0.95	0.96	0.96	3.97	0.00	0	|	rapi	0.00	0.00	0	|	64.0	3.97(64)		|	1	
3648	23	ok	|	0.97	0.95	0.95	4.66	0.00	0	|	rapi	0.00	0.00	0	|	64.0	4.66(64)		|	1	
3648	24	ok	|	0.98	0.94	0.94	5.61	0.00	0	|	rapi	0.00	0.00	0	|	64.0	5.61(64)	0.00(64)	|	1	
3648	25	ok	|	0.99	0.93	0.93	6.81	0.00	0	|	rapi	0.00	0.00	0	|	64.0	6.81(64)	0.00(64)	|	1	
3648	26	ok	|	1.00	0.92	0.92	7.87	0.00	0	|	rapi	0.00	0.00	0	|	64.0	7.87(64)	0.00(64)	|	1	
3648	27	ok	|	1.00	0.91	0.91	9.18	0.00	0	|	rapi	0.00	0.00	0	|	64.0	9.18(64)	0.00(64)	|	1	
3648	28	ok	|	1.00	0.89	0.89	10.95	0.00	0	|	rapi	0.00	0.00	0	|	64.0	10.95(64)	0.00(64)	|	1	
3648	29	ok	|	1.00	0.87	0.87	12.82	0.00	0	|	rapi	0.00	0.00	0	|	64.0	12.82(64)	0.00(64)	|	1	
3648	30	ok	|	1.00	0.85	0.85	15.05	0.00	0	|	rapi	0.00	0.00	0	|	64.0	15.05(64)		|	1	
3648	31	ok	|	1.00	0.82	0.82	18.02	0.00	0	|	rapi	0.00	0.00	0	|	64.0	18.02(64)	0.00(64)	|	1	
3648	32	ok	|	1.00	0.79	0.79	21.04	0.00	0	|	rapi	0.00	0.00	0	|	64.0	21.04(64)	0.00(64)	|	1	
3648	33	ok	|	1.00	0.76	0.76	24.48	0.00	0	|	rapi	0.00	0.00	0	|	64.0	24.48(64)	0.00(64)	|	1	
3648	34	ok	|	1.00	0.71	0.71	28.87	0.00	0	|	rapi	0.01	0.01	0	|	64.0	28.87(64)	0.01(64)	|	1	
3648	35	ok	|	1.00	0.67	0.67	33.34	0.00	0	|	rapi	0.01	0.01	0	|	64.0	33.34(64)	0.01(64)	|	1	
3648	36	ok	|	1.00	0.61	0.61	38.81	0.00	0	|	rapi	0.02	0.02	0	|	64.0	38.81(64)	0.02(64)	|	1	
3648	37	ok	|	1.00	0.55	0.55	44.82	0.00	0	|	rapi	0.01	0.01	0	|	64.0	44.82(64)	0.01(64)	|	1	
3648	38	ok	|	1.00	0.48	0.48	51.66	0.00	0	|	rapi	0.01	0.01	0	|	64.0	51.66(64)	0.01(64)	|	1	
3648	39	ok	|	1.00	0.40	0.40	60.00	0.00	0	|	rapi	0.02	0.02	0	|	64.0	60.00(64)	0.02(64)	|	1	
3648	40	ok	|	1.00	0.31	0.31	69.24	0.00	0	|	rapi	0.03	0.03	0	|	64.0	69.24(64)	0.03(64)	|	1	
3648	41	ok	|	1.00	0.21	0.21	78.70	0.00	0	|	rapi	0.03	0.03	0	|	64.0	78.70(64)	0.03(64)	|	1	
3648	42	ok	|	1.00	0.14	0.14	87.08	0.00	0	|	rapi	0.03	0.03	0	|	64.0	87.08(64)	0.03(64)	|	1	
3648	43	fail-w	|	1.00	0.08	0.08	93.97	0.00	0	|	rapi	0.06	0.07	0	|	64.0	93.97(64)	0.07(64)	|	1	
