3856	0	ok	|	0.10	1.00	1.00	0.10	0.00	0	|	rapi	0.00	0.00	0	|	-25.0	0.10(-25)		|	7	
3856	1	ok	|	0.11	1.00	1.00	0.13	0.00	0	|	rapi	0.00	0.00	0	|	-25.0	0.13(-25)		|	7	
3856	2	ok	|	0.13	1.00	1.00	0.17	0.00	0	|	rapi	0.00	0.00	0	|	-25.0	0.17(-25)		|	7	
3856	3	ok	|	0.15	1.00	1.00	0.19	0.00	0	|	rapi	0.00	0.00	0	|	-25.0	0.19(-25)		|	7	
3856	4	ok	|	0.15	1.00	1.00	0.20	0.00	0	|	rapi	0.00	0.00	0	|	-25.0	0.20(-25)		|	7	
3856	5	ok	|	0.18	1.00	1.00	0.26	0.00	0	|	rapi	0.00	0.00	0	|	-25.0	0.26(-25)		|	7	
3856	6	ok	|	0.23	1.00	1.00	0.34	0.00	0	|	rapi	0.00	0.00	0	|	-25.0	0.34(-25)		|	7	
3856	7	ok	|	0.26	1.00	1.00	0.38	0.00	0	|	rapi	0.00	0.00	0	|	-25.0	0.38(-25)		|	7	
3856	8	ok	|	0.30	1.00	1.00	0.47	0.00	0	|	rapi	0.00	0.00	0	|	-25.0	0.47(-25)		|	7	
3856	9	ok	|	0.37	0.99	0.99	0.63	0.00	0	|	rapi	0.00	0.00	0	|	-25.0	0.63(-25)		|	7	
3856	10	ok	|	0.41	0.99	0.99	0.74	0.00	0	|	rapi	0.00	0.00	0	|	-25.0	0.74(-25)		|	7	
3856	11	ok	|	0.46	0.99	0.99	0.80	0.00	0	|	rapi	0.00	0.00	0	|	-25.0	0.80(-25)		|	7	
3856	12	ok	|	0.54	0.99	0.99	0.98	0.00	0	|	rapi	0.00	0.00	0	|	-25.0	0.98(-25)		|	7	
3856	13	ok	|	0.59	0.99	0.99	1.14	0.00	0	|	rapi	0.00	0.00	0	|	-25.0	1.14(-25)		|	7	
3856	14	ok	|	0.63	0.99	0.99	1.31	0.00	0	|	rapi	0.00	0.00	0	|	-25.0	1.31(-25)		|	7	
3856	15	ok	|	0.70	0.98	0.98	1.61	0.00	0	|	rapi	0.00	0.00	0	|	-25.0	1.61(-25)		|	7	
3856	16	ok	|	0.76	0.98	0.98	1.98	0.00	0	|	rapi	0.00	0.00	0	|	-25.0	1.98(-25)		|	7	
3856	17	ok	|	0.82	0.98	0.98	2.31	0.00	0	|	rapi	0.00	0.00	0	|	-25.0	2.31(-25)		|	7	
3856	18	ok	|	0.88	0.97	0.97	2.70	0.00	0	|	rapi	0.00	0.00	0	|	-25.0	2.70(-25)		|	7	
3856	19	ok	|	0.92	0.97	0.97	3.35	0.00	0	|	rapi	0.00	0.00	0	|	-25.0	3.35(-25)	0.00(-25)	|	7	
3856	20	ok	|	0.95	0.96	0.96	4.04	0.00	0	|	rapi	0.00	0.00	0	|	-25.0	4.04(-25)	0.00(-25)	|	7	
3856	21	ok	|	0.97	0.95	0.95	4.74	0.00	0	|	rapi	0.00	0.00	0	|	-25.0	4.74(-25)		|	7	
3856	22	ok	|	0.99	0.94	0.94	5.71	0.00	0	|	rapi	0.00	0.00	0	|	-25.0	5.71(-25)		|	7	
3856	23	ok	|	0.99	0.93	0.93	6.66	0.00	0	|	rapi	0.00	0.00	0	|	-25.0	6.66(-25)		|	7	
3856	24	ok	|	1.00	0.92	0.92	7.95	0.00	0	|	rapi	0.00	0.00	0	|	-25.0	7.95(-25)	0.00(-25)	|	7	
3856	25	ok	|	1.00	0.91	0.91	9.37	0.00	0	|	rapi	0.00	0.00	0	|	-25.0	9.37(-25)		|	7	
3856	26	ok	|	1.00	0.89	0.89	10.75	0.00	0	|	rapi	0.00	0.00	0	|	-25.0	10.75(-25)	0.00(-25)	|	7	
3856	27	ok	|	1.00	0.88	0.88	12.50	0.00	0	|	rapi	0.01	0.01	0	|	-25.0	12.50(-25)	0.01(-25)	|	7	
3856	28	ok	|	1.00	0.85	0.85	14.72	0.00	0	|	rapi	0.01	0.01	0	|	-25.0	14.72(-25)	0.01(-25)	|	7	
3856	29	ok	|	1.00	0.83	0.83	17.41	0.00	0	|	rapi	0.01	0.01	0	|	-25.0	17.41(-25)	0.01(-25)	|	7	
3856	30	ok	|	1.00	0.79	0.79	20.62	0.00	0	|	rapi	0.01	0.01	0	|	-25.0	20.62(-25)	0.01(-25)	|	7	
3856	31	ok	|	1.00	0.76	0.76	24.13	0.00	0	|	rapi	0.01	0.01	0	|	-25.0	24.13(-25)	0.01(-25)	|	7	
3856	32	ok	|	1.00	0.72	0.72	28.31	0.00	0	|	rapi	0.01	0.01	0	|	-25.0	28.31(-25)	0.01(-25)	|	7	
3856	33	ok	|	1.00	0.67	0.67	33.37	0.00	0	|	rapi	0.02	0.02	0	|	-25.0	33.37(-25)	0.02(-25)	|	7	
3856	34	ok	|	1.00	0.61	0.61	39.15	0.00	0	|	rapi	0.03	0.03	0	|	-25.0	39.15(-25)	0.03(-25)	|	7	
3856	35	ok	|	1.00	0.54	0.54	45.90	0.00	0	|	rapi	0.02	0.02	0	|	-25.0	45.90(-25)	0.02(-25)	|	7	
3856	36	ok	|	1.00	0.47	0.47	53.04	0.00	0	|	rapi	0.03	0.03	0	|	-25.0	53.04(-25)	0.03(-25)	|	7	
3856	37	ok	|	1.00	0.38	0.38	61.56	0.00	0	|	rapi	0.04	0.04	0	|	-25.0	61.56(-25)	0.04(-25)	|	7	
3856	38	ok	|	1.00	0.30	0.30	70.30	0.00	0	|	rapi	0.04	0.05	0	|	-25.0	70.30(-25)	0.05(-25)	|	7	
3856	39	ok	|	1.00	0.20	0.20	80.19	0.00	0	|	rapi	0.06	0.07	0	|	-25.0	80.19(-25)	0.07(-25)	|	7	
3856	40	ok	|	1.00	0.12	0.12	89.34	0.00	0	|	rapi	0.09	0.10	0	|	-25.0	89.34(-25)	0.10(-25)	|	7	
3856	41	fail-w	|	1.00	0.09	0.09	93.38	0.00	0	|	rapi	0.17	0.19	0	|	-25.0	93.38(-25)	0.19(-25)	|	7	
