388	0	ok	|	0.10	1.00	1.00	0.10	0.00	0	|	rapi	0.09	0.09	0	|	57.0	0.10(57)	0.09(57)	|	7871	
388	1	ok	|	0.10	1.00	1.00	0.10	0.00	0	|	rapi	0.10	0.10	0	|	57.0	0.10(57)	0.10(57)	|	7871	
388	2	ok	|	0.10	1.00	1.00	0.11	0.00	0	|	rapi	0.10	0.10	0	|	57.0	0.11(57)	0.10(57)	|	7871	
388	3	ok	|	0.10	1.00	1.00	0.10	0.00	0	|	rapi	0.10	0.10	0	|	57.0	0.10(57)	0.10(57)	|	7871	
388	4	ok	|	0.10	1.00	1.00	0.10	0.00	0	|	rapi	0.09	0.10	0	|	57.0	0.10(57)	0.10(57)	|	7871	
388	5	ok	|	0.12	1.00	1.00	0.12	0.00	0	|	rapi	0.11	0.12	0	|	57.0	0.12(57)	0.12(57)	|	7871	
388	6	ok	|	0.12	1.00	1.00	0.12	0.00	0	|	rapi	0.11	0.12	0	|	57.0	0.12(57)	0.12(57)	|	7871	
388	7	ok	|	0.11	1.00	1.00	0.11	0.00	0	|	rapi	0.10	0.10	0	|	57.0	0.11(57)	0.10(57)	|	7871	
388	8	ok	|	0.11	1.00	1.00	0.11	0.00	0	|	rapi	0.10	0.11	0	|	57.0	0.11(57)	0.11(57)	|	7871	
388	9	ok	|	0.10	1.00	1.00	0.11	0.00	0	|	rapi	0.10	0.11	0	|	57.0	0.11(57)	0.11(57)	|	7871	
388	10	ok	|	0.10	1.00	1.00	0.11	0.00	0	|	rapi	0.10	0.10	0	|	57.0	0.11(57)	0.10(57)	|	7871	
388	11	ok	|	0.09	1.00	1.00	0.10	0.00	0	|	rapi	0.09	0.10	0	|	57.0	0.10(57)	0.10(57)	|	7871	
388	12	ok	|	0.11	1.00	1.00	0.11	0.00	0	|	rapi	0.10	0.11	0	|	57.0	0.11(57)	0.11(57)	|	7871	
388	13	ok	|	0.09	1.00	1.00	0.10	0.00	0	|	rapi	0.09	0.09	0	|	57.0	0.10(57)	0.09(57)	|	7871	
388	14	ok	|	0.09	1.00	1.00	0.10	0.00	0	|	rapi	0.09	0.10	0	|	57.0	0.10(57)	0.10(57)	|	7871	
388	15	ok	|	0.10	1.00	1.00	0.11	0.00	0	|	rapi	0.10	0.10	0	|	57.0	0.11(57)	0.10(57)	|	7871	
388	16	ok	|	0.08	1.00	1.00	0.08	0.00	0	|	rapi	0.08	0.08	0	|	57.0	0.08(57)	0.08(57)	|	7871	
388	17	ok	|	0.07	1.00	1.00	0.08	0.00	0	|	rapi	0.07	0.07	0	|	57.0	0.08(57)	0.07(57)	|	7871	
388	18	ok	|	0.07	1.00	1.00	0.08	0.00	0	|	rapi	0.07	0.08	0	|	57.0	0.08(57)	0.08(57)	|	7871	
388	19	ok	|	0.07	1.00	1.00	0.07	0.00	0	|	rapi	0.07	0.07	0	|	57.0	0.07(57)	0.07(57)	|	7871	
388	20	ok	|	0.07	1.00	1.00	0.08	0.00	0	|	rapi	0.07	0.08	0	|	57.0	0.08(57)	0.08(57)	|	7871	
388	21	ok	|	0.08	1.00	1.00	0.09	0.00	0	|	rapi	0.08	0.09	0	|	57.0	0.09(57)	0.09(57)	|	7871	
388	22	ok	|	0.10	1.00	1.00	0.10	0.00	0	|	rapi	0.09	0.10	0	|	57.0	0.10(57)	0.10(57)	|	7871	
388	23	ok	|	0.09	1.00	1.00	0.10	0.00	0	|	rapi	0.09	0.09	0	|	57.0	0.10(57)	0.09(57)	|	7871	
388	24	ok	|	0.10	1.00	1.00	0.10	0.00	0	|	rapi	0.09	0.10	0	|	57.0	0.10(57)	0.10(57)	|	7871	
388	25	ok	|	0.08	1.00	1.00	0.09	0.00	0	|	rapi	0.08	0.09	0	|	57.0	0.09(57)	0.09(57)	|	7871	
388	26	ok	|	0.07	1.00	1.00	0.07	0.00	0	|	rapi	0.07	0.07	0	|	57.0	0.07(57)	0.07(57)	|	7871	
388	27	ok	|	0.07	1.00	1.00	0.07	0.00	0	|	rapi	0.07	0.07	0	|	57.0	0.07(57)	0.07(57)	|	7871	
388	28	ok	|	0.05	1.00	1.00	0.05	0.00	0	|	rapi	0.05	0.05	0	|	57.0	0.05(57)	0.05(57)	|	7871	
388	29	ok	|	0.05	1.00	1.00	0.05	0.00	0	|	rapi	0.05	0.05	0	|	57.0	0.05(57)	0.05(57)	|	7871	
388	30	ok	|	0.05	1.00	1.00	0.05	0.00	0	|	rapi	0.05	0.05	0	|	57.0	0.05(57)	0.05(57)	|	7871	
388	31	ok	|	0.04	1.00	1.00	0.04	0.00	0	|	rapi	0.04	0.04	0	|	57.0	0.04(57)	0.04(57)	|	7871	
388	32	ok	|	0.04	1.00	1.00	0.04	0.00	0	|	rapi	0.04	0.04	0	|	57.0	0.04(57)	0.04(57)	|	7871	
388	33	ok	|	0.05	1.00	1.00	0.05	0.00	0	|	rapi	0.05	0.05	0	|	57.0	0.05(57)	0.05(57)	|	7871	
388	34	ok	|	0.05	1.00	1.00	0.05	0.00	0	|	rapi	0.05	0.05	0	|	57.0	0.05(57)	0.05(57)	|	7871	
388	35	ok	|	0.05	1.00	1.00	0.05	0.00	0	|	rapi	0.05	0.05	0	|	57.0	0.05(57)	0.05(57)	|	7871	
388	36	ok	|	0.06	1.00	1.00	0.06	0.00	0	|	rapi	0.06	0.06	0	|	57.0	0.06(57)	0.06(57)	|	7871	
388	37	ok	|	0.06	1.00	1.00	0.07	0.01	0	|	rapi	0.06	0.07	0	|	57.0	0.07(57)	0.07(57)	|	7871	
388	38	ok	|	0.06	1.00	1.00	0.06	0.01	0	|	rapi	0.06	0.06	0	|	57.0	0.06(57)	0.06(57)	|	7871	
388	39	ok	|	0.07	1.00	1.00	0.07	0.01	0	|	rapi	0.07	0.07	0	|	57.0	0.07(57)	0.07(57)	|	7871	
388	40	ok	|	0.07	1.00	1.00	0.07	0.01	0	|	rapi	0.07	0.07	0	|	57.0	0.07(57)	0.07(57)	|	7871	
388	41	ok	|	0.07	1.00	1.00	0.07	0.01	0	|	rapi	0.07	0.07	0	|	57.0	0.07(57)	0.07(57)	|	7871	
388	42	ok	|	0.07	1.00	1.00	0.08	0.01	0	|	rapi	0.07	0.08	0	|	57.0	0.08(57)	0.08(57)	|	7871	
388	43	ok	|	0.07	1.00	1.00	0.07	0.01	0	|	rapi	0.07	0.07	0	|	57.0	0.07(57)	0.07(57)	|	7871	
388	44	ok	|	0.07	1.00	1.00	0.07	0.01	0	|	rapi	0.07	0.07	0	|	57.0	0.07(57)	0.07(57)	|	7871	
388	45	ok	|	0.07	1.00	1.00	0.07	0.01	0	|	rapi	0.07	0.07	0	|	57.0	0.07(57)	0.07(57)	|	7871	
388	46	ok	|	0.07	1.00	1.00	0.08	0.01	0	|	rapi	0.07	0.08	0	|	57.0	0.08(57)	0.08(57)	|	7871	
388	47	ok	|	0.07	1.00	1.00	0.07	0.01	0	|	rapi	0.07	0.07	0	|	57.0	0.07(57)	0.07(57)	|	7871	
388	48	ok	|	0.06	1.00	1.00	0.07	0.01	0	|	rapi	0.06	0.07	0	|	57.0	0.07(57)	0.07(57)	|	7871	
388	49	ok	|	0.06	1.00	1.00	0.06	0.01	0	|	rapi	0.06	0.06	0	|	57.0	0.06(57)	0.06(57)	|	7871	
388	50	ok	|	0.06	1.00	1.00	0.06	0.01	0	|	rapi	0.06	0.06	0	|	57.0	0.06(57)	0.06(57)	|	7871	
388	51	ok	|	0.05	1.00	1.00	0.05	0.01	0	|	rapi	0.05	0.05	0	|	57.0	0.05(57)	0.05(57)	|	7871	
388	52	ok	|	0.05	1.00	1.00	0.05	0.01	0	|	rapi	0.05	0.05	0	|	57.0	0.05(57)	0.05(57)	|	7871	
388	53	ok	|	0.06	1.00	1.00	0.06	0.01	0	|	rapi	0.06	0.06	0	|	57.0	0.06(57)	0.06(57)	|	7871	
388	54	ok	|	0.06	1.00	1.00	0.07	0.01	0	|	rapi	0.06	0.07	0	|	57.0	0.07(57)	0.07(57)	|	7871	
388	55	ok	|	0.07	1.00	1.00	0.07	0.01	0	|	rapi	0.07	0.07	0	|	57.0	0.07(57)	0.07(57)	|	7871	
388	56	ok	|	0.07	1.00	1.00	0.07	0.01	0	|	rapi	0.07	0.07	0	|	57.0	0.07(57)	0.07(57)	|	7871	
388	57	ok	|	0.06	1.00	1.00	0.06	0.01	0	|	rapi	0.06	0.06	0	|	57.0	0.06(57)	0.06(57)	|	7871	
388	58	ok	|	0.07	1.00	1.00	0.07	0.01	0	|	rapi	0.07	0.07	0	|	57.0	0.07(57)	0.07(57)	|	7871	
388	59	ok	|	0.08	1.00	1.00	0.08	0.01	0	|	rapi	0.08	0.08	0	|	57.0	0.08(57)	0.08(57)	|	7871	
388	60	ok	|	0.08	1.00	1.00	0.08	0.01	0	|	rapi	0.08	0.08	0	|	57.0	0.08(57)	0.08(57)	|	7871	
388	61	ok	|	0.08	1.00	1.00	0.08	0.01	0	|	rapi	0.08	0.08	0	|	57.0	0.08(57)	0.08(57)	|	7871	
388	62	ok	|	0.09	1.00	1.00	0.09	0.01	0	|	rapi	0.09	0.09	0	|	57.0	0.09(57)	0.09(57)	|	7871	
388	63	ok	|	0.10	1.00	1.00	0.10	0.01	0	|	rapi	0.10	0.10	0	|	57.0	0.10(57)	0.10(57)	|	7871	
388	64	ok	|	0.08	1.00	1.00	0.08	0.01	0	|	rapi	0.08	0.08	0	|	57.0	0.08(57)	0.08(57)	|	7871	
388	65	ok	|	0.06	1.00	1.00	0.06	0.01	0	|	rapi	0.06	0.06	0	|	57.0	0.06(57)	0.06(57)	|	7871	
388	66	ok	|	0.05	1.00	1.00	0.06	0.01	0	|	rapi	0.05	0.06	0	|	57.0	0.06(57)	0.06(57)	|	7871	
388	67	ok	|	0.06	1.00	1.00	0.06	0.01	0	|	rapi	0.06	0.06	0	|	57.0	0.06(57)	0.06(57)	|	7871	
388	68	ok	|	0.07	1.00	1.00	0.07	0.01	0	|	rapi	0.07	0.07	0	|	57.0	0.07(57)	0.07(57)	|	7871	
388	69	ok	|	0.07	1.00	1.00	0.08	0.01	0	|	rapi	0.07	0.08	0	|	57.0	0.08(57)	0.08(57)	|	7871	
388	70	ok	|	0.07	1.00	1.00	0.07	0.01	0	|	rapi	0.07	0.07	0	|	57.0	0.07(57)	0.07(57)	|	7871	
388	71	ok	|	0.07	1.00	1.00	0.07	0.01	0	|	rapi	0.07	0.07	0	|	57.0	0.07(57)	0.07(57)	|	7871	
388	72	ok	|	0.07	1.00	1.00	0.07	0.01	0	|	rapi	0.07	0.07	0	|	57.0	0.07(57)	0.07(57)	|	7871	
388	73	ok	|	0.07	1.00	1.00	0.07	0.01	0	|	rapi	0.07	0.07	0	|	57.0	0.07(57)	0.07(57)	|	7871	
388	74	ok	|	0.08	1.00	1.00	0.08	0.01	0	|	rapi	0.08	0.08	0	|	57.0	0.08(57)	0.08(57)	|	7871	
388	75	ok	|	0.10	1.00	1.00	0.10	0.01	0	|	rapi	0.10	0.10	0	|	57.0	0.10(57)	0.10(57)	|	7871	
388	76	ok	|	0.09	1.00	1.00	0.09	0.01	0	|	rapi	0.09	0.09	0	|	57.0	0.09(57)	0.09(57)	|	7871	
388	77	ok	|	0.08	1.00	1.00	0.08	0.01	0	|	rapi	0.08	0.08	0	|	57.0	0.08(57)	0.08(57)	|	7871	
388	78	ok	|	0.07	1.00	1.00	0.07	0.01	0	|	rapi	0.07	0.07	0	|	57.0	0.07(57)	0.07(57)	|	7871	
388	79	ok	|	0.08	1.00	1.00	0.08	0.01	0	|	rapi	0.08	0.08	0	|	57.0	0.08(57)	0.08(57)	|	7871	
388	80	ok	|	0.08	1.00	1.00	0.08	0.01	0	|	rapi	0.08	0.08	0	|	57.0	0.08(57)	0.08(57)	|	7871	
388	81	ok	|	0.07	1.00	1.00	0.07	0.01	0	|	rapi	0.07	0.07	0	|	57.0	0.07(57)	0.07(57)	|	7871	
388	82	ok	|	0.07	1.00	1.00	0.07	0.01	0	|	rapi	0.07	0.07	0	|	57.0	0.07(57)	0.07(57)	|	7871	
388	83	ok	|	0.06	1.00	1.00	0.06	0.01	0	|	rapi	0.06	0.06	0	|	57.0	0.06(57)	0.06(57)	|	7871	
388	84	ok	|	0.05	1.00	1.00	0.05	0.01	0	|	rapi	0.05	0.05	0	|	57.0	0.05(57)	0.05(57)	|	7871	
388	85	ok	|	0.05	1.00	1.00	0.05	0.01	0	|	rapi	0.05	0.05	0	|	57.0	0.05(57)	0.05(57)	|	7871	
388	86	ok	|	0.05	1.00	1.00	0.05	0.01	0	|	rapi	0.05	0.05	0	|	57.0	0.05(57)	0.05(57)	|	7871	
388	87	ok	|	0.05	1.00	1.00	0.05	0.01	0	|	rapi	0.05	0.05	0	|	57.0	0.05(57)	0.05(57)	|	7871	
388	88	ok	|	0.05	1.00	1.00	0.05	0.01	0	|	rapi	0.05	0.05	0	|	57.0	0.05(57)	0.05(57)	|	7871	
388	89	ok	|	0.05	1.00	1.00	0.06	0.01	0	|	rapi	0.05	0.06	0	|	57.0	0.06(57)	0.06(57)	|	7871	
388	90	ok	|	0.05	1.00	1.00	0.06	0.01	0	|	rapi	0.05	0.06	0	|	57.0	0.06(57)	0.06(57)	|	7871	
388	91	ok	|	0.05	1.00	1.00	0.05	0.01	0	|	rapi	0.05	0.05	0	|	57.0	0.05(57)	0.05(57)	|	7871	
388	92	ok	|	0.06	1.00	1.00	0.06	0.01	0	|	rapi	0.06	0.06	0	|	57.0	0.06(57)	0.06(57)	|	7871	
388	93	ok	|	0.06	1.00	1.00	0.06	0.01	0	|	rapi	0.06	0.06	0	|	57.0	0.06(57)	0.06(57)	|	7871	
388	94	ok	|	0.07	1.00	1.00	0.07	0.01	0	|	rapi	0.07	0.07	0	|	57.0	0.07(57)	0.07(57)	|	7871	
388	95	ok	|	0.05	1.00	1.00	0.05	0.01	0	|	rapi	0.05	0.05	0	|	57.0	0.05(57)	0.05(57)	|	7871	
388	96	ok	|	0.04	1.00	1.00	0.04	0.01	0	|	rapi	0.04	0.04	0	|	57.0	0.04(57)	0.04(57)	|	7871	
388	97	ok	|	0.04	1.00	1.00	0.04	0.01	0	|	rapi	0.04	0.04	0	|	57.0	0.04(57)	0.04(57)	|	7871	
388	98	ok	|	0.03	1.00	1.00	0.03	0.00	0	|	rapi	0.03	0.03	0	|	57.0	0.03(57)	0.03(57)	|	7871	
388	99	ok	|	0.03	1.00	1.00	0.03	0.01	0	|	rapi	0.03	0.03	0	|	57.0	0.03(57)	0.03(57)	|	7871	
388	100	ok	|	0.03	1.00	1.00	0.03	0.01	0	|	rapi	0.03	0.03	0	|	57.0	0.03(57)	0.03(57)	|	7871	
388	101	ok	|	0.04	1.00	1.00	0.04	0.01	0	|	rapi	0.04	0.04	0	|	57.0	0.04(57)	0.04(57)	|	7871	
388	102	ok	|	0.05	1.00	1.00	0.05	0.01	0	|	rapi	0.05	0.05	0	|	57.0	0.05(57)	0.05(57)	|	7871	
388	103	ok	|	0.06	1.00	1.00	0.06	0.01	0	|	rapi	0.06	0.06	0	|	57.0	0.06(57)	0.06(57)	|	7871	
388	104	ok	|	0.06	1.00	1.00	0.06	0.01	0	|	rapi	0.06	0.06	0	|	57.0	0.06(57)	0.06(57)	|	7871	
388	105	ok	|	0.06	1.00	1.00	0.06	0.01	0	|	rapi	0.06	0.06	0	|	57.0	0.06(57)	0.06(57)	|	7871	
388	106	ok	|	0.07	1.00	1.00	0.07	0.01	0	|	rapi	0.07	0.07	0	|	57.0	0.07(57)	0.07(57)	|	7871	
388	107	ok	|	0.07	1.00	1.00	0.08	0.01	0	|	rapi	0.07	0.08	0	|	57.0	0.08(57)	0.08(57)	|	7871	
388	108	ok	|	0.08	1.00	1.00	0.08	0.01	0	|	rapi	0.08	0.08	0	|	57.0	0.08(57)	0.08(57)	|	7871	
388	109	ok	|	0.07	1.00	1.00	0.08	0.01	0	|	rapi	0.07	0.08	0	|	57.0	0.08(57)	0.08(57)	|	7871	
388	110	ok	|	0.09	1.00	1.00	0.09	0.02	0	|	rapi	0.09	0.09	0	|	57.0	0.09(57)	0.09(57)	|	7871	
388	111	ok	|	0.10	1.00	1.00	0.10	0.03	0	|	rapi	0.10	0.10	0	|	57.0	0.10(57)	0.10(57)	|	7871	
388	112	ok	|	0.10	1.00	1.00	0.10	0.03	0	|	rapi	0.10	0.10	0	|	57.0	0.10(57)	0.10(57)	|	7871	
388	113	ok	|	0.09	1.00	1.00	0.10	0.02	0	|	rapi	0.09	0.10	0	|	57.0	0.10(57)	0.10(57)	|	7871	
388	114	ok	|	0.10	1.00	1.00	0.10	0.03	0	|	rapi	0.10	0.10	0	|	57.0	0.10(57)	0.10(57)	|	7871	
388	115	ok	|	0.09	1.00	1.00	0.09	0.02	0	|	rapi	0.09	0.09	0	|	57.0	0.09(57)	0.09(57)	|	7871	
388	116	ok	|	0.09	1.00	1.00	0.09	0.02	0	|	rapi	0.09	0.09	0	|	57.0	0.09(57)	0.09(57)	|	7871	
388	117	ok	|	0.09	1.00	1.00	0.09	0.02	0	|	rapi	0.09	0.09	0	|	57.0	0.09(57)	0.09(57)	|	7871	
388	118	ok	|	0.09	1.00	1.00	0.10	0.02	0	|	rapi	0.09	0.10	0	|	57.0	0.10(57)	0.10(57)	|	7871	
388	119	ok	|	0.09	1.00	1.00	0.09	0.02	0	|	rapi	0.09	0.09	0	|	57.0	0.09(57)	0.09(57)	|	7871	
388	120	ok	|	0.10	1.00	1.00	0.10	0.03	0	|	rapi	0.10	0.10	0	|	57.0	0.10(57)	0.10(57)	|	7871	
388	121	ok	|	0.10	1.00	1.00	0.10	0.03	0	|	rapi	0.10	0.10	0	|	57.0	0.10(57)	0.10(57)	|	7871	
388	122	ok	|	0.11	1.00	1.00	0.12	0.03	0	|	rapi	0.11	0.12	0	|	57.0	0.12(57)	0.12(57)	|	7871	
388	123	ok	|	0.12	1.00	1.00	0.12	0.03	0	|	rapi	0.12	0.12	0	|	57.0	0.12(57)	0.12(57)	|	7871	
388	124	ok	|	0.12	1.00	1.00	0.13	0.03	0	|	rapi	0.12	0.13	0	|	57.0	0.13(57)	0.13(57)	|	7871	
388	125	ok	|	0.12	1.00	1.00	0.12	0.03	0	|	rapi	0.12	0.12	0	|	57.0	0.12(57)	0.12(57)	|	7871	
388	126	ok	|	0.13	1.00	1.00	0.14	0.04	0	|	rapi	0.13	0.14	0	|	57.0	0.14(57)	0.14(57)	|	7871	
388	127	ok	|	0.14	1.00	1.00	0.15	0.04	0	|	rapi	0.14	0.15	0	|	57.0	0.15(57)	0.15(57)	|	7871	
388	128	ok	|	0.16	1.00	1.00	0.18	0.04	0	|	rapi	0.16	0.18	0	|	57.0	0.18(57)	0.18(57)	|	7871	
388	129	ok	|	0.17	1.00	1.00	0.18	0.05	0	|	rapi	0.17	0.18	0	|	57.0	0.18(57)	0.18(57)	|	7871	
388	130	ok	|	0.16	1.00	1.00	0.17	0.04	0	|	rapi	0.16	0.17	0	|	57.0	0.17(57)	0.17(57)	|	7871	
388	131	ok	|	0.16	1.00	1.00	0.18	0.04	0	|	rapi	0.16	0.18	0	|	57.0	0.18(57)	0.18(57)	|	7871	
388	132	ok	|	0.17	1.00	1.00	0.19	0.05	0	|	rapi	0.17	0.19	0	|	57.0	0.19(57)	0.19(57)	|	7871	
388	133	ok	|	0.19	1.00	1.00	0.20	0.05	0	|	rapi	0.19	0.20	0	|	57.0	0.20(57)	0.20(57)	|	7871	
388	134	ok	|	0.19	1.00	1.00	0.20	0.05	0	|	rapi	0.19	0.20	0	|	57.0	0.20(57)	0.20(57)	|	7871	
388	135	ok	|	0.18	1.00	1.00	0.20	0.05	0	|	rapi	0.18	0.20	0	|	57.0	0.20(57)	0.20(57)	|	7871	
388	136	ok	|	0.17	1.00	1.00	0.19	0.05	0	|	rapi	0.17	0.19	0	|	57.0	0.19(57)	0.19(57)	|	7871	
388	137	ok	|	0.17	1.00	1.00	0.19	0.05	0	|	rapi	0.17	0.19	0	|	57.0	0.19(57)	0.19(57)	|	7871	
388	138	ok	|	0.18	1.00	1.00	0.19	0.05	0	|	rapi	0.18	0.19	0	|	57.0	0.19(57)	0.19(57)	|	7871	
388	139	ok	|	0.18	1.00	1.00	0.20	0.05	0	|	rapi	0.18	0.20	0	|	57.0	0.20(57)	0.20(57)	|	7871	
388	140	ok	|	0.17	1.00	1.00	0.18	0.05	0	|	rapi	0.17	0.18	0	|	57.0	0.18(57)	0.18(57)	|	7871	
388	141	ok	|	0.17	1.00	1.00	0.18	0.05	0	|	rapi	0.17	0.18	0	|	57.0	0.18(57)	0.18(57)	|	7871	
388	142	ok	|	0.16	1.00	1.00	0.18	0.04	0	|	rapi	0.16	0.18	0	|	57.0	0.18(57)	0.18(57)	|	7871	
388	143	ok	|	0.15	1.00	1.00	0.15	0.04	0	|	rapi	0.15	0.15	0	|	57.0	0.15(57)	0.15(57)	|	7871	
388	144	ok	|	0.14	1.00	1.00	0.16	0.04	0	|	rapi	0.14	0.16	0	|	57.0	0.16(57)	0.16(57)	|	7871	
388	145	ok	|	0.16	1.00	1.00	0.17	0.04	0	|	rapi	0.16	0.17	0	|	57.0	0.17(57)	0.17(57)	|	7871	
388	146	ok	|	0.16	1.00	1.00	0.18	0.04	0	|	rapi	0.16	0.18	0	|	57.0	0.18(57)	0.18(57)	|	7871	
388	147	ok	|	0.16	1.00	1.00	0.18	0.04	0	|	rapi	0.16	0.18	0	|	57.0	0.18(57)	0.18(57)	|	7871	
388	148	ok	|	0.17	1.00	1.00	0.19	0.05	0	|	rapi	0.17	0.19	0	|	57.0	0.19(57)	0.19(57)	|	7871	
388	149	ok	|	0.17	1.00	1.00	0.19	0.05	0	|	rapi	0.17	0.19	0	|	57.0	0.19(57)	0.19(57)	|	7871	
388	150	ok	|	0.19	1.00	1.00	0.20	0.05	0	|	rapi	0.19	0.20	0	|	57.0	0.20(57)	0.20(57)	|	7871	
388	151	ok	|	0.17	1.00	1.00	0.18	0.04	0	|	rapi	0.17	0.18	0	|	57.0	0.18(57)	0.18(57)	|	7871	
388	152	ok	|	0.18	1.00	1.00	0.19	0.05	0	|	rapi	0.18	0.19	0	|	57.0	0.19(57)	0.19(57)	|	7871	
388	153	ok	|	0.17	1.00	1.00	0.18	0.04	0	|	rapi	0.17	0.18	0	|	57.0	0.18(57)	0.18(57)	|	7871	
388	154	ok	|	0.18	1.00	1.00	0.19	0.05	0	|	rapi	0.18	0.19	0	|	57.0	0.19(57)	0.19(57)	|	7871	
388	155	ok	|	0.19	1.00	1.00	0.20	0.05	0	|	rapi	0.19	0.20	0	|	57.0	0.20(57)	0.20(57)	|	7871	
388	156	ok	|	0.17	1.00	1.00	0.18	0.05	0	|	rapi	0.17	0.18	0	|	57.0	0.18(57)	0.18(57)	|	7871	
388	157	ok	|	0.19	1.00	1.00	0.20	0.05	0	|	rapi	0.19	0.20	0	|	57.0	0.20(57)	0.20(57)	|	7871	
388	158	ok	|	0.18	1.00	1.00	0.19	0.05	0	|	rapi	0.18	0.19	0	|	57.0	0.19(57)	0.19(57)	|	7871	
388	159	ok	|	0.17	1.00	1.00	0.18	0.05	0	|	rapi	0.17	0.18	0	|	57.0	0.18(57)	0.18(57)	|	7871	
388	160	ok	|	0.18	1.00	1.00	0.20	0.05	0	|	rapi	0.18	0.20	0	|	57.0	0.20(57)	0.20(57)	|	7871	
388	161	ok	|	0.20	1.00	1.00	0.21	0.05	0	|	rapi	0.20	0.21	0	|	57.0	0.21(57)	0.21(57)	|	7871	
388	162	ok	|	0.20	1.00	1.00	0.21	0.05	0	|	rapi	0.20	0.21	0	|	57.0	0.21(57)	0.21(57)	|	7871	
388	163	ok	|	0.19	1.00	1.00	0.20	0.05	0	|	rapi	0.19	0.20	0	|	57.0	0.20(57)	0.20(57)	|	7871	
388	164	ok	|	0.18	1.00	1.00	0.19	0.05	0	|	rapi	0.18	0.19	0	|	57.0	0.19(57)	0.19(57)	|	7871	
388	165	ok	|	0.17	1.00	1.00	0.18	0.05	0	|	rapi	0.17	0.18	0	|	57.0	0.18(57)	0.18(57)	|	7871	
388	166	ok	|	0.17	1.00	1.00	0.18	0.05	0	|	rapi	0.17	0.18	0	|	57.0	0.18(57)	0.18(57)	|	7871	
388	167	ok	|	0.17	1.00	1.00	0.19	0.05	0	|	rapi	0.17	0.19	0	|	57.0	0.19(57)	0.19(57)	|	7871	
388	168	ok	|	0.17	1.00	1.00	0.18	0.05	0	|	rapi	0.17	0.18	0	|	57.0	0.18(57)	0.18(57)	|	7871	
388	169	ok	|	0.16	1.00	1.00	0.17	0.04	0	|	rapi	0.16	0.17	0	|	57.0	0.17(57)	0.17(57)	|	7871	
388	170	ok	|	0.17	1.00	1.00	0.18	0.04	0	|	rapi	0.17	0.18	0	|	57.0	0.18(57)	0.18(57)	|	7871	
388	171	ok	|	0.17	1.00	1.00	0.18	0.04	0	|	rapi	0.17	0.18	0	|	57.0	0.18(57)	0.18(57)	|	7871	
388	172	ok	|	0.17	1.00	1.00	0.18	0.04	0	|	rapi	0.17	0.18	0	|	57.0	0.18(57)	0.18(57)	|	7871	
388	173	ok	|	0.16	1.00	1.00	0.17	0.04	0	|	rapi	0.16	0.17	0	|	57.0	0.17(57)	0.17(57)	|	7871	
388	174	ok	|	0.16	1.00	1.00	0.17	0.04	0	|	rapi	0.16	0.17	0	|	57.0	0.17(57)	0.17(57)	|	7871	
388	175	ok	|	0.14	1.00	1.00	0.15	0.04	0	|	rapi	0.14	0.15	0	|	57.0	0.15(57)	0.15(57)	|	7871	
388	176	ok	|	0.16	1.00	1.00	0.16	0.04	0	|	rapi	0.16	0.16	0	|	57.0	0.16(57)	0.16(57)	|	7871	
388	177	ok	|	0.15	1.00	1.00	0.16	0.04	0	|	rapi	0.15	0.16	0	|	57.0	0.16(57)	0.16(57)	|	7871	
388	178	ok	|	0.15	1.00	1.00	0.16	0.04	0	|	rapi	0.15	0.16	0	|	57.0	0.16(57)	0.16(57)	|	7871	
388	179	ok	|	0.15	1.00	1.00	0.16	0.04	0	|	rapi	0.15	0.16	0	|	57.0	0.16(57)	0.16(57)	|	7871	
388	180	ok	|	0.14	1.00	1.00	0.15	0.04	0	|	rapi	0.14	0.15	0	|	57.0	0.15(57)	0.15(57)	|	7871	
388	181	ok	|	0.14	1.00	1.00	0.15	0.04	0	|	rapi	0.14	0.15	0	|	57.0	0.15(57)	0.15(57)	|	7871	
388	182	ok	|	0.15	1.00	1.00	0.16	0.04	0	|	rapi	0.15	0.16	0	|	57.0	0.16(57)	0.16(57)	|	7871	
388	183	ok	|	0.15	1.00	1.00	0.16	0.04	0	|	rapi	0.15	0.16	0	|	57.0	0.16(57)	0.16(57)	|	7871	
388	184	ok	|	0.15	1.00	1.00	0.15	0.04	0	|	rapi	0.15	0.15	0	|	57.0	0.15(57)	0.15(57)	|	7871	
388	185	ok	|	0.14	1.00	1.00	0.15	0.04	0	|	rapi	0.14	0.15	0	|	57.0	0.15(57)	0.15(57)	|	7871	
388	186	ok	|	0.11	1.00	1.00	0.12	0.03	0	|	rapi	0.11	0.12	0	|	57.0	0.12(57)	0.12(57)	|	7871	
388	187	ok	|	0.13	1.00	1.00	0.14	0.03	0	|	rapi	0.13	0.14	0	|	57.0	0.14(57)	0.14(57)	|	7871	
388	188	ok	|	0.14	1.00	1.00	0.15	0.04	0	|	rapi	0.14	0.15	0	|	57.0	0.15(57)	0.15(57)	|	7871	
388	189	ok	|	0.15	1.00	1.00	0.15	0.04	0	|	rapi	0.15	0.15	0	|	57.0	0.15(57)	0.15(57)	|	7871	
388	190	ok	|	0.15	1.00	1.00	0.15	0.04	0	|	rapi	0.15	0.15	0	|	57.0	0.15(57)	0.15(57)	|	7871	
388	191	ok	|	0.13	1.00	1.00	0.14	0.04	0	|	rapi	0.13	0.14	0	|	57.0	0.14(57)	0.14(57)	|	7871	
388	192	ok	|	0.12	1.00	1.00	0.13	0.03	0	|	rapi	0.12	0.13	0	|	57.0	0.13(57)	0.13(57)	|	7871	
388	193	ok	|	0.12	1.00	1.00	0.12	0.03	0	|	rapi	0.12	0.12	0	|	57.0	0.12(57)	0.12(57)	|	7871	
388	194	ok	|	0.12	1.00	1.00	0.12	0.03	0	|	rapi	0.12	0.12	0	|	57.0	0.12(57)	0.12(57)	|	7871	
388	195	ok	|	0.12	1.00	1.00	0.13	0.03	0	|	rapi	0.12	0.13	0	|	57.0	0.13(57)	0.13(57)	|	7871	
388	196	ok	|	0.11	1.00	1.00	0.12	0.03	0	|	rapi	0.11	0.12	0	|	57.0	0.12(57)	0.12(57)	|	7871	
388	197	ok	|	0.13	1.00	1.00	0.14	0.03	0	|	rapi	0.13	0.14	0	|	57.0	0.14(57)	0.14(57)	|	7871	
388	198	ok	|	0.14	1.00	1.00	0.15	0.04	0	|	rapi	0.14	0.15	0	|	57.0	0.15(57)	0.15(57)	|	7871	
388	199	ok	|	0.14	1.00	1.00	0.16	0.04	0	|	rapi	0.14	0.16	0	|	57.0	0.16(57)	0.16(57)	|	7871	
388	200	ok	|	0.16	1.00	1.00	0.17	0.04	0	|	rapi	0.16	0.17	0	|	57.0	0.17(57)	0.17(57)	|	7871	
388	201	ok	|	0.15	1.00	1.00	0.17	0.04	0	|	rapi	0.15	0.17	0	|	57.0	0.17(57)	0.17(57)	|	7871	
388	202	ok	|	0.16	1.00	1.00	0.17	0.04	0	|	rapi	0.16	0.17	0	|	57.0	0.17(57)	0.17(57)	|	7871	
388	203	ok	|	0.18	1.00	1.00	0.19	0.05	0	|	rapi	0.18	0.19	0	|	57.0	0.19(57)	0.19(57)	|	7871	
388	204	ok	|	0.17	1.00	1.00	0.18	0.04	0	|	rapi	0.17	0.18	0	|	57.0	0.18(57)	0.18(57)	|	7871	
388	205	ok	|	0.16	1.00	1.00	0.17	0.04	0	|	rapi	0.16	0.17	0	|	57.0	0.17(57)	0.17(57)	|	7871	
388	206	ok	|	0.17	1.00	1.00	0.18	0.04	0	|	rapi	0.17	0.18	0	|	57.0	0.18(57)	0.18(57)	|	7871	
388	207	ok	|	0.16	1.00	1.00	0.17	0.04	0	|	rapi	0.16	0.17	0	|	57.0	0.17(57)	0.17(57)	|	7871	
388	208	ok	|	0.17	1.00	1.00	0.19	0.05	0	|	rapi	0.17	0.19	0	|	57.0	0.19(57)	0.19(57)	|	7871	
388	209	ok	|	0.19	1.00	1.00	0.20	0.05	0	|	rapi	0.19	0.20	0	|	57.0	0.20(57)	0.20(57)	|	7871	
388	210	ok	|	0.18	1.00	1.00	0.19	0.05	0	|	rapi	0.18	0.19	0	|	57.0	0.19(57)	0.19(57)	|	7871	
388	211	ok	|	0.18	1.00	1.00	0.20	0.05	0	|	rapi	0.18	0.20	0	|	57.0	0.20(57)	0.20(57)	|	7871	
388	212	ok	|	0.20	1.00	1.00	0.22	0.05	0	|	rapi	0.20	0.22	0	|	57.0	0.22(57)	0.22(57)	|	7871	
388	213	ok	|	0.19	1.00	1.00	0.21	0.05	0	|	rapi	0.19	0.21	0	|	57.0	0.21(57)	0.21(57)	|	7871	
388	214	ok	|	0.21	1.00	1.00	0.23	0.06	0	|	rapi	0.21	0.23	0	|	57.0	0.23(57)	0.23(57)	|	7871	
388	215	ok	|	0.20	1.00	1.00	0.21	0.05	0	|	rapi	0.20	0.21	0	|	57.0	0.21(57)	0.21(57)	|	7871	
388	216	ok	|	0.18	1.00	1.00	0.19	0.05	0	|	rapi	0.18	0.19	0	|	57.0	0.19(57)	0.19(57)	|	7871	
388	217	ok	|	0.17	1.00	1.00	0.18	0.05	0	|	rapi	0.17	0.18	0	|	57.0	0.18(57)	0.18(57)	|	7871	
388	218	ok	|	0.17	1.00	1.00	0.19	0.05	0	|	rapi	0.17	0.19	0	|	57.0	0.19(57)	0.19(57)	|	7871	
388	219	ok	|	0.15	1.00	1.00	0.17	0.04	0	|	rapi	0.15	0.17	0	|	57.0	0.17(57)	0.17(57)	|	7871	
388	220	ok	|	0.15	1.00	1.00	0.16	0.04	0	|	rapi	0.15	0.16	0	|	57.0	0.16(57)	0.16(57)	|	7871	
388	221	ok	|	0.14	1.00	1.00	0.14	0.04	0	|	rapi	0.14	0.14	0	|	57.0	0.14(57)	0.14(57)	|	7871	
388	222	ok	|	0.13	1.00	1.00	0.14	0.03	0	|	rapi	0.13	0.14	0	|	57.0	0.14(57)	0.14(57)	|	7871	
388	223	ok	|	0.10	1.00	1.00	0.11	0.03	0	|	rapi	0.10	0.11	0	|	57.0	0.11(57)	0.11(57)	|	7871	
388	224	ok	|	0.10	1.00	1.00	0.10	0.03	0	|	rapi	0.10	0.10	0	|	57.0	0.10(57)	0.10(57)	|	7871	
388	225	ok	|	0.10	1.00	1.00	0.10	0.03	0	|	rapi	0.10	0.10	0	|	57.0	0.10(57)	0.10(57)	|	7871	
388	226	ok	|	0.10	1.00	1.00	0.11	0.03	0	|	rapi	0.10	0.11	0	|	57.0	0.11(57)	0.11(57)	|	7871	
388	227	ok	|	0.09	1.00	1.00	0.10	0.02	0	|	rapi	0.09	0.10	0	|	57.0	0.10(57)	0.10(57)	|	7871	
388	228	ok	|	0.10	1.00	1.00	0.10	0.03	0	|	rapi	0.10	0.10	0	|	57.0	0.10(57)	0.10(57)	|	7871	
388	229	ok	|	0.09	1.00	1.00	0.09	0.02	0	|	rapi	0.09	0.09	0	|	57.0	0.09(57)	0.09(57)	|	7871	
388	230	ok	|	0.09	1.00	1.00	0.10	0.02	0	|	rapi	0.09	0.10	0	|	57.0	0.10(57)	0.10(57)	|	7871	
388	231	ok	|	0.10	1.00	1.00	0.10	0.03	0	|	rapi	0.10	0.10	0	|	57.0	0.10(57)	0.10(57)	|	7871	
388	232	ok	|	0.11	1.00	1.00	0.11	0.03	0	|	rapi	0.11	0.11	0	|	57.0	0.11(57)	0.11(57)	|	7871	
388	233	ok	|	0.09	1.00	1.00	0.09	0.02	0	|	rapi	0.09	0.09	0	|	57.0	0.09(57)	0.09(57)	|	7871	
388	234	ok	|	0.10	1.00	1.00	0.10	0.03	0	|	rapi	0.10	0.10	0	|	57.0	0.10(57)	0.10(57)	|	7871	
388	235	ok	|	0.11	1.00	1.00	0.11	0.03	0	|	rapi	0.11	0.11	0	|	57.0	0.11(57)	0.11(57)	|	7871	
388	236	ok	|	0.12	1.00	1.00	0.12	0.03	0	|	rapi	0.12	0.12	0	|	57.0	0.12(57)	0.12(57)	|	7871	
388	237	ok	|	0.12	1.00	1.00	0.12	0.03	0	|	rapi	0.12	0.12	0	|	57.0	0.12(57)	0.12(57)	|	7871	
388	238	ok	|	0.11	1.00	1.00	0.12	0.03	0	|	rapi	0.11	0.12	0	|	57.0	0.12(57)	0.12(57)	|	7871	
388	239	ok	|	0.11	1.00	1.00	0.12	0.03	0	|	rapi	0.11	0.12	0	|	57.0	0.12(57)	0.12(57)	|	7871	
388	240	ok	|	0.12	1.00	1.00	0.13	0.03	0	|	rapi	0.12	0.13	0	|	57.0	0.13(57)	0.13(57)	|	7871	
388	241	ok	|	0.12	1.00	1.00	0.13	0.03	0	|	rapi	0.12	0.13	0	|	57.0	0.13(57)	0.13(57)	|	7871	
388	242	ok	|	0.12	1.00	1.00	0.12	0.03	0	|	rapi	0.12	0.12	0	|	57.0	0.12(57)	0.12(57)	|	7871	
388	243	ok	|	0.13	1.00	1.00	0.14	0.03	0	|	rapi	0.13	0.14	0	|	57.0	0.14(57)	0.14(57)	|	7871	
388	244	ok	|	0.12	1.00	1.00	0.13	0.03	0	|	rapi	0.12	0.13	0	|	57.0	0.13(57)	0.13(57)	|	7871	
388	245	ok	|	0.12	1.00	1.00	0.13	0.03	0	|	rapi	0.12	0.13	0	|	57.0	0.13(57)	0.13(57)	|	7871	
388	246	ok	|	0.12	1.00	1.00	0.13	0.03	0	|	rapi	0.12	0.13	0	|	57.0	0.13(57)	0.13(57)	|	7871	
388	247	ok	|	0.12	1.00	1.00	0.12	0.03	0	|	rapi	0.12	0.12	0	|	57.0	0.12(57)	0.12(57)	|	7871	
388	248	ok	|	0.11	1.00	1.00	0.12	0.03	0	|	rapi	0.11	0.12	0	|	57.0	0.12(57)	0.12(57)	|	7871	
388	249	ok	|	0.10	1.00	1.00	0.10	0.03	0	|	rapi	0.10	0.10	0	|	57.0	0.10(57)	0.10(57)	|	7871	
388	250	ok	|	0.10	1.00	1.00	0.11	0.03	0	|	rapi	0.10	0.11	0	|	57.0	0.11(57)	0.11(57)	|	7871	
388	251	ok	|	0.10	1.00	1.00	0.10	0.03	0	|	rapi	0.10	0.10	0	|	57.0	0.10(57)	0.10(57)	|	7871	
388	252	ok	|	0.09	1.00	1.00	0.10	0.02	0	|	rapi	0.09	0.10	0	|	57.0	0.10(57)	0.10(57)	|	7871	
388	253	ok	|	0.09	1.00	1.00	0.10	0.02	0	|	rapi	0.09	0.10	0	|	57.0	0.10(57)	0.10(57)	|	7871	
388	254	ok	|	0.08	1.00	1.00	0.09	0.02	0	|	rapi	0.08	0.09	0	|	57.0	0.09(57)	0.09(57)	|	7871	
388	255	ok	|	0.07	1.00	1.00	0.07	0.02	0	|	rapi	0.07	0.07	0	|	57.0	0.07(57)	0.07(57)	|	7871	
388	256	ok	|	0.06	1.00	1.00	0.06	0.01	0	|	rapi	0.06	0.06	0	|	57.0	0.06(57)	0.06(57)	|	7871	
388	257	ok	|	0.06	1.00	1.00	0.06	0.02	0	|	rapi	0.06	0.06	0	|	57.0	0.06(57)	0.06(57)	|	7871	
388	258	ok	|	0.05	1.00	1.00	0.05	0.01	0	|	rapi	0.05	0.05	0	|	57.0	0.05(57)	0.05(57)	|	7871	
388	259	ok	|	0.05	1.00	1.00	0.05	0.01	0	|	rapi	0.05	0.05	0	|	57.0	0.05(57)	0.05(57)	|	7871	
388	260	ok	|	0.05	1.00	1.00	0.06	0.01	0	|	rapi	0.05	0.06	0	|	57.0	0.06(57)	0.06(57)	|	7871	
388	261	ok	|	0.04	1.00	1.00	0.04	0.01	0	|	rapi	0.04	0.04	0	|	57.0	0.04(57)	0.04(57)	|	7871	
388	262	ok	|	0.04	1.00	1.00	0.05	0.01	0	|	rapi	0.04	0.05	0	|	57.0	0.05(57)	0.05(57)	|	7871	
388	263	ok	|	0.04	1.00	1.00	0.04	0.01	0	|	rapi	0.04	0.04	0	|	57.0	0.04(57)	0.04(57)	|	7871	
388	264	ok	|	0.04	1.00	1.00	0.04	0.01	0	|	rapi	0.04	0.04	0	|	57.0	0.04(57)	0.04(57)	|	7871	
388	265	ok	|	0.04	1.00	1.00	0.04	0.01	0	|	rapi	0.04	0.04	0	|	57.0	0.04(57)	0.04(57)	|	7871	
388	266	ok	|	0.04	1.00	1.00	0.05	0.01	0	|	rapi	0.04	0.05	0	|	57.0	0.05(57)	0.05(57)	|	7871	
388	267	ok	|	0.04	1.00	1.00	0.04	0.01	0	|	rapi	0.04	0.04	0	|	57.0	0.04(57)	0.04(57)	|	7871	
388	268	ok	|	0.04	1.00	1.00	0.05	0.01	0	|	rapi	0.04	0.05	0	|	57.0	0.05(57)	0.05(57)	|	7871	
388	269	ok	|	0.03	1.00	1.00	0.03	0.01	0	|	rapi	0.03	0.03	0	|	57.0	0.03(57)	0.03(57)	|	7871	
388	270	ok	|	0.04	1.00	1.00	0.04	0.01	0	|	rapi	0.04	0.04	0	|	57.0	0.04(57)	0.04(57)	|	7871	
388	271	ok	|	0.04	1.00	1.00	0.04	0.01	0	|	rapi	0.04	0.04	0	|	57.0	0.04(57)	0.04(57)	|	7871	
388	272	ok	|	0.04	1.00	1.00	0.04	0.01	0	|	rapi	0.04	0.04	0	|	57.0	0.04(57)	0.04(57)	|	7871	
388	273	ok	|	0.06	1.00	1.00	0.06	0.02	0	|	rapi	0.06	0.06	0	|	57.0	0.06(57)	0.06(57)	|	7871	
388	274	ok	|	0.06	1.00	1.00	0.06	0.01	0	|	rapi	0.06	0.06	0	|	57.0	0.06(57)	0.06(57)	|	7871	
388	275	ok	|	0.05	1.00	1.00	0.05	0.01	0	|	rapi	0.05	0.05	0	|	57.0	0.05(57)	0.05(57)	|	7871	
388	276	ok	|	0.05	1.00	1.00	0.05	0.01	0	|	rapi	0.05	0.05	0	|	57.0	0.05(57)	0.05(57)	|	7871	
388	277	ok	|	0.04	1.00	1.00	0.04	0.01	0	|	rapi	0.04	0.04	0	|	57.0	0.04(57)	0.04(57)	|	7871	
388	278	ok	|	0.04	1.00	1.00	0.04	0.01	0	|	rapi	0.04	0.04	0	|	57.0	0.04(57)	0.04(57)	|	7871	
388	279	ok	|	0.04	1.00	1.00	0.04	0.01	0	|	rapi	0.04	0.04	0	|	57.0	0.04(57)	0.04(57)	|	7871	
388	280	ok	|	0.04	1.00	1.00	0.04	0.01	0	|	rapi	0.04	0.04	0	|	57.0	0.04(57)	0.04(57)	|	7871	
388	281	ok	|	0.03	1.00	1.00	0.03	0.01	0	|	rapi	0.03	0.03	0	|	57.0	0.03(57)	0.03(57)	|	7871	
388	282	ok	|	0.03	1.00	1.00	0.03	0.01	0	|	rapi	0.03	0.03	0	|	57.0	0.03(57)	0.03(57)	|	7871	
388	283	ok	|	0.03	1.00	1.00	0.03	0.01	0	|	rapi	0.03	0.03	0	|	57.0	0.03(57)	0.03(57)	|	7871	
388	284	ok	|	0.03	1.00	1.00	0.03	0.01	0	|	rapi	0.03	0.03	0	|	57.0	0.03(57)	0.03(57)	|	7871	
388	285	ok	|	0.03	1.00	1.00	0.03	0.01	0	|	rapi	0.03	0.03	0	|	57.0	0.03(57)	0.03(57)	|	7871	
388	286	ok	|	0.03	1.00	1.00	0.03	0.01	0	|	rapi	0.03	0.03	0	|	57.0	0.03(57)	0.03(57)	|	7871	
388	287	ok	|	0.03	1.00	1.00	0.03	0.01	0	|	rapi	0.03	0.03	0	|	57.0	0.03(57)	0.03(57)	|	7871	
388	288	ok	|	0.05	1.00	1.00	0.05	0.01	0	|	rapi	0.05	0.05	0	|	57.0	0.05(57)	0.05(57)	|	7871	
388	289	ok	|	0.05	1.00	1.00	0.05	0.01	0	|	rapi	0.05	0.05	0	|	57.0	0.05(57)	0.05(57)	|	7871	
388	290	ok	|	0.06	1.00	1.00	0.06	0.01	0	|	rapi	0.06	0.06	0	|	57.0	0.06(57)	0.06(57)	|	7871	
388	291	ok	|	0.06	1.00	1.00	0.06	0.01	0	|	rapi	0.06	0.06	0	|	57.0	0.06(57)	0.06(57)	|	7871	
388	292	ok	|	0.05	1.00	1.00	0.05	0.01	0	|	rapi	0.05	0.05	0	|	57.0	0.05(57)	0.05(57)	|	7871	
388	293	ok	|	0.04	1.00	1.00	0.04	0.01	0	|	rapi	0.04	0.04	0	|	57.0	0.04(57)	0.04(57)	|	7871	
388	294	ok	|	0.04	1.00	1.00	0.04	0.01	0	|	rapi	0.04	0.04	0	|	57.0	0.04(57)	0.04(57)	|	7871	
388	295	ok	|	0.03	1.00	1.00	0.03	0.01	0	|	rapi	0.03	0.03	0	|	57.0	0.03(57)	0.03(57)	|	7871	
388	296	ok	|	0.04	1.00	1.00	0.04	0.01	0	|	rapi	0.04	0.04	0	|	57.0	0.04(57)	0.04(57)	|	7871	
388	297	ok	|	0.04	1.00	1.00	0.04	0.01	0	|	rapi	0.04	0.04	0	|	57.0	0.04(57)	0.04(57)	|	7871	
388	298	ok	|	0.03	1.00	1.00	0.04	0.01	0	|	rapi	0.03	0.04	0	|	57.0	0.04(57)	0.04(57)	|	7871	
388	299	ok	|	0.05	1.00	1.00	0.05	0.01	0	|	rapi	0.05	0.05	0	|	57.0	0.05(57)	0.05(57)	|	7871	
388	300	ok	|	0.05	1.00	1.00	0.05	0.01	0	|	rapi	0.05	0.05	0	|	57.0	0.05(57)	0.05(57)	|	7871	
388	301	ok	|	0.05	1.00	1.00	0.06	0.01	0	|	rapi	0.05	0.06	0	|	57.0	0.06(57)	0.06(57)	|	7871	
388	302	ok	|	0.05	1.00	1.00	0.05	0.01	0	|	rapi	0.05	0.05	0	|	57.0	0.05(57)	0.05(57)	|	7871	
388	303	ok	|	0.06	1.00	1.00	0.06	0.01	0	|	rapi	0.06	0.06	0	|	57.0	0.06(57)	0.06(57)	|	7871	
388	304	ok	|	0.07	1.00	1.00	0.07	0.02	0	|	rapi	0.07	0.07	0	|	57.0	0.07(57)	0.07(57)	|	7871	
388	305	ok	|	0.07	1.00	1.00	0.07	0.02	0	|	rapi	0.07	0.07	0	|	57.0	0.07(57)	0.07(57)	|	7871	
388	306	ok	|	0.07	1.00	1.00	0.07	0.02	0	|	rapi	0.07	0.07	0	|	57.0	0.07(57)	0.07(57)	|	7871	
388	307	ok	|	0.08	1.00	1.00	0.08	0.04	0	|	rapi	0.08	0.08	0	|	57.0	0.08(57)	0.08(57)	|	7871	
388	308	ok	|	0.07	1.00	1.00	0.07	0.04	0	|	rapi	0.07	0.07	0	|	57.0	0.07(57)	0.07(57)	|	7871	
388	309	ok	|	0.07	1.00	1.00	0.07	0.04	0	|	rapi	0.07	0.07	0	|	57.0	0.07(57)	0.07(57)	|	7871	
388	310	ok	|	0.05	1.00	1.00	0.05	0.03	0	|	rapi	0.05	0.05	0	|	57.0	0.05(57)	0.05(57)	|	7871	
388	311	ok	|	0.05	1.00	1.00	0.05	0.02	0	|	rapi	0.05	0.05	0	|	57.0	0.05(57)	0.05(57)	|	7871	
388	312	ok	|	0.05	1.00	1.00	0.05	0.03	0	|	rapi	0.05	0.05	0	|	57.0	0.05(57)	0.05(57)	|	7871	
388	313	ok	|	0.05	1.00	1.00	0.05	0.03	0	|	rapi	0.05	0.05	0	|	57.0	0.05(57)	0.05(57)	|	7871	
388	314	ok	|	0.05	1.00	1.00	0.05	0.03	0	|	rapi	0.05	0.05	0	|	57.0	0.05(57)	0.05(57)	|	7871	
388	315	ok	|	0.06	1.00	1.00	0.06	0.03	0	|	rapi	0.06	0.06	0	|	57.0	0.06(57)	0.06(57)	|	7871	
388	316	ok	|	0.07	1.00	1.00	0.07	0.03	0	|	rapi	0.07	0.07	0	|	57.0	0.07(57)	0.07(57)	|	7871	
388	317	ok	|	0.07	1.00	1.00	0.07	0.04	0	|	rapi	0.07	0.07	0	|	57.0	0.07(57)	0.07(57)	|	7871	
388	318	ok	|	0.08	1.00	1.00	0.08	0.04	0	|	rapi	0.08	0.08	0	|	57.0	0.08(57)	0.08(57)	|	7871	
388	319	ok	|	0.06	1.00	1.00	0.06	0.03	0	|	rapi	0.06	0.06	0	|	57.0	0.06(57)	0.06(57)	|	7871	
388	320	ok	|	0.06	1.00	1.00	0.06	0.03	0	|	rapi	0.06	0.06	0	|	57.0	0.06(57)	0.06(57)	|	7871	
388	321	ok	|	0.07	1.00	1.00	0.07	0.04	0	|	rapi	0.07	0.07	0	|	57.0	0.07(57)	0.07(57)	|	7871	
388	322	ok	|	0.06	1.00	1.00	0.06	0.03	0	|	rapi	0.06	0.06	0	|	57.0	0.06(57)	0.06(57)	|	7871	
388	323	ok	|	0.05	1.00	1.00	0.05	0.03	0	|	rapi	0.05	0.05	0	|	57.0	0.05(57)	0.05(57)	|	7871	
388	324	ok	|	0.05	1.00	1.00	0.05	0.03	0	|	rapi	0.05	0.05	0	|	57.0	0.05(57)	0.05(57)	|	7871	
388	325	ok	|	0.04	1.00	1.00	0.04	0.02	0	|	rapi	0.04	0.04	0	|	57.0	0.04(57)	0.04(57)	|	7871	
388	326	ok	|	0.04	1.00	1.00	0.04	0.02	0	|	rapi	0.04	0.04	0	|	57.0	0.04(57)	0.04(57)	|	7871	
388	327	ok	|	0.04	1.00	1.00	0.04	0.02	0	|	rapi	0.04	0.04	0	|	57.0	0.04(57)	0.04(57)	|	7871	
388	328	ok	|	0.04	1.00	1.00	0.04	0.02	0	|	rapi	0.04	0.04	0	|	57.0	0.04(57)	0.04(57)	|	7871	
388	329	ok	|	0.03	1.00	1.00	0.03	0.02	0	|	rapi	0.03	0.03	0	|	57.0	0.03(57)	0.03(57)	|	7871	
388	330	ok	|	0.04	1.00	1.00	0.04	0.02	0	|	rapi	0.04	0.04	0	|	57.0	0.04(57)	0.04(57)	|	7871	
388	331	ok	|	0.04	1.00	1.00	0.04	0.02	0	|	rapi	0.04	0.04	0	|	57.0	0.04(57)	0.04(57)	|	7871	
388	332	ok	|	0.03	1.00	1.00	0.03	0.02	0	|	rapi	0.03	0.03	0	|	57.0	0.03(57)	0.03(57)	|	7871	
388	333	ok	|	0.04	1.00	1.00	0.04	0.02	0	|	rapi	0.04	0.04	0	|	57.0	0.04(57)	0.04(57)	|	7871	
388	334	ok	|	0.03	1.00	1.00	0.03	0.02	0	|	rapi	0.03	0.03	0	|	57.0	0.03(57)	0.03(57)	|	7871	
388	335	ok	|	0.03	1.00	1.00	0.03	0.02	0	|	rapi	0.03	0.03	0	|	57.0	0.03(57)	0.03(57)	|	7871	
388	336	ok	|	0.03	1.00	1.00	0.03	0.02	0	|	rapi	0.03	0.03	0	|	57.0	0.03(57)	0.03(57)	|	7871	
388	337	ok	|	0.04	1.00	1.00	0.04	0.02	0	|	rapi	0.04	0.04	0	|	57.0	0.04(57)	0.04(57)	|	7871	
388	338	ok	|	0.04	1.00	1.00	0.04	0.02	0	|	rapi	0.04	0.04	0	|	57.0	0.04(57)	0.04(57)	|	7871	
388	339	ok	|	0.03	1.00	1.00	0.03	0.01	0	|	rapi	0.03	0.03	0	|	57.0	0.03(57)	0.03(57)	|	7871	
388	340	ok	|	0.03	1.00	1.00	0.03	0.01	0	|	rapi	0.03	0.03	0	|	57.0	0.03(57)	0.03(57)	|	7871	
388	341	ok	|	0.03	1.00	1.00	0.03	0.01	0	|	rapi	0.03	0.03	0	|	57.0	0.03(57)	0.03(57)	|	7871	
388	342	ok	|	0.02	1.00	1.00	0.02	0.01	0	|	rapi	0.02	0.02	0	|	57.0	0.02(57)	0.02(57)	|	7871	
388	343	ok	|	0.02	1.00	1.00	0.02	0.01	0	|	rapi	0.02	0.02	0	|	57.0	0.02(57)	0.02(57)	|	7871	
388	344	ok	|	0.01	1.00	1.00	0.01	0.01	0	|	rapi	0.01	0.01	0	|	57.0	0.01(57)	0.01(57)	|	7871	
388	345	ok	|	0.01	1.00	1.00	0.01	0.01	0	|	rapi	0.01	0.01	0	|	57.0	0.01(57)	0.01(57)	|	7871	
388	346	ok	|	0.02	1.00	1.00	0.02	0.01	0	|	rapi	0.02	0.02	0	|	57.0	0.02(57)	0.02(57)	|	7871	
388	347	ok	|	0.02	1.00	1.00	0.02	0.01	0	|	rapi	0.02	0.02	0	|	57.0	0.02(57)	0.02(57)	|	7871	
388	348	ok	|	0.02	1.00	1.00	0.02	0.01	0	|	rapi	0.02	0.02	0	|	57.0	0.02(57)	0.02(57)	|	7871	
388	349	ok	|	0.02	1.00	1.00	0.02	0.01	0	|	rapi	0.02	0.02	0	|	57.0	0.02(57)	0.02(57)	|	7871	
388	350	ok	|	0.03	1.00	1.00	0.03	0.01	0	|	rapi	0.03	0.03	0	|	57.0	0.03(57)	0.03(57)	|	7871	
388	351	ok	|	0.02	1.00	1.00	0.02	0.01	0	|	rapi	0.02	0.02	0	|	57.0	0.02(57)	0.02(57)	|	7871	
388	352	ok	|	0.02	1.00	1.00	0.02	0.01	0	|	rapi	0.02	0.02	0	|	57.0	0.02(57)	0.02(57)	|	7871	
388	353	ok	|	0.02	1.00	1.00	0.02	0.01	0	|	rapi	0.02	0.02	0	|	57.0	0.02(57)	0.02(57)	|	7871	
388	354	ok	|	0.02	1.00	1.00	0.02	0.01	0	|	rapi	0.02	0.02	0	|	57.0	0.02(57)	0.02(57)	|	7871	
388	355	ok	|	0.01	1.00	1.00	0.01	0.01	0	|	rapi	0.01	0.01	0	|	57.0	0.01(57)	0.01(57)	|	7871	
388	356	ok	|	0.01	1.00	1.00	0.01	0.01	0	|	rapi	0.01	0.01	0	|	57.0	0.01(57)	0.01(57)	|	7871	
388	357	ok	|	0.01	1.00	1.00	0.01	0.00	0	|	rapi	0.01	0.01	0	|	57.0	0.01(57)	0.01(57)	|	7871	
388	358	ok	|	0.01	1.00	1.00	0.01	0.01	0	|	rapi	0.01	0.01	0	|	57.0	0.01(57)	0.01(57)	|	7871	
388	359	ok	|	0.01	1.00	1.00	0.01	0.01	0	|	rapi	0.01	0.01	0	|	57.0	0.01(57)	0.01(57)	|	7871	
388	360	ok	|	0.00	1.00	1.00	0.00	0.00	0	|	rapi	0.00	0.00	0	|	57.0	0.00(57)	0.00(57)	|	7871	
388	361	ok	|	0.01	1.00	1.00	0.01	0.00	0	|	rapi	0.01	0.01	0	|	57.0	0.01(57)	0.01(57)	|	7871	
388	362	ok	|	0.01	1.00	1.00	0.01	0.00	0	|	rapi	0.01	0.01	0	|	57.0	0.01(57)	0.01(57)	|	7871	
388	363	ok	|	0.01	1.00	1.00	0.01	0.00	0	|	rapi	0.01	0.01	0	|	57.0	0.01(57)	0.01(57)	|	7871	
388	364	ok	|	0.01	1.00	1.00	0.01	0.01	0	|	rapi	0.01	0.01	0	|	57.0	0.01(57)	0.01(57)	|	7871	
388	365	ok	|	0.01	1.00	1.00	0.01	0.01	0	|	rapi	0.01	0.01	0	|	57.0	0.01(57)	0.01(57)	|	7871	
388	366	ok	|	0.01	1.00	1.00	0.01	0.01	0	|	rapi	0.01	0.01	0	|	57.0	0.01(57)	0.01(57)	|	7871	
388	367	ok	|	0.01	1.00	1.00	0.01	0.01	0	|	rapi	0.01	0.01	0	|	57.0	0.01(57)	0.01(57)	|	7871	
388	368	ok	|	0.02	1.00	1.00	0.02	0.01	0	|	rapi	0.02	0.02	0	|	57.0	0.02(57)	0.02(57)	|	7871	
388	369	ok	|	0.01	1.00	1.00	0.01	0.00	0	|	rapi	0.01	0.01	0	|	57.0	0.01(57)	0.01(57)	|	7871	
388	370	ok	|	0.01	1.00	1.00	0.01	0.01	0	|	rapi	0.01	0.01	0	|	57.0	0.01(57)	0.01(57)	|	7871	
388	371	ok	|	0.01	1.00	1.00	0.01	0.01	0	|	rapi	0.01	0.01	0	|	57.0	0.01(57)	0.01(57)	|	7871	
388	372	ok	|	0.02	1.00	1.00	0.02	0.01	0	|	rapi	0.02	0.02	0	|	57.0	0.02(57)	0.02(57)	|	7871	
388	373	ok	|	0.02	1.00	1.00	0.02	0.01	0	|	rapi	0.02	0.02	0	|	57.0	0.02(57)	0.02(57)	|	7871	
388	374	ok	|	0.03	1.00	1.00	0.03	0.01	0	|	rapi	0.03	0.03	0	|	57.0	0.03(57)	0.03(57)	|	7871	
388	375	ok	|	0.03	1.00	1.00	0.03	0.01	0	|	rapi	0.03	0.03	0	|	57.0	0.03(57)	0.03(57)	|	7871	
388	376	ok	|	0.03	1.00	1.00	0.03	0.01	0	|	rapi	0.03	0.03	0	|	57.0	0.03(57)	0.03(57)	|	7871	
388	377	ok	|	0.03	1.00	1.00	0.03	0.02	0	|	rapi	0.03	0.03	0	|	57.0	0.03(57)	0.03(57)	|	7871	
388	378	ok	|	0.03	1.00	1.00	0.03	0.02	0	|	rapi	0.03	0.03	0	|	57.0	0.03(57)	0.03(57)	|	7871	
388	379	ok	|	0.03	1.00	1.00	0.03	0.01	0	|	rapi	0.03	0.03	0	|	57.0	0.03(57)	0.03(57)	|	7871	
388	380	ok	|	0.03	1.00	1.00	0.03	0.02	0	|	rapi	0.03	0.03	0	|	57.0	0.03(57)	0.03(57)	|	7871	
388	381	ok	|	0.04	1.00	1.00	0.04	0.02	0	|	rapi	0.04	0.04	0	|	57.0	0.04(57)	0.04(57)	|	7871	
388	382	ok	|	0.03	1.00	1.00	0.03	0.02	0	|	rapi	0.03	0.03	0	|	57.0	0.03(57)	0.03(57)	|	7871	
388	383	ok	|	0.03	1.00	1.00	0.03	0.01	0	|	rapi	0.03	0.03	0	|	57.0	0.03(57)	0.03(57)	|	7871	
388	384	ok	|	0.04	1.00	1.00	0.04	0.02	0	|	rapi	0.04	0.04	0	|	57.0	0.04(57)	0.04(57)	|	7871	
388	385	ok	|	0.04	1.00	1.00	0.04	0.02	0	|	rapi	0.04	0.04	0	|	57.0	0.04(57)	0.04(57)	|	7871	
388	386	ok	|	0.04	1.00	1.00	0.04	0.02	0	|	rapi	0.04	0.04	0	|	57.0	0.04(57)	0.04(57)	|	7871	
388	387	ok	|	0.03	1.00	1.00	0.03	0.02	0	|	rapi	0.03	0.03	0	|	57.0	0.03(57)	0.03(57)	|	7871	
388	388	ok	|	0.03	1.00	1.00	0.03	0.02	0	|	rapi	0.03	0.03	0	|	57.0	0.03(57)	0.03(57)	|	7871	
388	389	ok	|	0.04	1.00	1.00	0.04	0.02	0	|	rapi	0.04	0.04	0	|	57.0	0.04(57)	0.04(57)	|	7871	
388	390	ok	|	0.05	1.00	1.00	0.06	0.03	0	|	rapi	0.05	0.06	0	|	57.0	0.06(57)	0.06(57)	|	7871	
388	391	ok	|	0.06	1.00	1.00	0.06	0.03	0	|	rapi	0.06	0.06	0	|	57.0	0.06(57)	0.06(57)	|	7871	
388	392	ok	|	0.06	1.00	1.00	0.06	0.03	0	|	rapi	0.06	0.06	0	|	57.0	0.06(57)	0.06(57)	|	7871	
388	393	ok	|	0.07	1.00	1.00	0.07	0.03	0	|	rapi	0.07	0.07	0	|	57.0	0.07(57)	0.07(57)	|	7871	
388	394	ok	|	0.07	1.00	1.00	0.07	0.04	0	|	rapi	0.07	0.07	0	|	57.0	0.07(57)	0.07(57)	|	7871	
388	395	ok	|	0.07	1.00	1.00	0.07	0.04	0	|	rapi	0.07	0.07	0	|	57.0	0.07(57)	0.07(57)	|	7871	
388	396	ok	|	0.07	1.00	1.00	0.07	0.04	0	|	rapi	0.07	0.07	0	|	57.0	0.07(57)	0.07(57)	|	7871	
388	397	ok	|	0.09	1.00	1.00	0.09	0.04	0	|	rapi	0.09	0.09	0	|	57.0	0.09(57)	0.09(57)	|	7871	
388	398	ok	|	0.09	1.00	1.00	0.09	0.05	0	|	rapi	0.09	0.09	0	|	57.0	0.09(57)	0.09(57)	|	7871	
388	399	ok	|	0.08	1.00	1.00	0.09	0.04	0	|	rapi	0.08	0.09	0	|	57.0	0.09(57)	0.09(57)	|	7871	
388	400	ok	|	0.08	1.00	1.00	0.08	0.04	0	|	rapi	0.08	0.08	0	|	57.0	0.08(57)	0.08(57)	|	7871	
388	401	ok	|	0.08	1.00	1.00	0.08	0.04	0	|	rapi	0.08	0.08	0	|	57.0	0.08(57)	0.08(57)	|	7871	
388	402	ok	|	0.08	1.00	1.00	0.09	0.04	0	|	rapi	0.08	0.09	0	|	57.0	0.09(57)	0.09(57)	|	7871	
388	403	ok	|	0.07	1.00	1.00	0.07	0.04	0	|	rapi	0.07	0.07	0	|	57.0	0.07(57)	0.07(57)	|	7871	
388	404	ok	|	0.07	1.00	1.00	0.07	0.04	0	|	rapi	0.07	0.07	0	|	57.0	0.07(57)	0.07(57)	|	7871	
388	405	ok	|	0.07	1.00	1.00	0.08	0.04	0	|	rapi	0.07	0.08	0	|	57.0	0.08(57)	0.08(57)	|	7871	
388	406	ok	|	0.08	1.00	1.00	0.08	0.04	0	|	rapi	0.08	0.08	0	|	57.0	0.08(57)	0.08(57)	|	7871	
388	407	ok	|	0.07	1.00	1.00	0.08	0.04	0	|	rapi	0.07	0.08	0	|	57.0	0.08(57)	0.08(57)	|	7871	
388	408	ok	|	0.08	1.00	1.00	0.08	0.04	0	|	rapi	0.08	0.08	0	|	57.0	0.08(57)	0.08(57)	|	7871	
388	409	ok	|	0.09	1.00	1.00	0.09	0.04	0	|	rapi	0.09	0.09	0	|	57.0	0.09(57)	0.09(57)	|	7871	
388	410	ok	|	0.08	1.00	1.00	0.08	0.04	0	|	rapi	0.08	0.08	0	|	57.0	0.08(57)	0.08(57)	|	7871	
388	411	ok	|	0.07	1.00	1.00	0.07	0.04	0	|	rapi	0.07	0.07	0	|	57.0	0.07(57)	0.07(57)	|	7871	
388	412	ok	|	0.07	1.00	1.00	0.07	0.03	0	|	rapi	0.07	0.07	0	|	57.0	0.07(57)	0.07(57)	|	7871	
388	413	ok	|	0.07	1.00	1.00	0.07	0.04	0	|	rapi	0.07	0.07	0	|	57.0	0.07(57)	0.07(57)	|	7871	
388	414	ok	|	0.06	1.00	1.00	0.07	0.03	0	|	rapi	0.06	0.07	0	|	57.0	0.07(57)	0.07(57)	|	7871	
388	415	ok	|	0.07	1.00	1.00	0.07	0.04	0	|	rapi	0.07	0.07	0	|	57.0	0.07(57)	0.07(57)	|	7871	
388	416	ok	|	0.08	1.00	1.00	0.09	0.04	0	|	rapi	0.08	0.09	0	|	57.0	0.09(57)	0.09(57)	|	7871	
388	417	ok	|	0.08	1.00	1.00	0.08	0.04	0	|	rapi	0.08	0.08	0	|	57.0	0.08(57)	0.08(57)	|	7871	
388	418	ok	|	0.07	1.00	1.00	0.08	0.04	0	|	rapi	0.07	0.08	0	|	57.0	0.08(57)	0.08(57)	|	7871	
388	419	ok	|	0.09	1.00	1.00	0.09	0.04	0	|	rapi	0.09	0.09	0	|	57.0	0.09(57)	0.09(57)	|	7871	
388	420	ok	|	0.07	1.00	1.00	0.07	0.04	0	|	rapi	0.07	0.07	0	|	57.0	0.07(57)	0.07(57)	|	7871	
388	421	ok	|	0.07	1.00	1.00	0.07	0.04	0	|	rapi	0.07	0.07	0	|	57.0	0.07(57)	0.07(57)	|	7871	
388	422	ok	|	0.06	1.00	1.00	0.06	0.03	0	|	rapi	0.06	0.06	0	|	57.0	0.06(57)	0.06(57)	|	7871	
388	423	ok	|	0.07	1.00	1.00	0.07	0.04	0	|	rapi	0.07	0.07	0	|	57.0	0.07(57)	0.07(57)	|	7871	
388	424	ok	|	0.07	1.00	1.00	0.07	0.04	0	|	rapi	0.07	0.07	0	|	57.0	0.07(57)	0.07(57)	|	7871	
388	425	ok	|	0.08	1.00	1.00	0.08	0.04	0	|	rapi	0.08	0.08	0	|	57.0	0.08(57)	0.08(57)	|	7871	
388	426	ok	|	0.08	1.00	1.00	0.08	0.04	0	|	rapi	0.08	0.08	0	|	57.0	0.08(57)	0.08(57)	|	7871	
388	427	ok	|	0.07	1.00	1.00	0.07	0.04	0	|	rapi	0.07	0.07	0	|	57.0	0.07(57)	0.07(57)	|	7871	
388	428	ok	|	0.06	1.00	1.00	0.07	0.03	0	|	rapi	0.06	0.07	0	|	57.0	0.07(57)	0.07(57)	|	7871	
388	429	ok	|	0.06	1.00	1.00	0.06	0.03	0	|	rapi	0.06	0.06	0	|	57.0	0.06(57)	0.06(57)	|	7871	
388	430	ok	|	0.06	1.00	1.00	0.06	0.03	0	|	rapi	0.06	0.06	0	|	57.0	0.06(57)	0.06(57)	|	7871	
388	431	ok	|	0.05	1.00	1.00	0.05	0.02	0	|	rapi	0.05	0.05	0	|	57.0	0.05(57)	0.05(57)	|	7871	
388	432	ok	|	0.05	1.00	1.00	0.05	0.03	0	|	rapi	0.05	0.05	0	|	57.0	0.05(57)	0.05(57)	|	7871	
388	433	ok	|	0.05	1.00	1.00	0.05	0.03	0	|	rapi	0.05	0.05	0	|	57.0	0.05(57)	0.05(57)	|	7871	
388	434	ok	|	0.06	1.00	1.00	0.06	0.03	0	|	rapi	0.06	0.06	0	|	57.0	0.06(57)	0.06(57)	|	7871	
388	435	ok	|	0.06	1.00	1.00	0.06	0.03	0	|	rapi	0.06	0.06	0	|	57.0	0.06(57)	0.06(57)	|	7871	
388	436	ok	|	0.06	1.00	1.00	0.06	0.03	0	|	rapi	0.06	0.06	0	|	57.0	0.06(57)	0.06(57)	|	7871	
388	437	ok	|	0.06	1.00	1.00	0.06	0.03	0	|	rapi	0.06	0.06	0	|	57.0	0.06(57)	0.06(57)	|	7871	
388	438	ok	|	0.06	1.00	1.00	0.06	0.03	0	|	rapi	0.06	0.06	0	|	57.0	0.06(57)	0.06(57)	|	7871	
388	439	ok	|	0.07	1.00	1.00	0.07	0.04	0	|	rapi	0.07	0.07	0	|	57.0	0.07(57)	0.07(57)	|	7871	
388	440	ok	|	0.07	1.00	1.00	0.07	0.04	0	|	rapi	0.07	0.07	0	|	57.0	0.07(57)	0.07(57)	|	7871	
388	441	ok	|	0.07	1.00	1.00	0.08	0.04	0	|	rapi	0.07	0.08	0	|	57.0	0.08(57)	0.08(57)	|	7871	
388	442	ok	|	0.08	1.00	1.00	0.08	0.04	0	|	rapi	0.08	0.08	0	|	57.0	0.08(57)	0.08(57)	|	7871	
388	443	ok	|	0.09	1.00	1.00	0.10	0.05	0	|	rapi	0.09	0.10	0	|	57.0	0.10(57)	0.10(57)	|	7871	
388	444	ok	|	0.09	1.00	1.00	0.09	0.05	0	|	rapi	0.09	0.09	0	|	57.0	0.09(57)	0.09(57)	|	7871	
388	445	ok	|	0.10	1.00	1.00	0.10	0.05	0	|	rapi	0.10	0.10	0	|	57.0	0.10(57)	0.10(57)	|	7871	
388	446	ok	|	0.09	1.00	1.00	0.09	0.05	0	|	rapi	0.09	0.09	0	|	57.0	0.09(57)	0.09(57)	|	7871	
388	447	ok	|	0.08	1.00	1.00	0.08	0.04	0	|	rapi	0.08	0.08	0	|	57.0	0.08(57)	0.08(57)	|	7871	
388	448	ok	|	0.08	1.00	1.00	0.09	0.04	0	|	rapi	0.08	0.09	0	|	57.0	0.09(57)	0.09(57)	|	7871	
388	449	ok	|	0.06	1.00	1.00	0.07	0.03	0	|	rapi	0.06	0.07	0	|	57.0	0.07(57)	0.07(57)	|	7871	
388	450	ok	|	0.06	1.00	1.00	0.06	0.03	0	|	rapi	0.06	0.06	0	|	57.0	0.06(57)	0.06(57)	|	7871	
388	451	ok	|	0.06	1.00	1.00	0.07	0.03	0	|	rapi	0.06	0.07	0	|	57.0	0.07(57)	0.07(57)	|	7871	
388	452	ok	|	0.06	1.00	1.00	0.07	0.03	0	|	rapi	0.06	0.07	0	|	57.0	0.07(57)	0.07(57)	|	7871	
388	453	ok	|	0.06	1.00	1.00	0.06	0.03	0	|	rapi	0.06	0.06	0	|	57.0	0.06(57)	0.06(57)	|	7871	
388	454	ok	|	0.06	1.00	1.00	0.06	0.03	0	|	rapi	0.06	0.06	0	|	57.0	0.06(57)	0.06(57)	|	7871	
388	455	ok	|	0.04	1.00	1.00	0.05	0.02	0	|	rapi	0.04	0.05	0	|	57.0	0.05(57)	0.05(57)	|	7871	
388	456	ok	|	0.05	1.00	1.00	0.05	0.02	0	|	rapi	0.05	0.05	0	|	57.0	0.05(57)	0.05(57)	|	7871	
388	457	ok	|	0.05	1.00	1.00	0.05	0.03	0	|	rapi	0.05	0.05	0	|	57.0	0.05(57)	0.05(57)	|	7871	
388	458	ok	|	0.07	1.00	1.00	0.07	0.03	0	|	rapi	0.07	0.07	0	|	57.0	0.07(57)	0.07(57)	|	7871	
388	459	ok	|	0.07	1.00	1.00	0.07	0.04	0	|	rapi	0.07	0.07	0	|	57.0	0.07(57)	0.07(57)	|	7871	
388	460	ok	|	0.09	1.00	1.00	0.09	0.05	0	|	rapi	0.09	0.09	0	|	57.0	0.09(57)	0.09(57)	|	7871	
388	461	ok	|	0.09	1.00	1.00	0.10	0.05	0	|	rapi	0.09	0.10	0	|	57.0	0.10(57)	0.10(57)	|	7871	
388	462	ok	|	0.09	1.00	1.00	0.09	0.04	0	|	rapi	0.09	0.09	0	|	57.0	0.09(57)	0.09(57)	|	7871	
388	463	ok	|	0.09	1.00	1.00	0.09	0.04	0	|	rapi	0.09	0.09	0	|	57.0	0.09(57)	0.09(57)	|	7871	
388	464	ok	|	0.07	1.00	1.00	0.08	0.04	0	|	rapi	0.07	0.08	0	|	57.0	0.08(57)	0.08(57)	|	7871	
388	465	ok	|	0.08	1.00	1.00	0.08	0.04	0	|	rapi	0.08	0.08	0	|	57.0	0.08(57)	0.08(57)	|	7871	
388	466	ok	|	0.08	1.00	1.00	0.08	0.04	0	|	rapi	0.08	0.08	0	|	57.0	0.08(57)	0.08(57)	|	7871	
388	467	ok	|	0.08	1.00	1.00	0.08	0.04	0	|	rapi	0.08	0.08	0	|	57.0	0.08(57)	0.08(57)	|	7871	
388	468	ok	|	0.07	1.00	1.00	0.07	0.04	0	|	rapi	0.07	0.07	0	|	57.0	0.07(57)	0.07(57)	|	7871	
388	469	ok	|	0.08	1.00	1.00	0.08	0.04	0	|	rapi	0.08	0.08	0	|	57.0	0.08(57)	0.08(57)	|	7871	
388	470	ok	|	0.07	1.00	1.00	0.07	0.03	0	|	rapi	0.07	0.07	0	|	57.0	0.07(57)	0.07(57)	|	7871	
388	471	ok	|	0.06	1.00	1.00	0.06	0.03	0	|	rapi	0.06	0.06	0	|	57.0	0.06(57)	0.06(57)	|	7871	
388	472	ok	|	0.05	1.00	1.00	0.05	0.03	0	|	rapi	0.05	0.05	0	|	57.0	0.05(57)	0.05(57)	|	7871	
388	473	ok	|	0.05	1.00	1.00	0.05	0.03	0	|	rapi	0.05	0.05	0	|	57.0	0.05(57)	0.05(57)	|	7871	
388	474	ok	|	0.06	1.00	1.00	0.06	0.03	0	|	rapi	0.06	0.06	0	|	57.0	0.06(57)	0.06(57)	|	7871	
388	475	ok	|	0.04	1.00	1.00	0.05	0.02	0	|	rapi	0.04	0.05	0	|	57.0	0.05(57)	0.05(57)	|	7871	
388	476	ok	|	0.05	1.00	1.00	0.05	0.02	0	|	rapi	0.05	0.05	0	|	57.0	0.05(57)	0.05(57)	|	7871	
388	477	ok	|	0.05	1.00	1.00	0.05	0.02	0	|	rapi	0.05	0.05	0	|	57.0	0.05(57)	0.05(57)	|	7871	
388	478	ok	|	0.04	1.00	1.00	0.04	0.02	0	|	rapi	0.04	0.04	0	|	57.0	0.04(57)	0.04(57)	|	7871	
388	479	ok	|	0.04	1.00	1.00	0.04	0.02	0	|	rapi	0.04	0.04	0	|	57.0	0.04(57)	0.04(57)	|	7871	
388	480	ok	|	0.04	1.00	1.00	0.04	0.02	0	|	rapi	0.04	0.04	0	|	57.0	0.04(57)	0.04(57)	|	7871	
388	481	ok	|	0.04	1.00	1.00	0.04	0.02	0	|	rapi	0.04	0.04	0	|	57.0	0.04(57)	0.04(57)	|	7871	
388	482	ok	|	0.05	1.00	1.00	0.05	0.02	0	|	rapi	0.05	0.05	0	|	57.0	0.05(57)	0.05(57)	|	7871	
388	483	ok	|	0.05	1.00	1.00	0.05	0.03	0	|	rapi	0.05	0.05	0	|	57.0	0.05(57)	0.05(57)	|	7871	
388	484	ok	|	0.05	1.00	1.00	0.05	0.02	0	|	rapi	0.05	0.05	0	|	57.0	0.05(57)	0.05(57)	|	7871	
388	485	ok	|	0.04	1.00	1.00	0.04	0.02	0	|	rapi	0.04	0.04	0	|	57.0	0.04(57)	0.04(57)	|	7871	
388	486	ok	|	0.04	1.00	1.00	0.04	0.02	0	|	rapi	0.04	0.04	0	|	57.0	0.04(57)	0.04(57)	|	7871	
388	487	ok	|	0.03	1.00	1.00	0.03	0.01	0	|	rapi	0.03	0.03	0	|	57.0	0.03(57)	0.03(57)	|	7871	
388	488	ok	|	0.03	1.00	1.00	0.03	0.02	0	|	rapi	0.03	0.03	0	|	57.0	0.03(57)	0.03(57)	|	7871	
388	489	ok	|	0.03	1.00	1.00	0.03	0.01	0	|	rapi	0.03	0.03	0	|	57.0	0.03(57)	0.03(57)	|	7871	
388	490	ok	|	0.03	1.00	1.00	0.03	0.01	0	|	rapi	0.03	0.03	0	|	57.0	0.03(57)	0.03(57)	|	7871	
388	491	ok	|	0.02	1.00	1.00	0.02	0.01	0	|	rapi	0.02	0.02	0	|	57.0	0.02(57)	0.02(57)	|	7871	
388	492	ok	|	0.03	1.00	1.00	0.03	0.01	0	|	rapi	0.03	0.03	0	|	57.0	0.03(57)	0.03(57)	|	7871	
388	493	ok	|	0.03	1.00	1.00	0.03	0.02	0	|	rapi	0.03	0.03	0	|	57.0	0.03(57)	0.03(57)	|	7871	
388	494	ok	|	0.03	1.00	1.00	0.03	0.01	0	|	rapi	0.03	0.03	0	|	57.0	0.03(57)	0.03(57)	|	7871	
388	495	ok	|	0.03	1.00	1.00	0.03	0.01	0	|	rapi	0.03	0.03	0	|	57.0	0.03(57)	0.03(57)	|	7871	
388	496	ok	|	0.03	1.00	1.00	0.03	0.01	0	|	rapi	0.03	0.03	0	|	57.0	0.03(57)	0.03(57)	|	7871	
388	497	ok	|	0.02	1.00	1.00	0.02	0.01	0	|	rapi	0.02	0.02	0	|	57.0	0.02(57)	0.02(57)	|	7871	
388	498	ok	|	0.03	1.00	1.00	0.03	0.01	0	|	rapi	0.03	0.03	0	|	57.0	0.03(57)	0.03(57)	|	7871	
388	499	ok	|	0.02	1.00	1.00	0.02	0.01	0	|	rapi	0.02	0.02	0	|	57.0	0.02(57)	0.02(57)	|	7871	
388	500	ok	|	0.02	1.00	1.00	0.02	0.01	0	|	rapi	0.02	0.02	0	|	57.0	0.02(57)	0.02(57)	|	7871	
388	501	ok	|	0.01	1.00	1.00	0.01	0.01	0	|	rapi	0.01	0.01	0	|	57.0	0.01(57)	0.01(57)	|	7871	
388	502	ok	|	0.02	1.00	1.00	0.02	0.01	0	|	rapi	0.02	0.02	0	|	57.0	0.02(57)	0.02(57)	|	7871	
388	503	ok	|	0.02	1.00	1.00	0.02	0.01	0	|	rapi	0.02	0.02	0	|	57.0	0.02(57)	0.02(57)	|	7871	
388	504	ok	|	0.01	1.00	1.00	0.01	0.01	0	|	rapi	0.01	0.01	0	|	57.0	0.01(57)	0.01(57)	|	7871	
388	505	ok	|	0.02	1.00	1.00	0.02	0.01	0	|	rapi	0.02	0.02	0	|	57.0	0.02(57)	0.02(57)	|	7871	
388	506	ok	|	0.01	1.00	1.00	0.01	0.01	0	|	rapi	0.01	0.01	0	|	57.0	0.01(57)	0.01(57)	|	7871	
388	507	ok	|	0.01	1.00	1.00	0.01	0.01	0	|	rapi	0.01	0.01	0	|	57.0	0.01(57)	0.01(57)	|	7871	
388	508	ok	|	0.01	1.00	1.00	0.01	0.01	0	|	rapi	0.01	0.01	0	|	57.0	0.01(57)	0.01(57)	|	7871	
388	509	ok	|	0.01	1.00	1.00	0.01	0.01	0	|	rapi	0.01	0.01	0	|	57.0	0.01(57)	0.01(57)	|	7871	
388	510	ok	|	0.01	1.00	1.00	0.01	0.01	0	|	rapi	0.01	0.01	0	|	57.0	0.01(57)	0.01(57)	|	7871	
388	511	ok	|	0.01	1.00	1.00	0.01	0.00	0	|	rapi	0.01	0.01	0	|	57.0	0.01(57)	0.01(57)	|	7871	
388	512	ok	|	0.01	1.00	1.00	0.01	0.00	0	|	rapi	0.01	0.01	0	|	57.0	0.01(57)	0.01(57)	|	7871	
388	513	ok	|	0.01	1.00	1.00	0.01	0.01	0	|	rapi	0.01	0.01	0	|	57.0	0.01(57)	0.01(57)	|	7871	
388	514	ok	|	0.01	1.00	1.00	0.01	0.01	0	|	rapi	0.01	0.01	0	|	57.0	0.01(57)	0.01(57)	|	7871	
388	515	ok	|	0.02	1.00	1.00	0.02	0.01	0	|	rapi	0.02	0.02	0	|	57.0	0.02(57)	0.02(57)	|	7871	
388	516	ok	|	0.01	1.00	1.00	0.01	0.01	0	|	rapi	0.01	0.01	0	|	57.0	0.01(57)	0.01(57)	|	7871	
388	517	ok	|	0.01	1.00	1.00	0.01	0.01	0	|	rapi	0.01	0.01	0	|	57.0	0.01(57)	0.01(57)	|	7871	
388	518	ok	|	0.02	1.00	1.00	0.02	0.01	0	|	rapi	0.02	0.02	0	|	57.0	0.02(57)	0.02(57)	|	7871	
388	519	ok	|	0.02	1.00	1.00	0.02	0.01	0	|	rapi	0.02	0.02	0	|	57.0	0.02(57)	0.02(57)	|	7871	
388	520	ok	|	0.02	1.00	1.00	0.02	0.01	0	|	rapi	0.02	0.02	0	|	57.0	0.02(57)	0.02(57)	|	7871	
388	521	ok	|	0.03	1.00	1.00	0.03	0.01	0	|	rapi	0.03	0.03	0	|	57.0	0.03(57)	0.03(57)	|	7871	
388	522	ok	|	0.03	1.00	1.00	0.03	0.01	0	|	rapi	0.03	0.03	0	|	57.0	0.03(57)	0.03(57)	|	7871	
388	523	ok	|	0.03	1.00	1.00	0.03	0.01	0	|	rapi	0.03	0.03	0	|	57.0	0.03(57)	0.03(57)	|	7871	
388	524	ok	|	0.02	1.00	1.00	0.02	0.01	0	|	rapi	0.02	0.02	0	|	57.0	0.02(57)	0.02(57)	|	7871	
388	525	ok	|	0.02	1.00	1.00	0.02	0.01	0	|	rapi	0.02	0.02	0	|	57.0	0.02(57)	0.02(57)	|	7871	
388	526	ok	|	0.01	1.00	1.00	0.01	0.01	0	|	rapi	0.01	0.01	0	|	57.0	0.01(57)	0.01(57)	|	7871	
388	527	ok	|	0.01	1.00	1.00	0.01	0.01	0	|	rapi	0.01	0.01	0	|	57.0	0.01(57)	0.01(57)	|	7871	
388	528	ok	|	0.01	1.00	1.00	0.01	0.01	0	|	rapi	0.01	0.01	0	|	57.0	0.01(57)	0.01(57)	|	7871	
388	529	ok	|	0.01	1.00	1.00	0.01	0.00	0	|	rapi	0.01	0.01	0	|	57.0	0.01(57)	0.01(57)	|	7871	
388	530	ok	|	0.01	1.00	1.00	0.01	0.00	0	|	rapi	0.01	0.01	0	|	57.0	0.01(57)	0.01(57)	|	7871	
388	531	ok	|	0.01	1.00	1.00	0.01	0.01	0	|	rapi	0.01	0.01	0	|	57.0	0.01(57)	0.01(57)	|	7871	
388	532	ok	|	0.01	1.00	1.00	0.01	0.01	0	|	rapi	0.01	0.01	0	|	57.0	0.01(57)	0.01(57)	|	7871	
388	533	ok	|	0.02	1.00	1.00	0.02	0.01	0	|	rapi	0.02	0.02	0	|	57.0	0.02(57)	0.02(57)	|	7871	
388	534	ok	|	0.02	1.00	1.00	0.02	0.01	0	|	rapi	0.02	0.02	0	|	57.0	0.02(57)	0.02(57)	|	7871	
388	535	ok	|	0.02	1.00	1.00	0.02	0.01	0	|	rapi	0.02	0.02	0	|	57.0	0.02(57)	0.02(57)	|	7871	
388	536	ok	|	0.02	1.00	1.00	0.02	0.01	0	|	rapi	0.02	0.02	0	|	57.0	0.02(57)	0.02(57)	|	7871	
388	537	ok	|	0.02	1.00	1.00	0.02	0.01	0	|	rapi	0.02	0.02	0	|	57.0	0.02(57)	0.02(57)	|	7871	
388	538	ok	|	0.03	1.00	1.00	0.03	0.01	0	|	rapi	0.03	0.03	0	|	57.0	0.03(57)	0.03(57)	|	7871	
388	539	ok	|	0.03	1.00	1.00	0.03	0.01	0	|	rapi	0.03	0.03	0	|	57.0	0.03(57)	0.03(57)	|	7871	
388	540	ok	|	0.02	1.00	1.00	0.02	0.01	0	|	rapi	0.02	0.02	0	|	57.0	0.02(57)	0.02(57)	|	7871	
388	541	ok	|	0.03	1.00	1.00	0.03	0.01	0	|	rapi	0.03	0.03	0	|	57.0	0.03(57)	0.03(57)	|	7871	
388	542	ok	|	0.04	1.00	1.00	0.04	0.02	0	|	rapi	0.04	0.04	0	|	57.0	0.04(57)	0.04(57)	|	7871	
388	543	ok	|	0.04	1.00	1.00	0.04	0.02	0	|	rapi	0.04	0.04	0	|	57.0	0.04(57)	0.04(57)	|	7871	
388	544	ok	|	0.04	1.00	1.00	0.04	0.02	0	|	rapi	0.04	0.04	0	|	57.0	0.04(57)	0.04(57)	|	7871	
388	545	ok	|	0.04	1.00	1.00	0.04	0.02	0	|	rapi	0.04	0.04	0	|	57.0	0.04(57)	0.04(57)	|	7871	
388	546	ok	|	0.04	1.00	1.00	0.04	0.02	0	|	rapi	0.04	0.04	0	|	57.0	0.04(57)	0.04(57)	|	7871	
388	547	ok	|	0.05	1.00	1.00	0.05	0.03	0	|	rapi	0.05	0.05	0	|	57.0	0.05(57)	0.05(57)	|	7871	
388	548	ok	|	0.04	1.00	1.00	0.04	0.02	0	|	rapi	0.04	0.04	0	|	57.0	0.04(57)	0.04(57)	|	7871	
388	549	ok	|	0.03	1.00	1.00	0.03	0.02	0	|	rapi	0.03	0.03	0	|	57.0	0.03(57)	0.03(57)	|	7871	
388	550	ok	|	0.04	1.00	1.00	0.04	0.02	0	|	rapi	0.04	0.04	0	|	57.0	0.04(57)	0.04(57)	|	7871	
388	551	ok	|	0.04	1.00	1.00	0.04	0.02	0	|	rapi	0.04	0.04	0	|	57.0	0.04(57)	0.04(57)	|	7871	
388	552	ok	|	0.03	1.00	1.00	0.03	0.01	0	|	rapi	0.03	0.03	0	|	57.0	0.03(57)	0.03(57)	|	7871	
388	553	ok	|	0.03	1.00	1.00	0.03	0.01	0	|	rapi	0.03	0.03	0	|	57.0	0.03(57)	0.03(57)	|	7871	
388	554	ok	|	0.03	1.00	1.00	0.03	0.01	0	|	rapi	0.03	0.03	0	|	57.0	0.03(57)	0.03(57)	|	7871	
388	555	ok	|	0.03	1.00	1.00	0.03	0.01	0	|	rapi	0.03	0.03	0	|	57.0	0.03(57)	0.03(57)	|	7871	
388	556	ok	|	0.03	1.00	1.00	0.03	0.01	0	|	rapi	0.03	0.03	0	|	57.0	0.03(57)	0.03(57)	|	7871	
388	557	ok	|	0.03	1.00	1.00	0.03	0.02	0	|	rapi	0.03	0.03	0	|	57.0	0.03(57)	0.03(57)	|	7871	
388	558	ok	|	0.02	1.00	1.00	0.02	0.01	0	|	rapi	0.02	0.02	0	|	57.0	0.02(57)	0.02(57)	|	7871	
388	559	ok	|	0.02	1.00	1.00	0.02	0.01	0	|	rapi	0.02	0.02	0	|	57.0	0.02(57)	0.02(57)	|	7871	
388	560	ok	|	0.02	1.00	1.00	0.02	0.01	0	|	rapi	0.02	0.02	0	|	57.0	0.02(57)	0.02(57)	|	7871	
388	561	ok	|	0.01	1.00	1.00	0.01	0.01	0	|	rapi	0.01	0.01	0	|	57.0	0.01(57)	0.01(57)	|	7871	
388	562	ok	|	0.01	1.00	1.00	0.01	0.01	0	|	rapi	0.01	0.01	0	|	57.0	0.01(57)	0.01(57)	|	7871	
388	563	ok	|	0.01	1.00	1.00	0.01	0.00	0	|	rapi	0.01	0.01	0	|	57.0	0.01(57)	0.01(57)	|	7871	
388	564	ok	|	0.01	1.00	1.00	0.01	0.01	0	|	rapi	0.01	0.01	0	|	57.0	0.01(57)	0.01(57)	|	7871	
388	565	ok	|	0.01	1.00	1.00	0.01	0.01	0	|	rapi	0.01	0.01	0	|	57.0	0.01(57)	0.01(57)	|	7871	
388	566	ok	|	0.01	1.00	1.00	0.01	0.01	0	|	rapi	0.01	0.01	0	|	57.0	0.01(57)	0.01(57)	|	7871	
388	567	ok	|	0.01	1.00	1.00	0.01	0.01	0	|	rapi	0.01	0.01	0	|	57.0	0.01(57)	0.01(57)	|	7871	
388	568	ok	|	0.03	1.00	1.00	0.03	0.01	0	|	rapi	0.03	0.03	0	|	57.0	0.03(57)	0.03(57)	|	7871	
388	569	ok	|	0.02	1.00	1.00	0.02	0.01	0	|	rapi	0.02	0.02	0	|	57.0	0.02(57)	0.02(57)	|	7871	
388	570	ok	|	0.02	1.00	1.00	0.02	0.01	0	|	rapi	0.02	0.02	0	|	57.0	0.02(57)	0.02(57)	|	7871	
388	571	ok	|	0.03	1.00	1.00	0.03	0.01	0	|	rapi	0.03	0.03	0	|	57.0	0.03(57)	0.03(57)	|	7871	
388	572	ok	|	0.03	1.00	1.00	0.03	0.01	0	|	rapi	0.03	0.03	0	|	57.0	0.03(57)	0.03(57)	|	7871	
388	573	ok	|	0.02	1.00	1.00	0.02	0.01	0	|	rapi	0.02	0.02	0	|	57.0	0.02(57)	0.02(57)	|	7871	
388	574	ok	|	0.02	1.00	1.00	0.03	0.01	0	|	rapi	0.02	0.03	0	|	57.0	0.03(57)	0.03(57)	|	7871	
388	575	ok	|	0.03	1.00	1.00	0.03	0.01	0	|	rapi	0.03	0.03	0	|	57.0	0.03(57)	0.03(57)	|	7871	
388	576	ok	|	0.03	1.00	1.00	0.03	0.01	0	|	rapi	0.03	0.03	0	|	57.0	0.03(57)	0.03(57)	|	7871	
388	577	ok	|	0.03	1.00	1.00	0.03	0.01	0	|	rapi	0.03	0.03	0	|	57.0	0.03(57)	0.03(57)	|	7871	
388	578	ok	|	0.02	1.00	1.00	0.03	0.01	0	|	rapi	0.02	0.03	0	|	57.0	0.03(57)	0.03(57)	|	7871	
388	579	ok	|	0.02	1.00	1.00	0.02	0.01	0	|	rapi	0.02	0.02	0	|	57.0	0.02(57)	0.02(57)	|	7871	
388	580	ok	|	0.02	1.00	1.00	0.02	0.01	0	|	rapi	0.02	0.02	0	|	57.0	0.02(57)	0.02(57)	|	7871	
388	581	ok	|	0.03	1.00	1.00	0.03	0.01	0	|	rapi	0.03	0.03	0	|	57.0	0.03(57)	0.03(57)	|	7871	
388	582	ok	|	0.03	1.00	1.00	0.03	0.01	0	|	rapi	0.03	0.03	0	|	57.0	0.03(57)	0.03(57)	|	7871	
388	583	ok	|	0.04	1.00	1.00	0.04	0.02	0	|	rapi	0.04	0.04	0	|	57.0	0.04(57)	0.04(57)	|	7871	
388	584	ok	|	0.04	1.00	1.00	0.04	0.02	0	|	rapi	0.04	0.04	0	|	57.0	0.04(57)	0.04(57)	|	7871	
388	585	ok	|	0.04	1.00	1.00	0.04	0.02	0	|	rapi	0.04	0.04	0	|	57.0	0.04(57)	0.04(57)	|	7871	
388	586	ok	|	0.04	1.00	1.00	0.04	0.02	0	|	rapi	0.04	0.04	0	|	57.0	0.04(57)	0.04(57)	|	7871	
388	587	ok	|	0.04	1.00	1.00	0.04	0.02	0	|	rapi	0.04	0.04	0	|	57.0	0.04(57)	0.04(57)	|	7871	
388	588	ok	|	0.05	1.00	1.00	0.05	0.03	0	|	rapi	0.05	0.05	0	|	57.0	0.05(57)	0.05(57)	|	7871	
388	589	ok	|	0.05	1.00	1.00	0.05	0.02	0	|	rapi	0.05	0.05	0	|	57.0	0.05(57)	0.05(57)	|	7871	
388	590	ok	|	0.05	1.00	1.00	0.05	0.03	0	|	rapi	0.05	0.05	0	|	57.0	0.05(57)	0.05(57)	|	7871	
388	591	ok	|	0.04	1.00	1.00	0.04	0.02	0	|	rapi	0.04	0.04	0	|	57.0	0.04(57)	0.04(57)	|	7871	
388	592	ok	|	0.03	1.00	1.00	0.03	0.02	0	|	rapi	0.03	0.03	0	|	57.0	0.03(57)	0.03(57)	|	7871	
388	593	ok	|	0.03	1.00	1.00	0.03	0.01	0	|	rapi	0.03	0.03	0	|	57.0	0.03(57)	0.03(57)	|	7871	
388	594	ok	|	0.02	1.00	1.00	0.02	0.01	0	|	rapi	0.02	0.02	0	|	57.0	0.02(57)	0.02(57)	|	7871	
388	595	ok	|	0.02	1.00	1.00	0.02	0.01	0	|	rapi	0.02	0.02	0	|	57.0	0.02(57)	0.02(57)	|	7871	
388	596	ok	|	0.01	1.00	1.00	0.01	0.01	0	|	rapi	0.01	0.01	0	|	57.0	0.01(57)	0.01(57)	|	7871	
388	597	ok	|	0.02	1.00	1.00	0.02	0.01	0	|	rapi	0.02	0.02	0	|	57.0	0.02(57)	0.02(57)	|	7871	
388	598	ok	|	0.02	1.00	1.00	0.02	0.01	0	|	rapi	0.02	0.02	0	|	57.0	0.02(57)	0.02(57)	|	7871	
388	599	ok	|	0.02	1.00	1.00	0.02	0.01	0	|	rapi	0.02	0.02	0	|	57.0	0.02(57)	0.02(57)	|	7871	
388	600	ok	|	0.02	1.00	1.00	0.02	0.01	0	|	rapi	0.02	0.02	0	|	57.0	0.02(57)	0.02(57)	|	7871	
388	601	ok	|	0.02	1.00	1.00	0.02	0.01	0	|	rapi	0.02	0.02	0	|	57.0	0.02(57)	0.02(57)	|	7871	
388	602	ok	|	0.02	1.00	1.00	0.02	0.01	0	|	rapi	0.02	0.02	0	|	57.0	0.02(57)	0.02(57)	|	7871	
388	603	ok	|	0.02	1.00	1.00	0.02	0.01	0	|	rapi	0.02	0.02	0	|	57.0	0.02(57)	0.02(57)	|	7871	
388	604	ok	|	0.02	1.00	1.00	0.02	0.01	0	|	rapi	0.02	0.02	0	|	57.0	0.02(57)	0.02(57)	|	7871	
388	605	ok	|	0.02	1.00	1.00	0.02	0.01	0	|	rapi	0.02	0.02	0	|	57.0	0.02(57)	0.02(57)	|	7871	
388	606	ok	|	0.01	1.00	1.00	0.01	0.01	0	|	rapi	0.01	0.01	0	|	57.0	0.01(57)	0.01(57)	|	7871	
388	607	ok	|	0.01	1.00	1.00	0.01	0.01	0	|	rapi	0.01	0.01	0	|	57.0	0.01(57)	0.01(57)	|	7871	
388	608	ok	|	0.02	1.00	1.00	0.02	0.01	0	|	rapi	0.02	0.02	0	|	57.0	0.02(57)	0.02(57)	|	7871	
388	609	ok	|	0.02	1.00	1.00	0.02	0.01	0	|	rapi	0.02	0.02	0	|	57.0	0.02(57)	0.02(57)	|	7871	
388	610	ok	|	0.03	1.00	1.00	0.03	0.01	0	|	rapi	0.03	0.03	0	|	57.0	0.03(57)	0.03(57)	|	7871	
388	611	ok	|	0.03	1.00	1.00	0.03	0.01	0	|	rapi	0.03	0.03	0	|	57.0	0.03(57)	0.03(57)	|	7871	
388	612	ok	|	0.03	1.00	1.00	0.03	0.01	0	|	rapi	0.03	0.03	0	|	57.0	0.03(57)	0.03(57)	|	7871	
388	613	ok	|	0.03	1.00	1.00	0.03	0.01	0	|	rapi	0.03	0.03	0	|	57.0	0.03(57)	0.03(57)	|	7871	
388	614	ok	|	0.04	1.00	1.00	0.04	0.02	0	|	rapi	0.04	0.04	0	|	57.0	0.04(57)	0.04(57)	|	7871	
388	615	ok	|	0.03	1.00	1.00	0.04	0.02	0	|	rapi	0.03	0.04	0	|	57.0	0.04(57)	0.04(57)	|	7871	
388	616	ok	|	0.03	1.00	1.00	0.03	0.02	0	|	rapi	0.03	0.03	0	|	57.0	0.03(57)	0.03(57)	|	7871	
388	617	ok	|	0.04	1.00	1.00	0.04	0.02	0	|	rapi	0.04	0.04	0	|	57.0	0.04(57)	0.04(57)	|	7871	
388	618	ok	|	0.03	1.00	1.00	0.03	0.01	0	|	rapi	0.03	0.03	0	|	57.0	0.03(57)	0.03(57)	|	7871	
388	619	ok	|	0.02	1.00	1.00	0.02	0.01	0	|	rapi	0.02	0.02	0	|	57.0	0.02(57)	0.02(57)	|	7871	
388	620	ok	|	0.02	1.00	1.00	0.02	0.01	0	|	rapi	0.02	0.02	0	|	57.0	0.02(57)	0.02(57)	|	7871	
388	621	ok	|	0.01	1.00	1.00	0.01	0.01	0	|	rapi	0.01	0.01	0	|	57.0	0.01(57)	0.01(57)	|	7871	
388	622	ok	|	0.01	1.00	1.00	0.01	0.01	0	|	rapi	0.01	0.01	0	|	57.0	0.01(57)	0.01(57)	|	7871	
388	623	ok	|	0.01	1.00	1.00	0.01	0.01	0	|	rapi	0.01	0.01	0	|	57.0	0.01(57)	0.01(57)	|	7871	
388	624	ok	|	0.01	1.00	1.00	0.01	0.01	0	|	rapi	0.01	0.01	0	|	57.0	0.01(57)	0.01(57)	|	7871	
388	625	ok	|	0.01	1.00	1.00	0.01	0.01	0	|	rapi	0.01	0.01	0	|	57.0	0.01(57)	0.01(57)	|	7871	
388	626	ok	|	0.01	1.00	1.00	0.01	0.01	0	|	rapi	0.01	0.01	0	|	57.0	0.01(57)	0.01(57)	|	7871	
388	627	ok	|	0.01	1.00	1.00	0.01	0.01	0	|	rapi	0.01	0.01	0	|	57.0	0.01(57)	0.01(57)	|	7871	
388	628	ok	|	0.01	1.00	1.00	0.01	0.00	0	|	rapi	0.01	0.01	0	|	57.0	0.01(57)	0.01(57)	|	7871	
388	629	ok	|	0.01	1.00	1.00	0.01	0.00	0	|	rapi	0.01	0.01	0	|	57.0	0.01(57)	0.01(57)	|	7871	
388	630	ok	|	0.00	1.00	1.00	0.00	0.00	0	|	rapi	0.00	0.00	0	|	57.0	0.00(57)	0.00(57)	|	7871	
388	631	fail-0	|	0.00	1.00	1.00	0.00	NaN	0	|	rapi	0.00	0.00	0	|	NaN			|	7871	
