3914	0	ok	|	0.10	1.00	1.00	0.10	0.00	0	|	rapi	0.00	0.00	0	|	-83.0	0.10(-83)		|	2	
3914	1	ok	|	0.11	1.00	1.00	0.13	0.00	0	|	rapi	0.00	0.00	0	|	-83.0	0.13(-83)		|	2	
3914	2	ok	|	0.12	1.00	1.00	0.15	0.00	0	|	rapi	0.00	0.00	0	|	-83.0	0.15(-83)		|	2	
3914	3	ok	|	0.13	1.00	1.00	0.16	0.00	0	|	rapi	0.00	0.00	0	|	-83.0	0.16(-83)		|	2	
3914	4	ok	|	0.15	1.00	1.00	0.21	0.00	0	|	rapi	0.00	0.00	0	|	-83.0	0.21(-83)		|	2	
3914	5	ok	|	0.17	1.00	1.00	0.25	0.00	0	|	rapi	0.00	0.00	0	|	-83.0	0.25(-83)		|	2	
3914	6	ok	|	0.20	1.00	1.00	0.27	0.00	0	|	rapi	0.00	0.00	0	|	-83.0	0.27(-83)		|	2	
3914	7	ok	|	0.23	1.00	1.00	0.32	0.00	0	|	rapi	0.00	0.00	0	|	-83.0	0.32(-83)		|	2	
3914	8	ok	|	0.28	1.00	1.00	0.40	0.00	0	|	rapi	0.00	0.00	0	|	-83.0	0.40(-83)		|	2	
3914	9	ok	|	0.35	0.99	0.99	0.52	0.00	0	|	rapi	0.00	0.00	0	|	-83.0	0.52(-83)		|	2	
3914	10	ok	|	0.37	0.99	0.99	0.56	0.00	0	|	rapi	0.00	0.00	0	|	-83.0	0.56(-83)		|	2	
3914	11	ok	|	0.42	0.99	0.99	0.70	0.00	0	|	rapi	0.00	0.00	0	|	-83.0	0.70(-83)		|	2	
3914	12	ok	|	0.45	0.99	0.99	0.77	0.00	0	|	rapi	0.00	0.00	0	|	-83.0	0.77(-83)		|	2	
3914	13	ok	|	0.51	0.99	0.99	0.90	0.00	0	|	rapi	0.00	0.00	0	|	-83.0	0.90(-83)		|	2	
3914	14	ok	|	0.58	0.99	0.99	1.04	0.00	0	|	rapi	0.00	0.00	0	|	-83.0	1.04(-83)		|	2	
3914	15	ok	|	0.63	0.99	0.99	1.20	0.00	0	|	rapi	0.00	0.00	0	|	-83.0	1.20(-83)		|	2	
3914	16	ok	|	0.68	0.99	0.99	1.47	0.00	0	|	rapi	0.00	0.00	0	|	-83.0	1.47(-83)		|	2	
3914	17	ok	|	0.74	0.98	0.98	1.66	0.00	0	|	rapi	0.00	0.00	0	|	-83.0	1.66(-83)		|	2	
3914	18	ok	|	0.82	0.98	0.98	2.08	0.00	0	|	rapi	0.00	0.00	0	|	-83.0	2.08(-83)		|	2	
3914	19	ok	|	0.83	0.98	0.98	2.38	0.00	0	|	rapi	0.00	0.00	0	|	-83.0	2.38(-83)		|	2	
3914	20	ok	|	0.89	0.97	0.97	2.88	0.00	0	|	rapi	0.00	0.00	0	|	-83.0	2.88(-83)		|	2	
3914	21	ok	|	0.93	0.97	0.97	3.42	0.00	0	|	rapi	0.00	0.00	0	|	-83.0	3.42(-83)		|	2	
3914	22	ok	|	0.96	0.96	0.96	4.10	0.00	0	|	rapi	0.00	0.00	0	|	-83.0	4.10(-83)		|	2	
3914	23	ok	|	0.98	0.95	0.95	5.02	0.00	0	|	rapi	0.00	0.00	0	|	-83.0	5.02(-83)	0.00(-83)	|	2	
3914	24	ok	|	0.99	0.94	0.94	5.77	0.00	0	|	rapi	0.00	0.00	0	|	-83.0	5.77(-83)	0.00(-83)	|	2	
3914	25	ok	|	1.00	0.93	0.93	6.87	0.00	0	|	rapi	0.00	0.00	0	|	-83.0	6.87(-83)	0.00(-83)	|	2	
3914	26	ok	|	1.00	0.92	0.92	8.28	0.00	0	|	rapi	0.00	0.00	0	|	-83.0	8.28(-83)	0.00(-83)	|	2	
3914	27	ok	|	1.00	0.90	0.90	9.97	0.00	0	|	rapi	0.00	0.00	0	|	-83.0	9.97(-83)	0.00(-83)	|	2	
3914	28	ok	|	1.00	0.88	0.88	11.65	0.00	0	|	rapi	0.00	0.00	0	|	-83.0	11.65(-83)	0.00(-83)	|	2	
3914	29	ok	|	1.00	0.86	0.86	13.93	0.00	0	|	rapi	0.00	0.00	0	|	-83.0	13.93(-83)	0.00(-83)	|	2	
3914	30	ok	|	1.00	0.83	0.83	16.51	0.00	0	|	rapi	0.00	0.00	0	|	-83.0	16.51(-83)		|	2	
3914	31	ok	|	1.00	0.80	0.80	19.73	0.00	0	|	rapi	0.00	0.00	0	|	-83.0	19.73(-83)		|	2	
3914	32	ok	|	1.00	0.77	0.77	22.94	0.00	0	|	rapi	0.00	0.00	0	|	-83.0	22.94(-83)		|	2	
3914	33	ok	|	1.00	0.73	0.73	27.01	0.00	0	|	rapi	0.00	0.00	0	|	-83.0	27.01(-83)		|	2	
3914	34	ok	|	1.00	0.69	0.69	31.24	0.00	0	|	rapi	0.00	0.00	0	|	-83.0	31.24(-83)		|	2	
3914	35	ok	|	1.00	0.64	0.64	36.10	0.00	0	|	rapi	0.00	0.00	0	|	-83.0	36.10(-83)		|	2	
3914	36	ok	|	1.00	0.58	0.58	42.39	0.00	0	|	rapi	0.00	0.00	0	|	-83.0	42.39(-83)	0.00(-83)	|	2	
3914	37	ok	|	1.00	0.50	0.50	49.81	0.00	0	|	rapi	0.00	0.00	0	|	-83.0	49.81(-83)	0.00(-83)	|	2	
3914	38	ok	|	1.00	0.42	0.42	57.99	0.00	0	|	rapi	0.00	0.00	0	|	-83.0	57.99(-83)	0.00(-83)	|	2	
3914	39	ok	|	1.00	0.33	0.33	67.16	0.00	0	|	rapi	0.00	0.00	0	|	-83.0	67.16(-83)	0.00(-83)	|	2	
3914	40	ok	|	1.00	0.23	0.23	76.80	0.00	0	|	rapi	0.00	0.00	0	|	-83.0	76.80(-83)	0.00(-83)	|	2	
3914	41	ok	|	1.00	0.14	0.14	86.04	0.00	0	|	rapi	0.01	0.01	0	|	-83.0	86.04(-83)	0.01(-83)	|	2	
3914	42	fail-w	|	1.00	0.07	0.07	94.51	0.00	0	|	rapi	0.01	0.01	0	|	-83.0	94.51(-83)	0.01(-83)	|	2	
