3921	0	ok	|	0.10	1.00	1.00	0.10	0.00	0	|	rapi	0.00	0.00	0	|	25.0	0.10(25)		|	1	
3921	1	ok	|	0.10	1.00	1.00	0.11	0.00	0	|	rapi	0.00	0.00	0	|	25.0	0.11(25)		|	1	
3921	2	ok	|	0.09	1.00	1.00	0.12	0.00	0	|	rapi	0.00	0.00	0	|	25.0	0.12(25)		|	1	
3921	3	ok	|	0.11	1.00	1.00	0.14	0.00	0	|	rapi	0.00	0.00	0	|	25.0	0.14(25)		|	1	
3921	4	ok	|	0.13	1.00	1.00	0.17	0.00	0	|	rapi	0.00	0.00	0	|	25.0	0.17(25)		|	1	
3921	5	ok	|	0.16	1.00	1.00	0.22	0.00	0	|	rapi	0.00	0.00	0	|	25.0	0.22(25)		|	1	
3921	6	ok	|	0.18	1.00	1.00	0.24	0.00	0	|	rapi	0.00	0.00	0	|	25.0	0.24(25)		|	1	
3921	7	ok	|	0.19	1.00	1.00	0.26	0.00	0	|	rapi	0.00	0.00	0	|	25.0	0.26(25)		|	1	
3921	8	ok	|	0.23	1.00	1.00	0.32	0.00	0	|	rapi	0.00	0.00	0	|	25.0	0.32(25)		|	1	
3921	9	ok	|	0.22	1.00	1.00	0.34	0.00	0	|	rapi	0.00	0.00	0	|	25.0	0.34(25)		|	1	
3921	10	ok	|	0.24	1.00	1.00	0.38	0.00	0	|	rapi	0.00	0.00	0	|	25.0	0.38(25)		|	1	
3921	11	ok	|	0.24	1.00	1.00	0.39	0.00	0	|	rapi	0.00	0.00	0	|	25.0	0.39(25)		|	1	
3921	12	ok	|	0.30	1.00	1.00	0.48	0.00	0	|	rapi	0.00	0.00	0	|	25.0	0.48(25)		|	1	
3921	13	ok	|	0.34	0.99	0.99	0.56	0.00	0	|	rapi	0.00	0.00	0	|	25.0	0.56(25)		|	1	
3921	14	ok	|	0.39	0.99	0.99	0.63	0.00	0	|	rapi	0.00	0.00	0	|	25.0	0.63(25)		|	1	
3921	15	ok	|	0.41	0.99	0.99	0.71	0.00	0	|	rapi	0.00	0.00	0	|	25.0	0.71(25)		|	1	
3921	16	ok	|	0.46	0.99	0.99	0.84	0.00	0	|	rapi	0.00	0.00	0	|	25.0	0.84(25)		|	1	
3921	17	ok	|	0.51	0.99	0.99	0.92	0.00	0	|	rapi	0.00	0.00	0	|	25.0	0.92(25)		|	1	
3921	18	ok	|	0.56	0.99	0.99	1.04	0.00	0	|	rapi	0.00	0.00	0	|	25.0	1.04(25)		|	1	
3921	19	ok	|	0.62	0.99	0.99	1.24	0.00	0	|	rapi	0.00	0.00	0	|	25.0	1.24(25)		|	1	
3921	20	ok	|	0.67	0.99	0.99	1.42	0.00	0	|	rapi	0.00	0.00	0	|	25.0	1.42(25)		|	1	
3921	21	ok	|	0.71	0.98	0.98	1.59	0.00	0	|	rapi	0.00	0.00	0	|	25.0	1.59(25)		|	1	
3921	22	ok	|	0.78	0.98	0.98	1.87	0.00	0	|	rapi	0.00	0.00	0	|	25.0	1.87(25)		|	1	
3921	23	ok	|	0.83	0.98	0.98	2.15	0.00	0	|	rapi	0.00	0.00	0	|	25.0	2.15(25)		|	1	
3921	24	ok	|	0.87	0.97	0.97	2.57	0.00	0	|	rapi	0.00	0.00	0	|	25.0	2.57(25)		|	1	
3921	25	ok	|	0.91	0.97	0.97	3.08	0.00	0	|	rapi	0.00	0.00	0	|	25.0	3.08(25)		|	1	
3921	26	ok	|	0.94	0.96	0.96	3.76	0.00	0	|	rapi	0.00	0.00	0	|	25.0	3.76(25)		|	1	
3921	27	ok	|	0.96	0.96	0.96	4.48	0.00	0	|	rapi	0.00	0.00	0	|	25.0	4.48(25)		|	1	
3921	28	ok	|	0.98	0.95	0.95	5.21	0.00	0	|	rapi	0.00	0.00	0	|	25.0	5.21(25)		|	1	
3921	29	ok	|	0.99	0.94	0.94	6.16	0.00	0	|	rapi	0.00	0.00	0	|	25.0	6.16(25)		|	1	
3921	30	ok	|	1.00	0.93	0.93	7.30	0.00	0	|	rapi	0.00	0.00	0	|	25.0	7.30(25)		|	1	
3921	31	ok	|	1.00	0.91	0.91	8.61	0.00	0	|	rapi	0.00	0.00	0	|	25.0	8.61(25)		|	1	
3921	32	ok	|	1.00	0.90	0.90	10.02	0.00	0	|	rapi	0.00	0.00	0	|	25.0	10.02(25)		|	1	
3921	33	ok	|	1.00	0.88	0.88	12.00	0.00	0	|	rapi	0.00	0.00	0	|	25.0	12.00(25)		|	1	
3921	34	ok	|	1.00	0.86	0.86	14.10	0.00	0	|	rapi	0.00	0.00	0	|	25.0	14.10(25)		|	1	
3921	35	ok	|	1.00	0.83	0.83	16.72	0.00	0	|	rapi	0.00	0.00	0	|	25.0	16.72(25)	0.00(25)	|	1	
3921	36	ok	|	1.00	0.80	0.80	19.62	0.00	0	|	rapi	0.00	0.00	0	|	25.0	19.62(25)	0.00(25)	|	1	
3921	37	ok	|	1.00	0.77	0.77	22.73	0.00	0	|	rapi	0.01	0.01	0	|	25.0	22.73(25)	0.01(25)	|	1	
3921	38	ok	|	1.00	0.73	0.73	26.53	0.00	0	|	rapi	0.01	0.01	0	|	25.0	26.53(25)	0.01(25)	|	1	
3921	39	ok	|	1.00	0.69	0.69	30.88	0.00	0	|	rapi	0.01	0.01	0	|	25.0	30.88(25)	0.01(25)	|	1	
3921	40	ok	|	1.00	0.64	0.64	35.80	0.00	0	|	rapi	0.01	0.01	0	|	25.0	35.80(25)	0.01(25)	|	1	
3921	41	ok	|	1.00	0.58	0.58	42.16	0.00	0	|	rapi	0.01	0.01	0	|	25.0	42.16(25)	0.01(25)	|	1	
3921	42	ok	|	1.00	0.51	0.51	49.20	0.00	0	|	rapi	0.01	0.01	0	|	25.0	49.20(25)	0.01(25)	|	1	
3921	43	ok	|	1.00	0.43	0.43	57.22	0.00	0	|	rapi	0.02	0.02	0	|	25.0	57.22(25)	0.02(25)	|	1	
3921	44	ok	|	1.00	0.35	0.35	65.46	0.00	0	|	rapi	0.02	0.02	0	|	25.0	65.46(25)	0.02(25)	|	1	
3921	45	ok	|	1.00	0.26	0.26	74.47	0.00	0	|	rapi	0.02	0.02	0	|	25.0	74.47(25)	0.02(25)	|	1	
3921	46	ok	|	1.00	0.17	0.17	83.40	0.00	0	|	rapi	0.04	0.04	0	|	25.0	83.40(25)	0.04(25)	|	1	
3921	47	ok	|	1.00	0.11	0.11	91.19	0.00	0	|	rapi	0.07	0.08	0	|	25.0	91.19(25)	0.08(25)	|	1	
3921	48	fail-w	|	1.00	0.08	0.08	94.54	0.00	0	|	rapi	0.17	0.18	0	|	25.0	94.54(25)	0.18(25)	|	1	
