3944	0	ok	|	0.10	1.00	1.00	0.10	0.00	0	|	rapi	0.00	0.00	0	|	-37.0	0.10(-37)		|	9	
3944	1	ok	|	0.12	1.00	1.00	0.13	0.00	0	|	rapi	0.00	0.00	0	|	-37.0	0.13(-37)		|	9	
3944	2	ok	|	0.12	1.00	1.00	0.16	0.00	0	|	rapi	0.00	0.00	0	|	-37.0	0.16(-37)		|	9	
3944	3	ok	|	0.14	1.00	1.00	0.19	0.00	0	|	rapi	0.00	0.00	0	|	-37.0	0.19(-37)		|	9	
3944	4	ok	|	0.16	1.00	1.00	0.22	0.00	0	|	rapi	0.00	0.00	0	|	-37.0	0.22(-37)		|	9	
3944	5	ok	|	0.18	1.00	1.00	0.25	0.00	0	|	rapi	0.00	0.00	0	|	-37.0	0.25(-37)		|	9	
3944	6	ok	|	0.21	1.00	1.00	0.29	0.00	0	|	rapi	0.00	0.00	0	|	-37.0	0.29(-37)		|	9	
3944	7	ok	|	0.22	1.00	1.00	0.32	0.00	0	|	rapi	0.00	0.00	0	|	-37.0	0.32(-37)		|	9	
3944	8	ok	|	0.25	1.00	1.00	0.37	0.00	0	|	rapi	0.00	0.00	0	|	-37.0	0.37(-37)		|	9	
3944	9	ok	|	0.29	1.00	1.00	0.42	0.00	0	|	rapi	0.00	0.00	0	|	-37.0	0.42(-37)		|	9	
3944	10	ok	|	0.33	1.00	1.00	0.49	0.00	0	|	rapi	0.00	0.00	0	|	-37.0	0.49(-37)		|	9	
3944	11	ok	|	0.34	0.99	0.99	0.53	0.00	0	|	rapi	0.00	0.00	0	|	-37.0	0.53(-37)		|	9	
3944	12	ok	|	0.41	0.99	0.99	0.68	0.00	0	|	rapi	0.00	0.00	0	|	-37.0	0.68(-37)		|	9	
3944	13	ok	|	0.48	0.99	0.99	0.83	0.00	0	|	rapi	0.00	0.00	0	|	-37.0	0.83(-37)		|	9	
3944	14	ok	|	0.52	0.99	0.99	0.91	0.00	0	|	rapi	0.00	0.00	0	|	-37.0	0.91(-37)		|	9	
3944	15	ok	|	0.56	0.99	0.99	1.01	0.00	0	|	rapi	0.00	0.00	0	|	-37.0	1.01(-37)		|	9	
3944	16	ok	|	0.61	0.99	0.99	1.19	0.00	0	|	rapi	0.00	0.00	0	|	-37.0	1.19(-37)		|	9	
3944	17	ok	|	0.67	0.99	0.99	1.38	0.00	0	|	rapi	0.00	0.00	0	|	-37.0	1.38(-37)		|	9	
3944	18	ok	|	0.71	0.98	0.98	1.57	0.00	0	|	rapi	0.00	0.00	0	|	-37.0	1.57(-37)		|	9	
3944	19	ok	|	0.78	0.98	0.98	1.90	0.00	0	|	rapi	0.00	0.00	0	|	-37.0	1.90(-37)		|	9	
3944	20	ok	|	0.82	0.98	0.98	2.28	0.00	0	|	rapi	0.00	0.00	0	|	-37.0	2.28(-37)		|	9	
3944	21	ok	|	0.87	0.97	0.97	2.62	0.00	0	|	rapi	0.00	0.00	0	|	-37.0	2.62(-37)		|	9	
3944	22	ok	|	0.91	0.97	0.97	3.18	0.00	0	|	rapi	0.00	0.00	0	|	-37.0	3.18(-37)		|	9	
3944	23	ok	|	0.94	0.96	0.96	3.78	0.00	0	|	rapi	0.00	0.00	0	|	-37.0	3.78(-37)		|	9	
3944	24	ok	|	0.97	0.96	0.96	4.45	0.00	0	|	rapi	0.00	0.00	0	|	-37.0	4.45(-37)		|	9	
3944	25	ok	|	0.99	0.95	0.95	5.48	0.00	0	|	rapi	0.00	0.00	0	|	-37.0	5.48(-37)		|	9	
3944	26	ok	|	0.99	0.93	0.93	6.66	0.00	0	|	rapi	0.00	0.00	0	|	-37.0	6.66(-37)		|	9	
3944	27	ok	|	1.00	0.92	0.92	7.57	0.00	0	|	rapi	0.00	0.00	0	|	-37.0	7.57(-37)		|	9	
3944	28	ok	|	1.00	0.91	0.91	9.07	0.00	0	|	rapi	0.00	0.00	0	|	-37.0	9.07(-37)	0.00(-37)	|	9	
3944	29	ok	|	1.00	0.89	0.89	10.62	0.00	0	|	rapi	0.00	0.00	0	|	-37.0	10.62(-37)	0.00(-37)	|	9	
3944	30	ok	|	1.00	0.88	0.88	12.47	0.00	0	|	rapi	0.00	0.00	0	|	-37.0	12.47(-37)	0.00(-37)	|	9	
3944	31	ok	|	1.00	0.86	0.86	14.44	0.00	0	|	rapi	0.00	0.00	0	|	-37.0	14.44(-37)	0.00(-37)	|	9	
3944	32	ok	|	1.00	0.83	0.83	17.00	0.00	0	|	rapi	0.00	0.00	0	|	-37.0	17.00(-37)	0.00(-37)	|	9	
3944	33	ok	|	1.00	0.80	0.80	19.92	0.00	0	|	rapi	0.00	0.00	0	|	-37.0	19.92(-37)	0.00(-37)	|	9	
3944	34	ok	|	1.00	0.77	0.77	23.49	0.00	0	|	rapi	0.01	0.01	0	|	-37.0	23.49(-37)	0.01(-37)	|	9	
3944	35	ok	|	1.00	0.72	0.72	27.88	0.00	0	|	rapi	0.01	0.01	0	|	-37.0	27.88(-37)	0.01(-37)	|	9	
3944	36	ok	|	1.00	0.68	0.68	32.38	0.00	0	|	rapi	0.00	0.00	0	|	-37.0	32.38(-37)	0.00(-37)	|	9	
3944	37	ok	|	1.00	0.63	0.63	37.34	0.00	0	|	rapi	0.00	0.00	0	|	-37.0	37.34(-37)	0.00(-37)	|	9	
3944	38	ok	|	1.00	0.57	0.57	43.00	0.00	0	|	rapi	0.01	0.01	0	|	-37.0	43.00(-37)	0.01(-37)	|	9	
3944	39	ok	|	1.00	0.50	0.50	50.09	0.00	0	|	rapi	0.01	0.01	0	|	-37.0	50.09(-37)	0.01(-37)	|	9	
3944	40	ok	|	1.00	0.42	0.42	57.77	0.00	0	|	rapi	0.01	0.01	0	|	-37.0	57.77(-37)	0.01(-37)	|	9	
3944	41	ok	|	1.00	0.34	0.34	66.25	0.00	0	|	rapi	0.02	0.02	0	|	-37.0	66.25(-37)	0.02(-37)	|	9	
3944	42	ok	|	1.00	0.25	0.25	75.06	0.00	0	|	rapi	0.02	0.02	0	|	-37.0	75.06(-37)	0.02(-37)	|	9	
3944	43	ok	|	1.00	0.16	0.16	84.58	0.00	0	|	rapi	0.02	0.02	0	|	-37.0	84.58(-37)	0.02(-37)	|	9	
3944	44	fail-w	|	1.00	0.09	0.09	92.39	0.00	0	|	rapi	0.04	0.04	0	|	-37.0	92.39(-37)	0.04(-37)	|	9	
