4005	0	ok	|	0.10	1.00	1.00	0.10	0.00	0	|	rapi	0.00	0.00	0	|	-16.0	0.10(-16)		|	1	
4005	1	ok	|	0.09	1.00	1.00	0.10	0.00	0	|	rapi	0.00	0.00	0	|	-16.0	0.10(-16)		|	1	
4005	2	ok	|	0.11	1.00	1.00	0.14	0.00	0	|	rapi	0.00	0.00	0	|	-16.0	0.14(-16)		|	1	
4005	3	ok	|	0.13	1.00	1.00	0.17	0.00	0	|	rapi	0.00	0.00	0	|	-16.0	0.17(-16)		|	1	
4005	4	ok	|	0.15	1.00	1.00	0.21	0.00	0	|	rapi	0.00	0.00	0	|	-16.0	0.21(-16)		|	1	
4005	5	ok	|	0.19	1.00	1.00	0.27	0.00	0	|	rapi	0.00	0.00	0	|	-16.0	0.27(-16)		|	1	
4005	6	ok	|	0.20	1.00	1.00	0.29	0.00	0	|	rapi	0.00	0.00	0	|	-16.0	0.29(-16)		|	1	
4005	7	ok	|	0.23	1.00	1.00	0.33	0.00	0	|	rapi	0.00	0.00	0	|	-16.0	0.33(-16)		|	1	
4005	8	ok	|	0.26	1.00	1.00	0.38	0.00	0	|	rapi	0.00	0.00	0	|	-16.0	0.38(-16)		|	1	
4005	9	ok	|	0.28	1.00	1.00	0.43	0.00	0	|	rapi	0.00	0.00	0	|	-16.0	0.43(-16)		|	1	
4005	10	ok	|	0.33	1.00	1.00	0.50	0.00	0	|	rapi	0.00	0.00	0	|	-16.0	0.50(-16)		|	1	
4005	11	ok	|	0.38	0.99	0.99	0.59	0.00	0	|	rapi	0.00	0.00	0	|	-16.0	0.59(-16)		|	1	
4005	12	ok	|	0.41	0.99	0.99	0.69	0.00	0	|	rapi	0.00	0.00	0	|	-16.0	0.69(-16)		|	1	
4005	13	ok	|	0.45	0.99	0.99	0.80	0.00	0	|	rapi	0.00	0.00	0	|	-16.0	0.80(-16)		|	1	
4005	14	ok	|	0.46	0.99	0.99	0.80	0.00	0	|	rapi	0.00	0.00	0	|	-16.0	0.80(-16)		|	1	
4005	15	ok	|	0.52	0.99	0.99	0.95	0.00	0	|	rapi	0.00	0.00	0	|	-16.0	0.95(-16)		|	1	
4005	16	ok	|	0.57	0.99	0.99	1.10	0.00	0	|	rapi	0.00	0.00	0	|	-16.0	1.10(-16)		|	1	
4005	17	ok	|	0.63	0.99	0.99	1.32	0.00	0	|	rapi	0.00	0.00	0	|	-16.0	1.32(-16)		|	1	
4005	18	ok	|	0.69	0.98	0.98	1.64	0.00	0	|	rapi	0.00	0.00	0	|	-16.0	1.64(-16)		|	1	
4005	19	ok	|	0.74	0.98	0.98	1.86	0.00	0	|	rapi	0.00	0.00	0	|	-16.0	1.86(-16)		|	1	
4005	20	ok	|	0.79	0.98	0.98	2.10	0.00	0	|	rapi	0.00	0.00	0	|	-16.0	2.10(-16)		|	1	
4005	21	ok	|	0.84	0.98	0.98	2.48	0.00	0	|	rapi	0.00	0.00	0	|	-16.0	2.48(-16)		|	1	
4005	22	ok	|	0.89	0.97	0.97	2.92	0.00	0	|	rapi	0.00	0.00	0	|	-16.0	2.92(-16)		|	1	
4005	23	ok	|	0.93	0.97	0.97	3.46	0.00	0	|	rapi	0.00	0.00	0	|	-16.0	3.46(-16)		|	1	
4005	24	ok	|	0.96	0.96	0.96	4.03	0.00	0	|	rapi	0.00	0.00	0	|	-16.0	4.03(-16)	0.00(-16)	|	1	
4005	25	ok	|	0.98	0.95	0.95	4.75	0.00	0	|	rapi	0.00	0.00	0	|	-16.0	4.75(-16)	0.00(-16)	|	1	
4005	26	ok	|	0.99	0.94	0.94	5.62	0.00	0	|	rapi	0.00	0.00	0	|	-16.0	5.62(-16)	0.00(-16)	|	1	
4005	27	ok	|	0.99	0.94	0.94	6.50	0.00	0	|	rapi	0.00	0.00	0	|	-16.0	6.50(-16)	0.00(-16)	|	1	
4005	28	ok	|	1.00	0.93	0.93	7.47	0.00	0	|	rapi	0.00	0.00	0	|	-16.0	7.47(-16)	0.00(-16)	|	1	
4005	29	ok	|	1.00	0.91	0.91	8.74	0.00	0	|	rapi	0.00	0.00	0	|	-16.0	8.74(-16)	0.00(-16)	|	1	
4005	30	ok	|	1.00	0.90	0.90	10.28	0.00	0	|	rapi	0.00	0.00	0	|	-16.0	10.28(-16)	0.00(-16)	|	1	
4005	31	ok	|	1.00	0.88	0.88	12.10	0.00	0	|	rapi	0.00	0.00	0	|	-16.0	12.10(-16)	0.00(-16)	|	1	
4005	32	ok	|	1.00	0.86	0.86	14.28	0.00	0	|	rapi	0.00	0.00	0	|	-16.0	14.28(-16)		|	1	
4005	33	ok	|	1.00	0.83	0.83	16.98	0.00	0	|	rapi	0.00	0.00	0	|	-16.0	16.98(-16)		|	1	
4005	34	ok	|	1.00	0.80	0.80	20.22	0.00	0	|	rapi	0.00	0.00	0	|	-16.0	20.22(-16)		|	1	
4005	35	ok	|	1.00	0.76	0.76	23.86	0.00	0	|	rapi	0.00	0.00	0	|	-16.0	23.86(-16)	0.00(-16)	|	1	
4005	36	ok	|	1.00	0.72	0.72	28.34	0.00	0	|	rapi	0.00	0.00	0	|	-16.0	28.34(-16)	0.00(-16)	|	1	
4005	37	ok	|	1.00	0.67	0.67	33.35	0.00	0	|	rapi	0.00	0.00	0	|	-16.0	33.35(-16)		|	1	
4005	38	ok	|	1.00	0.61	0.61	38.81	0.00	0	|	rapi	0.00	0.00	0	|	-16.0	38.81(-16)		|	1	
4005	39	ok	|	1.00	0.55	0.55	45.45	0.00	0	|	rapi	0.00	0.00	0	|	-16.0	45.45(-16)		|	1	
4005	40	ok	|	1.00	0.47	0.47	53.20	0.00	0	|	rapi	0.00	0.00	0	|	-16.0	53.20(-16)		|	1	
4005	41	ok	|	1.00	0.39	0.39	61.24	0.00	0	|	rapi	0.00	0.00	0	|	-16.0	61.24(-16)	0.00(-16)	|	1	
4005	42	ok	|	1.00	0.30	0.30	70.24	0.00	0	|	rapi	0.00	0.00	0	|	-16.0	70.24(-16)	0.00(-16)	|	1	
4005	43	ok	|	1.00	0.20	0.20	80.45	0.00	0	|	rapi	0.00	0.00	0	|	-16.0	80.45(-16)	0.00(-16)	|	1	
4005	44	ok	|	1.00	0.11	0.11	89.62	0.00	0	|	rapi	0.00	0.00	0	|	-16.0	89.62(-16)	0.00(-16)	|	1	
4005	45	fail-w	|	1.00	0.06	0.06	97.48	0.00	0	|	rapi	0.00	0.00	0	|	-16.0	97.48(-16)	0.00(-16)	|	1	
