4115	0	ok	|	0.09	1.00	1.00	0.10	0.00	0	|	rapi	0.00	0.00	0	|	-96.0	0.10(-96)		|	6	
4115	1	ok	|	0.12	1.00	1.00	0.14	0.00	0	|	rapi	0.00	0.00	0	|	-96.0	0.14(-96)		|	6	
4115	2	ok	|	0.13	1.00	1.00	0.17	0.00	0	|	rapi	0.00	0.00	0	|	-96.0	0.17(-96)		|	6	
4115	3	ok	|	0.16	1.00	1.00	0.20	0.00	0	|	rapi	0.00	0.00	0	|	-96.0	0.20(-96)		|	6	
4115	4	ok	|	0.16	1.00	1.00	0.22	0.00	0	|	rapi	0.00	0.00	0	|	-96.0	0.22(-96)		|	6	
4115	5	ok	|	0.20	1.00	1.00	0.29	0.00	0	|	rapi	0.00	0.00	0	|	-96.0	0.29(-96)		|	6	
4115	6	ok	|	0.23	1.00	1.00	0.37	0.00	0	|	rapi	0.00	0.00	0	|	-96.0	0.37(-96)		|	6	
4115	7	ok	|	0.29	1.00	1.00	0.46	0.00	0	|	rapi	0.00	0.00	0	|	-96.0	0.46(-96)		|	6	
4115	8	ok	|	0.31	1.00	1.00	0.50	0.00	0	|	rapi	0.00	0.00	0	|	-96.0	0.50(-96)		|	6	
4115	9	ok	|	0.36	0.99	0.99	0.59	0.00	0	|	rapi	0.00	0.00	0	|	-96.0	0.59(-96)		|	6	
4115	10	ok	|	0.41	0.99	0.99	0.69	0.00	0	|	rapi	0.00	0.00	0	|	-96.0	0.69(-96)		|	6	
4115	11	ok	|	0.52	0.99	0.99	0.91	0.00	0	|	rapi	0.00	0.00	0	|	-96.0	0.91(-96)		|	6	
4115	12	ok	|	0.55	0.99	0.99	1.04	0.00	0	|	rapi	0.00	0.00	0	|	-96.0	1.04(-96)		|	6	
4115	13	ok	|	0.60	0.99	0.99	1.22	0.00	0	|	rapi	0.00	0.00	0	|	-96.0	1.22(-96)		|	6	
4115	14	ok	|	0.65	0.99	0.99	1.41	0.00	0	|	rapi	0.00	0.00	0	|	-96.0	1.41(-96)		|	6	
4115	15	ok	|	0.71	0.98	0.98	1.65	0.00	0	|	rapi	0.00	0.00	0	|	-96.0	1.65(-96)		|	6	
4115	16	ok	|	0.75	0.98	0.98	1.86	0.00	0	|	rapi	0.00	0.00	0	|	-96.0	1.86(-96)		|	6	
4115	17	ok	|	0.83	0.98	0.98	2.13	0.00	0	|	rapi	0.00	0.00	0	|	-96.0	2.13(-96)		|	6	
4115	18	ok	|	0.85	0.98	0.98	2.45	0.00	0	|	rapi	0.00	0.00	0	|	-96.0	2.45(-96)		|	6	
4115	19	ok	|	0.90	0.97	0.97	2.96	0.00	0	|	rapi	0.00	0.00	0	|	-96.0	2.96(-96)		|	6	
4115	20	ok	|	0.91	0.97	0.97	3.31	0.00	0	|	rapi	0.00	0.00	0	|	-96.0	3.31(-96)		|	6	
4115	21	ok	|	0.94	0.96	0.96	3.91	0.00	0	|	rapi	0.00	0.00	0	|	-96.0	3.91(-96)		|	6	
4115	22	ok	|	0.96	0.95	0.95	4.57	0.00	0	|	rapi	0.00	0.00	0	|	-96.0	4.57(-96)		|	6	
4115	23	ok	|	0.97	0.95	0.95	5.34	0.00	0	|	rapi	0.00	0.00	0	|	-96.0	5.34(-96)		|	6	
4115	24	ok	|	0.99	0.94	0.94	6.24	0.00	0	|	rapi	0.00	0.00	0	|	-96.0	6.24(-96)		|	6	
4115	25	ok	|	1.00	0.93	0.93	7.36	0.00	0	|	rapi	0.00	0.00	0	|	-96.0	7.36(-96)		|	6	
4115	26	ok	|	1.00	0.91	0.91	8.60	0.00	0	|	rapi	0.00	0.00	0	|	-96.0	8.60(-96)		|	6	
4115	27	ok	|	1.00	0.90	0.90	9.97	0.00	0	|	rapi	0.00	0.00	0	|	-96.0	9.97(-96)		|	6	
4115	28	ok	|	1.00	0.88	0.88	11.86	0.00	0	|	rapi	0.00	0.00	0	|	-96.0	11.86(-96)		|	6	
4115	29	ok	|	1.00	0.86	0.86	14.08	0.00	0	|	rapi	0.00	0.00	0	|	-96.0	14.08(-96)		|	6	
4115	30	ok	|	1.00	0.84	0.84	16.50	0.00	0	|	rapi	0.00	0.00	0	|	-96.0	16.50(-96)	0.00(-96)	|	6	
4115	31	ok	|	1.00	0.81	0.81	19.44	0.00	0	|	rapi	0.00	0.00	0	|	-96.0	19.44(-96)	0.00(-96)	|	6	
4115	32	ok	|	1.00	0.77	0.77	22.81	0.00	0	|	rapi	0.00	0.00	0	|	-96.0	22.81(-96)	0.00(-96)	|	6	
4115	33	ok	|	1.00	0.73	0.73	26.88	0.00	0	|	rapi	0.00	0.00	0	|	-96.0	26.88(-96)	0.00(-96)	|	6	
4115	34	ok	|	1.00	0.69	0.69	31.37	0.00	0	|	rapi	0.00	0.00	0	|	-96.0	31.37(-96)		|	6	
4115	35	ok	|	1.00	0.64	0.64	36.48	0.00	0	|	rapi	0.00	0.00	0	|	-96.0	36.48(-96)		|	6	
4115	36	ok	|	1.00	0.57	0.57	42.56	0.00	0	|	rapi	0.00	0.00	0	|	-96.0	42.56(-96)		|	6	
4115	37	ok	|	1.00	0.51	0.51	48.99	0.00	0	|	rapi	0.00	0.00	0	|	-96.0	48.99(-96)		|	6	
4115	38	ok	|	1.00	0.44	0.44	56.38	0.00	0	|	rapi	0.00	0.00	0	|	-96.0	56.38(-96)	0.00(-96)	|	6	
4115	39	ok	|	1.00	0.35	0.35	65.21	0.00	0	|	rapi	0.00	0.00	0	|	-96.0	65.21(-96)		|	6	
4115	40	ok	|	1.00	0.25	0.25	74.94	0.00	0	|	rapi	0.00	0.00	0	|	-96.0	74.94(-96)		|	6	
4115	41	ok	|	1.00	0.16	0.16	84.65	0.00	0	|	rapi	0.00	0.00	0	|	-96.0	84.65(-96)		|	6	
4115	42	fail-w	|	1.00	0.08	0.08	93.52	0.00	0	|	rapi	0.00	0.00	0	|	-96.0	93.52(-96)		|	6	
