4231	0	ok	|	0.09	1.00	1.00	0.10	0.00	0	|	rapi	0.00	0.00	0	|	-70.0	0.10(-70)		|	5	
4231	1	ok	|	0.11	1.00	1.00	0.12	0.00	0	|	rapi	0.00	0.00	0	|	-70.0	0.12(-70)		|	5	
4231	2	ok	|	0.11	1.00	1.00	0.13	0.00	0	|	rapi	0.00	0.00	0	|	-70.0	0.13(-70)		|	5	
4231	3	ok	|	0.11	1.00	1.00	0.14	0.00	0	|	rapi	0.00	0.00	0	|	-70.0	0.14(-70)		|	5	
4231	4	ok	|	0.12	1.00	1.00	0.16	0.00	0	|	rapi	0.00	0.00	0	|	-70.0	0.16(-70)		|	5	
4231	5	ok	|	0.14	1.00	1.00	0.18	0.00	0	|	rapi	0.00	0.00	0	|	-70.0	0.18(-70)		|	5	
4231	6	ok	|	0.14	1.00	1.00	0.19	0.00	0	|	rapi	0.00	0.00	0	|	-70.0	0.19(-70)		|	5	
4231	7	ok	|	0.16	1.00	1.00	0.21	0.00	0	|	rapi	0.00	0.00	0	|	-70.0	0.21(-70)		|	5	
4231	8	ok	|	0.19	1.00	1.00	0.26	0.00	0	|	rapi	0.00	0.00	0	|	-70.0	0.26(-70)		|	5	
4231	9	ok	|	0.20	1.00	1.00	0.27	0.00	0	|	rapi	0.00	0.00	0	|	-70.0	0.27(-70)		|	5	
4231	10	ok	|	0.24	1.00	1.00	0.31	0.00	0	|	rapi	0.00	0.00	0	|	-70.0	0.31(-70)		|	5	
4231	11	ok	|	0.25	1.00	1.00	0.35	0.00	0	|	rapi	0.00	0.00	0	|	-70.0	0.35(-70)		|	5	
4231	12	ok	|	0.28	1.00	1.00	0.41	0.00	0	|	rapi	0.00	0.00	0	|	-70.0	0.41(-70)		|	5	
4231	13	ok	|	0.31	1.00	1.00	0.46	0.00	0	|	rapi	0.00	0.00	0	|	-70.0	0.46(-70)		|	5	
4231	14	ok	|	0.35	0.99	0.99	0.55	0.00	0	|	rapi	0.00	0.00	0	|	-70.0	0.55(-70)		|	5	
4231	15	ok	|	0.41	0.99	0.99	0.66	0.00	0	|	rapi	0.00	0.00	0	|	-70.0	0.66(-70)		|	5	
4231	16	ok	|	0.47	0.99	0.99	0.78	0.00	0	|	rapi	0.00	0.00	0	|	-70.0	0.78(-70)		|	5	
4231	17	ok	|	0.54	0.99	0.99	0.94	0.00	0	|	rapi	0.00	0.00	0	|	-70.0	0.94(-70)		|	5	
4231	18	ok	|	0.59	0.99	0.99	1.17	0.00	0	|	rapi	0.00	0.00	0	|	-70.0	1.17(-70)		|	5	
4231	19	ok	|	0.64	0.99	0.99	1.37	0.00	0	|	rapi	0.00	0.00	0	|	-70.0	1.37(-70)		|	5	
4231	20	ok	|	0.71	0.98	0.98	1.62	0.00	0	|	rapi	0.00	0.00	0	|	-70.0	1.62(-70)		|	5	
4231	21	ok	|	0.78	0.98	0.98	1.94	0.00	0	|	rapi	0.00	0.00	0	|	-70.0	1.94(-70)		|	5	
4231	22	ok	|	0.82	0.98	0.98	2.33	0.00	0	|	rapi	0.00	0.00	0	|	-70.0	2.33(-70)		|	5	
4231	23	ok	|	0.87	0.97	0.97	2.84	0.00	0	|	rapi	0.00	0.00	0	|	-70.0	2.84(-70)		|	5	
4231	24	ok	|	0.92	0.97	0.97	3.30	0.00	0	|	rapi	0.00	0.00	0	|	-70.0	3.30(-70)		|	5	
4231	25	ok	|	0.96	0.96	0.96	3.92	0.00	0	|	rapi	0.00	0.00	0	|	-70.0	3.92(-70)		|	5	
4231	26	ok	|	0.96	0.95	0.95	4.63	0.00	0	|	rapi	0.00	0.00	0	|	-70.0	4.63(-70)		|	5	
4231	27	ok	|	0.99	0.94	0.94	5.52	0.00	0	|	rapi	0.00	0.00	0	|	-70.0	5.52(-70)		|	5	
4231	28	ok	|	0.99	0.93	0.93	6.65	0.00	0	|	rapi	0.00	0.00	0	|	-70.0	6.65(-70)		|	5	
4231	29	ok	|	1.00	0.92	0.92	7.74	0.00	0	|	rapi	0.00	0.00	0	|	-70.0	7.74(-70)		|	5	
4231	30	ok	|	1.00	0.91	0.91	9.32	0.00	0	|	rapi	0.00	0.00	0	|	-70.0	9.32(-70)		|	5	
4231	31	ok	|	1.00	0.89	0.89	11.01	0.00	0	|	rapi	0.00	0.00	0	|	-70.0	11.01(-70)		|	5	
4231	32	ok	|	1.00	0.87	0.87	13.00	0.00	0	|	rapi	0.00	0.00	0	|	-70.0	13.00(-70)		|	5	
4231	33	ok	|	1.00	0.85	0.85	15.17	0.00	0	|	rapi	0.00	0.00	0	|	-70.0	15.17(-70)		|	5	
4231	34	ok	|	1.00	0.82	0.82	17.83	0.00	0	|	rapi	0.00	0.00	0	|	-70.0	17.83(-70)	0.00(-70)	|	5	
4231	35	ok	|	1.00	0.79	0.79	21.00	0.00	0	|	rapi	0.00	0.00	0	|	-70.0	21.00(-70)	0.00(-70)	|	5	
4231	36	ok	|	1.00	0.75	0.75	24.81	0.00	0	|	rapi	0.01	0.01	0	|	-70.0	24.81(-70)	0.01(-70)	|	5	
4231	37	ok	|	1.00	0.71	0.71	29.09	0.00	0	|	rapi	0.01	0.01	0	|	-70.0	29.09(-70)	0.01(-70)	|	5	
4231	38	ok	|	1.00	0.65	0.65	34.62	0.00	0	|	rapi	0.01	0.01	0	|	-70.0	34.62(-70)	0.01(-70)	|	5	
4231	39	ok	|	1.00	0.60	0.60	40.26	0.00	0	|	rapi	0.01	0.01	0	|	-70.0	40.26(-70)	0.01(-70)	|	5	
4231	40	ok	|	1.00	0.53	0.53	47.20	0.00	0	|	rapi	0.01	0.01	0	|	-70.0	47.20(-70)	0.01(-70)	|	5	
4231	41	ok	|	1.00	0.45	0.45	54.66	0.00	0	|	rapi	0.01	0.01	0	|	-70.0	54.66(-70)	0.01(-70)	|	5	
4231	42	ok	|	1.00	0.37	0.37	63.35	0.00	0	|	rapi	0.01	0.01	0	|	-70.0	63.35(-70)	0.01(-70)	|	5	
4231	43	ok	|	1.00	0.27	0.27	72.92	0.00	0	|	rapi	0.01	0.01	0	|	-70.0	72.92(-70)	0.01(-70)	|	5	
4231	44	ok	|	1.00	0.18	0.18	82.26	0.00	0	|	rapi	0.01	0.01	0	|	-70.0	82.26(-70)	0.01(-70)	|	5	
4231	45	fail-w	|	1.00	0.09	0.09	91.95	0.00	0	|	rapi	0.01	0.01	0	|	-70.0	91.95(-70)	0.01(-70)	|	5	
