4267	0	ok	|	0.09	1.00	1.00	0.10	0.00	0	|	rapi	0.09	0.10	0	|	2.0	0.10(2)	0.10(2)	|	9804	
4267	1	ok	|	0.09	1.00	1.00	0.09	0.00	0	|	rapi	0.09	0.09	0	|	2.0	0.09(2)	0.09(2)	|	9804	
4267	2	ok	|	0.09	1.00	1.00	0.10	0.00	0	|	rapi	0.09	0.10	0	|	2.0	0.10(2)	0.10(2)	|	9804	
4267	3	ok	|	0.08	1.00	1.00	0.09	0.00	0	|	rapi	0.08	0.09	0	|	2.0	0.09(2)	0.09(2)	|	9804	
4267	4	ok	|	0.09	1.00	1.00	0.09	0.00	0	|	rapi	0.09	0.09	0	|	2.0	0.09(2)	0.09(2)	|	9804	
4267	5	ok	|	0.10	1.00	1.00	0.11	0.00	0	|	rapi	0.10	0.10	0	|	2.0	0.11(2)	0.10(2)	|	9804	
4267	6	ok	|	0.09	1.00	1.00	0.09	0.00	0	|	rapi	0.08	0.08	0	|	2.0	0.09(2)	0.08(2)	|	9804	
4267	7	ok	|	0.10	1.00	1.00	0.10	0.00	0	|	rapi	0.09	0.10	0	|	2.0	0.10(2)	0.10(2)	|	9804	
4267	8	ok	|	0.11	1.00	1.00	0.12	0.00	0	|	rapi	0.11	0.11	0	|	2.0	0.12(2)	0.11(2)	|	9804	
4267	9	ok	|	0.12	1.00	1.00	0.13	0.00	0	|	rapi	0.12	0.12	0	|	2.0	0.13(2)	0.12(2)	|	9804	
4267	10	ok	|	0.12	1.00	1.00	0.12	0.00	0	|	rapi	0.11	0.12	0	|	2.0	0.12(2)	0.12(2)	|	9804	
4267	11	ok	|	0.12	1.00	1.00	0.13	0.00	0	|	rapi	0.12	0.12	0	|	2.0	0.13(2)	0.12(2)	|	9804	
4267	12	ok	|	0.11	1.00	1.00	0.12	0.00	0	|	rapi	0.11	0.12	0	|	2.0	0.12(2)	0.12(2)	|	9804	
4267	13	ok	|	0.11	1.00	1.00	0.12	0.00	0	|	rapi	0.11	0.12	0	|	2.0	0.12(2)	0.12(2)	|	9804	
4267	14	ok	|	0.12	1.00	1.00	0.13	0.00	0	|	rapi	0.12	0.13	0	|	2.0	0.13(2)	0.13(2)	|	9804	
4267	15	ok	|	0.10	1.00	1.00	0.11	0.00	0	|	rapi	0.10	0.11	0	|	2.0	0.11(2)	0.11(2)	|	9804	
4267	16	ok	|	0.12	1.00	1.00	0.14	0.00	0	|	rapi	0.12	0.14	0	|	2.0	0.14(2)	0.14(2)	|	9804	
4267	17	ok	|	0.12	1.00	1.00	0.14	0.01	0	|	rapi	0.12	0.14	0	|	2.0	0.14(2)	0.14(2)	|	9804	
4267	18	ok	|	0.14	1.00	1.00	0.15	0.01	0	|	rapi	0.14	0.15	0	|	2.0	0.15(2)	0.15(2)	|	9804	
4267	19	ok	|	0.13	1.00	1.00	0.14	0.01	0	|	rapi	0.13	0.14	0	|	2.0	0.14(2)	0.14(2)	|	9804	
4267	20	ok	|	0.13	1.00	1.00	0.15	0.01	0	|	rapi	0.12	0.14	0	|	2.0	0.15(2)	0.14(2)	|	9804	
4267	21	ok	|	0.12	1.00	1.00	0.13	0.01	0	|	rapi	0.12	0.12	0	|	2.0	0.13(2)	0.12(2)	|	9804	
4267	22	ok	|	0.11	1.00	1.00	0.12	0.01	0	|	rapi	0.10	0.11	0	|	2.0	0.12(2)	0.11(2)	|	9804	
4267	23	ok	|	0.09	1.00	1.00	0.10	0.00	0	|	rapi	0.09	0.09	0	|	2.0	0.10(2)	0.09(2)	|	9804	
4267	24	ok	|	0.10	1.00	1.00	0.11	0.00	0	|	rapi	0.10	0.10	0	|	2.0	0.11(2)	0.10(2)	|	9804	
4267	25	ok	|	0.11	1.00	1.00	0.12	0.01	0	|	rapi	0.11	0.11	0	|	2.0	0.12(2)	0.11(2)	|	9804	
4267	26	ok	|	0.09	1.00	1.00	0.10	0.00	0	|	rapi	0.09	0.10	0	|	2.0	0.10(2)	0.10(2)	|	9804	
4267	27	ok	|	0.10	1.00	1.00	0.10	0.00	0	|	rapi	0.10	0.10	0	|	2.0	0.10(2)	0.10(2)	|	9804	
4267	28	ok	|	0.07	1.00	1.00	0.08	0.00	0	|	rapi	0.07	0.07	0	|	2.0	0.08(2)	0.07(2)	|	9804	
4267	29	ok	|	0.06	1.00	1.00	0.07	0.00	0	|	rapi	0.06	0.06	0	|	2.0	0.07(2)	0.06(2)	|	9804	
4267	30	ok	|	0.06	1.00	1.00	0.06	0.00	0	|	rapi	0.05	0.06	0	|	2.0	0.06(2)	0.06(2)	|	9804	
4267	31	ok	|	0.06	1.00	1.00	0.06	0.00	0	|	rapi	0.06	0.06	0	|	2.0	0.06(2)	0.06(2)	|	9804	
4267	32	ok	|	0.05	1.00	1.00	0.05	0.00	0	|	rapi	0.05	0.05	0	|	2.0	0.05(2)	0.05(2)	|	9804	
4267	33	ok	|	0.05	1.00	1.00	0.06	0.00	0	|	rapi	0.05	0.06	0	|	2.0	0.06(2)	0.06(2)	|	9804	
4267	34	ok	|	0.04	1.00	1.00	0.04	0.00	0	|	rapi	0.04	0.04	0	|	2.0	0.04(2)	0.04(2)	|	9804	
4267	35	ok	|	0.04	1.00	1.00	0.04	0.00	0	|	rapi	0.04	0.04	0	|	2.0	0.04(2)	0.04(2)	|	9804	
4267	36	ok	|	0.05	1.00	1.00	0.05	0.00	0	|	rapi	0.05	0.05	0	|	2.0	0.05(2)	0.05(2)	|	9804	
4267	37	ok	|	0.07	1.00	1.00	0.07	0.01	0	|	rapi	0.07	0.07	0	|	2.0	0.07(2)	0.07(2)	|	9804	
4267	38	ok	|	0.07	1.00	1.00	0.07	0.01	0	|	rapi	0.07	0.07	0	|	2.0	0.07(2)	0.07(2)	|	9804	
4267	39	ok	|	0.06	1.00	1.00	0.06	0.01	0	|	rapi	0.06	0.06	0	|	2.0	0.06(2)	0.06(2)	|	9804	
4267	40	ok	|	0.06	1.00	1.00	0.06	0.01	0	|	rapi	0.06	0.06	0	|	2.0	0.06(2)	0.06(2)	|	9804	
4267	41	ok	|	0.07	1.00	1.00	0.07	0.01	0	|	rapi	0.07	0.07	0	|	2.0	0.07(2)	0.07(2)	|	9804	
4267	42	ok	|	0.06	1.00	1.00	0.07	0.01	0	|	rapi	0.06	0.07	0	|	2.0	0.07(2)	0.07(2)	|	9804	
4267	43	ok	|	0.07	1.00	1.00	0.07	0.01	0	|	rapi	0.07	0.07	0	|	2.0	0.07(2)	0.07(2)	|	9804	
4267	44	ok	|	0.07	1.00	1.00	0.07	0.01	0	|	rapi	0.07	0.07	0	|	2.0	0.07(2)	0.07(2)	|	9804	
4267	45	ok	|	0.05	1.00	1.00	0.05	0.00	0	|	rapi	0.05	0.05	0	|	2.0	0.05(2)	0.05(2)	|	9804	
4267	46	ok	|	0.05	1.00	1.00	0.06	0.01	0	|	rapi	0.05	0.06	0	|	2.0	0.06(2)	0.06(2)	|	9804	
4267	47	ok	|	0.04	1.00	1.00	0.05	0.00	0	|	rapi	0.04	0.05	0	|	2.0	0.05(2)	0.05(2)	|	9804	
4267	48	ok	|	0.04	1.00	1.00	0.04	0.00	0	|	rapi	0.04	0.04	0	|	2.0	0.04(2)	0.04(2)	|	9804	
4267	49	ok	|	0.05	1.00	1.00	0.05	0.00	0	|	rapi	0.05	0.05	0	|	2.0	0.05(2)	0.05(2)	|	9804	
4267	50	ok	|	0.05	1.00	1.00	0.05	0.01	0	|	rapi	0.05	0.05	0	|	2.0	0.05(2)	0.05(2)	|	9804	
4267	51	ok	|	0.06	1.00	1.00	0.06	0.01	0	|	rapi	0.06	0.06	0	|	2.0	0.06(2)	0.06(2)	|	9804	
4267	52	ok	|	0.06	1.00	1.00	0.06	0.01	0	|	rapi	0.06	0.06	0	|	2.0	0.06(2)	0.06(2)	|	9804	
4267	53	ok	|	0.08	1.00	1.00	0.08	0.01	0	|	rapi	0.08	0.08	0	|	2.0	0.08(2)	0.08(2)	|	9804	
4267	54	ok	|	0.08	1.00	1.00	0.08	0.01	0	|	rapi	0.08	0.08	0	|	2.0	0.08(2)	0.08(2)	|	9804	
4267	55	ok	|	0.09	1.00	1.00	0.10	0.02	0	|	rapi	0.09	0.10	0	|	2.0	0.10(2)	0.10(2)	|	9804	
4267	56	ok	|	0.09	1.00	1.00	0.10	0.02	0	|	rapi	0.09	0.10	0	|	2.0	0.10(2)	0.10(2)	|	9804	
4267	57	ok	|	0.07	1.00	1.00	0.08	0.01	0	|	rapi	0.07	0.08	0	|	2.0	0.08(2)	0.08(2)	|	9804	
4267	58	ok	|	0.08	1.00	1.00	0.08	0.01	0	|	rapi	0.08	0.08	0	|	2.0	0.08(2)	0.08(2)	|	9804	
4267	59	ok	|	0.08	1.00	1.00	0.08	0.02	0	|	rapi	0.08	0.08	0	|	2.0	0.08(2)	0.08(2)	|	9804	
4267	60	ok	|	0.07	1.00	1.00	0.07	0.02	0	|	rapi	0.07	0.07	0	|	2.0	0.07(2)	0.07(2)	|	9804	
4267	61	ok	|	0.06	1.00	1.00	0.06	0.02	0	|	rapi	0.06	0.06	0	|	2.0	0.06(2)	0.06(2)	|	9804	
4267	62	ok	|	0.08	1.00	1.00	0.08	0.02	0	|	rapi	0.08	0.08	0	|	2.0	0.08(2)	0.08(2)	|	9804	
4267	63	ok	|	0.07	1.00	1.00	0.07	0.02	0	|	rapi	0.07	0.07	0	|	2.0	0.07(2)	0.07(2)	|	9804	
4267	64	ok	|	0.07	1.00	1.00	0.07	0.02	0	|	rapi	0.07	0.07	0	|	2.0	0.07(2)	0.07(2)	|	9804	
4267	65	ok	|	0.07	1.00	1.00	0.07	0.02	0	|	rapi	0.07	0.07	0	|	2.0	0.07(2)	0.07(2)	|	9804	
4267	66	ok	|	0.06	1.00	1.00	0.06	0.02	0	|	rapi	0.06	0.06	0	|	2.0	0.06(2)	0.06(2)	|	9804	
4267	67	ok	|	0.06	1.00	1.00	0.07	0.02	0	|	rapi	0.06	0.07	0	|	2.0	0.07(2)	0.07(2)	|	9804	
4267	68	ok	|	0.05	1.00	1.00	0.05	0.01	0	|	rapi	0.05	0.05	0	|	2.0	0.05(2)	0.05(2)	|	9804	
4267	69	ok	|	0.05	1.00	1.00	0.05	0.01	0	|	rapi	0.05	0.05	0	|	2.0	0.05(2)	0.05(2)	|	9804	
4267	70	ok	|	0.06	1.00	1.00	0.06	0.01	0	|	rapi	0.06	0.06	0	|	2.0	0.06(2)	0.06(2)	|	9804	
4267	71	ok	|	0.06	1.00	1.00	0.06	0.01	0	|	rapi	0.06	0.06	0	|	2.0	0.06(2)	0.06(2)	|	9804	
4267	72	ok	|	0.05	1.00	1.00	0.05	0.01	0	|	rapi	0.05	0.05	0	|	2.0	0.05(2)	0.05(2)	|	9804	
4267	73	ok	|	0.06	1.00	1.00	0.07	0.02	0	|	rapi	0.06	0.07	0	|	2.0	0.07(2)	0.07(2)	|	9804	
4267	74	ok	|	0.05	1.00	1.00	0.06	0.01	0	|	rapi	0.05	0.06	0	|	2.0	0.06(2)	0.06(2)	|	9804	
4267	75	ok	|	0.05	1.00	1.00	0.05	0.01	0	|	rapi	0.05	0.05	0	|	2.0	0.05(2)	0.05(2)	|	9804	
4267	76	ok	|	0.06	1.00	1.00	0.06	0.01	0	|	rapi	0.06	0.06	0	|	2.0	0.06(2)	0.06(2)	|	9804	
4267	77	ok	|	0.06	1.00	1.00	0.06	0.01	0	|	rapi	0.06	0.06	0	|	2.0	0.06(2)	0.06(2)	|	9804	
4267	78	ok	|	0.06	1.00	1.00	0.06	0.01	0	|	rapi	0.06	0.06	0	|	2.0	0.06(2)	0.06(2)	|	9804	
4267	79	ok	|	0.07	1.00	1.00	0.07	0.02	0	|	rapi	0.07	0.07	0	|	2.0	0.07(2)	0.07(2)	|	9804	
4267	80	ok	|	0.07	1.00	1.00	0.07	0.02	0	|	rapi	0.07	0.07	0	|	2.0	0.07(2)	0.07(2)	|	9804	
4267	81	ok	|	0.07	1.00	1.00	0.07	0.02	0	|	rapi	0.07	0.07	0	|	2.0	0.07(2)	0.07(2)	|	9804	
4267	82	ok	|	0.07	1.00	1.00	0.07	0.02	0	|	rapi	0.07	0.07	0	|	2.0	0.07(2)	0.07(2)	|	9804	
4267	83	ok	|	0.07	1.00	1.00	0.07	0.02	0	|	rapi	0.07	0.07	0	|	2.0	0.07(2)	0.07(2)	|	9804	
4267	84	ok	|	0.06	1.00	1.00	0.06	0.01	0	|	rapi	0.06	0.06	0	|	2.0	0.06(2)	0.06(2)	|	9804	
4267	85	ok	|	0.06	1.00	1.00	0.06	0.02	0	|	rapi	0.06	0.06	0	|	2.0	0.06(2)	0.06(2)	|	9804	
4267	86	ok	|	0.07	1.00	1.00	0.07	0.02	0	|	rapi	0.07	0.07	0	|	2.0	0.07(2)	0.07(2)	|	9804	
4267	87	ok	|	0.07	1.00	1.00	0.08	0.02	0	|	rapi	0.07	0.08	0	|	2.0	0.08(2)	0.08(2)	|	9804	
4267	88	ok	|	0.08	1.00	1.00	0.08	0.02	0	|	rapi	0.08	0.08	0	|	2.0	0.08(2)	0.08(2)	|	9804	
4267	89	ok	|	0.07	1.00	1.00	0.07	0.02	0	|	rapi	0.07	0.07	0	|	2.0	0.07(2)	0.07(2)	|	9804	
4267	90	ok	|	0.08	1.00	1.00	0.08	0.02	0	|	rapi	0.08	0.08	0	|	2.0	0.08(2)	0.08(2)	|	9804	
4267	91	ok	|	0.06	1.00	1.00	0.07	0.02	0	|	rapi	0.06	0.07	0	|	2.0	0.07(2)	0.07(2)	|	9804	
4267	92	ok	|	0.07	1.00	1.00	0.07	0.02	0	|	rapi	0.07	0.07	0	|	2.0	0.07(2)	0.07(2)	|	9804	
4267	93	ok	|	0.06	1.00	1.00	0.06	0.02	0	|	rapi	0.06	0.06	0	|	2.0	0.06(2)	0.06(2)	|	9804	
4267	94	ok	|	0.07	1.00	1.00	0.07	0.02	0	|	rapi	0.07	0.07	0	|	2.0	0.07(2)	0.07(2)	|	9804	
4267	95	ok	|	0.07	1.00	1.00	0.07	0.02	0	|	rapi	0.07	0.07	0	|	2.0	0.07(2)	0.07(2)	|	9804	
4267	96	ok	|	0.07	1.00	1.00	0.07	0.02	0	|	rapi	0.07	0.07	0	|	2.0	0.07(2)	0.07(2)	|	9804	
4267	97	ok	|	0.06	1.00	1.00	0.06	0.01	0	|	rapi	0.06	0.06	0	|	2.0	0.06(2)	0.06(2)	|	9804	
4267	98	ok	|	0.05	1.00	1.00	0.05	0.01	0	|	rapi	0.05	0.05	0	|	2.0	0.05(2)	0.05(2)	|	9804	
4267	99	ok	|	0.05	1.00	1.00	0.05	0.01	0	|	rapi	0.05	0.05	0	|	2.0	0.05(2)	0.05(2)	|	9804	
4267	100	ok	|	0.05	1.00	1.00	0.06	0.01	0	|	rapi	0.05	0.06	0	|	2.0	0.06(2)	0.06(2)	|	9804	
4267	101	ok	|	0.05	1.00	1.00	0.05	0.01	0	|	rapi	0.05	0.05	0	|	2.0	0.05(2)	0.05(2)	|	9804	
4267	102	ok	|	0.06	1.00	1.00	0.06	0.02	0	|	rapi	0.06	0.06	0	|	2.0	0.06(2)	0.06(2)	|	9804	
4267	103	ok	|	0.05	1.00	1.00	0.05	0.01	0	|	rapi	0.05	0.05	0	|	2.0	0.05(2)	0.05(2)	|	9804	
4267	104	ok	|	0.04	1.00	1.00	0.04	0.01	0	|	rapi	0.04	0.04	0	|	2.0	0.04(2)	0.04(2)	|	9804	
4267	105	ok	|	0.06	1.00	1.00	0.06	0.01	0	|	rapi	0.06	0.06	0	|	2.0	0.06(2)	0.06(2)	|	9804	
4267	106	ok	|	0.07	1.00	1.00	0.07	0.02	0	|	rapi	0.07	0.07	0	|	2.0	0.07(2)	0.07(2)	|	9804	
4267	107	ok	|	0.07	1.00	1.00	0.07	0.02	0	|	rapi	0.07	0.07	0	|	2.0	0.07(2)	0.07(2)	|	9804	
4267	108	ok	|	0.08	1.00	1.00	0.08	0.02	0	|	rapi	0.08	0.08	0	|	2.0	0.08(2)	0.08(2)	|	9804	
4267	109	ok	|	0.10	1.00	1.00	0.10	0.03	0	|	rapi	0.10	0.10	0	|	2.0	0.10(2)	0.10(2)	|	9804	
4267	110	ok	|	0.11	1.00	1.00	0.12	0.03	0	|	rapi	0.11	0.12	0	|	2.0	0.12(2)	0.12(2)	|	9804	
4267	111	ok	|	0.12	1.00	1.00	0.12	0.03	0	|	rapi	0.12	0.12	0	|	2.0	0.12(2)	0.12(2)	|	9804	
4267	112	ok	|	0.11	1.00	1.00	0.11	0.03	0	|	rapi	0.11	0.11	0	|	2.0	0.11(2)	0.11(2)	|	9804	
4267	113	ok	|	0.09	1.00	1.00	0.09	0.02	0	|	rapi	0.09	0.09	0	|	2.0	0.09(2)	0.09(2)	|	9804	
4267	114	ok	|	0.06	1.00	1.00	0.07	0.02	0	|	rapi	0.06	0.07	0	|	2.0	0.07(2)	0.07(2)	|	9804	
4267	115	ok	|	0.07	1.00	1.00	0.07	0.02	0	|	rapi	0.07	0.07	0	|	2.0	0.07(2)	0.07(2)	|	9804	
4267	116	ok	|	0.07	1.00	1.00	0.07	0.02	0	|	rapi	0.07	0.07	0	|	2.0	0.07(2)	0.07(2)	|	9804	
4267	117	ok	|	0.07	1.00	1.00	0.07	0.02	0	|	rapi	0.07	0.07	0	|	2.0	0.07(2)	0.07(2)	|	9804	
4267	118	ok	|	0.05	1.00	1.00	0.06	0.01	0	|	rapi	0.05	0.06	0	|	2.0	0.06(2)	0.06(2)	|	9804	
4267	119	ok	|	0.05	1.00	1.00	0.06	0.01	0	|	rapi	0.05	0.06	0	|	2.0	0.06(2)	0.06(2)	|	9804	
4267	120	ok	|	0.06	1.00	1.00	0.06	0.02	0	|	rapi	0.06	0.06	0	|	2.0	0.06(2)	0.06(2)	|	9804	
4267	121	ok	|	0.06	1.00	1.00	0.06	0.01	0	|	rapi	0.06	0.06	0	|	2.0	0.06(2)	0.06(2)	|	9804	
4267	122	ok	|	0.06	1.00	1.00	0.06	0.01	0	|	rapi	0.06	0.06	0	|	2.0	0.06(2)	0.06(2)	|	9804	
4267	123	ok	|	0.05	1.00	1.00	0.05	0.01	0	|	rapi	0.05	0.05	0	|	2.0	0.05(2)	0.05(2)	|	9804	
4267	124	ok	|	0.04	1.00	1.00	0.04	0.01	0	|	rapi	0.04	0.04	0	|	2.0	0.04(2)	0.04(2)	|	9804	
4267	125	ok	|	0.04	1.00	1.00	0.04	0.01	0	|	rapi	0.04	0.04	0	|	2.0	0.04(2)	0.04(2)	|	9804	
4267	126	ok	|	0.04	1.00	1.00	0.04	0.01	0	|	rapi	0.04	0.04	0	|	2.0	0.04(2)	0.04(2)	|	9804	
4267	127	ok	|	0.04	1.00	1.00	0.04	0.01	0	|	rapi	0.04	0.04	0	|	2.0	0.04(2)	0.04(2)	|	9804	
4267	128	ok	|	0.04	1.00	1.00	0.04	0.01	0	|	rapi	0.04	0.04	0	|	2.0	0.04(2)	0.04(2)	|	9804	
4267	129	ok	|	0.04	1.00	1.00	0.04	0.01	0	|	rapi	0.04	0.04	0	|	2.0	0.04(2)	0.04(2)	|	9804	
4267	130	ok	|	0.04	1.00	1.00	0.04	0.01	0	|	rapi	0.04	0.04	0	|	2.0	0.04(2)	0.04(2)	|	9804	
4267	131	ok	|	0.04	1.00	1.00	0.04	0.01	0	|	rapi	0.04	0.04	0	|	2.0	0.04(2)	0.04(2)	|	9804	
4267	132	ok	|	0.03	1.00	1.00	0.03	0.01	0	|	rapi	0.03	0.03	0	|	2.0	0.03(2)	0.03(2)	|	9804	
4267	133	ok	|	0.04	1.00	1.00	0.04	0.01	0	|	rapi	0.04	0.04	0	|	2.0	0.04(2)	0.04(2)	|	9804	
4267	134	ok	|	0.04	1.00	1.00	0.04	0.01	0	|	rapi	0.04	0.04	0	|	2.0	0.04(2)	0.04(2)	|	9804	
4267	135	ok	|	0.05	1.00	1.00	0.05	0.01	0	|	rapi	0.05	0.05	0	|	2.0	0.05(2)	0.05(2)	|	9804	
4267	136	ok	|	0.05	1.00	1.00	0.05	0.01	0	|	rapi	0.05	0.05	0	|	2.0	0.05(2)	0.05(2)	|	9804	
4267	137	ok	|	0.04	1.00	1.00	0.04	0.01	0	|	rapi	0.04	0.04	0	|	2.0	0.04(2)	0.04(2)	|	9804	
4267	138	ok	|	0.03	1.00	1.00	0.04	0.01	0	|	rapi	0.03	0.04	0	|	2.0	0.04(2)	0.04(2)	|	9804	
4267	139	ok	|	0.03	1.00	1.00	0.03	0.01	0	|	rapi	0.03	0.03	0	|	2.0	0.03(2)	0.03(2)	|	9804	
4267	140	ok	|	0.03	1.00	1.00	0.03	0.01	0	|	rapi	0.03	0.03	0	|	2.0	0.03(2)	0.03(2)	|	9804	
4267	141	ok	|	0.02	1.00	1.00	0.02	0.01	0	|	rapi	0.02	0.02	0	|	2.0	0.02(2)	0.02(2)	|	9804	
4267	142	ok	|	0.03	1.00	1.00	0.03	0.01	0	|	rapi	0.03	0.03	0	|	2.0	0.03(2)	0.03(2)	|	9804	
4267	143	ok	|	0.02	1.00	1.00	0.02	0.01	0	|	rapi	0.02	0.02	0	|	2.0	0.02(2)	0.02(2)	|	9804	
4267	144	ok	|	0.02	1.00	1.00	0.02	0.01	0	|	rapi	0.02	0.02	0	|	2.0	0.02(2)	0.02(2)	|	9804	
4267	145	ok	|	0.02	1.00	1.00	0.02	0.01	0	|	rapi	0.02	0.02	0	|	2.0	0.02(2)	0.02(2)	|	9804	
4267	146	ok	|	0.02	1.00	1.00	0.02	0.01	0	|	rapi	0.02	0.02	0	|	2.0	0.02(2)	0.02(2)	|	9804	
4267	147	ok	|	0.02	1.00	1.00	0.02	0.01	0	|	rapi	0.02	0.02	0	|	2.0	0.02(2)	0.02(2)	|	9804	
4267	148	ok	|	0.02	1.00	1.00	0.02	0.01	0	|	rapi	0.02	0.02	0	|	2.0	0.02(2)	0.02(2)	|	9804	
4267	149	ok	|	0.02	1.00	1.00	0.02	0.01	0	|	rapi	0.02	0.02	0	|	2.0	0.02(2)	0.02(2)	|	9804	
4267	150	ok	|	0.02	1.00	1.00	0.02	0.01	0	|	rapi	0.02	0.02	0	|	2.0	0.02(2)	0.02(2)	|	9804	
4267	151	ok	|	0.02	1.00	1.00	0.02	0.01	0	|	rapi	0.02	0.02	0	|	2.0	0.02(2)	0.02(2)	|	9804	
4267	152	ok	|	0.03	1.00	1.00	0.03	0.01	0	|	rapi	0.03	0.03	0	|	2.0	0.03(2)	0.03(2)	|	9804	
4267	153	ok	|	0.03	1.00	1.00	0.03	0.01	0	|	rapi	0.03	0.03	0	|	2.0	0.03(2)	0.03(2)	|	9804	
4267	154	ok	|	0.04	1.00	1.00	0.04	0.02	0	|	rapi	0.04	0.04	0	|	2.0	0.04(2)	0.04(2)	|	9804	
4267	155	ok	|	0.03	1.00	1.00	0.03	0.02	0	|	rapi	0.03	0.03	0	|	2.0	0.03(2)	0.03(2)	|	9804	
4267	156	ok	|	0.03	1.00	1.00	0.03	0.01	0	|	rapi	0.03	0.03	0	|	2.0	0.03(2)	0.03(2)	|	9804	
4267	157	ok	|	0.03	1.00	1.00	0.03	0.02	0	|	rapi	0.03	0.03	0	|	2.0	0.03(2)	0.03(2)	|	9804	
4267	158	ok	|	0.03	1.00	1.00	0.03	0.01	0	|	rapi	0.03	0.03	0	|	2.0	0.03(2)	0.03(2)	|	9804	
4267	159	ok	|	0.02	1.00	1.00	0.02	0.01	0	|	rapi	0.02	0.02	0	|	2.0	0.02(2)	0.02(2)	|	9804	
4267	160	ok	|	0.03	1.00	1.00	0.03	0.01	0	|	rapi	0.03	0.03	0	|	2.0	0.03(2)	0.03(2)	|	9804	
4267	161	ok	|	0.03	1.00	1.00	0.03	0.01	0	|	rapi	0.03	0.03	0	|	2.0	0.03(2)	0.03(2)	|	9804	
4267	162	ok	|	0.02	1.00	1.00	0.02	0.01	0	|	rapi	0.02	0.02	0	|	2.0	0.02(2)	0.02(2)	|	9804	
4267	163	ok	|	0.01	1.00	1.00	0.01	0.01	0	|	rapi	0.01	0.01	0	|	2.0	0.01(2)	0.01(2)	|	9804	
4267	164	ok	|	0.01	1.00	1.00	0.01	0.00	0	|	rapi	0.01	0.01	0	|	2.0	0.01(2)	0.01(2)	|	9804	
4267	165	ok	|	0.01	1.00	1.00	0.01	0.00	0	|	rapi	0.01	0.01	0	|	2.0	0.01(2)	0.01(2)	|	9804	
4267	166	ok	|	0.01	1.00	1.00	0.01	0.01	0	|	rapi	0.01	0.01	0	|	2.0	0.01(2)	0.01(2)	|	9804	
4267	167	ok	|	0.01	1.00	1.00	0.01	0.01	0	|	rapi	0.01	0.01	0	|	2.0	0.01(2)	0.01(2)	|	9804	
4267	168	ok	|	0.02	1.00	1.00	0.02	0.01	0	|	rapi	0.02	0.02	0	|	2.0	0.02(2)	0.02(2)	|	9804	
4267	169	ok	|	0.02	1.00	1.00	0.02	0.01	0	|	rapi	0.02	0.02	0	|	2.0	0.02(2)	0.02(2)	|	9804	
4267	170	ok	|	0.01	1.00	1.00	0.01	0.01	0	|	rapi	0.01	0.01	0	|	2.0	0.01(2)	0.01(2)	|	9804	
4267	171	ok	|	0.01	1.00	1.00	0.01	0.01	0	|	rapi	0.01	0.01	0	|	2.0	0.01(2)	0.01(2)	|	9804	
4267	172	ok	|	0.01	1.00	1.00	0.01	0.01	0	|	rapi	0.01	0.01	0	|	2.0	0.01(2)	0.01(2)	|	9804	
4267	173	ok	|	0.01	1.00	1.00	0.01	0.01	0	|	rapi	0.01	0.01	0	|	2.0	0.01(2)	0.01(2)	|	9804	
4267	174	ok	|	0.02	1.00	1.00	0.02	0.01	0	|	rapi	0.02	0.02	0	|	2.0	0.02(2)	0.02(2)	|	9804	
4267	175	ok	|	0.02	1.00	1.00	0.02	0.01	0	|	rapi	0.02	0.02	0	|	2.0	0.02(2)	0.02(2)	|	9804	
4267	176	ok	|	0.01	1.00	1.00	0.01	0.01	0	|	rapi	0.01	0.01	0	|	2.0	0.01(2)	0.01(2)	|	9804	
4267	177	ok	|	0.01	1.00	1.00	0.01	0.00	0	|	rapi	0.01	0.01	0	|	2.0	0.01(2)	0.01(2)	|	9804	
4267	178	ok	|	0.01	1.00	1.00	0.01	0.00	0	|	rapi	0.01	0.01	0	|	2.0	0.01(2)	0.01(2)	|	9804	
4267	179	ok	|	0.00	1.00	1.00	0.00	0.00	0	|	rapi	0.00	0.00	0	|	2.0	0.00(2)	0.00(2)	|	9804	
4267	180	ok	|	0.01	1.00	1.00	0.01	0.00	0	|	rapi	0.01	0.01	0	|	2.0	0.01(2)	0.01(2)	|	9804	
4267	181	ok	|	0.00	1.00	1.00	0.00	0.00	0	|	rapi	0.00	0.00	0	|	2.0	0.00(2)	0.00(2)	|	9804	
4267	182	ok	|	0.00	1.00	1.00	0.00	0.00	0	|	rapi	0.00	0.00	0	|	2.0	0.00(2)	0.00(2)	|	9804	
4267	183	ok	|	0.00	1.00	1.00	0.00	0.00	0	|	rapi	0.00	0.00	0	|	2.0	0.00(2)	0.00(2)	|	9804	
4267	184	ok	|	0.00	1.00	1.00	0.00	0.00	0	|	rapi	0.00	0.00	0	|	2.0	0.00(2)	0.00(2)	|	9804	
4267	185	ok	|	0.00	1.00	1.00	0.00	0.00	0	|	rapi	0.00	0.00	0	|	2.0	0.00(2)	0.00(2)	|	9804	
4267	186	fail-0	|	0.00	1.00	1.00	0.00	NaN	0	|	rapi	0.00	0.00	0	|	NaN			|	9804	
