4283	0	ok	|	0.10	1.00	1.00	0.10	0.00	0	|	rapi	0.00	0.00	0	|	-94.0	0.10(-94)		|	3	
4283	1	ok	|	0.08	1.00	1.00	0.09	0.00	0	|	rapi	0.00	0.00	0	|	-94.0	0.09(-94)		|	3	
4283	2	ok	|	0.08	1.00	1.00	0.09	0.00	0	|	rapi	0.00	0.00	0	|	-94.0	0.09(-94)		|	3	
4283	3	ok	|	0.09	1.00	1.00	0.10	0.00	0	|	rapi	0.00	0.00	0	|	-94.0	0.10(-94)		|	3	
4283	4	ok	|	0.09	1.00	1.00	0.10	0.00	0	|	rapi	0.00	0.00	0	|	-94.0	0.10(-94)		|	3	
4283	5	ok	|	0.10	1.00	1.00	0.12	0.00	0	|	rapi	0.00	0.00	0	|	-94.0	0.12(-94)		|	3	
4283	6	ok	|	0.12	1.00	1.00	0.15	0.00	0	|	rapi	0.00	0.00	0	|	-94.0	0.15(-94)		|	3	
4283	7	ok	|	0.14	1.00	1.00	0.19	0.00	0	|	rapi	0.00	0.00	0	|	-94.0	0.19(-94)		|	3	
4283	8	ok	|	0.17	1.00	1.00	0.24	0.00	0	|	rapi	0.00	0.00	0	|	-94.0	0.24(-94)		|	3	
4283	9	ok	|	0.19	1.00	1.00	0.27	0.00	0	|	rapi	0.00	0.00	0	|	-94.0	0.27(-94)		|	3	
4283	10	ok	|	0.23	1.00	1.00	0.33	0.00	0	|	rapi	0.00	0.00	0	|	-94.0	0.33(-94)		|	3	
4283	11	ok	|	0.26	1.00	1.00	0.38	0.00	0	|	rapi	0.00	0.00	0	|	-94.0	0.38(-94)		|	3	
4283	12	ok	|	0.29	1.00	1.00	0.42	0.00	0	|	rapi	0.00	0.00	0	|	-94.0	0.42(-94)		|	3	
4283	13	ok	|	0.34	0.99	0.99	0.55	0.00	0	|	rapi	0.00	0.00	0	|	-94.0	0.55(-94)		|	3	
4283	14	ok	|	0.42	0.99	0.99	0.74	0.00	0	|	rapi	0.00	0.00	0	|	-94.0	0.74(-94)		|	3	
4283	15	ok	|	0.51	0.99	0.99	1.00	0.00	0	|	rapi	0.00	0.00	0	|	-94.0	1.00(-94)		|	3	
4283	16	ok	|	0.57	0.99	0.99	1.16	0.00	0	|	rapi	0.00	0.00	0	|	-94.0	1.16(-94)		|	3	
4283	17	ok	|	0.66	0.99	0.99	1.45	0.00	0	|	rapi	0.00	0.00	0	|	-94.0	1.45(-94)		|	3	
4283	18	ok	|	0.71	0.98	0.98	1.71	0.00	0	|	rapi	0.00	0.00	0	|	-94.0	1.71(-94)		|	3	
4283	19	ok	|	0.78	0.98	0.98	2.01	0.00	0	|	rapi	0.00	0.00	0	|	-94.0	2.01(-94)		|	3	
4283	20	ok	|	0.82	0.98	0.98	2.26	0.00	0	|	rapi	0.00	0.00	0	|	-94.0	2.26(-94)		|	3	
4283	21	ok	|	0.88	0.97	0.97	2.80	0.00	0	|	rapi	0.00	0.00	0	|	-94.0	2.80(-94)		|	3	
4283	22	ok	|	0.94	0.97	0.97	3.29	0.00	0	|	rapi	0.00	0.00	0	|	-94.0	3.29(-94)		|	3	
4283	23	ok	|	0.95	0.96	0.96	3.91	0.00	0	|	rapi	0.00	0.00	0	|	-94.0	3.91(-94)		|	3	
4283	24	ok	|	0.97	0.95	0.95	4.71	0.00	0	|	rapi	0.00	0.00	0	|	-94.0	4.71(-94)		|	3	
4283	25	ok	|	0.99	0.94	0.94	5.58	0.00	0	|	rapi	0.00	0.00	0	|	-94.0	5.58(-94)		|	3	
4283	26	ok	|	0.99	0.93	0.93	6.70	0.00	0	|	rapi	0.00	0.00	0	|	-94.0	6.70(-94)		|	3	
4283	27	ok	|	1.00	0.92	0.92	7.87	0.00	0	|	rapi	0.00	0.00	0	|	-94.0	7.87(-94)		|	3	
4283	28	ok	|	1.00	0.91	0.91	9.29	0.00	0	|	rapi	0.00	0.00	0	|	-94.0	9.29(-94)		|	3	
4283	29	ok	|	1.00	0.89	0.89	11.00	0.00	0	|	rapi	0.00	0.00	0	|	-94.0	11.00(-94)	0.00(-94)	|	3	
4283	30	ok	|	1.00	0.87	0.87	12.94	0.00	0	|	rapi	0.00	0.00	0	|	-94.0	12.94(-94)	0.00(-94)	|	3	
4283	31	ok	|	1.00	0.85	0.85	15.01	0.00	0	|	rapi	0.00	0.00	0	|	-94.0	15.01(-94)	0.00(-94)	|	3	
4283	32	ok	|	1.00	0.83	0.83	17.48	0.00	0	|	rapi	0.00	0.00	0	|	-94.0	17.48(-94)		|	3	
4283	33	ok	|	1.00	0.79	0.79	20.71	0.00	0	|	rapi	0.00	0.00	0	|	-94.0	20.71(-94)		|	3	
4283	34	ok	|	1.00	0.75	0.75	24.75	0.00	0	|	rapi	0.00	0.00	0	|	-94.0	24.75(-94)		|	3	
4283	35	ok	|	1.00	0.71	0.71	29.00	0.00	0	|	rapi	0.00	0.00	0	|	-94.0	29.00(-94)		|	3	
4283	36	ok	|	1.00	0.66	0.66	33.91	0.00	0	|	rapi	0.00	0.00	0	|	-94.0	33.91(-94)		|	3	
4283	37	ok	|	1.00	0.60	0.60	40.16	0.00	0	|	rapi	0.00	0.00	0	|	-94.0	40.16(-94)		|	3	
4283	38	ok	|	1.00	0.53	0.53	46.99	0.00	0	|	rapi	0.00	0.00	0	|	-94.0	46.99(-94)		|	3	
4283	39	ok	|	1.00	0.46	0.46	54.37	0.00	0	|	rapi	0.00	0.00	0	|	-94.0	54.37(-94)		|	3	
4283	40	ok	|	1.00	0.37	0.37	63.15	0.00	0	|	rapi	0.00	0.00	0	|	-94.0	63.15(-94)		|	3	
4283	41	ok	|	1.00	0.27	0.27	72.94	0.00	0	|	rapi	0.00	0.00	0	|	-94.0	72.94(-94)		|	3	
4283	42	ok	|	1.00	0.17	0.17	83.27	0.00	0	|	rapi	0.00	0.00	0	|	-94.0	83.27(-94)		|	3	
4283	43	fail-w	|	1.00	0.09	0.09	93.11	0.00	0	|	rapi	0.00	0.00	0	|	-94.0	93.11(-94)	0.00(-94)	|	3	
