4295	0	ok	|	0.09	1.00	1.00	0.10	0.00	0	|	rapi	0.00	0.00	0	|	-91.0	0.10(-91)		|	8	
4295	1	ok	|	0.11	1.00	1.00	0.11	0.00	0	|	rapi	0.00	0.00	0	|	-91.0	0.11(-91)		|	8	
4295	2	ok	|	0.12	1.00	1.00	0.13	0.00	0	|	rapi	0.00	0.00	0	|	-91.0	0.13(-91)		|	8	
4295	3	ok	|	0.12	1.00	1.00	0.16	0.00	0	|	rapi	0.00	0.00	0	|	-91.0	0.16(-91)		|	8	
4295	4	ok	|	0.13	1.00	1.00	0.18	0.00	0	|	rapi	0.00	0.00	0	|	-91.0	0.18(-91)		|	8	
4295	5	ok	|	0.16	1.00	1.00	0.23	0.00	0	|	rapi	0.00	0.00	0	|	-91.0	0.23(-91)		|	8	
4295	6	ok	|	0.19	1.00	1.00	0.27	0.00	0	|	rapi	0.00	0.00	0	|	-91.0	0.27(-91)		|	8	
4295	7	ok	|	0.21	1.00	1.00	0.32	0.00	0	|	rapi	0.00	0.00	0	|	-91.0	0.32(-91)		|	8	
4295	8	ok	|	0.23	1.00	1.00	0.38	0.00	0	|	rapi	0.00	0.00	0	|	-91.0	0.38(-91)		|	8	
4295	9	ok	|	0.27	1.00	1.00	0.48	0.00	0	|	rapi	0.00	0.00	0	|	-91.0	0.48(-91)		|	8	
4295	10	ok	|	0.30	0.99	0.99	0.54	0.00	0	|	rapi	0.00	0.00	0	|	-91.0	0.54(-91)		|	8	
4295	11	ok	|	0.38	0.99	0.99	0.65	0.00	0	|	rapi	0.00	0.00	0	|	-91.0	0.65(-91)		|	8	
4295	12	ok	|	0.43	0.99	0.99	0.76	0.00	0	|	rapi	0.00	0.00	0	|	-91.0	0.76(-91)		|	8	
4295	13	ok	|	0.45	0.99	0.99	0.83	0.00	0	|	rapi	0.00	0.00	0	|	-91.0	0.83(-91)		|	8	
4295	14	ok	|	0.51	0.99	0.99	0.95	0.00	0	|	rapi	0.00	0.00	0	|	-91.0	0.95(-91)		|	8	
4295	15	ok	|	0.55	0.99	0.99	1.10	0.00	0	|	rapi	0.00	0.00	0	|	-91.0	1.10(-91)		|	8	
4295	16	ok	|	0.61	0.99	0.99	1.31	0.00	0	|	rapi	0.00	0.00	0	|	-91.0	1.31(-91)		|	8	
4295	17	ok	|	0.69	0.98	0.98	1.60	0.00	0	|	rapi	0.00	0.00	0	|	-91.0	1.60(-91)		|	8	
4295	18	ok	|	0.76	0.98	0.98	1.98	0.00	0	|	rapi	0.00	0.00	0	|	-91.0	1.98(-91)		|	8	
4295	19	ok	|	0.81	0.98	0.98	2.36	0.00	0	|	rapi	0.00	0.00	0	|	-91.0	2.36(-91)		|	8	
4295	20	ok	|	0.88	0.97	0.97	2.86	0.00	0	|	rapi	0.00	0.00	0	|	-91.0	2.86(-91)		|	8	
4295	21	ok	|	0.91	0.97	0.97	3.27	0.00	0	|	rapi	0.00	0.00	0	|	-91.0	3.27(-91)		|	8	
4295	22	ok	|	0.95	0.96	0.96	3.88	0.00	0	|	rapi	0.00	0.00	0	|	-91.0	3.88(-91)		|	8	
4295	23	ok	|	0.97	0.96	0.96	4.46	0.00	0	|	rapi	0.00	0.00	0	|	-91.0	4.46(-91)		|	8	
4295	24	ok	|	0.98	0.95	0.95	5.30	0.00	0	|	rapi	0.00	0.00	0	|	-91.0	5.30(-91)		|	8	
4295	25	ok	|	0.99	0.94	0.94	6.16	0.00	0	|	rapi	0.00	0.00	0	|	-91.0	6.16(-91)		|	8	
4295	26	ok	|	1.00	0.93	0.93	6.96	0.00	0	|	rapi	0.00	0.00	0	|	-91.0	6.96(-91)		|	8	
4295	27	ok	|	0.99	0.92	0.92	8.18	0.00	0	|	rapi	0.00	0.00	0	|	-91.0	8.18(-91)		|	8	
4295	28	ok	|	1.00	0.90	0.90	9.80	0.00	0	|	rapi	0.00	0.00	0	|	-91.0	9.80(-91)		|	8	
4295	29	ok	|	1.00	0.88	0.88	11.68	0.00	0	|	rapi	0.00	0.00	0	|	-91.0	11.68(-91)		|	8	
4295	30	ok	|	1.00	0.86	0.86	13.72	0.00	0	|	rapi	0.00	0.00	0	|	-91.0	13.72(-91)		|	8	
4295	31	ok	|	1.00	0.84	0.84	16.25	0.00	0	|	rapi	0.00	0.00	0	|	-91.0	16.25(-91)		|	8	
4295	32	ok	|	1.00	0.80	0.80	19.64	0.00	0	|	rapi	0.00	0.00	0	|	-91.0	19.64(-91)		|	8	
4295	33	ok	|	1.00	0.77	0.77	23.39	0.00	0	|	rapi	0.00	0.00	0	|	-91.0	23.39(-91)	0.00(-91)	|	8	
4295	34	ok	|	1.00	0.73	0.73	27.31	0.00	0	|	rapi	0.00	0.00	0	|	-91.0	27.31(-91)	0.00(-91)	|	8	
4295	35	ok	|	1.00	0.68	0.68	31.93	0.00	0	|	rapi	0.00	0.00	0	|	-91.0	31.93(-91)		|	8	
4295	36	ok	|	1.00	0.63	0.63	37.04	0.00	0	|	rapi	0.00	0.00	0	|	-91.0	37.04(-91)	0.00(-91)	|	8	
4295	37	ok	|	1.00	0.56	0.56	43.87	0.00	0	|	rapi	0.00	0.00	0	|	-91.0	43.87(-91)	0.00(-91)	|	8	
4295	38	ok	|	1.00	0.49	0.49	50.79	0.00	0	|	rapi	0.00	0.00	0	|	-91.0	50.79(-91)	0.00(-91)	|	8	
4295	39	ok	|	1.00	0.41	0.41	58.59	0.00	0	|	rapi	0.00	0.00	0	|	-91.0	58.59(-91)	0.00(-91)	|	8	
4295	40	ok	|	1.00	0.33	0.33	67.40	0.00	0	|	rapi	0.01	0.01	0	|	-91.0	67.40(-91)	0.01(-91)	|	8	
4295	41	ok	|	1.00	0.23	0.23	76.65	0.00	0	|	rapi	0.01	0.01	0	|	-91.0	76.65(-91)	0.01(-91)	|	8	
4295	42	ok	|	1.00	0.15	0.15	85.89	0.00	0	|	rapi	0.01	0.01	0	|	-91.0	85.89(-91)	0.01(-91)	|	8	
4295	43	fail-w	|	1.00	0.08	0.08	94.18	0.00	0	|	rapi	0.01	0.01	0	|	-91.0	94.18(-91)	0.01(-91)	|	8	
