4331	0	ok	|	0.10	1.00	1.00	0.10	0.00	0	|	rapi	0.00	0.00	0	|	-40.0	0.10(-40)		|	2	
4331	1	ok	|	0.11	1.00	1.00	0.13	0.00	0	|	rapi	0.00	0.00	0	|	-40.0	0.13(-40)		|	2	
4331	2	ok	|	0.12	1.00	1.00	0.13	0.00	0	|	rapi	0.00	0.00	0	|	-40.0	0.13(-40)		|	2	
4331	3	ok	|	0.15	1.00	1.00	0.18	0.00	0	|	rapi	0.00	0.00	0	|	-40.0	0.18(-40)		|	2	
4331	4	ok	|	0.15	1.00	1.00	0.20	0.00	0	|	rapi	0.00	0.00	0	|	-40.0	0.20(-40)		|	2	
4331	5	ok	|	0.17	1.00	1.00	0.23	0.00	0	|	rapi	0.00	0.00	0	|	-40.0	0.23(-40)		|	2	
4331	6	ok	|	0.20	1.00	1.00	0.27	0.00	0	|	rapi	0.00	0.00	0	|	-40.0	0.27(-40)		|	2	
4331	7	ok	|	0.22	1.00	1.00	0.30	0.00	0	|	rapi	0.00	0.00	0	|	-40.0	0.30(-40)		|	2	
4331	8	ok	|	0.26	1.00	1.00	0.38	0.00	0	|	rapi	0.00	0.00	0	|	-40.0	0.38(-40)		|	2	
4331	9	ok	|	0.27	1.00	1.00	0.40	0.00	0	|	rapi	0.00	0.00	0	|	-40.0	0.40(-40)		|	2	
4331	10	ok	|	0.33	0.99	0.99	0.51	0.00	0	|	rapi	0.00	0.00	0	|	-40.0	0.51(-40)		|	2	
4331	11	ok	|	0.34	0.99	0.99	0.54	0.00	0	|	rapi	0.00	0.00	0	|	-40.0	0.54(-40)		|	2	
4331	12	ok	|	0.41	0.99	0.99	0.67	0.00	0	|	rapi	0.00	0.00	0	|	-40.0	0.67(-40)		|	2	
4331	13	ok	|	0.46	0.99	0.99	0.79	0.00	0	|	rapi	0.00	0.00	0	|	-40.0	0.79(-40)		|	2	
4331	14	ok	|	0.49	0.99	0.99	0.92	0.00	0	|	rapi	0.00	0.00	0	|	-40.0	0.92(-40)	0.00(-40)	|	2	
4331	15	ok	|	0.54	0.99	0.99	0.99	0.00	0	|	rapi	0.00	0.00	0	|	-40.0	0.99(-40)	0.00(-40)	|	2	
4331	16	ok	|	0.63	0.99	0.99	1.24	0.00	0	|	rapi	0.01	0.01	0	|	-40.0	1.24(-40)	0.01(-40)	|	2	
4331	17	ok	|	0.65	0.99	0.99	1.33	0.00	0	|	rapi	0.01	0.01	0	|	-40.0	1.33(-40)	0.01(-40)	|	2	
4331	18	ok	|	0.68	0.98	0.98	1.52	0.00	0	|	rapi	0.01	0.01	0	|	-40.0	1.52(-40)	0.01(-40)	|	2	
4331	19	ok	|	0.73	0.98	0.98	1.78	0.00	0	|	rapi	0.00	0.00	0	|	-40.0	1.78(-40)	0.00(-40)	|	2	
4331	20	ok	|	0.77	0.98	0.98	2.03	0.00	0	|	rapi	0.00	0.00	0	|	-40.0	2.03(-40)	0.00(-40)	|	2	
4331	21	ok	|	0.82	0.98	0.98	2.33	0.00	0	|	rapi	0.01	0.01	0	|	-40.0	2.33(-40)	0.01(-40)	|	2	
4331	22	ok	|	0.86	0.97	0.97	2.66	0.00	0	|	rapi	0.01	0.01	0	|	-40.0	2.66(-40)	0.01(-40)	|	2	
4331	23	ok	|	0.88	0.97	0.97	3.09	0.00	0	|	rapi	0.01	0.01	0	|	-40.0	3.09(-40)	0.01(-40)	|	2	
4331	24	ok	|	0.93	0.96	0.96	3.54	0.00	0	|	rapi	0.00	0.00	0	|	-40.0	3.54(-40)	0.00(-40)	|	2	
4331	25	ok	|	0.96	0.96	0.96	4.23	0.00	0	|	rapi	0.00	0.00	0	|	-40.0	4.23(-40)	0.00(-40)	|	2	
4331	26	ok	|	0.97	0.95	0.95	4.88	0.00	0	|	rapi	0.01	0.01	0	|	-40.0	4.88(-40)	0.01(-40)	|	2	
4331	27	ok	|	0.98	0.94	0.94	5.86	0.00	0	|	rapi	0.00	0.00	0	|	-40.0	5.86(-40)	0.00(-40)	|	2	
4331	28	ok	|	0.99	0.93	0.93	7.03	0.00	0	|	rapi	0.00	0.00	0	|	-40.0	7.03(-40)	0.00(-40)	|	2	
4331	29	ok	|	1.00	0.92	0.92	8.24	0.00	0	|	rapi	0.00	0.00	0	|	-40.0	8.24(-40)	0.00(-40)	|	2	
4331	30	ok	|	1.00	0.90	0.90	9.74	0.00	0	|	rapi	0.00	0.00	0	|	-40.0	9.74(-40)	0.00(-40)	|	2	
4331	31	ok	|	1.00	0.88	0.88	11.77	0.00	0	|	rapi	0.00	0.00	0	|	-40.0	11.77(-40)	0.00(-40)	|	2	
4331	32	ok	|	1.00	0.86	0.86	13.83	0.00	0	|	rapi	0.00	0.00	0	|	-40.0	13.83(-40)		|	2	
4331	33	ok	|	1.00	0.84	0.84	16.18	0.00	0	|	rapi	0.00	0.00	0	|	-40.0	16.18(-40)		|	2	
4331	34	ok	|	1.00	0.81	0.81	19.05	0.00	0	|	rapi	0.00	0.00	0	|	-40.0	19.05(-40)		|	2	
4331	35	ok	|	1.00	0.77	0.77	22.59	0.00	0	|	rapi	0.00	0.00	0	|	-40.0	22.59(-40)		|	2	
4331	36	ok	|	1.00	0.73	0.73	26.67	0.00	0	|	rapi	0.00	0.00	0	|	-40.0	26.67(-40)	0.00(-40)	|	2	
4331	37	ok	|	1.00	0.69	0.69	30.96	0.00	0	|	rapi	0.00	0.00	0	|	-40.0	30.96(-40)	0.00(-40)	|	2	
4331	38	ok	|	1.00	0.64	0.64	35.80	0.00	0	|	rapi	0.00	0.00	0	|	-40.0	35.80(-40)		|	2	
4331	39	ok	|	1.00	0.58	0.58	41.87	0.00	0	|	rapi	0.00	0.00	0	|	-40.0	41.87(-40)	0.00(-40)	|	2	
4331	40	ok	|	1.00	0.51	0.51	48.85	0.00	0	|	rapi	0.00	0.00	0	|	-40.0	48.85(-40)	0.00(-40)	|	2	
4331	41	ok	|	1.00	0.43	0.43	56.58	0.00	0	|	rapi	0.00	0.00	0	|	-40.0	56.58(-40)		|	2	
4331	42	ok	|	1.00	0.35	0.35	64.78	0.00	0	|	rapi	0.00	0.00	0	|	-40.0	64.78(-40)	0.00(-40)	|	2	
4331	43	ok	|	1.00	0.26	0.26	74.30	0.00	0	|	rapi	0.00	0.00	0	|	-40.0	74.30(-40)	0.00(-40)	|	2	
4331	44	ok	|	1.00	0.16	0.16	84.33	0.00	0	|	rapi	0.00	0.00	0	|	-40.0	84.33(-40)	0.00(-40)	|	2	
4331	45	fail-w	|	1.00	0.08	0.08	93.94	0.00	0	|	rapi	0.00	0.00	0	|	-40.0	93.94(-40)	0.00(-40)	|	2	
