4528	0	ok	|	0.10	1.00	1.00	0.10	0.00	0	|	rapi	0.00	0.00	0	|	-46.0	0.10(-46)		|	1	
4528	1	ok	|	0.10	1.00	1.00	0.11	0.00	0	|	rapi	0.00	0.00	0	|	-46.0	0.11(-46)		|	1	
4528	2	ok	|	0.09	1.00	1.00	0.10	0.00	0	|	rapi	0.00	0.00	0	|	-46.0	0.10(-46)		|	1	
4528	3	ok	|	0.10	1.00	1.00	0.13	0.00	0	|	rapi	0.00	0.00	0	|	-46.0	0.13(-46)		|	1	
4528	4	ok	|	0.13	1.00	1.00	0.17	0.00	0	|	rapi	0.00	0.00	0	|	-46.0	0.17(-46)		|	1	
4528	5	ok	|	0.14	1.00	1.00	0.20	0.00	0	|	rapi	0.00	0.00	0	|	-46.0	0.20(-46)		|	1	
4528	6	ok	|	0.17	1.00	1.00	0.25	0.00	0	|	rapi	0.00	0.00	0	|	-46.0	0.25(-46)		|	1	
4528	7	ok	|	0.20	1.00	1.00	0.29	0.00	0	|	rapi	0.00	0.00	0	|	-46.0	0.29(-46)		|	1	
4528	8	ok	|	0.24	1.00	1.00	0.37	0.00	0	|	rapi	0.00	0.00	0	|	-46.0	0.37(-46)		|	1	
4528	9	ok	|	0.29	1.00	1.00	0.45	0.00	0	|	rapi	0.00	0.00	0	|	-46.0	0.45(-46)		|	1	
4528	10	ok	|	0.30	1.00	1.00	0.48	0.00	0	|	rapi	0.00	0.00	0	|	-46.0	0.48(-46)		|	1	
4528	11	ok	|	0.35	0.99	0.99	0.56	0.00	0	|	rapi	0.00	0.00	0	|	-46.0	0.56(-46)		|	1	
4528	12	ok	|	0.39	0.99	0.99	0.63	0.00	0	|	rapi	0.00	0.00	0	|	-46.0	0.63(-46)		|	1	
4528	13	ok	|	0.42	0.99	0.99	0.71	0.00	0	|	rapi	0.00	0.00	0	|	-46.0	0.71(-46)		|	1	
4528	14	ok	|	0.48	0.99	0.99	0.85	0.00	0	|	rapi	0.00	0.00	0	|	-46.0	0.85(-46)		|	1	
4528	15	ok	|	0.51	0.99	0.99	0.94	0.00	0	|	rapi	0.00	0.00	0	|	-46.0	0.94(-46)		|	1	
4528	16	ok	|	0.54	0.99	0.99	1.11	0.00	0	|	rapi	0.00	0.00	0	|	-46.0	1.11(-46)		|	1	
4528	17	ok	|	0.59	0.99	0.99	1.30	0.00	0	|	rapi	0.00	0.00	0	|	-46.0	1.30(-46)		|	1	
4528	18	ok	|	0.63	0.99	0.99	1.45	0.00	0	|	rapi	0.00	0.00	0	|	-46.0	1.45(-46)		|	1	
4528	19	ok	|	0.70	0.98	0.98	1.74	0.00	0	|	rapi	0.00	0.00	0	|	-46.0	1.74(-46)		|	1	
4528	20	ok	|	0.74	0.98	0.98	2.01	0.00	0	|	rapi	0.00	0.00	0	|	-46.0	2.01(-46)		|	1	
4528	21	ok	|	0.83	0.98	0.98	2.47	0.00	0	|	rapi	0.00	0.00	0	|	-46.0	2.47(-46)		|	1	
4528	22	ok	|	0.88	0.97	0.97	2.88	0.00	0	|	rapi	0.00	0.00	0	|	-46.0	2.88(-46)		|	1	
4528	23	ok	|	0.93	0.97	0.97	3.47	0.00	0	|	rapi	0.00	0.00	0	|	-46.0	3.47(-46)		|	1	
4528	24	ok	|	0.94	0.96	0.96	3.97	0.00	0	|	rapi	0.00	0.00	0	|	-46.0	3.97(-46)		|	1	
4528	25	ok	|	0.96	0.95	0.95	4.73	0.00	0	|	rapi	0.00	0.00	0	|	-46.0	4.73(-46)		|	1	
4528	26	ok	|	0.99	0.94	0.94	5.58	0.00	0	|	rapi	0.00	0.00	0	|	-46.0	5.58(-46)		|	1	
4528	27	ok	|	0.99	0.93	0.93	6.60	0.00	0	|	rapi	0.00	0.00	0	|	-46.0	6.60(-46)		|	1	
4528	28	ok	|	1.00	0.92	0.92	7.95	0.00	0	|	rapi	0.00	0.00	0	|	-46.0	7.95(-46)		|	1	
4528	29	ok	|	1.00	0.91	0.91	9.50	0.00	0	|	rapi	0.00	0.00	0	|	-46.0	9.50(-46)		|	1	
4528	30	ok	|	1.00	0.89	0.89	11.32	0.00	0	|	rapi	0.00	0.00	0	|	-46.0	11.32(-46)		|	1	
4528	31	ok	|	1.00	0.87	0.87	13.27	0.00	0	|	rapi	0.00	0.00	0	|	-46.0	13.27(-46)	0.00(-46)	|	1	
4528	32	ok	|	1.00	0.85	0.85	15.45	0.00	0	|	rapi	0.00	0.00	0	|	-46.0	15.45(-46)	0.00(-46)	|	1	
4528	33	ok	|	1.00	0.82	0.82	18.18	0.00	0	|	rapi	0.00	0.00	0	|	-46.0	18.18(-46)	0.00(-46)	|	1	
4528	34	ok	|	1.00	0.79	0.79	21.49	0.00	0	|	rapi	0.00	0.00	0	|	-46.0	21.49(-46)		|	1	
4528	35	ok	|	1.00	0.75	0.75	25.32	0.00	0	|	rapi	0.00	0.00	0	|	-46.0	25.32(-46)		|	1	
4528	36	ok	|	1.00	0.70	0.70	30.13	0.00	0	|	rapi	0.00	0.00	0	|	-46.0	30.13(-46)		|	1	
4528	37	ok	|	1.00	0.64	0.64	35.56	0.00	0	|	rapi	0.00	0.00	0	|	-46.0	35.56(-46)		|	1	
4528	38	ok	|	1.00	0.58	0.58	41.52	0.00	0	|	rapi	0.00	0.00	0	|	-46.0	41.52(-46)		|	1	
4528	39	ok	|	1.00	0.51	0.51	48.61	0.00	0	|	rapi	0.00	0.00	0	|	-46.0	48.61(-46)		|	1	
4528	40	ok	|	1.00	0.43	0.43	57.11	0.00	0	|	rapi	0.00	0.00	0	|	-46.0	57.11(-46)	0.00(-46)	|	1	
4528	41	ok	|	1.00	0.34	0.34	65.62	0.00	0	|	rapi	0.00	0.00	0	|	-46.0	65.62(-46)		|	1	
4528	42	ok	|	1.00	0.25	0.25	74.72	0.00	0	|	rapi	0.00	0.00	0	|	-46.0	74.72(-46)		|	1	
4528	43	ok	|	1.00	0.16	0.16	84.93	0.00	0	|	rapi	0.00	0.00	0	|	-46.0	84.93(-46)	0.00(-46)	|	1	
4528	44	fail-w	|	1.00	0.08	0.08	93.36	0.00	0	|	rapi	0.00	0.00	0	|	-46.0	93.36(-46)		|	1	
