4579	0	ok	|	0.10	1.00	1.00	0.10	0.00	0	|	rapi	0.08	0.08	0	|	1.0	0.10(1)	0.08(1)	|	8494	
4579	1	ok	|	0.09	1.00	1.00	0.10	0.00	0	|	rapi	0.08	0.09	0	|	1.0	0.10(1)	0.09(1)	|	8494	
4579	2	ok	|	0.09	1.00	1.00	0.09	0.00	0	|	rapi	0.08	0.08	0	|	1.0	0.09(1)	0.08(1)	|	8494	
4579	3	ok	|	0.09	1.00	1.00	0.09	0.00	0	|	rapi	0.08	0.08	0	|	1.0	0.09(1)	0.08(1)	|	8494	
4579	4	ok	|	0.09	1.00	1.00	0.09	0.00	0	|	rapi	0.08	0.08	0	|	1.0	0.09(1)	0.08(1)	|	8494	
4579	5	ok	|	0.10	1.00	1.00	0.11	0.00	0	|	rapi	0.09	0.09	0	|	1.0	0.11(1)	0.09(1)	|	8494	
4579	6	ok	|	0.11	1.00	1.00	0.12	0.00	0	|	rapi	0.10	0.10	0	|	1.0	0.12(1)	0.10(1)	|	8494	
4579	7	ok	|	0.14	1.00	1.00	0.14	0.00	0	|	rapi	0.12	0.12	0	|	1.0	0.14(1)	0.12(1)	|	8494	
4579	8	ok	|	0.15	1.00	1.00	0.16	0.00	0	|	rapi	0.14	0.14	0	|	1.0	0.16(1)	0.14(1)	|	8494	
4579	9	ok	|	0.16	1.00	1.00	0.17	0.00	0	|	rapi	0.14	0.14	0	|	1.0	0.17(1)	0.14(1)	|	8494	
4579	10	ok	|	0.17	1.00	1.00	0.18	0.00	0	|	rapi	0.16	0.16	0	|	1.0	0.18(1)	0.16(1)	|	8494	
4579	11	ok	|	0.17	1.00	1.00	0.18	0.00	0	|	rapi	0.15	0.16	0	|	1.0	0.18(1)	0.16(1)	|	8494	
4579	12	ok	|	0.17	1.00	1.00	0.19	0.00	0	|	rapi	0.16	0.17	0	|	1.0	0.19(1)	0.17(1)	|	8494	
4579	13	ok	|	0.15	1.00	1.00	0.16	0.00	0	|	rapi	0.14	0.14	0	|	1.0	0.16(1)	0.14(1)	|	8494	
4579	14	ok	|	0.14	1.00	1.00	0.15	0.00	0	|	rapi	0.12	0.13	0	|	1.0	0.15(1)	0.13(1)	|	8494	
4579	15	ok	|	0.14	1.00	1.00	0.15	0.00	0	|	rapi	0.13	0.13	0	|	1.0	0.15(1)	0.13(1)	|	8494	
4579	16	ok	|	0.14	1.00	1.00	0.15	0.00	0	|	rapi	0.12	0.13	0	|	1.0	0.15(1)	0.13(1)	|	8494	
4579	17	ok	|	0.14	1.00	1.00	0.15	0.00	0	|	rapi	0.12	0.12	0	|	1.0	0.15(1)	0.12(1)	|	8494	
4579	18	ok	|	0.12	1.00	1.00	0.13	0.00	0	|	rapi	0.11	0.12	0	|	1.0	0.13(1)	0.12(1)	|	8494	
4579	19	ok	|	0.10	1.00	1.00	0.10	0.00	0	|	rapi	0.09	0.09	0	|	1.0	0.10(1)	0.09(1)	|	8494	
4579	20	ok	|	0.10	1.00	1.00	0.11	0.00	0	|	rapi	0.09	0.10	0	|	1.0	0.11(1)	0.10(1)	|	8494	
4579	21	ok	|	0.10	1.00	1.00	0.10	0.00	0	|	rapi	0.09	0.10	0	|	1.0	0.10(1)	0.10(1)	|	8494	
4579	22	ok	|	0.08	1.00	1.00	0.09	0.00	0	|	rapi	0.08	0.08	0	|	1.0	0.09(1)	0.08(1)	|	8494	
4579	23	ok	|	0.08	1.00	1.00	0.09	0.00	0	|	rapi	0.08	0.08	0	|	1.0	0.09(1)	0.08(1)	|	8494	
4579	24	ok	|	0.09	1.00	1.00	0.09	0.00	0	|	rapi	0.09	0.09	0	|	1.0	0.09(1)	0.09(1)	|	8494	
4579	25	ok	|	0.08	1.00	1.00	0.09	0.00	0	|	rapi	0.08	0.09	0	|	1.0	0.09(1)	0.09(1)	|	8494	
4579	26	ok	|	0.08	1.00	1.00	0.08	0.00	0	|	rapi	0.08	0.08	0	|	1.0	0.08(1)	0.08(1)	|	8494	
4579	27	ok	|	0.08	1.00	1.00	0.09	0.00	0	|	rapi	0.08	0.09	0	|	1.0	0.09(1)	0.09(1)	|	8494	
4579	28	ok	|	0.09	1.00	1.00	0.09	0.00	0	|	rapi	0.09	0.09	0	|	1.0	0.09(1)	0.09(1)	|	8494	
4579	29	ok	|	0.10	1.00	1.00	0.10	0.01	0	|	rapi	0.10	0.10	0	|	1.0	0.10(1)	0.10(1)	|	8494	
4579	30	ok	|	0.11	1.00	1.00	0.12	0.01	0	|	rapi	0.11	0.12	0	|	1.0	0.12(1)	0.12(1)	|	8494	
4579	31	ok	|	0.13	1.00	1.00	0.14	0.01	0	|	rapi	0.13	0.14	0	|	1.0	0.14(1)	0.14(1)	|	8494	
4579	32	ok	|	0.16	1.00	1.00	0.17	0.01	0	|	rapi	0.16	0.17	0	|	1.0	0.17(1)	0.17(1)	|	8494	
4579	33	ok	|	0.17	1.00	1.00	0.18	0.01	0	|	rapi	0.17	0.18	0	|	1.0	0.18(1)	0.18(1)	|	8494	
4579	34	ok	|	0.17	1.00	1.00	0.18	0.01	0	|	rapi	0.17	0.18	0	|	1.0	0.18(1)	0.18(1)	|	8494	
4579	35	ok	|	0.15	1.00	1.00	0.17	0.01	0	|	rapi	0.15	0.17	0	|	1.0	0.17(1)	0.17(1)	|	8494	
4579	36	ok	|	0.17	1.00	1.00	0.18	0.01	0	|	rapi	0.17	0.18	0	|	1.0	0.18(1)	0.18(1)	|	8494	
4579	37	ok	|	0.15	1.00	1.00	0.16	0.01	0	|	rapi	0.15	0.16	0	|	1.0	0.16(1)	0.16(1)	|	8494	
4579	38	ok	|	0.14	1.00	1.00	0.15	0.01	0	|	rapi	0.14	0.15	0	|	1.0	0.15(1)	0.15(1)	|	8494	
4579	39	ok	|	0.15	1.00	1.00	0.17	0.01	0	|	rapi	0.15	0.17	0	|	1.0	0.17(1)	0.17(1)	|	8494	
4579	40	ok	|	0.15	1.00	1.00	0.16	0.01	0	|	rapi	0.15	0.16	0	|	1.0	0.16(1)	0.16(1)	|	8494	
4579	41	ok	|	0.13	1.00	1.00	0.15	0.01	0	|	rapi	0.13	0.15	0	|	1.0	0.15(1)	0.15(1)	|	8494	
4579	42	ok	|	0.13	1.00	1.00	0.15	0.01	0	|	rapi	0.13	0.15	0	|	1.0	0.15(1)	0.15(1)	|	8494	
4579	43	ok	|	0.12	1.00	1.00	0.14	0.01	0	|	rapi	0.12	0.14	0	|	1.0	0.14(1)	0.14(1)	|	8494	
4579	44	ok	|	0.11	1.00	1.00	0.13	0.01	0	|	rapi	0.11	0.13	0	|	1.0	0.13(1)	0.13(1)	|	8494	
4579	45	ok	|	0.12	1.00	1.00	0.13	0.01	0	|	rapi	0.12	0.13	0	|	1.0	0.13(1)	0.13(1)	|	8494	
4579	46	ok	|	0.12	1.00	1.00	0.14	0.01	0	|	rapi	0.12	0.14	0	|	1.0	0.14(1)	0.14(1)	|	8494	
4579	47	ok	|	0.13	1.00	1.00	0.14	0.01	0	|	rapi	0.13	0.14	0	|	1.0	0.14(1)	0.14(1)	|	8494	
4579	48	ok	|	0.14	1.00	1.00	0.15	0.01	0	|	rapi	0.14	0.15	0	|	1.0	0.15(1)	0.15(1)	|	8494	
4579	49	ok	|	0.14	1.00	1.00	0.16	0.01	0	|	rapi	0.14	0.16	0	|	1.0	0.16(1)	0.16(1)	|	8494	
4579	50	ok	|	0.16	1.00	1.00	0.17	0.01	0	|	rapi	0.16	0.17	0	|	1.0	0.17(1)	0.17(1)	|	8494	
4579	51	ok	|	0.16	1.00	1.00	0.17	0.01	0	|	rapi	0.16	0.17	0	|	1.0	0.17(1)	0.17(1)	|	8494	
4579	52	ok	|	0.16	1.00	1.00	0.18	0.01	0	|	rapi	0.16	0.18	0	|	1.0	0.18(1)	0.18(1)	|	8494	
4579	53	ok	|	0.15	1.00	1.00	0.16	0.01	0	|	rapi	0.15	0.16	0	|	1.0	0.16(1)	0.16(1)	|	8494	
4579	54	ok	|	0.13	1.00	1.00	0.15	0.01	0	|	rapi	0.13	0.15	0	|	1.0	0.15(1)	0.15(1)	|	8494	
4579	55	ok	|	0.15	1.00	1.00	0.16	0.01	0	|	rapi	0.15	0.16	0	|	1.0	0.16(1)	0.16(1)	|	8494	
4579	56	ok	|	0.15	1.00	1.00	0.15	0.01	0	|	rapi	0.15	0.15	0	|	1.0	0.15(1)	0.15(1)	|	8494	
4579	57	ok	|	0.15	1.00	1.00	0.16	0.01	0	|	rapi	0.15	0.16	0	|	1.0	0.16(1)	0.16(1)	|	8494	
4579	58	ok	|	0.15	1.00	1.00	0.15	0.01	0	|	rapi	0.15	0.15	0	|	1.0	0.15(1)	0.15(1)	|	8494	
4579	59	ok	|	0.15	1.00	1.00	0.17	0.02	0	|	rapi	0.15	0.17	0	|	1.0	0.17(1)	0.17(1)	|	8494	
4579	60	ok	|	0.16	1.00	1.00	0.17	0.02	0	|	rapi	0.16	0.17	0	|	1.0	0.17(1)	0.17(1)	|	8494	
4579	61	ok	|	0.16	1.00	1.00	0.18	0.02	0	|	rapi	0.16	0.18	0	|	1.0	0.18(1)	0.18(1)	|	8494	
4579	62	ok	|	0.18	1.00	1.00	0.20	0.02	0	|	rapi	0.18	0.20	0	|	1.0	0.20(1)	0.20(1)	|	8494	
4579	63	ok	|	0.17	1.00	1.00	0.19	0.02	0	|	rapi	0.17	0.19	0	|	1.0	0.19(1)	0.19(1)	|	8494	
4579	64	ok	|	0.19	1.00	1.00	0.21	0.03	0	|	rapi	0.19	0.21	0	|	1.0	0.21(1)	0.21(1)	|	8494	
4579	65	ok	|	0.20	1.00	1.00	0.21	0.03	0	|	rapi	0.20	0.21	0	|	1.0	0.21(1)	0.21(1)	|	8494	
4579	66	ok	|	0.21	1.00	1.00	0.23	0.03	0	|	rapi	0.21	0.23	0	|	1.0	0.23(1)	0.23(1)	|	8494	
4579	67	ok	|	0.20	1.00	1.00	0.21	0.03	0	|	rapi	0.20	0.21	0	|	1.0	0.21(1)	0.21(1)	|	8494	
4579	68	ok	|	0.21	1.00	1.00	0.22	0.03	0	|	rapi	0.21	0.22	0	|	1.0	0.22(1)	0.22(1)	|	8494	
4579	69	ok	|	0.20	1.00	1.00	0.23	0.03	0	|	rapi	0.20	0.23	0	|	1.0	0.23(1)	0.23(1)	|	8494	
4579	70	ok	|	0.22	1.00	1.00	0.24	0.03	0	|	rapi	0.22	0.24	0	|	1.0	0.24(1)	0.24(1)	|	8494	
4579	71	ok	|	0.23	1.00	1.00	0.26	0.03	0	|	rapi	0.23	0.26	0	|	1.0	0.26(1)	0.26(1)	|	8494	
4579	72	ok	|	0.22	1.00	1.00	0.25	0.03	0	|	rapi	0.22	0.25	0	|	1.0	0.25(1)	0.25(1)	|	8494	
4579	73	ok	|	0.24	1.00	1.00	0.26	0.03	0	|	rapi	0.24	0.26	0	|	1.0	0.26(1)	0.26(1)	|	8494	
4579	74	ok	|	0.23	1.00	1.00	0.25	0.03	0	|	rapi	0.23	0.25	0	|	1.0	0.25(1)	0.25(1)	|	8494	
4579	75	ok	|	0.24	1.00	1.00	0.27	0.03	0	|	rapi	0.24	0.27	0	|	1.0	0.27(1)	0.27(1)	|	8494	
4579	76	ok	|	0.24	1.00	1.00	0.27	0.03	0	|	rapi	0.24	0.27	0	|	1.0	0.27(1)	0.27(1)	|	8494	
4579	77	ok	|	0.21	1.00	1.00	0.24	0.03	0	|	rapi	0.21	0.24	0	|	1.0	0.24(1)	0.24(1)	|	8494	
4579	78	ok	|	0.21	1.00	1.00	0.24	0.03	0	|	rapi	0.21	0.24	0	|	1.0	0.24(1)	0.24(1)	|	8494	
4579	79	ok	|	0.22	1.00	1.00	0.24	0.03	0	|	rapi	0.22	0.24	0	|	1.0	0.24(1)	0.24(1)	|	8494	
4579	80	ok	|	0.20	1.00	1.00	0.21	0.03	0	|	rapi	0.20	0.21	0	|	1.0	0.21(1)	0.21(1)	|	8494	
4579	81	ok	|	0.15	1.00	1.00	0.17	0.02	0	|	rapi	0.15	0.17	0	|	1.0	0.17(1)	0.17(1)	|	8494	
4579	82	ok	|	0.15	1.00	1.00	0.16	0.03	0	|	rapi	0.15	0.16	0	|	1.0	0.16(1)	0.16(1)	|	8494	
4579	83	ok	|	0.18	1.00	1.00	0.19	0.03	0	|	rapi	0.18	0.19	0	|	1.0	0.19(1)	0.19(1)	|	8494	
4579	84	ok	|	0.18	1.00	1.00	0.19	0.03	0	|	rapi	0.18	0.19	0	|	1.0	0.19(1)	0.19(1)	|	8494	
4579	85	ok	|	0.18	1.00	1.00	0.19	0.03	0	|	rapi	0.18	0.19	0	|	1.0	0.19(1)	0.19(1)	|	8494	
4579	86	ok	|	0.17	1.00	1.00	0.19	0.03	0	|	rapi	0.17	0.19	0	|	1.0	0.19(1)	0.19(1)	|	8494	
4579	87	ok	|	0.18	1.00	1.00	0.20	0.03	0	|	rapi	0.18	0.20	0	|	1.0	0.20(1)	0.20(1)	|	8494	
4579	88	ok	|	0.18	1.00	1.00	0.19	0.03	0	|	rapi	0.18	0.19	0	|	1.0	0.19(1)	0.19(1)	|	8494	
4579	89	ok	|	0.18	1.00	1.00	0.19	0.03	0	|	rapi	0.18	0.19	0	|	1.0	0.19(1)	0.19(1)	|	8494	
4579	90	ok	|	0.19	1.00	1.00	0.21	0.03	0	|	rapi	0.19	0.21	0	|	1.0	0.21(1)	0.21(1)	|	8494	
4579	91	ok	|	0.17	1.00	1.00	0.19	0.03	0	|	rapi	0.17	0.19	0	|	1.0	0.19(1)	0.19(1)	|	8494	
4579	92	ok	|	0.18	1.00	1.00	0.19	0.03	0	|	rapi	0.18	0.19	0	|	1.0	0.19(1)	0.19(1)	|	8494	
4579	93	ok	|	0.16	1.00	1.00	0.17	0.03	0	|	rapi	0.16	0.17	0	|	1.0	0.17(1)	0.17(1)	|	8494	
4579	94	ok	|	0.12	1.00	1.00	0.13	0.02	0	|	rapi	0.12	0.13	0	|	1.0	0.13(1)	0.13(1)	|	8494	
4579	95	ok	|	0.14	1.00	1.00	0.14	0.02	0	|	rapi	0.14	0.14	0	|	1.0	0.14(1)	0.14(1)	|	8494	
4579	96	ok	|	0.14	1.00	1.00	0.14	0.02	0	|	rapi	0.14	0.14	0	|	1.0	0.14(1)	0.14(1)	|	8494	
4579	97	ok	|	0.15	1.00	1.00	0.15	0.03	0	|	rapi	0.15	0.15	0	|	1.0	0.15(1)	0.15(1)	|	8494	
4579	98	ok	|	0.15	1.00	1.00	0.16	0.03	0	|	rapi	0.15	0.16	0	|	1.0	0.16(1)	0.16(1)	|	8494	
4579	99	ok	|	0.14	1.00	1.00	0.15	0.03	0	|	rapi	0.14	0.15	0	|	1.0	0.15(1)	0.15(1)	|	8494	
4579	100	ok	|	0.16	1.00	1.00	0.17	0.03	0	|	rapi	0.16	0.17	0	|	1.0	0.17(1)	0.17(1)	|	8494	
4579	101	ok	|	0.18	1.00	1.00	0.19	0.03	0	|	rapi	0.18	0.19	0	|	1.0	0.19(1)	0.19(1)	|	8494	
4579	102	ok	|	0.20	1.00	1.00	0.21	0.04	0	|	rapi	0.20	0.21	0	|	1.0	0.21(1)	0.21(1)	|	8494	
4579	103	ok	|	0.20	1.00	1.00	0.21	0.04	0	|	rapi	0.20	0.21	0	|	1.0	0.21(1)	0.21(1)	|	8494	
4579	104	ok	|	0.22	1.00	1.00	0.24	0.04	0	|	rapi	0.22	0.24	0	|	1.0	0.24(1)	0.24(1)	|	8494	
4579	105	ok	|	0.23	1.00	1.00	0.25	0.04	0	|	rapi	0.23	0.25	0	|	1.0	0.25(1)	0.25(1)	|	8494	
4579	106	ok	|	0.21	1.00	1.00	0.24	0.04	0	|	rapi	0.21	0.24	0	|	1.0	0.24(1)	0.24(1)	|	8494	
4579	107	ok	|	0.21	1.00	1.00	0.22	0.04	0	|	rapi	0.21	0.22	0	|	1.0	0.22(1)	0.22(1)	|	8494	
4579	108	ok	|	0.21	1.00	1.00	0.23	0.04	0	|	rapi	0.21	0.23	0	|	1.0	0.23(1)	0.23(1)	|	8494	
4579	109	ok	|	0.21	1.00	1.00	0.23	0.04	0	|	rapi	0.21	0.23	0	|	1.0	0.23(1)	0.23(1)	|	8494	
4579	110	ok	|	0.21	1.00	1.00	0.24	0.04	0	|	rapi	0.21	0.24	0	|	1.0	0.24(1)	0.24(1)	|	8494	
4579	111	ok	|	0.20	1.00	1.00	0.23	0.04	0	|	rapi	0.20	0.23	0	|	1.0	0.23(1)	0.23(1)	|	8494	
4579	112	ok	|	0.21	1.00	1.00	0.23	0.04	0	|	rapi	0.21	0.23	0	|	1.0	0.23(1)	0.23(1)	|	8494	
4579	113	ok	|	0.20	1.00	1.00	0.22	0.04	0	|	rapi	0.20	0.22	0	|	1.0	0.22(1)	0.22(1)	|	8494	
4579	114	ok	|	0.21	1.00	1.00	0.23	0.04	0	|	rapi	0.21	0.23	0	|	1.0	0.23(1)	0.23(1)	|	8494	
4579	115	ok	|	0.20	1.00	1.00	0.22	0.04	0	|	rapi	0.20	0.22	0	|	1.0	0.22(1)	0.22(1)	|	8494	
4579	116	ok	|	0.21	1.00	1.00	0.23	0.04	0	|	rapi	0.21	0.23	0	|	1.0	0.23(1)	0.23(1)	|	8494	
4579	117	ok	|	0.20	1.00	1.00	0.22	0.04	0	|	rapi	0.20	0.22	0	|	1.0	0.22(1)	0.22(1)	|	8494	
4579	118	ok	|	0.17	1.00	1.00	0.19	0.03	0	|	rapi	0.17	0.19	0	|	1.0	0.19(1)	0.19(1)	|	8494	
4579	119	ok	|	0.17	1.00	1.00	0.19	0.03	0	|	rapi	0.17	0.19	0	|	1.0	0.19(1)	0.19(1)	|	8494	
4579	120	ok	|	0.18	1.00	1.00	0.20	0.03	0	|	rapi	0.18	0.20	0	|	1.0	0.20(1)	0.20(1)	|	8494	
4579	121	ok	|	0.19	1.00	1.00	0.21	0.03	0	|	rapi	0.19	0.21	0	|	1.0	0.21(1)	0.21(1)	|	8494	
4579	122	ok	|	0.17	1.00	1.00	0.19	0.03	0	|	rapi	0.17	0.19	0	|	1.0	0.19(1)	0.19(1)	|	8494	
4579	123	ok	|	0.15	1.00	1.00	0.16	0.03	0	|	rapi	0.15	0.16	0	|	1.0	0.16(1)	0.16(1)	|	8494	
4579	124	ok	|	0.15	1.00	1.00	0.15	0.03	0	|	rapi	0.15	0.15	0	|	1.0	0.15(1)	0.15(1)	|	8494	
4579	125	ok	|	0.14	1.00	1.00	0.15	0.02	0	|	rapi	0.14	0.15	0	|	1.0	0.15(1)	0.15(1)	|	8494	
4579	126	ok	|	0.12	1.00	1.00	0.12	0.02	0	|	rapi	0.12	0.12	0	|	1.0	0.12(1)	0.12(1)	|	8494	
4579	127	ok	|	0.13	1.00	1.00	0.14	0.02	0	|	rapi	0.13	0.14	0	|	1.0	0.14(1)	0.14(1)	|	8494	
4579	128	ok	|	0.12	1.00	1.00	0.13	0.02	0	|	rapi	0.12	0.13	0	|	1.0	0.13(1)	0.13(1)	|	8494	
4579	129	ok	|	0.13	1.00	1.00	0.14	0.02	0	|	rapi	0.13	0.14	0	|	1.0	0.14(1)	0.14(1)	|	8494	
4579	130	ok	|	0.13	1.00	1.00	0.14	0.02	0	|	rapi	0.13	0.14	0	|	1.0	0.14(1)	0.14(1)	|	8494	
4579	131	ok	|	0.13	1.00	1.00	0.14	0.02	0	|	rapi	0.13	0.14	0	|	1.0	0.14(1)	0.14(1)	|	8494	
4579	132	ok	|	0.13	1.00	1.00	0.14	0.02	0	|	rapi	0.13	0.14	0	|	1.0	0.14(1)	0.14(1)	|	8494	
4579	133	ok	|	0.14	1.00	1.00	0.15	0.02	0	|	rapi	0.14	0.15	0	|	1.0	0.15(1)	0.15(1)	|	8494	
4579	134	ok	|	0.16	1.00	1.00	0.17	0.03	0	|	rapi	0.16	0.17	0	|	1.0	0.17(1)	0.17(1)	|	8494	
4579	135	ok	|	0.16	1.00	1.00	0.18	0.03	0	|	rapi	0.16	0.18	0	|	1.0	0.18(1)	0.18(1)	|	8494	
4579	136	ok	|	0.18	1.00	1.00	0.19	0.03	0	|	rapi	0.18	0.19	0	|	1.0	0.19(1)	0.19(1)	|	8494	
4579	137	ok	|	0.18	1.00	1.00	0.20	0.03	0	|	rapi	0.18	0.20	0	|	1.0	0.20(1)	0.20(1)	|	8494	
4579	138	ok	|	0.16	1.00	1.00	0.18	0.03	0	|	rapi	0.16	0.18	0	|	1.0	0.18(1)	0.18(1)	|	8494	
4579	139	ok	|	0.17	1.00	1.00	0.17	0.03	0	|	rapi	0.17	0.17	0	|	1.0	0.17(1)	0.17(1)	|	8494	
4579	140	ok	|	0.16	1.00	1.00	0.17	0.03	0	|	rapi	0.16	0.17	0	|	1.0	0.17(1)	0.17(1)	|	8494	
4579	141	ok	|	0.16	1.00	1.00	0.17	0.03	0	|	rapi	0.16	0.17	0	|	1.0	0.17(1)	0.17(1)	|	8494	
4579	142	ok	|	0.15	1.00	1.00	0.17	0.03	0	|	rapi	0.15	0.17	0	|	1.0	0.17(1)	0.17(1)	|	8494	
4579	143	ok	|	0.16	1.00	1.00	0.16	0.03	0	|	rapi	0.16	0.16	0	|	1.0	0.16(1)	0.16(1)	|	8494	
4579	144	ok	|	0.16	1.00	1.00	0.17	0.03	0	|	rapi	0.16	0.17	0	|	1.0	0.17(1)	0.17(1)	|	8494	
4579	145	ok	|	0.18	1.00	1.00	0.19	0.03	0	|	rapi	0.18	0.19	0	|	1.0	0.19(1)	0.19(1)	|	8494	
4579	146	ok	|	0.17	1.00	1.00	0.18	0.03	0	|	rapi	0.17	0.18	0	|	1.0	0.18(1)	0.18(1)	|	8494	
4579	147	ok	|	0.16	1.00	1.00	0.18	0.03	0	|	rapi	0.16	0.18	0	|	1.0	0.18(1)	0.18(1)	|	8494	
4579	148	ok	|	0.17	1.00	1.00	0.19	0.03	0	|	rapi	0.17	0.19	0	|	1.0	0.19(1)	0.19(1)	|	8494	
4579	149	ok	|	0.16	1.00	1.00	0.18	0.03	0	|	rapi	0.16	0.18	0	|	1.0	0.18(1)	0.18(1)	|	8494	
4579	150	ok	|	0.17	1.00	1.00	0.18	0.03	0	|	rapi	0.17	0.18	0	|	1.0	0.18(1)	0.18(1)	|	8494	
4579	151	ok	|	0.16	1.00	1.00	0.18	0.03	0	|	rapi	0.16	0.18	0	|	1.0	0.18(1)	0.18(1)	|	8494	
4579	152	ok	|	0.14	1.00	1.00	0.14	0.02	0	|	rapi	0.14	0.14	0	|	1.0	0.14(1)	0.14(1)	|	8494	
4579	153	ok	|	0.14	1.00	1.00	0.14	0.02	0	|	rapi	0.14	0.14	0	|	1.0	0.14(1)	0.14(1)	|	8494	
4579	154	ok	|	0.13	1.00	1.00	0.14	0.02	0	|	rapi	0.13	0.14	0	|	1.0	0.14(1)	0.14(1)	|	8494	
4579	155	ok	|	0.12	1.00	1.00	0.13	0.02	0	|	rapi	0.12	0.13	0	|	1.0	0.13(1)	0.13(1)	|	8494	
4579	156	ok	|	0.12	1.00	1.00	0.12	0.02	0	|	rapi	0.12	0.12	0	|	1.0	0.12(1)	0.12(1)	|	8494	
4579	157	ok	|	0.12	1.00	1.00	0.13	0.02	0	|	rapi	0.12	0.13	0	|	1.0	0.13(1)	0.13(1)	|	8494	
4579	158	ok	|	0.12	1.00	1.00	0.13	0.02	0	|	rapi	0.12	0.13	0	|	1.0	0.13(1)	0.13(1)	|	8494	
4579	159	ok	|	0.12	1.00	1.00	0.13	0.02	0	|	rapi	0.12	0.13	0	|	1.0	0.13(1)	0.13(1)	|	8494	
4579	160	ok	|	0.12	1.00	1.00	0.13	0.02	0	|	rapi	0.12	0.13	0	|	1.0	0.13(1)	0.13(1)	|	8494	
4579	161	ok	|	0.13	1.00	1.00	0.13	0.02	0	|	rapi	0.13	0.13	0	|	1.0	0.13(1)	0.13(1)	|	8494	
4579	162	ok	|	0.13	1.00	1.00	0.14	0.02	0	|	rapi	0.13	0.14	0	|	1.0	0.14(1)	0.14(1)	|	8494	
4579	163	ok	|	0.12	1.00	1.00	0.12	0.02	0	|	rapi	0.12	0.12	0	|	1.0	0.12(1)	0.12(1)	|	8494	
4579	164	ok	|	0.13	1.00	1.00	0.13	0.02	0	|	rapi	0.13	0.13	0	|	1.0	0.13(1)	0.13(1)	|	8494	
4579	165	ok	|	0.12	1.00	1.00	0.13	0.02	0	|	rapi	0.12	0.13	0	|	1.0	0.13(1)	0.13(1)	|	8494	
4579	166	ok	|	0.12	1.00	1.00	0.13	0.02	0	|	rapi	0.12	0.13	0	|	1.0	0.13(1)	0.13(1)	|	8494	
4579	167	ok	|	0.12	1.00	1.00	0.12	0.02	0	|	rapi	0.12	0.12	0	|	1.0	0.12(1)	0.12(1)	|	8494	
4579	168	ok	|	0.10	1.00	1.00	0.11	0.02	0	|	rapi	0.10	0.11	0	|	1.0	0.11(1)	0.11(1)	|	8494	
4579	169	ok	|	0.11	1.00	1.00	0.12	0.02	0	|	rapi	0.11	0.12	0	|	1.0	0.12(1)	0.12(1)	|	8494	
4579	170	ok	|	0.11	1.00	1.00	0.12	0.02	0	|	rapi	0.11	0.12	0	|	1.0	0.12(1)	0.12(1)	|	8494	
4579	171	ok	|	0.13	1.00	1.00	0.14	0.02	0	|	rapi	0.13	0.14	0	|	1.0	0.14(1)	0.14(1)	|	8494	
4579	172	ok	|	0.12	1.00	1.00	0.13	0.02	0	|	rapi	0.12	0.13	0	|	1.0	0.13(1)	0.13(1)	|	8494	
4579	173	ok	|	0.12	1.00	1.00	0.12	0.02	0	|	rapi	0.12	0.12	0	|	1.0	0.12(1)	0.12(1)	|	8494	
4579	174	ok	|	0.12	1.00	1.00	0.13	0.02	0	|	rapi	0.12	0.13	0	|	1.0	0.13(1)	0.13(1)	|	8494	
4579	175	ok	|	0.14	1.00	1.00	0.14	0.02	0	|	rapi	0.14	0.14	0	|	1.0	0.14(1)	0.14(1)	|	8494	
4579	176	ok	|	0.13	1.00	1.00	0.14	0.02	0	|	rapi	0.13	0.14	0	|	1.0	0.14(1)	0.14(1)	|	8494	
4579	177	ok	|	0.14	1.00	1.00	0.14	0.02	0	|	rapi	0.14	0.14	0	|	1.0	0.14(1)	0.14(1)	|	8494	
4579	178	ok	|	0.12	1.00	1.00	0.13	0.02	0	|	rapi	0.12	0.13	0	|	1.0	0.13(1)	0.13(1)	|	8494	
4579	179	ok	|	0.11	1.00	1.00	0.13	0.02	0	|	rapi	0.11	0.13	0	|	1.0	0.13(1)	0.13(1)	|	8494	
4579	180	ok	|	0.11	1.00	1.00	0.12	0.02	0	|	rapi	0.11	0.12	0	|	1.0	0.12(1)	0.12(1)	|	8494	
4579	181	ok	|	0.10	1.00	1.00	0.11	0.02	0	|	rapi	0.10	0.11	0	|	1.0	0.11(1)	0.11(1)	|	8494	
4579	182	ok	|	0.11	1.00	1.00	0.12	0.02	0	|	rapi	0.11	0.12	0	|	1.0	0.12(1)	0.12(1)	|	8494	
4579	183	ok	|	0.12	1.00	1.00	0.12	0.02	0	|	rapi	0.12	0.12	0	|	1.0	0.12(1)	0.12(1)	|	8494	
4579	184	ok	|	0.11	1.00	1.00	0.12	0.02	0	|	rapi	0.11	0.12	0	|	1.0	0.12(1)	0.12(1)	|	8494	
4579	185	ok	|	0.13	1.00	1.00	0.13	0.02	0	|	rapi	0.13	0.13	0	|	1.0	0.13(1)	0.13(1)	|	8494	
4579	186	ok	|	0.12	1.00	1.00	0.13	0.02	0	|	rapi	0.12	0.13	0	|	1.0	0.13(1)	0.13(1)	|	8494	
4579	187	ok	|	0.13	1.00	1.00	0.13	0.02	0	|	rapi	0.13	0.13	0	|	1.0	0.13(1)	0.13(1)	|	8494	
4579	188	ok	|	0.11	1.00	1.00	0.12	0.02	0	|	rapi	0.11	0.12	0	|	1.0	0.12(1)	0.12(1)	|	8494	
4579	189	ok	|	0.12	1.00	1.00	0.12	0.02	0	|	rapi	0.12	0.12	0	|	1.0	0.12(1)	0.12(1)	|	8494	
4579	190	ok	|	0.14	1.00	1.00	0.14	0.02	0	|	rapi	0.14	0.14	0	|	1.0	0.14(1)	0.14(1)	|	8494	
4579	191	ok	|	0.16	1.00	1.00	0.16	0.03	0	|	rapi	0.16	0.16	0	|	1.0	0.16(1)	0.16(1)	|	8494	
4579	192	ok	|	0.15	1.00	1.00	0.16	0.03	0	|	rapi	0.15	0.16	0	|	1.0	0.16(1)	0.16(1)	|	8494	
4579	193	ok	|	0.15	1.00	1.00	0.16	0.03	0	|	rapi	0.15	0.16	0	|	1.0	0.16(1)	0.16(1)	|	8494	
4579	194	ok	|	0.14	1.00	1.00	0.16	0.03	0	|	rapi	0.14	0.16	0	|	1.0	0.16(1)	0.16(1)	|	8494	
4579	195	ok	|	0.15	1.00	1.00	0.16	0.03	0	|	rapi	0.15	0.16	0	|	1.0	0.16(1)	0.16(1)	|	8494	
4579	196	ok	|	0.16	1.00	1.00	0.17	0.03	0	|	rapi	0.16	0.17	0	|	1.0	0.17(1)	0.17(1)	|	8494	
4579	197	ok	|	0.15	1.00	1.00	0.16	0.03	0	|	rapi	0.15	0.16	0	|	1.0	0.16(1)	0.16(1)	|	8494	
4579	198	ok	|	0.15	1.00	1.00	0.16	0.03	0	|	rapi	0.15	0.16	0	|	1.0	0.16(1)	0.16(1)	|	8494	
4579	199	ok	|	0.15	1.00	1.00	0.16	0.03	0	|	rapi	0.15	0.16	0	|	1.0	0.16(1)	0.16(1)	|	8494	
4579	200	ok	|	0.17	1.00	1.00	0.18	0.03	0	|	rapi	0.17	0.18	0	|	1.0	0.18(1)	0.18(1)	|	8494	
4579	201	ok	|	0.17	1.00	1.00	0.18	0.03	0	|	rapi	0.17	0.18	0	|	1.0	0.18(1)	0.18(1)	|	8494	
4579	202	ok	|	0.16	1.00	1.00	0.17	0.03	0	|	rapi	0.16	0.17	0	|	1.0	0.17(1)	0.17(1)	|	8494	
4579	203	ok	|	0.14	1.00	1.00	0.15	0.02	0	|	rapi	0.14	0.15	0	|	1.0	0.15(1)	0.15(1)	|	8494	
4579	204	ok	|	0.14	1.00	1.00	0.15	0.02	0	|	rapi	0.14	0.15	0	|	1.0	0.15(1)	0.15(1)	|	8494	
4579	205	ok	|	0.13	1.00	1.00	0.13	0.02	0	|	rapi	0.13	0.13	0	|	1.0	0.13(1)	0.13(1)	|	8494	
4579	206	ok	|	0.13	1.00	1.00	0.14	0.02	0	|	rapi	0.13	0.14	0	|	1.0	0.14(1)	0.14(1)	|	8494	
4579	207	ok	|	0.15	1.00	1.00	0.17	0.03	0	|	rapi	0.15	0.17	0	|	1.0	0.17(1)	0.17(1)	|	8494	
4579	208	ok	|	0.17	1.00	1.00	0.18	0.03	0	|	rapi	0.17	0.18	0	|	1.0	0.18(1)	0.18(1)	|	8494	
4579	209	ok	|	0.16	1.00	1.00	0.18	0.03	0	|	rapi	0.16	0.18	0	|	1.0	0.18(1)	0.18(1)	|	8494	
4579	210	ok	|	0.15	1.00	1.00	0.17	0.03	0	|	rapi	0.15	0.17	0	|	1.0	0.17(1)	0.17(1)	|	8494	
4579	211	ok	|	0.15	1.00	1.00	0.16	0.03	0	|	rapi	0.15	0.16	0	|	1.0	0.16(1)	0.16(1)	|	8494	
4579	212	ok	|	0.14	1.00	1.00	0.15	0.03	0	|	rapi	0.14	0.15	0	|	1.0	0.15(1)	0.15(1)	|	8494	
4579	213	ok	|	0.15	1.00	1.00	0.15	0.03	0	|	rapi	0.15	0.15	0	|	1.0	0.15(1)	0.15(1)	|	8494	
4579	214	ok	|	0.17	1.00	1.00	0.18	0.03	0	|	rapi	0.17	0.18	0	|	1.0	0.18(1)	0.18(1)	|	8494	
4579	215	ok	|	0.17	1.00	1.00	0.18	0.03	0	|	rapi	0.17	0.18	0	|	1.0	0.18(1)	0.18(1)	|	8494	
4579	216	ok	|	0.19	1.00	1.00	0.20	0.03	0	|	rapi	0.19	0.20	0	|	1.0	0.20(1)	0.20(1)	|	8494	
4579	217	ok	|	0.18	1.00	1.00	0.20	0.03	0	|	rapi	0.18	0.20	0	|	1.0	0.20(1)	0.20(1)	|	8494	
4579	218	ok	|	0.18	1.00	1.00	0.19	0.03	0	|	rapi	0.18	0.19	0	|	1.0	0.19(1)	0.19(1)	|	8494	
4579	219	ok	|	0.17	1.00	1.00	0.18	0.03	0	|	rapi	0.17	0.18	0	|	1.0	0.18(1)	0.18(1)	|	8494	
4579	220	ok	|	0.17	1.00	1.00	0.17	0.03	0	|	rapi	0.17	0.17	0	|	1.0	0.17(1)	0.17(1)	|	8494	
4579	221	ok	|	0.18	1.00	1.00	0.19	0.03	0	|	rapi	0.18	0.19	0	|	1.0	0.19(1)	0.19(1)	|	8494	
4579	222	ok	|	0.17	1.00	1.00	0.18	0.03	0	|	rapi	0.17	0.18	0	|	1.0	0.18(1)	0.18(1)	|	8494	
4579	223	ok	|	0.15	1.00	1.00	0.16	0.03	0	|	rapi	0.15	0.16	0	|	1.0	0.16(1)	0.16(1)	|	8494	
4579	224	ok	|	0.14	1.00	1.00	0.16	0.03	0	|	rapi	0.14	0.16	0	|	1.0	0.16(1)	0.16(1)	|	8494	
4579	225	ok	|	0.14	1.00	1.00	0.15	0.03	0	|	rapi	0.14	0.15	0	|	1.0	0.15(1)	0.15(1)	|	8494	
4579	226	ok	|	0.15	1.00	1.00	0.16	0.03	0	|	rapi	0.15	0.16	0	|	1.0	0.16(1)	0.16(1)	|	8494	
4579	227	ok	|	0.15	1.00	1.00	0.15	0.03	0	|	rapi	0.15	0.15	0	|	1.0	0.15(1)	0.15(1)	|	8494	
4579	228	ok	|	0.16	1.00	1.00	0.17	0.03	0	|	rapi	0.16	0.17	0	|	1.0	0.17(1)	0.17(1)	|	8494	
4579	229	ok	|	0.15	1.00	1.00	0.16	0.03	0	|	rapi	0.15	0.16	0	|	1.0	0.16(1)	0.16(1)	|	8494	
4579	230	ok	|	0.16	1.00	1.00	0.17	0.03	0	|	rapi	0.16	0.17	0	|	1.0	0.17(1)	0.17(1)	|	8494	
4579	231	ok	|	0.17	1.00	1.00	0.18	0.03	0	|	rapi	0.17	0.18	0	|	1.0	0.18(1)	0.18(1)	|	8494	
4579	232	ok	|	0.19	1.00	1.00	0.21	0.04	0	|	rapi	0.19	0.21	0	|	1.0	0.21(1)	0.21(1)	|	8494	
4579	233	ok	|	0.22	1.00	1.00	0.23	0.04	0	|	rapi	0.22	0.23	0	|	1.0	0.23(1)	0.23(1)	|	8494	
4579	234	ok	|	0.20	1.00	1.00	0.22	0.04	0	|	rapi	0.20	0.22	0	|	1.0	0.22(1)	0.22(1)	|	8494	
4579	235	ok	|	0.22	1.00	1.00	0.23	0.04	0	|	rapi	0.22	0.23	0	|	1.0	0.23(1)	0.23(1)	|	8494	
4579	236	ok	|	0.22	1.00	1.00	0.24	0.04	0	|	rapi	0.22	0.24	0	|	1.0	0.24(1)	0.24(1)	|	8494	
4579	237	ok	|	0.21	1.00	1.00	0.24	0.04	0	|	rapi	0.21	0.24	0	|	1.0	0.24(1)	0.24(1)	|	8494	
4579	238	ok	|	0.21	1.00	1.00	0.23	0.04	0	|	rapi	0.21	0.23	0	|	1.0	0.23(1)	0.23(1)	|	8494	
4579	239	ok	|	0.19	1.00	1.00	0.20	0.03	0	|	rapi	0.19	0.20	0	|	1.0	0.20(1)	0.20(1)	|	8494	
4579	240	ok	|	0.18	1.00	1.00	0.20	0.03	0	|	rapi	0.18	0.20	0	|	1.0	0.20(1)	0.20(1)	|	8494	
4579	241	ok	|	0.18	1.00	1.00	0.20	0.03	0	|	rapi	0.18	0.20	0	|	1.0	0.20(1)	0.20(1)	|	8494	
4579	242	ok	|	0.20	1.00	1.00	0.22	0.04	0	|	rapi	0.20	0.22	0	|	1.0	0.22(1)	0.22(1)	|	8494	
4579	243	ok	|	0.19	1.00	1.00	0.20	0.03	0	|	rapi	0.19	0.20	0	|	1.0	0.20(1)	0.20(1)	|	8494	
4579	244	ok	|	0.20	1.00	1.00	0.21	0.04	0	|	rapi	0.20	0.21	0	|	1.0	0.21(1)	0.21(1)	|	8494	
4579	245	ok	|	0.20	1.00	1.00	0.21	0.03	0	|	rapi	0.20	0.21	0	|	1.0	0.21(1)	0.21(1)	|	8494	
4579	246	ok	|	0.23	1.00	1.00	0.24	0.04	0	|	rapi	0.23	0.24	0	|	1.0	0.24(1)	0.24(1)	|	8494	
4579	247	ok	|	0.27	1.00	1.00	0.29	0.05	0	|	rapi	0.27	0.29	0	|	1.0	0.29(1)	0.29(1)	|	8494	
4579	248	ok	|	0.26	1.00	1.00	0.29	0.05	0	|	rapi	0.26	0.29	0	|	1.0	0.29(1)	0.29(1)	|	8494	
4579	249	ok	|	0.26	1.00	1.00	0.28	0.05	0	|	rapi	0.26	0.28	0	|	1.0	0.28(1)	0.28(1)	|	8494	
4579	250	ok	|	0.27	1.00	1.00	0.29	0.05	0	|	rapi	0.27	0.29	0	|	1.0	0.29(1)	0.29(1)	|	8494	
4579	251	ok	|	0.25	1.00	1.00	0.28	0.05	0	|	rapi	0.25	0.28	0	|	1.0	0.28(1)	0.28(1)	|	8494	
4579	252	ok	|	0.28	1.00	1.00	0.31	0.05	0	|	rapi	0.28	0.31	0	|	1.0	0.31(1)	0.31(1)	|	8494	
4579	253	ok	|	0.30	1.00	1.00	0.32	0.05	0	|	rapi	0.30	0.32	0	|	1.0	0.32(1)	0.32(1)	|	8494	
4579	254	ok	|	0.29	1.00	1.00	0.32	0.05	0	|	rapi	0.29	0.32	0	|	1.0	0.32(1)	0.32(1)	|	8494	
4579	255	ok	|	0.30	1.00	1.00	0.32	0.05	0	|	rapi	0.30	0.32	0	|	1.0	0.32(1)	0.32(1)	|	8494	
4579	256	ok	|	0.30	1.00	1.00	0.33	0.06	0	|	rapi	0.30	0.33	0	|	1.0	0.33(1)	0.33(1)	|	8494	
4579	257	ok	|	0.29	1.00	1.00	0.31	0.05	0	|	rapi	0.29	0.31	0	|	1.0	0.31(1)	0.31(1)	|	8494	
4579	258	ok	|	0.28	1.00	1.00	0.31	0.05	0	|	rapi	0.28	0.31	0	|	1.0	0.31(1)	0.31(1)	|	8494	
4579	259	ok	|	0.29	1.00	1.00	0.32	0.05	0	|	rapi	0.29	0.32	0	|	1.0	0.32(1)	0.32(1)	|	8494	
4579	260	ok	|	0.30	1.00	1.00	0.33	0.06	0	|	rapi	0.30	0.33	0	|	1.0	0.33(1)	0.33(1)	|	8494	
4579	261	ok	|	0.30	1.00	1.00	0.34	0.06	0	|	rapi	0.30	0.34	0	|	1.0	0.34(1)	0.34(1)	|	8494	
4579	262	ok	|	0.31	1.00	1.00	0.35	0.06	0	|	rapi	0.31	0.35	0	|	1.0	0.35(1)	0.35(1)	|	8494	
4579	263	ok	|	0.29	1.00	1.00	0.33	0.06	0	|	rapi	0.29	0.33	0	|	1.0	0.33(1)	0.33(1)	|	8494	
4579	264	ok	|	0.30	1.00	1.00	0.34	0.06	0	|	rapi	0.30	0.34	0	|	1.0	0.34(1)	0.34(1)	|	8494	
4579	265	ok	|	0.31	1.00	1.00	0.35	0.06	0	|	rapi	0.31	0.35	0	|	1.0	0.35(1)	0.35(1)	|	8494	
4579	266	ok	|	0.33	1.00	1.00	0.37	0.06	0	|	rapi	0.33	0.37	0	|	1.0	0.37(1)	0.37(1)	|	8494	
4579	267	ok	|	0.34	1.00	1.00	0.39	0.06	0	|	rapi	0.34	0.39	0	|	1.0	0.39(1)	0.39(1)	|	8494	
4579	268	ok	|	0.35	1.00	1.00	0.41	0.07	0	|	rapi	0.35	0.41	0	|	1.0	0.41(1)	0.41(1)	|	8494	
4579	269	ok	|	0.37	1.00	1.00	0.43	0.07	0	|	rapi	0.37	0.43	0	|	1.0	0.43(1)	0.43(1)	|	8494	
4579	270	ok	|	0.37	1.00	1.00	0.43	0.07	0	|	rapi	0.37	0.43	0	|	1.0	0.43(1)	0.43(1)	|	8494	
4579	271	ok	|	0.37	1.00	1.00	0.43	0.07	0	|	rapi	0.37	0.43	0	|	1.0	0.43(1)	0.43(1)	|	8494	
4579	272	ok	|	0.36	1.00	1.00	0.40	0.07	0	|	rapi	0.36	0.40	0	|	1.0	0.40(1)	0.40(1)	|	8494	
4579	273	ok	|	0.36	1.00	1.00	0.41	0.07	0	|	rapi	0.36	0.41	0	|	1.0	0.41(1)	0.41(1)	|	8494	
4579	274	ok	|	0.37	1.00	1.00	0.42	0.07	0	|	rapi	0.37	0.42	0	|	1.0	0.42(1)	0.42(1)	|	8494	
4579	275	ok	|	0.40	1.00	1.00	0.47	0.08	0	|	rapi	0.40	0.47	0	|	1.0	0.47(1)	0.47(1)	|	8494	
4579	276	ok	|	0.42	1.00	1.00	0.49	0.08	0	|	rapi	0.42	0.49	0	|	1.0	0.49(1)	0.49(1)	|	8494	
4579	277	ok	|	0.42	1.00	1.00	0.48	0.08	0	|	rapi	0.42	0.48	0	|	1.0	0.48(1)	0.48(1)	|	8494	
4579	278	ok	|	0.37	1.00	1.00	0.45	0.07	0	|	rapi	0.37	0.45	0	|	1.0	0.45(1)	0.45(1)	|	8494	
4579	279	ok	|	0.38	1.00	1.00	0.44	0.07	0	|	rapi	0.38	0.44	0	|	1.0	0.44(1)	0.44(1)	|	8494	
4579	280	ok	|	0.38	1.00	1.00	0.43	0.07	0	|	rapi	0.38	0.43	0	|	1.0	0.43(1)	0.43(1)	|	8494	
4579	281	ok	|	0.38	1.00	1.00	0.43	0.07	0	|	rapi	0.38	0.43	0	|	1.0	0.43(1)	0.43(1)	|	8494	
4579	282	ok	|	0.39	1.00	1.00	0.45	0.08	0	|	rapi	0.39	0.45	0	|	1.0	0.45(1)	0.45(1)	|	8494	
4579	283	ok	|	0.40	1.00	1.00	0.46	0.08	0	|	rapi	0.40	0.46	0	|	1.0	0.46(1)	0.46(1)	|	8494	
4579	284	ok	|	0.39	1.00	1.00	0.44	0.07	0	|	rapi	0.39	0.44	0	|	1.0	0.44(1)	0.44(1)	|	8494	
4579	285	ok	|	0.40	1.00	1.00	0.46	0.08	0	|	rapi	0.40	0.46	0	|	1.0	0.46(1)	0.46(1)	|	8494	
4579	286	ok	|	0.44	1.00	1.00	0.49	0.12	0	|	rapi	0.44	0.49	0	|	1.0	0.49(1)	0.49(1)	|	8494	
4579	287	ok	|	0.42	1.00	1.00	0.47	0.12	0	|	rapi	0.42	0.47	0	|	1.0	0.47(1)	0.47(1)	|	8494	
4579	288	ok	|	0.43	1.00	1.00	0.48	0.12	0	|	rapi	0.43	0.48	0	|	1.0	0.48(1)	0.48(1)	|	8494	
4579	289	ok	|	0.40	1.00	1.00	0.47	0.12	0	|	rapi	0.40	0.47	0	|	1.0	0.47(1)	0.47(1)	|	8494	
4579	290	ok	|	0.42	1.00	1.00	0.49	0.12	0	|	rapi	0.42	0.49	0	|	1.0	0.49(1)	0.49(1)	|	8494	
4579	291	ok	|	0.40	1.00	1.00	0.47	0.12	0	|	rapi	0.40	0.47	0	|	1.0	0.47(1)	0.47(1)	|	8494	
4579	292	ok	|	0.42	1.00	1.00	0.50	0.12	0	|	rapi	0.42	0.50	0	|	1.0	0.50(1)	0.50(1)	|	8494	
4579	293	ok	|	0.42	1.00	1.00	0.49	0.12	0	|	rapi	0.42	0.49	0	|	1.0	0.49(1)	0.49(1)	|	8494	
4579	294	ok	|	0.41	1.00	1.00	0.48	0.12	0	|	rapi	0.41	0.48	0	|	1.0	0.48(1)	0.48(1)	|	8494	
4579	295	ok	|	0.42	1.00	1.00	0.48	0.12	0	|	rapi	0.42	0.48	0	|	1.0	0.48(1)	0.48(1)	|	8494	
4579	296	ok	|	0.43	1.00	1.00	0.50	0.12	0	|	rapi	0.43	0.50	0	|	1.0	0.50(1)	0.50(1)	|	8494	
4579	297	ok	|	0.44	1.00	1.00	0.51	0.13	0	|	rapi	0.44	0.51	0	|	1.0	0.51(1)	0.51(1)	|	8494	
4579	298	ok	|	0.45	1.00	1.00	0.52	0.13	0	|	rapi	0.45	0.52	0	|	1.0	0.52(1)	0.52(1)	|	8494	
4579	299	ok	|	0.44	1.00	1.00	0.51	0.13	0	|	rapi	0.44	0.51	0	|	1.0	0.51(1)	0.51(1)	|	8494	
4579	300	ok	|	0.42	1.00	1.00	0.49	0.12	0	|	rapi	0.42	0.49	0	|	1.0	0.49(1)	0.49(1)	|	8494	
4579	301	ok	|	0.40	1.00	1.00	0.46	0.11	0	|	rapi	0.40	0.46	0	|	1.0	0.46(1)	0.46(1)	|	8494	
4579	302	ok	|	0.39	1.00	1.00	0.45	0.11	0	|	rapi	0.39	0.45	0	|	1.0	0.45(1)	0.45(1)	|	8494	
4579	303	ok	|	0.41	1.00	1.00	0.46	0.12	0	|	rapi	0.41	0.46	0	|	1.0	0.46(1)	0.46(1)	|	8494	
4579	304	ok	|	0.38	1.00	1.00	0.43	0.11	0	|	rapi	0.38	0.43	0	|	1.0	0.43(1)	0.43(1)	|	8494	
4579	305	ok	|	0.39	1.00	1.00	0.43	0.11	0	|	rapi	0.39	0.43	0	|	1.0	0.43(1)	0.43(1)	|	8494	
4579	306	ok	|	0.40	1.00	1.00	0.45	0.11	0	|	rapi	0.40	0.45	0	|	1.0	0.45(1)	0.45(1)	|	8494	
4579	307	ok	|	0.39	1.00	1.00	0.44	0.11	0	|	rapi	0.39	0.44	0	|	1.0	0.44(1)	0.44(1)	|	8494	
4579	308	ok	|	0.37	1.00	1.00	0.42	0.11	0	|	rapi	0.37	0.42	0	|	1.0	0.42(1)	0.42(1)	|	8494	
4579	309	ok	|	0.39	1.00	1.00	0.43	0.11	0	|	rapi	0.39	0.43	0	|	1.0	0.43(1)	0.43(1)	|	8494	
4579	310	ok	|	0.36	1.00	1.00	0.40	0.10	0	|	rapi	0.36	0.40	0	|	1.0	0.40(1)	0.40(1)	|	8494	
4579	311	ok	|	0.34	1.00	1.00	0.38	0.09	0	|	rapi	0.34	0.38	0	|	1.0	0.38(1)	0.38(1)	|	8494	
4579	312	ok	|	0.33	1.00	1.00	0.36	0.09	0	|	rapi	0.33	0.36	0	|	1.0	0.36(1)	0.36(1)	|	8494	
4579	313	ok	|	0.33	1.00	1.00	0.35	0.09	0	|	rapi	0.33	0.35	0	|	1.0	0.35(1)	0.35(1)	|	8494	
4579	314	ok	|	0.34	1.00	1.00	0.38	0.09	0	|	rapi	0.34	0.38	0	|	1.0	0.38(1)	0.38(1)	|	8494	
4579	315	ok	|	0.34	1.00	1.00	0.38	0.10	0	|	rapi	0.34	0.38	0	|	1.0	0.38(1)	0.38(1)	|	8494	
4579	316	ok	|	0.33	1.00	1.00	0.37	0.09	0	|	rapi	0.33	0.37	0	|	1.0	0.37(1)	0.37(1)	|	8494	
4579	317	ok	|	0.34	1.00	1.00	0.36	0.09	0	|	rapi	0.34	0.36	0	|	1.0	0.36(1)	0.36(1)	|	8494	
4579	318	ok	|	0.36	1.00	1.00	0.39	0.10	0	|	rapi	0.36	0.39	0	|	1.0	0.39(1)	0.39(1)	|	8494	
4579	319	ok	|	0.38	1.00	1.00	0.42	0.11	0	|	rapi	0.38	0.42	0	|	1.0	0.42(1)	0.42(1)	|	8494	
4579	320	ok	|	0.38	1.00	1.00	0.43	0.11	0	|	rapi	0.38	0.43	0	|	1.0	0.43(1)	0.43(1)	|	8494	
4579	321	ok	|	0.40	1.00	1.00	0.45	0.11	0	|	rapi	0.40	0.45	0	|	1.0	0.45(1)	0.45(1)	|	8494	
4579	322	ok	|	0.39	1.00	1.00	0.44	0.22	0	|	rapi	0.39	0.44	0	|	1.0	0.44(1)	0.44(1)	|	8494	
4579	323	ok	|	0.40	1.00	1.00	0.45	0.22	0	|	rapi	0.40	0.45	0	|	1.0	0.45(1)	0.45(1)	|	8494	
4579	324	ok	|	0.39	1.00	1.00	0.42	0.21	0	|	rapi	0.39	0.42	0	|	1.0	0.42(1)	0.42(1)	|	8494	
4579	325	ok	|	0.37	1.00	1.00	0.42	0.21	0	|	rapi	0.37	0.42	0	|	1.0	0.42(1)	0.42(1)	|	8494	
4579	326	ok	|	0.40	1.00	1.00	0.45	0.22	0	|	rapi	0.40	0.45	0	|	1.0	0.45(1)	0.45(1)	|	8494	
4579	327	ok	|	0.38	1.00	1.00	0.43	0.21	0	|	rapi	0.38	0.43	0	|	1.0	0.43(1)	0.43(1)	|	8494	
4579	328	ok	|	0.35	1.00	1.00	0.40	0.20	0	|	rapi	0.35	0.40	0	|	1.0	0.40(1)	0.40(1)	|	8494	
4579	329	ok	|	0.38	1.00	1.00	0.41	0.21	0	|	rapi	0.38	0.41	0	|	1.0	0.41(1)	0.41(1)	|	8494	
4579	330	ok	|	0.37	1.00	1.00	0.43	0.21	0	|	rapi	0.37	0.43	0	|	1.0	0.43(1)	0.43(1)	|	8494	
4579	331	ok	|	0.40	1.00	1.00	0.45	0.22	0	|	rapi	0.40	0.45	0	|	1.0	0.45(1)	0.45(1)	|	8494	
4579	332	ok	|	0.39	1.00	1.00	0.43	0.22	0	|	rapi	0.39	0.43	0	|	1.0	0.43(1)	0.43(1)	|	8494	
4579	333	ok	|	0.39	1.00	1.00	0.43	0.21	0	|	rapi	0.39	0.43	0	|	1.0	0.43(1)	0.43(1)	|	8494	
4579	334	ok	|	0.42	1.00	1.00	0.47	0.24	0	|	rapi	0.42	0.47	0	|	1.0	0.47(1)	0.47(1)	|	8494	
4579	335	ok	|	0.42	1.00	1.00	0.49	0.25	0	|	rapi	0.42	0.49	0	|	1.0	0.49(1)	0.49(1)	|	8494	
4579	336	ok	|	0.43	1.00	1.00	0.49	0.24	0	|	rapi	0.43	0.49	0	|	1.0	0.49(1)	0.49(1)	|	8494	
4579	337	ok	|	0.43	1.00	1.00	0.49	0.25	0	|	rapi	0.43	0.49	0	|	1.0	0.49(1)	0.49(1)	|	8494	
4579	338	ok	|	0.43	1.00	1.00	0.49	0.25	0	|	rapi	0.43	0.49	0	|	1.0	0.49(1)	0.49(1)	|	8494	
4579	339	ok	|	0.41	1.00	1.00	0.47	0.23	0	|	rapi	0.41	0.47	0	|	1.0	0.47(1)	0.47(1)	|	8494	
4579	340	ok	|	0.39	1.00	1.00	0.44	0.22	0	|	rapi	0.39	0.44	0	|	1.0	0.44(1)	0.44(1)	|	8494	
4579	341	ok	|	0.41	1.00	1.00	0.46	0.23	0	|	rapi	0.41	0.46	0	|	1.0	0.46(1)	0.46(1)	|	8494	
4579	342	ok	|	0.42	1.00	1.00	0.47	0.23	0	|	rapi	0.42	0.47	0	|	1.0	0.47(1)	0.47(1)	|	8494	
4579	343	ok	|	0.41	1.00	1.00	0.46	0.23	0	|	rapi	0.41	0.46	0	|	1.0	0.46(1)	0.46(1)	|	8494	
4579	344	ok	|	0.42	1.00	1.00	0.47	0.24	0	|	rapi	0.42	0.47	0	|	1.0	0.47(1)	0.47(1)	|	8494	
4579	345	ok	|	0.44	1.00	1.00	0.50	0.25	0	|	rapi	0.44	0.50	0	|	1.0	0.50(1)	0.50(1)	|	8494	
4579	346	ok	|	0.45	1.00	1.00	0.51	0.25	0	|	rapi	0.45	0.51	0	|	1.0	0.51(1)	0.51(1)	|	8494	
4579	347	ok	|	0.44	1.00	1.00	0.52	0.26	0	|	rapi	0.44	0.52	0	|	1.0	0.52(1)	0.52(1)	|	8494	
4579	348	ok	|	0.44	1.00	1.00	0.51	0.26	0	|	rapi	0.44	0.51	0	|	1.0	0.51(1)	0.51(1)	|	8494	
4579	349	ok	|	0.45	1.00	1.00	0.52	0.26	0	|	rapi	0.45	0.52	0	|	1.0	0.52(1)	0.52(1)	|	8494	
4579	350	ok	|	0.45	1.00	1.00	0.51	0.26	0	|	rapi	0.45	0.51	0	|	1.0	0.51(1)	0.51(1)	|	8494	
4579	351	ok	|	0.46	1.00	1.00	0.53	0.27	0	|	rapi	0.46	0.53	0	|	1.0	0.53(1)	0.53(1)	|	8494	
4579	352	ok	|	0.45	1.00	1.00	0.51	0.25	0	|	rapi	0.45	0.51	0	|	1.0	0.51(1)	0.51(1)	|	8494	
4579	353	ok	|	0.43	1.00	1.00	0.50	0.25	0	|	rapi	0.43	0.50	0	|	1.0	0.50(1)	0.50(1)	|	8494	
4579	354	ok	|	0.47	1.00	1.00	0.54	0.27	0	|	rapi	0.47	0.54	0	|	1.0	0.54(1)	0.54(1)	|	8494	
4579	355	ok	|	0.46	1.00	1.00	0.55	0.27	0	|	rapi	0.46	0.55	0	|	1.0	0.55(1)	0.55(1)	|	8494	
4579	356	ok	|	0.46	1.00	1.00	0.55	0.27	0	|	rapi	0.46	0.55	0	|	1.0	0.55(1)	0.55(1)	|	8494	
4579	357	ok	|	0.48	1.00	1.00	0.56	0.28	0	|	rapi	0.48	0.56	0	|	1.0	0.56(1)	0.56(1)	|	8494	
4579	358	ok	|	0.48	1.00	1.00	0.56	0.28	0	|	rapi	0.48	0.56	0	|	1.0	0.56(1)	0.56(1)	|	8494	
4579	359	ok	|	0.50	1.00	1.00	0.58	0.29	0	|	rapi	0.50	0.58	0	|	1.0	0.58(1)	0.58(1)	|	8494	
4579	360	ok	|	0.47	1.00	1.00	0.56	0.28	0	|	rapi	0.47	0.56	0	|	1.0	0.56(1)	0.56(1)	|	8494	
4579	361	ok	|	0.48	1.00	1.00	0.55	0.28	0	|	rapi	0.48	0.55	0	|	1.0	0.55(1)	0.55(1)	|	8494	
4579	362	ok	|	0.48	1.00	1.00	0.55	0.27	0	|	rapi	0.48	0.55	0	|	1.0	0.55(1)	0.55(1)	|	8494	
4579	363	ok	|	0.49	1.00	1.00	0.55	0.27	0	|	rapi	0.49	0.55	0	|	1.0	0.55(1)	0.55(1)	|	8494	
4579	364	ok	|	0.47	1.00	1.00	0.52	0.26	0	|	rapi	0.47	0.52	0	|	1.0	0.52(1)	0.52(1)	|	8494	
4579	365	ok	|	0.44	1.00	1.00	0.51	0.25	0	|	rapi	0.44	0.51	0	|	1.0	0.51(1)	0.51(1)	|	8494	
4579	366	ok	|	0.45	1.00	1.00	0.51	0.25	0	|	rapi	0.45	0.51	0	|	1.0	0.51(1)	0.51(1)	|	8494	
4579	367	ok	|	0.42	1.00	1.00	0.49	0.24	0	|	rapi	0.42	0.49	0	|	1.0	0.49(1)	0.49(1)	|	8494	
4579	368	ok	|	0.43	1.00	1.00	0.49	0.24	0	|	rapi	0.43	0.49	0	|	1.0	0.49(1)	0.49(1)	|	8494	
4579	369	ok	|	0.43	1.00	1.00	0.50	0.25	0	|	rapi	0.43	0.50	0	|	1.0	0.50(1)	0.50(1)	|	8494	
4579	370	ok	|	0.43	1.00	1.00	0.49	0.24	0	|	rapi	0.43	0.49	0	|	1.0	0.49(1)	0.49(1)	|	8494	
4579	371	ok	|	0.39	1.00	1.00	0.44	0.22	0	|	rapi	0.39	0.44	0	|	1.0	0.44(1)	0.44(1)	|	8494	
4579	372	ok	|	0.40	1.00	1.00	0.45	0.23	0	|	rapi	0.40	0.45	0	|	1.0	0.45(1)	0.45(1)	|	8494	
4579	373	ok	|	0.39	1.00	1.00	0.45	0.22	0	|	rapi	0.39	0.45	0	|	1.0	0.45(1)	0.45(1)	|	8494	
4579	374	ok	|	0.38	1.00	1.00	0.44	0.22	0	|	rapi	0.38	0.44	0	|	1.0	0.44(1)	0.44(1)	|	8494	
4579	375	ok	|	0.40	1.00	1.00	0.46	0.23	0	|	rapi	0.40	0.46	0	|	1.0	0.46(1)	0.46(1)	|	8494	
4579	376	ok	|	0.40	1.00	1.00	0.45	0.23	0	|	rapi	0.40	0.45	0	|	1.0	0.45(1)	0.45(1)	|	8494	
4579	377	ok	|	0.40	1.00	1.00	0.46	0.23	0	|	rapi	0.40	0.46	0	|	1.0	0.46(1)	0.46(1)	|	8494	
4579	378	ok	|	0.40	1.00	1.00	0.45	0.22	0	|	rapi	0.40	0.45	0	|	1.0	0.45(1)	0.45(1)	|	8494	
4579	379	ok	|	0.40	1.00	1.00	0.46	0.23	0	|	rapi	0.40	0.46	0	|	1.0	0.46(1)	0.46(1)	|	8494	
4579	380	ok	|	0.41	1.00	1.00	0.47	0.24	0	|	rapi	0.41	0.47	0	|	1.0	0.47(1)	0.47(1)	|	8494	
4579	381	ok	|	0.42	1.00	1.00	0.47	0.24	0	|	rapi	0.42	0.47	0	|	1.0	0.47(1)	0.47(1)	|	8494	
4579	382	ok	|	0.41	1.00	1.00	0.47	0.23	0	|	rapi	0.41	0.47	0	|	1.0	0.47(1)	0.47(1)	|	8494	
4579	383	ok	|	0.42	1.00	1.00	0.48	0.24	0	|	rapi	0.42	0.48	0	|	1.0	0.48(1)	0.48(1)	|	8494	
4579	384	ok	|	0.43	1.00	1.00	0.50	0.25	0	|	rapi	0.43	0.50	0	|	1.0	0.50(1)	0.50(1)	|	8494	
4579	385	ok	|	0.44	1.00	1.00	0.51	0.25	0	|	rapi	0.44	0.51	0	|	1.0	0.51(1)	0.51(1)	|	8494	
4579	386	ok	|	0.45	1.00	1.00	0.51	0.26	0	|	rapi	0.45	0.51	0	|	1.0	0.51(1)	0.51(1)	|	8494	
4579	387	ok	|	0.46	1.00	1.00	0.52	0.26	0	|	rapi	0.46	0.52	0	|	1.0	0.52(1)	0.52(1)	|	8494	
4579	388	ok	|	0.46	1.00	1.00	0.54	0.27	0	|	rapi	0.46	0.54	0	|	1.0	0.54(1)	0.54(1)	|	8494	
4579	389	ok	|	0.46	1.00	1.00	0.54	0.27	0	|	rapi	0.46	0.54	0	|	1.0	0.54(1)	0.54(1)	|	8494	
4579	390	ok	|	0.48	1.00	1.00	0.55	0.28	0	|	rapi	0.48	0.55	0	|	1.0	0.55(1)	0.55(1)	|	8494	
4579	391	ok	|	0.48	1.00	1.00	0.56	0.28	0	|	rapi	0.48	0.56	0	|	1.0	0.56(1)	0.56(1)	|	8494	
4579	392	ok	|	0.45	1.00	1.00	0.53	0.26	0	|	rapi	0.45	0.53	0	|	1.0	0.53(1)	0.53(1)	|	8494	
4579	393	ok	|	0.47	1.00	1.00	0.53	0.27	0	|	rapi	0.47	0.53	0	|	1.0	0.53(1)	0.53(1)	|	8494	
4579	394	ok	|	0.46	1.00	1.00	0.53	0.27	0	|	rapi	0.46	0.53	0	|	1.0	0.53(1)	0.53(1)	|	8494	
4579	395	ok	|	0.46	1.00	1.00	0.52	0.26	0	|	rapi	0.46	0.52	0	|	1.0	0.52(1)	0.52(1)	|	8494	
4579	396	ok	|	0.43	1.00	1.00	0.50	0.25	0	|	rapi	0.43	0.50	0	|	1.0	0.50(1)	0.50(1)	|	8494	
4579	397	ok	|	0.44	1.00	1.00	0.50	0.25	0	|	rapi	0.44	0.50	0	|	1.0	0.50(1)	0.50(1)	|	8494	
4579	398	ok	|	0.44	1.00	1.00	0.51	0.26	0	|	rapi	0.44	0.51	0	|	1.0	0.51(1)	0.51(1)	|	8494	
4579	399	ok	|	0.43	1.00	1.00	0.50	0.25	0	|	rapi	0.43	0.50	0	|	1.0	0.50(1)	0.50(1)	|	8494	
4579	400	ok	|	0.43	1.00	1.00	0.50	0.25	0	|	rapi	0.43	0.50	0	|	1.0	0.50(1)	0.50(1)	|	8494	
4579	401	ok	|	0.45	1.00	1.00	0.51	0.25	0	|	rapi	0.45	0.51	0	|	1.0	0.51(1)	0.51(1)	|	8494	
4579	402	ok	|	0.44	1.00	1.00	0.51	0.25	0	|	rapi	0.44	0.51	0	|	1.0	0.51(1)	0.51(1)	|	8494	
4579	403	ok	|	0.45	1.00	1.00	0.51	0.25	0	|	rapi	0.45	0.51	0	|	1.0	0.51(1)	0.51(1)	|	8494	
4579	404	ok	|	0.47	1.00	1.00	0.53	0.27	0	|	rapi	0.47	0.53	0	|	1.0	0.53(1)	0.53(1)	|	8494	
4579	405	ok	|	0.46	1.00	1.00	0.53	0.27	0	|	rapi	0.46	0.53	0	|	1.0	0.53(1)	0.53(1)	|	8494	
4579	406	ok	|	0.47	1.00	1.00	0.56	0.28	0	|	rapi	0.47	0.56	0	|	1.0	0.56(1)	0.56(1)	|	8494	
4579	407	ok	|	0.49	1.00	1.00	0.56	0.28	0	|	rapi	0.49	0.56	0	|	1.0	0.56(1)	0.56(1)	|	8494	
4579	408	ok	|	0.46	1.00	1.00	0.52	0.26	0	|	rapi	0.46	0.52	0	|	1.0	0.52(1)	0.52(1)	|	8494	
4579	409	ok	|	0.48	1.00	1.00	0.55	0.28	0	|	rapi	0.48	0.55	0	|	1.0	0.55(1)	0.55(1)	|	8494	
4579	410	ok	|	0.46	1.00	1.00	0.55	0.27	0	|	rapi	0.46	0.55	0	|	1.0	0.55(1)	0.55(1)	|	8494	
4579	411	ok	|	0.44	1.00	1.00	0.51	0.26	0	|	rapi	0.44	0.51	0	|	1.0	0.51(1)	0.51(1)	|	8494	
4579	412	ok	|	0.46	1.00	1.00	0.52	0.26	0	|	rapi	0.46	0.52	0	|	1.0	0.52(1)	0.52(1)	|	8494	
4579	413	ok	|	0.44	1.00	1.00	0.50	0.25	0	|	rapi	0.44	0.50	0	|	1.0	0.50(1)	0.50(1)	|	8494	
4579	414	ok	|	0.43	1.00	1.00	0.49	0.24	0	|	rapi	0.43	0.49	0	|	1.0	0.49(1)	0.49(1)	|	8494	
4579	415	ok	|	0.41	1.00	1.00	0.48	0.24	0	|	rapi	0.41	0.48	0	|	1.0	0.48(1)	0.48(1)	|	8494	
4579	416	ok	|	0.42	1.00	1.00	0.48	0.24	0	|	rapi	0.42	0.48	0	|	1.0	0.48(1)	0.48(1)	|	8494	
4579	417	ok	|	0.43	1.00	1.00	0.48	0.24	0	|	rapi	0.43	0.48	0	|	1.0	0.48(1)	0.48(1)	|	8494	
4579	418	ok	|	0.42	1.00	1.00	0.46	0.23	0	|	rapi	0.42	0.46	0	|	1.0	0.46(1)	0.46(1)	|	8494	
4579	419	ok	|	0.41	1.00	1.00	0.47	0.23	0	|	rapi	0.41	0.47	0	|	1.0	0.47(1)	0.47(1)	|	8494	
4579	420	ok	|	0.39	1.00	1.00	0.45	0.23	0	|	rapi	0.39	0.45	0	|	1.0	0.45(1)	0.45(1)	|	8494	
4579	421	ok	|	0.40	1.00	1.00	0.43	0.22	0	|	rapi	0.40	0.43	0	|	1.0	0.43(1)	0.43(1)	|	8494	
4579	422	ok	|	0.40	1.00	1.00	0.44	0.22	0	|	rapi	0.40	0.44	0	|	1.0	0.44(1)	0.44(1)	|	8494	
4579	423	ok	|	0.40	1.00	1.00	0.44	0.22	0	|	rapi	0.40	0.44	0	|	1.0	0.44(1)	0.44(1)	|	8494	
4579	424	ok	|	0.41	1.00	1.00	0.45	0.23	0	|	rapi	0.41	0.45	0	|	1.0	0.45(1)	0.45(1)	|	8494	
4579	425	ok	|	0.40	1.00	1.00	0.46	0.23	0	|	rapi	0.40	0.46	0	|	1.0	0.46(1)	0.46(1)	|	8494	
4579	426	ok	|	0.38	1.00	1.00	0.44	0.22	0	|	rapi	0.38	0.44	0	|	1.0	0.44(1)	0.44(1)	|	8494	
4579	427	ok	|	0.37	1.00	1.00	0.42	0.21	0	|	rapi	0.37	0.42	0	|	1.0	0.42(1)	0.42(1)	|	8494	
4579	428	ok	|	0.36	1.00	1.00	0.40	0.20	0	|	rapi	0.36	0.40	0	|	1.0	0.40(1)	0.40(1)	|	8494	
4579	429	ok	|	0.35	1.00	1.00	0.39	0.19	0	|	rapi	0.35	0.39	0	|	1.0	0.39(1)	0.39(1)	|	8494	
4579	430	ok	|	0.36	1.00	1.00	0.41	0.20	0	|	rapi	0.36	0.41	0	|	1.0	0.41(1)	0.41(1)	|	8494	
4579	431	ok	|	0.37	1.00	1.00	0.42	0.21	0	|	rapi	0.37	0.42	0	|	1.0	0.42(1)	0.42(1)	|	8494	
4579	432	ok	|	0.41	1.00	1.00	0.45	0.23	0	|	rapi	0.41	0.45	0	|	1.0	0.45(1)	0.45(1)	|	8494	
4579	433	ok	|	0.41	1.00	1.00	0.46	0.23	0	|	rapi	0.41	0.46	0	|	1.0	0.46(1)	0.46(1)	|	8494	
4579	434	ok	|	0.42	1.00	1.00	0.48	0.24	0	|	rapi	0.42	0.48	0	|	1.0	0.48(1)	0.48(1)	|	8494	
4579	435	ok	|	0.44	1.00	1.00	0.50	0.25	0	|	rapi	0.44	0.50	0	|	1.0	0.50(1)	0.50(1)	|	8494	
4579	436	ok	|	0.44	1.00	1.00	0.51	0.26	0	|	rapi	0.44	0.51	0	|	1.0	0.51(1)	0.51(1)	|	8494	
4579	437	ok	|	0.45	1.00	1.00	0.52	0.26	0	|	rapi	0.45	0.52	0	|	1.0	0.52(1)	0.52(1)	|	8494	
4579	438	ok	|	0.43	1.00	1.00	0.49	0.25	0	|	rapi	0.43	0.49	0	|	1.0	0.49(1)	0.49(1)	|	8494	
4579	439	ok	|	0.43	1.00	1.00	0.48	0.24	0	|	rapi	0.43	0.48	0	|	1.0	0.48(1)	0.48(1)	|	8494	
4579	440	ok	|	0.40	1.00	1.00	0.44	0.22	0	|	rapi	0.40	0.44	0	|	1.0	0.44(1)	0.44(1)	|	8494	
4579	441	ok	|	0.41	1.00	1.00	0.47	0.24	0	|	rapi	0.41	0.47	0	|	1.0	0.47(1)	0.47(1)	|	8494	
4579	442	ok	|	0.42	1.00	1.00	0.48	0.24	0	|	rapi	0.42	0.48	0	|	1.0	0.48(1)	0.48(1)	|	8494	
4579	443	ok	|	0.42	1.00	1.00	0.48	0.24	0	|	rapi	0.42	0.48	0	|	1.0	0.48(1)	0.48(1)	|	8494	
4579	444	ok	|	0.47	1.00	1.00	0.53	0.27	0	|	rapi	0.47	0.53	0	|	1.0	0.53(1)	0.53(1)	|	8494	
4579	445	ok	|	0.45	1.00	1.00	0.52	0.26	0	|	rapi	0.45	0.52	0	|	1.0	0.52(1)	0.52(1)	|	8494	
4579	446	ok	|	0.47	1.00	1.00	0.54	0.27	0	|	rapi	0.47	0.54	0	|	1.0	0.54(1)	0.54(1)	|	8494	
4579	447	ok	|	0.44	1.00	1.00	0.51	0.26	0	|	rapi	0.44	0.51	0	|	1.0	0.51(1)	0.51(1)	|	8494	
4579	448	ok	|	0.47	1.00	1.00	0.53	0.27	0	|	rapi	0.47	0.53	0	|	1.0	0.53(1)	0.53(1)	|	8494	
4579	449	ok	|	0.47	1.00	1.00	0.54	0.27	0	|	rapi	0.47	0.54	0	|	1.0	0.54(1)	0.54(1)	|	8494	
4579	450	ok	|	0.47	1.00	1.00	0.56	0.28	0	|	rapi	0.47	0.56	0	|	1.0	0.56(1)	0.56(1)	|	8494	
4579	451	ok	|	0.50	1.00	1.00	0.57	0.29	0	|	rapi	0.50	0.57	0	|	1.0	0.57(1)	0.57(1)	|	8494	
4579	452	ok	|	0.48	1.00	1.00	0.57	0.28	0	|	rapi	0.48	0.57	0	|	1.0	0.57(1)	0.57(1)	|	8494	
4579	453	ok	|	0.48	1.00	1.00	0.56	0.28	0	|	rapi	0.48	0.56	0	|	1.0	0.56(1)	0.56(1)	|	8494	
4579	454	ok	|	0.49	1.00	1.00	0.57	0.29	0	|	rapi	0.49	0.57	0	|	1.0	0.57(1)	0.57(1)	|	8494	
4579	455	ok	|	0.46	1.00	1.00	0.54	0.27	0	|	rapi	0.46	0.54	0	|	1.0	0.54(1)	0.54(1)	|	8494	
4579	456	ok	|	0.47	1.00	1.00	0.54	0.27	0	|	rapi	0.47	0.54	0	|	1.0	0.54(1)	0.54(1)	|	8494	
4579	457	ok	|	0.47	1.00	1.00	0.55	0.27	0	|	rapi	0.47	0.55	0	|	1.0	0.55(1)	0.55(1)	|	8494	
4579	458	ok	|	0.45	1.00	1.00	0.53	0.27	0	|	rapi	0.45	0.53	0	|	1.0	0.53(1)	0.53(1)	|	8494	
4579	459	ok	|	0.47	1.00	1.00	0.55	0.27	0	|	rapi	0.47	0.55	0	|	1.0	0.55(1)	0.55(1)	|	8494	
4579	460	ok	|	0.51	1.00	1.00	0.58	0.29	0	|	rapi	0.51	0.58	0	|	1.0	0.58(1)	0.58(1)	|	8494	
4579	461	ok	|	0.49	1.00	1.00	0.57	0.28	0	|	rapi	0.49	0.57	0	|	1.0	0.57(1)	0.57(1)	|	8494	
4579	462	ok	|	0.51	1.00	1.00	0.57	0.29	0	|	rapi	0.51	0.57	0	|	1.0	0.57(1)	0.57(1)	|	8494	
4579	463	ok	|	0.51	1.00	1.00	0.61	0.31	0	|	rapi	0.51	0.61	0	|	1.0	0.61(1)	0.61(1)	|	8494	
4579	464	ok	|	0.52	1.00	1.00	0.63	0.31	0	|	rapi	0.52	0.63	0	|	1.0	0.63(1)	0.63(1)	|	8494	
4579	465	ok	|	0.53	1.00	1.00	0.62	0.31	0	|	rapi	0.53	0.62	0	|	1.0	0.62(1)	0.62(1)	|	8494	
4579	466	ok	|	0.50	1.00	1.00	0.60	0.30	0	|	rapi	0.50	0.60	0	|	1.0	0.60(1)	0.60(1)	|	8494	
4579	467	ok	|	0.49	1.00	1.00	0.57	0.28	0	|	rapi	0.49	0.57	0	|	1.0	0.57(1)	0.57(1)	|	8494	
4579	468	ok	|	0.51	1.00	1.00	0.58	0.29	0	|	rapi	0.51	0.58	0	|	1.0	0.58(1)	0.58(1)	|	8494	
4579	469	ok	|	0.53	1.00	1.00	0.62	0.31	0	|	rapi	0.53	0.62	0	|	1.0	0.62(1)	0.62(1)	|	8494	
4579	470	ok	|	0.51	1.00	1.00	0.61	0.31	0	|	rapi	0.51	0.61	0	|	1.0	0.61(1)	0.61(1)	|	8494	
4579	471	ok	|	0.50	1.00	1.00	0.58	0.29	0	|	rapi	0.50	0.58	0	|	1.0	0.58(1)	0.58(1)	|	8494	
4579	472	ok	|	0.49	1.00	1.00	0.56	0.28	0	|	rapi	0.49	0.56	0	|	1.0	0.56(1)	0.56(1)	|	8494	
4579	473	ok	|	0.49	1.00	1.00	0.58	0.29	0	|	rapi	0.49	0.58	0	|	1.0	0.58(1)	0.58(1)	|	8494	
4579	474	ok	|	0.52	1.00	1.00	0.62	0.31	0	|	rapi	0.52	0.62	0	|	1.0	0.62(1)	0.62(1)	|	8494	
4579	475	ok	|	0.53	1.00	1.00	0.61	0.30	0	|	rapi	0.53	0.61	0	|	1.0	0.61(1)	0.61(1)	|	8494	
4579	476	ok	|	0.51	1.00	1.00	0.61	0.30	0	|	rapi	0.51	0.61	0	|	1.0	0.61(1)	0.61(1)	|	8494	
4579	477	ok	|	0.53	1.00	1.00	0.63	0.31	0	|	rapi	0.53	0.63	0	|	1.0	0.63(1)	0.63(1)	|	8494	
4579	478	ok	|	0.54	1.00	1.00	0.64	0.32	0	|	rapi	0.54	0.64	0	|	1.0	0.64(1)	0.64(1)	|	8494	
4579	479	ok	|	0.53	1.00	1.00	0.63	0.32	0	|	rapi	0.53	0.63	0	|	1.0	0.63(1)	0.63(1)	|	8494	
4579	480	ok	|	0.51	1.00	1.00	0.61	0.30	0	|	rapi	0.51	0.61	0	|	1.0	0.61(1)	0.61(1)	|	8494	
4579	481	ok	|	0.50	1.00	1.00	0.59	0.30	0	|	rapi	0.50	0.59	0	|	1.0	0.59(1)	0.59(1)	|	8494	
4579	482	ok	|	0.52	1.00	1.00	0.60	0.30	0	|	rapi	0.52	0.60	0	|	1.0	0.60(1)	0.60(1)	|	8494	
4579	483	ok	|	0.53	1.00	1.00	0.63	0.31	0	|	rapi	0.53	0.63	0	|	1.0	0.63(1)	0.63(1)	|	8494	
4579	484	ok	|	0.55	1.00	1.00	0.65	0.33	0	|	rapi	0.55	0.65	0	|	1.0	0.65(1)	0.65(1)	|	8494	
4579	485	ok	|	0.56	1.00	1.00	0.67	0.33	0	|	rapi	0.56	0.67	0	|	1.0	0.67(1)	0.67(1)	|	8494	
4579	486	ok	|	0.56	1.00	1.00	0.69	0.35	0	|	rapi	0.56	0.69	0	|	1.0	0.69(1)	0.69(1)	|	8494	
4579	487	ok	|	0.57	1.00	1.00	0.68	0.34	0	|	rapi	0.57	0.68	0	|	1.0	0.68(1)	0.68(1)	|	8494	
4579	488	ok	|	0.58	1.00	1.00	0.69	0.34	0	|	rapi	0.58	0.69	0	|	1.0	0.69(1)	0.69(1)	|	8494	
4579	489	ok	|	0.56	1.00	1.00	0.67	0.34	0	|	rapi	0.56	0.67	0	|	1.0	0.67(1)	0.67(1)	|	8494	
4579	490	ok	|	0.52	1.00	1.00	0.63	0.32	0	|	rapi	0.52	0.63	0	|	1.0	0.63(1)	0.63(1)	|	8494	
4579	491	ok	|	0.52	1.00	1.00	0.62	0.31	0	|	rapi	0.52	0.62	0	|	1.0	0.62(1)	0.62(1)	|	8494	
4579	492	ok	|	0.52	1.00	1.00	0.62	0.31	0	|	rapi	0.52	0.62	0	|	1.0	0.62(1)	0.62(1)	|	8494	
4579	493	ok	|	0.52	1.00	1.00	0.62	0.31	0	|	rapi	0.52	0.62	0	|	1.0	0.62(1)	0.62(1)	|	8494	
4579	494	ok	|	0.53	1.00	1.00	0.62	0.31	0	|	rapi	0.53	0.62	0	|	1.0	0.62(1)	0.62(1)	|	8494	
4579	495	ok	|	0.54	1.00	1.00	0.63	0.32	0	|	rapi	0.54	0.63	0	|	1.0	0.63(1)	0.63(1)	|	8494	
4579	496	ok	|	0.54	1.00	1.00	0.63	0.32	0	|	rapi	0.54	0.63	0	|	1.0	0.63(1)	0.63(1)	|	8494	
4579	497	ok	|	0.53	1.00	1.00	0.62	0.31	0	|	rapi	0.53	0.62	0	|	1.0	0.62(1)	0.62(1)	|	8494	
4579	498	ok	|	0.54	1.00	1.00	0.63	0.31	0	|	rapi	0.54	0.63	0	|	1.0	0.63(1)	0.63(1)	|	8494	
4579	499	ok	|	0.53	1.00	1.00	0.63	0.32	0	|	rapi	0.53	0.63	0	|	1.0	0.63(1)	0.63(1)	|	8494	
4579	500	ok	|	0.52	1.00	1.00	0.64	0.32	0	|	rapi	0.52	0.64	0	|	1.0	0.64(1)	0.64(1)	|	8494	
4579	501	ok	|	0.54	1.00	1.00	0.64	0.32	0	|	rapi	0.54	0.64	0	|	1.0	0.64(1)	0.64(1)	|	8494	
4579	502	ok	|	0.55	1.00	1.00	0.63	0.32	0	|	rapi	0.55	0.63	0	|	1.0	0.63(1)	0.63(1)	|	8494	
4579	503	ok	|	0.54	1.00	1.00	0.65	0.33	0	|	rapi	0.54	0.65	0	|	1.0	0.65(1)	0.65(1)	|	8494	
4579	504	ok	|	0.56	1.00	1.00	0.69	0.34	0	|	rapi	0.56	0.69	0	|	1.0	0.69(1)	0.69(1)	|	8494	
4579	505	ok	|	0.53	1.00	1.00	0.63	0.32	0	|	rapi	0.53	0.63	0	|	1.0	0.63(1)	0.63(1)	|	8494	
4579	506	ok	|	0.53	1.00	1.00	0.63	0.31	0	|	rapi	0.53	0.63	0	|	1.0	0.63(1)	0.63(1)	|	8494	
4579	507	ok	|	0.50	1.00	1.00	0.58	0.29	0	|	rapi	0.50	0.58	0	|	1.0	0.58(1)	0.58(1)	|	8494	
4579	508	ok	|	0.54	1.00	1.00	0.63	0.32	0	|	rapi	0.54	0.63	0	|	1.0	0.63(1)	0.63(1)	|	8494	
4579	509	ok	|	0.52	1.00	1.00	0.63	0.31	0	|	rapi	0.52	0.63	0	|	1.0	0.63(1)	0.63(1)	|	8494	
4579	510	ok	|	0.53	1.00	1.00	0.65	0.33	0	|	rapi	0.53	0.65	0	|	1.0	0.65(1)	0.65(1)	|	8494	
4579	511	ok	|	0.57	1.00	1.00	0.68	0.34	0	|	rapi	0.57	0.68	0	|	1.0	0.68(1)	0.68(1)	|	8494	
4579	512	ok	|	0.55	1.00	1.00	0.68	0.34	0	|	rapi	0.55	0.68	0	|	1.0	0.68(1)	0.68(1)	|	8494	
4579	513	ok	|	0.57	1.00	1.00	0.69	0.34	0	|	rapi	0.57	0.69	0	|	1.0	0.69(1)	0.69(1)	|	8494	
4579	514	ok	|	0.55	1.00	1.00	0.68	0.34	0	|	rapi	0.55	0.68	0	|	1.0	0.68(1)	0.68(1)	|	8494	
4579	515	ok	|	0.55	1.00	1.00	0.67	0.34	0	|	rapi	0.55	0.67	0	|	1.0	0.67(1)	0.67(1)	|	8494	
4579	516	ok	|	0.56	1.00	1.00	0.65	0.33	0	|	rapi	0.56	0.65	0	|	1.0	0.65(1)	0.65(1)	|	8494	
4579	517	ok	|	0.53	1.00	1.00	0.64	0.32	0	|	rapi	0.53	0.64	0	|	1.0	0.64(1)	0.64(1)	|	8494	
4579	518	ok	|	0.52	1.00	1.00	0.62	0.31	0	|	rapi	0.52	0.62	0	|	1.0	0.62(1)	0.62(1)	|	8494	
4579	519	ok	|	0.54	1.00	1.00	0.65	0.32	0	|	rapi	0.54	0.65	0	|	1.0	0.65(1)	0.65(1)	|	8494	
4579	520	ok	|	0.54	1.00	1.00	0.65	0.33	0	|	rapi	0.54	0.65	0	|	1.0	0.65(1)	0.65(1)	|	8494	
4579	521	ok	|	0.53	1.00	1.00	0.65	0.32	0	|	rapi	0.53	0.65	0	|	1.0	0.65(1)	0.65(1)	|	8494	
4579	522	ok	|	0.53	1.00	1.00	0.62	0.31	0	|	rapi	0.53	0.62	0	|	1.0	0.62(1)	0.62(1)	|	8494	
4579	523	ok	|	0.51	1.00	1.00	0.58	0.29	0	|	rapi	0.51	0.58	0	|	1.0	0.58(1)	0.58(1)	|	8494	
4579	524	ok	|	0.48	1.00	1.00	0.56	0.28	0	|	rapi	0.48	0.56	0	|	1.0	0.56(1)	0.56(1)	|	8494	
4579	525	ok	|	0.50	1.00	1.00	0.58	0.29	0	|	rapi	0.50	0.58	0	|	1.0	0.58(1)	0.58(1)	|	8494	
4579	526	ok	|	0.49	1.00	1.00	0.58	0.29	0	|	rapi	0.49	0.58	0	|	1.0	0.58(1)	0.58(1)	|	8494	
4579	527	ok	|	0.47	1.00	1.00	0.56	0.28	0	|	rapi	0.47	0.56	0	|	1.0	0.56(1)	0.56(1)	|	8494	
4579	528	ok	|	0.46	1.00	1.00	0.52	0.26	0	|	rapi	0.46	0.52	0	|	1.0	0.52(1)	0.52(1)	|	8494	
4579	529	ok	|	0.48	1.00	1.00	0.55	0.28	0	|	rapi	0.48	0.55	0	|	1.0	0.55(1)	0.55(1)	|	8494	
4579	530	ok	|	0.49	1.00	1.00	0.57	0.29	0	|	rapi	0.49	0.57	0	|	1.0	0.57(1)	0.57(1)	|	8494	
4579	531	ok	|	0.51	1.00	1.00	0.61	0.30	0	|	rapi	0.51	0.61	0	|	1.0	0.61(1)	0.61(1)	|	8494	
4579	532	ok	|	0.51	1.00	1.00	0.61	0.30	0	|	rapi	0.51	0.61	0	|	1.0	0.61(1)	0.61(1)	|	8494	
4579	533	ok	|	0.54	1.00	1.00	0.63	0.31	0	|	rapi	0.54	0.63	0	|	1.0	0.63(1)	0.63(1)	|	8494	
4579	534	ok	|	0.54	1.00	1.00	0.64	0.32	0	|	rapi	0.54	0.64	0	|	1.0	0.64(1)	0.64(1)	|	8494	
4579	535	ok	|	0.54	1.00	1.00	0.64	0.32	0	|	rapi	0.54	0.64	0	|	1.0	0.64(1)	0.64(1)	|	8494	
4579	536	ok	|	0.56	1.00	1.00	0.68	0.34	0	|	rapi	0.56	0.68	0	|	1.0	0.68(1)	0.68(1)	|	8494	
4579	537	ok	|	0.57	1.00	1.00	0.68	0.34	0	|	rapi	0.57	0.68	0	|	1.0	0.68(1)	0.68(1)	|	8494	
4579	538	ok	|	0.53	1.00	1.00	0.65	0.32	0	|	rapi	0.53	0.65	0	|	1.0	0.65(1)	0.65(1)	|	8494	
4579	539	ok	|	0.55	1.00	1.00	0.66	0.33	0	|	rapi	0.55	0.66	0	|	1.0	0.66(1)	0.66(1)	|	8494	
4579	540	ok	|	0.57	1.00	1.00	0.68	0.34	0	|	rapi	0.57	0.68	0	|	1.0	0.68(1)	0.68(1)	|	8494	
4579	541	ok	|	0.57	1.00	1.00	0.68	0.34	0	|	rapi	0.57	0.68	0	|	1.0	0.68(1)	0.68(1)	|	8494	
4579	542	ok	|	0.57	1.00	1.00	0.69	0.34	0	|	rapi	0.57	0.69	0	|	1.0	0.69(1)	0.69(1)	|	8494	
4579	543	ok	|	0.58	1.00	1.00	0.69	0.34	0	|	rapi	0.58	0.69	0	|	1.0	0.69(1)	0.69(1)	|	8494	
4579	544	ok	|	0.59	1.00	1.00	0.69	0.34	0	|	rapi	0.59	0.69	0	|	1.0	0.69(1)	0.69(1)	|	8494	
4579	545	ok	|	0.58	1.00	1.00	0.71	0.36	0	|	rapi	0.58	0.71	0	|	1.0	0.71(1)	0.71(1)	|	8494	
4579	546	ok	|	0.59	1.00	1.00	0.70	0.35	0	|	rapi	0.59	0.70	0	|	1.0	0.70(1)	0.70(1)	|	8494	
4579	547	ok	|	0.59	1.00	1.00	0.72	0.36	0	|	rapi	0.59	0.72	0	|	1.0	0.72(1)	0.72(1)	|	8494	
4579	548	ok	|	0.58	1.00	1.00	0.71	0.35	0	|	rapi	0.58	0.71	0	|	1.0	0.71(1)	0.71(1)	|	8494	
4579	549	ok	|	0.58	1.00	1.00	0.70	0.35	0	|	rapi	0.58	0.70	0	|	1.0	0.70(1)	0.70(1)	|	8494	
4579	550	ok	|	0.58	1.00	1.00	0.69	0.35	0	|	rapi	0.58	0.69	0	|	1.0	0.69(1)	0.69(1)	|	8494	
4579	551	ok	|	0.55	1.00	1.00	0.66	0.33	0	|	rapi	0.55	0.66	0	|	1.0	0.66(1)	0.66(1)	|	8494	
4579	552	ok	|	0.54	1.00	1.00	0.64	0.32	0	|	rapi	0.54	0.64	0	|	1.0	0.64(1)	0.64(1)	|	8494	
4579	553	ok	|	0.51	1.00	1.00	0.62	0.31	0	|	rapi	0.51	0.62	0	|	1.0	0.62(1)	0.62(1)	|	8494	
4579	554	ok	|	0.48	1.00	1.00	0.56	0.28	0	|	rapi	0.48	0.56	0	|	1.0	0.56(1)	0.56(1)	|	8494	
4579	555	ok	|	0.47	1.00	1.00	0.54	0.27	0	|	rapi	0.47	0.54	0	|	1.0	0.54(1)	0.54(1)	|	8494	
4579	556	ok	|	0.46	1.00	1.00	0.53	0.27	0	|	rapi	0.46	0.53	0	|	1.0	0.53(1)	0.53(1)	|	8494	
4579	557	ok	|	0.46	1.00	1.00	0.53	0.27	0	|	rapi	0.46	0.53	0	|	1.0	0.53(1)	0.53(1)	|	8494	
4579	558	ok	|	0.46	1.00	1.00	0.52	0.26	0	|	rapi	0.46	0.52	0	|	1.0	0.52(1)	0.52(1)	|	8494	
4579	559	ok	|	0.44	1.00	1.00	0.51	0.25	0	|	rapi	0.44	0.51	0	|	1.0	0.51(1)	0.51(1)	|	8494	
4579	560	ok	|	0.45	1.00	1.00	0.51	0.26	0	|	rapi	0.45	0.51	0	|	1.0	0.51(1)	0.51(1)	|	8494	
4579	561	ok	|	0.42	1.00	1.00	0.48	0.24	0	|	rapi	0.42	0.48	0	|	1.0	0.48(1)	0.48(1)	|	8494	
4579	562	ok	|	0.41	1.00	1.00	0.46	0.23	0	|	rapi	0.41	0.46	0	|	1.0	0.46(1)	0.46(1)	|	8494	
4579	563	ok	|	0.42	1.00	1.00	0.48	0.24	0	|	rapi	0.42	0.48	0	|	1.0	0.48(1)	0.48(1)	|	8494	
4579	564	ok	|	0.40	1.00	1.00	0.45	0.23	0	|	rapi	0.40	0.45	0	|	1.0	0.45(1)	0.45(1)	|	8494	
4579	565	ok	|	0.42	1.00	1.00	0.48	0.24	0	|	rapi	0.42	0.48	0	|	1.0	0.48(1)	0.48(1)	|	8494	
4579	566	ok	|	0.44	1.00	1.00	0.50	0.25	0	|	rapi	0.44	0.50	0	|	1.0	0.50(1)	0.50(1)	|	8494	
4579	567	ok	|	0.43	1.00	1.00	0.49	0.25	0	|	rapi	0.43	0.49	0	|	1.0	0.49(1)	0.49(1)	|	8494	
4579	568	ok	|	0.43	1.00	1.00	0.50	0.25	0	|	rapi	0.43	0.50	0	|	1.0	0.50(1)	0.50(1)	|	8494	
4579	569	ok	|	0.45	1.00	1.00	0.50	0.25	0	|	rapi	0.45	0.50	0	|	1.0	0.50(1)	0.50(1)	|	8494	
4579	570	ok	|	0.41	1.00	1.00	0.48	0.24	0	|	rapi	0.41	0.48	0	|	1.0	0.48(1)	0.48(1)	|	8494	
4579	571	ok	|	0.44	1.00	1.00	0.49	0.24	0	|	rapi	0.44	0.49	0	|	1.0	0.49(1)	0.49(1)	|	8494	
4579	572	ok	|	0.43	1.00	1.00	0.49	0.25	0	|	rapi	0.43	0.49	0	|	1.0	0.49(1)	0.49(1)	|	8494	
4579	573	ok	|	0.40	1.00	1.00	0.46	0.23	0	|	rapi	0.40	0.46	0	|	1.0	0.46(1)	0.46(1)	|	8494	
4579	574	ok	|	0.40	1.00	1.00	0.44	0.22	0	|	rapi	0.40	0.44	0	|	1.0	0.44(1)	0.44(1)	|	8494	
4579	575	ok	|	0.38	1.00	1.00	0.43	0.21	0	|	rapi	0.38	0.43	0	|	1.0	0.43(1)	0.43(1)	|	8494	
4579	576	ok	|	0.37	1.00	1.00	0.41	0.20	0	|	rapi	0.37	0.41	0	|	1.0	0.41(1)	0.41(1)	|	8494	
4579	577	ok	|	0.37	1.00	1.00	0.40	0.20	0	|	rapi	0.37	0.40	0	|	1.0	0.40(1)	0.40(1)	|	8494	
4579	578	ok	|	0.36	1.00	1.00	0.41	0.20	0	|	rapi	0.36	0.41	0	|	1.0	0.41(1)	0.41(1)	|	8494	
4579	579	ok	|	0.39	1.00	1.00	0.43	0.22	0	|	rapi	0.39	0.43	0	|	1.0	0.43(1)	0.43(1)	|	8494	
4579	580	ok	|	0.36	1.00	1.00	0.41	0.20	0	|	rapi	0.36	0.41	0	|	1.0	0.41(1)	0.41(1)	|	8494	
4579	581	ok	|	0.38	1.00	1.00	0.43	0.22	0	|	rapi	0.38	0.43	0	|	1.0	0.43(1)	0.43(1)	|	8494	
4579	582	ok	|	0.38	1.00	1.00	0.42	0.21	0	|	rapi	0.38	0.42	0	|	1.0	0.42(1)	0.42(1)	|	8494	
4579	583	ok	|	0.36	1.00	1.00	0.41	0.21	0	|	rapi	0.36	0.41	0	|	1.0	0.41(1)	0.41(1)	|	8494	
4579	584	ok	|	0.36	1.00	1.00	0.39	0.20	0	|	rapi	0.36	0.39	0	|	1.0	0.39(1)	0.39(1)	|	8494	
4579	585	ok	|	0.33	1.00	1.00	0.36	0.18	0	|	rapi	0.33	0.36	0	|	1.0	0.36(1)	0.36(1)	|	8494	
4579	586	ok	|	0.32	1.00	1.00	0.35	0.17	0	|	rapi	0.32	0.35	0	|	1.0	0.35(1)	0.35(1)	|	8494	
4579	587	ok	|	0.29	1.00	1.00	0.32	0.16	0	|	rapi	0.29	0.32	0	|	1.0	0.32(1)	0.32(1)	|	8494	
4579	588	ok	|	0.28	1.00	1.00	0.30	0.15	0	|	rapi	0.28	0.30	0	|	1.0	0.30(1)	0.30(1)	|	8494	
4579	589	ok	|	0.28	1.00	1.00	0.29	0.15	0	|	rapi	0.28	0.29	0	|	1.0	0.29(1)	0.29(1)	|	8494	
4579	590	ok	|	0.29	1.00	1.00	0.30	0.15	0	|	rapi	0.29	0.30	0	|	1.0	0.30(1)	0.30(1)	|	8494	
4579	591	ok	|	0.26	1.00	1.00	0.28	0.14	0	|	rapi	0.26	0.28	0	|	1.0	0.28(1)	0.28(1)	|	8494	
4579	592	ok	|	0.27	1.00	1.00	0.29	0.14	0	|	rapi	0.27	0.29	0	|	1.0	0.29(1)	0.29(1)	|	8494	
4579	593	ok	|	0.26	1.00	1.00	0.28	0.14	0	|	rapi	0.26	0.28	0	|	1.0	0.28(1)	0.28(1)	|	8494	
4579	594	ok	|	0.27	1.00	1.00	0.29	0.14	0	|	rapi	0.27	0.29	0	|	1.0	0.29(1)	0.29(1)	|	8494	
4579	595	ok	|	0.27	1.00	1.00	0.29	0.14	0	|	rapi	0.27	0.29	0	|	1.0	0.29(1)	0.29(1)	|	8494	
4579	596	ok	|	0.27	1.00	1.00	0.29	0.15	0	|	rapi	0.27	0.29	0	|	1.0	0.29(1)	0.29(1)	|	8494	
4579	597	ok	|	0.27	1.00	1.00	0.29	0.15	0	|	rapi	0.27	0.29	0	|	1.0	0.29(1)	0.29(1)	|	8494	
4579	598	ok	|	0.26	1.00	1.00	0.28	0.14	0	|	rapi	0.26	0.28	0	|	1.0	0.28(1)	0.28(1)	|	8494	
4579	599	ok	|	0.28	1.00	1.00	0.29	0.15	0	|	rapi	0.28	0.29	0	|	1.0	0.29(1)	0.29(1)	|	8494	
4579	600	ok	|	0.29	1.00	1.00	0.31	0.16	0	|	rapi	0.29	0.31	0	|	1.0	0.31(1)	0.31(1)	|	8494	
4579	601	ok	|	0.28	1.00	1.00	0.30	0.15	0	|	rapi	0.28	0.30	0	|	1.0	0.30(1)	0.30(1)	|	8494	
4579	602	ok	|	0.29	1.00	1.00	0.31	0.16	0	|	rapi	0.29	0.31	0	|	1.0	0.31(1)	0.31(1)	|	8494	
4579	603	ok	|	0.29	1.00	1.00	0.31	0.16	0	|	rapi	0.29	0.31	0	|	1.0	0.31(1)	0.31(1)	|	8494	
4579	604	ok	|	0.30	1.00	1.00	0.32	0.16	0	|	rapi	0.30	0.32	0	|	1.0	0.32(1)	0.32(1)	|	8494	
4579	605	ok	|	0.26	1.00	1.00	0.28	0.14	0	|	rapi	0.26	0.28	0	|	1.0	0.28(1)	0.28(1)	|	8494	
4579	606	ok	|	0.24	1.00	1.00	0.26	0.13	0	|	rapi	0.24	0.26	0	|	1.0	0.26(1)	0.26(1)	|	8494	
4579	607	ok	|	0.23	1.00	1.00	0.25	0.12	0	|	rapi	0.23	0.25	0	|	1.0	0.25(1)	0.25(1)	|	8494	
4579	608	ok	|	0.25	1.00	1.00	0.27	0.13	0	|	rapi	0.25	0.27	0	|	1.0	0.27(1)	0.27(1)	|	8494	
4579	609	ok	|	0.24	1.00	1.00	0.25	0.13	0	|	rapi	0.24	0.25	0	|	1.0	0.25(1)	0.25(1)	|	8494	
4579	610	ok	|	0.20	1.00	1.00	0.21	0.10	0	|	rapi	0.20	0.21	0	|	1.0	0.21(1)	0.21(1)	|	8494	
4579	611	ok	|	0.17	1.00	1.00	0.17	0.09	0	|	rapi	0.17	0.17	0	|	1.0	0.17(1)	0.17(1)	|	8494	
4579	612	ok	|	0.17	1.00	1.00	0.18	0.09	0	|	rapi	0.17	0.18	0	|	1.0	0.18(1)	0.18(1)	|	8494	
4579	613	ok	|	0.17	1.00	1.00	0.17	0.09	0	|	rapi	0.17	0.17	0	|	1.0	0.17(1)	0.17(1)	|	8494	
4579	614	ok	|	0.17	1.00	1.00	0.17	0.09	0	|	rapi	0.17	0.17	0	|	1.0	0.17(1)	0.17(1)	|	8494	
4579	615	ok	|	0.17	1.00	1.00	0.18	0.09	0	|	rapi	0.17	0.18	0	|	1.0	0.18(1)	0.18(1)	|	8494	
4579	616	ok	|	0.15	1.00	1.00	0.16	0.08	0	|	rapi	0.15	0.16	0	|	1.0	0.16(1)	0.16(1)	|	8494	
4579	617	ok	|	0.15	1.00	1.00	0.15	0.08	0	|	rapi	0.15	0.15	0	|	1.0	0.15(1)	0.15(1)	|	8494	
4579	618	ok	|	0.15	1.00	1.00	0.15	0.08	0	|	rapi	0.15	0.15	0	|	1.0	0.15(1)	0.15(1)	|	8494	
4579	619	ok	|	0.13	1.00	1.00	0.13	0.07	0	|	rapi	0.13	0.13	0	|	1.0	0.13(1)	0.13(1)	|	8494	
4579	620	ok	|	0.14	1.00	1.00	0.14	0.07	0	|	rapi	0.14	0.14	0	|	1.0	0.14(1)	0.14(1)	|	8494	
4579	621	ok	|	0.14	1.00	1.00	0.15	0.08	0	|	rapi	0.14	0.15	0	|	1.0	0.15(1)	0.15(1)	|	8494	
4579	622	ok	|	0.13	1.00	1.00	0.14	0.07	0	|	rapi	0.13	0.14	0	|	1.0	0.14(1)	0.14(1)	|	8494	
4579	623	ok	|	0.14	1.00	1.00	0.14	0.07	0	|	rapi	0.14	0.14	0	|	1.0	0.14(1)	0.14(1)	|	8494	
4579	624	ok	|	0.13	1.00	1.00	0.14	0.07	0	|	rapi	0.13	0.14	0	|	1.0	0.14(1)	0.14(1)	|	8494	
4579	625	ok	|	0.14	1.00	1.00	0.14	0.07	0	|	rapi	0.14	0.14	0	|	1.0	0.14(1)	0.14(1)	|	8494	
4579	626	ok	|	0.14	1.00	1.00	0.15	0.07	0	|	rapi	0.14	0.15	0	|	1.0	0.15(1)	0.15(1)	|	8494	
4579	627	ok	|	0.15	1.00	1.00	0.16	0.08	0	|	rapi	0.15	0.16	0	|	1.0	0.16(1)	0.16(1)	|	8494	
4579	628	ok	|	0.17	1.00	1.00	0.18	0.09	0	|	rapi	0.17	0.18	0	|	1.0	0.18(1)	0.18(1)	|	8494	
4579	629	ok	|	0.17	1.00	1.00	0.18	0.09	0	|	rapi	0.17	0.18	0	|	1.0	0.18(1)	0.18(1)	|	8494	
4579	630	ok	|	0.16	1.00	1.00	0.16	0.08	0	|	rapi	0.16	0.16	0	|	1.0	0.16(1)	0.16(1)	|	8494	
4579	631	ok	|	0.15	1.00	1.00	0.16	0.08	0	|	rapi	0.15	0.16	0	|	1.0	0.16(1)	0.16(1)	|	8494	
4579	632	ok	|	0.16	1.00	1.00	0.17	0.08	0	|	rapi	0.16	0.17	0	|	1.0	0.17(1)	0.17(1)	|	8494	
4579	633	ok	|	0.15	1.00	1.00	0.15	0.08	0	|	rapi	0.15	0.15	0	|	1.0	0.15(1)	0.15(1)	|	8494	
4579	634	ok	|	0.15	1.00	1.00	0.15	0.08	0	|	rapi	0.15	0.15	0	|	1.0	0.15(1)	0.15(1)	|	8494	
4579	635	ok	|	0.15	1.00	1.00	0.16	0.08	0	|	rapi	0.15	0.16	0	|	1.0	0.16(1)	0.16(1)	|	8494	
4579	636	ok	|	0.17	1.00	1.00	0.17	0.09	0	|	rapi	0.17	0.17	0	|	1.0	0.17(1)	0.17(1)	|	8494	
4579	637	ok	|	0.17	1.00	1.00	0.17	0.09	0	|	rapi	0.17	0.17	0	|	1.0	0.17(1)	0.17(1)	|	8494	
4579	638	ok	|	0.16	1.00	1.00	0.17	0.08	0	|	rapi	0.16	0.17	0	|	1.0	0.17(1)	0.17(1)	|	8494	
4579	639	ok	|	0.18	1.00	1.00	0.19	0.10	0	|	rapi	0.18	0.19	0	|	1.0	0.19(1)	0.19(1)	|	8494	
4579	640	ok	|	0.18	1.00	1.00	0.19	0.09	0	|	rapi	0.18	0.19	0	|	1.0	0.19(1)	0.19(1)	|	8494	
4579	641	ok	|	0.19	1.00	1.00	0.19	0.10	0	|	rapi	0.19	0.19	0	|	1.0	0.19(1)	0.19(1)	|	8494	
4579	642	ok	|	0.17	1.00	1.00	0.18	0.09	0	|	rapi	0.17	0.18	0	|	1.0	0.18(1)	0.18(1)	|	8494	
4579	643	ok	|	0.17	1.00	1.00	0.18	0.09	0	|	rapi	0.17	0.18	0	|	1.0	0.18(1)	0.18(1)	|	8494	
4579	644	ok	|	0.18	1.00	1.00	0.18	0.09	0	|	rapi	0.18	0.18	0	|	1.0	0.18(1)	0.18(1)	|	8494	
4579	645	ok	|	0.20	1.00	1.00	0.21	0.11	0	|	rapi	0.20	0.21	0	|	1.0	0.21(1)	0.21(1)	|	8494	
4579	646	ok	|	0.22	1.00	1.00	0.23	0.11	0	|	rapi	0.22	0.23	0	|	1.0	0.23(1)	0.23(1)	|	8494	
4579	647	ok	|	0.23	1.00	1.00	0.24	0.12	0	|	rapi	0.23	0.24	0	|	1.0	0.24(1)	0.24(1)	|	8494	
4579	648	ok	|	0.19	1.00	1.00	0.20	0.10	0	|	rapi	0.19	0.20	0	|	1.0	0.20(1)	0.20(1)	|	8494	
4579	649	ok	|	0.18	1.00	1.00	0.20	0.10	0	|	rapi	0.18	0.20	0	|	1.0	0.20(1)	0.20(1)	|	8494	
4579	650	ok	|	0.18	1.00	1.00	0.19	0.09	0	|	rapi	0.18	0.19	0	|	1.0	0.19(1)	0.19(1)	|	8494	
4579	651	ok	|	0.18	1.00	1.00	0.19	0.10	0	|	rapi	0.18	0.19	0	|	1.0	0.19(1)	0.19(1)	|	8494	
4579	652	ok	|	0.16	1.00	1.00	0.17	0.08	0	|	rapi	0.16	0.17	0	|	1.0	0.17(1)	0.17(1)	|	8494	
4579	653	ok	|	0.16	1.00	1.00	0.16	0.08	0	|	rapi	0.16	0.16	0	|	1.0	0.16(1)	0.16(1)	|	8494	
4579	654	ok	|	0.15	1.00	1.00	0.16	0.08	0	|	rapi	0.15	0.16	0	|	1.0	0.16(1)	0.16(1)	|	8494	
4579	655	ok	|	0.15	1.00	1.00	0.16	0.08	0	|	rapi	0.15	0.16	0	|	1.0	0.16(1)	0.16(1)	|	8494	
4579	656	ok	|	0.14	1.00	1.00	0.14	0.07	0	|	rapi	0.14	0.14	0	|	1.0	0.14(1)	0.14(1)	|	8494	
4579	657	ok	|	0.14	1.00	1.00	0.14	0.07	0	|	rapi	0.14	0.14	0	|	1.0	0.14(1)	0.14(1)	|	8494	
4579	658	ok	|	0.14	1.00	1.00	0.14	0.07	0	|	rapi	0.14	0.14	0	|	1.0	0.14(1)	0.14(1)	|	8494	
4579	659	ok	|	0.15	1.00	1.00	0.16	0.08	0	|	rapi	0.15	0.16	0	|	1.0	0.16(1)	0.16(1)	|	8494	
4579	660	ok	|	0.17	1.00	1.00	0.17	0.09	0	|	rapi	0.17	0.17	0	|	1.0	0.17(1)	0.17(1)	|	8494	
4579	661	ok	|	0.15	1.00	1.00	0.15	0.08	0	|	rapi	0.15	0.15	0	|	1.0	0.15(1)	0.15(1)	|	8494	
4579	662	ok	|	0.14	1.00	1.00	0.15	0.07	0	|	rapi	0.14	0.15	0	|	1.0	0.15(1)	0.15(1)	|	8494	
4579	663	ok	|	0.13	1.00	1.00	0.14	0.07	0	|	rapi	0.13	0.14	0	|	1.0	0.14(1)	0.14(1)	|	8494	
4579	664	ok	|	0.14	1.00	1.00	0.15	0.07	0	|	rapi	0.14	0.15	0	|	1.0	0.15(1)	0.15(1)	|	8494	
4579	665	ok	|	0.14	1.00	1.00	0.15	0.07	0	|	rapi	0.14	0.15	0	|	1.0	0.15(1)	0.15(1)	|	8494	
4579	666	ok	|	0.14	1.00	1.00	0.14	0.07	0	|	rapi	0.14	0.14	0	|	1.0	0.14(1)	0.14(1)	|	8494	
4579	667	ok	|	0.12	1.00	1.00	0.13	0.06	0	|	rapi	0.12	0.13	0	|	1.0	0.13(1)	0.13(1)	|	8494	
4579	668	ok	|	0.12	1.00	1.00	0.12	0.06	0	|	rapi	0.12	0.12	0	|	1.0	0.12(1)	0.12(1)	|	8494	
4579	669	ok	|	0.11	1.00	1.00	0.11	0.06	0	|	rapi	0.11	0.11	0	|	1.0	0.11(1)	0.11(1)	|	8494	
4579	670	ok	|	0.12	1.00	1.00	0.12	0.06	0	|	rapi	0.12	0.12	0	|	1.0	0.12(1)	0.12(1)	|	8494	
4579	671	ok	|	0.10	1.00	1.00	0.11	0.05	0	|	rapi	0.10	0.11	0	|	1.0	0.11(1)	0.11(1)	|	8494	
4579	672	ok	|	0.10	1.00	1.00	0.11	0.05	0	|	rapi	0.10	0.11	0	|	1.0	0.11(1)	0.11(1)	|	8494	
4579	673	ok	|	0.11	1.00	1.00	0.11	0.06	0	|	rapi	0.11	0.11	0	|	1.0	0.11(1)	0.11(1)	|	8494	
4579	674	ok	|	0.11	1.00	1.00	0.11	0.05	0	|	rapi	0.11	0.11	0	|	1.0	0.11(1)	0.11(1)	|	8494	
4579	675	ok	|	0.11	1.00	1.00	0.11	0.06	0	|	rapi	0.11	0.11	0	|	1.0	0.11(1)	0.11(1)	|	8494	
4579	676	ok	|	0.12	1.00	1.00	0.12	0.06	0	|	rapi	0.12	0.12	0	|	1.0	0.12(1)	0.12(1)	|	8494	
4579	677	ok	|	0.12	1.00	1.00	0.12	0.06	0	|	rapi	0.12	0.12	0	|	1.0	0.12(1)	0.12(1)	|	8494	
4579	678	ok	|	0.11	1.00	1.00	0.12	0.06	0	|	rapi	0.11	0.12	0	|	1.0	0.12(1)	0.12(1)	|	8494	
4579	679	ok	|	0.11	1.00	1.00	0.12	0.06	0	|	rapi	0.11	0.12	0	|	1.0	0.12(1)	0.12(1)	|	8494	
4579	680	ok	|	0.12	1.00	1.00	0.12	0.06	0	|	rapi	0.12	0.12	0	|	1.0	0.12(1)	0.12(1)	|	8494	
4579	681	ok	|	0.13	1.00	1.00	0.14	0.07	0	|	rapi	0.13	0.14	0	|	1.0	0.14(1)	0.14(1)	|	8494	
4579	682	ok	|	0.13	1.00	1.00	0.14	0.07	0	|	rapi	0.13	0.14	0	|	1.0	0.14(1)	0.14(1)	|	8494	
4579	683	ok	|	0.14	1.00	1.00	0.14	0.07	0	|	rapi	0.14	0.14	0	|	1.0	0.14(1)	0.14(1)	|	8494	
4579	684	ok	|	0.14	1.00	1.00	0.14	0.07	0	|	rapi	0.14	0.14	0	|	1.0	0.14(1)	0.14(1)	|	8494	
4579	685	ok	|	0.13	1.00	1.00	0.14	0.07	0	|	rapi	0.13	0.14	0	|	1.0	0.14(1)	0.14(1)	|	8494	
4579	686	ok	|	0.12	1.00	1.00	0.13	0.07	0	|	rapi	0.12	0.13	0	|	1.0	0.13(1)	0.13(1)	|	8494	
4579	687	ok	|	0.13	1.00	1.00	0.13	0.07	0	|	rapi	0.13	0.13	0	|	1.0	0.13(1)	0.13(1)	|	8494	
4579	688	ok	|	0.13	1.00	1.00	0.13	0.07	0	|	rapi	0.13	0.13	0	|	1.0	0.13(1)	0.13(1)	|	8494	
4579	689	ok	|	0.13	1.00	1.00	0.13	0.06	0	|	rapi	0.13	0.13	0	|	1.0	0.13(1)	0.13(1)	|	8494	
4579	690	ok	|	0.12	1.00	1.00	0.13	0.06	0	|	rapi	0.12	0.13	0	|	1.0	0.13(1)	0.13(1)	|	8494	
4579	691	ok	|	0.11	1.00	1.00	0.11	0.06	0	|	rapi	0.11	0.11	0	|	1.0	0.11(1)	0.11(1)	|	8494	
4579	692	ok	|	0.10	1.00	1.00	0.11	0.06	0	|	rapi	0.10	0.11	0	|	1.0	0.11(1)	0.11(1)	|	8494	
4579	693	ok	|	0.10	1.00	1.00	0.10	0.05	0	|	rapi	0.10	0.10	0	|	1.0	0.10(1)	0.10(1)	|	8494	
4579	694	ok	|	0.09	1.00	1.00	0.09	0.04	0	|	rapi	0.09	0.09	0	|	1.0	0.09(1)	0.09(1)	|	8494	
4579	695	ok	|	0.09	1.00	1.00	0.09	0.05	0	|	rapi	0.09	0.09	0	|	1.0	0.09(1)	0.09(1)	|	8494	
4579	696	ok	|	0.09	1.00	1.00	0.09	0.05	0	|	rapi	0.09	0.09	0	|	1.0	0.09(1)	0.09(1)	|	8494	
4579	697	ok	|	0.08	1.00	1.00	0.08	0.04	0	|	rapi	0.08	0.08	0	|	1.0	0.08(1)	0.08(1)	|	8494	
4579	698	ok	|	0.09	1.00	1.00	0.09	0.04	0	|	rapi	0.09	0.09	0	|	1.0	0.09(1)	0.09(1)	|	8494	
4579	699	ok	|	0.09	1.00	1.00	0.09	0.04	0	|	rapi	0.09	0.09	0	|	1.0	0.09(1)	0.09(1)	|	8494	
4579	700	ok	|	0.09	1.00	1.00	0.09	0.05	0	|	rapi	0.09	0.09	0	|	1.0	0.09(1)	0.09(1)	|	8494	
4579	701	ok	|	0.10	1.00	1.00	0.10	0.05	0	|	rapi	0.10	0.10	0	|	1.0	0.10(1)	0.10(1)	|	8494	
4579	702	ok	|	0.12	1.00	1.00	0.12	0.06	0	|	rapi	0.12	0.12	0	|	1.0	0.12(1)	0.12(1)	|	8494	
4579	703	ok	|	0.11	1.00	1.00	0.11	0.06	0	|	rapi	0.11	0.11	0	|	1.0	0.11(1)	0.11(1)	|	8494	
4579	704	ok	|	0.10	1.00	1.00	0.10	0.05	0	|	rapi	0.10	0.10	0	|	1.0	0.10(1)	0.10(1)	|	8494	
4579	705	ok	|	0.10	1.00	1.00	0.10	0.05	0	|	rapi	0.10	0.10	0	|	1.0	0.10(1)	0.10(1)	|	8494	
4579	706	ok	|	0.08	1.00	1.00	0.09	0.04	0	|	rapi	0.08	0.09	0	|	1.0	0.09(1)	0.09(1)	|	8494	
4579	707	ok	|	0.07	1.00	1.00	0.07	0.04	0	|	rapi	0.07	0.07	0	|	1.0	0.07(1)	0.07(1)	|	8494	
4579	708	ok	|	0.06	1.00	1.00	0.06	0.03	0	|	rapi	0.06	0.06	0	|	1.0	0.06(1)	0.06(1)	|	8494	
4579	709	ok	|	0.07	1.00	1.00	0.07	0.04	0	|	rapi	0.07	0.07	0	|	1.0	0.07(1)	0.07(1)	|	8494	
4579	710	ok	|	0.09	1.00	1.00	0.09	0.05	0	|	rapi	0.09	0.09	0	|	1.0	0.09(1)	0.09(1)	|	8494	
4579	711	ok	|	0.10	1.00	1.00	0.10	0.05	0	|	rapi	0.10	0.10	0	|	1.0	0.10(1)	0.10(1)	|	8494	
4579	712	ok	|	0.11	1.00	1.00	0.11	0.05	0	|	rapi	0.11	0.11	0	|	1.0	0.11(1)	0.11(1)	|	8494	
4579	713	ok	|	0.10	1.00	1.00	0.10	0.05	0	|	rapi	0.10	0.10	0	|	1.0	0.10(1)	0.10(1)	|	8494	
4579	714	ok	|	0.09	1.00	1.00	0.09	0.04	0	|	rapi	0.09	0.09	0	|	1.0	0.09(1)	0.09(1)	|	8494	
4579	715	ok	|	0.08	1.00	1.00	0.09	0.04	0	|	rapi	0.08	0.09	0	|	1.0	0.09(1)	0.09(1)	|	8494	
4579	716	ok	|	0.09	1.00	1.00	0.09	0.04	0	|	rapi	0.09	0.09	0	|	1.0	0.09(1)	0.09(1)	|	8494	
4579	717	ok	|	0.10	1.00	1.00	0.10	0.05	0	|	rapi	0.10	0.10	0	|	1.0	0.10(1)	0.10(1)	|	8494	
4579	718	ok	|	0.10	1.00	1.00	0.10	0.05	0	|	rapi	0.10	0.10	0	|	1.0	0.10(1)	0.10(1)	|	8494	
4579	719	ok	|	0.10	1.00	1.00	0.10	0.05	0	|	rapi	0.10	0.10	0	|	1.0	0.10(1)	0.10(1)	|	8494	
4579	720	ok	|	0.10	1.00	1.00	0.10	0.05	0	|	rapi	0.10	0.10	0	|	1.0	0.10(1)	0.10(1)	|	8494	
4579	721	ok	|	0.09	1.00	1.00	0.09	0.04	0	|	rapi	0.09	0.09	0	|	1.0	0.09(1)	0.09(1)	|	8494	
4579	722	ok	|	0.08	1.00	1.00	0.08	0.04	0	|	rapi	0.08	0.08	0	|	1.0	0.08(1)	0.08(1)	|	8494	
4579	723	ok	|	0.08	1.00	1.00	0.09	0.04	0	|	rapi	0.08	0.09	0	|	1.0	0.09(1)	0.09(1)	|	8494	
4579	724	ok	|	0.08	1.00	1.00	0.09	0.04	0	|	rapi	0.08	0.09	0	|	1.0	0.09(1)	0.09(1)	|	8494	
4579	725	ok	|	0.07	1.00	1.00	0.07	0.04	0	|	rapi	0.07	0.07	0	|	1.0	0.07(1)	0.07(1)	|	8494	
4579	726	ok	|	0.07	1.00	1.00	0.07	0.04	0	|	rapi	0.07	0.07	0	|	1.0	0.07(1)	0.07(1)	|	8494	
4579	727	ok	|	0.07	1.00	1.00	0.07	0.04	0	|	rapi	0.07	0.07	0	|	1.0	0.07(1)	0.07(1)	|	8494	
4579	728	ok	|	0.07	1.00	1.00	0.07	0.03	0	|	rapi	0.07	0.07	0	|	1.0	0.07(1)	0.07(1)	|	8494	
4579	729	ok	|	0.07	1.00	1.00	0.07	0.04	0	|	rapi	0.07	0.07	0	|	1.0	0.07(1)	0.07(1)	|	8494	
4579	730	ok	|	0.08	1.00	1.00	0.08	0.04	0	|	rapi	0.08	0.08	0	|	1.0	0.08(1)	0.08(1)	|	8494	
4579	731	ok	|	0.08	1.00	1.00	0.08	0.04	0	|	rapi	0.08	0.08	0	|	1.0	0.08(1)	0.08(1)	|	8494	
4579	732	ok	|	0.08	1.00	1.00	0.08	0.04	0	|	rapi	0.08	0.08	0	|	1.0	0.08(1)	0.08(1)	|	8494	
4579	733	ok	|	0.09	1.00	1.00	0.09	0.04	0	|	rapi	0.09	0.09	0	|	1.0	0.09(1)	0.09(1)	|	8494	
4579	734	ok	|	0.08	1.00	1.00	0.08	0.04	0	|	rapi	0.08	0.08	0	|	1.0	0.08(1)	0.08(1)	|	8494	
4579	735	ok	|	0.09	1.00	1.00	0.10	0.05	0	|	rapi	0.09	0.10	0	|	1.0	0.10(1)	0.10(1)	|	8494	
4579	736	ok	|	0.09	1.00	1.00	0.09	0.05	0	|	rapi	0.09	0.09	0	|	1.0	0.09(1)	0.09(1)	|	8494	
4579	737	ok	|	0.10	1.00	1.00	0.10	0.05	0	|	rapi	0.10	0.10	0	|	1.0	0.10(1)	0.10(1)	|	8494	
4579	738	ok	|	0.10	1.00	1.00	0.10	0.05	0	|	rapi	0.10	0.10	0	|	1.0	0.10(1)	0.10(1)	|	8494	
4579	739	ok	|	0.11	1.00	1.00	0.11	0.06	0	|	rapi	0.11	0.11	0	|	1.0	0.11(1)	0.11(1)	|	8494	
4579	740	ok	|	0.11	1.00	1.00	0.12	0.06	0	|	rapi	0.11	0.12	0	|	1.0	0.12(1)	0.12(1)	|	8494	
4579	741	ok	|	0.12	1.00	1.00	0.12	0.06	0	|	rapi	0.12	0.12	0	|	1.0	0.12(1)	0.12(1)	|	8494	
4579	742	ok	|	0.12	1.00	1.00	0.13	0.06	0	|	rapi	0.12	0.13	0	|	1.0	0.13(1)	0.13(1)	|	8494	
4579	743	ok	|	0.11	1.00	1.00	0.11	0.06	0	|	rapi	0.11	0.11	0	|	1.0	0.11(1)	0.11(1)	|	8494	
4579	744	ok	|	0.11	1.00	1.00	0.12	0.06	0	|	rapi	0.11	0.12	0	|	1.0	0.12(1)	0.12(1)	|	8494	
4579	745	ok	|	0.11	1.00	1.00	0.11	0.06	0	|	rapi	0.11	0.11	0	|	1.0	0.11(1)	0.11(1)	|	8494	
4579	746	ok	|	0.11	1.00	1.00	0.11	0.05	0	|	rapi	0.11	0.11	0	|	1.0	0.11(1)	0.11(1)	|	8494	
4579	747	ok	|	0.09	1.00	1.00	0.09	0.05	0	|	rapi	0.09	0.09	0	|	1.0	0.09(1)	0.09(1)	|	8494	
4579	748	ok	|	0.08	1.00	1.00	0.08	0.04	0	|	rapi	0.08	0.08	0	|	1.0	0.08(1)	0.08(1)	|	8494	
4579	749	ok	|	0.08	1.00	1.00	0.08	0.04	0	|	rapi	0.08	0.08	0	|	1.0	0.08(1)	0.08(1)	|	8494	
4579	750	ok	|	0.08	1.00	1.00	0.08	0.04	0	|	rapi	0.08	0.08	0	|	1.0	0.08(1)	0.08(1)	|	8494	
4579	751	ok	|	0.10	1.00	1.00	0.10	0.05	0	|	rapi	0.10	0.10	0	|	1.0	0.10(1)	0.10(1)	|	8494	
4579	752	ok	|	0.11	1.00	1.00	0.12	0.06	0	|	rapi	0.11	0.12	0	|	1.0	0.12(1)	0.12(1)	|	8494	
4579	753	ok	|	0.11	1.00	1.00	0.12	0.06	0	|	rapi	0.11	0.12	0	|	1.0	0.12(1)	0.12(1)	|	8494	
4579	754	ok	|	0.12	1.00	1.00	0.12	0.06	0	|	rapi	0.12	0.12	0	|	1.0	0.12(1)	0.12(1)	|	8494	
4579	755	ok	|	0.11	1.00	1.00	0.11	0.06	0	|	rapi	0.11	0.11	0	|	1.0	0.11(1)	0.11(1)	|	8494	
4579	756	ok	|	0.12	1.00	1.00	0.12	0.06	0	|	rapi	0.12	0.12	0	|	1.0	0.12(1)	0.12(1)	|	8494	
4579	757	ok	|	0.12	1.00	1.00	0.12	0.06	0	|	rapi	0.12	0.12	0	|	1.0	0.12(1)	0.12(1)	|	8494	
4579	758	ok	|	0.13	1.00	1.00	0.13	0.07	0	|	rapi	0.13	0.13	0	|	1.0	0.13(1)	0.13(1)	|	8494	
4579	759	ok	|	0.12	1.00	1.00	0.13	0.06	0	|	rapi	0.12	0.13	0	|	1.0	0.13(1)	0.13(1)	|	8494	
4579	760	ok	|	0.12	1.00	1.00	0.12	0.06	0	|	rapi	0.12	0.12	0	|	1.0	0.12(1)	0.12(1)	|	8494	
4579	761	ok	|	0.12	1.00	1.00	0.12	0.06	0	|	rapi	0.12	0.12	0	|	1.0	0.12(1)	0.12(1)	|	8494	
4579	762	ok	|	0.13	1.00	1.00	0.13	0.07	0	|	rapi	0.13	0.13	0	|	1.0	0.13(1)	0.13(1)	|	8494	
4579	763	ok	|	0.11	1.00	1.00	0.11	0.05	0	|	rapi	0.11	0.11	0	|	1.0	0.11(1)	0.11(1)	|	8494	
4579	764	ok	|	0.09	1.00	1.00	0.09	0.05	0	|	rapi	0.09	0.09	0	|	1.0	0.09(1)	0.09(1)	|	8494	
4579	765	ok	|	0.09	1.00	1.00	0.09	0.05	0	|	rapi	0.09	0.09	0	|	1.0	0.09(1)	0.09(1)	|	8494	
4579	766	ok	|	0.10	1.00	1.00	0.10	0.05	0	|	rapi	0.10	0.10	0	|	1.0	0.10(1)	0.10(1)	|	8494	
4579	767	ok	|	0.10	1.00	1.00	0.10	0.05	0	|	rapi	0.10	0.10	0	|	1.0	0.10(1)	0.10(1)	|	8494	
4579	768	ok	|	0.09	1.00	1.00	0.10	0.05	0	|	rapi	0.09	0.10	0	|	1.0	0.10(1)	0.10(1)	|	8494	
4579	769	ok	|	0.08	1.00	1.00	0.09	0.04	0	|	rapi	0.08	0.09	0	|	1.0	0.09(1)	0.09(1)	|	8494	
4579	770	ok	|	0.08	1.00	1.00	0.08	0.04	0	|	rapi	0.08	0.08	0	|	1.0	0.08(1)	0.08(1)	|	8494	
4579	771	ok	|	0.07	1.00	1.00	0.07	0.04	0	|	rapi	0.07	0.07	0	|	1.0	0.07(1)	0.07(1)	|	8494	
4579	772	ok	|	0.07	1.00	1.00	0.07	0.04	0	|	rapi	0.07	0.07	0	|	1.0	0.07(1)	0.07(1)	|	8494	
4579	773	ok	|	0.06	1.00	1.00	0.07	0.03	0	|	rapi	0.06	0.07	0	|	1.0	0.07(1)	0.07(1)	|	8494	
4579	774	ok	|	0.07	1.00	1.00	0.07	0.03	0	|	rapi	0.07	0.07	0	|	1.0	0.07(1)	0.07(1)	|	8494	
4579	775	ok	|	0.07	1.00	1.00	0.07	0.04	0	|	rapi	0.07	0.07	0	|	1.0	0.07(1)	0.07(1)	|	8494	
4579	776	ok	|	0.06	1.00	1.00	0.06	0.03	0	|	rapi	0.06	0.06	0	|	1.0	0.06(1)	0.06(1)	|	8494	
4579	777	ok	|	0.05	1.00	1.00	0.05	0.03	0	|	rapi	0.05	0.05	0	|	1.0	0.05(1)	0.05(1)	|	8494	
4579	778	ok	|	0.04	1.00	1.00	0.04	0.02	0	|	rapi	0.04	0.04	0	|	1.0	0.04(1)	0.04(1)	|	8494	
4579	779	ok	|	0.04	1.00	1.00	0.04	0.02	0	|	rapi	0.04	0.04	0	|	1.0	0.04(1)	0.04(1)	|	8494	
4579	780	ok	|	0.04	1.00	1.00	0.04	0.02	0	|	rapi	0.04	0.04	0	|	1.0	0.04(1)	0.04(1)	|	8494	
4579	781	ok	|	0.04	1.00	1.00	0.04	0.02	0	|	rapi	0.04	0.04	0	|	1.0	0.04(1)	0.04(1)	|	8494	
4579	782	ok	|	0.04	1.00	1.00	0.04	0.02	0	|	rapi	0.04	0.04	0	|	1.0	0.04(1)	0.04(1)	|	8494	
4579	783	ok	|	0.04	1.00	1.00	0.04	0.02	0	|	rapi	0.04	0.04	0	|	1.0	0.04(1)	0.04(1)	|	8494	
4579	784	ok	|	0.03	1.00	1.00	0.03	0.02	0	|	rapi	0.03	0.03	0	|	1.0	0.03(1)	0.03(1)	|	8494	
4579	785	ok	|	0.04	1.00	1.00	0.04	0.02	0	|	rapi	0.04	0.04	0	|	1.0	0.04(1)	0.04(1)	|	8494	
4579	786	ok	|	0.04	1.00	1.00	0.04	0.02	0	|	rapi	0.04	0.04	0	|	1.0	0.04(1)	0.04(1)	|	8494	
4579	787	ok	|	0.03	1.00	1.00	0.03	0.01	0	|	rapi	0.03	0.03	0	|	1.0	0.03(1)	0.03(1)	|	8494	
4579	788	ok	|	0.03	1.00	1.00	0.03	0.02	0	|	rapi	0.03	0.03	0	|	1.0	0.03(1)	0.03(1)	|	8494	
4579	789	ok	|	0.03	1.00	1.00	0.03	0.02	0	|	rapi	0.03	0.03	0	|	1.0	0.03(1)	0.03(1)	|	8494	
4579	790	ok	|	0.03	1.00	1.00	0.03	0.02	0	|	rapi	0.03	0.03	0	|	1.0	0.03(1)	0.03(1)	|	8494	
4579	791	ok	|	0.04	1.00	1.00	0.04	0.02	0	|	rapi	0.04	0.04	0	|	1.0	0.04(1)	0.04(1)	|	8494	
4579	792	ok	|	0.04	1.00	1.00	0.04	0.02	0	|	rapi	0.04	0.04	0	|	1.0	0.04(1)	0.04(1)	|	8494	
4579	793	ok	|	0.04	1.00	1.00	0.04	0.02	0	|	rapi	0.04	0.04	0	|	1.0	0.04(1)	0.04(1)	|	8494	
4579	794	ok	|	0.04	1.00	1.00	0.04	0.02	0	|	rapi	0.04	0.04	0	|	1.0	0.04(1)	0.04(1)	|	8494	
4579	795	ok	|	0.03	1.00	1.00	0.03	0.02	0	|	rapi	0.03	0.03	0	|	1.0	0.03(1)	0.03(1)	|	8494	
4579	796	ok	|	0.04	1.00	1.00	0.04	0.02	0	|	rapi	0.04	0.04	0	|	1.0	0.04(1)	0.04(1)	|	8494	
4579	797	ok	|	0.04	1.00	1.00	0.04	0.02	0	|	rapi	0.04	0.04	0	|	1.0	0.04(1)	0.04(1)	|	8494	
4579	798	ok	|	0.04	1.00	1.00	0.04	0.02	0	|	rapi	0.04	0.04	0	|	1.0	0.04(1)	0.04(1)	|	8494	
4579	799	ok	|	0.05	1.00	1.00	0.05	0.02	0	|	rapi	0.05	0.05	0	|	1.0	0.05(1)	0.05(1)	|	8494	
4579	800	ok	|	0.05	1.00	1.00	0.05	0.02	0	|	rapi	0.05	0.05	0	|	1.0	0.05(1)	0.05(1)	|	8494	
4579	801	ok	|	0.04	1.00	1.00	0.04	0.02	0	|	rapi	0.04	0.04	0	|	1.0	0.04(1)	0.04(1)	|	8494	
4579	802	ok	|	0.03	1.00	1.00	0.03	0.02	0	|	rapi	0.03	0.03	0	|	1.0	0.03(1)	0.03(1)	|	8494	
4579	803	ok	|	0.03	1.00	1.00	0.03	0.02	0	|	rapi	0.03	0.03	0	|	1.0	0.03(1)	0.03(1)	|	8494	
4579	804	ok	|	0.04	1.00	1.00	0.04	0.02	0	|	rapi	0.04	0.04	0	|	1.0	0.04(1)	0.04(1)	|	8494	
4579	805	ok	|	0.04	1.00	1.00	0.04	0.02	0	|	rapi	0.04	0.04	0	|	1.0	0.04(1)	0.04(1)	|	8494	
4579	806	ok	|	0.04	1.00	1.00	0.04	0.02	0	|	rapi	0.04	0.04	0	|	1.0	0.04(1)	0.04(1)	|	8494	
4579	807	ok	|	0.03	1.00	1.00	0.03	0.02	0	|	rapi	0.03	0.03	0	|	1.0	0.03(1)	0.03(1)	|	8494	
4579	808	ok	|	0.04	1.00	1.00	0.04	0.02	0	|	rapi	0.04	0.04	0	|	1.0	0.04(1)	0.04(1)	|	8494	
4579	809	ok	|	0.05	1.00	1.00	0.05	0.02	0	|	rapi	0.05	0.05	0	|	1.0	0.05(1)	0.05(1)	|	8494	
4579	810	ok	|	0.05	1.00	1.00	0.05	0.02	0	|	rapi	0.05	0.05	0	|	1.0	0.05(1)	0.05(1)	|	8494	
4579	811	ok	|	0.05	1.00	1.00	0.05	0.02	0	|	rapi	0.05	0.05	0	|	1.0	0.05(1)	0.05(1)	|	8494	
4579	812	ok	|	0.04	1.00	1.00	0.04	0.02	0	|	rapi	0.04	0.04	0	|	1.0	0.04(1)	0.04(1)	|	8494	
4579	813	ok	|	0.03	1.00	1.00	0.03	0.02	0	|	rapi	0.03	0.03	0	|	1.0	0.03(1)	0.03(1)	|	8494	
4579	814	ok	|	0.04	1.00	1.00	0.04	0.02	0	|	rapi	0.04	0.04	0	|	1.0	0.04(1)	0.04(1)	|	8494	
4579	815	ok	|	0.03	1.00	1.00	0.03	0.02	0	|	rapi	0.03	0.03	0	|	1.0	0.03(1)	0.03(1)	|	8494	
4579	816	ok	|	0.03	1.00	1.00	0.03	0.01	0	|	rapi	0.03	0.03	0	|	1.0	0.03(1)	0.03(1)	|	8494	
4579	817	ok	|	0.03	1.00	1.00	0.03	0.01	0	|	rapi	0.03	0.03	0	|	1.0	0.03(1)	0.03(1)	|	8494	
4579	818	ok	|	0.03	1.00	1.00	0.03	0.02	0	|	rapi	0.03	0.03	0	|	1.0	0.03(1)	0.03(1)	|	8494	
4579	819	ok	|	0.02	1.00	1.00	0.02	0.01	0	|	rapi	0.02	0.02	0	|	1.0	0.02(1)	0.02(1)	|	8494	
4579	820	ok	|	0.01	1.00	1.00	0.01	0.01	0	|	rapi	0.01	0.01	0	|	1.0	0.01(1)	0.01(1)	|	8494	
4579	821	ok	|	0.01	1.00	1.00	0.01	0.01	0	|	rapi	0.01	0.01	0	|	1.0	0.01(1)	0.01(1)	|	8494	
4579	822	ok	|	0.01	1.00	1.00	0.01	0.01	0	|	rapi	0.01	0.01	0	|	1.0	0.01(1)	0.01(1)	|	8494	
4579	823	ok	|	0.01	1.00	1.00	0.01	0.01	0	|	rapi	0.01	0.01	0	|	1.0	0.01(1)	0.01(1)	|	8494	
4579	824	ok	|	0.01	1.00	1.00	0.01	0.00	0	|	rapi	0.01	0.01	0	|	1.0	0.01(1)	0.01(1)	|	8494	
4579	825	ok	|	0.01	1.00	1.00	0.01	0.00	0	|	rapi	0.01	0.01	0	|	1.0	0.01(1)	0.01(1)	|	8494	
4579	826	ok	|	0.00	1.00	1.00	0.00	0.00	0	|	rapi	0.00	0.00	0	|	1.0	0.00(1)	0.00(1)	|	8494	
4579	827	ok	|	0.00	1.00	1.00	0.00	0.00	0	|	rapi	0.00	0.00	0	|	1.0	0.00(1)	0.00(1)	|	8494	
4579	828	ok	|	0.00	1.00	1.00	0.00	0.00	0	|	rapi	0.00	0.00	0	|	1.0	0.00(1)	0.00(1)	|	8494	
4579	829	ok	|	0.00	1.00	1.00	0.00	0.00	0	|	rapi	0.00	0.00	0	|	1.0	0.00(1)	0.00(1)	|	8494	
4579	830	ok	|	0.01	1.00	1.00	0.01	0.00	0	|	rapi	0.01	0.01	0	|	1.0	0.01(1)	0.01(1)	|	8494	
4579	831	ok	|	0.00	1.00	1.00	0.00	0.00	0	|	rapi	0.00	0.00	0	|	1.0	0.00(1)	0.00(1)	|	8494	
4579	832	ok	|	0.00	1.00	1.00	0.00	0.00	0	|	rapi	0.00	0.00	0	|	1.0	0.00(1)	0.00(1)	|	8494	
4579	833	ok	|	0.00	1.00	1.00	0.00	0.00	0	|	rapi	0.00	0.00	0	|	1.0	0.00(1)	0.00(1)	|	8494	
4579	834	ok	|	0.01	1.00	1.00	0.01	0.00	0	|	rapi	0.01	0.01	0	|	1.0	0.01(1)	0.01(1)	|	8494	
4579	835	ok	|	0.01	1.00	1.00	0.01	0.00	0	|	rapi	0.01	0.01	0	|	1.0	0.01(1)	0.01(1)	|	8494	
4579	836	ok	|	0.01	1.00	1.00	0.01	0.00	0	|	rapi	0.01	0.01	0	|	1.0	0.01(1)	0.01(1)	|	8494	
4579	837	ok	|	0.01	1.00	1.00	0.01	0.01	0	|	rapi	0.01	0.01	0	|	1.0	0.01(1)	0.01(1)	|	8494	
4579	838	ok	|	0.01	1.00	1.00	0.01	0.01	0	|	rapi	0.01	0.01	0	|	1.0	0.01(1)	0.01(1)	|	8494	
4579	839	ok	|	0.01	1.00	1.00	0.01	0.00	0	|	rapi	0.01	0.01	0	|	1.0	0.01(1)	0.01(1)	|	8494	
4579	840	ok	|	0.01	1.00	1.00	0.01	0.00	0	|	rapi	0.01	0.01	0	|	1.0	0.01(1)	0.01(1)	|	8494	
4579	841	ok	|	0.01	1.00	1.00	0.01	0.00	0	|	rapi	0.01	0.01	0	|	1.0	0.01(1)	0.01(1)	|	8494	
4579	842	ok	|	0.01	1.00	1.00	0.01	0.01	0	|	rapi	0.01	0.01	0	|	1.0	0.01(1)	0.01(1)	|	8494	
4579	843	ok	|	0.01	1.00	1.00	0.01	0.00	0	|	rapi	0.01	0.01	0	|	1.0	0.01(1)	0.01(1)	|	8494	
4579	844	ok	|	0.01	1.00	1.00	0.01	0.00	0	|	rapi	0.01	0.01	0	|	1.0	0.01(1)	0.01(1)	|	8494	
4579	845	ok	|	0.02	1.00	1.00	0.02	0.01	0	|	rapi	0.02	0.02	0	|	1.0	0.02(1)	0.02(1)	|	8494	
4579	846	ok	|	0.01	1.00	1.00	0.01	0.01	0	|	rapi	0.01	0.01	0	|	1.0	0.01(1)	0.01(1)	|	8494	
4579	847	ok	|	0.02	1.00	1.00	0.02	0.01	0	|	rapi	0.02	0.02	0	|	1.0	0.02(1)	0.02(1)	|	8494	
4579	848	ok	|	0.01	1.00	1.00	0.01	0.01	0	|	rapi	0.01	0.01	0	|	1.0	0.01(1)	0.01(1)	|	8494	
4579	849	ok	|	0.01	1.00	1.00	0.01	0.01	0	|	rapi	0.01	0.01	0	|	1.0	0.01(1)	0.01(1)	|	8494	
4579	850	ok	|	0.01	1.00	1.00	0.01	0.01	0	|	rapi	0.01	0.01	0	|	1.0	0.01(1)	0.01(1)	|	8494	
4579	851	ok	|	0.02	1.00	1.00	0.02	0.01	0	|	rapi	0.02	0.02	0	|	1.0	0.02(1)	0.02(1)	|	8494	
4579	852	ok	|	0.02	1.00	1.00	0.02	0.01	0	|	rapi	0.02	0.02	0	|	1.0	0.02(1)	0.02(1)	|	8494	
4579	853	ok	|	0.02	1.00	1.00	0.02	0.01	0	|	rapi	0.02	0.02	0	|	1.0	0.02(1)	0.02(1)	|	8494	
4579	854	ok	|	0.02	1.00	1.00	0.02	0.01	0	|	rapi	0.02	0.02	0	|	1.0	0.02(1)	0.02(1)	|	8494	
4579	855	ok	|	0.01	1.00	1.00	0.01	0.01	0	|	rapi	0.01	0.01	0	|	1.0	0.01(1)	0.01(1)	|	8494	
4579	856	ok	|	0.02	1.00	1.00	0.02	0.01	0	|	rapi	0.02	0.02	0	|	1.0	0.02(1)	0.02(1)	|	8494	
4579	857	ok	|	0.01	1.00	1.00	0.01	0.01	0	|	rapi	0.01	0.01	0	|	1.0	0.01(1)	0.01(1)	|	8494	
4579	858	ok	|	0.01	1.00	1.00	0.01	0.01	0	|	rapi	0.01	0.01	0	|	1.0	0.01(1)	0.01(1)	|	8494	
4579	859	ok	|	0.01	1.00	1.00	0.01	0.00	0	|	rapi	0.01	0.01	0	|	1.0	0.01(1)	0.01(1)	|	8494	
4579	860	ok	|	0.01	1.00	1.00	0.01	0.01	0	|	rapi	0.01	0.01	0	|	1.0	0.01(1)	0.01(1)	|	8494	
4579	861	ok	|	0.01	1.00	1.00	0.01	0.01	0	|	rapi	0.01	0.01	0	|	1.0	0.01(1)	0.01(1)	|	8494	
4579	862	ok	|	0.01	1.00	1.00	0.01	0.01	0	|	rapi	0.01	0.01	0	|	1.0	0.01(1)	0.01(1)	|	8494	
4579	863	ok	|	0.01	1.00	1.00	0.01	0.01	0	|	rapi	0.01	0.01	0	|	1.0	0.01(1)	0.01(1)	|	8494	
4579	864	ok	|	0.02	1.00	1.00	0.02	0.01	0	|	rapi	0.02	0.02	0	|	1.0	0.02(1)	0.02(1)	|	8494	
4579	865	ok	|	0.03	1.00	1.00	0.03	0.01	0	|	rapi	0.03	0.03	0	|	1.0	0.03(1)	0.03(1)	|	8494	
4579	866	ok	|	0.03	1.00	1.00	0.03	0.01	0	|	rapi	0.03	0.03	0	|	1.0	0.03(1)	0.03(1)	|	8494	
4579	867	ok	|	0.03	1.00	1.00	0.03	0.01	0	|	rapi	0.03	0.03	0	|	1.0	0.03(1)	0.03(1)	|	8494	
4579	868	ok	|	0.03	1.00	1.00	0.03	0.02	0	|	rapi	0.03	0.03	0	|	1.0	0.03(1)	0.03(1)	|	8494	
4579	869	ok	|	0.03	1.00	1.00	0.03	0.01	0	|	rapi	0.03	0.03	0	|	1.0	0.03(1)	0.03(1)	|	8494	
4579	870	ok	|	0.04	1.00	1.00	0.04	0.02	0	|	rapi	0.04	0.04	0	|	1.0	0.04(1)	0.04(1)	|	8494	
4579	871	ok	|	0.03	1.00	1.00	0.03	0.01	0	|	rapi	0.03	0.03	0	|	1.0	0.03(1)	0.03(1)	|	8494	
4579	872	ok	|	0.03	1.00	1.00	0.03	0.02	0	|	rapi	0.03	0.03	0	|	1.0	0.03(1)	0.03(1)	|	8494	
4579	873	ok	|	0.03	1.00	1.00	0.03	0.02	0	|	rapi	0.03	0.03	0	|	1.0	0.03(1)	0.03(1)	|	8494	
4579	874	ok	|	0.03	1.00	1.00	0.03	0.01	0	|	rapi	0.03	0.03	0	|	1.0	0.03(1)	0.03(1)	|	8494	
4579	875	ok	|	0.03	1.00	1.00	0.03	0.01	0	|	rapi	0.03	0.03	0	|	1.0	0.03(1)	0.03(1)	|	8494	
4579	876	ok	|	0.03	1.00	1.00	0.03	0.02	0	|	rapi	0.03	0.03	0	|	1.0	0.03(1)	0.03(1)	|	8494	
4579	877	ok	|	0.03	1.00	1.00	0.03	0.02	0	|	rapi	0.03	0.03	0	|	1.0	0.03(1)	0.03(1)	|	8494	
4579	878	ok	|	0.03	1.00	1.00	0.03	0.02	0	|	rapi	0.03	0.03	0	|	1.0	0.03(1)	0.03(1)	|	8494	
4579	879	ok	|	0.03	1.00	1.00	0.03	0.01	0	|	rapi	0.03	0.03	0	|	1.0	0.03(1)	0.03(1)	|	8494	
4579	880	ok	|	0.02	1.00	1.00	0.02	0.01	0	|	rapi	0.02	0.02	0	|	1.0	0.02(1)	0.02(1)	|	8494	
4579	881	ok	|	0.02	1.00	1.00	0.02	0.01	0	|	rapi	0.02	0.02	0	|	1.0	0.02(1)	0.02(1)	|	8494	
4579	882	ok	|	0.02	1.00	1.00	0.02	0.01	0	|	rapi	0.02	0.02	0	|	1.0	0.02(1)	0.02(1)	|	8494	
4579	883	ok	|	0.02	1.00	1.00	0.02	0.01	0	|	rapi	0.02	0.02	0	|	1.0	0.02(1)	0.02(1)	|	8494	
4579	884	ok	|	0.02	1.00	1.00	0.02	0.01	0	|	rapi	0.02	0.02	0	|	1.0	0.02(1)	0.02(1)	|	8494	
4579	885	ok	|	0.02	1.00	1.00	0.02	0.01	0	|	rapi	0.02	0.02	0	|	1.0	0.02(1)	0.02(1)	|	8494	
4579	886	ok	|	0.02	1.00	1.00	0.02	0.01	0	|	rapi	0.02	0.02	0	|	1.0	0.02(1)	0.02(1)	|	8494	
4579	887	ok	|	0.03	1.00	1.00	0.03	0.01	0	|	rapi	0.03	0.03	0	|	1.0	0.03(1)	0.03(1)	|	8494	
4579	888	ok	|	0.03	1.00	1.00	0.03	0.01	0	|	rapi	0.03	0.03	0	|	1.0	0.03(1)	0.03(1)	|	8494	
4579	889	ok	|	0.03	1.00	1.00	0.03	0.02	0	|	rapi	0.03	0.03	0	|	1.0	0.03(1)	0.03(1)	|	8494	
4579	890	ok	|	0.04	1.00	1.00	0.04	0.02	0	|	rapi	0.04	0.04	0	|	1.0	0.04(1)	0.04(1)	|	8494	
4579	891	ok	|	0.04	1.00	1.00	0.04	0.02	0	|	rapi	0.04	0.04	0	|	1.0	0.04(1)	0.04(1)	|	8494	
4579	892	ok	|	0.04	1.00	1.00	0.04	0.02	0	|	rapi	0.04	0.04	0	|	1.0	0.04(1)	0.04(1)	|	8494	
4579	893	ok	|	0.04	1.00	1.00	0.04	0.02	0	|	rapi	0.04	0.04	0	|	1.0	0.04(1)	0.04(1)	|	8494	
4579	894	ok	|	0.04	1.00	1.00	0.04	0.02	0	|	rapi	0.04	0.04	0	|	1.0	0.04(1)	0.04(1)	|	8494	
4579	895	ok	|	0.04	1.00	1.00	0.05	0.02	0	|	rapi	0.04	0.05	0	|	1.0	0.05(1)	0.05(1)	|	8494	
4579	896	ok	|	0.04	1.00	1.00	0.04	0.02	0	|	rapi	0.04	0.04	0	|	1.0	0.04(1)	0.04(1)	|	8494	
4579	897	ok	|	0.03	1.00	1.00	0.03	0.01	0	|	rapi	0.03	0.03	0	|	1.0	0.03(1)	0.03(1)	|	8494	
4579	898	ok	|	0.03	1.00	1.00	0.03	0.02	0	|	rapi	0.03	0.03	0	|	1.0	0.03(1)	0.03(1)	|	8494	
4579	899	ok	|	0.03	1.00	1.00	0.03	0.02	0	|	rapi	0.03	0.03	0	|	1.0	0.03(1)	0.03(1)	|	8494	
4579	900	ok	|	0.03	1.00	1.00	0.03	0.02	0	|	rapi	0.03	0.03	0	|	1.0	0.03(1)	0.03(1)	|	8494	
4579	901	ok	|	0.03	1.00	1.00	0.03	0.01	0	|	rapi	0.03	0.03	0	|	1.0	0.03(1)	0.03(1)	|	8494	
4579	902	ok	|	0.03	1.00	1.00	0.03	0.02	0	|	rapi	0.03	0.03	0	|	1.0	0.03(1)	0.03(1)	|	8494	
4579	903	ok	|	0.03	1.00	1.00	0.03	0.01	0	|	rapi	0.03	0.03	0	|	1.0	0.03(1)	0.03(1)	|	8494	
4579	904	ok	|	0.04	1.00	1.00	0.04	0.02	0	|	rapi	0.04	0.04	0	|	1.0	0.04(1)	0.04(1)	|	8494	
4579	905	ok	|	0.03	1.00	1.00	0.03	0.01	0	|	rapi	0.03	0.03	0	|	1.0	0.03(1)	0.03(1)	|	8494	
4579	906	ok	|	0.03	1.00	1.00	0.03	0.02	0	|	rapi	0.03	0.03	0	|	1.0	0.03(1)	0.03(1)	|	8494	
4579	907	ok	|	0.04	1.00	1.00	0.04	0.02	0	|	rapi	0.04	0.04	0	|	1.0	0.04(1)	0.04(1)	|	8494	
4579	908	ok	|	0.04	1.00	1.00	0.04	0.02	0	|	rapi	0.04	0.04	0	|	1.0	0.04(1)	0.04(1)	|	8494	
4579	909	ok	|	0.04	1.00	1.00	0.04	0.02	0	|	rapi	0.04	0.04	0	|	1.0	0.04(1)	0.04(1)	|	8494	
4579	910	ok	|	0.04	1.00	1.00	0.04	0.02	0	|	rapi	0.04	0.04	0	|	1.0	0.04(1)	0.04(1)	|	8494	
4579	911	ok	|	0.04	1.00	1.00	0.04	0.02	0	|	rapi	0.04	0.04	0	|	1.0	0.04(1)	0.04(1)	|	8494	
4579	912	ok	|	0.04	1.00	1.00	0.04	0.02	0	|	rapi	0.04	0.04	0	|	1.0	0.04(1)	0.04(1)	|	8494	
4579	913	ok	|	0.05	1.00	1.00	0.05	0.02	0	|	rapi	0.05	0.05	0	|	1.0	0.05(1)	0.05(1)	|	8494	
4579	914	ok	|	0.05	1.00	1.00	0.05	0.03	0	|	rapi	0.05	0.05	0	|	1.0	0.05(1)	0.05(1)	|	8494	
4579	915	ok	|	0.06	1.00	1.00	0.06	0.03	0	|	rapi	0.06	0.06	0	|	1.0	0.06(1)	0.06(1)	|	8494	
4579	916	ok	|	0.06	1.00	1.00	0.06	0.03	0	|	rapi	0.06	0.06	0	|	1.0	0.06(1)	0.06(1)	|	8494	
4579	917	ok	|	0.06	1.00	1.00	0.06	0.03	0	|	rapi	0.06	0.06	0	|	1.0	0.06(1)	0.06(1)	|	8494	
4579	918	ok	|	0.07	1.00	1.00	0.07	0.03	0	|	rapi	0.07	0.07	0	|	1.0	0.07(1)	0.07(1)	|	8494	
4579	919	ok	|	0.07	1.00	1.00	0.07	0.03	0	|	rapi	0.07	0.07	0	|	1.0	0.07(1)	0.07(1)	|	8494	
4579	920	ok	|	0.08	1.00	1.00	0.08	0.04	0	|	rapi	0.08	0.08	0	|	1.0	0.08(1)	0.08(1)	|	8494	
4579	921	ok	|	0.08	1.00	1.00	0.08	0.04	0	|	rapi	0.08	0.08	0	|	1.0	0.08(1)	0.08(1)	|	8494	
4579	922	ok	|	0.08	1.00	1.00	0.08	0.04	0	|	rapi	0.08	0.08	0	|	1.0	0.08(1)	0.08(1)	|	8494	
4579	923	ok	|	0.08	1.00	1.00	0.08	0.04	0	|	rapi	0.08	0.08	0	|	1.0	0.08(1)	0.08(1)	|	8494	
4579	924	ok	|	0.09	1.00	1.00	0.09	0.05	0	|	rapi	0.09	0.09	0	|	1.0	0.09(1)	0.09(1)	|	8494	
4579	925	ok	|	0.09	1.00	1.00	0.10	0.05	0	|	rapi	0.09	0.10	0	|	1.0	0.10(1)	0.10(1)	|	8494	
4579	926	ok	|	0.07	1.00	1.00	0.08	0.04	0	|	rapi	0.07	0.08	0	|	1.0	0.08(1)	0.08(1)	|	8494	
4579	927	ok	|	0.06	1.00	1.00	0.06	0.03	0	|	rapi	0.06	0.06	0	|	1.0	0.06(1)	0.06(1)	|	8494	
4579	928	ok	|	0.05	1.00	1.00	0.05	0.03	0	|	rapi	0.05	0.05	0	|	1.0	0.05(1)	0.05(1)	|	8494	
4579	929	ok	|	0.05	1.00	1.00	0.05	0.02	0	|	rapi	0.05	0.05	0	|	1.0	0.05(1)	0.05(1)	|	8494	
4579	930	ok	|	0.04	1.00	1.00	0.04	0.02	0	|	rapi	0.04	0.04	0	|	1.0	0.04(1)	0.04(1)	|	8494	
4579	931	ok	|	0.05	1.00	1.00	0.05	0.03	0	|	rapi	0.05	0.05	0	|	1.0	0.05(1)	0.05(1)	|	8494	
4579	932	ok	|	0.05	1.00	1.00	0.05	0.02	0	|	rapi	0.05	0.05	0	|	1.0	0.05(1)	0.05(1)	|	8494	
4579	933	ok	|	0.06	1.00	1.00	0.06	0.03	0	|	rapi	0.06	0.06	0	|	1.0	0.06(1)	0.06(1)	|	8494	
4579	934	ok	|	0.07	1.00	1.00	0.07	0.04	0	|	rapi	0.07	0.07	0	|	1.0	0.07(1)	0.07(1)	|	8494	
4579	935	ok	|	0.07	1.00	1.00	0.07	0.04	0	|	rapi	0.07	0.07	0	|	1.0	0.07(1)	0.07(1)	|	8494	
4579	936	ok	|	0.07	1.00	1.00	0.07	0.04	0	|	rapi	0.07	0.07	0	|	1.0	0.07(1)	0.07(1)	|	8494	
4579	937	ok	|	0.06	1.00	1.00	0.06	0.03	0	|	rapi	0.06	0.06	0	|	1.0	0.06(1)	0.06(1)	|	8494	
4579	938	ok	|	0.06	1.00	1.00	0.07	0.03	0	|	rapi	0.06	0.07	0	|	1.0	0.07(1)	0.07(1)	|	8494	
4579	939	ok	|	0.07	1.00	1.00	0.07	0.03	0	|	rapi	0.07	0.07	0	|	1.0	0.07(1)	0.07(1)	|	8494	
4579	940	ok	|	0.08	1.00	1.00	0.08	0.04	0	|	rapi	0.08	0.08	0	|	1.0	0.08(1)	0.08(1)	|	8494	
4579	941	ok	|	0.09	1.00	1.00	0.09	0.05	0	|	rapi	0.09	0.09	0	|	1.0	0.09(1)	0.09(1)	|	8494	
4579	942	ok	|	0.09	1.00	1.00	0.09	0.04	0	|	rapi	0.09	0.09	0	|	1.0	0.09(1)	0.09(1)	|	8494	
4579	943	ok	|	0.08	1.00	1.00	0.08	0.04	0	|	rapi	0.08	0.08	0	|	1.0	0.08(1)	0.08(1)	|	8494	
4579	944	ok	|	0.09	1.00	1.00	0.09	0.04	0	|	rapi	0.09	0.09	0	|	1.0	0.09(1)	0.09(1)	|	8494	
4579	945	ok	|	0.09	1.00	1.00	0.10	0.05	0	|	rapi	0.09	0.10	0	|	1.0	0.10(1)	0.10(1)	|	8494	
4579	946	ok	|	0.10	1.00	1.00	0.10	0.05	0	|	rapi	0.10	0.10	0	|	1.0	0.10(1)	0.10(1)	|	8494	
4579	947	ok	|	0.10	1.00	1.00	0.10	0.05	0	|	rapi	0.10	0.10	0	|	1.0	0.10(1)	0.10(1)	|	8494	
4579	948	ok	|	0.11	1.00	1.00	0.11	0.05	0	|	rapi	0.11	0.11	0	|	1.0	0.11(1)	0.11(1)	|	8494	
4579	949	ok	|	0.10	1.00	1.00	0.11	0.05	0	|	rapi	0.10	0.11	0	|	1.0	0.11(1)	0.11(1)	|	8494	
4579	950	ok	|	0.09	1.00	1.00	0.10	0.05	0	|	rapi	0.09	0.10	0	|	1.0	0.10(1)	0.10(1)	|	8494	
4579	951	ok	|	0.11	1.00	1.00	0.11	0.06	0	|	rapi	0.11	0.11	0	|	1.0	0.11(1)	0.11(1)	|	8494	
4579	952	ok	|	0.11	1.00	1.00	0.11	0.05	0	|	rapi	0.11	0.11	0	|	1.0	0.11(1)	0.11(1)	|	8494	
4579	953	ok	|	0.11	1.00	1.00	0.11	0.06	0	|	rapi	0.11	0.11	0	|	1.0	0.11(1)	0.11(1)	|	8494	
4579	954	ok	|	0.10	1.00	1.00	0.10	0.05	0	|	rapi	0.10	0.10	0	|	1.0	0.10(1)	0.10(1)	|	8494	
4579	955	ok	|	0.10	1.00	1.00	0.10	0.05	0	|	rapi	0.10	0.10	0	|	1.0	0.10(1)	0.10(1)	|	8494	
4579	956	ok	|	0.10	1.00	1.00	0.10	0.05	0	|	rapi	0.10	0.10	0	|	1.0	0.10(1)	0.10(1)	|	8494	
4579	957	ok	|	0.09	1.00	1.00	0.09	0.05	0	|	rapi	0.09	0.09	0	|	1.0	0.09(1)	0.09(1)	|	8494	
4579	958	ok	|	0.09	1.00	1.00	0.09	0.05	0	|	rapi	0.09	0.09	0	|	1.0	0.09(1)	0.09(1)	|	8494	
4579	959	ok	|	0.09	1.00	1.00	0.09	0.04	0	|	rapi	0.09	0.09	0	|	1.0	0.09(1)	0.09(1)	|	8494	
4579	960	ok	|	0.09	1.00	1.00	0.09	0.05	0	|	rapi	0.09	0.09	0	|	1.0	0.09(1)	0.09(1)	|	8494	
4579	961	ok	|	0.09	1.00	1.00	0.09	0.04	0	|	rapi	0.09	0.09	0	|	1.0	0.09(1)	0.09(1)	|	8494	
4579	962	ok	|	0.10	1.00	1.00	0.10	0.05	0	|	rapi	0.10	0.10	0	|	1.0	0.10(1)	0.10(1)	|	8494	
4579	963	ok	|	0.10	1.00	1.00	0.10	0.05	0	|	rapi	0.10	0.10	0	|	1.0	0.10(1)	0.10(1)	|	8494	
4579	964	ok	|	0.10	1.00	1.00	0.10	0.05	0	|	rapi	0.10	0.10	0	|	1.0	0.10(1)	0.10(1)	|	8494	
4579	965	ok	|	0.10	1.00	1.00	0.11	0.05	0	|	rapi	0.10	0.11	0	|	1.0	0.11(1)	0.11(1)	|	8494	
4579	966	ok	|	0.11	1.00	1.00	0.11	0.06	0	|	rapi	0.11	0.11	0	|	1.0	0.11(1)	0.11(1)	|	8494	
4579	967	ok	|	0.11	1.00	1.00	0.11	0.06	0	|	rapi	0.11	0.11	0	|	1.0	0.11(1)	0.11(1)	|	8494	
4579	968	ok	|	0.11	1.00	1.00	0.11	0.06	0	|	rapi	0.11	0.11	0	|	1.0	0.11(1)	0.11(1)	|	8494	
4579	969	ok	|	0.10	1.00	1.00	0.10	0.05	0	|	rapi	0.10	0.10	0	|	1.0	0.10(1)	0.10(1)	|	8494	
4579	970	ok	|	0.08	1.00	1.00	0.08	0.04	0	|	rapi	0.08	0.08	0	|	1.0	0.08(1)	0.08(1)	|	8494	
4579	971	ok	|	0.09	1.00	1.00	0.10	0.05	0	|	rapi	0.09	0.10	0	|	1.0	0.10(1)	0.10(1)	|	8494	
4579	972	ok	|	0.09	1.00	1.00	0.09	0.04	0	|	rapi	0.09	0.09	0	|	1.0	0.09(1)	0.09(1)	|	8494	
4579	973	ok	|	0.08	1.00	1.00	0.09	0.04	0	|	rapi	0.08	0.09	0	|	1.0	0.09(1)	0.09(1)	|	8494	
4579	974	ok	|	0.08	1.00	1.00	0.08	0.04	0	|	rapi	0.08	0.08	0	|	1.0	0.08(1)	0.08(1)	|	8494	
4579	975	ok	|	0.10	1.00	1.00	0.10	0.05	0	|	rapi	0.10	0.10	0	|	1.0	0.10(1)	0.10(1)	|	8494	
4579	976	ok	|	0.10	1.00	1.00	0.10	0.05	0	|	rapi	0.10	0.10	0	|	1.0	0.10(1)	0.10(1)	|	8494	
4579	977	ok	|	0.10	1.00	1.00	0.10	0.05	0	|	rapi	0.10	0.10	0	|	1.0	0.10(1)	0.10(1)	|	8494	
4579	978	ok	|	0.09	1.00	1.00	0.09	0.05	0	|	rapi	0.09	0.09	0	|	1.0	0.09(1)	0.09(1)	|	8494	
4579	979	ok	|	0.11	1.00	1.00	0.11	0.05	0	|	rapi	0.11	0.11	0	|	1.0	0.11(1)	0.11(1)	|	8494	
4579	980	ok	|	0.11	1.00	1.00	0.11	0.06	0	|	rapi	0.11	0.11	0	|	1.0	0.11(1)	0.11(1)	|	8494	
4579	981	ok	|	0.11	1.00	1.00	0.11	0.06	0	|	rapi	0.11	0.11	0	|	1.0	0.11(1)	0.11(1)	|	8494	
4579	982	ok	|	0.10	1.00	1.00	0.10	0.05	0	|	rapi	0.10	0.10	0	|	1.0	0.10(1)	0.10(1)	|	8494	
4579	983	ok	|	0.10	1.00	1.00	0.10	0.05	0	|	rapi	0.10	0.10	0	|	1.0	0.10(1)	0.10(1)	|	8494	
4579	984	ok	|	0.10	1.00	1.00	0.11	0.05	0	|	rapi	0.10	0.11	0	|	1.0	0.11(1)	0.11(1)	|	8494	
4579	985	ok	|	0.11	1.00	1.00	0.11	0.06	0	|	rapi	0.11	0.11	0	|	1.0	0.11(1)	0.11(1)	|	8494	
4579	986	ok	|	0.10	1.00	1.00	0.10	0.05	0	|	rapi	0.10	0.10	0	|	1.0	0.10(1)	0.10(1)	|	8494	
4579	987	ok	|	0.09	1.00	1.00	0.09	0.05	0	|	rapi	0.09	0.09	0	|	1.0	0.09(1)	0.09(1)	|	8494	
4579	988	ok	|	0.10	1.00	1.00	0.10	0.05	0	|	rapi	0.10	0.10	0	|	1.0	0.10(1)	0.10(1)	|	8494	
4579	989	ok	|	0.10	1.00	1.00	0.11	0.05	0	|	rapi	0.10	0.11	0	|	1.0	0.11(1)	0.11(1)	|	8494	
4579	990	ok	|	0.10	1.00	1.00	0.10	0.05	0	|	rapi	0.10	0.10	0	|	1.0	0.10(1)	0.10(1)	|	8494	
4579	991	ok	|	0.10	1.00	1.00	0.10	0.05	0	|	rapi	0.10	0.10	0	|	1.0	0.10(1)	0.10(1)	|	8494	
4579	992	ok	|	0.09	1.00	1.00	0.09	0.04	0	|	rapi	0.09	0.09	0	|	1.0	0.09(1)	0.09(1)	|	8494	
4579	993	ok	|	0.07	1.00	1.00	0.07	0.03	0	|	rapi	0.07	0.07	0	|	1.0	0.07(1)	0.07(1)	|	8494	
4579	994	ok	|	0.07	1.00	1.00	0.07	0.04	0	|	rapi	0.07	0.07	0	|	1.0	0.07(1)	0.07(1)	|	8494	
4579	995	ok	|	0.07	1.00	1.00	0.07	0.04	0	|	rapi	0.07	0.07	0	|	1.0	0.07(1)	0.07(1)	|	8494	
4579	996	ok	|	0.07	1.00	1.00	0.07	0.03	0	|	rapi	0.07	0.07	0	|	1.0	0.07(1)	0.07(1)	|	8494	
4579	997	ok	|	0.07	1.00	1.00	0.07	0.03	0	|	rapi	0.07	0.07	0	|	1.0	0.07(1)	0.07(1)	|	8494	
4579	998	ok	|	0.06	1.00	1.00	0.06	0.03	0	|	rapi	0.06	0.06	0	|	1.0	0.06(1)	0.06(1)	|	8494	
4579	999	ok	|	0.06	1.00	1.00	0.06	0.03	0	|	rapi	0.06	0.06	0	|	1.0	0.06(1)	0.06(1)	|	8494	
4579	1000	ok	|	0.05	1.00	1.00	0.05	0.03	0	|	rapi	0.05	0.05	0	|	1.0	0.05(1)	0.05(1)	|	8494	
4579	1001	ok	|	0.04	1.00	1.00	0.04	0.02	0	|	rapi	0.04	0.04	0	|	1.0	0.04(1)	0.04(1)	|	8494	
4579	1002	ok	|	0.03	1.00	1.00	0.03	0.02	0	|	rapi	0.03	0.03	0	|	1.0	0.03(1)	0.03(1)	|	8494	
4579	1003	ok	|	0.04	1.00	1.00	0.04	0.02	0	|	rapi	0.04	0.04	0	|	1.0	0.04(1)	0.04(1)	|	8494	
4579	1004	ok	|	0.04	1.00	1.00	0.04	0.02	0	|	rapi	0.04	0.04	0	|	1.0	0.04(1)	0.04(1)	|	8494	
4579	1005	ok	|	0.03	1.00	1.00	0.03	0.02	0	|	rapi	0.03	0.03	0	|	1.0	0.03(1)	0.03(1)	|	8494	
4579	1006	ok	|	0.03	1.00	1.00	0.03	0.01	0	|	rapi	0.03	0.03	0	|	1.0	0.03(1)	0.03(1)	|	8494	
4579	1007	ok	|	0.04	1.00	1.00	0.04	0.02	0	|	rapi	0.04	0.04	0	|	1.0	0.04(1)	0.04(1)	|	8494	
4579	1008	ok	|	0.04	1.00	1.00	0.04	0.02	0	|	rapi	0.04	0.04	0	|	1.0	0.04(1)	0.04(1)	|	8494	
4579	1009	ok	|	0.04	1.00	1.00	0.04	0.02	0	|	rapi	0.04	0.04	0	|	1.0	0.04(1)	0.04(1)	|	8494	
4579	1010	ok	|	0.04	1.00	1.00	0.04	0.02	0	|	rapi	0.04	0.04	0	|	1.0	0.04(1)	0.04(1)	|	8494	
4579	1011	ok	|	0.04	1.00	1.00	0.04	0.02	0	|	rapi	0.04	0.04	0	|	1.0	0.04(1)	0.04(1)	|	8494	
4579	1012	ok	|	0.04	1.00	1.00	0.04	0.02	0	|	rapi	0.04	0.04	0	|	1.0	0.04(1)	0.04(1)	|	8494	
4579	1013	ok	|	0.04	1.00	1.00	0.04	0.02	0	|	rapi	0.04	0.04	0	|	1.0	0.04(1)	0.04(1)	|	8494	
4579	1014	ok	|	0.04	1.00	1.00	0.04	0.02	0	|	rapi	0.04	0.04	0	|	1.0	0.04(1)	0.04(1)	|	8494	
4579	1015	ok	|	0.05	1.00	1.00	0.05	0.02	0	|	rapi	0.05	0.05	0	|	1.0	0.05(1)	0.05(1)	|	8494	
4579	1016	ok	|	0.04	1.00	1.00	0.04	0.02	0	|	rapi	0.04	0.04	0	|	1.0	0.04(1)	0.04(1)	|	8494	
4579	1017	ok	|	0.03	1.00	1.00	0.03	0.02	0	|	rapi	0.03	0.03	0	|	1.0	0.03(1)	0.03(1)	|	8494	
4579	1018	ok	|	0.04	1.00	1.00	0.04	0.02	0	|	rapi	0.04	0.04	0	|	1.0	0.04(1)	0.04(1)	|	8494	
4579	1019	ok	|	0.03	1.00	1.00	0.03	0.02	0	|	rapi	0.03	0.03	0	|	1.0	0.03(1)	0.03(1)	|	8494	
4579	1020	ok	|	0.03	1.00	1.00	0.03	0.02	0	|	rapi	0.03	0.03	0	|	1.0	0.03(1)	0.03(1)	|	8494	
4579	1021	ok	|	0.03	1.00	1.00	0.03	0.01	0	|	rapi	0.03	0.03	0	|	1.0	0.03(1)	0.03(1)	|	8494	
4579	1022	ok	|	0.04	1.00	1.00	0.04	0.02	0	|	rapi	0.04	0.04	0	|	1.0	0.04(1)	0.04(1)	|	8494	
4579	1023	ok	|	0.04	1.00	1.00	0.04	0.02	0	|	rapi	0.04	0.04	0	|	1.0	0.04(1)	0.04(1)	|	8494	
4579	1024	ok	|	0.03	1.00	1.00	0.03	0.01	0	|	rapi	0.03	0.03	0	|	1.0	0.03(1)	0.03(1)	|	8494	
4579	1025	ok	|	0.03	1.00	1.00	0.03	0.02	0	|	rapi	0.03	0.03	0	|	1.0	0.03(1)	0.03(1)	|	8494	
4579	1026	ok	|	0.03	1.00	1.00	0.03	0.01	0	|	rapi	0.03	0.03	0	|	1.0	0.03(1)	0.03(1)	|	8494	
4579	1027	ok	|	0.02	1.00	1.00	0.02	0.01	0	|	rapi	0.02	0.02	0	|	1.0	0.02(1)	0.02(1)	|	8494	
4579	1028	ok	|	0.02	1.00	1.00	0.02	0.01	0	|	rapi	0.02	0.02	0	|	1.0	0.02(1)	0.02(1)	|	8494	
4579	1029	ok	|	0.02	1.00	1.00	0.02	0.01	0	|	rapi	0.02	0.02	0	|	1.0	0.02(1)	0.02(1)	|	8494	
4579	1030	ok	|	0.01	1.00	1.00	0.01	0.01	0	|	rapi	0.01	0.01	0	|	1.0	0.01(1)	0.01(1)	|	8494	
4579	1031	ok	|	0.01	1.00	1.00	0.01	0.01	0	|	rapi	0.01	0.01	0	|	1.0	0.01(1)	0.01(1)	|	8494	
4579	1032	ok	|	0.01	1.00	1.00	0.01	0.01	0	|	rapi	0.01	0.01	0	|	1.0	0.01(1)	0.01(1)	|	8494	
4579	1033	ok	|	0.00	1.00	1.00	0.00	0.00	0	|	rapi	0.00	0.00	0	|	1.0	0.00(1)	0.00(1)	|	8494	
4579	1034	ok	|	0.00	1.00	1.00	0.00	0.00	0	|	rapi	0.00	0.00	0	|	1.0	0.00(1)	0.00(1)	|	8494	
4579	1035	ok	|	0.00	1.00	1.00	0.00	0.00	0	|	rapi	0.00	0.00	0	|	1.0	0.00(1)	0.00(1)	|	8494	
4579	1036	fail-0	|	0.00	1.00	1.00	0.00	NaN	0	|	rapi	0.00	0.00	0	|	NaN			|	8494	
