4673	0	ok	|	0.09	1.00	1.00	0.10	0.00	0	|	rapi	0.09	0.10	0	|	62.0	0.10(62)	0.10(62)	|	7850	
4673	1	ok	|	0.11	1.00	1.00	0.11	0.00	0	|	rapi	0.10	0.11	0	|	62.0	0.11(62)	0.11(62)	|	7850	
4673	2	ok	|	0.11	1.00	1.00	0.11	0.00	0	|	rapi	0.11	0.11	0	|	62.0	0.11(62)	0.11(62)	|	7850	
4673	3	ok	|	0.10	1.00	1.00	0.11	0.00	0	|	rapi	0.10	0.11	0	|	62.0	0.11(62)	0.11(62)	|	7850	
4673	4	ok	|	0.12	1.00	1.00	0.12	0.00	0	|	rapi	0.12	0.12	0	|	62.0	0.12(62)	0.12(62)	|	7850	
4673	5	ok	|	0.12	1.00	1.00	0.13	0.00	0	|	rapi	0.12	0.12	0	|	62.0	0.13(62)	0.12(62)	|	7850	
4673	6	ok	|	0.13	1.00	1.00	0.14	0.00	0	|	rapi	0.13	0.13	0	|	62.0	0.14(62)	0.13(62)	|	7850	
4673	7	ok	|	0.13	1.00	1.00	0.14	0.00	0	|	rapi	0.13	0.14	0	|	62.0	0.14(62)	0.14(62)	|	7850	
4673	8	ok	|	0.13	1.00	1.00	0.14	0.00	0	|	rapi	0.13	0.13	0	|	62.0	0.14(62)	0.13(62)	|	7850	
4673	9	ok	|	0.14	1.00	1.00	0.15	0.00	0	|	rapi	0.14	0.14	0	|	62.0	0.15(62)	0.14(62)	|	7850	
4673	10	ok	|	0.15	1.00	1.00	0.16	0.00	0	|	rapi	0.15	0.16	0	|	62.0	0.16(62)	0.16(62)	|	7850	
4673	11	ok	|	0.13	1.00	1.00	0.14	0.00	0	|	rapi	0.13	0.14	0	|	62.0	0.14(62)	0.14(62)	|	7850	
4673	12	ok	|	0.12	1.00	1.00	0.13	0.00	0	|	rapi	0.12	0.13	0	|	62.0	0.13(62)	0.13(62)	|	7850	
4673	13	ok	|	0.12	1.00	1.00	0.13	0.00	0	|	rapi	0.12	0.13	0	|	62.0	0.13(62)	0.13(62)	|	7850	
4673	14	ok	|	0.13	1.00	1.00	0.14	0.00	0	|	rapi	0.13	0.14	0	|	62.0	0.14(62)	0.14(62)	|	7850	
4673	15	ok	|	0.12	1.00	1.00	0.13	0.00	0	|	rapi	0.12	0.13	0	|	62.0	0.13(62)	0.13(62)	|	7850	
4673	16	ok	|	0.13	1.00	1.00	0.14	0.00	0	|	rapi	0.13	0.14	0	|	62.0	0.14(62)	0.14(62)	|	7850	
4673	17	ok	|	0.14	1.00	1.00	0.15	0.01	0	|	rapi	0.14	0.15	0	|	62.0	0.15(62)	0.15(62)	|	7850	
4673	18	ok	|	0.13	1.00	1.00	0.14	0.01	0	|	rapi	0.13	0.14	0	|	62.0	0.14(62)	0.14(62)	|	7850	
4673	19	ok	|	0.13	1.00	1.00	0.14	0.01	0	|	rapi	0.13	0.14	0	|	62.0	0.14(62)	0.14(62)	|	7850	
4673	20	ok	|	0.14	1.00	1.00	0.14	0.01	0	|	rapi	0.14	0.14	0	|	62.0	0.14(62)	0.14(62)	|	7850	
4673	21	ok	|	0.13	1.00	1.00	0.14	0.01	0	|	rapi	0.13	0.14	0	|	62.0	0.14(62)	0.14(62)	|	7850	
4673	22	ok	|	0.13	1.00	1.00	0.14	0.01	0	|	rapi	0.13	0.14	0	|	62.0	0.14(62)	0.14(62)	|	7850	
4673	23	ok	|	0.14	1.00	1.00	0.15	0.01	0	|	rapi	0.14	0.15	0	|	62.0	0.15(62)	0.15(62)	|	7850	
4673	24	ok	|	0.14	1.00	1.00	0.15	0.01	0	|	rapi	0.14	0.15	0	|	62.0	0.15(62)	0.15(62)	|	7850	
4673	25	ok	|	0.14	1.00	1.00	0.16	0.01	0	|	rapi	0.14	0.16	0	|	62.0	0.16(62)	0.16(62)	|	7850	
4673	26	ok	|	0.15	1.00	1.00	0.17	0.01	0	|	rapi	0.15	0.17	0	|	62.0	0.17(62)	0.17(62)	|	7850	
4673	27	ok	|	0.16	1.00	1.00	0.17	0.01	0	|	rapi	0.16	0.17	0	|	62.0	0.17(62)	0.17(62)	|	7850	
4673	28	ok	|	0.17	1.00	1.00	0.18	0.01	0	|	rapi	0.17	0.18	0	|	62.0	0.18(62)	0.18(62)	|	7850	
4673	29	ok	|	0.16	1.00	1.00	0.18	0.01	0	|	rapi	0.16	0.18	0	|	62.0	0.18(62)	0.18(62)	|	7850	
4673	30	ok	|	0.17	1.00	1.00	0.18	0.01	0	|	rapi	0.17	0.18	0	|	62.0	0.18(62)	0.18(62)	|	7850	
4673	31	ok	|	0.17	1.00	1.00	0.18	0.01	0	|	rapi	0.17	0.18	0	|	62.0	0.18(62)	0.18(62)	|	7850	
4673	32	ok	|	0.15	1.00	1.00	0.16	0.01	0	|	rapi	0.15	0.16	0	|	62.0	0.16(62)	0.16(62)	|	7850	
4673	33	ok	|	0.14	1.00	1.00	0.15	0.01	0	|	rapi	0.14	0.15	0	|	62.0	0.15(62)	0.15(62)	|	7850	
4673	34	ok	|	0.16	1.00	1.00	0.18	0.01	0	|	rapi	0.16	0.18	0	|	62.0	0.18(62)	0.18(62)	|	7850	
4673	35	ok	|	0.17	1.00	1.00	0.19	0.01	0	|	rapi	0.17	0.19	0	|	62.0	0.19(62)	0.19(62)	|	7850	
4673	36	ok	|	0.19	1.00	1.00	0.21	0.01	0	|	rapi	0.19	0.21	0	|	62.0	0.21(62)	0.21(62)	|	7850	
4673	37	ok	|	0.19	1.00	1.00	0.21	0.02	0	|	rapi	0.19	0.21	0	|	62.0	0.21(62)	0.21(62)	|	7850	
4673	38	ok	|	0.18	1.00	1.00	0.21	0.02	0	|	rapi	0.18	0.21	0	|	62.0	0.21(62)	0.21(62)	|	7850	
4673	39	ok	|	0.20	1.00	1.00	0.23	0.02	0	|	rapi	0.20	0.23	0	|	62.0	0.23(62)	0.23(62)	|	7850	
4673	40	ok	|	0.21	1.00	1.00	0.23	0.02	0	|	rapi	0.21	0.23	0	|	62.0	0.23(62)	0.23(62)	|	7850	
4673	41	ok	|	0.22	1.00	1.00	0.24	0.02	0	|	rapi	0.22	0.24	0	|	62.0	0.24(62)	0.24(62)	|	7850	
4673	42	ok	|	0.22	1.00	1.00	0.23	0.02	0	|	rapi	0.22	0.23	0	|	62.0	0.23(62)	0.23(62)	|	7850	
4673	43	ok	|	0.21	1.00	1.00	0.23	0.02	0	|	rapi	0.21	0.23	0	|	62.0	0.23(62)	0.23(62)	|	7850	
4673	44	ok	|	0.22	1.00	1.00	0.24	0.02	0	|	rapi	0.22	0.24	0	|	62.0	0.24(62)	0.24(62)	|	7850	
4673	45	ok	|	0.21	1.00	1.00	0.23	0.02	0	|	rapi	0.21	0.23	0	|	62.0	0.23(62)	0.23(62)	|	7850	
4673	46	ok	|	0.21	1.00	1.00	0.24	0.02	0	|	rapi	0.21	0.24	0	|	62.0	0.24(62)	0.24(62)	|	7850	
4673	47	ok	|	0.23	1.00	1.00	0.25	0.02	0	|	rapi	0.23	0.25	0	|	62.0	0.25(62)	0.25(62)	|	7850	
4673	48	ok	|	0.23	1.00	1.00	0.25	0.02	0	|	rapi	0.23	0.25	0	|	62.0	0.25(62)	0.25(62)	|	7850	
4673	49	ok	|	0.23	1.00	1.00	0.25	0.02	0	|	rapi	0.23	0.25	0	|	62.0	0.25(62)	0.25(62)	|	7850	
4673	50	ok	|	0.24	1.00	1.00	0.26	0.02	0	|	rapi	0.24	0.26	0	|	62.0	0.26(62)	0.26(62)	|	7850	
4673	51	ok	|	0.25	1.00	1.00	0.27	0.02	0	|	rapi	0.25	0.27	0	|	62.0	0.27(62)	0.27(62)	|	7850	
4673	52	ok	|	0.24	1.00	1.00	0.27	0.02	0	|	rapi	0.24	0.27	0	|	62.0	0.27(62)	0.27(62)	|	7850	
4673	53	ok	|	0.23	1.00	1.00	0.25	0.02	0	|	rapi	0.23	0.25	0	|	62.0	0.25(62)	0.25(62)	|	7850	
4673	54	ok	|	0.22	1.00	1.00	0.26	0.02	0	|	rapi	0.22	0.26	0	|	62.0	0.26(62)	0.26(62)	|	7850	
4673	55	ok	|	0.22	1.00	1.00	0.24	0.02	0	|	rapi	0.22	0.24	0	|	62.0	0.24(62)	0.24(62)	|	7850	
4673	56	ok	|	0.22	1.00	1.00	0.24	0.02	0	|	rapi	0.22	0.24	0	|	62.0	0.24(62)	0.24(62)	|	7850	
4673	57	ok	|	0.22	1.00	1.00	0.24	0.02	0	|	rapi	0.22	0.24	0	|	62.0	0.24(62)	0.24(62)	|	7850	
4673	58	ok	|	0.20	1.00	1.00	0.22	0.02	0	|	rapi	0.20	0.22	0	|	62.0	0.22(62)	0.22(62)	|	7850	
4673	59	ok	|	0.21	1.00	1.00	0.23	0.02	0	|	rapi	0.21	0.23	0	|	62.0	0.23(62)	0.23(62)	|	7850	
4673	60	ok	|	0.21	1.00	1.00	0.23	0.02	0	|	rapi	0.21	0.23	0	|	62.0	0.23(62)	0.23(62)	|	7850	
4673	61	ok	|	0.21	1.00	1.00	0.23	0.02	0	|	rapi	0.21	0.23	0	|	62.0	0.23(62)	0.23(62)	|	7850	
4673	62	ok	|	0.21	1.00	1.00	0.23	0.02	0	|	rapi	0.21	0.23	0	|	62.0	0.23(62)	0.23(62)	|	7850	
4673	63	ok	|	0.20	1.00	1.00	0.22	0.02	0	|	rapi	0.20	0.22	0	|	62.0	0.22(62)	0.22(62)	|	7850	
4673	64	ok	|	0.19	1.00	1.00	0.21	0.02	0	|	rapi	0.19	0.21	0	|	62.0	0.21(62)	0.21(62)	|	7850	
4673	65	ok	|	0.22	1.00	1.00	0.25	0.02	0	|	rapi	0.22	0.25	0	|	62.0	0.25(62)	0.25(62)	|	7850	
4673	66	ok	|	0.22	1.00	1.00	0.24	0.02	0	|	rapi	0.22	0.24	0	|	62.0	0.24(62)	0.24(62)	|	7850	
4673	67	ok	|	0.20	1.00	1.00	0.22	0.02	0	|	rapi	0.20	0.22	0	|	62.0	0.22(62)	0.22(62)	|	7850	
4673	68	ok	|	0.20	1.00	1.00	0.22	0.02	0	|	rapi	0.20	0.22	0	|	62.0	0.22(62)	0.22(62)	|	7850	
4673	69	ok	|	0.22	1.00	1.00	0.24	0.02	0	|	rapi	0.22	0.24	0	|	62.0	0.24(62)	0.24(62)	|	7850	
4673	70	ok	|	0.20	1.00	1.00	0.22	0.02	0	|	rapi	0.20	0.22	0	|	62.0	0.22(62)	0.22(62)	|	7850	
4673	71	ok	|	0.18	1.00	1.00	0.20	0.02	0	|	rapi	0.18	0.20	0	|	62.0	0.20(62)	0.20(62)	|	7850	
4673	72	ok	|	0.20	1.00	1.00	0.22	0.02	0	|	rapi	0.20	0.22	0	|	62.0	0.22(62)	0.22(62)	|	7850	
4673	73	ok	|	0.21	1.00	1.00	0.23	0.02	0	|	rapi	0.21	0.23	0	|	62.0	0.23(62)	0.23(62)	|	7850	
4673	74	ok	|	0.22	1.00	1.00	0.24	0.02	0	|	rapi	0.22	0.24	0	|	62.0	0.24(62)	0.24(62)	|	7850	
4673	75	ok	|	0.22	1.00	1.00	0.24	0.02	0	|	rapi	0.22	0.24	0	|	62.0	0.24(62)	0.24(62)	|	7850	
4673	76	ok	|	0.23	1.00	1.00	0.26	0.03	0	|	rapi	0.23	0.26	0	|	62.0	0.26(62)	0.26(62)	|	7850	
4673	77	ok	|	0.21	1.00	1.00	0.25	0.02	0	|	rapi	0.21	0.25	0	|	62.0	0.25(62)	0.25(62)	|	7850	
4673	78	ok	|	0.21	1.00	1.00	0.25	0.02	0	|	rapi	0.21	0.25	0	|	62.0	0.25(62)	0.25(62)	|	7850	
4673	79	ok	|	0.22	1.00	1.00	0.25	0.03	0	|	rapi	0.22	0.25	0	|	62.0	0.25(62)	0.25(62)	|	7850	
4673	80	ok	|	0.22	1.00	1.00	0.26	0.03	0	|	rapi	0.22	0.26	0	|	62.0	0.26(62)	0.26(62)	|	7850	
4673	81	ok	|	0.21	1.00	1.00	0.23	0.02	0	|	rapi	0.21	0.23	0	|	62.0	0.23(62)	0.23(62)	|	7850	
4673	82	ok	|	0.22	1.00	1.00	0.24	0.02	0	|	rapi	0.22	0.24	0	|	62.0	0.24(62)	0.24(62)	|	7850	
4673	83	ok	|	0.23	1.00	1.00	0.25	0.02	0	|	rapi	0.23	0.25	0	|	62.0	0.25(62)	0.25(62)	|	7850	
4673	84	ok	|	0.23	1.00	1.00	0.26	0.03	0	|	rapi	0.23	0.26	0	|	62.0	0.26(62)	0.26(62)	|	7850	
4673	85	ok	|	0.24	1.00	1.00	0.27	0.03	0	|	rapi	0.24	0.27	0	|	62.0	0.27(62)	0.27(62)	|	7850	
4673	86	ok	|	0.24	1.00	1.00	0.27	0.03	0	|	rapi	0.24	0.27	0	|	62.0	0.27(62)	0.27(62)	|	7850	
4673	87	ok	|	0.23	1.00	1.00	0.26	0.03	0	|	rapi	0.23	0.26	0	|	62.0	0.26(62)	0.26(62)	|	7850	
4673	88	ok	|	0.22	1.00	1.00	0.24	0.02	0	|	rapi	0.22	0.24	0	|	62.0	0.24(62)	0.24(62)	|	7850	
4673	89	ok	|	0.21	1.00	1.00	0.24	0.02	0	|	rapi	0.21	0.24	0	|	62.0	0.24(62)	0.24(62)	|	7850	
4673	90	ok	|	0.24	1.00	1.00	0.28	0.03	0	|	rapi	0.24	0.28	0	|	62.0	0.28(62)	0.28(62)	|	7850	
4673	91	ok	|	0.27	1.00	1.00	0.31	0.03	0	|	rapi	0.27	0.31	0	|	62.0	0.31(62)	0.31(62)	|	7850	
4673	92	ok	|	0.27	1.00	1.00	0.32	0.03	0	|	rapi	0.27	0.32	0	|	62.0	0.32(62)	0.32(62)	|	7850	
4673	93	ok	|	0.26	1.00	1.00	0.31	0.03	0	|	rapi	0.26	0.31	0	|	62.0	0.31(62)	0.31(62)	|	7850	
4673	94	ok	|	0.25	1.00	1.00	0.27	0.03	0	|	rapi	0.25	0.27	0	|	62.0	0.27(62)	0.27(62)	|	7850	
4673	95	ok	|	0.25	1.00	1.00	0.28	0.03	0	|	rapi	0.25	0.28	0	|	62.0	0.28(62)	0.28(62)	|	7850	
4673	96	ok	|	0.26	1.00	1.00	0.30	0.03	0	|	rapi	0.26	0.30	0	|	62.0	0.30(62)	0.30(62)	|	7850	
4673	97	ok	|	0.26	1.00	1.00	0.30	0.03	0	|	rapi	0.26	0.30	0	|	62.0	0.30(62)	0.30(62)	|	7850	
4673	98	ok	|	0.28	1.00	1.00	0.31	0.03	0	|	rapi	0.28	0.31	0	|	62.0	0.31(62)	0.31(62)	|	7850	
4673	99	ok	|	0.30	1.00	1.00	0.35	0.04	0	|	rapi	0.30	0.35	0	|	62.0	0.35(62)	0.35(62)	|	7850	
4673	100	ok	|	0.33	1.00	1.00	0.39	0.05	0	|	rapi	0.33	0.39	0	|	62.0	0.39(62)	0.39(62)	|	7850	
4673	101	ok	|	0.30	1.00	1.00	0.34	0.04	0	|	rapi	0.30	0.34	0	|	62.0	0.34(62)	0.34(62)	|	7850	
4673	102	ok	|	0.32	1.00	1.00	0.37	0.05	0	|	rapi	0.32	0.37	0	|	62.0	0.37(62)	0.37(62)	|	7850	
4673	103	ok	|	0.31	1.00	1.00	0.35	0.04	0	|	rapi	0.31	0.35	0	|	62.0	0.35(62)	0.35(62)	|	7850	
4673	104	ok	|	0.32	1.00	1.00	0.36	0.04	0	|	rapi	0.32	0.36	0	|	62.0	0.36(62)	0.36(62)	|	7850	
4673	105	ok	|	0.31	1.00	1.00	0.36	0.04	0	|	rapi	0.31	0.36	0	|	62.0	0.36(62)	0.36(62)	|	7850	
4673	106	ok	|	0.32	1.00	1.00	0.39	0.05	0	|	rapi	0.32	0.39	0	|	62.0	0.39(62)	0.39(62)	|	7850	
4673	107	ok	|	0.33	1.00	1.00	0.40	0.05	0	|	rapi	0.33	0.40	0	|	62.0	0.40(62)	0.40(62)	|	7850	
4673	108	ok	|	0.34	1.00	1.00	0.40	0.05	0	|	rapi	0.34	0.40	0	|	62.0	0.40(62)	0.40(62)	|	7850	
4673	109	ok	|	0.32	1.00	1.00	0.38	0.05	0	|	rapi	0.32	0.38	0	|	62.0	0.38(62)	0.38(62)	|	7850	
4673	110	ok	|	0.32	1.00	1.00	0.38	0.05	0	|	rapi	0.32	0.38	0	|	62.0	0.38(62)	0.38(62)	|	7850	
4673	111	ok	|	0.32	1.00	1.00	0.37	0.05	0	|	rapi	0.32	0.37	0	|	62.0	0.37(62)	0.37(62)	|	7850	
4673	112	ok	|	0.31	1.00	1.00	0.34	0.04	0	|	rapi	0.31	0.34	0	|	62.0	0.34(62)	0.34(62)	|	7850	
4673	113	ok	|	0.30	1.00	1.00	0.34	0.04	0	|	rapi	0.30	0.34	0	|	62.0	0.34(62)	0.34(62)	|	7850	
4673	114	ok	|	0.30	1.00	1.00	0.35	0.04	0	|	rapi	0.30	0.35	0	|	62.0	0.35(62)	0.35(62)	|	7850	
4673	115	ok	|	0.30	1.00	1.00	0.34	0.04	0	|	rapi	0.30	0.34	0	|	62.0	0.34(62)	0.34(62)	|	7850	
4673	116	ok	|	0.30	1.00	1.00	0.34	0.04	0	|	rapi	0.30	0.34	0	|	62.0	0.34(62)	0.34(62)	|	7850	
4673	117	ok	|	0.29	1.00	1.00	0.34	0.04	0	|	rapi	0.29	0.34	0	|	62.0	0.34(62)	0.34(62)	|	7850	
4673	118	ok	|	0.29	1.00	1.00	0.32	0.04	0	|	rapi	0.29	0.32	0	|	62.0	0.32(62)	0.32(62)	|	7850	
4673	119	ok	|	0.29	1.00	1.00	0.32	0.04	0	|	rapi	0.29	0.32	0	|	62.0	0.32(62)	0.32(62)	|	7850	
4673	120	ok	|	0.31	1.00	1.00	0.34	0.04	0	|	rapi	0.31	0.34	0	|	62.0	0.34(62)	0.34(62)	|	7850	
4673	121	ok	|	0.31	1.00	1.00	0.34	0.04	0	|	rapi	0.31	0.34	0	|	62.0	0.34(62)	0.34(62)	|	7850	
4673	122	ok	|	0.30	1.00	1.00	0.34	0.04	0	|	rapi	0.30	0.34	0	|	62.0	0.34(62)	0.34(62)	|	7850	
4673	123	ok	|	0.31	1.00	1.00	0.35	0.04	0	|	rapi	0.31	0.35	0	|	62.0	0.35(62)	0.35(62)	|	7850	
4673	124	ok	|	0.31	1.00	1.00	0.37	0.05	0	|	rapi	0.31	0.37	0	|	62.0	0.37(62)	0.37(62)	|	7850	
4673	125	ok	|	0.33	1.00	1.00	0.38	0.05	0	|	rapi	0.33	0.38	0	|	62.0	0.38(62)	0.38(62)	|	7850	
4673	126	ok	|	0.34	1.00	1.00	0.40	0.05	0	|	rapi	0.34	0.40	0	|	62.0	0.40(62)	0.40(62)	|	7850	
4673	127	ok	|	0.34	1.00	1.00	0.40	0.05	0	|	rapi	0.34	0.40	0	|	62.0	0.40(62)	0.40(62)	|	7850	
4673	128	ok	|	0.33	1.00	1.00	0.38	0.05	0	|	rapi	0.33	0.38	0	|	62.0	0.38(62)	0.38(62)	|	7850	
4673	129	ok	|	0.34	1.00	1.00	0.40	0.05	0	|	rapi	0.34	0.40	0	|	62.0	0.40(62)	0.40(62)	|	7850	
4673	130	ok	|	0.35	1.00	1.00	0.42	0.05	0	|	rapi	0.35	0.42	0	|	62.0	0.42(62)	0.42(62)	|	7850	
4673	131	ok	|	0.35	1.00	1.00	0.42	0.05	0	|	rapi	0.35	0.42	0	|	62.0	0.42(62)	0.42(62)	|	7850	
4673	132	ok	|	0.36	1.00	1.00	0.44	0.05	0	|	rapi	0.36	0.44	0	|	62.0	0.44(62)	0.44(62)	|	7850	
4673	133	ok	|	0.37	1.00	1.00	0.44	0.05	0	|	rapi	0.37	0.44	0	|	62.0	0.44(62)	0.44(62)	|	7850	
4673	134	ok	|	0.38	1.00	1.00	0.46	0.06	0	|	rapi	0.38	0.46	0	|	62.0	0.46(62)	0.46(62)	|	7850	
4673	135	ok	|	0.37	1.00	1.00	0.44	0.05	0	|	rapi	0.37	0.44	0	|	62.0	0.44(62)	0.44(62)	|	7850	
4673	136	ok	|	0.35	1.00	1.00	0.41	0.05	0	|	rapi	0.35	0.41	0	|	62.0	0.41(62)	0.41(62)	|	7850	
4673	137	ok	|	0.34	1.00	1.00	0.39	0.05	0	|	rapi	0.34	0.39	0	|	62.0	0.39(62)	0.39(62)	|	7850	
4673	138	ok	|	0.33	1.00	1.00	0.40	0.05	0	|	rapi	0.33	0.40	0	|	62.0	0.40(62)	0.40(62)	|	7850	
4673	139	ok	|	0.33	1.00	1.00	0.38	0.05	0	|	rapi	0.33	0.38	0	|	62.0	0.38(62)	0.38(62)	|	7850	
4673	140	ok	|	0.32	1.00	1.00	0.36	0.05	0	|	rapi	0.32	0.36	0	|	62.0	0.36(62)	0.36(62)	|	7850	
4673	141	ok	|	0.31	1.00	1.00	0.36	0.04	0	|	rapi	0.31	0.36	0	|	62.0	0.36(62)	0.36(62)	|	7850	
4673	142	ok	|	0.33	1.00	1.00	0.39	0.05	0	|	rapi	0.33	0.39	0	|	62.0	0.39(62)	0.39(62)	|	7850	
4673	143	ok	|	0.34	1.00	1.00	0.40	0.05	0	|	rapi	0.34	0.40	0	|	62.0	0.40(62)	0.40(62)	|	7850	
4673	144	ok	|	0.32	1.00	1.00	0.36	0.06	0	|	rapi	0.32	0.36	0	|	62.0	0.36(62)	0.36(62)	|	7850	
4673	145	ok	|	0.31	1.00	1.00	0.35	0.06	0	|	rapi	0.31	0.35	0	|	62.0	0.35(62)	0.35(62)	|	7850	
4673	146	ok	|	0.30	1.00	1.00	0.35	0.06	0	|	rapi	0.30	0.35	0	|	62.0	0.35(62)	0.35(62)	|	7850	
4673	147	ok	|	0.31	1.00	1.00	0.36	0.06	0	|	rapi	0.31	0.36	0	|	62.0	0.36(62)	0.36(62)	|	7850	
4673	148	ok	|	0.28	1.00	1.00	0.34	0.06	0	|	rapi	0.28	0.34	0	|	62.0	0.34(62)	0.34(62)	|	7850	
4673	149	ok	|	0.28	1.00	1.00	0.33	0.05	0	|	rapi	0.28	0.33	0	|	62.0	0.33(62)	0.33(62)	|	7850	
4673	150	ok	|	0.31	1.00	1.00	0.36	0.06	0	|	rapi	0.31	0.36	0	|	62.0	0.36(62)	0.36(62)	|	7850	
4673	151	ok	|	0.33	1.00	1.00	0.38	0.06	0	|	rapi	0.33	0.38	0	|	62.0	0.38(62)	0.38(62)	|	7850	
4673	152	ok	|	0.34	1.00	1.00	0.39	0.07	0	|	rapi	0.34	0.39	0	|	62.0	0.39(62)	0.39(62)	|	7850	
4673	153	ok	|	0.30	1.00	1.00	0.36	0.06	0	|	rapi	0.30	0.36	0	|	62.0	0.36(62)	0.36(62)	|	7850	
4673	154	ok	|	0.33	1.00	1.00	0.38	0.06	0	|	rapi	0.33	0.38	0	|	62.0	0.38(62)	0.38(62)	|	7850	
4673	155	ok	|	0.35	1.00	1.00	0.41	0.07	0	|	rapi	0.35	0.41	0	|	62.0	0.41(62)	0.41(62)	|	7850	
4673	156	ok	|	0.38	1.00	1.00	0.46	0.08	0	|	rapi	0.38	0.46	0	|	62.0	0.46(62)	0.46(62)	|	7850	
4673	157	ok	|	0.36	1.00	1.00	0.42	0.07	0	|	rapi	0.36	0.42	0	|	62.0	0.42(62)	0.42(62)	|	7850	
4673	158	ok	|	0.37	1.00	1.00	0.44	0.07	0	|	rapi	0.37	0.44	0	|	62.0	0.44(62)	0.44(62)	|	7850	
4673	159	ok	|	0.40	1.00	1.00	0.48	0.08	0	|	rapi	0.40	0.48	0	|	62.0	0.48(62)	0.48(62)	|	7850	
4673	160	ok	|	0.37	1.00	1.00	0.46	0.08	0	|	rapi	0.37	0.46	0	|	62.0	0.46(62)	0.46(62)	|	7850	
4673	161	ok	|	0.37	1.00	1.00	0.44	0.07	0	|	rapi	0.37	0.44	0	|	62.0	0.44(62)	0.44(62)	|	7850	
4673	162	ok	|	0.35	1.00	1.00	0.42	0.07	0	|	rapi	0.35	0.42	0	|	62.0	0.42(62)	0.42(62)	|	7850	
4673	163	ok	|	0.35	1.00	1.00	0.41	0.07	0	|	rapi	0.35	0.41	0	|	62.0	0.41(62)	0.41(62)	|	7850	
4673	164	ok	|	0.32	1.00	1.00	0.37	0.06	0	|	rapi	0.32	0.37	0	|	62.0	0.37(62)	0.37(62)	|	7850	
4673	165	ok	|	0.31	1.00	1.00	0.35	0.06	0	|	rapi	0.31	0.35	0	|	62.0	0.35(62)	0.35(62)	|	7850	
4673	166	ok	|	0.32	1.00	1.00	0.37	0.06	0	|	rapi	0.32	0.37	0	|	62.0	0.37(62)	0.37(62)	|	7850	
4673	167	ok	|	0.32	1.00	1.00	0.37	0.06	0	|	rapi	0.32	0.37	0	|	62.0	0.37(62)	0.37(62)	|	7850	
4673	168	ok	|	0.33	1.00	1.00	0.38	0.06	0	|	rapi	0.33	0.38	0	|	62.0	0.38(62)	0.38(62)	|	7850	
4673	169	ok	|	0.36	1.00	1.00	0.42	0.07	0	|	rapi	0.36	0.42	0	|	62.0	0.42(62)	0.42(62)	|	7850	
4673	170	ok	|	0.37	1.00	1.00	0.44	0.07	0	|	rapi	0.37	0.44	0	|	62.0	0.44(62)	0.44(62)	|	7850	
4673	171	ok	|	0.39	1.00	1.00	0.47	0.08	0	|	rapi	0.39	0.47	0	|	62.0	0.47(62)	0.47(62)	|	7850	
4673	172	ok	|	0.40	1.00	1.00	0.49	0.08	0	|	rapi	0.40	0.49	0	|	62.0	0.49(62)	0.49(62)	|	7850	
4673	173	ok	|	0.41	1.00	1.00	0.50	0.08	0	|	rapi	0.41	0.50	0	|	62.0	0.50(62)	0.50(62)	|	7850	
4673	174	ok	|	0.42	1.00	1.00	0.53	0.09	0	|	rapi	0.42	0.53	0	|	62.0	0.53(62)	0.53(62)	|	7850	
4673	175	ok	|	0.45	1.00	1.00	0.53	0.09	0	|	rapi	0.45	0.53	0	|	62.0	0.53(62)	0.53(62)	|	7850	
4673	176	ok	|	0.45	1.00	1.00	0.54	0.09	0	|	rapi	0.45	0.54	0	|	62.0	0.54(62)	0.54(62)	|	7850	
4673	177	ok	|	0.46	1.00	1.00	0.56	0.09	0	|	rapi	0.46	0.56	0	|	62.0	0.56(62)	0.56(62)	|	7850	
4673	178	ok	|	0.44	1.00	1.00	0.53	0.09	0	|	rapi	0.44	0.53	0	|	62.0	0.53(62)	0.53(62)	|	7850	
4673	179	ok	|	0.43	1.00	1.00	0.53	0.09	0	|	rapi	0.43	0.53	0	|	62.0	0.53(62)	0.53(62)	|	7850	
4673	180	ok	|	0.42	1.00	1.00	0.51	0.08	0	|	rapi	0.42	0.51	0	|	62.0	0.51(62)	0.51(62)	|	7850	
4673	181	ok	|	0.41	1.00	1.00	0.50	0.08	0	|	rapi	0.41	0.50	0	|	62.0	0.50(62)	0.50(62)	|	7850	
4673	182	ok	|	0.43	1.00	1.00	0.52	0.09	0	|	rapi	0.43	0.52	0	|	62.0	0.52(62)	0.52(62)	|	7850	
4673	183	ok	|	0.41	1.00	1.00	0.50	0.08	0	|	rapi	0.41	0.50	0	|	62.0	0.50(62)	0.50(62)	|	7850	
4673	184	ok	|	0.40	1.00	1.00	0.48	0.08	0	|	rapi	0.40	0.48	0	|	62.0	0.48(62)	0.48(62)	|	7850	
4673	185	ok	|	0.39	1.00	1.00	0.49	0.08	0	|	rapi	0.39	0.49	0	|	62.0	0.49(62)	0.49(62)	|	7850	
4673	186	ok	|	0.40	1.00	1.00	0.49	0.08	0	|	rapi	0.40	0.49	0	|	62.0	0.49(62)	0.49(62)	|	7850	
4673	187	ok	|	0.39	1.00	1.00	0.48	0.08	0	|	rapi	0.39	0.48	0	|	62.0	0.48(62)	0.48(62)	|	7850	
4673	188	ok	|	0.39	1.00	1.00	0.48	0.08	0	|	rapi	0.39	0.48	0	|	62.0	0.48(62)	0.48(62)	|	7850	
4673	189	ok	|	0.42	1.00	1.00	0.52	0.09	0	|	rapi	0.42	0.52	0	|	62.0	0.52(62)	0.52(62)	|	7850	
4673	190	ok	|	0.43	1.00	1.00	0.53	0.09	0	|	rapi	0.43	0.53	0	|	62.0	0.53(62)	0.53(62)	|	7850	
4673	191	ok	|	0.44	1.00	1.00	0.56	0.09	0	|	rapi	0.44	0.56	0	|	62.0	0.56(62)	0.56(62)	|	7850	
4673	192	ok	|	0.44	1.00	1.00	0.54	0.09	0	|	rapi	0.44	0.54	0	|	62.0	0.54(62)	0.54(62)	|	7850	
4673	193	ok	|	0.43	1.00	1.00	0.51	0.09	0	|	rapi	0.43	0.51	0	|	62.0	0.51(62)	0.51(62)	|	7850	
4673	194	ok	|	0.45	1.00	1.00	0.56	0.09	0	|	rapi	0.45	0.56	0	|	62.0	0.56(62)	0.56(62)	|	7850	
4673	195	ok	|	0.47	1.00	1.00	0.59	0.10	0	|	rapi	0.47	0.59	0	|	62.0	0.59(62)	0.59(62)	|	7850	
4673	196	ok	|	0.46	1.00	1.00	0.57	0.10	0	|	rapi	0.46	0.57	0	|	62.0	0.57(62)	0.57(62)	|	7850	
4673	197	ok	|	0.48	1.00	1.00	0.58	0.10	0	|	rapi	0.48	0.58	0	|	62.0	0.58(62)	0.58(62)	|	7850	
4673	198	ok	|	0.47	1.00	1.00	0.58	0.10	0	|	rapi	0.47	0.58	0	|	62.0	0.58(62)	0.58(62)	|	7850	
4673	199	ok	|	0.46	1.00	1.00	0.57	0.10	0	|	rapi	0.46	0.57	0	|	62.0	0.57(62)	0.57(62)	|	7850	
4673	200	ok	|	0.44	1.00	1.00	0.54	0.09	0	|	rapi	0.44	0.54	0	|	62.0	0.54(62)	0.54(62)	|	7850	
4673	201	ok	|	0.43	1.00	1.00	0.52	0.09	0	|	rapi	0.43	0.52	0	|	62.0	0.52(62)	0.52(62)	|	7850	
4673	202	ok	|	0.43	1.00	1.00	0.52	0.09	0	|	rapi	0.43	0.52	0	|	62.0	0.52(62)	0.52(62)	|	7850	
4673	203	ok	|	0.43	1.00	1.00	0.53	0.09	0	|	rapi	0.43	0.53	0	|	62.0	0.53(62)	0.53(62)	|	7850	
4673	204	ok	|	0.46	1.00	1.00	0.57	0.09	0	|	rapi	0.46	0.57	0	|	62.0	0.57(62)	0.57(62)	|	7850	
4673	205	ok	|	0.49	1.00	1.00	0.60	0.10	0	|	rapi	0.49	0.60	0	|	62.0	0.60(62)	0.60(62)	|	7850	
4673	206	ok	|	0.50	1.00	1.00	0.62	0.10	0	|	rapi	0.50	0.62	0	|	62.0	0.62(62)	0.62(62)	|	7850	
4673	207	ok	|	0.52	1.00	1.00	0.65	0.11	0	|	rapi	0.52	0.65	0	|	62.0	0.65(62)	0.65(62)	|	7850	
4673	208	ok	|	0.53	1.00	1.00	0.67	0.11	0	|	rapi	0.53	0.67	0	|	62.0	0.67(62)	0.67(62)	|	7850	
4673	209	ok	|	0.53	1.00	1.00	0.66	0.11	0	|	rapi	0.53	0.66	0	|	62.0	0.66(62)	0.66(62)	|	7850	
4673	210	ok	|	0.54	1.00	1.00	0.68	0.11	0	|	rapi	0.54	0.68	0	|	62.0	0.68(62)	0.68(62)	|	7850	
4673	211	ok	|	0.55	1.00	1.00	0.71	0.12	0	|	rapi	0.55	0.71	0	|	62.0	0.71(62)	0.71(62)	|	7850	
4673	212	ok	|	0.57	1.00	1.00	0.74	0.12	0	|	rapi	0.57	0.74	0	|	62.0	0.74(62)	0.74(62)	|	7850	
4673	213	ok	|	0.57	1.00	1.00	0.74	0.12	0	|	rapi	0.57	0.74	0	|	62.0	0.74(62)	0.74(62)	|	7850	
4673	214	ok	|	0.59	1.00	1.00	0.79	0.13	0	|	rapi	0.59	0.79	0	|	62.0	0.79(62)	0.79(62)	|	7850	
4673	215	ok	|	0.58	1.00	1.00	0.77	0.13	0	|	rapi	0.58	0.77	0	|	62.0	0.77(62)	0.77(62)	|	7850	
4673	216	ok	|	0.61	1.00	1.00	0.81	0.14	0	|	rapi	0.61	0.81	0	|	62.0	0.81(62)	0.81(62)	|	7850	
4673	217	ok	|	0.58	1.00	1.00	0.79	0.13	0	|	rapi	0.58	0.79	0	|	62.0	0.79(62)	0.79(62)	|	7850	
4673	218	ok	|	0.60	1.00	1.00	0.78	0.13	0	|	rapi	0.60	0.78	0	|	62.0	0.78(62)	0.78(62)	|	7850	
4673	219	ok	|	0.61	1.00	1.00	0.77	0.13	0	|	rapi	0.61	0.77	0	|	62.0	0.77(62)	0.77(62)	|	7850	
4673	220	ok	|	0.63	1.00	1.00	0.79	0.13	0	|	rapi	0.63	0.79	0	|	62.0	0.79(62)	0.79(62)	|	7850	
4673	221	ok	|	0.60	1.00	1.00	0.79	0.13	0	|	rapi	0.60	0.79	0	|	62.0	0.79(62)	0.79(62)	|	7850	
4673	222	ok	|	0.61	1.00	1.00	0.79	0.13	0	|	rapi	0.61	0.79	0	|	62.0	0.79(62)	0.79(62)	|	7850	
4673	223	ok	|	0.62	1.00	1.00	0.79	0.13	0	|	rapi	0.62	0.79	0	|	62.0	0.79(62)	0.79(62)	|	7850	
4673	224	ok	|	0.63	1.00	1.00	0.83	0.14	0	|	rapi	0.63	0.83	0	|	62.0	0.83(62)	0.83(62)	|	7850	
4673	225	ok	|	0.63	1.00	1.00	0.84	0.14	0	|	rapi	0.63	0.84	0	|	62.0	0.84(62)	0.84(62)	|	7850	
4673	226	ok	|	0.62	1.00	1.00	0.84	0.14	0	|	rapi	0.62	0.84	0	|	62.0	0.84(62)	0.84(62)	|	7850	
4673	227	ok	|	0.60	1.00	1.00	0.81	0.13	0	|	rapi	0.60	0.81	0	|	62.0	0.81(62)	0.81(62)	|	7850	
4673	228	ok	|	0.59	1.00	1.00	0.82	0.14	0	|	rapi	0.59	0.82	0	|	62.0	0.82(62)	0.82(62)	|	7850	
4673	229	ok	|	0.58	1.00	1.00	0.78	0.13	0	|	rapi	0.58	0.78	0	|	62.0	0.78(62)	0.78(62)	|	7850	
4673	230	ok	|	0.58	1.00	1.00	0.78	0.13	0	|	rapi	0.58	0.78	0	|	62.0	0.78(62)	0.78(62)	|	7850	
4673	231	ok	|	0.56	1.00	1.00	0.76	0.13	0	|	rapi	0.56	0.76	0	|	62.0	0.76(62)	0.76(62)	|	7850	
4673	232	ok	|	0.58	1.00	1.00	0.76	0.13	0	|	rapi	0.58	0.76	0	|	62.0	0.76(62)	0.76(62)	|	7850	
4673	233	ok	|	0.58	1.00	1.00	0.77	0.13	0	|	rapi	0.58	0.77	0	|	62.0	0.77(62)	0.77(62)	|	7850	
4673	234	ok	|	0.57	1.00	1.00	0.77	0.13	0	|	rapi	0.57	0.77	0	|	62.0	0.77(62)	0.77(62)	|	7850	
4673	235	ok	|	0.59	1.00	1.00	0.78	0.13	0	|	rapi	0.59	0.78	0	|	62.0	0.78(62)	0.78(62)	|	7850	
4673	236	ok	|	0.61	1.00	1.00	0.78	0.13	0	|	rapi	0.61	0.78	0	|	62.0	0.78(62)	0.78(62)	|	7850	
4673	237	ok	|	0.61	1.00	1.00	0.83	0.14	0	|	rapi	0.61	0.83	0	|	62.0	0.83(62)	0.83(62)	|	7850	
4673	238	ok	|	0.61	1.00	1.00	0.84	0.14	0	|	rapi	0.61	0.84	0	|	62.0	0.84(62)	0.84(62)	|	7850	
4673	239	ok	|	0.63	1.00	1.00	0.86	0.14	0	|	rapi	0.63	0.86	0	|	62.0	0.86(62)	0.86(62)	|	7850	
4673	240	ok	|	0.65	1.00	1.00	0.87	0.14	0	|	rapi	0.65	0.87	0	|	62.0	0.87(62)	0.87(62)	|	7850	
4673	241	ok	|	0.63	1.00	1.00	0.87	0.14	0	|	rapi	0.63	0.87	0	|	62.0	0.87(62)	0.87(62)	|	7850	
4673	242	ok	|	0.65	1.00	1.00	0.88	0.15	0	|	rapi	0.65	0.88	0	|	62.0	0.88(62)	0.88(62)	|	7850	
4673	243	ok	|	0.63	1.00	1.00	0.85	0.14	0	|	rapi	0.63	0.85	0	|	62.0	0.85(62)	0.85(62)	|	7850	
4673	244	ok	|	0.65	1.00	1.00	0.88	0.15	0	|	rapi	0.65	0.88	0	|	62.0	0.88(62)	0.88(62)	|	7850	
4673	245	ok	|	0.63	1.00	1.00	0.86	0.14	0	|	rapi	0.63	0.86	0	|	62.0	0.86(62)	0.86(62)	|	7850	
4673	246	ok	|	0.62	1.00	1.00	0.81	0.14	0	|	rapi	0.62	0.81	0	|	62.0	0.81(62)	0.81(62)	|	7850	
4673	247	ok	|	0.63	1.00	1.00	0.83	0.14	0	|	rapi	0.63	0.83	0	|	62.0	0.83(62)	0.83(62)	|	7850	
4673	248	ok	|	0.59	1.00	1.00	0.78	0.13	0	|	rapi	0.59	0.78	0	|	62.0	0.78(62)	0.78(62)	|	7850	
4673	249	ok	|	0.61	1.00	1.00	0.79	0.13	0	|	rapi	0.61	0.79	0	|	62.0	0.79(62)	0.79(62)	|	7850	
4673	250	ok	|	0.61	1.00	1.00	0.81	0.14	0	|	rapi	0.61	0.81	0	|	62.0	0.81(62)	0.81(62)	|	7850	
4673	251	ok	|	0.61	1.00	1.00	0.81	0.13	0	|	rapi	0.61	0.81	0	|	62.0	0.81(62)	0.81(62)	|	7850	
4673	252	ok	|	0.62	1.00	1.00	0.82	0.14	0	|	rapi	0.62	0.82	0	|	62.0	0.82(62)	0.82(62)	|	7850	
4673	253	ok	|	0.64	1.00	1.00	0.85	0.14	0	|	rapi	0.64	0.85	0	|	62.0	0.85(62)	0.85(62)	|	7850	
4673	254	ok	|	0.61	1.00	1.00	0.80	0.13	0	|	rapi	0.61	0.80	0	|	62.0	0.80(62)	0.80(62)	|	7850	
4673	255	ok	|	0.62	1.00	1.00	0.84	0.14	0	|	rapi	0.62	0.84	0	|	62.0	0.84(62)	0.84(62)	|	7850	
4673	256	ok	|	0.63	1.00	1.00	0.83	0.14	0	|	rapi	0.63	0.83	0	|	62.0	0.83(62)	0.83(62)	|	7850	
4673	257	ok	|	0.63	1.00	1.00	0.83	0.14	0	|	rapi	0.63	0.83	0	|	62.0	0.83(62)	0.83(62)	|	7850	
4673	258	ok	|	0.63	1.00	1.00	0.89	0.15	0	|	rapi	0.63	0.89	0	|	62.0	0.89(62)	0.89(62)	|	7850	
4673	259	ok	|	0.65	1.00	1.00	0.87	0.15	0	|	rapi	0.65	0.87	0	|	62.0	0.87(62)	0.87(62)	|	7850	
4673	260	ok	|	0.65	1.00	1.00	0.87	0.15	0	|	rapi	0.65	0.87	0	|	62.0	0.87(62)	0.87(62)	|	7850	
4673	261	ok	|	0.63	1.00	1.00	0.85	0.14	0	|	rapi	0.63	0.85	0	|	62.0	0.85(62)	0.85(62)	|	7850	
4673	262	ok	|	0.61	1.00	1.00	0.81	0.13	0	|	rapi	0.61	0.81	0	|	62.0	0.81(62)	0.81(62)	|	7850	
4673	263	ok	|	0.58	1.00	1.00	0.76	0.13	0	|	rapi	0.58	0.76	0	|	62.0	0.76(62)	0.76(62)	|	7850	
4673	264	ok	|	0.59	1.00	1.00	0.78	0.13	0	|	rapi	0.59	0.78	0	|	62.0	0.78(62)	0.78(62)	|	7850	
4673	265	ok	|	0.59	1.00	1.00	0.79	0.13	0	|	rapi	0.59	0.79	0	|	62.0	0.79(62)	0.79(62)	|	7850	
4673	266	ok	|	0.58	1.00	1.00	0.76	0.13	0	|	rapi	0.58	0.76	0	|	62.0	0.76(62)	0.76(62)	|	7850	
4673	267	ok	|	0.57	1.00	1.00	0.74	0.12	0	|	rapi	0.57	0.74	0	|	62.0	0.74(62)	0.74(62)	|	7850	
4673	268	ok	|	0.56	1.00	1.00	0.72	0.12	0	|	rapi	0.56	0.72	0	|	62.0	0.72(62)	0.72(62)	|	7850	
4673	269	ok	|	0.55	1.00	1.00	0.69	0.12	0	|	rapi	0.55	0.69	0	|	62.0	0.69(62)	0.69(62)	|	7850	
4673	270	ok	|	0.55	1.00	1.00	0.69	0.11	0	|	rapi	0.55	0.69	0	|	62.0	0.69(62)	0.69(62)	|	7850	
4673	271	ok	|	0.54	1.00	1.00	0.67	0.11	0	|	rapi	0.54	0.67	0	|	62.0	0.67(62)	0.67(62)	|	7850	
4673	272	ok	|	0.52	1.00	1.00	0.65	0.11	0	|	rapi	0.52	0.65	0	|	62.0	0.65(62)	0.65(62)	|	7850	
4673	273	ok	|	0.52	1.00	1.00	0.67	0.11	0	|	rapi	0.52	0.67	0	|	62.0	0.67(62)	0.67(62)	|	7850	
4673	274	ok	|	0.51	1.00	1.00	0.65	0.11	0	|	rapi	0.51	0.65	0	|	62.0	0.65(62)	0.65(62)	|	7850	
4673	275	ok	|	0.49	1.00	1.00	0.63	0.10	0	|	rapi	0.49	0.63	0	|	62.0	0.63(62)	0.63(62)	|	7850	
4673	276	ok	|	0.51	1.00	1.00	0.65	0.11	0	|	rapi	0.51	0.65	0	|	62.0	0.65(62)	0.65(62)	|	7850	
4673	277	ok	|	0.51	1.00	1.00	0.63	0.10	0	|	rapi	0.51	0.63	0	|	62.0	0.63(62)	0.63(62)	|	7850	
4673	278	ok	|	0.52	1.00	1.00	0.64	0.11	0	|	rapi	0.52	0.64	0	|	62.0	0.64(62)	0.64(62)	|	7850	
4673	279	ok	|	0.53	1.00	1.00	0.64	0.11	0	|	rapi	0.53	0.64	0	|	62.0	0.64(62)	0.64(62)	|	7850	
4673	280	ok	|	0.54	1.00	1.00	0.66	0.11	0	|	rapi	0.54	0.66	0	|	62.0	0.66(62)	0.66(62)	|	7850	
4673	281	ok	|	0.53	1.00	1.00	0.66	0.11	0	|	rapi	0.53	0.66	0	|	62.0	0.66(62)	0.66(62)	|	7850	
4673	282	ok	|	0.53	1.00	1.00	0.66	0.11	0	|	rapi	0.53	0.66	0	|	62.0	0.66(62)	0.66(62)	|	7850	
4673	283	ok	|	0.53	1.00	1.00	0.65	0.11	0	|	rapi	0.53	0.65	0	|	62.0	0.65(62)	0.65(62)	|	7850	
4673	284	ok	|	0.53	1.00	1.00	0.66	0.11	0	|	rapi	0.53	0.66	0	|	62.0	0.66(62)	0.66(62)	|	7850	
4673	285	ok	|	0.53	1.00	1.00	0.67	0.11	0	|	rapi	0.53	0.67	0	|	62.0	0.67(62)	0.67(62)	|	7850	
4673	286	ok	|	0.52	1.00	1.00	0.64	0.11	0	|	rapi	0.52	0.64	0	|	62.0	0.64(62)	0.64(62)	|	7850	
4673	287	ok	|	0.54	1.00	1.00	0.67	0.11	0	|	rapi	0.54	0.67	0	|	62.0	0.67(62)	0.67(62)	|	7850	
4673	288	ok	|	0.53	1.00	1.00	0.67	0.11	0	|	rapi	0.53	0.67	0	|	62.0	0.67(62)	0.67(62)	|	7850	
4673	289	ok	|	0.55	1.00	1.00	0.68	0.11	0	|	rapi	0.55	0.68	0	|	62.0	0.68(62)	0.68(62)	|	7850	
4673	290	ok	|	0.56	1.00	1.00	0.70	0.12	0	|	rapi	0.56	0.70	0	|	62.0	0.70(62)	0.70(62)	|	7850	
4673	291	ok	|	0.55	1.00	1.00	0.69	0.12	0	|	rapi	0.55	0.69	0	|	62.0	0.69(62)	0.69(62)	|	7850	
4673	292	ok	|	0.53	1.00	1.00	0.68	0.11	0	|	rapi	0.53	0.68	0	|	62.0	0.68(62)	0.68(62)	|	7850	
4673	293	ok	|	0.57	1.00	1.00	0.71	0.12	0	|	rapi	0.57	0.71	0	|	62.0	0.71(62)	0.71(62)	|	7850	
4673	294	ok	|	0.56	1.00	1.00	0.71	0.12	0	|	rapi	0.56	0.71	0	|	62.0	0.71(62)	0.71(62)	|	7850	
4673	295	ok	|	0.56	1.00	1.00	0.70	0.12	0	|	rapi	0.56	0.70	0	|	62.0	0.70(62)	0.70(62)	|	7850	
4673	296	ok	|	0.58	1.00	1.00	0.72	0.12	0	|	rapi	0.58	0.72	0	|	62.0	0.72(62)	0.72(62)	|	7850	
4673	297	ok	|	0.58	1.00	1.00	0.74	0.12	0	|	rapi	0.58	0.74	0	|	62.0	0.74(62)	0.74(62)	|	7850	
4673	298	ok	|	0.60	1.00	1.00	0.76	0.13	0	|	rapi	0.60	0.76	0	|	62.0	0.76(62)	0.76(62)	|	7850	
4673	299	ok	|	0.60	1.00	1.00	0.77	0.13	0	|	rapi	0.60	0.77	0	|	62.0	0.77(62)	0.77(62)	|	7850	
4673	300	ok	|	0.59	1.00	1.00	0.77	0.13	0	|	rapi	0.59	0.77	0	|	62.0	0.77(62)	0.77(62)	|	7850	
4673	301	ok	|	0.60	1.00	1.00	0.76	0.13	0	|	rapi	0.60	0.76	0	|	62.0	0.76(62)	0.76(62)	|	7850	
4673	302	ok	|	0.60	1.00	1.00	0.76	0.13	0	|	rapi	0.60	0.76	0	|	62.0	0.76(62)	0.76(62)	|	7850	
4673	303	ok	|	0.58	1.00	1.00	0.73	0.12	0	|	rapi	0.58	0.73	0	|	62.0	0.73(62)	0.73(62)	|	7850	
4673	304	ok	|	0.58	1.00	1.00	0.71	0.12	0	|	rapi	0.58	0.71	0	|	62.0	0.71(62)	0.71(62)	|	7850	
4673	305	ok	|	0.57	1.00	1.00	0.71	0.12	0	|	rapi	0.57	0.71	0	|	62.0	0.71(62)	0.71(62)	|	7850	
4673	306	ok	|	0.56	1.00	1.00	0.71	0.12	0	|	rapi	0.56	0.71	0	|	62.0	0.71(62)	0.71(62)	|	7850	
4673	307	ok	|	0.58	1.00	1.00	0.74	0.12	0	|	rapi	0.58	0.74	0	|	62.0	0.74(62)	0.74(62)	|	7850	
4673	308	ok	|	0.60	1.00	1.00	0.75	0.12	0	|	rapi	0.60	0.75	0	|	62.0	0.75(62)	0.75(62)	|	7850	
4673	309	ok	|	0.61	1.00	1.00	0.76	0.13	0	|	rapi	0.61	0.76	0	|	62.0	0.76(62)	0.76(62)	|	7850	
4673	310	ok	|	0.57	1.00	1.00	0.72	0.12	0	|	rapi	0.57	0.72	0	|	62.0	0.72(62)	0.72(62)	|	7850	
4673	311	ok	|	0.57	1.00	1.00	0.69	0.12	0	|	rapi	0.57	0.69	0	|	62.0	0.69(62)	0.69(62)	|	7850	
4673	312	ok	|	0.55	1.00	1.00	0.67	0.17	0	|	rapi	0.55	0.67	0	|	62.0	0.67(62)	0.67(62)	|	7850	
4673	313	ok	|	0.57	1.00	1.00	0.70	0.17	0	|	rapi	0.57	0.70	0	|	62.0	0.70(62)	0.70(62)	|	7850	
4673	314	ok	|	0.57	1.00	1.00	0.70	0.18	0	|	rapi	0.57	0.70	0	|	62.0	0.70(62)	0.70(62)	|	7850	
4673	315	ok	|	0.57	1.00	1.00	0.70	0.18	0	|	rapi	0.57	0.70	0	|	62.0	0.70(62)	0.70(62)	|	7850	
4673	316	ok	|	0.59	1.00	1.00	0.73	0.18	0	|	rapi	0.59	0.73	0	|	62.0	0.73(62)	0.73(62)	|	7850	
4673	317	ok	|	0.61	1.00	1.00	0.78	0.20	0	|	rapi	0.61	0.78	0	|	62.0	0.78(62)	0.78(62)	|	7850	
4673	318	ok	|	0.63	1.00	1.00	0.80	0.20	0	|	rapi	0.63	0.80	0	|	62.0	0.80(62)	0.80(62)	|	7850	
4673	319	ok	|	0.64	1.00	1.00	0.82	0.21	0	|	rapi	0.64	0.82	0	|	62.0	0.82(62)	0.82(62)	|	7850	
4673	320	ok	|	0.63	1.00	1.00	0.79	0.20	0	|	rapi	0.63	0.79	0	|	62.0	0.79(62)	0.79(62)	|	7850	
4673	321	ok	|	0.64	1.00	1.00	0.84	0.21	0	|	rapi	0.64	0.84	0	|	62.0	0.84(62)	0.84(62)	|	7850	
4673	322	ok	|	0.67	1.00	1.00	0.85	0.21	0	|	rapi	0.67	0.85	0	|	62.0	0.85(62)	0.85(62)	|	7850	
4673	323	ok	|	0.65	1.00	1.00	0.86	0.22	0	|	rapi	0.65	0.86	0	|	62.0	0.86(62)	0.86(62)	|	7850	
4673	324	ok	|	0.66	1.00	1.00	0.87	0.22	0	|	rapi	0.66	0.87	0	|	62.0	0.87(62)	0.87(62)	|	7850	
4673	325	ok	|	0.68	1.00	1.00	0.87	0.22	0	|	rapi	0.68	0.87	0	|	62.0	0.87(62)	0.87(62)	|	7850	
4673	326	ok	|	0.65	1.00	1.00	0.85	0.21	0	|	rapi	0.65	0.85	0	|	62.0	0.85(62)	0.85(62)	|	7850	
4673	327	ok	|	0.65	1.00	1.00	0.84	0.21	0	|	rapi	0.65	0.84	0	|	62.0	0.84(62)	0.84(62)	|	7850	
4673	328	ok	|	0.66	1.00	1.00	0.84	0.21	0	|	rapi	0.66	0.84	0	|	62.0	0.84(62)	0.84(62)	|	7850	
4673	329	ok	|	0.67	1.00	1.00	0.89	0.22	0	|	rapi	0.67	0.89	0	|	62.0	0.89(62)	0.89(62)	|	7850	
4673	330	ok	|	0.68	1.00	1.00	0.89	0.22	0	|	rapi	0.68	0.89	0	|	62.0	0.89(62)	0.89(62)	|	7850	
4673	331	ok	|	0.68	1.00	1.00	0.89	0.22	0	|	rapi	0.68	0.89	0	|	62.0	0.89(62)	0.89(62)	|	7850	
4673	332	ok	|	0.69	1.00	1.00	0.93	0.23	0	|	rapi	0.69	0.93	0	|	62.0	0.93(62)	0.93(62)	|	7850	
4673	333	ok	|	0.71	1.00	1.00	0.94	0.23	0	|	rapi	0.71	0.94	0	|	62.0	0.94(62)	0.94(62)	|	7850	
4673	334	ok	|	0.70	1.00	1.00	0.94	0.23	0	|	rapi	0.70	0.94	0	|	62.0	0.94(62)	0.94(62)	|	7850	
4673	335	ok	|	0.68	1.00	1.00	0.91	0.23	0	|	rapi	0.68	0.91	0	|	62.0	0.91(62)	0.91(62)	|	7850	
4673	336	ok	|	0.70	1.00	1.00	0.93	0.23	0	|	rapi	0.70	0.93	0	|	62.0	0.93(62)	0.93(62)	|	7850	
4673	337	ok	|	0.70	1.00	1.00	0.94	0.24	0	|	rapi	0.70	0.94	0	|	62.0	0.94(62)	0.94(62)	|	7850	
4673	338	ok	|	0.72	1.00	1.00	0.96	0.24	0	|	rapi	0.72	0.96	0	|	62.0	0.96(62)	0.96(62)	|	7850	
4673	339	ok	|	0.71	1.00	1.00	0.97	0.24	0	|	rapi	0.71	0.97	0	|	62.0	0.97(62)	0.97(62)	|	7850	
4673	340	ok	|	0.73	1.00	1.00	1.00	0.25	0	|	rapi	0.73	1.00	0	|	62.0	1.00(62)	1.00(62)	|	7850	
4673	341	ok	|	0.75	1.00	1.00	1.01	0.25	0	|	rapi	0.75	1.01	0	|	62.0	1.01(62)	1.01(62)	|	7850	
4673	342	ok	|	0.72	1.00	1.00	0.96	0.24	0	|	rapi	0.72	0.96	0	|	62.0	0.96(62)	0.96(62)	|	7850	
4673	343	ok	|	0.71	1.00	1.00	0.98	0.24	0	|	rapi	0.71	0.98	0	|	62.0	0.98(62)	0.98(62)	|	7850	
4673	344	ok	|	0.71	1.00	1.00	0.95	0.24	0	|	rapi	0.71	0.95	0	|	62.0	0.95(62)	0.95(62)	|	7850	
4673	345	ok	|	0.71	1.00	1.00	0.98	0.24	0	|	rapi	0.71	0.98	0	|	62.0	0.98(62)	0.98(62)	|	7850	
4673	346	ok	|	0.72	1.00	1.00	0.97	0.24	0	|	rapi	0.72	0.97	0	|	62.0	0.97(62)	0.97(62)	|	7850	
4673	347	ok	|	0.73	1.00	1.00	1.01	0.25	0	|	rapi	0.73	1.01	0	|	62.0	1.01(62)	1.01(62)	|	7850	
4673	348	ok	|	0.69	1.00	1.00	0.95	0.24	0	|	rapi	0.69	0.95	0	|	62.0	0.95(62)	0.95(62)	|	7850	
4673	349	ok	|	0.67	1.00	1.00	0.89	0.22	0	|	rapi	0.67	0.89	0	|	62.0	0.89(62)	0.89(62)	|	7850	
4673	350	ok	|	0.69	1.00	1.00	0.94	0.23	0	|	rapi	0.69	0.94	0	|	62.0	0.94(62)	0.94(62)	|	7850	
4673	351	ok	|	0.69	1.00	1.00	0.94	0.23	0	|	rapi	0.69	0.94	0	|	62.0	0.94(62)	0.94(62)	|	7850	
4673	352	ok	|	0.68	1.00	1.00	0.92	0.23	0	|	rapi	0.68	0.92	0	|	62.0	0.92(62)	0.92(62)	|	7850	
4673	353	ok	|	0.69	1.00	1.00	0.92	0.23	0	|	rapi	0.69	0.92	0	|	62.0	0.92(62)	0.92(62)	|	7850	
4673	354	ok	|	0.70	1.00	1.00	0.94	0.23	0	|	rapi	0.70	0.94	0	|	62.0	0.94(62)	0.94(62)	|	7850	
4673	355	ok	|	0.70	1.00	1.00	0.94	0.23	0	|	rapi	0.70	0.94	0	|	62.0	0.94(62)	0.94(62)	|	7850	
4673	356	ok	|	0.72	1.00	1.00	0.94	0.24	0	|	rapi	0.72	0.94	0	|	62.0	0.94(62)	0.94(62)	|	7850	
4673	357	ok	|	0.67	1.00	1.00	0.94	0.23	0	|	rapi	0.67	0.94	0	|	62.0	0.94(62)	0.94(62)	|	7850	
4673	358	ok	|	0.68	1.00	1.00	0.91	0.23	0	|	rapi	0.68	0.91	0	|	62.0	0.91(62)	0.91(62)	|	7850	
4673	359	ok	|	0.66	1.00	1.00	0.88	0.22	0	|	rapi	0.66	0.88	0	|	62.0	0.88(62)	0.88(62)	|	7850	
4673	360	ok	|	0.66	1.00	1.00	0.87	0.22	0	|	rapi	0.66	0.87	0	|	62.0	0.87(62)	0.87(62)	|	7850	
4673	361	ok	|	0.64	1.00	1.00	0.85	0.21	0	|	rapi	0.64	0.85	0	|	62.0	0.85(62)	0.85(62)	|	7850	
4673	362	ok	|	0.64	1.00	1.00	0.85	0.21	0	|	rapi	0.64	0.85	0	|	62.0	0.85(62)	0.85(62)	|	7850	
4673	363	ok	|	0.66	1.00	1.00	0.85	0.21	0	|	rapi	0.66	0.85	0	|	62.0	0.85(62)	0.85(62)	|	7850	
4673	364	ok	|	0.63	1.00	1.00	0.83	0.21	0	|	rapi	0.63	0.83	0	|	62.0	0.83(62)	0.83(62)	|	7850	
4673	365	ok	|	0.65	1.00	1.00	0.85	0.21	0	|	rapi	0.65	0.85	0	|	62.0	0.85(62)	0.85(62)	|	7850	
4673	366	ok	|	0.66	1.00	1.00	0.86	0.22	0	|	rapi	0.66	0.86	0	|	62.0	0.86(62)	0.86(62)	|	7850	
4673	367	ok	|	0.66	1.00	1.00	0.87	0.22	0	|	rapi	0.66	0.87	0	|	62.0	0.87(62)	0.87(62)	|	7850	
4673	368	ok	|	0.67	1.00	1.00	0.92	0.23	0	|	rapi	0.67	0.92	0	|	62.0	0.92(62)	0.92(62)	|	7850	
4673	369	ok	|	0.69	1.00	1.00	0.91	0.23	0	|	rapi	0.69	0.91	0	|	62.0	0.91(62)	0.91(62)	|	7850	
4673	370	ok	|	0.68	1.00	1.00	0.92	0.23	0	|	rapi	0.68	0.92	0	|	62.0	0.92(62)	0.92(62)	|	7850	
4673	371	ok	|	0.68	1.00	1.00	0.91	0.23	0	|	rapi	0.68	0.91	0	|	62.0	0.91(62)	0.91(62)	|	7850	
4673	372	ok	|	0.70	1.00	1.00	0.93	0.23	0	|	rapi	0.70	0.93	0	|	62.0	0.93(62)	0.93(62)	|	7850	
4673	373	ok	|	0.68	1.00	1.00	0.91	0.23	0	|	rapi	0.68	0.91	0	|	62.0	0.91(62)	0.91(62)	|	7850	
4673	374	ok	|	0.69	1.00	1.00	0.92	0.23	0	|	rapi	0.69	0.92	0	|	62.0	0.92(62)	0.92(62)	|	7850	
4673	375	ok	|	0.69	1.00	1.00	0.92	0.23	0	|	rapi	0.69	0.92	0	|	62.0	0.92(62)	0.92(62)	|	7850	
4673	376	ok	|	0.70	1.00	1.00	0.92	0.23	0	|	rapi	0.70	0.92	0	|	62.0	0.92(62)	0.92(62)	|	7850	
4673	377	ok	|	0.67	1.00	1.00	0.90	0.22	0	|	rapi	0.67	0.90	0	|	62.0	0.90(62)	0.90(62)	|	7850	
4673	378	ok	|	0.67	1.00	1.00	0.88	0.22	0	|	rapi	0.67	0.88	0	|	62.0	0.88(62)	0.88(62)	|	7850	
4673	379	ok	|	0.68	1.00	1.00	0.88	0.22	0	|	rapi	0.68	0.88	0	|	62.0	0.88(62)	0.88(62)	|	7850	
4673	380	ok	|	0.69	1.00	1.00	0.89	0.22	0	|	rapi	0.69	0.89	0	|	62.0	0.89(62)	0.89(62)	|	7850	
4673	381	ok	|	0.66	1.00	1.00	0.86	0.22	0	|	rapi	0.66	0.86	0	|	62.0	0.86(62)	0.86(62)	|	7850	
4673	382	ok	|	0.66	1.00	1.00	0.85	0.21	0	|	rapi	0.66	0.85	0	|	62.0	0.85(62)	0.85(62)	|	7850	
4673	383	ok	|	0.64	1.00	1.00	0.84	0.21	0	|	rapi	0.64	0.84	0	|	62.0	0.84(62)	0.84(62)	|	7850	
4673	384	ok	|	0.67	1.00	1.00	0.86	0.22	0	|	rapi	0.67	0.86	0	|	62.0	0.86(62)	0.86(62)	|	7850	
4673	385	ok	|	0.68	1.00	1.00	0.90	0.22	0	|	rapi	0.68	0.90	0	|	62.0	0.90(62)	0.90(62)	|	7850	
4673	386	ok	|	0.63	1.00	1.00	0.86	0.22	0	|	rapi	0.63	0.86	0	|	62.0	0.86(62)	0.86(62)	|	7850	
4673	387	ok	|	0.64	1.00	1.00	0.83	0.21	0	|	rapi	0.64	0.83	0	|	62.0	0.83(62)	0.83(62)	|	7850	
4673	388	ok	|	0.64	1.00	1.00	0.83	0.21	0	|	rapi	0.64	0.83	0	|	62.0	0.83(62)	0.83(62)	|	7850	
4673	389	ok	|	0.67	1.00	1.00	0.89	0.22	0	|	rapi	0.67	0.89	0	|	62.0	0.89(62)	0.89(62)	|	7850	
4673	390	ok	|	0.70	1.00	1.00	0.93	0.23	0	|	rapi	0.70	0.93	0	|	62.0	0.93(62)	0.93(62)	|	7850	
4673	391	ok	|	0.71	1.00	1.00	0.97	0.24	0	|	rapi	0.71	0.97	0	|	62.0	0.97(62)	0.97(62)	|	7850	
4673	392	ok	|	0.73	1.00	1.00	0.96	0.24	0	|	rapi	0.73	0.96	0	|	62.0	0.96(62)	0.96(62)	|	7850	
4673	393	ok	|	0.69	1.00	1.00	0.93	0.23	0	|	rapi	0.69	0.93	0	|	62.0	0.93(62)	0.93(62)	|	7850	
4673	394	ok	|	0.70	1.00	1.00	0.92	0.23	0	|	rapi	0.70	0.92	0	|	62.0	0.92(62)	0.92(62)	|	7850	
4673	395	ok	|	0.69	1.00	1.00	0.91	0.23	0	|	rapi	0.69	0.91	0	|	62.0	0.91(62)	0.91(62)	|	7850	
4673	396	ok	|	0.71	1.00	1.00	0.92	0.23	0	|	rapi	0.71	0.92	0	|	62.0	0.92(62)	0.92(62)	|	7850	
4673	397	ok	|	0.70	1.00	1.00	0.89	0.22	0	|	rapi	0.70	0.89	0	|	62.0	0.89(62)	0.89(62)	|	7850	
4673	398	ok	|	0.69	1.00	1.00	0.91	0.23	0	|	rapi	0.69	0.91	0	|	62.0	0.91(62)	0.91(62)	|	7850	
4673	399	ok	|	0.71	1.00	1.00	0.95	0.24	0	|	rapi	0.71	0.95	0	|	62.0	0.95(62)	0.95(62)	|	7850	
4673	400	ok	|	0.70	1.00	1.00	0.92	0.23	0	|	rapi	0.70	0.92	0	|	62.0	0.92(62)	0.92(62)	|	7850	
4673	401	ok	|	0.70	1.00	1.00	0.94	0.23	0	|	rapi	0.70	0.94	0	|	62.0	0.94(62)	0.94(62)	|	7850	
4673	402	ok	|	0.71	1.00	1.00	0.94	0.23	0	|	rapi	0.71	0.94	0	|	62.0	0.94(62)	0.94(62)	|	7850	
4673	403	ok	|	0.69	1.00	1.00	0.92	0.23	0	|	rapi	0.69	0.92	0	|	62.0	0.92(62)	0.92(62)	|	7850	
4673	404	ok	|	0.69	1.00	1.00	0.88	0.22	0	|	rapi	0.69	0.88	0	|	62.0	0.88(62)	0.88(62)	|	7850	
4673	405	ok	|	0.68	1.00	1.00	0.90	0.22	0	|	rapi	0.68	0.90	0	|	62.0	0.90(62)	0.90(62)	|	7850	
4673	406	ok	|	0.69	1.00	1.00	0.93	0.23	0	|	rapi	0.69	0.93	0	|	62.0	0.93(62)	0.93(62)	|	7850	
4673	407	ok	|	0.66	1.00	1.00	0.87	0.22	0	|	rapi	0.66	0.87	0	|	62.0	0.87(62)	0.87(62)	|	7850	
4673	408	ok	|	0.68	1.00	1.00	0.89	0.22	0	|	rapi	0.68	0.89	0	|	62.0	0.89(62)	0.89(62)	|	7850	
4673	409	ok	|	0.66	1.00	1.00	0.87	0.22	0	|	rapi	0.66	0.87	0	|	62.0	0.87(62)	0.87(62)	|	7850	
4673	410	ok	|	0.67	1.00	1.00	0.87	0.22	0	|	rapi	0.67	0.87	0	|	62.0	0.87(62)	0.87(62)	|	7850	
4673	411	ok	|	0.64	1.00	1.00	0.83	0.21	0	|	rapi	0.64	0.83	0	|	62.0	0.83(62)	0.83(62)	|	7850	
4673	412	ok	|	0.67	1.00	1.00	0.87	0.22	0	|	rapi	0.67	0.87	0	|	62.0	0.87(62)	0.87(62)	|	7850	
4673	413	ok	|	0.66	1.00	1.00	0.85	0.21	0	|	rapi	0.66	0.85	0	|	62.0	0.85(62)	0.85(62)	|	7850	
4673	414	ok	|	0.64	1.00	1.00	0.83	0.21	0	|	rapi	0.64	0.83	0	|	62.0	0.83(62)	0.83(62)	|	7850	
4673	415	ok	|	0.63	1.00	1.00	0.83	0.21	0	|	rapi	0.63	0.83	0	|	62.0	0.83(62)	0.83(62)	|	7850	
4673	416	ok	|	0.64	1.00	1.00	0.82	0.21	0	|	rapi	0.64	0.82	0	|	62.0	0.82(62)	0.82(62)	|	7850	
4673	417	ok	|	0.64	1.00	1.00	0.81	0.20	0	|	rapi	0.64	0.81	0	|	62.0	0.81(62)	0.81(62)	|	7850	
4673	418	ok	|	0.64	1.00	1.00	0.83	0.21	0	|	rapi	0.64	0.83	0	|	62.0	0.83(62)	0.83(62)	|	7850	
4673	419	ok	|	0.66	1.00	1.00	0.85	0.21	0	|	rapi	0.66	0.85	0	|	62.0	0.85(62)	0.85(62)	|	7850	
4673	420	ok	|	0.65	1.00	1.00	0.82	0.21	0	|	rapi	0.65	0.82	0	|	62.0	0.82(62)	0.82(62)	|	7850	
4673	421	ok	|	0.65	1.00	1.00	0.86	0.21	0	|	rapi	0.65	0.86	0	|	62.0	0.86(62)	0.86(62)	|	7850	
4673	422	ok	|	0.68	1.00	1.00	0.88	0.22	0	|	rapi	0.68	0.88	0	|	62.0	0.88(62)	0.88(62)	|	7850	
4673	423	ok	|	0.70	1.00	1.00	0.89	0.22	0	|	rapi	0.70	0.89	0	|	62.0	0.89(62)	0.89(62)	|	7850	
4673	424	ok	|	0.67	1.00	1.00	0.87	0.22	0	|	rapi	0.67	0.87	0	|	62.0	0.87(62)	0.87(62)	|	7850	
4673	425	ok	|	0.66	1.00	1.00	0.86	0.22	0	|	rapi	0.66	0.86	0	|	62.0	0.86(62)	0.86(62)	|	7850	
4673	426	ok	|	0.68	1.00	1.00	0.88	0.22	0	|	rapi	0.68	0.88	0	|	62.0	0.88(62)	0.88(62)	|	7850	
4673	427	ok	|	0.66	1.00	1.00	0.84	0.21	0	|	rapi	0.66	0.84	0	|	62.0	0.84(62)	0.84(62)	|	7850	
4673	428	ok	|	0.66	1.00	1.00	0.82	0.21	0	|	rapi	0.66	0.82	0	|	62.0	0.82(62)	0.82(62)	|	7850	
4673	429	ok	|	0.66	1.00	1.00	0.83	0.21	0	|	rapi	0.66	0.83	0	|	62.0	0.83(62)	0.83(62)	|	7850	
4673	430	ok	|	0.64	1.00	1.00	0.79	0.20	0	|	rapi	0.64	0.79	0	|	62.0	0.79(62)	0.79(62)	|	7850	
4673	431	ok	|	0.61	1.00	1.00	0.77	0.19	0	|	rapi	0.61	0.77	0	|	62.0	0.77(62)	0.77(62)	|	7850	
4673	432	ok	|	0.61	1.00	1.00	0.74	0.19	0	|	rapi	0.61	0.74	0	|	62.0	0.74(62)	0.74(62)	|	7850	
4673	433	ok	|	0.59	1.00	1.00	0.73	0.18	0	|	rapi	0.59	0.73	0	|	62.0	0.73(62)	0.73(62)	|	7850	
4673	434	ok	|	0.60	1.00	1.00	0.74	0.19	0	|	rapi	0.60	0.74	0	|	62.0	0.74(62)	0.74(62)	|	7850	
4673	435	ok	|	0.58	1.00	1.00	0.71	0.18	0	|	rapi	0.58	0.71	0	|	62.0	0.71(62)	0.71(62)	|	7850	
4673	436	ok	|	0.59	1.00	1.00	0.72	0.18	0	|	rapi	0.59	0.72	0	|	62.0	0.72(62)	0.72(62)	|	7850	
4673	437	ok	|	0.58	1.00	1.00	0.70	0.18	0	|	rapi	0.58	0.70	0	|	62.0	0.70(62)	0.70(62)	|	7850	
4673	438	ok	|	0.57	1.00	1.00	0.72	0.18	0	|	rapi	0.57	0.72	0	|	62.0	0.72(62)	0.72(62)	|	7850	
4673	439	ok	|	0.57	1.00	1.00	0.73	0.18	0	|	rapi	0.57	0.73	0	|	62.0	0.73(62)	0.73(62)	|	7850	
4673	440	ok	|	0.57	1.00	1.00	0.72	0.18	0	|	rapi	0.57	0.72	0	|	62.0	0.72(62)	0.72(62)	|	7850	
4673	441	ok	|	0.55	1.00	1.00	0.70	0.18	0	|	rapi	0.55	0.70	0	|	62.0	0.70(62)	0.70(62)	|	7850	
4673	442	ok	|	0.54	1.00	1.00	0.68	0.17	0	|	rapi	0.54	0.68	0	|	62.0	0.68(62)	0.68(62)	|	7850	
4673	443	ok	|	0.56	1.00	1.00	0.68	0.17	0	|	rapi	0.56	0.68	0	|	62.0	0.68(62)	0.68(62)	|	7850	
4673	444	ok	|	0.55	1.00	1.00	0.67	0.17	0	|	rapi	0.55	0.67	0	|	62.0	0.67(62)	0.67(62)	|	7850	
4673	445	ok	|	0.55	1.00	1.00	0.68	0.17	0	|	rapi	0.55	0.68	0	|	62.0	0.68(62)	0.68(62)	|	7850	
4673	446	ok	|	0.53	1.00	1.00	0.67	0.17	0	|	rapi	0.53	0.67	0	|	62.0	0.67(62)	0.67(62)	|	7850	
4673	447	ok	|	0.54	1.00	1.00	0.63	0.16	0	|	rapi	0.54	0.63	0	|	62.0	0.63(62)	0.63(62)	|	7850	
4673	448	ok	|	0.49	1.00	1.00	0.60	0.15	0	|	rapi	0.49	0.60	0	|	62.0	0.60(62)	0.60(62)	|	7850	
4673	449	ok	|	0.49	1.00	1.00	0.59	0.15	0	|	rapi	0.49	0.59	0	|	62.0	0.59(62)	0.59(62)	|	7850	
4673	450	ok	|	0.48	1.00	1.00	0.59	0.15	0	|	rapi	0.48	0.59	0	|	62.0	0.59(62)	0.59(62)	|	7850	
4673	451	ok	|	0.48	1.00	1.00	0.58	0.14	0	|	rapi	0.48	0.58	0	|	62.0	0.58(62)	0.58(62)	|	7850	
4673	452	ok	|	0.49	1.00	1.00	0.59	0.15	0	|	rapi	0.49	0.59	0	|	62.0	0.59(62)	0.59(62)	|	7850	
4673	453	ok	|	0.52	1.00	1.00	0.61	0.15	0	|	rapi	0.52	0.61	0	|	62.0	0.61(62)	0.61(62)	|	7850	
4673	454	ok	|	0.52	1.00	1.00	0.60	0.15	0	|	rapi	0.52	0.60	0	|	62.0	0.60(62)	0.60(62)	|	7850	
4673	455	ok	|	0.50	1.00	1.00	0.58	0.15	0	|	rapi	0.50	0.58	0	|	62.0	0.58(62)	0.58(62)	|	7850	
4673	456	ok	|	0.51	1.00	1.00	0.60	0.15	0	|	rapi	0.51	0.60	0	|	62.0	0.60(62)	0.60(62)	|	7850	
4673	457	ok	|	0.49	1.00	1.00	0.59	0.15	0	|	rapi	0.49	0.59	0	|	62.0	0.59(62)	0.59(62)	|	7850	
4673	458	ok	|	0.50	1.00	1.00	0.59	0.15	0	|	rapi	0.50	0.59	0	|	62.0	0.59(62)	0.59(62)	|	7850	
4673	459	ok	|	0.52	1.00	1.00	0.61	0.15	0	|	rapi	0.52	0.61	0	|	62.0	0.61(62)	0.61(62)	|	7850	
4673	460	ok	|	0.54	1.00	1.00	0.66	0.16	0	|	rapi	0.54	0.66	0	|	62.0	0.66(62)	0.66(62)	|	7850	
4673	461	ok	|	0.53	1.00	1.00	0.64	0.16	0	|	rapi	0.53	0.64	0	|	62.0	0.64(62)	0.64(62)	|	7850	
4673	462	ok	|	0.52	1.00	1.00	0.61	0.15	0	|	rapi	0.52	0.61	0	|	62.0	0.61(62)	0.61(62)	|	7850	
4673	463	ok	|	0.53	1.00	1.00	0.64	0.16	0	|	rapi	0.53	0.64	0	|	62.0	0.64(62)	0.64(62)	|	7850	
4673	464	ok	|	0.55	1.00	1.00	0.66	0.16	0	|	rapi	0.55	0.66	0	|	62.0	0.66(62)	0.66(62)	|	7850	
4673	465	ok	|	0.55	1.00	1.00	0.65	0.16	0	|	rapi	0.55	0.65	0	|	62.0	0.65(62)	0.65(62)	|	7850	
4673	466	ok	|	0.55	1.00	1.00	0.65	0.16	0	|	rapi	0.55	0.65	0	|	62.0	0.65(62)	0.65(62)	|	7850	
4673	467	ok	|	0.53	1.00	1.00	0.62	0.15	0	|	rapi	0.53	0.62	0	|	62.0	0.62(62)	0.62(62)	|	7850	
4673	468	ok	|	0.50	1.00	1.00	0.60	0.15	0	|	rapi	0.50	0.60	0	|	62.0	0.60(62)	0.60(62)	|	7850	
4673	469	ok	|	0.52	1.00	1.00	0.63	0.16	0	|	rapi	0.52	0.63	0	|	62.0	0.63(62)	0.63(62)	|	7850	
4673	470	ok	|	0.52	1.00	1.00	0.64	0.16	0	|	rapi	0.52	0.64	0	|	62.0	0.64(62)	0.64(62)	|	7850	
4673	471	ok	|	0.55	1.00	1.00	0.67	0.17	0	|	rapi	0.55	0.67	0	|	62.0	0.67(62)	0.67(62)	|	7850	
4673	472	ok	|	0.55	1.00	1.00	0.69	0.17	0	|	rapi	0.55	0.69	0	|	62.0	0.69(62)	0.69(62)	|	7850	
4673	473	ok	|	0.55	1.00	1.00	0.67	0.17	0	|	rapi	0.55	0.67	0	|	62.0	0.67(62)	0.67(62)	|	7850	
4673	474	ok	|	0.53	1.00	1.00	0.67	0.17	0	|	rapi	0.53	0.67	0	|	62.0	0.67(62)	0.67(62)	|	7850	
4673	475	ok	|	0.54	1.00	1.00	0.65	0.16	0	|	rapi	0.54	0.65	0	|	62.0	0.65(62)	0.65(62)	|	7850	
4673	476	ok	|	0.53	1.00	1.00	0.63	0.16	0	|	rapi	0.53	0.63	0	|	62.0	0.63(62)	0.63(62)	|	7850	
4673	477	ok	|	0.53	1.00	1.00	0.62	0.15	0	|	rapi	0.53	0.62	0	|	62.0	0.62(62)	0.62(62)	|	7850	
4673	478	ok	|	0.51	1.00	1.00	0.61	0.15	0	|	rapi	0.51	0.61	0	|	62.0	0.61(62)	0.61(62)	|	7850	
4673	479	ok	|	0.50	1.00	1.00	0.61	0.15	0	|	rapi	0.50	0.61	0	|	62.0	0.61(62)	0.61(62)	|	7850	
4673	480	ok	|	0.48	1.00	1.00	0.60	0.15	0	|	rapi	0.48	0.60	0	|	62.0	0.60(62)	0.60(62)	|	7850	
4673	481	ok	|	0.50	1.00	1.00	0.61	0.15	0	|	rapi	0.50	0.61	0	|	62.0	0.61(62)	0.61(62)	|	7850	
4673	482	ok	|	0.49	1.00	1.00	0.60	0.15	0	|	rapi	0.49	0.60	0	|	62.0	0.60(62)	0.60(62)	|	7850	
4673	483	ok	|	0.49	1.00	1.00	0.60	0.15	0	|	rapi	0.49	0.60	0	|	62.0	0.60(62)	0.60(62)	|	7850	
4673	484	ok	|	0.52	1.00	1.00	0.61	0.15	0	|	rapi	0.52	0.61	0	|	62.0	0.61(62)	0.61(62)	|	7850	
4673	485	ok	|	0.51	1.00	1.00	0.61	0.15	0	|	rapi	0.51	0.61	0	|	62.0	0.61(62)	0.61(62)	|	7850	
4673	486	ok	|	0.50	1.00	1.00	0.60	0.15	0	|	rapi	0.50	0.60	0	|	62.0	0.60(62)	0.60(62)	|	7850	
4673	487	ok	|	0.49	1.00	1.00	0.61	0.15	0	|	rapi	0.49	0.61	0	|	62.0	0.61(62)	0.61(62)	|	7850	
4673	488	ok	|	0.51	1.00	1.00	0.60	0.15	0	|	rapi	0.51	0.60	0	|	62.0	0.60(62)	0.60(62)	|	7850	
4673	489	ok	|	0.52	1.00	1.00	0.60	0.15	0	|	rapi	0.52	0.60	0	|	62.0	0.60(62)	0.60(62)	|	7850	
4673	490	ok	|	0.49	1.00	1.00	0.59	0.15	0	|	rapi	0.49	0.59	0	|	62.0	0.59(62)	0.59(62)	|	7850	
4673	491	ok	|	0.50	1.00	1.00	0.59	0.15	0	|	rapi	0.50	0.59	0	|	62.0	0.59(62)	0.59(62)	|	7850	
4673	492	ok	|	0.48	1.00	1.00	0.57	0.14	0	|	rapi	0.48	0.57	0	|	62.0	0.57(62)	0.57(62)	|	7850	
4673	493	ok	|	0.48	1.00	1.00	0.56	0.14	0	|	rapi	0.48	0.56	0	|	62.0	0.56(62)	0.56(62)	|	7850	
4673	494	ok	|	0.43	1.00	1.00	0.52	0.13	0	|	rapi	0.43	0.52	0	|	62.0	0.52(62)	0.52(62)	|	7850	
4673	495	ok	|	0.44	1.00	1.00	0.52	0.13	0	|	rapi	0.44	0.52	0	|	62.0	0.52(62)	0.52(62)	|	7850	
4673	496	ok	|	0.46	1.00	1.00	0.56	0.14	0	|	rapi	0.46	0.56	0	|	62.0	0.56(62)	0.56(62)	|	7850	
4673	497	ok	|	0.47	1.00	1.00	0.59	0.15	0	|	rapi	0.47	0.59	0	|	62.0	0.59(62)	0.59(62)	|	7850	
4673	498	ok	|	0.46	1.00	1.00	0.57	0.14	0	|	rapi	0.46	0.57	0	|	62.0	0.57(62)	0.57(62)	|	7850	
4673	499	ok	|	0.45	1.00	1.00	0.56	0.14	0	|	rapi	0.45	0.56	0	|	62.0	0.56(62)	0.56(62)	|	7850	
4673	500	ok	|	0.44	1.00	1.00	0.53	0.13	0	|	rapi	0.44	0.53	0	|	62.0	0.53(62)	0.53(62)	|	7850	
4673	501	ok	|	0.47	1.00	1.00	0.57	0.14	0	|	rapi	0.47	0.57	0	|	62.0	0.57(62)	0.57(62)	|	7850	
4673	502	ok	|	0.46	1.00	1.00	0.57	0.14	0	|	rapi	0.46	0.57	0	|	62.0	0.57(62)	0.57(62)	|	7850	
4673	503	ok	|	0.49	1.00	1.00	0.58	0.15	0	|	rapi	0.49	0.58	0	|	62.0	0.58(62)	0.58(62)	|	7850	
4673	504	ok	|	0.48	1.00	1.00	0.58	0.15	0	|	rapi	0.48	0.58	0	|	62.0	0.58(62)	0.58(62)	|	7850	
4673	505	ok	|	0.44	1.00	1.00	0.54	0.14	0	|	rapi	0.44	0.54	0	|	62.0	0.54(62)	0.54(62)	|	7850	
4673	506	ok	|	0.48	1.00	1.00	0.56	0.14	0	|	rapi	0.48	0.56	0	|	62.0	0.56(62)	0.56(62)	|	7850	
4673	507	ok	|	0.46	1.00	1.00	0.53	0.13	0	|	rapi	0.46	0.53	0	|	62.0	0.53(62)	0.53(62)	|	7850	
4673	508	ok	|	0.48	1.00	1.00	0.56	0.14	0	|	rapi	0.48	0.56	0	|	62.0	0.56(62)	0.56(62)	|	7850	
4673	509	ok	|	0.48	1.00	1.00	0.58	0.14	0	|	rapi	0.48	0.58	0	|	62.0	0.58(62)	0.58(62)	|	7850	
4673	510	ok	|	0.47	1.00	1.00	0.56	0.14	0	|	rapi	0.47	0.56	0	|	62.0	0.56(62)	0.56(62)	|	7850	
4673	511	ok	|	0.47	1.00	1.00	0.57	0.14	0	|	rapi	0.47	0.57	0	|	62.0	0.57(62)	0.57(62)	|	7850	
4673	512	ok	|	0.50	1.00	1.00	0.60	0.15	0	|	rapi	0.50	0.60	0	|	62.0	0.60(62)	0.60(62)	|	7850	
4673	513	ok	|	0.51	1.00	1.00	0.61	0.15	0	|	rapi	0.51	0.61	0	|	62.0	0.61(62)	0.61(62)	|	7850	
4673	514	ok	|	0.51	1.00	1.00	0.60	0.15	0	|	rapi	0.51	0.60	0	|	62.0	0.60(62)	0.60(62)	|	7850	
4673	515	ok	|	0.50	1.00	1.00	0.61	0.15	0	|	rapi	0.50	0.61	0	|	62.0	0.61(62)	0.61(62)	|	7850	
4673	516	ok	|	0.50	1.00	1.00	0.59	0.15	0	|	rapi	0.50	0.59	0	|	62.0	0.59(62)	0.59(62)	|	7850	
4673	517	ok	|	0.53	1.00	1.00	0.63	0.16	0	|	rapi	0.53	0.63	0	|	62.0	0.63(62)	0.63(62)	|	7850	
4673	518	ok	|	0.51	1.00	1.00	0.59	0.15	0	|	rapi	0.51	0.59	0	|	62.0	0.59(62)	0.59(62)	|	7850	
4673	519	ok	|	0.51	1.00	1.00	0.60	0.15	0	|	rapi	0.51	0.60	0	|	62.0	0.60(62)	0.60(62)	|	7850	
4673	520	ok	|	0.51	1.00	1.00	0.61	0.15	0	|	rapi	0.51	0.61	0	|	62.0	0.61(62)	0.61(62)	|	7850	
4673	521	ok	|	0.51	1.00	1.00	0.62	0.15	0	|	rapi	0.51	0.62	0	|	62.0	0.62(62)	0.62(62)	|	7850	
4673	522	ok	|	0.51	1.00	1.00	0.61	0.15	0	|	rapi	0.51	0.61	0	|	62.0	0.61(62)	0.61(62)	|	7850	
4673	523	ok	|	0.51	1.00	1.00	0.62	0.15	0	|	rapi	0.51	0.62	0	|	62.0	0.62(62)	0.62(62)	|	7850	
4673	524	ok	|	0.50	1.00	1.00	0.59	0.15	0	|	rapi	0.50	0.59	0	|	62.0	0.59(62)	0.59(62)	|	7850	
4673	525	ok	|	0.51	1.00	1.00	0.60	0.15	0	|	rapi	0.51	0.60	0	|	62.0	0.60(62)	0.60(62)	|	7850	
4673	526	ok	|	0.50	1.00	1.00	0.60	0.15	0	|	rapi	0.50	0.60	0	|	62.0	0.60(62)	0.60(62)	|	7850	
4673	527	ok	|	0.50	1.00	1.00	0.57	0.14	0	|	rapi	0.50	0.57	0	|	62.0	0.57(62)	0.57(62)	|	7850	
4673	528	ok	|	0.51	1.00	1.00	0.61	0.15	0	|	rapi	0.51	0.61	0	|	62.0	0.61(62)	0.61(62)	|	7850	
4673	529	ok	|	0.51	1.00	1.00	0.63	0.16	0	|	rapi	0.51	0.63	0	|	62.0	0.63(62)	0.63(62)	|	7850	
4673	530	ok	|	0.52	1.00	1.00	0.62	0.15	0	|	rapi	0.52	0.62	0	|	62.0	0.62(62)	0.62(62)	|	7850	
4673	531	ok	|	0.50	1.00	1.00	0.58	0.15	0	|	rapi	0.50	0.58	0	|	62.0	0.58(62)	0.58(62)	|	7850	
4673	532	ok	|	0.51	1.00	1.00	0.59	0.15	0	|	rapi	0.51	0.59	0	|	62.0	0.59(62)	0.59(62)	|	7850	
4673	533	ok	|	0.52	1.00	1.00	0.61	0.15	0	|	rapi	0.52	0.61	0	|	62.0	0.61(62)	0.61(62)	|	7850	
4673	534	ok	|	0.49	1.00	1.00	0.59	0.15	0	|	rapi	0.49	0.59	0	|	62.0	0.59(62)	0.59(62)	|	7850	
4673	535	ok	|	0.51	1.00	1.00	0.60	0.15	0	|	rapi	0.51	0.60	0	|	62.0	0.60(62)	0.60(62)	|	7850	
4673	536	ok	|	0.49	1.00	1.00	0.56	0.14	0	|	rapi	0.49	0.56	0	|	62.0	0.56(62)	0.56(62)	|	7850	
4673	537	ok	|	0.49	1.00	1.00	0.59	0.15	0	|	rapi	0.49	0.59	0	|	62.0	0.59(62)	0.59(62)	|	7850	
4673	538	ok	|	0.48	1.00	1.00	0.58	0.14	0	|	rapi	0.48	0.58	0	|	62.0	0.58(62)	0.58(62)	|	7850	
4673	539	ok	|	0.48	1.00	1.00	0.58	0.15	0	|	rapi	0.48	0.58	0	|	62.0	0.58(62)	0.58(62)	|	7850	
4673	540	ok	|	0.48	1.00	1.00	0.59	0.15	0	|	rapi	0.48	0.59	0	|	62.0	0.59(62)	0.59(62)	|	7850	
4673	541	ok	|	0.52	1.00	1.00	0.62	0.16	0	|	rapi	0.52	0.62	0	|	62.0	0.62(62)	0.62(62)	|	7850	
4673	542	ok	|	0.54	1.00	1.00	0.66	0.17	0	|	rapi	0.54	0.66	0	|	62.0	0.66(62)	0.66(62)	|	7850	
4673	543	ok	|	0.52	1.00	1.00	0.64	0.16	0	|	rapi	0.52	0.64	0	|	62.0	0.64(62)	0.64(62)	|	7850	
4673	544	ok	|	0.56	1.00	1.00	0.67	0.17	0	|	rapi	0.56	0.67	0	|	62.0	0.67(62)	0.67(62)	|	7850	
4673	545	ok	|	0.56	1.00	1.00	0.69	0.17	0	|	rapi	0.56	0.69	0	|	62.0	0.69(62)	0.69(62)	|	7850	
4673	546	ok	|	0.54	1.00	1.00	0.66	0.16	0	|	rapi	0.54	0.66	0	|	62.0	0.66(62)	0.66(62)	|	7850	
4673	547	ok	|	0.56	1.00	1.00	0.68	0.17	0	|	rapi	0.56	0.68	0	|	62.0	0.68(62)	0.68(62)	|	7850	
4673	548	ok	|	0.56	1.00	1.00	0.67	0.17	0	|	rapi	0.56	0.67	0	|	62.0	0.67(62)	0.67(62)	|	7850	
4673	549	ok	|	0.57	1.00	1.00	0.68	0.17	0	|	rapi	0.57	0.68	0	|	62.0	0.68(62)	0.68(62)	|	7850	
4673	550	ok	|	0.58	1.00	1.00	0.71	0.18	0	|	rapi	0.58	0.71	0	|	62.0	0.71(62)	0.71(62)	|	7850	
4673	551	ok	|	0.57	1.00	1.00	0.69	0.17	0	|	rapi	0.57	0.69	0	|	62.0	0.69(62)	0.69(62)	|	7850	
4673	552	ok	|	0.56	1.00	1.00	0.68	0.17	0	|	rapi	0.56	0.68	0	|	62.0	0.68(62)	0.68(62)	|	7850	
4673	553	ok	|	0.56	1.00	1.00	0.68	0.17	0	|	rapi	0.56	0.68	0	|	62.0	0.68(62)	0.68(62)	|	7850	
4673	554	ok	|	0.56	1.00	1.00	0.68	0.17	0	|	rapi	0.56	0.68	0	|	62.0	0.68(62)	0.68(62)	|	7850	
4673	555	ok	|	0.54	1.00	1.00	0.65	0.16	0	|	rapi	0.54	0.65	0	|	62.0	0.65(62)	0.65(62)	|	7850	
4673	556	ok	|	0.57	1.00	1.00	0.69	0.17	0	|	rapi	0.57	0.69	0	|	62.0	0.69(62)	0.69(62)	|	7850	
4673	557	ok	|	0.56	1.00	1.00	0.68	0.17	0	|	rapi	0.56	0.68	0	|	62.0	0.68(62)	0.68(62)	|	7850	
4673	558	ok	|	0.56	1.00	1.00	0.67	0.17	0	|	rapi	0.56	0.67	0	|	62.0	0.67(62)	0.67(62)	|	7850	
4673	559	ok	|	0.55	1.00	1.00	0.65	0.16	0	|	rapi	0.55	0.65	0	|	62.0	0.65(62)	0.65(62)	|	7850	
4673	560	ok	|	0.52	1.00	1.00	0.62	0.16	0	|	rapi	0.52	0.62	0	|	62.0	0.62(62)	0.62(62)	|	7850	
4673	561	ok	|	0.53	1.00	1.00	0.63	0.31	0	|	rapi	0.53	0.63	0	|	62.0	0.63(62)	0.63(62)	|	7850	
4673	562	ok	|	0.52	1.00	1.00	0.63	0.31	0	|	rapi	0.52	0.63	0	|	62.0	0.63(62)	0.63(62)	|	7850	
4673	563	ok	|	0.53	1.00	1.00	0.64	0.32	0	|	rapi	0.53	0.64	0	|	62.0	0.64(62)	0.64(62)	|	7850	
4673	564	ok	|	0.53	1.00	1.00	0.62	0.31	0	|	rapi	0.53	0.62	0	|	62.0	0.62(62)	0.62(62)	|	7850	
4673	565	ok	|	0.51	1.00	1.00	0.60	0.30	0	|	rapi	0.51	0.60	0	|	62.0	0.60(62)	0.60(62)	|	7850	
4673	566	ok	|	0.50	1.00	1.00	0.59	0.29	0	|	rapi	0.50	0.59	0	|	62.0	0.59(62)	0.59(62)	|	7850	
4673	567	ok	|	0.50	1.00	1.00	0.60	0.30	0	|	rapi	0.50	0.60	0	|	62.0	0.60(62)	0.60(62)	|	7850	
4673	568	ok	|	0.50	1.00	1.00	0.59	0.29	0	|	rapi	0.50	0.59	0	|	62.0	0.59(62)	0.59(62)	|	7850	
4673	569	ok	|	0.54	1.00	1.00	0.62	0.31	0	|	rapi	0.54	0.62	0	|	62.0	0.62(62)	0.62(62)	|	7850	
4673	570	ok	|	0.51	1.00	1.00	0.59	0.29	0	|	rapi	0.51	0.59	0	|	62.0	0.59(62)	0.59(62)	|	7850	
4673	571	ok	|	0.53	1.00	1.00	0.62	0.31	0	|	rapi	0.53	0.62	0	|	62.0	0.62(62)	0.62(62)	|	7850	
4673	572	ok	|	0.54	1.00	1.00	0.63	0.32	0	|	rapi	0.54	0.63	0	|	62.0	0.63(62)	0.63(62)	|	7850	
4673	573	ok	|	0.54	1.00	1.00	0.64	0.32	0	|	rapi	0.54	0.64	0	|	62.0	0.64(62)	0.64(62)	|	7850	
4673	574	ok	|	0.54	1.00	1.00	0.64	0.32	0	|	rapi	0.54	0.64	0	|	62.0	0.64(62)	0.64(62)	|	7850	
4673	575	ok	|	0.53	1.00	1.00	0.65	0.32	0	|	rapi	0.53	0.65	0	|	62.0	0.65(62)	0.65(62)	|	7850	
4673	576	ok	|	0.52	1.00	1.00	0.64	0.32	0	|	rapi	0.52	0.64	0	|	62.0	0.64(62)	0.64(62)	|	7850	
4673	577	ok	|	0.52	1.00	1.00	0.62	0.31	0	|	rapi	0.52	0.62	0	|	62.0	0.62(62)	0.62(62)	|	7850	
4673	578	ok	|	0.54	1.00	1.00	0.62	0.31	0	|	rapi	0.54	0.62	0	|	62.0	0.62(62)	0.62(62)	|	7850	
4673	579	ok	|	0.52	1.00	1.00	0.61	0.31	0	|	rapi	0.52	0.61	0	|	62.0	0.61(62)	0.61(62)	|	7850	
4673	580	ok	|	0.51	1.00	1.00	0.62	0.31	0	|	rapi	0.51	0.62	0	|	62.0	0.62(62)	0.62(62)	|	7850	
4673	581	ok	|	0.54	1.00	1.00	0.64	0.32	0	|	rapi	0.54	0.64	0	|	62.0	0.64(62)	0.64(62)	|	7850	
4673	582	ok	|	0.53	1.00	1.00	0.65	0.32	0	|	rapi	0.53	0.65	0	|	62.0	0.65(62)	0.65(62)	|	7850	
4673	583	ok	|	0.52	1.00	1.00	0.62	0.31	0	|	rapi	0.52	0.62	0	|	62.0	0.62(62)	0.62(62)	|	7850	
4673	584	ok	|	0.54	1.00	1.00	0.64	0.32	0	|	rapi	0.54	0.64	0	|	62.0	0.64(62)	0.64(62)	|	7850	
4673	585	ok	|	0.54	1.00	1.00	0.64	0.32	0	|	rapi	0.54	0.64	0	|	62.0	0.64(62)	0.64(62)	|	7850	
4673	586	ok	|	0.53	1.00	1.00	0.62	0.31	0	|	rapi	0.53	0.62	0	|	62.0	0.62(62)	0.62(62)	|	7850	
4673	587	ok	|	0.53	1.00	1.00	0.65	0.32	0	|	rapi	0.53	0.65	0	|	62.0	0.65(62)	0.65(62)	|	7850	
4673	588	ok	|	0.53	1.00	1.00	0.62	0.31	0	|	rapi	0.53	0.62	0	|	62.0	0.62(62)	0.62(62)	|	7850	
4673	589	ok	|	0.51	1.00	1.00	0.59	0.30	0	|	rapi	0.51	0.59	0	|	62.0	0.59(62)	0.59(62)	|	7850	
4673	590	ok	|	0.52	1.00	1.00	0.61	0.31	0	|	rapi	0.52	0.61	0	|	62.0	0.61(62)	0.61(62)	|	7850	
4673	591	ok	|	0.52	1.00	1.00	0.63	0.31	0	|	rapi	0.52	0.63	0	|	62.0	0.63(62)	0.63(62)	|	7850	
4673	592	ok	|	0.54	1.00	1.00	0.64	0.32	0	|	rapi	0.54	0.64	0	|	62.0	0.64(62)	0.64(62)	|	7850	
4673	593	ok	|	0.56	1.00	1.00	0.66	0.33	0	|	rapi	0.56	0.66	0	|	62.0	0.66(62)	0.66(62)	|	7850	
4673	594	ok	|	0.55	1.00	1.00	0.66	0.33	0	|	rapi	0.55	0.66	0	|	62.0	0.66(62)	0.66(62)	|	7850	
4673	595	ok	|	0.53	1.00	1.00	0.62	0.31	0	|	rapi	0.53	0.62	0	|	62.0	0.62(62)	0.62(62)	|	7850	
4673	596	ok	|	0.51	1.00	1.00	0.62	0.31	0	|	rapi	0.51	0.62	0	|	62.0	0.62(62)	0.62(62)	|	7850	
4673	597	ok	|	0.51	1.00	1.00	0.60	0.30	0	|	rapi	0.51	0.60	0	|	62.0	0.60(62)	0.60(62)	|	7850	
4673	598	ok	|	0.52	1.00	1.00	0.62	0.31	0	|	rapi	0.52	0.62	0	|	62.0	0.62(62)	0.62(62)	|	7850	
4673	599	ok	|	0.53	1.00	1.00	0.63	0.32	0	|	rapi	0.53	0.63	0	|	62.0	0.63(62)	0.63(62)	|	7850	
4673	600	ok	|	0.54	1.00	1.00	0.65	0.32	0	|	rapi	0.54	0.65	0	|	62.0	0.65(62)	0.65(62)	|	7850	
4673	601	ok	|	0.53	1.00	1.00	0.63	0.31	0	|	rapi	0.53	0.63	0	|	62.0	0.63(62)	0.63(62)	|	7850	
4673	602	ok	|	0.55	1.00	1.00	0.66	0.33	0	|	rapi	0.55	0.66	0	|	62.0	0.66(62)	0.66(62)	|	7850	
4673	603	ok	|	0.55	1.00	1.00	0.68	0.34	0	|	rapi	0.55	0.68	0	|	62.0	0.68(62)	0.68(62)	|	7850	
4673	604	ok	|	0.55	1.00	1.00	0.65	0.33	0	|	rapi	0.55	0.65	0	|	62.0	0.65(62)	0.65(62)	|	7850	
4673	605	ok	|	0.56	1.00	1.00	0.67	0.34	0	|	rapi	0.56	0.67	0	|	62.0	0.67(62)	0.67(62)	|	7850	
4673	606	ok	|	0.55	1.00	1.00	0.65	0.32	0	|	rapi	0.55	0.65	0	|	62.0	0.65(62)	0.65(62)	|	7850	
4673	607	ok	|	0.52	1.00	1.00	0.60	0.30	0	|	rapi	0.52	0.60	0	|	62.0	0.60(62)	0.60(62)	|	7850	
4673	608	ok	|	0.49	1.00	1.00	0.56	0.28	0	|	rapi	0.49	0.56	0	|	62.0	0.56(62)	0.56(62)	|	7850	
4673	609	ok	|	0.46	1.00	1.00	0.54	0.27	0	|	rapi	0.46	0.54	0	|	62.0	0.54(62)	0.54(62)	|	7850	
4673	610	ok	|	0.47	1.00	1.00	0.55	0.28	0	|	rapi	0.47	0.55	0	|	62.0	0.55(62)	0.55(62)	|	7850	
4673	611	ok	|	0.47	1.00	1.00	0.56	0.28	0	|	rapi	0.47	0.56	0	|	62.0	0.56(62)	0.56(62)	|	7850	
4673	612	ok	|	0.48	1.00	1.00	0.57	0.28	0	|	rapi	0.48	0.57	0	|	62.0	0.57(62)	0.57(62)	|	7850	
4673	613	ok	|	0.49	1.00	1.00	0.57	0.29	0	|	rapi	0.49	0.57	0	|	62.0	0.57(62)	0.57(62)	|	7850	
4673	614	ok	|	0.49	1.00	1.00	0.57	0.29	0	|	rapi	0.49	0.57	0	|	62.0	0.57(62)	0.57(62)	|	7850	
4673	615	ok	|	0.47	1.00	1.00	0.54	0.27	0	|	rapi	0.47	0.54	0	|	62.0	0.54(62)	0.54(62)	|	7850	
4673	616	ok	|	0.46	1.00	1.00	0.54	0.27	0	|	rapi	0.46	0.54	0	|	62.0	0.54(62)	0.54(62)	|	7850	
4673	617	ok	|	0.45	1.00	1.00	0.51	0.26	0	|	rapi	0.45	0.51	0	|	62.0	0.51(62)	0.51(62)	|	7850	
4673	618	ok	|	0.43	1.00	1.00	0.50	0.25	0	|	rapi	0.43	0.50	0	|	62.0	0.50(62)	0.50(62)	|	7850	
4673	619	ok	|	0.40	1.00	1.00	0.45	0.23	0	|	rapi	0.40	0.45	0	|	62.0	0.45(62)	0.45(62)	|	7850	
4673	620	ok	|	0.39	1.00	1.00	0.43	0.22	0	|	rapi	0.39	0.43	0	|	62.0	0.43(62)	0.43(62)	|	7850	
4673	621	ok	|	0.37	1.00	1.00	0.42	0.21	0	|	rapi	0.37	0.42	0	|	62.0	0.42(62)	0.42(62)	|	7850	
4673	622	ok	|	0.38	1.00	1.00	0.42	0.21	0	|	rapi	0.38	0.42	0	|	62.0	0.42(62)	0.42(62)	|	7850	
4673	623	ok	|	0.40	1.00	1.00	0.46	0.23	0	|	rapi	0.40	0.46	0	|	62.0	0.46(62)	0.46(62)	|	7850	
4673	624	ok	|	0.40	1.00	1.00	0.45	0.23	0	|	rapi	0.40	0.45	0	|	62.0	0.45(62)	0.45(62)	|	7850	
4673	625	ok	|	0.41	1.00	1.00	0.46	0.23	0	|	rapi	0.41	0.46	0	|	62.0	0.46(62)	0.46(62)	|	7850	
4673	626	ok	|	0.40	1.00	1.00	0.45	0.22	0	|	rapi	0.40	0.45	0	|	62.0	0.45(62)	0.45(62)	|	7850	
4673	627	ok	|	0.40	1.00	1.00	0.45	0.23	0	|	rapi	0.40	0.45	0	|	62.0	0.45(62)	0.45(62)	|	7850	
4673	628	ok	|	0.42	1.00	1.00	0.49	0.25	0	|	rapi	0.42	0.49	0	|	62.0	0.49(62)	0.49(62)	|	7850	
4673	629	ok	|	0.43	1.00	1.00	0.48	0.24	0	|	rapi	0.43	0.48	0	|	62.0	0.48(62)	0.48(62)	|	7850	
4673	630	ok	|	0.42	1.00	1.00	0.49	0.24	0	|	rapi	0.42	0.49	0	|	62.0	0.49(62)	0.49(62)	|	7850	
4673	631	ok	|	0.47	1.00	1.00	0.54	0.27	0	|	rapi	0.47	0.54	0	|	62.0	0.54(62)	0.54(62)	|	7850	
4673	632	ok	|	0.47	1.00	1.00	0.55	0.28	0	|	rapi	0.47	0.55	0	|	62.0	0.55(62)	0.55(62)	|	7850	
4673	633	ok	|	0.47	1.00	1.00	0.52	0.26	0	|	rapi	0.47	0.52	0	|	62.0	0.52(62)	0.52(62)	|	7850	
4673	634	ok	|	0.47	1.00	1.00	0.53	0.27	0	|	rapi	0.47	0.53	0	|	62.0	0.53(62)	0.53(62)	|	7850	
4673	635	ok	|	0.46	1.00	1.00	0.53	0.26	0	|	rapi	0.46	0.53	0	|	62.0	0.53(62)	0.53(62)	|	7850	
4673	636	ok	|	0.47	1.00	1.00	0.54	0.27	0	|	rapi	0.47	0.54	0	|	62.0	0.54(62)	0.54(62)	|	7850	
4673	637	ok	|	0.46	1.00	1.00	0.53	0.27	0	|	rapi	0.46	0.53	0	|	62.0	0.53(62)	0.53(62)	|	7850	
4673	638	ok	|	0.46	1.00	1.00	0.54	0.27	0	|	rapi	0.46	0.54	0	|	62.0	0.54(62)	0.54(62)	|	7850	
4673	639	ok	|	0.45	1.00	1.00	0.53	0.27	0	|	rapi	0.45	0.53	0	|	62.0	0.53(62)	0.53(62)	|	7850	
4673	640	ok	|	0.48	1.00	1.00	0.56	0.28	0	|	rapi	0.48	0.56	0	|	62.0	0.56(62)	0.56(62)	|	7850	
4673	641	ok	|	0.48	1.00	1.00	0.55	0.27	0	|	rapi	0.48	0.55	0	|	62.0	0.55(62)	0.55(62)	|	7850	
4673	642	ok	|	0.47	1.00	1.00	0.54	0.27	0	|	rapi	0.47	0.54	0	|	62.0	0.54(62)	0.54(62)	|	7850	
4673	643	ok	|	0.47	1.00	1.00	0.53	0.26	0	|	rapi	0.47	0.53	0	|	62.0	0.53(62)	0.53(62)	|	7850	
4673	644	ok	|	0.49	1.00	1.00	0.55	0.27	0	|	rapi	0.49	0.55	0	|	62.0	0.55(62)	0.55(62)	|	7850	
4673	645	ok	|	0.45	1.00	1.00	0.53	0.26	0	|	rapi	0.45	0.53	0	|	62.0	0.53(62)	0.53(62)	|	7850	
4673	646	ok	|	0.45	1.00	1.00	0.51	0.25	0	|	rapi	0.45	0.51	0	|	62.0	0.51(62)	0.51(62)	|	7850	
4673	647	ok	|	0.44	1.00	1.00	0.51	0.26	0	|	rapi	0.44	0.51	0	|	62.0	0.51(62)	0.51(62)	|	7850	
4673	648	ok	|	0.45	1.00	1.00	0.50	0.25	0	|	rapi	0.45	0.50	0	|	62.0	0.50(62)	0.50(62)	|	7850	
4673	649	ok	|	0.45	1.00	1.00	0.52	0.26	0	|	rapi	0.45	0.52	0	|	62.0	0.52(62)	0.52(62)	|	7850	
4673	650	ok	|	0.44	1.00	1.00	0.51	0.25	0	|	rapi	0.44	0.51	0	|	62.0	0.51(62)	0.51(62)	|	7850	
4673	651	ok	|	0.43	1.00	1.00	0.48	0.24	0	|	rapi	0.43	0.48	0	|	62.0	0.48(62)	0.48(62)	|	7850	
4673	652	ok	|	0.42	1.00	1.00	0.48	0.24	0	|	rapi	0.42	0.48	0	|	62.0	0.48(62)	0.48(62)	|	7850	
4673	653	ok	|	0.42	1.00	1.00	0.48	0.24	0	|	rapi	0.42	0.48	0	|	62.0	0.48(62)	0.48(62)	|	7850	
4673	654	ok	|	0.41	1.00	1.00	0.45	0.23	0	|	rapi	0.41	0.45	0	|	62.0	0.45(62)	0.45(62)	|	7850	
4673	655	ok	|	0.39	1.00	1.00	0.43	0.22	0	|	rapi	0.39	0.43	0	|	62.0	0.43(62)	0.43(62)	|	7850	
4673	656	ok	|	0.38	1.00	1.00	0.43	0.21	0	|	rapi	0.38	0.43	0	|	62.0	0.43(62)	0.43(62)	|	7850	
4673	657	ok	|	0.36	1.00	1.00	0.40	0.20	0	|	rapi	0.36	0.40	0	|	62.0	0.40(62)	0.40(62)	|	7850	
4673	658	ok	|	0.37	1.00	1.00	0.41	0.21	0	|	rapi	0.37	0.41	0	|	62.0	0.41(62)	0.41(62)	|	7850	
4673	659	ok	|	0.35	1.00	1.00	0.40	0.20	0	|	rapi	0.35	0.40	0	|	62.0	0.40(62)	0.40(62)	|	7850	
4673	660	ok	|	0.36	1.00	1.00	0.41	0.20	0	|	rapi	0.36	0.41	0	|	62.0	0.41(62)	0.41(62)	|	7850	
4673	661	ok	|	0.39	1.00	1.00	0.44	0.22	0	|	rapi	0.39	0.44	0	|	62.0	0.44(62)	0.44(62)	|	7850	
4673	662	ok	|	0.41	1.00	1.00	0.45	0.22	0	|	rapi	0.41	0.45	0	|	62.0	0.45(62)	0.45(62)	|	7850	
4673	663	ok	|	0.40	1.00	1.00	0.45	0.22	0	|	rapi	0.40	0.45	0	|	62.0	0.45(62)	0.45(62)	|	7850	
4673	664	ok	|	0.40	1.00	1.00	0.45	0.22	0	|	rapi	0.40	0.45	0	|	62.0	0.45(62)	0.45(62)	|	7850	
4673	665	ok	|	0.43	1.00	1.00	0.48	0.24	0	|	rapi	0.43	0.48	0	|	62.0	0.48(62)	0.48(62)	|	7850	
4673	666	ok	|	0.45	1.00	1.00	0.51	0.26	0	|	rapi	0.45	0.51	0	|	62.0	0.51(62)	0.51(62)	|	7850	
4673	667	ok	|	0.45	1.00	1.00	0.52	0.26	0	|	rapi	0.45	0.52	0	|	62.0	0.52(62)	0.52(62)	|	7850	
4673	668	ok	|	0.46	1.00	1.00	0.53	0.26	0	|	rapi	0.46	0.53	0	|	62.0	0.53(62)	0.53(62)	|	7850	
4673	669	ok	|	0.45	1.00	1.00	0.53	0.26	0	|	rapi	0.45	0.53	0	|	62.0	0.53(62)	0.53(62)	|	7850	
4673	670	ok	|	0.45	1.00	1.00	0.51	0.25	0	|	rapi	0.45	0.51	0	|	62.0	0.51(62)	0.51(62)	|	7850	
4673	671	ok	|	0.42	1.00	1.00	0.49	0.24	0	|	rapi	0.42	0.49	0	|	62.0	0.49(62)	0.49(62)	|	7850	
4673	672	ok	|	0.44	1.00	1.00	0.48	0.24	0	|	rapi	0.44	0.48	0	|	62.0	0.48(62)	0.48(62)	|	7850	
4673	673	ok	|	0.42	1.00	1.00	0.48	0.24	0	|	rapi	0.42	0.48	0	|	62.0	0.48(62)	0.48(62)	|	7850	
4673	674	ok	|	0.40	1.00	1.00	0.45	0.23	0	|	rapi	0.40	0.45	0	|	62.0	0.45(62)	0.45(62)	|	7850	
4673	675	ok	|	0.38	1.00	1.00	0.43	0.22	0	|	rapi	0.38	0.43	0	|	62.0	0.43(62)	0.43(62)	|	7850	
4673	676	ok	|	0.37	1.00	1.00	0.41	0.21	0	|	rapi	0.37	0.41	0	|	62.0	0.41(62)	0.41(62)	|	7850	
4673	677	ok	|	0.37	1.00	1.00	0.41	0.21	0	|	rapi	0.37	0.41	0	|	62.0	0.41(62)	0.41(62)	|	7850	
4673	678	ok	|	0.36	1.00	1.00	0.41	0.20	0	|	rapi	0.36	0.41	0	|	62.0	0.41(62)	0.41(62)	|	7850	
4673	679	ok	|	0.36	1.00	1.00	0.40	0.20	0	|	rapi	0.36	0.40	0	|	62.0	0.40(62)	0.40(62)	|	7850	
4673	680	ok	|	0.38	1.00	1.00	0.42	0.21	0	|	rapi	0.38	0.42	0	|	62.0	0.42(62)	0.42(62)	|	7850	
4673	681	ok	|	0.36	1.00	1.00	0.41	0.21	0	|	rapi	0.36	0.41	0	|	62.0	0.41(62)	0.41(62)	|	7850	
4673	682	ok	|	0.37	1.00	1.00	0.41	0.21	0	|	rapi	0.37	0.41	0	|	62.0	0.41(62)	0.41(62)	|	7850	
4673	683	ok	|	0.38	1.00	1.00	0.43	0.22	0	|	rapi	0.38	0.43	0	|	62.0	0.43(62)	0.43(62)	|	7850	
4673	684	ok	|	0.39	1.00	1.00	0.43	0.22	0	|	rapi	0.39	0.43	0	|	62.0	0.43(62)	0.43(62)	|	7850	
4673	685	ok	|	0.39	1.00	1.00	0.44	0.22	0	|	rapi	0.39	0.44	0	|	62.0	0.44(62)	0.44(62)	|	7850	
4673	686	ok	|	0.39	1.00	1.00	0.44	0.22	0	|	rapi	0.39	0.44	0	|	62.0	0.44(62)	0.44(62)	|	7850	
4673	687	ok	|	0.37	1.00	1.00	0.42	0.21	0	|	rapi	0.37	0.42	0	|	62.0	0.42(62)	0.42(62)	|	7850	
4673	688	ok	|	0.38	1.00	1.00	0.41	0.20	0	|	rapi	0.38	0.41	0	|	62.0	0.41(62)	0.41(62)	|	7850	
4673	689	ok	|	0.35	1.00	1.00	0.39	0.20	0	|	rapi	0.35	0.39	0	|	62.0	0.39(62)	0.39(62)	|	7850	
4673	690	ok	|	0.34	1.00	1.00	0.38	0.19	0	|	rapi	0.34	0.38	0	|	62.0	0.38(62)	0.38(62)	|	7850	
4673	691	ok	|	0.32	1.00	1.00	0.35	0.18	0	|	rapi	0.32	0.35	0	|	62.0	0.35(62)	0.35(62)	|	7850	
4673	692	ok	|	0.32	1.00	1.00	0.35	0.17	0	|	rapi	0.32	0.35	0	|	62.0	0.35(62)	0.35(62)	|	7850	
4673	693	ok	|	0.34	1.00	1.00	0.36	0.18	0	|	rapi	0.34	0.36	0	|	62.0	0.36(62)	0.36(62)	|	7850	
4673	694	ok	|	0.35	1.00	1.00	0.38	0.19	0	|	rapi	0.35	0.38	0	|	62.0	0.38(62)	0.38(62)	|	7850	
4673	695	ok	|	0.36	1.00	1.00	0.39	0.19	0	|	rapi	0.36	0.39	0	|	62.0	0.39(62)	0.39(62)	|	7850	
4673	696	ok	|	0.32	1.00	1.00	0.36	0.18	0	|	rapi	0.32	0.36	0	|	62.0	0.36(62)	0.36(62)	|	7850	
4673	697	ok	|	0.32	1.00	1.00	0.35	0.18	0	|	rapi	0.32	0.35	0	|	62.0	0.35(62)	0.35(62)	|	7850	
4673	698	ok	|	0.31	1.00	1.00	0.34	0.17	0	|	rapi	0.31	0.34	0	|	62.0	0.34(62)	0.34(62)	|	7850	
4673	699	ok	|	0.29	1.00	1.00	0.33	0.16	0	|	rapi	0.29	0.33	0	|	62.0	0.33(62)	0.33(62)	|	7850	
4673	700	ok	|	0.30	1.00	1.00	0.34	0.17	0	|	rapi	0.30	0.34	0	|	62.0	0.34(62)	0.34(62)	|	7850	
4673	701	ok	|	0.32	1.00	1.00	0.36	0.18	0	|	rapi	0.32	0.36	0	|	62.0	0.36(62)	0.36(62)	|	7850	
4673	702	ok	|	0.32	1.00	1.00	0.35	0.18	0	|	rapi	0.32	0.35	0	|	62.0	0.35(62)	0.35(62)	|	7850	
4673	703	ok	|	0.31	1.00	1.00	0.34	0.17	0	|	rapi	0.31	0.34	0	|	62.0	0.34(62)	0.34(62)	|	7850	
4673	704	ok	|	0.33	1.00	1.00	0.35	0.17	0	|	rapi	0.33	0.35	0	|	62.0	0.35(62)	0.35(62)	|	7850	
4673	705	ok	|	0.32	1.00	1.00	0.35	0.17	0	|	rapi	0.32	0.35	0	|	62.0	0.35(62)	0.35(62)	|	7850	
4673	706	ok	|	0.33	1.00	1.00	0.35	0.18	0	|	rapi	0.33	0.35	0	|	62.0	0.35(62)	0.35(62)	|	7850	
4673	707	ok	|	0.32	1.00	1.00	0.35	0.17	0	|	rapi	0.32	0.35	0	|	62.0	0.35(62)	0.35(62)	|	7850	
4673	708	ok	|	0.32	1.00	1.00	0.36	0.18	0	|	rapi	0.32	0.36	0	|	62.0	0.36(62)	0.36(62)	|	7850	
4673	709	ok	|	0.32	1.00	1.00	0.35	0.17	0	|	rapi	0.32	0.35	0	|	62.0	0.35(62)	0.35(62)	|	7850	
4673	710	ok	|	0.30	1.00	1.00	0.33	0.16	0	|	rapi	0.30	0.33	0	|	62.0	0.33(62)	0.33(62)	|	7850	
4673	711	ok	|	0.30	1.00	1.00	0.33	0.16	0	|	rapi	0.30	0.33	0	|	62.0	0.33(62)	0.33(62)	|	7850	
4673	712	ok	|	0.30	1.00	1.00	0.32	0.16	0	|	rapi	0.30	0.32	0	|	62.0	0.32(62)	0.32(62)	|	7850	
4673	713	ok	|	0.29	1.00	1.00	0.31	0.15	0	|	rapi	0.29	0.31	0	|	62.0	0.31(62)	0.31(62)	|	7850	
4673	714	ok	|	0.28	1.00	1.00	0.30	0.15	0	|	rapi	0.28	0.30	0	|	62.0	0.30(62)	0.30(62)	|	7850	
4673	715	ok	|	0.29	1.00	1.00	0.32	0.16	0	|	rapi	0.29	0.32	0	|	62.0	0.32(62)	0.32(62)	|	7850	
4673	716	ok	|	0.29	1.00	1.00	0.31	0.16	0	|	rapi	0.29	0.31	0	|	62.0	0.31(62)	0.31(62)	|	7850	
4673	717	ok	|	0.27	1.00	1.00	0.29	0.15	0	|	rapi	0.27	0.29	0	|	62.0	0.29(62)	0.29(62)	|	7850	
4673	718	ok	|	0.26	1.00	1.00	0.29	0.14	0	|	rapi	0.26	0.29	0	|	62.0	0.29(62)	0.29(62)	|	7850	
4673	719	ok	|	0.26	1.00	1.00	0.28	0.14	0	|	rapi	0.26	0.28	0	|	62.0	0.28(62)	0.28(62)	|	7850	
4673	720	ok	|	0.28	1.00	1.00	0.29	0.15	0	|	rapi	0.28	0.29	0	|	62.0	0.29(62)	0.29(62)	|	7850	
4673	721	ok	|	0.30	1.00	1.00	0.33	0.16	0	|	rapi	0.30	0.33	0	|	62.0	0.33(62)	0.33(62)	|	7850	
4673	722	ok	|	0.33	1.00	1.00	0.36	0.18	0	|	rapi	0.33	0.36	0	|	62.0	0.36(62)	0.36(62)	|	7850	
4673	723	ok	|	0.32	1.00	1.00	0.35	0.17	0	|	rapi	0.32	0.35	0	|	62.0	0.35(62)	0.35(62)	|	7850	
4673	724	ok	|	0.34	1.00	1.00	0.36	0.18	0	|	rapi	0.34	0.36	0	|	62.0	0.36(62)	0.36(62)	|	7850	
4673	725	ok	|	0.33	1.00	1.00	0.35	0.18	0	|	rapi	0.33	0.35	0	|	62.0	0.35(62)	0.35(62)	|	7850	
4673	726	ok	|	0.30	1.00	1.00	0.32	0.16	0	|	rapi	0.30	0.32	0	|	62.0	0.32(62)	0.32(62)	|	7850	
4673	727	ok	|	0.31	1.00	1.00	0.33	0.17	0	|	rapi	0.31	0.33	0	|	62.0	0.33(62)	0.33(62)	|	7850	
4673	728	ok	|	0.28	1.00	1.00	0.31	0.16	0	|	rapi	0.28	0.31	0	|	62.0	0.31(62)	0.31(62)	|	7850	
4673	729	ok	|	0.32	1.00	1.00	0.35	0.17	0	|	rapi	0.32	0.35	0	|	62.0	0.35(62)	0.35(62)	|	7850	
4673	730	ok	|	0.31	1.00	1.00	0.34	0.17	0	|	rapi	0.31	0.34	0	|	62.0	0.34(62)	0.34(62)	|	7850	
4673	731	ok	|	0.32	1.00	1.00	0.34	0.17	0	|	rapi	0.32	0.34	0	|	62.0	0.34(62)	0.34(62)	|	7850	
4673	732	ok	|	0.34	1.00	1.00	0.36	0.18	0	|	rapi	0.34	0.36	0	|	62.0	0.36(62)	0.36(62)	|	7850	
4673	733	ok	|	0.33	1.00	1.00	0.36	0.18	0	|	rapi	0.33	0.36	0	|	62.0	0.36(62)	0.36(62)	|	7850	
4673	734	ok	|	0.34	1.00	1.00	0.37	0.19	0	|	rapi	0.34	0.37	0	|	62.0	0.37(62)	0.37(62)	|	7850	
4673	735	ok	|	0.33	1.00	1.00	0.36	0.18	0	|	rapi	0.33	0.36	0	|	62.0	0.36(62)	0.36(62)	|	7850	
4673	736	ok	|	0.31	1.00	1.00	0.35	0.17	0	|	rapi	0.31	0.35	0	|	62.0	0.35(62)	0.35(62)	|	7850	
4673	737	ok	|	0.32	1.00	1.00	0.35	0.17	0	|	rapi	0.32	0.35	0	|	62.0	0.35(62)	0.35(62)	|	7850	
4673	738	ok	|	0.31	1.00	1.00	0.34	0.17	0	|	rapi	0.31	0.34	0	|	62.0	0.34(62)	0.34(62)	|	7850	
4673	739	ok	|	0.31	1.00	1.00	0.34	0.17	0	|	rapi	0.31	0.34	0	|	62.0	0.34(62)	0.34(62)	|	7850	
4673	740	ok	|	0.30	1.00	1.00	0.32	0.16	0	|	rapi	0.30	0.32	0	|	62.0	0.32(62)	0.32(62)	|	7850	
4673	741	ok	|	0.32	1.00	1.00	0.35	0.17	0	|	rapi	0.32	0.35	0	|	62.0	0.35(62)	0.35(62)	|	7850	
4673	742	ok	|	0.31	1.00	1.00	0.34	0.17	0	|	rapi	0.31	0.34	0	|	62.0	0.34(62)	0.34(62)	|	7850	
4673	743	ok	|	0.32	1.00	1.00	0.34	0.17	0	|	rapi	0.32	0.34	0	|	62.0	0.34(62)	0.34(62)	|	7850	
4673	744	ok	|	0.30	1.00	1.00	0.32	0.16	0	|	rapi	0.30	0.32	0	|	62.0	0.32(62)	0.32(62)	|	7850	
4673	745	ok	|	0.32	1.00	1.00	0.34	0.17	0	|	rapi	0.32	0.34	0	|	62.0	0.34(62)	0.34(62)	|	7850	
4673	746	ok	|	0.33	1.00	1.00	0.36	0.18	0	|	rapi	0.33	0.36	0	|	62.0	0.36(62)	0.36(62)	|	7850	
4673	747	ok	|	0.33	1.00	1.00	0.35	0.18	0	|	rapi	0.33	0.35	0	|	62.0	0.35(62)	0.35(62)	|	7850	
4673	748	ok	|	0.32	1.00	1.00	0.35	0.17	0	|	rapi	0.32	0.35	0	|	62.0	0.35(62)	0.35(62)	|	7850	
4673	749	ok	|	0.30	1.00	1.00	0.34	0.17	0	|	rapi	0.30	0.34	0	|	62.0	0.34(62)	0.34(62)	|	7850	
4673	750	ok	|	0.28	1.00	1.00	0.31	0.15	0	|	rapi	0.28	0.31	0	|	62.0	0.31(62)	0.31(62)	|	7850	
4673	751	ok	|	0.27	1.00	1.00	0.29	0.14	0	|	rapi	0.27	0.29	0	|	62.0	0.29(62)	0.29(62)	|	7850	
4673	752	ok	|	0.27	1.00	1.00	0.29	0.15	0	|	rapi	0.27	0.29	0	|	62.0	0.29(62)	0.29(62)	|	7850	
4673	753	ok	|	0.27	1.00	1.00	0.29	0.15	0	|	rapi	0.27	0.29	0	|	62.0	0.29(62)	0.29(62)	|	7850	
4673	754	ok	|	0.29	1.00	1.00	0.31	0.16	0	|	rapi	0.29	0.31	0	|	62.0	0.31(62)	0.31(62)	|	7850	
4673	755	ok	|	0.32	1.00	1.00	0.34	0.17	0	|	rapi	0.32	0.34	0	|	62.0	0.34(62)	0.34(62)	|	7850	
4673	756	ok	|	0.33	1.00	1.00	0.36	0.18	0	|	rapi	0.33	0.36	0	|	62.0	0.36(62)	0.36(62)	|	7850	
4673	757	ok	|	0.32	1.00	1.00	0.35	0.17	0	|	rapi	0.32	0.35	0	|	62.0	0.35(62)	0.35(62)	|	7850	
4673	758	ok	|	0.31	1.00	1.00	0.33	0.16	0	|	rapi	0.31	0.33	0	|	62.0	0.33(62)	0.33(62)	|	7850	
4673	759	ok	|	0.29	1.00	1.00	0.30	0.15	0	|	rapi	0.29	0.30	0	|	62.0	0.30(62)	0.30(62)	|	7850	
4673	760	ok	|	0.28	1.00	1.00	0.29	0.15	0	|	rapi	0.28	0.29	0	|	62.0	0.29(62)	0.29(62)	|	7850	
4673	761	ok	|	0.26	1.00	1.00	0.28	0.14	0	|	rapi	0.26	0.28	0	|	62.0	0.28(62)	0.28(62)	|	7850	
4673	762	ok	|	0.29	1.00	1.00	0.31	0.16	0	|	rapi	0.29	0.31	0	|	62.0	0.31(62)	0.31(62)	|	7850	
4673	763	ok	|	0.32	1.00	1.00	0.35	0.18	0	|	rapi	0.32	0.35	0	|	62.0	0.35(62)	0.35(62)	|	7850	
4673	764	ok	|	0.33	1.00	1.00	0.36	0.18	0	|	rapi	0.33	0.36	0	|	62.0	0.36(62)	0.36(62)	|	7850	
4673	765	ok	|	0.33	1.00	1.00	0.38	0.19	0	|	rapi	0.33	0.38	0	|	62.0	0.38(62)	0.38(62)	|	7850	
4673	766	ok	|	0.35	1.00	1.00	0.38	0.19	0	|	rapi	0.35	0.38	0	|	62.0	0.38(62)	0.38(62)	|	7850	
4673	767	ok	|	0.35	1.00	1.00	0.38	0.19	0	|	rapi	0.35	0.38	0	|	62.0	0.38(62)	0.38(62)	|	7850	
4673	768	ok	|	0.35	1.00	1.00	0.38	0.19	0	|	rapi	0.35	0.38	0	|	62.0	0.38(62)	0.38(62)	|	7850	
4673	769	ok	|	0.32	1.00	1.00	0.35	0.18	0	|	rapi	0.32	0.35	0	|	62.0	0.35(62)	0.35(62)	|	7850	
4673	770	ok	|	0.32	1.00	1.00	0.34	0.17	0	|	rapi	0.32	0.34	0	|	62.0	0.34(62)	0.34(62)	|	7850	
4673	771	ok	|	0.31	1.00	1.00	0.33	0.17	0	|	rapi	0.31	0.33	0	|	62.0	0.33(62)	0.33(62)	|	7850	
4673	772	ok	|	0.29	1.00	1.00	0.32	0.16	0	|	rapi	0.29	0.32	0	|	62.0	0.32(62)	0.32(62)	|	7850	
4673	773	ok	|	0.27	1.00	1.00	0.30	0.15	0	|	rapi	0.27	0.30	0	|	62.0	0.30(62)	0.30(62)	|	7850	
4673	774	ok	|	0.25	1.00	1.00	0.27	0.14	0	|	rapi	0.25	0.27	0	|	62.0	0.27(62)	0.27(62)	|	7850	
4673	775	ok	|	0.27	1.00	1.00	0.29	0.15	0	|	rapi	0.27	0.29	0	|	62.0	0.29(62)	0.29(62)	|	7850	
4673	776	ok	|	0.26	1.00	1.00	0.28	0.14	0	|	rapi	0.26	0.28	0	|	62.0	0.28(62)	0.28(62)	|	7850	
4673	777	ok	|	0.26	1.00	1.00	0.28	0.14	0	|	rapi	0.26	0.28	0	|	62.0	0.28(62)	0.28(62)	|	7850	
4673	778	ok	|	0.26	1.00	1.00	0.28	0.14	0	|	rapi	0.26	0.28	0	|	62.0	0.28(62)	0.28(62)	|	7850	
4673	779	ok	|	0.26	1.00	1.00	0.28	0.14	0	|	rapi	0.26	0.28	0	|	62.0	0.28(62)	0.28(62)	|	7850	
4673	780	ok	|	0.27	1.00	1.00	0.30	0.15	0	|	rapi	0.27	0.30	0	|	62.0	0.30(62)	0.30(62)	|	7850	
4673	781	ok	|	0.28	1.00	1.00	0.30	0.15	0	|	rapi	0.28	0.30	0	|	62.0	0.30(62)	0.30(62)	|	7850	
4673	782	ok	|	0.28	1.00	1.00	0.30	0.15	0	|	rapi	0.28	0.30	0	|	62.0	0.30(62)	0.30(62)	|	7850	
4673	783	ok	|	0.26	1.00	1.00	0.28	0.14	0	|	rapi	0.26	0.28	0	|	62.0	0.28(62)	0.28(62)	|	7850	
4673	784	ok	|	0.26	1.00	1.00	0.27	0.14	0	|	rapi	0.26	0.27	0	|	62.0	0.27(62)	0.27(62)	|	7850	
4673	785	ok	|	0.24	1.00	1.00	0.26	0.13	0	|	rapi	0.24	0.26	0	|	62.0	0.26(62)	0.26(62)	|	7850	
4673	786	ok	|	0.23	1.00	1.00	0.26	0.13	0	|	rapi	0.23	0.26	0	|	62.0	0.26(62)	0.26(62)	|	7850	
4673	787	ok	|	0.24	1.00	1.00	0.25	0.13	0	|	rapi	0.24	0.25	0	|	62.0	0.25(62)	0.25(62)	|	7850	
4673	788	ok	|	0.23	1.00	1.00	0.25	0.12	0	|	rapi	0.23	0.25	0	|	62.0	0.25(62)	0.25(62)	|	7850	
4673	789	ok	|	0.22	1.00	1.00	0.23	0.11	0	|	rapi	0.22	0.23	0	|	62.0	0.23(62)	0.23(62)	|	7850	
4673	790	ok	|	0.23	1.00	1.00	0.24	0.12	0	|	rapi	0.23	0.24	0	|	62.0	0.24(62)	0.24(62)	|	7850	
4673	791	ok	|	0.24	1.00	1.00	0.25	0.13	0	|	rapi	0.24	0.25	0	|	62.0	0.25(62)	0.25(62)	|	7850	
4673	792	ok	|	0.24	1.00	1.00	0.26	0.13	0	|	rapi	0.24	0.26	0	|	62.0	0.26(62)	0.26(62)	|	7850	
4673	793	ok	|	0.23	1.00	1.00	0.24	0.12	0	|	rapi	0.23	0.24	0	|	62.0	0.24(62)	0.24(62)	|	7850	
4673	794	ok	|	0.22	1.00	1.00	0.23	0.12	0	|	rapi	0.22	0.23	0	|	62.0	0.23(62)	0.23(62)	|	7850	
4673	795	ok	|	0.21	1.00	1.00	0.22	0.11	0	|	rapi	0.21	0.22	0	|	62.0	0.22(62)	0.22(62)	|	7850	
4673	796	ok	|	0.20	1.00	1.00	0.22	0.11	0	|	rapi	0.20	0.22	0	|	62.0	0.22(62)	0.22(62)	|	7850	
4673	797	ok	|	0.20	1.00	1.00	0.21	0.11	0	|	rapi	0.20	0.21	0	|	62.0	0.21(62)	0.21(62)	|	7850	
4673	798	ok	|	0.20	1.00	1.00	0.20	0.10	0	|	rapi	0.20	0.20	0	|	62.0	0.20(62)	0.20(62)	|	7850	
4673	799	ok	|	0.20	1.00	1.00	0.21	0.11	0	|	rapi	0.20	0.21	0	|	62.0	0.21(62)	0.21(62)	|	7850	
4673	800	ok	|	0.20	1.00	1.00	0.21	0.10	0	|	rapi	0.20	0.21	0	|	62.0	0.21(62)	0.21(62)	|	7850	
4673	801	ok	|	0.21	1.00	1.00	0.21	0.11	0	|	rapi	0.21	0.21	0	|	62.0	0.21(62)	0.21(62)	|	7850	
4673	802	ok	|	0.20	1.00	1.00	0.21	0.10	0	|	rapi	0.20	0.21	0	|	62.0	0.21(62)	0.21(62)	|	7850	
4673	803	ok	|	0.19	1.00	1.00	0.21	0.10	0	|	rapi	0.19	0.21	0	|	62.0	0.21(62)	0.21(62)	|	7850	
4673	804	ok	|	0.19	1.00	1.00	0.20	0.10	0	|	rapi	0.19	0.20	0	|	62.0	0.20(62)	0.20(62)	|	7850	
4673	805	ok	|	0.20	1.00	1.00	0.21	0.10	0	|	rapi	0.20	0.21	0	|	62.0	0.21(62)	0.21(62)	|	7850	
4673	806	ok	|	0.20	1.00	1.00	0.21	0.10	0	|	rapi	0.20	0.21	0	|	62.0	0.21(62)	0.21(62)	|	7850	
4673	807	ok	|	0.20	1.00	1.00	0.21	0.10	0	|	rapi	0.20	0.21	0	|	62.0	0.21(62)	0.21(62)	|	7850	
4673	808	ok	|	0.20	1.00	1.00	0.21	0.10	0	|	rapi	0.20	0.21	0	|	62.0	0.21(62)	0.21(62)	|	7850	
4673	809	ok	|	0.20	1.00	1.00	0.21	0.11	0	|	rapi	0.20	0.21	0	|	62.0	0.21(62)	0.21(62)	|	7850	
4673	810	ok	|	0.21	1.00	1.00	0.22	0.11	0	|	rapi	0.21	0.22	0	|	62.0	0.22(62)	0.22(62)	|	7850	
4673	811	ok	|	0.21	1.00	1.00	0.22	0.11	0	|	rapi	0.21	0.22	0	|	62.0	0.22(62)	0.22(62)	|	7850	
4673	812	ok	|	0.22	1.00	1.00	0.23	0.12	0	|	rapi	0.22	0.23	0	|	62.0	0.23(62)	0.23(62)	|	7850	
4673	813	ok	|	0.23	1.00	1.00	0.25	0.12	0	|	rapi	0.23	0.25	0	|	62.0	0.25(62)	0.25(62)	|	7850	
4673	814	ok	|	0.22	1.00	1.00	0.23	0.12	0	|	rapi	0.22	0.23	0	|	62.0	0.23(62)	0.23(62)	|	7850	
4673	815	ok	|	0.22	1.00	1.00	0.23	0.12	0	|	rapi	0.22	0.23	0	|	62.0	0.23(62)	0.23(62)	|	7850	
4673	816	ok	|	0.23	1.00	1.00	0.24	0.12	0	|	rapi	0.23	0.24	0	|	62.0	0.24(62)	0.24(62)	|	7850	
4673	817	ok	|	0.22	1.00	1.00	0.23	0.11	0	|	rapi	0.22	0.23	0	|	62.0	0.23(62)	0.23(62)	|	7850	
4673	818	ok	|	0.19	1.00	1.00	0.20	0.10	0	|	rapi	0.19	0.20	0	|	62.0	0.20(62)	0.20(62)	|	7850	
4673	819	ok	|	0.20	1.00	1.00	0.21	0.11	0	|	rapi	0.20	0.21	0	|	62.0	0.21(62)	0.21(62)	|	7850	
4673	820	ok	|	0.20	1.00	1.00	0.20	0.10	0	|	rapi	0.20	0.20	0	|	62.0	0.20(62)	0.20(62)	|	7850	
4673	821	ok	|	0.18	1.00	1.00	0.19	0.09	0	|	rapi	0.18	0.19	0	|	62.0	0.19(62)	0.19(62)	|	7850	
4673	822	ok	|	0.19	1.00	1.00	0.20	0.10	0	|	rapi	0.19	0.20	0	|	62.0	0.20(62)	0.20(62)	|	7850	
4673	823	ok	|	0.18	1.00	1.00	0.20	0.10	0	|	rapi	0.18	0.20	0	|	62.0	0.20(62)	0.20(62)	|	7850	
4673	824	ok	|	0.20	1.00	1.00	0.21	0.10	0	|	rapi	0.20	0.21	0	|	62.0	0.21(62)	0.21(62)	|	7850	
4673	825	ok	|	0.22	1.00	1.00	0.23	0.12	0	|	rapi	0.22	0.23	0	|	62.0	0.23(62)	0.23(62)	|	7850	
4673	826	ok	|	0.23	1.00	1.00	0.24	0.12	0	|	rapi	0.23	0.24	0	|	62.0	0.24(62)	0.24(62)	|	7850	
4673	827	ok	|	0.21	1.00	1.00	0.23	0.11	0	|	rapi	0.21	0.23	0	|	62.0	0.23(62)	0.23(62)	|	7850	
4673	828	ok	|	0.20	1.00	1.00	0.21	0.11	0	|	rapi	0.20	0.21	0	|	62.0	0.21(62)	0.21(62)	|	7850	
4673	829	ok	|	0.20	1.00	1.00	0.21	0.10	0	|	rapi	0.20	0.21	0	|	62.0	0.21(62)	0.21(62)	|	7850	
4673	830	ok	|	0.19	1.00	1.00	0.20	0.10	0	|	rapi	0.19	0.20	0	|	62.0	0.20(62)	0.20(62)	|	7850	
4673	831	ok	|	0.17	1.00	1.00	0.18	0.09	0	|	rapi	0.17	0.18	0	|	62.0	0.18(62)	0.18(62)	|	7850	
4673	832	ok	|	0.19	1.00	1.00	0.19	0.10	0	|	rapi	0.19	0.19	0	|	62.0	0.19(62)	0.19(62)	|	7850	
4673	833	ok	|	0.19	1.00	1.00	0.20	0.10	0	|	rapi	0.19	0.20	0	|	62.0	0.20(62)	0.20(62)	|	7850	
4673	834	ok	|	0.18	1.00	1.00	0.18	0.09	0	|	rapi	0.18	0.18	0	|	62.0	0.18(62)	0.18(62)	|	7850	
4673	835	ok	|	0.16	1.00	1.00	0.17	0.09	0	|	rapi	0.16	0.17	0	|	62.0	0.17(62)	0.17(62)	|	7850	
4673	836	ok	|	0.15	1.00	1.00	0.15	0.08	0	|	rapi	0.15	0.15	0	|	62.0	0.15(62)	0.15(62)	|	7850	
4673	837	ok	|	0.13	1.00	1.00	0.14	0.07	0	|	rapi	0.13	0.14	0	|	62.0	0.14(62)	0.14(62)	|	7850	
4673	838	ok	|	0.15	1.00	1.00	0.16	0.08	0	|	rapi	0.15	0.16	0	|	62.0	0.16(62)	0.16(62)	|	7850	
4673	839	ok	|	0.16	1.00	1.00	0.17	0.08	0	|	rapi	0.16	0.17	0	|	62.0	0.17(62)	0.17(62)	|	7850	
4673	840	ok	|	0.16	1.00	1.00	0.17	0.09	0	|	rapi	0.16	0.17	0	|	62.0	0.17(62)	0.17(62)	|	7850	
4673	841	ok	|	0.17	1.00	1.00	0.17	0.09	0	|	rapi	0.17	0.17	0	|	62.0	0.17(62)	0.17(62)	|	7850	
4673	842	ok	|	0.18	1.00	1.00	0.19	0.09	0	|	rapi	0.18	0.19	0	|	62.0	0.19(62)	0.19(62)	|	7850	
4673	843	ok	|	0.17	1.00	1.00	0.17	0.09	0	|	rapi	0.17	0.17	0	|	62.0	0.17(62)	0.17(62)	|	7850	
4673	844	ok	|	0.17	1.00	1.00	0.18	0.09	0	|	rapi	0.17	0.18	0	|	62.0	0.18(62)	0.18(62)	|	7850	
4673	845	ok	|	0.18	1.00	1.00	0.19	0.09	0	|	rapi	0.18	0.19	0	|	62.0	0.19(62)	0.19(62)	|	7850	
4673	846	ok	|	0.17	1.00	1.00	0.18	0.09	0	|	rapi	0.17	0.18	0	|	62.0	0.18(62)	0.18(62)	|	7850	
4673	847	ok	|	0.17	1.00	1.00	0.18	0.09	0	|	rapi	0.17	0.18	0	|	62.0	0.18(62)	0.18(62)	|	7850	
4673	848	ok	|	0.17	1.00	1.00	0.18	0.09	0	|	rapi	0.17	0.18	0	|	62.0	0.18(62)	0.18(62)	|	7850	
4673	849	ok	|	0.16	1.00	1.00	0.17	0.08	0	|	rapi	0.16	0.17	0	|	62.0	0.17(62)	0.17(62)	|	7850	
4673	850	ok	|	0.16	1.00	1.00	0.16	0.08	0	|	rapi	0.16	0.16	0	|	62.0	0.16(62)	0.16(62)	|	7850	
4673	851	ok	|	0.12	1.00	1.00	0.13	0.07	0	|	rapi	0.12	0.13	0	|	62.0	0.13(62)	0.13(62)	|	7850	
4673	852	ok	|	0.13	1.00	1.00	0.14	0.07	0	|	rapi	0.13	0.14	0	|	62.0	0.14(62)	0.14(62)	|	7850	
4673	853	ok	|	0.13	1.00	1.00	0.14	0.07	0	|	rapi	0.13	0.14	0	|	62.0	0.14(62)	0.14(62)	|	7850	
4673	854	ok	|	0.13	1.00	1.00	0.14	0.07	0	|	rapi	0.13	0.14	0	|	62.0	0.14(62)	0.14(62)	|	7850	
4673	855	ok	|	0.16	1.00	1.00	0.17	0.08	0	|	rapi	0.16	0.17	0	|	62.0	0.17(62)	0.17(62)	|	7850	
4673	856	ok	|	0.14	1.00	1.00	0.15	0.07	0	|	rapi	0.14	0.15	0	|	62.0	0.15(62)	0.15(62)	|	7850	
4673	857	ok	|	0.14	1.00	1.00	0.14	0.07	0	|	rapi	0.14	0.14	0	|	62.0	0.14(62)	0.14(62)	|	7850	
4673	858	ok	|	0.14	1.00	1.00	0.14	0.07	0	|	rapi	0.14	0.14	0	|	62.0	0.14(62)	0.14(62)	|	7850	
4673	859	ok	|	0.13	1.00	1.00	0.13	0.07	0	|	rapi	0.13	0.13	0	|	62.0	0.13(62)	0.13(62)	|	7850	
4673	860	ok	|	0.12	1.00	1.00	0.13	0.06	0	|	rapi	0.12	0.13	0	|	62.0	0.13(62)	0.13(62)	|	7850	
4673	861	ok	|	0.12	1.00	1.00	0.13	0.06	0	|	rapi	0.12	0.13	0	|	62.0	0.13(62)	0.13(62)	|	7850	
4673	862	ok	|	0.12	1.00	1.00	0.13	0.06	0	|	rapi	0.12	0.13	0	|	62.0	0.13(62)	0.13(62)	|	7850	
4673	863	ok	|	0.12	1.00	1.00	0.12	0.06	0	|	rapi	0.12	0.12	0	|	62.0	0.12(62)	0.12(62)	|	7850	
4673	864	ok	|	0.11	1.00	1.00	0.11	0.06	0	|	rapi	0.11	0.11	0	|	62.0	0.11(62)	0.11(62)	|	7850	
4673	865	ok	|	0.11	1.00	1.00	0.12	0.06	0	|	rapi	0.11	0.12	0	|	62.0	0.12(62)	0.12(62)	|	7850	
4673	866	ok	|	0.12	1.00	1.00	0.13	0.06	0	|	rapi	0.12	0.13	0	|	62.0	0.13(62)	0.13(62)	|	7850	
4673	867	ok	|	0.14	1.00	1.00	0.14	0.07	0	|	rapi	0.14	0.14	0	|	62.0	0.14(62)	0.14(62)	|	7850	
4673	868	ok	|	0.15	1.00	1.00	0.16	0.08	0	|	rapi	0.15	0.16	0	|	62.0	0.16(62)	0.16(62)	|	7850	
4673	869	ok	|	0.16	1.00	1.00	0.18	0.09	0	|	rapi	0.16	0.18	0	|	62.0	0.18(62)	0.18(62)	|	7850	
4673	870	ok	|	0.17	1.00	1.00	0.18	0.09	0	|	rapi	0.17	0.18	0	|	62.0	0.18(62)	0.18(62)	|	7850	
4673	871	ok	|	0.18	1.00	1.00	0.19	0.09	0	|	rapi	0.18	0.19	0	|	62.0	0.19(62)	0.19(62)	|	7850	
4673	872	ok	|	0.18	1.00	1.00	0.20	0.10	0	|	rapi	0.18	0.20	0	|	62.0	0.20(62)	0.20(62)	|	7850	
4673	873	ok	|	0.18	1.00	1.00	0.19	0.10	0	|	rapi	0.18	0.19	0	|	62.0	0.19(62)	0.19(62)	|	7850	
4673	874	ok	|	0.18	1.00	1.00	0.18	0.09	0	|	rapi	0.18	0.18	0	|	62.0	0.18(62)	0.18(62)	|	7850	
4673	875	ok	|	0.17	1.00	1.00	0.18	0.09	0	|	rapi	0.17	0.18	0	|	62.0	0.18(62)	0.18(62)	|	7850	
4673	876	ok	|	0.16	1.00	1.00	0.17	0.09	0	|	rapi	0.16	0.17	0	|	62.0	0.17(62)	0.17(62)	|	7850	
4673	877	ok	|	0.20	1.00	1.00	0.21	0.11	0	|	rapi	0.20	0.21	0	|	62.0	0.21(62)	0.21(62)	|	7850	
4673	878	ok	|	0.22	1.00	1.00	0.24	0.12	0	|	rapi	0.22	0.24	0	|	62.0	0.24(62)	0.24(62)	|	7850	
4673	879	ok	|	0.23	1.00	1.00	0.24	0.12	0	|	rapi	0.23	0.24	0	|	62.0	0.24(62)	0.24(62)	|	7850	
4673	880	ok	|	0.21	1.00	1.00	0.22	0.11	0	|	rapi	0.21	0.22	0	|	62.0	0.22(62)	0.22(62)	|	7850	
4673	881	ok	|	0.21	1.00	1.00	0.23	0.11	0	|	rapi	0.21	0.23	0	|	62.0	0.23(62)	0.23(62)	|	7850	
4673	882	ok	|	0.20	1.00	1.00	0.22	0.11	0	|	rapi	0.20	0.22	0	|	62.0	0.22(62)	0.22(62)	|	7850	
4673	883	ok	|	0.23	1.00	1.00	0.24	0.12	0	|	rapi	0.23	0.24	0	|	62.0	0.24(62)	0.24(62)	|	7850	
4673	884	ok	|	0.23	1.00	1.00	0.24	0.12	0	|	rapi	0.23	0.24	0	|	62.0	0.24(62)	0.24(62)	|	7850	
4673	885	ok	|	0.22	1.00	1.00	0.23	0.12	0	|	rapi	0.22	0.23	0	|	62.0	0.23(62)	0.23(62)	|	7850	
4673	886	ok	|	0.20	1.00	1.00	0.21	0.10	0	|	rapi	0.20	0.21	0	|	62.0	0.21(62)	0.21(62)	|	7850	
4673	887	ok	|	0.21	1.00	1.00	0.22	0.11	0	|	rapi	0.21	0.22	0	|	62.0	0.22(62)	0.22(62)	|	7850	
4673	888	ok	|	0.20	1.00	1.00	0.21	0.10	0	|	rapi	0.20	0.21	0	|	62.0	0.21(62)	0.21(62)	|	7850	
4673	889	ok	|	0.20	1.00	1.00	0.20	0.10	0	|	rapi	0.20	0.20	0	|	62.0	0.20(62)	0.20(62)	|	7850	
4673	890	ok	|	0.19	1.00	1.00	0.20	0.10	0	|	rapi	0.19	0.20	0	|	62.0	0.20(62)	0.20(62)	|	7850	
4673	891	ok	|	0.20	1.00	1.00	0.21	0.10	0	|	rapi	0.20	0.21	0	|	62.0	0.21(62)	0.21(62)	|	7850	
4673	892	ok	|	0.20	1.00	1.00	0.21	0.11	0	|	rapi	0.20	0.21	0	|	62.0	0.21(62)	0.21(62)	|	7850	
4673	893	ok	|	0.19	1.00	1.00	0.20	0.10	0	|	rapi	0.19	0.20	0	|	62.0	0.20(62)	0.20(62)	|	7850	
4673	894	ok	|	0.18	1.00	1.00	0.19	0.09	0	|	rapi	0.18	0.19	0	|	62.0	0.19(62)	0.19(62)	|	7850	
4673	895	ok	|	0.19	1.00	1.00	0.19	0.10	0	|	rapi	0.19	0.19	0	|	62.0	0.19(62)	0.19(62)	|	7850	
4673	896	ok	|	0.19	1.00	1.00	0.20	0.10	0	|	rapi	0.19	0.20	0	|	62.0	0.20(62)	0.20(62)	|	7850	
4673	897	ok	|	0.19	1.00	1.00	0.20	0.10	0	|	rapi	0.19	0.20	0	|	62.0	0.20(62)	0.20(62)	|	7850	
4673	898	ok	|	0.19	1.00	1.00	0.20	0.10	0	|	rapi	0.19	0.20	0	|	62.0	0.20(62)	0.20(62)	|	7850	
4673	899	ok	|	0.20	1.00	1.00	0.20	0.10	0	|	rapi	0.20	0.20	0	|	62.0	0.20(62)	0.20(62)	|	7850	
4673	900	ok	|	0.19	1.00	1.00	0.19	0.10	0	|	rapi	0.19	0.19	0	|	62.0	0.19(62)	0.19(62)	|	7850	
4673	901	ok	|	0.18	1.00	1.00	0.19	0.10	0	|	rapi	0.18	0.19	0	|	62.0	0.19(62)	0.19(62)	|	7850	
4673	902	ok	|	0.17	1.00	1.00	0.18	0.09	0	|	rapi	0.17	0.18	0	|	62.0	0.18(62)	0.18(62)	|	7850	
4673	903	ok	|	0.18	1.00	1.00	0.20	0.10	0	|	rapi	0.18	0.20	0	|	62.0	0.20(62)	0.20(62)	|	7850	
4673	904	ok	|	0.19	1.00	1.00	0.20	0.10	0	|	rapi	0.19	0.20	0	|	62.0	0.20(62)	0.20(62)	|	7850	
4673	905	ok	|	0.17	1.00	1.00	0.17	0.09	0	|	rapi	0.17	0.17	0	|	62.0	0.17(62)	0.17(62)	|	7850	
4673	906	ok	|	0.16	1.00	1.00	0.17	0.09	0	|	rapi	0.16	0.17	0	|	62.0	0.17(62)	0.17(62)	|	7850	
4673	907	ok	|	0.14	1.00	1.00	0.15	0.07	0	|	rapi	0.14	0.15	0	|	62.0	0.15(62)	0.15(62)	|	7850	
4673	908	ok	|	0.16	1.00	1.00	0.16	0.08	0	|	rapi	0.16	0.16	0	|	62.0	0.16(62)	0.16(62)	|	7850	
4673	909	ok	|	0.16	1.00	1.00	0.17	0.08	0	|	rapi	0.16	0.17	0	|	62.0	0.17(62)	0.17(62)	|	7850	
4673	910	ok	|	0.15	1.00	1.00	0.16	0.08	0	|	rapi	0.15	0.16	0	|	62.0	0.16(62)	0.16(62)	|	7850	
4673	911	ok	|	0.15	1.00	1.00	0.15	0.08	0	|	rapi	0.15	0.15	0	|	62.0	0.15(62)	0.15(62)	|	7850	
4673	912	ok	|	0.14	1.00	1.00	0.15	0.07	0	|	rapi	0.14	0.15	0	|	62.0	0.15(62)	0.15(62)	|	7850	
4673	913	ok	|	0.15	1.00	1.00	0.16	0.08	0	|	rapi	0.15	0.16	0	|	62.0	0.16(62)	0.16(62)	|	7850	
4673	914	ok	|	0.13	1.00	1.00	0.14	0.07	0	|	rapi	0.13	0.14	0	|	62.0	0.14(62)	0.14(62)	|	7850	
4673	915	ok	|	0.14	1.00	1.00	0.15	0.08	0	|	rapi	0.14	0.15	0	|	62.0	0.15(62)	0.15(62)	|	7850	
4673	916	ok	|	0.12	1.00	1.00	0.13	0.07	0	|	rapi	0.12	0.13	0	|	62.0	0.13(62)	0.13(62)	|	7850	
4673	917	ok	|	0.12	1.00	1.00	0.12	0.06	0	|	rapi	0.12	0.12	0	|	62.0	0.12(62)	0.12(62)	|	7850	
4673	918	ok	|	0.11	1.00	1.00	0.12	0.06	0	|	rapi	0.11	0.12	0	|	62.0	0.12(62)	0.12(62)	|	7850	
4673	919	ok	|	0.12	1.00	1.00	0.13	0.06	0	|	rapi	0.12	0.13	0	|	62.0	0.13(62)	0.13(62)	|	7850	
4673	920	ok	|	0.14	1.00	1.00	0.14	0.07	0	|	rapi	0.14	0.14	0	|	62.0	0.14(62)	0.14(62)	|	7850	
4673	921	ok	|	0.14	1.00	1.00	0.14	0.07	0	|	rapi	0.14	0.14	0	|	62.0	0.14(62)	0.14(62)	|	7850	
4673	922	ok	|	0.11	1.00	1.00	0.11	0.06	0	|	rapi	0.11	0.11	0	|	62.0	0.11(62)	0.11(62)	|	7850	
4673	923	ok	|	0.10	1.00	1.00	0.10	0.05	0	|	rapi	0.10	0.10	0	|	62.0	0.10(62)	0.10(62)	|	7850	
4673	924	ok	|	0.09	1.00	1.00	0.10	0.05	0	|	rapi	0.09	0.10	0	|	62.0	0.10(62)	0.10(62)	|	7850	
4673	925	ok	|	0.09	1.00	1.00	0.09	0.05	0	|	rapi	0.09	0.09	0	|	62.0	0.09(62)	0.09(62)	|	7850	
4673	926	ok	|	0.08	1.00	1.00	0.08	0.04	0	|	rapi	0.08	0.08	0	|	62.0	0.08(62)	0.08(62)	|	7850	
4673	927	ok	|	0.07	1.00	1.00	0.07	0.04	0	|	rapi	0.07	0.07	0	|	62.0	0.07(62)	0.07(62)	|	7850	
4673	928	ok	|	0.07	1.00	1.00	0.08	0.04	0	|	rapi	0.07	0.08	0	|	62.0	0.08(62)	0.08(62)	|	7850	
4673	929	ok	|	0.08	1.00	1.00	0.08	0.04	0	|	rapi	0.08	0.08	0	|	62.0	0.08(62)	0.08(62)	|	7850	
4673	930	ok	|	0.07	1.00	1.00	0.08	0.04	0	|	rapi	0.07	0.08	0	|	62.0	0.08(62)	0.08(62)	|	7850	
4673	931	ok	|	0.08	1.00	1.00	0.08	0.04	0	|	rapi	0.08	0.08	0	|	62.0	0.08(62)	0.08(62)	|	7850	
4673	932	ok	|	0.08	1.00	1.00	0.09	0.04	0	|	rapi	0.08	0.09	0	|	62.0	0.09(62)	0.09(62)	|	7850	
4673	933	ok	|	0.07	1.00	1.00	0.07	0.04	0	|	rapi	0.07	0.07	0	|	62.0	0.07(62)	0.07(62)	|	7850	
4673	934	ok	|	0.07	1.00	1.00	0.07	0.03	0	|	rapi	0.07	0.07	0	|	62.0	0.07(62)	0.07(62)	|	7850	
4673	935	ok	|	0.06	1.00	1.00	0.06	0.03	0	|	rapi	0.06	0.06	0	|	62.0	0.06(62)	0.06(62)	|	7850	
4673	936	ok	|	0.06	1.00	1.00	0.06	0.03	0	|	rapi	0.06	0.06	0	|	62.0	0.06(62)	0.06(62)	|	7850	
4673	937	ok	|	0.05	1.00	1.00	0.06	0.03	0	|	rapi	0.05	0.06	0	|	62.0	0.06(62)	0.06(62)	|	7850	
4673	938	ok	|	0.06	1.00	1.00	0.06	0.03	0	|	rapi	0.06	0.06	0	|	62.0	0.06(62)	0.06(62)	|	7850	
4673	939	ok	|	0.08	1.00	1.00	0.08	0.04	0	|	rapi	0.08	0.08	0	|	62.0	0.08(62)	0.08(62)	|	7850	
4673	940	ok	|	0.06	1.00	1.00	0.06	0.03	0	|	rapi	0.06	0.06	0	|	62.0	0.06(62)	0.06(62)	|	7850	
4673	941	ok	|	0.05	1.00	1.00	0.05	0.02	0	|	rapi	0.05	0.05	0	|	62.0	0.05(62)	0.05(62)	|	7850	
4673	942	ok	|	0.04	1.00	1.00	0.05	0.02	0	|	rapi	0.04	0.05	0	|	62.0	0.05(62)	0.05(62)	|	7850	
4673	943	ok	|	0.04	1.00	1.00	0.04	0.02	0	|	rapi	0.04	0.04	0	|	62.0	0.04(62)	0.04(62)	|	7850	
4673	944	ok	|	0.04	1.00	1.00	0.04	0.02	0	|	rapi	0.04	0.04	0	|	62.0	0.04(62)	0.04(62)	|	7850	
4673	945	ok	|	0.04	1.00	1.00	0.04	0.02	0	|	rapi	0.04	0.04	0	|	62.0	0.04(62)	0.04(62)	|	7850	
4673	946	ok	|	0.03	1.00	1.00	0.03	0.02	0	|	rapi	0.03	0.03	0	|	62.0	0.03(62)	0.03(62)	|	7850	
4673	947	ok	|	0.03	1.00	1.00	0.03	0.02	0	|	rapi	0.03	0.03	0	|	62.0	0.03(62)	0.03(62)	|	7850	
4673	948	ok	|	0.04	1.00	1.00	0.04	0.02	0	|	rapi	0.04	0.04	0	|	62.0	0.04(62)	0.04(62)	|	7850	
4673	949	ok	|	0.04	1.00	1.00	0.04	0.02	0	|	rapi	0.04	0.04	0	|	62.0	0.04(62)	0.04(62)	|	7850	
4673	950	ok	|	0.03	1.00	1.00	0.03	0.02	0	|	rapi	0.03	0.03	0	|	62.0	0.03(62)	0.03(62)	|	7850	
4673	951	ok	|	0.04	1.00	1.00	0.04	0.02	0	|	rapi	0.04	0.04	0	|	62.0	0.04(62)	0.04(62)	|	7850	
4673	952	ok	|	0.05	1.00	1.00	0.05	0.03	0	|	rapi	0.05	0.05	0	|	62.0	0.05(62)	0.05(62)	|	7850	
4673	953	ok	|	0.07	1.00	1.00	0.07	0.04	0	|	rapi	0.07	0.07	0	|	62.0	0.07(62)	0.07(62)	|	7850	
4673	954	ok	|	0.06	1.00	1.00	0.06	0.03	0	|	rapi	0.06	0.06	0	|	62.0	0.06(62)	0.06(62)	|	7850	
4673	955	ok	|	0.05	1.00	1.00	0.05	0.02	0	|	rapi	0.05	0.05	0	|	62.0	0.05(62)	0.05(62)	|	7850	
4673	956	ok	|	0.04	1.00	1.00	0.04	0.02	0	|	rapi	0.04	0.04	0	|	62.0	0.04(62)	0.04(62)	|	7850	
4673	957	ok	|	0.04	1.00	1.00	0.04	0.02	0	|	rapi	0.04	0.04	0	|	62.0	0.04(62)	0.04(62)	|	7850	
4673	958	ok	|	0.03	1.00	1.00	0.03	0.01	0	|	rapi	0.03	0.03	0	|	62.0	0.03(62)	0.03(62)	|	7850	
4673	959	ok	|	0.02	1.00	1.00	0.02	0.01	0	|	rapi	0.02	0.02	0	|	62.0	0.02(62)	0.02(62)	|	7850	
4673	960	ok	|	0.03	1.00	1.00	0.03	0.01	0	|	rapi	0.03	0.03	0	|	62.0	0.03(62)	0.03(62)	|	7850	
4673	961	ok	|	0.02	1.00	1.00	0.02	0.01	0	|	rapi	0.02	0.02	0	|	62.0	0.02(62)	0.02(62)	|	7850	
4673	962	ok	|	0.02	1.00	1.00	0.02	0.01	0	|	rapi	0.02	0.02	0	|	62.0	0.02(62)	0.02(62)	|	7850	
4673	963	ok	|	0.02	1.00	1.00	0.02	0.01	0	|	rapi	0.02	0.02	0	|	62.0	0.02(62)	0.02(62)	|	7850	
4673	964	ok	|	0.02	1.00	1.00	0.02	0.01	0	|	rapi	0.02	0.02	0	|	62.0	0.02(62)	0.02(62)	|	7850	
4673	965	ok	|	0.02	1.00	1.00	0.02	0.01	0	|	rapi	0.02	0.02	0	|	62.0	0.02(62)	0.02(62)	|	7850	
4673	966	ok	|	0.02	1.00	1.00	0.02	0.01	0	|	rapi	0.02	0.02	0	|	62.0	0.02(62)	0.02(62)	|	7850	
4673	967	ok	|	0.02	1.00	1.00	0.02	0.01	0	|	rapi	0.02	0.02	0	|	62.0	0.02(62)	0.02(62)	|	7850	
4673	968	ok	|	0.02	1.00	1.00	0.02	0.01	0	|	rapi	0.02	0.02	0	|	62.0	0.02(62)	0.02(62)	|	7850	
4673	969	ok	|	0.02	1.00	1.00	0.02	0.01	0	|	rapi	0.02	0.02	0	|	62.0	0.02(62)	0.02(62)	|	7850	
4673	970	ok	|	0.03	1.00	1.00	0.03	0.01	0	|	rapi	0.03	0.03	0	|	62.0	0.03(62)	0.03(62)	|	7850	
4673	971	ok	|	0.04	1.00	1.00	0.04	0.02	0	|	rapi	0.04	0.04	0	|	62.0	0.04(62)	0.04(62)	|	7850	
4673	972	ok	|	0.04	1.00	1.00	0.04	0.02	0	|	rapi	0.04	0.04	0	|	62.0	0.04(62)	0.04(62)	|	7850	
4673	973	ok	|	0.03	1.00	1.00	0.03	0.02	0	|	rapi	0.03	0.03	0	|	62.0	0.03(62)	0.03(62)	|	7850	
4673	974	ok	|	0.03	1.00	1.00	0.03	0.02	0	|	rapi	0.03	0.03	0	|	62.0	0.03(62)	0.03(62)	|	7850	
4673	975	ok	|	0.03	1.00	1.00	0.03	0.02	0	|	rapi	0.03	0.03	0	|	62.0	0.03(62)	0.03(62)	|	7850	
4673	976	ok	|	0.04	1.00	1.00	0.04	0.02	0	|	rapi	0.04	0.04	0	|	62.0	0.04(62)	0.04(62)	|	7850	
4673	977	ok	|	0.04	1.00	1.00	0.04	0.02	0	|	rapi	0.04	0.04	0	|	62.0	0.04(62)	0.04(62)	|	7850	
4673	978	ok	|	0.03	1.00	1.00	0.03	0.01	0	|	rapi	0.03	0.03	0	|	62.0	0.03(62)	0.03(62)	|	7850	
4673	979	ok	|	0.03	1.00	1.00	0.03	0.02	0	|	rapi	0.03	0.03	0	|	62.0	0.03(62)	0.03(62)	|	7850	
4673	980	ok	|	0.03	1.00	1.00	0.03	0.01	0	|	rapi	0.03	0.03	0	|	62.0	0.03(62)	0.03(62)	|	7850	
4673	981	ok	|	0.02	1.00	1.00	0.02	0.01	0	|	rapi	0.02	0.02	0	|	62.0	0.02(62)	0.02(62)	|	7850	
4673	982	ok	|	0.02	1.00	1.00	0.02	0.01	0	|	rapi	0.02	0.02	0	|	62.0	0.02(62)	0.02(62)	|	7850	
4673	983	ok	|	0.02	1.00	1.00	0.02	0.01	0	|	rapi	0.02	0.02	0	|	62.0	0.02(62)	0.02(62)	|	7850	
4673	984	ok	|	0.02	1.00	1.00	0.02	0.01	0	|	rapi	0.02	0.02	0	|	62.0	0.02(62)	0.02(62)	|	7850	
4673	985	ok	|	0.02	1.00	1.00	0.02	0.01	0	|	rapi	0.02	0.02	0	|	62.0	0.02(62)	0.02(62)	|	7850	
4673	986	ok	|	0.02	1.00	1.00	0.02	0.01	0	|	rapi	0.02	0.02	0	|	62.0	0.02(62)	0.02(62)	|	7850	
4673	987	ok	|	0.02	1.00	1.00	0.02	0.01	0	|	rapi	0.02	0.02	0	|	62.0	0.02(62)	0.02(62)	|	7850	
4673	988	ok	|	0.03	1.00	1.00	0.03	0.01	0	|	rapi	0.03	0.03	0	|	62.0	0.03(62)	0.03(62)	|	7850	
4673	989	ok	|	0.03	1.00	1.00	0.03	0.01	0	|	rapi	0.03	0.03	0	|	62.0	0.03(62)	0.03(62)	|	7850	
4673	990	ok	|	0.02	1.00	1.00	0.02	0.01	0	|	rapi	0.02	0.02	0	|	62.0	0.02(62)	0.02(62)	|	7850	
4673	991	ok	|	0.02	1.00	1.00	0.02	0.01	0	|	rapi	0.02	0.02	0	|	62.0	0.02(62)	0.02(62)	|	7850	
4673	992	ok	|	0.02	1.00	1.00	0.02	0.01	0	|	rapi	0.02	0.02	0	|	62.0	0.02(62)	0.02(62)	|	7850	
4673	993	ok	|	0.01	1.00	1.00	0.01	0.01	0	|	rapi	0.01	0.01	0	|	62.0	0.01(62)	0.01(62)	|	7850	
4673	994	ok	|	0.01	1.00	1.00	0.01	0.00	0	|	rapi	0.01	0.01	0	|	62.0	0.01(62)	0.01(62)	|	7850	
4673	995	ok	|	0.01	1.00	1.00	0.01	0.01	0	|	rapi	0.01	0.01	0	|	62.0	0.01(62)	0.01(62)	|	7850	
4673	996	ok	|	0.01	1.00	1.00	0.01	0.00	0	|	rapi	0.01	0.01	0	|	62.0	0.01(62)	0.01(62)	|	7850	
4673	997	ok	|	0.01	1.00	1.00	0.01	0.00	0	|	rapi	0.01	0.01	0	|	62.0	0.01(62)	0.01(62)	|	7850	
4673	998	ok	|	0.01	1.00	1.00	0.01	0.00	0	|	rapi	0.01	0.01	0	|	62.0	0.01(62)	0.01(62)	|	7850	
4673	999	ok	|	0.01	1.00	1.00	0.01	0.01	0	|	rapi	0.01	0.01	0	|	62.0	0.01(62)	0.01(62)	|	7850	
4673	1000	ok	|	0.01	1.00	1.00	0.01	0.00	0	|	rapi	0.01	0.01	0	|	62.0	0.01(62)	0.01(62)	|	7850	
4673	1001	ok	|	0.01	1.00	1.00	0.01	0.00	0	|	rapi	0.01	0.01	0	|	62.0	0.01(62)	0.01(62)	|	7850	
4673	1002	ok	|	0.01	1.00	1.00	0.01	0.00	0	|	rapi	0.01	0.01	0	|	62.0	0.01(62)	0.01(62)	|	7850	
4673	1003	ok	|	0.01	1.00	1.00	0.01	0.00	0	|	rapi	0.01	0.01	0	|	62.0	0.01(62)	0.01(62)	|	7850	
4673	1004	ok	|	0.01	1.00	1.00	0.01	0.00	0	|	rapi	0.01	0.01	0	|	62.0	0.01(62)	0.01(62)	|	7850	
4673	1005	ok	|	0.00	1.00	1.00	0.00	0.00	0	|	rapi	0.00	0.00	0	|	62.0	0.00(62)	0.00(62)	|	7850	
4673	1006	ok	|	0.00	1.00	1.00	0.00	0.00	0	|	rapi	0.00	0.00	0	|	62.0	0.00(62)	0.00(62)	|	7850	
4673	1007	ok	|	0.00	1.00	1.00	0.00	0.00	0	|	rapi	0.00	0.00	0	|	62.0	0.00(62)	0.00(62)	|	7850	
4673	1008	ok	|	0.01	1.00	1.00	0.01	0.00	0	|	rapi	0.01	0.01	0	|	62.0	0.01(62)	0.01(62)	|	7850	
4673	1009	ok	|	0.00	1.00	1.00	0.00	0.00	0	|	rapi	0.00	0.00	0	|	62.0	0.00(62)	0.00(62)	|	7850	
4673	1010	ok	|	0.01	1.00	1.00	0.01	0.00	0	|	rapi	0.01	0.01	0	|	62.0	0.01(62)	0.01(62)	|	7850	
4673	1011	ok	|	0.01	1.00	1.00	0.01	0.00	0	|	rapi	0.01	0.01	0	|	62.0	0.01(62)	0.01(62)	|	7850	
4673	1012	ok	|	0.01	1.00	1.00	0.01	0.00	0	|	rapi	0.01	0.01	0	|	62.0	0.01(62)	0.01(62)	|	7850	
4673	1013	ok	|	0.01	1.00	1.00	0.01	0.00	0	|	rapi	0.01	0.01	0	|	62.0	0.01(62)	0.01(62)	|	7850	
4673	1014	ok	|	0.01	1.00	1.00	0.01	0.01	0	|	rapi	0.01	0.01	0	|	62.0	0.01(62)	0.01(62)	|	7850	
4673	1015	ok	|	0.01	1.00	1.00	0.01	0.01	0	|	rapi	0.01	0.01	0	|	62.0	0.01(62)	0.01(62)	|	7850	
4673	1016	ok	|	0.02	1.00	1.00	0.02	0.01	0	|	rapi	0.02	0.02	0	|	62.0	0.02(62)	0.02(62)	|	7850	
4673	1017	ok	|	0.01	1.00	1.00	0.01	0.01	0	|	rapi	0.01	0.01	0	|	62.0	0.01(62)	0.01(62)	|	7850	
4673	1018	ok	|	0.01	1.00	1.00	0.01	0.01	0	|	rapi	0.01	0.01	0	|	62.0	0.01(62)	0.01(62)	|	7850	
4673	1019	ok	|	0.02	1.00	1.00	0.02	0.01	0	|	rapi	0.02	0.02	0	|	62.0	0.02(62)	0.02(62)	|	7850	
4673	1020	ok	|	0.01	1.00	1.00	0.01	0.01	0	|	rapi	0.01	0.01	0	|	62.0	0.01(62)	0.01(62)	|	7850	
4673	1021	ok	|	0.01	1.00	1.00	0.01	0.01	0	|	rapi	0.01	0.01	0	|	62.0	0.01(62)	0.01(62)	|	7850	
4673	1022	ok	|	0.01	1.00	1.00	0.01	0.00	0	|	rapi	0.01	0.01	0	|	62.0	0.01(62)	0.01(62)	|	7850	
4673	1023	ok	|	0.00	1.00	1.00	0.00	0.00	0	|	rapi	0.00	0.00	0	|	62.0	0.00(62)	0.00(62)	|	7850	
4673	1024	ok	|	0.01	1.00	1.00	0.01	0.00	0	|	rapi	0.01	0.01	0	|	62.0	0.01(62)	0.01(62)	|	7850	
4673	1025	ok	|	0.00	1.00	1.00	0.00	0.00	0	|	rapi	0.00	0.00	0	|	62.0	0.00(62)	0.00(62)	|	7850	
4673	1026	ok	|	0.00	1.00	1.00	0.00	0.00	0	|	rapi	0.00	0.00	0	|	62.0	0.00(62)	0.00(62)	|	7850	
4673	1027	ok	|	0.01	1.00	1.00	0.01	0.00	0	|	rapi	0.01	0.01	0	|	62.0	0.01(62)	0.01(62)	|	7850	
4673	1028	ok	|	0.01	1.00	1.00	0.01	0.00	0	|	rapi	0.01	0.01	0	|	62.0	0.01(62)	0.01(62)	|	7850	
4673	1029	ok	|	0.01	1.00	1.00	0.01	0.00	0	|	rapi	0.01	0.01	0	|	62.0	0.01(62)	0.01(62)	|	7850	
4673	1030	ok	|	0.00	1.00	1.00	0.00	0.00	0	|	rapi	0.00	0.00	0	|	62.0	0.00(62)	0.00(62)	|	7850	
4673	1031	ok	|	0.00	1.00	1.00	0.00	0.00	0	|	rapi	0.00	0.00	0	|	62.0	0.00(62)	0.00(62)	|	7850	
4673	1032	ok	|	0.01	1.00	1.00	0.01	0.00	0	|	rapi	0.01	0.01	0	|	62.0	0.01(62)	0.01(62)	|	7850	
4673	1033	ok	|	0.01	1.00	1.00	0.01	0.00	0	|	rapi	0.01	0.01	0	|	62.0	0.01(62)	0.01(62)	|	7850	
4673	1034	ok	|	0.01	1.00	1.00	0.01	0.00	0	|	rapi	0.01	0.01	0	|	62.0	0.01(62)	0.01(62)	|	7850	
4673	1035	ok	|	0.01	1.00	1.00	0.01	0.01	0	|	rapi	0.01	0.01	0	|	62.0	0.01(62)	0.01(62)	|	7850	
4673	1036	ok	|	0.01	1.00	1.00	0.01	0.01	0	|	rapi	0.01	0.01	0	|	62.0	0.01(62)	0.01(62)	|	7850	
4673	1037	ok	|	0.01	1.00	1.00	0.01	0.01	0	|	rapi	0.01	0.01	0	|	62.0	0.01(62)	0.01(62)	|	7850	
4673	1038	ok	|	0.01	1.00	1.00	0.01	0.01	0	|	rapi	0.01	0.01	0	|	62.0	0.01(62)	0.01(62)	|	7850	
4673	1039	ok	|	0.01	1.00	1.00	0.01	0.01	0	|	rapi	0.01	0.01	0	|	62.0	0.01(62)	0.01(62)	|	7850	
4673	1040	ok	|	0.01	1.00	1.00	0.01	0.00	0	|	rapi	0.01	0.01	0	|	62.0	0.01(62)	0.01(62)	|	7850	
4673	1041	ok	|	0.01	1.00	1.00	0.01	0.00	0	|	rapi	0.01	0.01	0	|	62.0	0.01(62)	0.01(62)	|	7850	
4673	1042	ok	|	0.01	1.00	1.00	0.01	0.00	0	|	rapi	0.01	0.01	0	|	62.0	0.01(62)	0.01(62)	|	7850	
4673	1043	ok	|	0.01	1.00	1.00	0.01	0.00	0	|	rapi	0.01	0.01	0	|	62.0	0.01(62)	0.01(62)	|	7850	
4673	1044	ok	|	0.00	1.00	1.00	0.00	0.00	0	|	rapi	0.00	0.00	0	|	62.0	0.00(62)	0.00(62)	|	7850	
4673	1045	ok	|	0.01	1.00	1.00	0.01	0.00	0	|	rapi	0.01	0.01	0	|	62.0	0.01(62)	0.01(62)	|	7850	
4673	1046	ok	|	0.00	1.00	1.00	0.00	0.00	0	|	rapi	0.00	0.00	0	|	62.0	0.00(62)	0.00(62)	|	7850	
4673	1047	ok	|	0.00	1.00	1.00	0.00	0.00	0	|	rapi	0.00	0.00	0	|	62.0	0.00(62)	0.00(62)	|	7850	
4673	1048	ok	|	0.00	1.00	1.00	0.00	0.00	0	|	rapi	0.00	0.00	0	|	62.0	0.00(62)	0.00(62)	|	7850	
4673	1049	ok	|	0.00	1.00	1.00	0.00	0.00	0	|	rapi	0.00	0.00	0	|	62.0	0.00(62)	0.00(62)	|	7850	
4673	1050	ok	|	0.01	1.00	1.00	0.01	0.00	0	|	rapi	0.01	0.01	0	|	62.0	0.01(62)	0.01(62)	|	7850	
4673	1051	ok	|	0.00	1.00	1.00	0.00	0.00	0	|	rapi	0.00	0.00	0	|	62.0	0.00(62)	0.00(62)	|	7850	
4673	1052	ok	|	0.00	1.00	1.00	0.00	0.00	0	|	rapi	0.00	0.00	0	|	62.0	0.00(62)	0.00(62)	|	7850	
4673	1053	ok	|	0.00	1.00	1.00	0.00	0.00	0	|	rapi	0.00	0.00	0	|	62.0	0.00(62)	0.00(62)	|	7850	
4673	1054	fail-0	|	0.00	1.00	1.00	0.00	NaN	0	|	rapi	0.00	0.00	0	|	NaN			|	7850	
