4815	0	ok	|	0.10	1.00	1.00	0.10	0.00	0	|	rapi	0.00	0.00	0	|	-93.0	0.10(-93)		|	12	
4815	1	ok	|	0.12	1.00	1.00	0.14	0.00	0	|	rapi	0.00	0.00	0	|	-93.0	0.14(-93)		|	12	
4815	2	ok	|	0.14	1.00	1.00	0.18	0.00	0	|	rapi	0.00	0.00	0	|	-93.0	0.18(-93)		|	12	
4815	3	ok	|	0.16	1.00	1.00	0.20	0.00	0	|	rapi	0.00	0.00	0	|	-93.0	0.20(-93)		|	12	
4815	4	ok	|	0.17	1.00	1.00	0.24	0.00	0	|	rapi	0.00	0.00	0	|	-93.0	0.24(-93)		|	12	
4815	5	ok	|	0.20	1.00	1.00	0.28	0.00	0	|	rapi	0.00	0.00	0	|	-93.0	0.28(-93)		|	12	
4815	6	ok	|	0.24	1.00	1.00	0.32	0.00	0	|	rapi	0.00	0.00	0	|	-93.0	0.32(-93)		|	12	
4815	7	ok	|	0.27	1.00	1.00	0.38	0.00	0	|	rapi	0.00	0.00	0	|	-93.0	0.38(-93)		|	12	
4815	8	ok	|	0.29	1.00	1.00	0.43	0.00	0	|	rapi	0.00	0.00	0	|	-93.0	0.43(-93)		|	12	
4815	9	ok	|	0.33	0.99	0.99	0.51	0.00	0	|	rapi	0.00	0.00	0	|	-93.0	0.51(-93)		|	12	
4815	10	ok	|	0.37	0.99	0.99	0.61	0.00	0	|	rapi	0.00	0.00	0	|	-93.0	0.61(-93)		|	12	
4815	11	ok	|	0.45	0.99	0.99	0.77	0.00	0	|	rapi	0.00	0.00	0	|	-93.0	0.77(-93)		|	12	
4815	12	ok	|	0.51	0.99	0.99	0.92	0.00	0	|	rapi	0.00	0.00	0	|	-93.0	0.92(-93)		|	12	
4815	13	ok	|	0.58	0.99	0.99	1.12	0.00	0	|	rapi	0.00	0.00	0	|	-93.0	1.12(-93)		|	12	
4815	14	ok	|	0.62	0.99	0.99	1.25	0.00	0	|	rapi	0.00	0.00	0	|	-93.0	1.25(-93)		|	12	
4815	15	ok	|	0.69	0.99	0.99	1.43	0.00	0	|	rapi	0.00	0.00	0	|	-93.0	1.43(-93)		|	12	
4815	16	ok	|	0.74	0.98	0.98	1.72	0.00	0	|	rapi	0.00	0.00	0	|	-93.0	1.72(-93)		|	12	
4815	17	ok	|	0.80	0.98	0.98	1.98	0.00	0	|	rapi	0.00	0.00	0	|	-93.0	1.98(-93)		|	12	
4815	18	ok	|	0.82	0.98	0.98	2.27	0.00	0	|	rapi	0.00	0.00	0	|	-93.0	2.27(-93)		|	12	
4815	19	ok	|	0.90	0.97	0.97	2.74	0.00	0	|	rapi	0.00	0.00	0	|	-93.0	2.74(-93)		|	12	
4815	20	ok	|	0.92	0.97	0.97	3.32	0.00	0	|	rapi	0.00	0.00	0	|	-93.0	3.32(-93)		|	12	
4815	21	ok	|	0.95	0.96	0.96	3.81	0.00	0	|	rapi	0.00	0.00	0	|	-93.0	3.81(-93)		|	12	
4815	22	ok	|	0.96	0.95	0.95	4.53	0.00	0	|	rapi	0.00	0.00	0	|	-93.0	4.53(-93)		|	12	
4815	23	ok	|	0.98	0.95	0.95	5.21	0.00	0	|	rapi	0.00	0.00	0	|	-93.0	5.21(-93)		|	12	
4815	24	ok	|	0.99	0.94	0.94	6.18	0.00	0	|	rapi	0.00	0.00	0	|	-93.0	6.18(-93)		|	12	
4815	25	ok	|	0.99	0.93	0.93	7.24	0.00	0	|	rapi	0.00	0.00	0	|	-93.0	7.24(-93)		|	12	
4815	26	ok	|	1.00	0.91	0.91	8.72	0.00	0	|	rapi	0.00	0.00	0	|	-93.0	8.72(-93)		|	12	
4815	27	ok	|	1.00	0.90	0.90	10.21	0.00	0	|	rapi	0.00	0.00	0	|	-93.0	10.21(-93)		|	12	
4815	28	ok	|	1.00	0.88	0.88	11.74	0.00	0	|	rapi	0.00	0.00	0	|	-93.0	11.74(-93)		|	12	
4815	29	ok	|	1.00	0.86	0.86	14.04	0.00	0	|	rapi	0.00	0.00	0	|	-93.0	14.04(-93)		|	12	
4815	30	ok	|	1.00	0.83	0.83	16.53	0.00	0	|	rapi	0.00	0.00	0	|	-93.0	16.53(-93)		|	12	
4815	31	ok	|	1.00	0.81	0.81	19.46	0.00	0	|	rapi	0.00	0.00	0	|	-93.0	19.46(-93)		|	12	
4815	32	ok	|	1.00	0.77	0.77	23.00	0.00	0	|	rapi	0.00	0.00	0	|	-93.0	23.00(-93)		|	12	
4815	33	ok	|	1.00	0.73	0.73	26.97	0.00	0	|	rapi	0.00	0.00	0	|	-93.0	26.97(-93)		|	12	
4815	34	ok	|	1.00	0.68	0.68	31.78	0.00	0	|	rapi	0.00	0.00	0	|	-93.0	31.78(-93)		|	12	
4815	35	ok	|	1.00	0.63	0.63	37.37	0.00	0	|	rapi	0.00	0.00	0	|	-93.0	37.37(-93)		|	12	
4815	36	ok	|	1.00	0.56	0.56	43.71	0.00	0	|	rapi	0.00	0.00	0	|	-93.0	43.71(-93)		|	12	
4815	37	ok	|	1.00	0.49	0.49	50.92	0.00	0	|	rapi	0.00	0.00	0	|	-93.0	50.92(-93)		|	12	
4815	38	ok	|	1.00	0.41	0.41	59.05	0.00	0	|	rapi	0.00	0.00	0	|	-93.0	59.05(-93)		|	12	
4815	39	ok	|	1.00	0.32	0.32	68.05	0.00	0	|	rapi	0.00	0.00	0	|	-93.0	68.05(-93)	0.00(-93)	|	12	
4815	40	ok	|	1.00	0.23	0.23	77.52	0.00	0	|	rapi	0.00	0.00	0	|	-93.0	77.52(-93)		|	12	
4815	41	ok	|	1.00	0.14	0.14	86.76	0.00	0	|	rapi	0.00	0.00	0	|	-93.0	86.76(-93)		|	12	
4815	42	fail-w	|	1.00	0.07	0.07	94.85	0.00	0	|	rapi	0.00	0.00	0	|	-93.0	94.85(-93)		|	12	
