4908	0	ok	|	0.09	1.00	1.00	0.10	0.00	0	|	rapi	0.00	0.00	0	|	48.0	0.10(48)		|	1	
4908	1	ok	|	0.10	1.00	1.00	0.12	0.00	0	|	rapi	0.00	0.00	0	|	48.0	0.12(48)		|	1	
4908	2	ok	|	0.13	1.00	1.00	0.16	0.00	0	|	rapi	0.00	0.00	0	|	48.0	0.16(48)		|	1	
4908	3	ok	|	0.14	1.00	1.00	0.18	0.00	0	|	rapi	0.00	0.00	0	|	48.0	0.18(48)		|	1	
4908	4	ok	|	0.18	1.00	1.00	0.25	0.00	0	|	rapi	0.00	0.00	0	|	48.0	0.25(48)		|	1	
4908	5	ok	|	0.23	1.00	1.00	0.32	0.00	0	|	rapi	0.00	0.00	0	|	48.0	0.32(48)		|	1	
4908	6	ok	|	0.25	1.00	1.00	0.37	0.00	0	|	rapi	0.00	0.00	0	|	48.0	0.37(48)		|	1	
4908	7	ok	|	0.30	1.00	1.00	0.44	0.00	0	|	rapi	0.00	0.00	0	|	48.0	0.44(48)		|	1	
4908	8	ok	|	0.33	0.99	0.99	0.52	0.00	0	|	rapi	0.00	0.00	0	|	48.0	0.52(48)		|	1	
4908	9	ok	|	0.37	0.99	0.99	0.62	0.00	0	|	rapi	0.00	0.00	0	|	48.0	0.62(48)		|	1	
4908	10	ok	|	0.41	0.99	0.99	0.71	0.00	0	|	rapi	0.00	0.00	0	|	48.0	0.71(48)		|	1	
4908	11	ok	|	0.44	0.99	0.99	0.75	0.00	0	|	rapi	0.00	0.00	0	|	48.0	0.75(48)	0.00(48)	|	1	
4908	12	ok	|	0.51	0.99	0.99	0.93	0.00	0	|	rapi	0.00	0.00	0	|	48.0	0.93(48)	0.00(48)	|	1	
4908	13	ok	|	0.57	0.99	0.99	1.13	0.00	0	|	rapi	0.00	0.00	0	|	48.0	1.13(48)	0.00(48)	|	1	
4908	14	ok	|	0.66	0.99	0.99	1.42	0.00	0	|	rapi	0.00	0.00	0	|	48.0	1.42(48)	0.00(48)	|	1	
4908	15	ok	|	0.71	0.98	0.98	1.66	0.00	0	|	rapi	0.00	0.00	0	|	48.0	1.66(48)		|	1	
4908	16	ok	|	0.77	0.98	0.98	1.92	0.00	0	|	rapi	0.00	0.00	0	|	48.0	1.92(48)		|	1	
4908	17	ok	|	0.81	0.98	0.98	2.25	0.00	0	|	rapi	0.00	0.00	0	|	48.0	2.25(48)		|	1	
4908	18	ok	|	0.86	0.97	0.97	2.69	0.00	0	|	rapi	0.00	0.00	0	|	48.0	2.69(48)		|	1	
4908	19	ok	|	0.90	0.97	0.97	3.07	0.00	0	|	rapi	0.00	0.00	0	|	48.0	3.07(48)		|	1	
4908	20	ok	|	0.93	0.97	0.97	3.48	0.00	0	|	rapi	0.00	0.00	0	|	48.0	3.48(48)		|	1	
4908	21	ok	|	0.96	0.96	0.96	4.24	0.00	0	|	rapi	0.00	0.00	0	|	48.0	4.24(48)	0.00(48)	|	1	
4908	22	ok	|	0.98	0.95	0.95	5.09	0.00	0	|	rapi	0.00	0.00	0	|	48.0	5.09(48)	0.00(48)	|	1	
4908	23	ok	|	0.99	0.94	0.94	6.13	0.00	0	|	rapi	0.00	0.00	0	|	48.0	6.13(48)	0.00(48)	|	1	
4908	24	ok	|	1.00	0.93	0.93	7.13	0.00	0	|	rapi	0.00	0.00	0	|	48.0	7.13(48)	0.00(48)	|	1	
4908	25	ok	|	1.00	0.91	0.91	8.53	0.00	0	|	rapi	0.00	0.00	0	|	48.0	8.53(48)	0.00(48)	|	1	
4908	26	ok	|	1.00	0.90	0.90	10.08	0.00	0	|	rapi	0.00	0.00	0	|	48.0	10.08(48)	0.00(48)	|	1	
4908	27	ok	|	1.00	0.88	0.88	12.02	0.00	0	|	rapi	0.00	0.00	0	|	48.0	12.02(48)	0.00(48)	|	1	
4908	28	ok	|	1.00	0.86	0.86	13.87	0.00	0	|	rapi	0.00	0.00	0	|	48.0	13.87(48)	0.00(48)	|	1	
4908	29	ok	|	1.00	0.84	0.84	15.99	0.00	0	|	rapi	0.00	0.00	0	|	48.0	15.99(48)	0.00(48)	|	1	
4908	30	ok	|	1.00	0.81	0.81	18.62	0.00	0	|	rapi	0.00	0.00	0	|	48.0	18.62(48)	0.00(48)	|	1	
4908	31	ok	|	1.00	0.78	0.78	21.84	0.00	0	|	rapi	0.01	0.01	0	|	48.0	21.84(48)	0.01(48)	|	1	
4908	32	ok	|	1.00	0.75	0.75	25.45	0.00	0	|	rapi	0.01	0.01	0	|	48.0	25.45(48)	0.01(48)	|	1	
4908	33	ok	|	1.00	0.70	0.70	29.91	0.00	0	|	rapi	0.01	0.01	0	|	48.0	29.91(48)	0.01(48)	|	1	
4908	34	ok	|	1.00	0.65	0.65	34.60	0.00	0	|	rapi	0.01	0.01	0	|	48.0	34.60(48)	0.01(48)	|	1	
4908	35	ok	|	1.00	0.60	0.60	40.28	0.00	0	|	rapi	0.01	0.01	0	|	48.0	40.28(48)	0.01(48)	|	1	
4908	36	ok	|	1.00	0.53	0.53	47.01	0.00	0	|	rapi	0.02	0.02	0	|	48.0	47.01(48)	0.02(48)	|	1	
4908	37	ok	|	1.00	0.46	0.46	54.29	0.00	0	|	rapi	0.01	0.01	0	|	48.0	54.29(48)	0.01(48)	|	1	
4908	38	ok	|	1.00	0.38	0.38	62.38	0.00	0	|	rapi	0.01	0.01	0	|	48.0	62.38(48)	0.01(48)	|	1	
4908	39	ok	|	1.00	0.28	0.28	71.78	0.00	0	|	rapi	0.01	0.01	0	|	48.0	71.78(48)	0.01(48)	|	1	
4908	40	ok	|	1.00	0.20	0.20	80.67	0.00	0	|	rapi	0.02	0.02	0	|	48.0	80.67(48)	0.02(48)	|	1	
4908	41	ok	|	1.00	0.11	0.11	89.64	0.00	0	|	rapi	0.03	0.03	0	|	48.0	89.64(48)	0.03(48)	|	1	
4908	42	fail-w	|	1.00	0.06	0.06	97.02	0.00	0	|	rapi	0.04	0.04	0	|	48.0	97.02(48)	0.04(48)	|	1	
