491	0	ok	|	0.10	1.00	1.00	0.10	0.00	0	|	rapi	0.00	0.00	0	|	-18.0	0.10(-18)		|	2	
491	1	ok	|	0.09	1.00	1.00	0.11	0.00	0	|	rapi	0.00	0.00	0	|	-18.0	0.11(-18)		|	2	
491	2	ok	|	0.11	1.00	1.00	0.13	0.00	0	|	rapi	0.00	0.00	0	|	-18.0	0.13(-18)		|	2	
491	3	ok	|	0.13	1.00	1.00	0.18	0.00	0	|	rapi	0.00	0.00	0	|	-18.0	0.18(-18)		|	2	
491	4	ok	|	0.17	1.00	1.00	0.24	0.00	0	|	rapi	0.00	0.00	0	|	-18.0	0.24(-18)		|	2	
491	5	ok	|	0.21	1.00	1.00	0.31	0.00	0	|	rapi	0.00	0.00	0	|	-18.0	0.31(-18)		|	2	
491	6	ok	|	0.25	1.00	1.00	0.36	0.00	0	|	rapi	0.00	0.00	0	|	-18.0	0.36(-18)		|	2	
491	7	ok	|	0.28	1.00	1.00	0.41	0.00	0	|	rapi	0.00	0.00	0	|	-18.0	0.41(-18)		|	2	
491	8	ok	|	0.34	0.99	0.99	0.53	0.00	0	|	rapi	0.00	0.00	0	|	-18.0	0.53(-18)		|	2	
491	9	ok	|	0.39	0.99	0.99	0.63	0.00	0	|	rapi	0.00	0.00	0	|	-18.0	0.63(-18)		|	2	
491	10	ok	|	0.41	0.99	0.99	0.69	0.00	0	|	rapi	0.00	0.00	0	|	-18.0	0.69(-18)		|	2	
491	11	ok	|	0.45	0.99	0.99	0.78	0.00	0	|	rapi	0.00	0.00	0	|	-18.0	0.78(-18)		|	2	
491	12	ok	|	0.49	0.99	0.99	0.86	0.00	0	|	rapi	0.00	0.00	0	|	-18.0	0.86(-18)		|	2	
491	13	ok	|	0.54	0.99	0.99	0.99	0.00	0	|	rapi	0.00	0.00	0	|	-18.0	0.99(-18)	0.00(-18)	|	2	
491	14	ok	|	0.58	0.99	0.99	1.15	0.00	0	|	rapi	0.00	0.00	0	|	-18.0	1.15(-18)	0.00(-18)	|	2	
491	15	ok	|	0.67	0.99	0.99	1.42	0.00	0	|	rapi	0.00	0.00	0	|	-18.0	1.42(-18)	0.00(-18)	|	2	
491	16	ok	|	0.75	0.98	0.98	1.71	0.00	0	|	rapi	0.01	0.01	0	|	-18.0	1.71(-18)	0.01(-18)	|	2	
491	17	ok	|	0.79	0.98	0.98	2.07	0.00	0	|	rapi	0.01	0.01	0	|	-18.0	2.07(-18)	0.01(-18)	|	2	
491	18	ok	|	0.84	0.98	0.98	2.47	0.00	0	|	rapi	0.01	0.01	0	|	-18.0	2.47(-18)	0.01(-18)	|	2	
491	19	ok	|	0.90	0.97	0.97	3.02	0.00	0	|	rapi	0.01	0.01	0	|	-18.0	3.02(-18)	0.01(-18)	|	2	
491	20	ok	|	0.93	0.96	0.96	3.56	0.00	0	|	rapi	0.01	0.01	0	|	-18.0	3.56(-18)	0.01(-18)	|	2	
491	21	ok	|	0.95	0.96	0.96	4.15	0.00	0	|	rapi	0.00	0.00	0	|	-18.0	4.15(-18)		|	2	
491	22	ok	|	0.98	0.95	0.95	5.00	0.00	0	|	rapi	0.00	0.00	0	|	-18.0	5.00(-18)		|	2	
491	23	ok	|	0.99	0.94	0.94	5.90	0.00	0	|	rapi	0.00	0.00	0	|	-18.0	5.90(-18)		|	2	
491	24	ok	|	1.00	0.93	0.93	7.11	0.00	0	|	rapi	0.00	0.00	0	|	-18.0	7.11(-18)		|	2	
491	25	ok	|	1.00	0.92	0.92	8.20	0.00	0	|	rapi	0.00	0.00	0	|	-18.0	8.20(-18)		|	2	
491	26	ok	|	1.00	0.90	0.90	9.70	0.00	0	|	rapi	0.00	0.00	0	|	-18.0	9.70(-18)		|	2	
491	27	ok	|	1.00	0.89	0.89	11.40	0.00	0	|	rapi	0.00	0.00	0	|	-18.0	11.40(-18)	0.00(-18)	|	2	
491	28	ok	|	1.00	0.87	0.87	13.32	0.00	0	|	rapi	0.00	0.00	0	|	-18.0	13.32(-18)	0.00(-18)	|	2	
491	29	ok	|	1.00	0.84	0.84	15.62	0.00	0	|	rapi	0.00	0.00	0	|	-18.0	15.62(-18)	0.00(-18)	|	2	
491	30	ok	|	1.00	0.82	0.82	18.10	0.00	0	|	rapi	0.00	0.00	0	|	-18.0	18.10(-18)	0.00(-18)	|	2	
491	31	ok	|	1.00	0.79	0.79	21.46	0.00	0	|	rapi	0.00	0.00	0	|	-18.0	21.46(-18)	0.00(-18)	|	2	
491	32	ok	|	1.00	0.75	0.75	25.33	0.00	0	|	rapi	0.00	0.00	0	|	-18.0	25.33(-18)	0.00(-18)	|	2	
491	33	ok	|	1.00	0.70	0.70	29.97	0.00	0	|	rapi	0.00	0.00	0	|	-18.0	29.97(-18)	0.00(-18)	|	2	
491	34	ok	|	1.00	0.64	0.64	35.66	0.00	0	|	rapi	0.00	0.00	0	|	-18.0	35.66(-18)	0.00(-18)	|	2	
491	35	ok	|	1.00	0.58	0.58	41.88	0.00	0	|	rapi	0.00	0.00	0	|	-18.0	41.88(-18)	0.00(-18)	|	2	
491	36	ok	|	1.00	0.52	0.52	48.50	0.00	0	|	rapi	0.01	0.01	0	|	-18.0	48.50(-18)	0.01(-18)	|	2	
491	37	ok	|	1.00	0.44	0.44	56.25	0.00	0	|	rapi	0.01	0.01	0	|	-18.0	56.25(-18)	0.01(-18)	|	2	
491	38	ok	|	1.00	0.35	0.35	64.63	0.00	0	|	rapi	0.01	0.01	0	|	-18.0	64.63(-18)	0.01(-18)	|	2	
491	39	ok	|	1.00	0.26	0.26	73.73	0.00	0	|	rapi	0.01	0.01	0	|	-18.0	73.73(-18)	0.01(-18)	|	2	
491	40	ok	|	1.00	0.17	0.17	83.67	0.00	0	|	rapi	0.01	0.01	0	|	-18.0	83.67(-18)	0.01(-18)	|	2	
491	41	fail-w	|	1.00	0.09	0.09	92.48	0.00	0	|	rapi	0.03	0.03	0	|	-18.0	92.48(-18)	0.03(-18)	|	2	
