5027	0	ok	|	0.10	1.00	1.00	0.10	0.00	0	|	rapi	0.00	0.00	0	|	-62.0	0.10(-62)		|	10	
5027	1	ok	|	0.12	1.00	1.00	0.13	0.00	0	|	rapi	0.00	0.00	0	|	-62.0	0.13(-62)		|	10	
5027	2	ok	|	0.13	1.00	1.00	0.15	0.00	0	|	rapi	0.00	0.00	0	|	-62.0	0.15(-62)		|	10	
5027	3	ok	|	0.14	1.00	1.00	0.18	0.00	0	|	rapi	0.00	0.00	0	|	-62.0	0.18(-62)		|	10	
5027	4	ok	|	0.15	1.00	1.00	0.21	0.00	0	|	rapi	0.00	0.00	0	|	-62.0	0.21(-62)		|	10	
5027	5	ok	|	0.17	1.00	1.00	0.23	0.00	0	|	rapi	0.00	0.00	0	|	-62.0	0.23(-62)		|	10	
5027	6	ok	|	0.19	1.00	1.00	0.25	0.00	0	|	rapi	0.00	0.00	0	|	-62.0	0.25(-62)		|	10	
5027	7	ok	|	0.22	1.00	1.00	0.30	0.00	0	|	rapi	0.00	0.00	0	|	-62.0	0.30(-62)		|	10	
5027	8	ok	|	0.27	1.00	1.00	0.37	0.00	0	|	rapi	0.00	0.00	0	|	-62.0	0.37(-62)		|	10	
5027	9	ok	|	0.29	1.00	1.00	0.43	0.00	0	|	rapi	0.00	0.00	0	|	-62.0	0.43(-62)		|	10	
5027	10	ok	|	0.34	0.99	0.99	0.53	0.00	0	|	rapi	0.00	0.00	0	|	-62.0	0.53(-62)		|	10	
5027	11	ok	|	0.42	0.99	0.99	0.65	0.00	0	|	rapi	0.00	0.00	0	|	-62.0	0.65(-62)		|	10	
5027	12	ok	|	0.47	0.99	0.99	0.79	0.00	0	|	rapi	0.00	0.00	0	|	-62.0	0.79(-62)		|	10	
5027	13	ok	|	0.52	0.99	0.99	0.95	0.00	0	|	rapi	0.00	0.00	0	|	-62.0	0.95(-62)		|	10	
5027	14	ok	|	0.56	0.99	0.99	1.06	0.00	0	|	rapi	0.00	0.00	0	|	-62.0	1.06(-62)		|	10	
5027	15	ok	|	0.59	0.99	0.99	1.21	0.00	0	|	rapi	0.00	0.00	0	|	-62.0	1.21(-62)	0.00(-62)	|	10	
5027	16	ok	|	0.64	0.99	0.99	1.41	0.00	0	|	rapi	0.00	0.00	0	|	-62.0	1.41(-62)	0.00(-62)	|	10	
5027	17	ok	|	0.70	0.98	0.98	1.68	0.00	0	|	rapi	0.00	0.00	0	|	-62.0	1.68(-62)		|	10	
5027	18	ok	|	0.76	0.98	0.98	1.90	0.00	0	|	rapi	0.00	0.00	0	|	-62.0	1.90(-62)		|	10	
5027	19	ok	|	0.83	0.98	0.98	2.28	0.00	0	|	rapi	0.00	0.00	0	|	-62.0	2.28(-62)		|	10	
5027	20	ok	|	0.86	0.97	0.97	2.65	0.00	0	|	rapi	0.00	0.00	0	|	-62.0	2.65(-62)		|	10	
5027	21	ok	|	0.91	0.97	0.97	3.19	0.00	0	|	rapi	0.00	0.00	0	|	-62.0	3.19(-62)		|	10	
5027	22	ok	|	0.95	0.96	0.96	3.91	0.00	0	|	rapi	0.00	0.00	0	|	-62.0	3.91(-62)		|	10	
5027	23	ok	|	0.97	0.95	0.95	4.61	0.00	0	|	rapi	0.00	0.00	0	|	-62.0	4.61(-62)		|	10	
5027	24	ok	|	0.98	0.94	0.94	5.53	0.00	0	|	rapi	0.00	0.00	0	|	-62.0	5.53(-62)		|	10	
5027	25	ok	|	0.99	0.93	0.93	6.64	0.00	0	|	rapi	0.00	0.00	0	|	-62.0	6.64(-62)		|	10	
5027	26	ok	|	1.00	0.92	0.92	7.82	0.00	0	|	rapi	0.00	0.00	0	|	-62.0	7.82(-62)		|	10	
5027	27	ok	|	1.00	0.91	0.91	9.16	0.00	0	|	rapi	0.00	0.00	0	|	-62.0	9.16(-62)		|	10	
5027	28	ok	|	1.00	0.89	0.89	10.92	0.00	0	|	rapi	0.00	0.00	0	|	-62.0	10.92(-62)		|	10	
5027	29	ok	|	1.00	0.87	0.87	13.01	0.00	0	|	rapi	0.00	0.00	0	|	-62.0	13.01(-62)		|	10	
5027	30	ok	|	1.00	0.84	0.84	15.50	0.00	0	|	rapi	0.00	0.00	0	|	-62.0	15.50(-62)	0.00(-62)	|	10	
5027	31	ok	|	1.00	0.82	0.82	18.17	0.00	0	|	rapi	0.00	0.00	0	|	-62.0	18.17(-62)	0.00(-62)	|	10	
5027	32	ok	|	1.00	0.79	0.79	21.48	0.00	0	|	rapi	0.00	0.00	0	|	-62.0	21.48(-62)	0.00(-62)	|	10	
5027	33	ok	|	1.00	0.74	0.74	25.64	0.00	0	|	rapi	0.00	0.00	0	|	-62.0	25.64(-62)	0.00(-62)	|	10	
5027	34	ok	|	1.00	0.70	0.70	30.46	0.00	0	|	rapi	0.01	0.01	0	|	-62.0	30.46(-62)	0.01(-62)	|	10	
5027	35	ok	|	1.00	0.64	0.64	35.84	0.00	0	|	rapi	0.01	0.01	0	|	-62.0	35.84(-62)	0.01(-62)	|	10	
5027	36	ok	|	1.00	0.58	0.58	41.72	0.00	0	|	rapi	0.02	0.02	0	|	-62.0	41.72(-62)	0.02(-62)	|	10	
5027	37	ok	|	1.00	0.52	0.52	48.25	0.00	0	|	rapi	0.02	0.02	0	|	-62.0	48.25(-62)	0.02(-62)	|	10	
5027	38	ok	|	1.00	0.44	0.44	55.59	0.00	0	|	rapi	0.02	0.02	0	|	-62.0	55.59(-62)	0.02(-62)	|	10	
5027	39	ok	|	1.00	0.35	0.35	64.94	0.00	0	|	rapi	0.02	0.02	0	|	-62.0	64.94(-62)	0.02(-62)	|	10	
5027	40	ok	|	1.00	0.26	0.26	74.41	0.00	0	|	rapi	0.03	0.03	0	|	-62.0	74.41(-62)	0.03(-62)	|	10	
5027	41	ok	|	1.00	0.16	0.16	83.93	0.00	0	|	rapi	0.03	0.03	0	|	-62.0	83.93(-62)	0.03(-62)	|	10	
5027	42	ok	|	1.00	0.10	0.10	91.38	0.00	0	|	rapi	0.06	0.06	0	|	-62.0	91.38(-62)	0.06(-62)	|	10	
5027	43	fail-w	|	1.00	0.08	0.08	95.27	0.00	0	|	rapi	0.14	0.15	0	|	-62.0	95.27(-62)	0.15(-62)	|	10	
