5072	0	ok	|	0.10	1.00	1.00	0.10	0.00	0	|	rapi	0.00	0.00	0	|	-86.0	0.10(-86)		|	29	
5072	1	ok	|	0.10	1.00	1.00	0.12	0.00	0	|	rapi	0.00	0.00	0	|	-86.0	0.12(-86)		|	29	
5072	2	ok	|	0.12	1.00	1.00	0.15	0.00	0	|	rapi	0.00	0.00	0	|	-86.0	0.15(-86)		|	29	
5072	3	ok	|	0.14	1.00	1.00	0.19	0.00	0	|	rapi	0.00	0.00	0	|	-86.0	0.19(-86)		|	29	
5072	4	ok	|	0.17	1.00	1.00	0.25	0.00	0	|	rapi	0.00	0.00	0	|	-86.0	0.25(-86)		|	29	
5072	5	ok	|	0.21	1.00	1.00	0.31	0.00	0	|	rapi	0.00	0.00	0	|	-86.0	0.31(-86)		|	29	
5072	6	ok	|	0.25	1.00	1.00	0.38	0.00	0	|	rapi	0.00	0.00	0	|	-86.0	0.38(-86)		|	29	
5072	7	ok	|	0.28	1.00	1.00	0.44	0.00	0	|	rapi	0.00	0.00	0	|	-86.0	0.44(-86)		|	29	
5072	8	ok	|	0.31	1.00	1.00	0.49	0.00	0	|	rapi	0.00	0.00	0	|	-86.0	0.49(-86)		|	29	
5072	9	ok	|	0.34	0.99	0.99	0.55	0.00	0	|	rapi	0.00	0.00	0	|	-86.0	0.55(-86)		|	29	
5072	10	ok	|	0.39	0.99	0.99	0.64	0.00	0	|	rapi	0.00	0.00	0	|	-86.0	0.64(-86)		|	29	
5072	11	ok	|	0.43	0.99	0.99	0.75	0.00	0	|	rapi	0.00	0.00	0	|	-86.0	0.75(-86)		|	29	
5072	12	ok	|	0.50	0.99	0.99	0.89	0.00	0	|	rapi	0.00	0.00	0	|	-86.0	0.89(-86)		|	29	
5072	13	ok	|	0.53	0.99	0.99	1.06	0.00	0	|	rapi	0.00	0.00	0	|	-86.0	1.06(-86)		|	29	
5072	14	ok	|	0.63	0.99	0.99	1.28	0.00	0	|	rapi	0.00	0.00	0	|	-86.0	1.28(-86)		|	29	
5072	15	ok	|	0.70	0.98	0.98	1.57	0.00	0	|	rapi	0.00	0.00	0	|	-86.0	1.57(-86)	0.00(-86)	|	29	
5072	16	ok	|	0.76	0.98	0.98	1.96	0.00	0	|	rapi	0.00	0.00	0	|	-86.0	1.96(-86)		|	29	
5072	17	ok	|	0.82	0.98	0.98	2.26	0.00	0	|	rapi	0.00	0.00	0	|	-86.0	2.26(-86)		|	29	
5072	18	ok	|	0.88	0.97	0.97	2.78	0.00	0	|	rapi	0.00	0.00	0	|	-86.0	2.78(-86)		|	29	
5072	19	ok	|	0.91	0.97	0.97	3.18	0.00	0	|	rapi	0.00	0.00	0	|	-86.0	3.18(-86)		|	29	
5072	20	ok	|	0.93	0.96	0.96	3.83	0.00	0	|	rapi	0.00	0.00	0	|	-86.0	3.83(-86)		|	29	
5072	21	ok	|	0.96	0.95	0.95	4.50	0.00	0	|	rapi	0.00	0.00	0	|	-86.0	4.50(-86)		|	29	
5072	22	ok	|	0.97	0.95	0.95	5.40	0.00	0	|	rapi	0.00	0.00	0	|	-86.0	5.40(-86)		|	29	
5072	23	ok	|	0.99	0.94	0.94	6.36	0.00	0	|	rapi	0.00	0.00	0	|	-86.0	6.36(-86)		|	29	
5072	24	ok	|	0.99	0.92	0.92	7.59	0.00	0	|	rapi	0.00	0.00	0	|	-86.0	7.59(-86)	0.00(-86)	|	29	
5072	25	ok	|	1.00	0.91	0.91	9.13	0.00	0	|	rapi	0.00	0.00	0	|	-86.0	9.13(-86)	0.00(-86)	|	29	
5072	26	ok	|	1.00	0.89	0.89	10.67	0.00	0	|	rapi	0.01	0.01	0	|	-86.0	10.67(-86)	0.01(-86)	|	29	
5072	27	ok	|	1.00	0.88	0.88	12.26	0.00	0	|	rapi	0.01	0.01	0	|	-86.0	12.26(-86)	0.01(-86)	|	29	
5072	28	ok	|	1.00	0.85	0.85	14.52	0.00	0	|	rapi	0.01	0.01	0	|	-86.0	14.52(-86)	0.01(-86)	|	29	
5072	29	ok	|	1.00	0.83	0.83	17.26	0.00	0	|	rapi	0.01	0.01	0	|	-86.0	17.26(-86)	0.01(-86)	|	29	
5072	30	ok	|	1.00	0.80	0.80	20.22	0.00	0	|	rapi	0.01	0.01	0	|	-86.0	20.22(-86)	0.01(-86)	|	29	
5072	31	ok	|	1.00	0.76	0.76	23.79	0.00	0	|	rapi	0.01	0.01	0	|	-86.0	23.79(-86)	0.01(-86)	|	29	
5072	32	ok	|	1.00	0.73	0.73	27.07	0.00	0	|	rapi	0.00	0.00	0	|	-86.0	27.07(-86)	0.00(-86)	|	29	
5072	33	ok	|	1.00	0.68	0.68	31.62	0.00	0	|	rapi	0.01	0.01	0	|	-86.0	31.62(-86)	0.01(-86)	|	29	
5072	34	ok	|	1.00	0.63	0.63	36.92	0.00	0	|	rapi	0.01	0.01	0	|	-86.0	36.92(-86)	0.01(-86)	|	29	
5072	35	ok	|	1.00	0.56	0.56	43.67	0.00	0	|	rapi	0.02	0.02	0	|	-86.0	43.67(-86)	0.02(-86)	|	29	
5072	36	ok	|	1.00	0.50	0.50	50.32	0.00	0	|	rapi	0.01	0.01	0	|	-86.0	50.32(-86)	0.01(-86)	|	29	
5072	37	ok	|	1.00	0.42	0.42	58.19	0.00	0	|	rapi	0.01	0.01	0	|	-86.0	58.19(-86)	0.01(-86)	|	29	
5072	38	ok	|	1.00	0.32	0.32	67.68	0.00	0	|	rapi	0.01	0.01	0	|	-86.0	67.68(-86)	0.01(-86)	|	29	
5072	39	ok	|	1.00	0.23	0.23	77.47	0.00	0	|	rapi	0.02	0.02	0	|	-86.0	77.47(-86)	0.02(-86)	|	29	
5072	40	ok	|	1.00	0.14	0.14	86.85	0.00	0	|	rapi	0.03	0.03	0	|	-86.0	86.85(-86)	0.03(-86)	|	29	
5072	41	fail-w	|	1.00	0.09	0.09	92.93	0.00	0	|	rapi	0.06	0.06	0	|	-86.0	92.93(-86)	0.06(-86)	|	29	
