5096	0	ok	|	0.10	1.00	1.00	0.10	0.00	0	|	rapi	0.00	0.00	0	|	-42.0	0.10(-42)		|	3	
5096	1	ok	|	0.10	1.00	1.00	0.11	0.00	0	|	rapi	0.00	0.00	0	|	-42.0	0.11(-42)		|	3	
5096	2	ok	|	0.09	1.00	1.00	0.11	0.00	0	|	rapi	0.00	0.00	0	|	-42.0	0.11(-42)		|	3	
5096	3	ok	|	0.10	1.00	1.00	0.13	0.00	0	|	rapi	0.00	0.00	0	|	-42.0	0.13(-42)		|	3	
5096	4	ok	|	0.11	1.00	1.00	0.14	0.00	0	|	rapi	0.00	0.00	0	|	-42.0	0.14(-42)		|	3	
5096	5	ok	|	0.13	1.00	1.00	0.18	0.00	0	|	rapi	0.00	0.00	0	|	-42.0	0.18(-42)		|	3	
5096	6	ok	|	0.15	1.00	1.00	0.21	0.00	0	|	rapi	0.00	0.00	0	|	-42.0	0.21(-42)		|	3	
5096	7	ok	|	0.17	1.00	1.00	0.24	0.00	0	|	rapi	0.00	0.00	0	|	-42.0	0.24(-42)		|	3	
5096	8	ok	|	0.22	1.00	1.00	0.32	0.00	0	|	rapi	0.00	0.00	0	|	-42.0	0.32(-42)		|	3	
5096	9	ok	|	0.28	1.00	1.00	0.41	0.00	0	|	rapi	0.00	0.00	0	|	-42.0	0.41(-42)		|	3	
5096	10	ok	|	0.33	0.99	0.99	0.51	0.00	0	|	rapi	0.00	0.00	0	|	-42.0	0.51(-42)		|	3	
5096	11	ok	|	0.34	0.99	0.99	0.56	0.00	0	|	rapi	0.00	0.00	0	|	-42.0	0.56(-42)		|	3	
5096	12	ok	|	0.40	0.99	0.99	0.64	0.00	0	|	rapi	0.00	0.00	0	|	-42.0	0.64(-42)		|	3	
5096	13	ok	|	0.47	0.99	0.99	0.79	0.00	0	|	rapi	0.00	0.00	0	|	-42.0	0.79(-42)		|	3	
5096	14	ok	|	0.52	0.99	0.99	0.93	0.00	0	|	rapi	0.00	0.00	0	|	-42.0	0.93(-42)		|	3	
5096	15	ok	|	0.56	0.99	0.99	1.07	0.00	0	|	rapi	0.00	0.00	0	|	-42.0	1.07(-42)		|	3	
5096	16	ok	|	0.61	0.99	0.99	1.29	0.00	0	|	rapi	0.00	0.00	0	|	-42.0	1.29(-42)		|	3	
5096	17	ok	|	0.70	0.98	0.98	1.57	0.00	0	|	rapi	0.00	0.00	0	|	-42.0	1.57(-42)		|	3	
5096	18	ok	|	0.75	0.98	0.98	1.82	0.00	0	|	rapi	0.00	0.00	0	|	-42.0	1.82(-42)		|	3	
5096	19	ok	|	0.79	0.98	0.98	2.09	0.00	0	|	rapi	0.00	0.00	0	|	-42.0	2.09(-42)		|	3	
5096	20	ok	|	0.85	0.98	0.98	2.50	0.00	0	|	rapi	0.00	0.00	0	|	-42.0	2.50(-42)		|	3	
5096	21	ok	|	0.90	0.97	0.97	3.06	0.00	0	|	rapi	0.00	0.00	0	|	-42.0	3.06(-42)		|	3	
5096	22	ok	|	0.94	0.97	0.97	3.50	0.00	0	|	rapi	0.00	0.00	0	|	-42.0	3.50(-42)		|	3	
5096	23	ok	|	0.96	0.96	0.96	4.01	0.00	0	|	rapi	0.00	0.00	0	|	-42.0	4.01(-42)		|	3	
5096	24	ok	|	0.98	0.95	0.95	4.92	0.00	0	|	rapi	0.00	0.00	0	|	-42.0	4.92(-42)		|	3	
5096	25	ok	|	0.99	0.94	0.94	5.68	0.00	0	|	rapi	0.00	0.00	0	|	-42.0	5.68(-42)		|	3	
5096	26	ok	|	0.99	0.93	0.93	6.70	0.00	0	|	rapi	0.00	0.00	0	|	-42.0	6.70(-42)		|	3	
5096	27	ok	|	1.00	0.92	0.92	8.10	0.00	0	|	rapi	0.00	0.00	0	|	-42.0	8.10(-42)		|	3	
5096	28	ok	|	1.00	0.91	0.91	9.50	0.00	0	|	rapi	0.00	0.00	0	|	-42.0	9.50(-42)		|	3	
5096	29	ok	|	1.00	0.89	0.89	11.24	0.00	0	|	rapi	0.00	0.00	0	|	-42.0	11.24(-42)		|	3	
5096	30	ok	|	1.00	0.87	0.87	13.33	0.00	0	|	rapi	0.00	0.00	0	|	-42.0	13.33(-42)		|	3	
5096	31	ok	|	1.00	0.84	0.84	15.66	0.00	0	|	rapi	0.00	0.00	0	|	-42.0	15.66(-42)		|	3	
5096	32	ok	|	1.00	0.82	0.82	18.17	0.00	0	|	rapi	0.00	0.00	0	|	-42.0	18.17(-42)	0.00(-42)	|	3	
5096	33	ok	|	1.00	0.79	0.79	21.14	0.00	0	|	rapi	0.00	0.00	0	|	-42.0	21.14(-42)		|	3	
5096	34	ok	|	1.00	0.75	0.75	24.59	0.00	0	|	rapi	0.00	0.00	0	|	-42.0	24.59(-42)	0.00(-42)	|	3	
5096	35	ok	|	1.00	0.71	0.71	28.83	0.00	0	|	rapi	0.00	0.00	0	|	-42.0	28.83(-42)	0.00(-42)	|	3	
5096	36	ok	|	1.00	0.66	0.66	33.84	0.00	0	|	rapi	0.00	0.00	0	|	-42.0	33.84(-42)	0.00(-42)	|	3	
5096	37	ok	|	1.00	0.61	0.61	39.24	0.00	0	|	rapi	0.01	0.01	0	|	-42.0	39.24(-42)	0.01(-42)	|	3	
5096	38	ok	|	1.00	0.54	0.54	46.07	0.00	0	|	rapi	0.01	0.01	0	|	-42.0	46.07(-42)	0.01(-42)	|	3	
5096	39	ok	|	1.00	0.46	0.46	53.55	0.00	0	|	rapi	0.01	0.01	0	|	-42.0	53.55(-42)	0.01(-42)	|	3	
5096	40	ok	|	1.00	0.38	0.38	61.54	0.00	0	|	rapi	0.01	0.01	0	|	-42.0	61.54(-42)	0.01(-42)	|	3	
5096	41	ok	|	1.00	0.30	0.30	70.53	0.00	0	|	rapi	0.01	0.01	0	|	-42.0	70.53(-42)	0.01(-42)	|	3	
5096	42	ok	|	1.00	0.20	0.20	80.27	0.00	0	|	rapi	0.02	0.02	0	|	-42.0	80.27(-42)	0.02(-42)	|	3	
5096	43	ok	|	1.00	0.11	0.11	89.68	0.00	0	|	rapi	0.02	0.02	0	|	-42.0	89.68(-42)	0.02(-42)	|	3	
5096	44	fail-w	|	1.00	0.07	0.07	95.70	0.00	0	|	rapi	0.04	0.04	0	|	-42.0	95.70(-42)	0.04(-42)	|	3	
