51	0	ok	|	0.10	1.00	1.00	0.10	0.00	0	|	rapi	0.00	0.00	0	|	-50.0	0.10(-50)		|	3	
51	1	ok	|	0.10	1.00	1.00	0.11	0.00	0	|	rapi	0.00	0.00	0	|	-50.0	0.11(-50)		|	3	
51	2	ok	|	0.12	1.00	1.00	0.14	0.00	0	|	rapi	0.00	0.00	0	|	-50.0	0.14(-50)		|	3	
51	3	ok	|	0.12	1.00	1.00	0.14	0.00	0	|	rapi	0.00	0.00	0	|	-50.0	0.14(-50)		|	3	
51	4	ok	|	0.13	1.00	1.00	0.17	0.00	0	|	rapi	0.00	0.00	0	|	-50.0	0.17(-50)		|	3	
51	5	ok	|	0.17	1.00	1.00	0.23	0.00	0	|	rapi	0.00	0.00	0	|	-50.0	0.23(-50)		|	3	
51	6	ok	|	0.17	1.00	1.00	0.24	0.00	0	|	rapi	0.00	0.00	0	|	-50.0	0.24(-50)		|	3	
51	7	ok	|	0.20	1.00	1.00	0.30	0.00	0	|	rapi	0.00	0.00	0	|	-50.0	0.30(-50)		|	3	
51	8	ok	|	0.24	1.00	1.00	0.38	0.00	0	|	rapi	0.00	0.00	0	|	-50.0	0.38(-50)		|	3	
51	9	ok	|	0.29	1.00	1.00	0.47	0.00	0	|	rapi	0.00	0.00	0	|	-50.0	0.47(-50)		|	3	
51	10	ok	|	0.33	0.99	0.99	0.56	0.00	0	|	rapi	0.00	0.00	0	|	-50.0	0.56(-50)		|	3	
51	11	ok	|	0.38	0.99	0.99	0.66	0.00	0	|	rapi	0.00	0.00	0	|	-50.0	0.66(-50)		|	3	
51	12	ok	|	0.41	0.99	0.99	0.72	0.00	0	|	rapi	0.00	0.00	0	|	-50.0	0.72(-50)		|	3	
51	13	ok	|	0.47	0.99	0.99	0.88	0.00	0	|	rapi	0.00	0.00	0	|	-50.0	0.88(-50)		|	3	
51	14	ok	|	0.53	0.99	0.99	1.04	0.00	0	|	rapi	0.00	0.00	0	|	-50.0	1.04(-50)		|	3	
51	15	ok	|	0.59	0.99	0.99	1.23	0.00	0	|	rapi	0.00	0.00	0	|	-50.0	1.23(-50)		|	3	
51	16	ok	|	0.67	0.99	0.99	1.41	0.00	0	|	rapi	0.00	0.00	0	|	-50.0	1.41(-50)		|	3	
51	17	ok	|	0.72	0.98	0.98	1.66	0.00	0	|	rapi	0.00	0.00	0	|	-50.0	1.66(-50)		|	3	
51	18	ok	|	0.77	0.98	0.98	1.87	0.00	0	|	rapi	0.00	0.00	0	|	-50.0	1.87(-50)		|	3	
51	19	ok	|	0.80	0.98	0.98	2.09	0.00	0	|	rapi	0.00	0.00	0	|	-50.0	2.09(-50)		|	3	
51	20	ok	|	0.85	0.98	0.98	2.44	0.00	0	|	rapi	0.00	0.00	0	|	-50.0	2.44(-50)		|	3	
51	21	ok	|	0.89	0.97	0.97	2.80	0.00	0	|	rapi	0.00	0.00	0	|	-50.0	2.80(-50)		|	3	
51	22	ok	|	0.93	0.97	0.97	3.35	0.00	0	|	rapi	0.00	0.00	0	|	-50.0	3.35(-50)		|	3	
51	23	ok	|	0.95	0.96	0.96	3.87	0.00	0	|	rapi	0.00	0.00	0	|	-50.0	3.87(-50)		|	3	
51	24	ok	|	0.98	0.95	0.95	4.62	0.00	0	|	rapi	0.00	0.00	0	|	-50.0	4.62(-50)		|	3	
51	25	ok	|	0.99	0.95	0.95	5.47	0.00	0	|	rapi	0.00	0.00	0	|	-50.0	5.47(-50)		|	3	
51	26	ok	|	0.99	0.93	0.93	6.54	0.00	0	|	rapi	0.00	0.00	0	|	-50.0	6.54(-50)		|	3	
51	27	ok	|	1.00	0.92	0.92	7.57	0.00	0	|	rapi	0.00	0.00	0	|	-50.0	7.57(-50)		|	3	
51	28	ok	|	1.00	0.91	0.91	8.95	0.00	0	|	rapi	0.00	0.00	0	|	-50.0	8.95(-50)		|	3	
51	29	ok	|	1.00	0.90	0.90	10.39	0.00	0	|	rapi	0.00	0.00	0	|	-50.0	10.39(-50)		|	3	
51	30	ok	|	1.00	0.87	0.87	12.59	0.00	0	|	rapi	0.00	0.00	0	|	-50.0	12.59(-50)		|	3	
51	31	ok	|	1.00	0.85	0.85	14.85	0.00	0	|	rapi	0.00	0.00	0	|	-50.0	14.85(-50)		|	3	
51	32	ok	|	1.00	0.83	0.83	17.48	0.00	0	|	rapi	0.00	0.00	0	|	-50.0	17.48(-50)		|	3	
51	33	ok	|	1.00	0.80	0.80	20.31	0.00	0	|	rapi	0.00	0.00	0	|	-50.0	20.31(-50)		|	3	
51	34	ok	|	1.00	0.76	0.76	23.58	0.00	0	|	rapi	0.00	0.00	0	|	-50.0	23.58(-50)		|	3	
51	35	ok	|	1.00	0.72	0.72	27.86	0.00	0	|	rapi	0.00	0.00	0	|	-50.0	27.86(-50)		|	3	
51	36	ok	|	1.00	0.67	0.67	32.99	0.00	0	|	rapi	0.00	0.00	0	|	-50.0	32.99(-50)		|	3	
51	37	ok	|	1.00	0.61	0.61	38.52	0.00	0	|	rapi	0.00	0.00	0	|	-50.0	38.52(-50)		|	3	
51	38	ok	|	1.00	0.55	0.55	44.88	0.00	0	|	rapi	0.00	0.00	0	|	-50.0	44.88(-50)		|	3	
51	39	ok	|	1.00	0.48	0.48	52.43	0.00	0	|	rapi	0.00	0.00	0	|	-50.0	52.43(-50)	0.00(-50)	|	3	
51	40	ok	|	1.00	0.40	0.40	60.08	0.00	0	|	rapi	0.00	0.00	0	|	-50.0	60.08(-50)	0.00(-50)	|	3	
51	41	ok	|	1.00	0.31	0.31	69.50	0.00	0	|	rapi	0.01	0.01	0	|	-50.0	69.50(-50)	0.01(-50)	|	3	
51	42	ok	|	1.00	0.20	0.20	79.78	0.00	0	|	rapi	0.01	0.01	0	|	-50.0	79.78(-50)	0.01(-50)	|	3	
51	43	ok	|	1.00	0.12	0.12	89.31	0.00	0	|	rapi	0.01	0.01	0	|	-50.0	89.31(-50)	0.01(-50)	|	3	
51	44	fail-w	|	1.00	0.06	0.06	96.86	0.00	0	|	rapi	0.01	0.01	0	|	-50.0	96.86(-50)	0.01(-50)	|	3	
