5159	0	ok	|	0.09	1.00	1.00	0.10	0.00	0	|	rapi	0.09	0.10	0	|	9.0	0.10(9)	0.10(9)	|	9417	
5159	1	ok	|	0.10	1.00	1.00	0.10	0.00	0	|	rapi	0.10	0.10	0	|	9.0	0.10(9)	0.10(9)	|	9417	
5159	2	ok	|	0.07	1.00	1.00	0.08	0.00	0	|	rapi	0.07	0.07	0	|	9.0	0.08(9)	0.07(9)	|	9417	
5159	3	ok	|	0.08	1.00	1.00	0.08	0.00	0	|	rapi	0.08	0.08	0	|	9.0	0.08(9)	0.08(9)	|	9417	
5159	4	ok	|	0.09	1.00	1.00	0.09	0.00	0	|	rapi	0.09	0.09	0	|	9.0	0.09(9)	0.09(9)	|	9417	
5159	5	ok	|	0.09	1.00	1.00	0.09	0.00	0	|	rapi	0.09	0.09	0	|	9.0	0.09(9)	0.09(9)	|	9417	
5159	6	ok	|	0.10	1.00	1.00	0.10	0.00	0	|	rapi	0.09	0.09	0	|	9.0	0.10(9)	0.09(9)	|	9417	
5159	7	ok	|	0.08	1.00	1.00	0.09	0.00	0	|	rapi	0.08	0.08	0	|	9.0	0.09(9)	0.08(9)	|	9417	
5159	8	ok	|	0.08	1.00	1.00	0.09	0.00	0	|	rapi	0.07	0.08	0	|	9.0	0.09(9)	0.08(9)	|	9417	
5159	9	ok	|	0.09	1.00	1.00	0.09	0.00	0	|	rapi	0.08	0.09	0	|	9.0	0.09(9)	0.09(9)	|	9417	
5159	10	ok	|	0.07	1.00	1.00	0.08	0.00	0	|	rapi	0.07	0.07	0	|	9.0	0.08(9)	0.07(9)	|	9417	
5159	11	ok	|	0.07	1.00	1.00	0.07	0.00	0	|	rapi	0.07	0.07	0	|	9.0	0.07(9)	0.07(9)	|	9417	
5159	12	ok	|	0.07	1.00	1.00	0.07	0.00	0	|	rapi	0.07	0.07	0	|	9.0	0.07(9)	0.07(9)	|	9417	
5159	13	ok	|	0.08	1.00	1.00	0.08	0.00	0	|	rapi	0.08	0.08	0	|	9.0	0.08(9)	0.08(9)	|	9417	
5159	14	ok	|	0.09	1.00	1.00	0.10	0.00	0	|	rapi	0.09	0.10	0	|	9.0	0.10(9)	0.10(9)	|	9417	
5159	15	ok	|	0.10	1.00	1.00	0.11	0.00	0	|	rapi	0.10	0.11	0	|	9.0	0.11(9)	0.11(9)	|	9417	
5159	16	ok	|	0.11	1.00	1.00	0.12	0.00	0	|	rapi	0.11	0.12	0	|	9.0	0.12(9)	0.12(9)	|	9417	
5159	17	ok	|	0.12	1.00	1.00	0.13	0.01	0	|	rapi	0.12	0.13	0	|	9.0	0.13(9)	0.13(9)	|	9417	
5159	18	ok	|	0.12	1.00	1.00	0.14	0.01	0	|	rapi	0.12	0.14	0	|	9.0	0.14(9)	0.14(9)	|	9417	
5159	19	ok	|	0.13	1.00	1.00	0.15	0.01	0	|	rapi	0.13	0.15	0	|	9.0	0.15(9)	0.15(9)	|	9417	
5159	20	ok	|	0.13	1.00	1.00	0.16	0.01	0	|	rapi	0.13	0.16	0	|	9.0	0.16(9)	0.16(9)	|	9417	
5159	21	ok	|	0.14	1.00	1.00	0.17	0.01	0	|	rapi	0.14	0.17	0	|	9.0	0.17(9)	0.17(9)	|	9417	
5159	22	ok	|	0.14	1.00	1.00	0.17	0.01	0	|	rapi	0.14	0.17	0	|	9.0	0.17(9)	0.17(9)	|	9417	
5159	23	ok	|	0.15	1.00	1.00	0.17	0.01	0	|	rapi	0.15	0.17	0	|	9.0	0.17(9)	0.17(9)	|	9417	
5159	24	ok	|	0.15	1.00	1.00	0.18	0.01	0	|	rapi	0.15	0.18	0	|	9.0	0.18(9)	0.18(9)	|	9417	
5159	25	ok	|	0.16	1.00	1.00	0.19	0.01	0	|	rapi	0.16	0.19	0	|	9.0	0.19(9)	0.19(9)	|	9417	
5159	26	ok	|	0.15	1.00	1.00	0.18	0.01	0	|	rapi	0.15	0.18	0	|	9.0	0.18(9)	0.18(9)	|	9417	
5159	27	ok	|	0.14	1.00	1.00	0.17	0.01	0	|	rapi	0.14	0.17	0	|	9.0	0.17(9)	0.17(9)	|	9417	
5159	28	ok	|	0.15	1.00	1.00	0.18	0.01	0	|	rapi	0.15	0.18	0	|	9.0	0.18(9)	0.18(9)	|	9417	
5159	29	ok	|	0.17	1.00	1.00	0.19	0.01	0	|	rapi	0.17	0.19	0	|	9.0	0.19(9)	0.19(9)	|	9417	
5159	30	ok	|	0.15	1.00	1.00	0.17	0.01	0	|	rapi	0.15	0.17	0	|	9.0	0.17(9)	0.17(9)	|	9417	
5159	31	ok	|	0.14	1.00	1.00	0.16	0.01	0	|	rapi	0.14	0.16	0	|	9.0	0.16(9)	0.16(9)	|	9417	
5159	32	ok	|	0.14	1.00	1.00	0.15	0.01	0	|	rapi	0.14	0.15	0	|	9.0	0.15(9)	0.15(9)	|	9417	
5159	33	ok	|	0.13	1.00	1.00	0.14	0.01	0	|	rapi	0.13	0.14	0	|	9.0	0.14(9)	0.14(9)	|	9417	
5159	34	ok	|	0.13	1.00	1.00	0.14	0.01	0	|	rapi	0.13	0.14	0	|	9.0	0.14(9)	0.14(9)	|	9417	
5159	35	ok	|	0.13	1.00	1.00	0.13	0.01	0	|	rapi	0.13	0.13	0	|	9.0	0.13(9)	0.13(9)	|	9417	
5159	36	ok	|	0.12	1.00	1.00	0.12	0.01	0	|	rapi	0.12	0.12	0	|	9.0	0.12(9)	0.12(9)	|	9417	
5159	37	ok	|	0.11	1.00	1.00	0.11	0.01	0	|	rapi	0.11	0.11	0	|	9.0	0.11(9)	0.11(9)	|	9417	
5159	38	ok	|	0.10	1.00	1.00	0.10	0.01	0	|	rapi	0.10	0.10	0	|	9.0	0.10(9)	0.10(9)	|	9417	
5159	39	ok	|	0.10	1.00	1.00	0.10	0.01	0	|	rapi	0.10	0.10	0	|	9.0	0.10(9)	0.10(9)	|	9417	
5159	40	ok	|	0.09	1.00	1.00	0.09	0.01	0	|	rapi	0.09	0.09	0	|	9.0	0.09(9)	0.09(9)	|	9417	
5159	41	ok	|	0.09	1.00	1.00	0.10	0.01	0	|	rapi	0.09	0.10	0	|	9.0	0.10(9)	0.10(9)	|	9417	
5159	42	ok	|	0.10	1.00	1.00	0.10	0.01	0	|	rapi	0.10	0.10	0	|	9.0	0.10(9)	0.10(9)	|	9417	
5159	43	ok	|	0.11	1.00	1.00	0.11	0.01	0	|	rapi	0.11	0.11	0	|	9.0	0.11(9)	0.11(9)	|	9417	
5159	44	ok	|	0.13	1.00	1.00	0.13	0.01	0	|	rapi	0.13	0.13	0	|	9.0	0.13(9)	0.13(9)	|	9417	
5159	45	ok	|	0.13	1.00	1.00	0.13	0.02	0	|	rapi	0.13	0.13	0	|	9.0	0.13(9)	0.13(9)	|	9417	
5159	46	ok	|	0.14	1.00	1.00	0.15	0.02	0	|	rapi	0.14	0.15	0	|	9.0	0.15(9)	0.15(9)	|	9417	
5159	47	ok	|	0.14	1.00	1.00	0.16	0.02	0	|	rapi	0.14	0.16	0	|	9.0	0.16(9)	0.16(9)	|	9417	
5159	48	ok	|	0.17	1.00	1.00	0.18	0.02	0	|	rapi	0.17	0.18	0	|	9.0	0.18(9)	0.18(9)	|	9417	
5159	49	ok	|	0.17	1.00	1.00	0.19	0.02	0	|	rapi	0.17	0.19	0	|	9.0	0.19(9)	0.19(9)	|	9417	
5159	50	ok	|	0.18	1.00	1.00	0.20	0.02	0	|	rapi	0.18	0.20	0	|	9.0	0.20(9)	0.20(9)	|	9417	
5159	51	ok	|	0.17	1.00	1.00	0.19	0.02	0	|	rapi	0.17	0.19	0	|	9.0	0.19(9)	0.19(9)	|	9417	
5159	52	ok	|	0.17	1.00	1.00	0.19	0.02	0	|	rapi	0.17	0.19	0	|	9.0	0.19(9)	0.19(9)	|	9417	
5159	53	ok	|	0.15	1.00	1.00	0.17	0.02	0	|	rapi	0.15	0.17	0	|	9.0	0.17(9)	0.17(9)	|	9417	
5159	54	ok	|	0.12	1.00	1.00	0.13	0.02	0	|	rapi	0.12	0.13	0	|	9.0	0.13(9)	0.13(9)	|	9417	
5159	55	ok	|	0.13	1.00	1.00	0.14	0.02	0	|	rapi	0.13	0.14	0	|	9.0	0.14(9)	0.14(9)	|	9417	
5159	56	ok	|	0.14	1.00	1.00	0.15	0.02	0	|	rapi	0.14	0.15	0	|	9.0	0.15(9)	0.15(9)	|	9417	
5159	57	ok	|	0.13	1.00	1.00	0.14	0.02	0	|	rapi	0.13	0.14	0	|	9.0	0.14(9)	0.14(9)	|	9417	
5159	58	ok	|	0.15	1.00	1.00	0.16	0.03	0	|	rapi	0.15	0.16	0	|	9.0	0.16(9)	0.16(9)	|	9417	
5159	59	ok	|	0.14	1.00	1.00	0.15	0.03	0	|	rapi	0.14	0.15	0	|	9.0	0.15(9)	0.15(9)	|	9417	
5159	60	ok	|	0.14	1.00	1.00	0.15	0.03	0	|	rapi	0.14	0.15	0	|	9.0	0.15(9)	0.15(9)	|	9417	
5159	61	ok	|	0.13	1.00	1.00	0.15	0.03	0	|	rapi	0.13	0.15	0	|	9.0	0.15(9)	0.15(9)	|	9417	
5159	62	ok	|	0.13	1.00	1.00	0.15	0.03	0	|	rapi	0.13	0.15	0	|	9.0	0.15(9)	0.15(9)	|	9417	
5159	63	ok	|	0.15	1.00	1.00	0.16	0.03	0	|	rapi	0.15	0.16	0	|	9.0	0.16(9)	0.16(9)	|	9417	
5159	64	ok	|	0.16	1.00	1.00	0.17	0.03	0	|	rapi	0.16	0.17	0	|	9.0	0.17(9)	0.17(9)	|	9417	
5159	65	ok	|	0.17	1.00	1.00	0.18	0.03	0	|	rapi	0.17	0.18	0	|	9.0	0.18(9)	0.18(9)	|	9417	
5159	66	ok	|	0.16	1.00	1.00	0.17	0.03	0	|	rapi	0.16	0.17	0	|	9.0	0.17(9)	0.17(9)	|	9417	
5159	67	ok	|	0.17	1.00	1.00	0.18	0.03	0	|	rapi	0.17	0.18	0	|	9.0	0.18(9)	0.18(9)	|	9417	
5159	68	ok	|	0.20	1.00	1.00	0.21	0.04	0	|	rapi	0.20	0.21	0	|	9.0	0.21(9)	0.21(9)	|	9417	
5159	69	ok	|	0.23	1.00	1.00	0.25	0.04	0	|	rapi	0.23	0.25	0	|	9.0	0.25(9)	0.25(9)	|	9417	
5159	70	ok	|	0.24	1.00	1.00	0.27	0.04	0	|	rapi	0.24	0.27	0	|	9.0	0.27(9)	0.27(9)	|	9417	
5159	71	ok	|	0.23	1.00	1.00	0.24	0.04	0	|	rapi	0.23	0.24	0	|	9.0	0.24(9)	0.24(9)	|	9417	
5159	72	ok	|	0.20	1.00	1.00	0.22	0.04	0	|	rapi	0.20	0.22	0	|	9.0	0.22(9)	0.22(9)	|	9417	
5159	73	ok	|	0.20	1.00	1.00	0.21	0.03	0	|	rapi	0.20	0.21	0	|	9.0	0.21(9)	0.21(9)	|	9417	
5159	74	ok	|	0.19	1.00	1.00	0.21	0.03	0	|	rapi	0.19	0.21	0	|	9.0	0.21(9)	0.21(9)	|	9417	
5159	75	ok	|	0.19	1.00	1.00	0.21	0.03	0	|	rapi	0.19	0.21	0	|	9.0	0.21(9)	0.21(9)	|	9417	
5159	76	ok	|	0.18	1.00	1.00	0.19	0.03	0	|	rapi	0.18	0.19	0	|	9.0	0.19(9)	0.19(9)	|	9417	
5159	77	ok	|	0.17	1.00	1.00	0.18	0.03	0	|	rapi	0.17	0.18	0	|	9.0	0.18(9)	0.18(9)	|	9417	
5159	78	ok	|	0.19	1.00	1.00	0.20	0.05	0	|	rapi	0.19	0.20	0	|	9.0	0.20(9)	0.20(9)	|	9417	
5159	79	ok	|	0.21	1.00	1.00	0.22	0.05	0	|	rapi	0.21	0.22	0	|	9.0	0.22(9)	0.22(9)	|	9417	
5159	80	ok	|	0.17	1.00	1.00	0.18	0.05	0	|	rapi	0.17	0.18	0	|	9.0	0.18(9)	0.18(9)	|	9417	
5159	81	ok	|	0.16	1.00	1.00	0.17	0.04	0	|	rapi	0.16	0.17	0	|	9.0	0.17(9)	0.17(9)	|	9417	
5159	82	ok	|	0.17	1.00	1.00	0.18	0.04	0	|	rapi	0.17	0.18	0	|	9.0	0.18(9)	0.18(9)	|	9417	
5159	83	ok	|	0.16	1.00	1.00	0.17	0.04	0	|	rapi	0.16	0.17	0	|	9.0	0.17(9)	0.17(9)	|	9417	
5159	84	ok	|	0.18	1.00	1.00	0.18	0.05	0	|	rapi	0.18	0.18	0	|	9.0	0.18(9)	0.18(9)	|	9417	
5159	85	ok	|	0.18	1.00	1.00	0.19	0.05	0	|	rapi	0.18	0.19	0	|	9.0	0.19(9)	0.19(9)	|	9417	
5159	86	ok	|	0.18	1.00	1.00	0.19	0.05	0	|	rapi	0.18	0.19	0	|	9.0	0.19(9)	0.19(9)	|	9417	
5159	87	ok	|	0.19	1.00	1.00	0.20	0.05	0	|	rapi	0.19	0.20	0	|	9.0	0.20(9)	0.20(9)	|	9417	
5159	88	ok	|	0.18	1.00	1.00	0.19	0.05	0	|	rapi	0.18	0.19	0	|	9.0	0.19(9)	0.19(9)	|	9417	
5159	89	ok	|	0.18	1.00	1.00	0.18	0.05	0	|	rapi	0.18	0.18	0	|	9.0	0.18(9)	0.18(9)	|	9417	
5159	90	ok	|	0.18	1.00	1.00	0.19	0.05	0	|	rapi	0.18	0.19	0	|	9.0	0.19(9)	0.19(9)	|	9417	
5159	91	ok	|	0.19	1.00	1.00	0.21	0.05	0	|	rapi	0.19	0.21	0	|	9.0	0.21(9)	0.21(9)	|	9417	
5159	92	ok	|	0.20	1.00	1.00	0.21	0.05	0	|	rapi	0.20	0.21	0	|	9.0	0.21(9)	0.21(9)	|	9417	
5159	93	ok	|	0.20	1.00	1.00	0.22	0.06	0	|	rapi	0.20	0.22	0	|	9.0	0.22(9)	0.22(9)	|	9417	
5159	94	ok	|	0.19	1.00	1.00	0.22	0.05	0	|	rapi	0.19	0.22	0	|	9.0	0.22(9)	0.22(9)	|	9417	
5159	95	ok	|	0.18	1.00	1.00	0.20	0.05	0	|	rapi	0.18	0.20	0	|	9.0	0.20(9)	0.20(9)	|	9417	
5159	96	ok	|	0.18	1.00	1.00	0.20	0.05	0	|	rapi	0.18	0.20	0	|	9.0	0.20(9)	0.20(9)	|	9417	
5159	97	ok	|	0.19	1.00	1.00	0.20	0.05	0	|	rapi	0.19	0.20	0	|	9.0	0.20(9)	0.20(9)	|	9417	
5159	98	ok	|	0.17	1.00	1.00	0.18	0.05	0	|	rapi	0.17	0.18	0	|	9.0	0.18(9)	0.18(9)	|	9417	
5159	99	ok	|	0.15	1.00	1.00	0.17	0.04	0	|	rapi	0.15	0.17	0	|	9.0	0.17(9)	0.17(9)	|	9417	
5159	100	ok	|	0.14	1.00	1.00	0.16	0.04	0	|	rapi	0.14	0.16	0	|	9.0	0.16(9)	0.16(9)	|	9417	
5159	101	ok	|	0.14	1.00	1.00	0.16	0.04	0	|	rapi	0.14	0.16	0	|	9.0	0.16(9)	0.16(9)	|	9417	
5159	102	ok	|	0.14	1.00	1.00	0.15	0.04	0	|	rapi	0.14	0.15	0	|	9.0	0.15(9)	0.15(9)	|	9417	
5159	103	ok	|	0.12	1.00	1.00	0.13	0.03	0	|	rapi	0.12	0.13	0	|	9.0	0.13(9)	0.13(9)	|	9417	
5159	104	ok	|	0.13	1.00	1.00	0.14	0.04	0	|	rapi	0.13	0.14	0	|	9.0	0.14(9)	0.14(9)	|	9417	
5159	105	ok	|	0.13	1.00	1.00	0.14	0.03	0	|	rapi	0.13	0.14	0	|	9.0	0.14(9)	0.14(9)	|	9417	
5159	106	ok	|	0.12	1.00	1.00	0.13	0.03	0	|	rapi	0.12	0.13	0	|	9.0	0.13(9)	0.13(9)	|	9417	
5159	107	ok	|	0.12	1.00	1.00	0.12	0.03	0	|	rapi	0.12	0.12	0	|	9.0	0.12(9)	0.12(9)	|	9417	
5159	108	ok	|	0.12	1.00	1.00	0.13	0.03	0	|	rapi	0.12	0.13	0	|	9.0	0.13(9)	0.13(9)	|	9417	
5159	109	ok	|	0.12	1.00	1.00	0.13	0.03	0	|	rapi	0.12	0.13	0	|	9.0	0.13(9)	0.13(9)	|	9417	
5159	110	ok	|	0.13	1.00	1.00	0.13	0.03	0	|	rapi	0.13	0.13	0	|	9.0	0.13(9)	0.13(9)	|	9417	
5159	111	ok	|	0.13	1.00	1.00	0.14	0.03	0	|	rapi	0.13	0.14	0	|	9.0	0.14(9)	0.14(9)	|	9417	
5159	112	ok	|	0.13	1.00	1.00	0.13	0.03	0	|	rapi	0.13	0.13	0	|	9.0	0.13(9)	0.13(9)	|	9417	
5159	113	ok	|	0.13	1.00	1.00	0.13	0.03	0	|	rapi	0.13	0.13	0	|	9.0	0.13(9)	0.13(9)	|	9417	
5159	114	ok	|	0.13	1.00	1.00	0.14	0.03	0	|	rapi	0.13	0.14	0	|	9.0	0.14(9)	0.14(9)	|	9417	
5159	115	ok	|	0.13	1.00	1.00	0.13	0.03	0	|	rapi	0.13	0.13	0	|	9.0	0.13(9)	0.13(9)	|	9417	
5159	116	ok	|	0.12	1.00	1.00	0.13	0.03	0	|	rapi	0.12	0.13	0	|	9.0	0.13(9)	0.13(9)	|	9417	
5159	117	ok	|	0.13	1.00	1.00	0.13	0.03	0	|	rapi	0.13	0.13	0	|	9.0	0.13(9)	0.13(9)	|	9417	
5159	118	ok	|	0.12	1.00	1.00	0.13	0.03	0	|	rapi	0.12	0.13	0	|	9.0	0.13(9)	0.13(9)	|	9417	
5159	119	ok	|	0.13	1.00	1.00	0.14	0.03	0	|	rapi	0.13	0.14	0	|	9.0	0.14(9)	0.14(9)	|	9417	
5159	120	ok	|	0.14	1.00	1.00	0.15	0.04	0	|	rapi	0.14	0.15	0	|	9.0	0.15(9)	0.15(9)	|	9417	
5159	121	ok	|	0.15	1.00	1.00	0.15	0.04	0	|	rapi	0.15	0.15	0	|	9.0	0.15(9)	0.15(9)	|	9417	
5159	122	ok	|	0.15	1.00	1.00	0.16	0.04	0	|	rapi	0.15	0.16	0	|	9.0	0.16(9)	0.16(9)	|	9417	
5159	123	ok	|	0.15	1.00	1.00	0.15	0.04	0	|	rapi	0.15	0.15	0	|	9.0	0.15(9)	0.15(9)	|	9417	
5159	124	ok	|	0.14	1.00	1.00	0.15	0.04	0	|	rapi	0.14	0.15	0	|	9.0	0.15(9)	0.15(9)	|	9417	
5159	125	ok	|	0.15	1.00	1.00	0.15	0.04	0	|	rapi	0.15	0.15	0	|	9.0	0.15(9)	0.15(9)	|	9417	
5159	126	ok	|	0.15	1.00	1.00	0.15	0.04	0	|	rapi	0.15	0.15	0	|	9.0	0.15(9)	0.15(9)	|	9417	
5159	127	ok	|	0.15	1.00	1.00	0.17	0.04	0	|	rapi	0.15	0.17	0	|	9.0	0.17(9)	0.17(9)	|	9417	
5159	128	ok	|	0.14	1.00	1.00	0.14	0.07	0	|	rapi	0.14	0.14	0	|	9.0	0.14(9)	0.14(9)	|	9417	
5159	129	ok	|	0.12	1.00	1.00	0.12	0.06	0	|	rapi	0.12	0.12	0	|	9.0	0.12(9)	0.12(9)	|	9417	
5159	130	ok	|	0.12	1.00	1.00	0.12	0.06	0	|	rapi	0.12	0.12	0	|	9.0	0.12(9)	0.12(9)	|	9417	
5159	131	ok	|	0.13	1.00	1.00	0.14	0.07	0	|	rapi	0.13	0.14	0	|	9.0	0.14(9)	0.14(9)	|	9417	
5159	132	ok	|	0.12	1.00	1.00	0.13	0.06	0	|	rapi	0.12	0.13	0	|	9.0	0.13(9)	0.13(9)	|	9417	
5159	133	ok	|	0.12	1.00	1.00	0.13	0.06	0	|	rapi	0.12	0.13	0	|	9.0	0.13(9)	0.13(9)	|	9417	
5159	134	ok	|	0.13	1.00	1.00	0.14	0.07	0	|	rapi	0.13	0.14	0	|	9.0	0.14(9)	0.14(9)	|	9417	
5159	135	ok	|	0.14	1.00	1.00	0.14	0.07	0	|	rapi	0.14	0.14	0	|	9.0	0.14(9)	0.14(9)	|	9417	
5159	136	ok	|	0.13	1.00	1.00	0.13	0.07	0	|	rapi	0.13	0.13	0	|	9.0	0.13(9)	0.13(9)	|	9417	
5159	137	ok	|	0.12	1.00	1.00	0.12	0.06	0	|	rapi	0.12	0.12	0	|	9.0	0.12(9)	0.12(9)	|	9417	
5159	138	ok	|	0.12	1.00	1.00	0.13	0.07	0	|	rapi	0.12	0.13	0	|	9.0	0.13(9)	0.13(9)	|	9417	
5159	139	ok	|	0.13	1.00	1.00	0.13	0.06	0	|	rapi	0.13	0.13	0	|	9.0	0.13(9)	0.13(9)	|	9417	
5159	140	ok	|	0.11	1.00	1.00	0.12	0.06	0	|	rapi	0.11	0.12	0	|	9.0	0.12(9)	0.12(9)	|	9417	
5159	141	ok	|	0.11	1.00	1.00	0.12	0.06	0	|	rapi	0.11	0.12	0	|	9.0	0.12(9)	0.12(9)	|	9417	
5159	142	ok	|	0.12	1.00	1.00	0.12	0.06	0	|	rapi	0.12	0.12	0	|	9.0	0.12(9)	0.12(9)	|	9417	
5159	143	ok	|	0.13	1.00	1.00	0.13	0.06	0	|	rapi	0.13	0.13	0	|	9.0	0.13(9)	0.13(9)	|	9417	
5159	144	ok	|	0.11	1.00	1.00	0.11	0.06	0	|	rapi	0.11	0.11	0	|	9.0	0.11(9)	0.11(9)	|	9417	
5159	145	ok	|	0.11	1.00	1.00	0.11	0.06	0	|	rapi	0.11	0.11	0	|	9.0	0.11(9)	0.11(9)	|	9417	
5159	146	ok	|	0.11	1.00	1.00	0.11	0.06	0	|	rapi	0.11	0.11	0	|	9.0	0.11(9)	0.11(9)	|	9417	
5159	147	ok	|	0.12	1.00	1.00	0.12	0.06	0	|	rapi	0.12	0.12	0	|	9.0	0.12(9)	0.12(9)	|	9417	
5159	148	ok	|	0.12	1.00	1.00	0.12	0.06	0	|	rapi	0.12	0.12	0	|	9.0	0.12(9)	0.12(9)	|	9417	
5159	149	ok	|	0.11	1.00	1.00	0.11	0.06	0	|	rapi	0.11	0.11	0	|	9.0	0.11(9)	0.11(9)	|	9417	
5159	150	ok	|	0.11	1.00	1.00	0.11	0.06	0	|	rapi	0.11	0.11	0	|	9.0	0.11(9)	0.11(9)	|	9417	
5159	151	ok	|	0.11	1.00	1.00	0.11	0.05	0	|	rapi	0.11	0.11	0	|	9.0	0.11(9)	0.11(9)	|	9417	
5159	152	ok	|	0.11	1.00	1.00	0.11	0.06	0	|	rapi	0.11	0.11	0	|	9.0	0.11(9)	0.11(9)	|	9417	
5159	153	ok	|	0.10	1.00	1.00	0.11	0.05	0	|	rapi	0.10	0.11	0	|	9.0	0.11(9)	0.11(9)	|	9417	
5159	154	ok	|	0.10	1.00	1.00	0.10	0.05	0	|	rapi	0.10	0.10	0	|	9.0	0.10(9)	0.10(9)	|	9417	
5159	155	ok	|	0.09	1.00	1.00	0.09	0.04	0	|	rapi	0.09	0.09	0	|	9.0	0.09(9)	0.09(9)	|	9417	
5159	156	ok	|	0.08	1.00	1.00	0.08	0.04	0	|	rapi	0.08	0.08	0	|	9.0	0.08(9)	0.08(9)	|	9417	
5159	157	ok	|	0.07	1.00	1.00	0.07	0.04	0	|	rapi	0.07	0.07	0	|	9.0	0.07(9)	0.07(9)	|	9417	
5159	158	ok	|	0.08	1.00	1.00	0.08	0.04	0	|	rapi	0.08	0.08	0	|	9.0	0.08(9)	0.08(9)	|	9417	
5159	159	ok	|	0.08	1.00	1.00	0.08	0.04	0	|	rapi	0.08	0.08	0	|	9.0	0.08(9)	0.08(9)	|	9417	
5159	160	ok	|	0.08	1.00	1.00	0.09	0.04	0	|	rapi	0.08	0.09	0	|	9.0	0.09(9)	0.09(9)	|	9417	
5159	161	ok	|	0.09	1.00	1.00	0.09	0.04	0	|	rapi	0.09	0.09	0	|	9.0	0.09(9)	0.09(9)	|	9417	
5159	162	ok	|	0.10	1.00	1.00	0.10	0.05	0	|	rapi	0.10	0.10	0	|	9.0	0.10(9)	0.10(9)	|	9417	
5159	163	ok	|	0.10	1.00	1.00	0.11	0.05	0	|	rapi	0.10	0.11	0	|	9.0	0.11(9)	0.11(9)	|	9417	
5159	164	ok	|	0.08	1.00	1.00	0.09	0.04	0	|	rapi	0.08	0.09	0	|	9.0	0.09(9)	0.09(9)	|	9417	
5159	165	ok	|	0.09	1.00	1.00	0.09	0.05	0	|	rapi	0.09	0.09	0	|	9.0	0.09(9)	0.09(9)	|	9417	
5159	166	ok	|	0.09	1.00	1.00	0.09	0.05	0	|	rapi	0.09	0.09	0	|	9.0	0.09(9)	0.09(9)	|	9417	
5159	167	ok	|	0.09	1.00	1.00	0.09	0.04	0	|	rapi	0.09	0.09	0	|	9.0	0.09(9)	0.09(9)	|	9417	
5159	168	ok	|	0.09	1.00	1.00	0.09	0.05	0	|	rapi	0.09	0.09	0	|	9.0	0.09(9)	0.09(9)	|	9417	
5159	169	ok	|	0.09	1.00	1.00	0.09	0.05	0	|	rapi	0.09	0.09	0	|	9.0	0.09(9)	0.09(9)	|	9417	
5159	170	ok	|	0.08	1.00	1.00	0.09	0.04	0	|	rapi	0.08	0.09	0	|	9.0	0.09(9)	0.09(9)	|	9417	
5159	171	ok	|	0.08	1.00	1.00	0.08	0.04	0	|	rapi	0.08	0.08	0	|	9.0	0.08(9)	0.08(9)	|	9417	
5159	172	ok	|	0.08	1.00	1.00	0.08	0.04	0	|	rapi	0.08	0.08	0	|	9.0	0.08(9)	0.08(9)	|	9417	
5159	173	ok	|	0.07	1.00	1.00	0.07	0.03	0	|	rapi	0.07	0.07	0	|	9.0	0.07(9)	0.07(9)	|	9417	
5159	174	ok	|	0.06	1.00	1.00	0.06	0.03	0	|	rapi	0.06	0.06	0	|	9.0	0.06(9)	0.06(9)	|	9417	
5159	175	ok	|	0.08	1.00	1.00	0.08	0.04	0	|	rapi	0.08	0.08	0	|	9.0	0.08(9)	0.08(9)	|	9417	
5159	176	ok	|	0.05	1.00	1.00	0.06	0.03	0	|	rapi	0.05	0.06	0	|	9.0	0.06(9)	0.06(9)	|	9417	
5159	177	ok	|	0.06	1.00	1.00	0.06	0.03	0	|	rapi	0.06	0.06	0	|	9.0	0.06(9)	0.06(9)	|	9417	
5159	178	ok	|	0.07	1.00	1.00	0.07	0.04	0	|	rapi	0.07	0.07	0	|	9.0	0.07(9)	0.07(9)	|	9417	
5159	179	ok	|	0.08	1.00	1.00	0.08	0.04	0	|	rapi	0.08	0.08	0	|	9.0	0.08(9)	0.08(9)	|	9417	
5159	180	ok	|	0.08	1.00	1.00	0.08	0.04	0	|	rapi	0.08	0.08	0	|	9.0	0.08(9)	0.08(9)	|	9417	
5159	181	ok	|	0.09	1.00	1.00	0.09	0.04	0	|	rapi	0.09	0.09	0	|	9.0	0.09(9)	0.09(9)	|	9417	
5159	182	ok	|	0.09	1.00	1.00	0.09	0.04	0	|	rapi	0.09	0.09	0	|	9.0	0.09(9)	0.09(9)	|	9417	
5159	183	ok	|	0.09	1.00	1.00	0.10	0.05	0	|	rapi	0.09	0.10	0	|	9.0	0.10(9)	0.10(9)	|	9417	
5159	184	ok	|	0.08	1.00	1.00	0.08	0.04	0	|	rapi	0.08	0.08	0	|	9.0	0.08(9)	0.08(9)	|	9417	
5159	185	ok	|	0.09	1.00	1.00	0.09	0.04	0	|	rapi	0.09	0.09	0	|	9.0	0.09(9)	0.09(9)	|	9417	
5159	186	ok	|	0.10	1.00	1.00	0.11	0.05	0	|	rapi	0.10	0.11	0	|	9.0	0.11(9)	0.11(9)	|	9417	
5159	187	ok	|	0.11	1.00	1.00	0.11	0.05	0	|	rapi	0.11	0.11	0	|	9.0	0.11(9)	0.11(9)	|	9417	
5159	188	ok	|	0.11	1.00	1.00	0.12	0.06	0	|	rapi	0.11	0.12	0	|	9.0	0.12(9)	0.12(9)	|	9417	
5159	189	ok	|	0.11	1.00	1.00	0.12	0.06	0	|	rapi	0.11	0.12	0	|	9.0	0.12(9)	0.12(9)	|	9417	
5159	190	ok	|	0.11	1.00	1.00	0.11	0.06	0	|	rapi	0.11	0.11	0	|	9.0	0.11(9)	0.11(9)	|	9417	
5159	191	ok	|	0.09	1.00	1.00	0.10	0.05	0	|	rapi	0.09	0.10	0	|	9.0	0.10(9)	0.10(9)	|	9417	
5159	192	ok	|	0.08	1.00	1.00	0.08	0.04	0	|	rapi	0.08	0.08	0	|	9.0	0.08(9)	0.08(9)	|	9417	
5159	193	ok	|	0.07	1.00	1.00	0.07	0.03	0	|	rapi	0.07	0.07	0	|	9.0	0.07(9)	0.07(9)	|	9417	
5159	194	ok	|	0.08	1.00	1.00	0.08	0.04	0	|	rapi	0.08	0.08	0	|	9.0	0.08(9)	0.08(9)	|	9417	
5159	195	ok	|	0.08	1.00	1.00	0.08	0.04	0	|	rapi	0.08	0.08	0	|	9.0	0.08(9)	0.08(9)	|	9417	
5159	196	ok	|	0.07	1.00	1.00	0.08	0.04	0	|	rapi	0.07	0.08	0	|	9.0	0.08(9)	0.08(9)	|	9417	
5159	197	ok	|	0.07	1.00	1.00	0.07	0.04	0	|	rapi	0.07	0.07	0	|	9.0	0.07(9)	0.07(9)	|	9417	
5159	198	ok	|	0.07	1.00	1.00	0.07	0.03	0	|	rapi	0.07	0.07	0	|	9.0	0.07(9)	0.07(9)	|	9417	
5159	199	ok	|	0.07	1.00	1.00	0.07	0.03	0	|	rapi	0.07	0.07	0	|	9.0	0.07(9)	0.07(9)	|	9417	
5159	200	ok	|	0.07	1.00	1.00	0.07	0.04	0	|	rapi	0.07	0.07	0	|	9.0	0.07(9)	0.07(9)	|	9417	
5159	201	ok	|	0.07	1.00	1.00	0.07	0.04	0	|	rapi	0.07	0.07	0	|	9.0	0.07(9)	0.07(9)	|	9417	
5159	202	ok	|	0.07	1.00	1.00	0.07	0.03	0	|	rapi	0.07	0.07	0	|	9.0	0.07(9)	0.07(9)	|	9417	
5159	203	ok	|	0.05	1.00	1.00	0.05	0.03	0	|	rapi	0.05	0.05	0	|	9.0	0.05(9)	0.05(9)	|	9417	
5159	204	ok	|	0.04	1.00	1.00	0.04	0.02	0	|	rapi	0.04	0.04	0	|	9.0	0.04(9)	0.04(9)	|	9417	
5159	205	ok	|	0.03	1.00	1.00	0.03	0.01	0	|	rapi	0.03	0.03	0	|	9.0	0.03(9)	0.03(9)	|	9417	
5159	206	ok	|	0.03	1.00	1.00	0.03	0.01	0	|	rapi	0.03	0.03	0	|	9.0	0.03(9)	0.03(9)	|	9417	
5159	207	ok	|	0.02	1.00	1.00	0.02	0.01	0	|	rapi	0.02	0.02	0	|	9.0	0.02(9)	0.02(9)	|	9417	
5159	208	ok	|	0.01	1.00	1.00	0.01	0.01	0	|	rapi	0.01	0.01	0	|	9.0	0.01(9)	0.01(9)	|	9417	
5159	209	ok	|	0.01	1.00	1.00	0.01	0.00	0	|	rapi	0.01	0.01	0	|	9.0	0.01(9)	0.01(9)	|	9417	
5159	210	ok	|	0.01	1.00	1.00	0.01	0.00	0	|	rapi	0.01	0.01	0	|	9.0	0.01(9)	0.01(9)	|	9417	
5159	211	ok	|	0.01	1.00	1.00	0.01	0.00	0	|	rapi	0.01	0.01	0	|	9.0	0.01(9)	0.01(9)	|	9417	
5159	212	ok	|	0.01	1.00	1.00	0.01	0.01	0	|	rapi	0.01	0.01	0	|	9.0	0.01(9)	0.01(9)	|	9417	
5159	213	ok	|	0.01	1.00	1.00	0.01	0.01	0	|	rapi	0.01	0.01	0	|	9.0	0.01(9)	0.01(9)	|	9417	
5159	214	ok	|	0.01	1.00	1.00	0.01	0.00	0	|	rapi	0.01	0.01	0	|	9.0	0.01(9)	0.01(9)	|	9417	
5159	215	ok	|	0.01	1.00	1.00	0.01	0.01	0	|	rapi	0.01	0.01	0	|	9.0	0.01(9)	0.01(9)	|	9417	
5159	216	ok	|	0.02	1.00	1.00	0.02	0.01	0	|	rapi	0.02	0.02	0	|	9.0	0.02(9)	0.02(9)	|	9417	
5159	217	ok	|	0.02	1.00	1.00	0.02	0.01	0	|	rapi	0.02	0.02	0	|	9.0	0.02(9)	0.02(9)	|	9417	
5159	218	ok	|	0.02	1.00	1.00	0.02	0.01	0	|	rapi	0.02	0.02	0	|	9.0	0.02(9)	0.02(9)	|	9417	
5159	219	ok	|	0.02	1.00	1.00	0.02	0.01	0	|	rapi	0.02	0.02	0	|	9.0	0.02(9)	0.02(9)	|	9417	
5159	220	ok	|	0.01	1.00	1.00	0.01	0.01	0	|	rapi	0.01	0.01	0	|	9.0	0.01(9)	0.01(9)	|	9417	
5159	221	ok	|	0.02	1.00	1.00	0.02	0.01	0	|	rapi	0.02	0.02	0	|	9.0	0.02(9)	0.02(9)	|	9417	
5159	222	ok	|	0.01	1.00	1.00	0.01	0.01	0	|	rapi	0.01	0.01	0	|	9.0	0.01(9)	0.01(9)	|	9417	
5159	223	ok	|	0.01	1.00	1.00	0.01	0.01	0	|	rapi	0.01	0.01	0	|	9.0	0.01(9)	0.01(9)	|	9417	
5159	224	ok	|	0.01	1.00	1.00	0.01	0.01	0	|	rapi	0.01	0.01	0	|	9.0	0.01(9)	0.01(9)	|	9417	
5159	225	ok	|	0.01	1.00	1.00	0.01	0.01	0	|	rapi	0.01	0.01	0	|	9.0	0.01(9)	0.01(9)	|	9417	
5159	226	ok	|	0.01	1.00	1.00	0.01	0.00	0	|	rapi	0.01	0.01	0	|	9.0	0.01(9)	0.01(9)	|	9417	
5159	227	ok	|	0.00	1.00	1.00	0.00	0.00	0	|	rapi	0.00	0.00	0	|	9.0	0.00(9)	0.00(9)	|	9417	
5159	228	ok	|	0.01	1.00	1.00	0.01	0.00	0	|	rapi	0.01	0.01	0	|	9.0	0.01(9)	0.01(9)	|	9417	
5159	229	ok	|	0.00	1.00	1.00	0.00	0.00	0	|	rapi	0.00	0.00	0	|	9.0	0.00(9)	0.00(9)	|	9417	
5159	230	ok	|	0.00	1.00	1.00	0.00	0.00	0	|	rapi	0.00	0.00	0	|	9.0	0.00(9)	0.00(9)	|	9417	
5159	231	ok	|	0.00	1.00	1.00	0.00	0.00	0	|	rapi	0.00	0.00	0	|	9.0	0.00(9)	0.00(9)	|	9417	
5159	232	ok	|	0.00	1.00	1.00	0.00	0.00	0	|	rapi	0.00	0.00	0	|	9.0	0.00(9)	0.00(9)	|	9417	
5159	233	ok	|	0.00	1.00	1.00	0.00	0.00	0	|	rapi	0.00	0.00	0	|	9.0	0.00(9)	0.00(9)	|	9417	
5159	234	ok	|	0.00	1.00	1.00	0.00	0.00	0	|	rapi	0.00	0.00	0	|	9.0	0.00(9)	0.00(9)	|	9417	
5159	235	ok	|	0.00	1.00	1.00	0.00	0.00	0	|	rapi	0.00	0.00	0	|	9.0	0.00(9)	0.00(9)	|	9417	
5159	236	ok	|	0.00	1.00	1.00	0.00	0.00	0	|	rapi	0.00	0.00	0	|	9.0	0.00(9)	0.00(9)	|	9417	
5159	237	fail-0	|	0.00	1.00	1.00	0.00	NaN	0	|	rapi	0.00	0.00	0	|	NaN			|	9417	
