5198	0	ok	|	0.09	1.00	1.00	0.10	0.00	0	|	rapi	0.00	0.00	0	|	-87.0	0.10(-87)		|	3	
5198	1	ok	|	0.11	1.00	1.00	0.14	0.00	0	|	rapi	0.00	0.00	0	|	-87.0	0.14(-87)		|	3	
5198	2	ok	|	0.12	1.00	1.00	0.15	0.00	0	|	rapi	0.00	0.00	0	|	-87.0	0.15(-87)		|	3	
5198	3	ok	|	0.13	1.00	1.00	0.17	0.00	0	|	rapi	0.00	0.00	0	|	-87.0	0.17(-87)		|	3	
5198	4	ok	|	0.16	1.00	1.00	0.21	0.00	0	|	rapi	0.00	0.00	0	|	-87.0	0.21(-87)		|	3	
5198	5	ok	|	0.19	1.00	1.00	0.25	0.00	0	|	rapi	0.00	0.00	0	|	-87.0	0.25(-87)		|	3	
5198	6	ok	|	0.21	1.00	1.00	0.28	0.00	0	|	rapi	0.00	0.00	0	|	-87.0	0.28(-87)		|	3	
5198	7	ok	|	0.26	1.00	1.00	0.36	0.00	0	|	rapi	0.00	0.00	0	|	-87.0	0.36(-87)		|	3	
5198	8	ok	|	0.30	1.00	1.00	0.42	0.00	0	|	rapi	0.00	0.00	0	|	-87.0	0.42(-87)		|	3	
5198	9	ok	|	0.35	0.99	0.99	0.54	0.00	0	|	rapi	0.00	0.00	0	|	-87.0	0.54(-87)		|	3	
5198	10	ok	|	0.41	0.99	0.99	0.65	0.00	0	|	rapi	0.00	0.00	0	|	-87.0	0.65(-87)		|	3	
5198	11	ok	|	0.46	0.99	0.99	0.79	0.00	0	|	rapi	0.00	0.00	0	|	-87.0	0.79(-87)		|	3	
5198	12	ok	|	0.54	0.99	0.99	0.97	0.00	0	|	rapi	0.00	0.00	0	|	-87.0	0.97(-87)		|	3	
5198	13	ok	|	0.61	0.99	0.99	1.16	0.00	0	|	rapi	0.00	0.00	0	|	-87.0	1.16(-87)		|	3	
5198	14	ok	|	0.66	0.99	0.99	1.41	0.00	0	|	rapi	0.00	0.00	0	|	-87.0	1.41(-87)		|	3	
5198	15	ok	|	0.71	0.98	0.98	1.63	0.00	0	|	rapi	0.00	0.00	0	|	-87.0	1.63(-87)		|	3	
5198	16	ok	|	0.76	0.98	0.98	1.89	0.00	0	|	rapi	0.00	0.00	0	|	-87.0	1.89(-87)		|	3	
5198	17	ok	|	0.82	0.98	0.98	2.20	0.00	0	|	rapi	0.00	0.00	0	|	-87.0	2.20(-87)		|	3	
5198	18	ok	|	0.89	0.97	0.97	2.59	0.00	0	|	rapi	0.00	0.00	0	|	-87.0	2.59(-87)		|	3	
5198	19	ok	|	0.92	0.97	0.97	3.02	0.00	0	|	rapi	0.00	0.00	0	|	-87.0	3.02(-87)		|	3	
5198	20	ok	|	0.94	0.96	0.96	3.62	0.00	0	|	rapi	0.00	0.00	0	|	-87.0	3.62(-87)		|	3	
5198	21	ok	|	0.97	0.96	0.96	4.30	0.00	0	|	rapi	0.00	0.00	0	|	-87.0	4.30(-87)		|	3	
5198	22	ok	|	0.99	0.95	0.95	5.09	0.00	0	|	rapi	0.00	0.00	0	|	-87.0	5.09(-87)		|	3	
5198	23	ok	|	0.99	0.94	0.94	6.15	0.00	0	|	rapi	0.00	0.00	0	|	-87.0	6.15(-87)		|	3	
5198	24	ok	|	1.00	0.93	0.93	7.36	0.00	0	|	rapi	0.00	0.00	0	|	-87.0	7.36(-87)		|	3	
5198	25	ok	|	1.00	0.91	0.91	8.74	0.00	0	|	rapi	0.00	0.00	0	|	-87.0	8.74(-87)		|	3	
5198	26	ok	|	1.00	0.90	0.90	10.12	0.00	0	|	rapi	0.00	0.00	0	|	-87.0	10.12(-87)		|	3	
5198	27	ok	|	1.00	0.88	0.88	12.03	0.00	0	|	rapi	0.00	0.00	0	|	-87.0	12.03(-87)		|	3	
5198	28	ok	|	1.00	0.86	0.86	14.40	0.00	0	|	rapi	0.00	0.00	0	|	-87.0	14.40(-87)		|	3	
5198	29	ok	|	1.00	0.83	0.83	16.81	0.00	0	|	rapi	0.00	0.00	0	|	-87.0	16.81(-87)		|	3	
5198	30	ok	|	1.00	0.80	0.80	20.17	0.00	0	|	rapi	0.00	0.00	0	|	-87.0	20.17(-87)	0.00(-87)	|	3	
5198	31	ok	|	1.00	0.76	0.76	23.58	0.00	0	|	rapi	0.00	0.00	0	|	-87.0	23.58(-87)	0.00(-87)	|	3	
5198	32	ok	|	1.00	0.73	0.73	27.22	0.00	0	|	rapi	0.00	0.00	0	|	-87.0	27.22(-87)		|	3	
5198	33	ok	|	1.00	0.68	0.68	31.88	0.00	0	|	rapi	0.00	0.00	0	|	-87.0	31.88(-87)		|	3	
5198	34	ok	|	1.00	0.62	0.62	37.61	0.00	0	|	rapi	0.00	0.00	0	|	-87.0	37.61(-87)		|	3	
5198	35	ok	|	1.00	0.56	0.56	44.02	0.00	0	|	rapi	0.00	0.00	0	|	-87.0	44.02(-87)	0.00(-87)	|	3	
5198	36	ok	|	1.00	0.49	0.49	51.20	0.00	0	|	rapi	0.00	0.00	0	|	-87.0	51.20(-87)	0.00(-87)	|	3	
5198	37	ok	|	1.00	0.40	0.40	59.76	0.00	0	|	rapi	0.00	0.00	0	|	-87.0	59.76(-87)	0.00(-87)	|	3	
5198	38	ok	|	1.00	0.31	0.31	69.11	0.00	0	|	rapi	0.00	0.00	0	|	-87.0	69.11(-87)	0.00(-87)	|	3	
5198	39	ok	|	1.00	0.21	0.21	78.67	0.00	0	|	rapi	0.00	0.00	0	|	-87.0	78.67(-87)	0.00(-87)	|	3	
5198	40	ok	|	1.00	0.13	0.13	88.27	0.00	0	|	rapi	0.01	0.01	0	|	-87.0	88.27(-87)	0.01(-87)	|	3	
5198	41	fail-w	|	1.00	0.07	0.07	95.94	0.00	0	|	rapi	0.02	0.02	0	|	-87.0	95.94(-87)	0.02(-87)	|	3	
