5203	0	ok	|	0.10	1.00	1.00	0.10	0.00	0	|	rapi	0.00	0.00	0	|	-62.0	0.10(-62)		|	2	
5203	1	ok	|	0.11	1.00	1.00	0.12	0.00	0	|	rapi	0.00	0.00	0	|	-62.0	0.12(-62)		|	2	
5203	2	ok	|	0.12	1.00	1.00	0.15	0.00	0	|	rapi	0.00	0.00	0	|	-62.0	0.15(-62)		|	2	
5203	3	ok	|	0.13	1.00	1.00	0.17	0.00	0	|	rapi	0.00	0.00	0	|	-62.0	0.17(-62)		|	2	
5203	4	ok	|	0.15	1.00	1.00	0.22	0.00	0	|	rapi	0.00	0.00	0	|	-62.0	0.22(-62)		|	2	
5203	5	ok	|	0.16	1.00	1.00	0.25	0.00	0	|	rapi	0.00	0.00	0	|	-62.0	0.25(-62)		|	2	
5203	6	ok	|	0.21	1.00	1.00	0.30	0.00	0	|	rapi	0.00	0.00	0	|	-62.0	0.30(-62)		|	2	
5203	7	ok	|	0.24	1.00	1.00	0.36	0.00	0	|	rapi	0.00	0.00	0	|	-62.0	0.36(-62)		|	2	
5203	8	ok	|	0.29	1.00	1.00	0.45	0.00	0	|	rapi	0.00	0.00	0	|	-62.0	0.45(-62)		|	2	
5203	9	ok	|	0.32	0.99	0.99	0.54	0.00	0	|	rapi	0.00	0.00	0	|	-62.0	0.54(-62)		|	2	
5203	10	ok	|	0.35	0.99	0.99	0.60	0.00	0	|	rapi	0.00	0.00	0	|	-62.0	0.60(-62)		|	2	
5203	11	ok	|	0.41	0.99	0.99	0.71	0.00	0	|	rapi	0.00	0.00	0	|	-62.0	0.71(-62)		|	2	
5203	12	ok	|	0.46	0.99	0.99	0.82	0.00	0	|	rapi	0.00	0.00	0	|	-62.0	0.82(-62)		|	2	
5203	13	ok	|	0.53	0.99	0.99	1.00	0.00	0	|	rapi	0.00	0.00	0	|	-62.0	1.00(-62)		|	2	
5203	14	ok	|	0.59	0.99	0.99	1.20	0.00	0	|	rapi	0.00	0.00	0	|	-62.0	1.20(-62)		|	2	
5203	15	ok	|	0.68	0.99	0.99	1.46	0.00	0	|	rapi	0.00	0.00	0	|	-62.0	1.46(-62)		|	2	
5203	16	ok	|	0.72	0.98	0.98	1.65	0.00	0	|	rapi	0.00	0.00	0	|	-62.0	1.65(-62)	0.00(-62)	|	2	
5203	17	ok	|	0.79	0.98	0.98	2.07	0.00	0	|	rapi	0.00	0.00	0	|	-62.0	2.07(-62)	0.00(-62)	|	2	
5203	18	ok	|	0.84	0.98	0.98	2.45	0.00	0	|	rapi	0.01	0.01	0	|	-62.0	2.45(-62)	0.01(-62)	|	2	
5203	19	ok	|	0.88	0.97	0.97	2.81	0.00	0	|	rapi	0.01	0.01	0	|	-62.0	2.81(-62)	0.01(-62)	|	2	
5203	20	ok	|	0.92	0.97	0.97	3.41	0.00	0	|	rapi	0.01	0.01	0	|	-62.0	3.41(-62)	0.01(-62)	|	2	
5203	21	ok	|	0.95	0.96	0.96	3.88	0.00	0	|	rapi	0.01	0.01	0	|	-62.0	3.88(-62)	0.01(-62)	|	2	
5203	22	ok	|	0.97	0.95	0.95	4.56	0.00	0	|	rapi	0.01	0.01	0	|	-62.0	4.56(-62)	0.01(-62)	|	2	
5203	23	ok	|	0.99	0.95	0.95	5.29	0.00	0	|	rapi	0.01	0.01	0	|	-62.0	5.29(-62)	0.01(-62)	|	2	
5203	24	ok	|	0.99	0.94	0.94	6.21	0.00	0	|	rapi	0.01	0.01	0	|	-62.0	6.21(-62)	0.01(-62)	|	2	
5203	25	ok	|	1.00	0.93	0.93	7.32	0.00	0	|	rapi	0.01	0.01	0	|	-62.0	7.32(-62)	0.01(-62)	|	2	
5203	26	ok	|	1.00	0.91	0.91	8.64	0.00	0	|	rapi	0.01	0.01	0	|	-62.0	8.64(-62)	0.01(-62)	|	2	
5203	27	ok	|	1.00	0.90	0.90	10.20	0.00	0	|	rapi	0.01	0.01	0	|	-62.0	10.20(-62)	0.01(-62)	|	2	
5203	28	ok	|	1.00	0.88	0.88	11.80	0.00	0	|	rapi	0.02	0.02	0	|	-62.0	11.80(-62)	0.02(-62)	|	2	
5203	29	ok	|	1.00	0.86	0.86	13.70	0.00	0	|	rapi	0.01	0.02	0	|	-62.0	13.70(-62)	0.02(-62)	|	2	
5203	30	ok	|	1.00	0.84	0.84	15.95	0.00	0	|	rapi	0.02	0.02	0	|	-62.0	15.95(-62)	0.02(-62)	|	2	
5203	31	ok	|	1.00	0.81	0.81	18.73	0.00	0	|	rapi	0.01	0.01	0	|	-62.0	18.73(-62)	0.01(-62)	|	2	
5203	32	ok	|	1.00	0.78	0.78	22.00	0.00	0	|	rapi	0.01	0.01	0	|	-62.0	22.00(-62)	0.01(-62)	|	2	
5203	33	ok	|	1.00	0.74	0.74	25.75	0.00	0	|	rapi	0.01	0.01	0	|	-62.0	25.75(-62)	0.01(-62)	|	2	
5203	34	ok	|	1.00	0.70	0.70	30.38	0.00	0	|	rapi	0.00	0.00	0	|	-62.0	30.38(-62)	0.00(-62)	|	2	
5203	35	ok	|	1.00	0.65	0.65	35.01	0.00	0	|	rapi	0.00	0.00	0	|	-62.0	35.01(-62)	0.00(-62)	|	2	
5203	36	ok	|	1.00	0.59	0.59	41.01	0.00	0	|	rapi	0.00	0.00	0	|	-62.0	41.01(-62)	0.00(-62)	|	2	
5203	37	ok	|	1.00	0.52	0.52	47.89	0.00	0	|	rapi	0.00	0.00	0	|	-62.0	47.89(-62)	0.00(-62)	|	2	
5203	38	ok	|	1.00	0.45	0.45	55.42	0.00	0	|	rapi	0.01	0.01	0	|	-62.0	55.42(-62)	0.01(-62)	|	2	
5203	39	ok	|	1.00	0.36	0.36	63.86	0.00	0	|	rapi	0.01	0.01	0	|	-62.0	63.86(-62)	0.01(-62)	|	2	
5203	40	ok	|	1.00	0.27	0.27	72.94	0.00	0	|	rapi	0.01	0.01	0	|	-62.0	72.94(-62)	0.01(-62)	|	2	
5203	41	ok	|	1.00	0.19	0.19	81.70	0.00	0	|	rapi	0.01	0.01	0	|	-62.0	81.70(-62)	0.01(-62)	|	2	
5203	42	ok	|	1.00	0.11	0.11	90.70	0.00	0	|	rapi	0.01	0.01	0	|	-62.0	90.70(-62)	0.01(-62)	|	2	
5203	43	fail-w	|	1.00	0.06	0.06	97.44	0.00	0	|	rapi	0.01	0.01	0	|	-62.0	97.44(-62)	0.01(-62)	|	2	
