5246	0	ok	|	0.10	1.00	1.00	0.10	0.00	0	|	rapi	0.00	0.00	0	|	-49.0	0.10(-49)		|	2	
5246	1	ok	|	0.11	1.00	1.00	0.14	0.00	0	|	rapi	0.00	0.00	0	|	-49.0	0.14(-49)		|	2	
5246	2	ok	|	0.12	1.00	1.00	0.16	0.00	0	|	rapi	0.00	0.00	0	|	-49.0	0.16(-49)		|	2	
5246	3	ok	|	0.17	1.00	1.00	0.24	0.00	0	|	rapi	0.00	0.00	0	|	-49.0	0.24(-49)		|	2	
5246	4	ok	|	0.19	1.00	1.00	0.26	0.00	0	|	rapi	0.00	0.00	0	|	-49.0	0.26(-49)		|	2	
5246	5	ok	|	0.21	1.00	1.00	0.28	0.00	0	|	rapi	0.00	0.00	0	|	-49.0	0.28(-49)		|	2	
5246	6	ok	|	0.24	1.00	1.00	0.35	0.00	0	|	rapi	0.00	0.00	0	|	-49.0	0.35(-49)		|	2	
5246	7	ok	|	0.29	1.00	1.00	0.43	0.00	0	|	rapi	0.00	0.00	0	|	-49.0	0.43(-49)		|	2	
5246	8	ok	|	0.35	0.99	0.99	0.54	0.00	0	|	rapi	0.00	0.00	0	|	-49.0	0.54(-49)		|	2	
5246	9	ok	|	0.40	0.99	0.99	0.61	0.00	0	|	rapi	0.00	0.00	0	|	-49.0	0.61(-49)		|	2	
5246	10	ok	|	0.43	0.99	0.99	0.69	0.00	0	|	rapi	0.00	0.00	0	|	-49.0	0.69(-49)		|	2	
5246	11	ok	|	0.47	0.99	0.99	0.77	0.00	0	|	rapi	0.00	0.00	0	|	-49.0	0.77(-49)		|	2	
5246	12	ok	|	0.52	0.99	0.99	0.90	0.00	0	|	rapi	0.00	0.00	0	|	-49.0	0.90(-49)		|	2	
5246	13	ok	|	0.56	0.99	0.99	1.06	0.00	0	|	rapi	0.00	0.00	0	|	-49.0	1.06(-49)		|	2	
5246	14	ok	|	0.64	0.99	0.99	1.28	0.00	0	|	rapi	0.00	0.00	0	|	-49.0	1.28(-49)		|	2	
5246	15	ok	|	0.69	0.98	0.98	1.52	0.00	0	|	rapi	0.00	0.00	0	|	-49.0	1.52(-49)		|	2	
5246	16	ok	|	0.74	0.98	0.98	1.84	0.00	0	|	rapi	0.00	0.00	0	|	-49.0	1.84(-49)		|	2	
5246	17	ok	|	0.80	0.98	0.98	2.21	0.00	0	|	rapi	0.00	0.00	0	|	-49.0	2.21(-49)		|	2	
5246	18	ok	|	0.86	0.97	0.97	2.60	0.00	0	|	rapi	0.00	0.00	0	|	-49.0	2.60(-49)		|	2	
5246	19	ok	|	0.89	0.97	0.97	3.10	0.00	0	|	rapi	0.00	0.00	0	|	-49.0	3.10(-49)		|	2	
5246	20	ok	|	0.92	0.96	0.96	3.57	0.00	0	|	rapi	0.00	0.00	0	|	-49.0	3.57(-49)		|	2	
5246	21	ok	|	0.96	0.96	0.96	4.27	0.00	0	|	rapi	0.00	0.00	0	|	-49.0	4.27(-49)		|	2	
5246	22	ok	|	0.98	0.95	0.95	5.07	0.00	0	|	rapi	0.00	0.00	0	|	-49.0	5.07(-49)		|	2	
5246	23	ok	|	0.98	0.94	0.94	6.06	0.00	0	|	rapi	0.00	0.00	0	|	-49.0	6.06(-49)		|	2	
5246	24	ok	|	0.99	0.93	0.93	7.15	0.00	0	|	rapi	0.00	0.00	0	|	-49.0	7.15(-49)		|	2	
5246	25	ok	|	1.00	0.92	0.92	8.35	0.00	0	|	rapi	0.00	0.00	0	|	-49.0	8.35(-49)		|	2	
5246	26	ok	|	1.00	0.90	0.90	9.85	0.00	0	|	rapi	0.00	0.00	0	|	-49.0	9.85(-49)		|	2	
5246	27	ok	|	1.00	0.88	0.88	11.59	0.00	0	|	rapi	0.00	0.00	0	|	-49.0	11.59(-49)		|	2	
5246	28	ok	|	1.00	0.87	0.87	13.50	0.00	0	|	rapi	0.00	0.00	0	|	-49.0	13.50(-49)		|	2	
5246	29	ok	|	1.00	0.84	0.84	15.57	0.00	0	|	rapi	0.00	0.00	0	|	-49.0	15.57(-49)		|	2	
5246	30	ok	|	1.00	0.82	0.82	18.16	0.00	0	|	rapi	0.00	0.00	0	|	-49.0	18.16(-49)	0.00(-49)	|	2	
5246	31	ok	|	1.00	0.78	0.78	21.55	0.00	0	|	rapi	0.00	0.00	0	|	-49.0	21.55(-49)		|	2	
5246	32	ok	|	1.00	0.75	0.75	25.34	0.00	0	|	rapi	0.00	0.00	0	|	-49.0	25.34(-49)	0.00(-49)	|	2	
5246	33	ok	|	1.00	0.70	0.70	29.55	0.00	0	|	rapi	0.00	0.00	0	|	-49.0	29.55(-49)	0.00(-49)	|	2	
5246	34	ok	|	1.00	0.66	0.66	34.31	0.00	0	|	rapi	0.00	0.00	0	|	-49.0	34.31(-49)	0.00(-49)	|	2	
5246	35	ok	|	1.00	0.60	0.60	40.09	0.00	0	|	rapi	0.01	0.01	0	|	-49.0	40.09(-49)	0.01(-49)	|	2	
5246	36	ok	|	1.00	0.53	0.53	46.85	0.00	0	|	rapi	0.00	0.00	0	|	-49.0	46.85(-49)	0.00(-49)	|	2	
5246	37	ok	|	1.00	0.46	0.46	54.45	0.00	0	|	rapi	0.00	0.00	0	|	-49.0	54.45(-49)	0.00(-49)	|	2	
5246	38	ok	|	1.00	0.37	0.37	63.41	0.00	0	|	rapi	0.00	0.00	0	|	-49.0	63.41(-49)	0.00(-49)	|	2	
5246	39	ok	|	1.00	0.27	0.27	72.64	0.00	0	|	rapi	0.00	0.00	0	|	-49.0	72.64(-49)	0.00(-49)	|	2	
5246	40	ok	|	1.00	0.18	0.18	82.04	0.00	0	|	rapi	0.00	0.00	0	|	-49.0	82.04(-49)	0.00(-49)	|	2	
5246	41	ok	|	1.00	0.11	0.11	90.79	0.00	0	|	rapi	0.00	0.00	0	|	-49.0	90.79(-49)	0.00(-49)	|	2	
5246	42	fail-w	|	1.00	0.06	0.06	96.93	0.00	0	|	rapi	0.01	0.01	0	|	-49.0	96.93(-49)	0.01(-49)	|	2	
