5279	0	ok	|	0.10	1.00	1.00	0.10	0.00	0	|	rapi	0.00	0.00	0	|	-20.0	0.10(-20)		|	7	
5279	1	ok	|	0.12	1.00	1.00	0.14	0.00	0	|	rapi	0.00	0.00	0	|	-20.0	0.14(-20)		|	7	
5279	2	ok	|	0.14	1.00	1.00	0.18	0.00	0	|	rapi	0.00	0.00	0	|	-20.0	0.18(-20)		|	7	
5279	3	ok	|	0.17	1.00	1.00	0.24	0.00	0	|	rapi	0.00	0.00	0	|	-20.0	0.24(-20)		|	7	
5279	4	ok	|	0.19	1.00	1.00	0.27	0.00	0	|	rapi	0.00	0.00	0	|	-20.0	0.27(-20)		|	7	
5279	5	ok	|	0.22	1.00	1.00	0.33	0.00	0	|	rapi	0.00	0.00	0	|	-20.0	0.33(-20)		|	7	
5279	6	ok	|	0.24	1.00	1.00	0.38	0.00	0	|	rapi	0.00	0.00	0	|	-20.0	0.38(-20)		|	7	
5279	7	ok	|	0.29	0.99	0.99	0.50	0.00	0	|	rapi	0.00	0.00	0	|	-20.0	0.50(-20)		|	7	
5279	8	ok	|	0.33	0.99	0.99	0.56	0.00	0	|	rapi	0.00	0.00	0	|	-20.0	0.56(-20)		|	7	
5279	9	ok	|	0.39	0.99	0.99	0.68	0.00	0	|	rapi	0.00	0.00	0	|	-20.0	0.68(-20)		|	7	
5279	10	ok	|	0.42	0.99	0.99	0.76	0.00	0	|	rapi	0.00	0.00	0	|	-20.0	0.76(-20)		|	7	
5279	11	ok	|	0.48	0.99	0.99	0.86	0.00	0	|	rapi	0.00	0.00	0	|	-20.0	0.86(-20)	0.00(-20)	|	7	
5279	12	ok	|	0.52	0.99	0.99	0.98	0.00	0	|	rapi	0.00	0.00	0	|	-20.0	0.98(-20)		|	7	
5279	13	ok	|	0.56	0.99	0.99	1.06	0.00	0	|	rapi	0.00	0.00	0	|	-20.0	1.06(-20)		|	7	
5279	14	ok	|	0.61	0.99	0.99	1.25	0.00	0	|	rapi	0.00	0.00	0	|	-20.0	1.25(-20)		|	7	
5279	15	ok	|	0.65	0.99	0.99	1.35	0.00	0	|	rapi	0.00	0.00	0	|	-20.0	1.35(-20)		|	7	
5279	16	ok	|	0.69	0.98	0.98	1.57	0.00	0	|	rapi	0.00	0.00	0	|	-20.0	1.57(-20)		|	7	
5279	17	ok	|	0.75	0.98	0.98	1.81	0.00	0	|	rapi	0.00	0.00	0	|	-20.0	1.81(-20)		|	7	
5279	18	ok	|	0.80	0.98	0.98	2.15	0.00	0	|	rapi	0.00	0.00	0	|	-20.0	2.15(-20)		|	7	
5279	19	ok	|	0.85	0.97	0.97	2.60	0.00	0	|	rapi	0.00	0.00	0	|	-20.0	2.60(-20)	0.00(-20)	|	7	
5279	20	ok	|	0.91	0.97	0.97	3.12	0.00	0	|	rapi	0.00	0.00	0	|	-20.0	3.12(-20)	0.00(-20)	|	7	
5279	21	ok	|	0.92	0.96	0.96	3.56	0.00	0	|	rapi	0.00	0.00	0	|	-20.0	3.56(-20)		|	7	
5279	22	ok	|	0.96	0.96	0.96	4.25	0.00	0	|	rapi	0.00	0.00	0	|	-20.0	4.25(-20)		|	7	
5279	23	ok	|	0.97	0.95	0.95	4.94	0.00	0	|	rapi	0.00	0.00	0	|	-20.0	4.94(-20)		|	7	
5279	24	ok	|	0.98	0.94	0.94	5.61	0.00	0	|	rapi	0.00	0.00	0	|	-20.0	5.61(-20)		|	7	
5279	25	ok	|	0.99	0.93	0.93	6.67	0.00	0	|	rapi	0.00	0.00	0	|	-20.0	6.67(-20)		|	7	
5279	26	ok	|	1.00	0.92	0.92	7.70	0.00	0	|	rapi	0.00	0.00	0	|	-20.0	7.70(-20)		|	7	
5279	27	ok	|	1.00	0.91	0.91	9.25	0.00	0	|	rapi	0.00	0.00	0	|	-20.0	9.25(-20)		|	7	
5279	28	ok	|	1.00	0.89	0.89	11.11	0.00	0	|	rapi	0.00	0.00	0	|	-20.0	11.11(-20)		|	7	
5279	29	ok	|	1.00	0.87	0.87	13.21	0.00	0	|	rapi	0.01	0.01	0	|	-20.0	13.21(-20)	0.01(-20)	|	7	
5279	30	ok	|	1.00	0.85	0.85	15.42	0.00	0	|	rapi	0.01	0.01	0	|	-20.0	15.42(-20)	0.01(-20)	|	7	
5279	31	ok	|	1.00	0.82	0.82	18.12	0.00	0	|	rapi	0.01	0.01	0	|	-20.0	18.12(-20)	0.01(-20)	|	7	
5279	32	ok	|	1.00	0.79	0.79	21.47	0.00	0	|	rapi	0.00	0.00	0	|	-20.0	21.47(-20)	0.00(-20)	|	7	
5279	33	ok	|	1.00	0.75	0.75	25.31	0.00	0	|	rapi	0.01	0.01	0	|	-20.0	25.31(-20)	0.01(-20)	|	7	
5279	34	ok	|	1.00	0.70	0.70	29.98	0.00	0	|	rapi	0.01	0.01	0	|	-20.0	29.98(-20)	0.01(-20)	|	7	
5279	35	ok	|	1.00	0.65	0.65	34.85	0.00	0	|	rapi	0.01	0.01	0	|	-20.0	34.85(-20)	0.01(-20)	|	7	
5279	36	ok	|	1.00	0.59	0.59	40.81	0.00	0	|	rapi	0.01	0.01	0	|	-20.0	40.81(-20)	0.01(-20)	|	7	
5279	37	ok	|	1.00	0.52	0.52	47.66	0.00	0	|	rapi	0.02	0.02	0	|	-20.0	47.66(-20)	0.02(-20)	|	7	
5279	38	ok	|	1.00	0.44	0.44	55.68	0.00	0	|	rapi	0.02	0.02	0	|	-20.0	55.68(-20)	0.02(-20)	|	7	
5279	39	ok	|	1.00	0.36	0.36	64.25	0.00	0	|	rapi	0.03	0.03	0	|	-20.0	64.25(-20)	0.03(-20)	|	7	
5279	40	ok	|	1.00	0.26	0.26	73.68	0.00	0	|	rapi	0.04	0.04	0	|	-20.0	73.68(-20)	0.04(-20)	|	7	
5279	41	ok	|	1.00	0.18	0.18	82.55	0.00	0	|	rapi	0.05	0.05	0	|	-20.0	82.55(-20)	0.05(-20)	|	7	
5279	42	ok	|	1.00	0.11	0.11	89.84	0.00	0	|	rapi	0.07	0.07	0	|	-20.0	89.84(-20)	0.07(-20)	|	7	
5279	43	fail-w	|	1.00	0.08	0.08	94.06	0.00	0	|	rapi	0.12	0.12	0	|	-20.0	94.06(-20)	0.12(-20)	|	7	
