532	0	ok	|	0.10	1.00	1.00	0.10	0.00	0	|	rapi	0.00	0.00	0	|	-28.0	0.10(-28)		|	5	
532	1	ok	|	0.10	1.00	1.00	0.12	0.00	0	|	rapi	0.00	0.00	0	|	-28.0	0.12(-28)		|	5	
532	2	ok	|	0.13	1.00	1.00	0.16	0.00	0	|	rapi	0.00	0.00	0	|	-28.0	0.16(-28)		|	5	
532	3	ok	|	0.14	1.00	1.00	0.18	0.00	0	|	rapi	0.00	0.00	0	|	-28.0	0.18(-28)		|	5	
532	4	ok	|	0.19	1.00	1.00	0.23	0.00	0	|	rapi	0.00	0.00	0	|	-28.0	0.23(-28)		|	5	
532	5	ok	|	0.21	1.00	1.00	0.27	0.00	0	|	rapi	0.00	0.00	0	|	-28.0	0.27(-28)		|	5	
532	6	ok	|	0.22	1.00	1.00	0.30	0.00	0	|	rapi	0.00	0.00	0	|	-28.0	0.30(-28)		|	5	
532	7	ok	|	0.24	1.00	1.00	0.34	0.00	0	|	rapi	0.00	0.00	0	|	-28.0	0.34(-28)		|	5	
532	8	ok	|	0.28	1.00	1.00	0.40	0.00	0	|	rapi	0.00	0.00	0	|	-28.0	0.40(-28)		|	5	
532	9	ok	|	0.30	1.00	1.00	0.43	0.00	0	|	rapi	0.00	0.00	0	|	-28.0	0.43(-28)		|	5	
532	10	ok	|	0.34	1.00	1.00	0.49	0.00	0	|	rapi	0.00	0.00	0	|	-28.0	0.49(-28)		|	5	
532	11	ok	|	0.37	0.99	0.99	0.55	0.00	0	|	rapi	0.00	0.00	0	|	-28.0	0.55(-28)		|	5	
532	12	ok	|	0.41	0.99	0.99	0.64	0.00	0	|	rapi	0.00	0.00	0	|	-28.0	0.64(-28)		|	5	
532	13	ok	|	0.43	0.99	0.99	0.71	0.00	0	|	rapi	0.00	0.00	0	|	-28.0	0.71(-28)		|	5	
532	14	ok	|	0.47	0.99	0.99	0.82	0.00	0	|	rapi	0.00	0.00	0	|	-28.0	0.82(-28)		|	5	
532	15	ok	|	0.51	0.99	0.99	0.97	0.00	0	|	rapi	0.00	0.00	0	|	-28.0	0.97(-28)		|	5	
532	16	ok	|	0.57	0.99	0.99	1.08	0.00	0	|	rapi	0.00	0.00	0	|	-28.0	1.08(-28)		|	5	
532	17	ok	|	0.65	0.99	0.99	1.36	0.00	0	|	rapi	0.00	0.00	0	|	-28.0	1.36(-28)		|	5	
532	18	ok	|	0.71	0.98	0.98	1.65	0.00	0	|	rapi	0.00	0.00	0	|	-28.0	1.65(-28)		|	5	
532	19	ok	|	0.78	0.98	0.98	1.94	0.00	0	|	rapi	0.00	0.00	0	|	-28.0	1.94(-28)		|	5	
532	20	ok	|	0.83	0.98	0.98	2.30	0.00	0	|	rapi	0.00	0.00	0	|	-28.0	2.30(-28)		|	5	
532	21	ok	|	0.86	0.97	0.97	2.52	0.00	0	|	rapi	0.00	0.00	0	|	-28.0	2.52(-28)		|	5	
532	22	ok	|	0.91	0.97	0.97	3.04	0.00	0	|	rapi	0.00	0.00	0	|	-28.0	3.04(-28)		|	5	
532	23	ok	|	0.93	0.96	0.96	3.61	0.00	0	|	rapi	0.00	0.00	0	|	-28.0	3.61(-28)		|	5	
532	24	ok	|	0.96	0.96	0.96	4.37	0.00	0	|	rapi	0.00	0.00	0	|	-28.0	4.37(-28)	0.00(-28)	|	5	
532	25	ok	|	0.98	0.95	0.95	5.12	0.00	0	|	rapi	0.00	0.00	0	|	-28.0	5.12(-28)	0.00(-28)	|	5	
532	26	ok	|	0.99	0.94	0.94	6.04	0.00	0	|	rapi	0.00	0.00	0	|	-28.0	6.04(-28)	0.00(-28)	|	5	
532	27	ok	|	1.00	0.93	0.93	7.31	0.00	0	|	rapi	0.01	0.01	0	|	-28.0	7.31(-28)	0.01(-28)	|	5	
532	28	ok	|	1.00	0.91	0.91	8.64	0.00	0	|	rapi	0.00	0.00	0	|	-28.0	8.64(-28)	0.00(-28)	|	5	
532	29	ok	|	1.00	0.90	0.90	10.06	0.00	0	|	rapi	0.00	0.00	0	|	-28.0	10.06(-28)	0.00(-28)	|	5	
532	30	ok	|	1.00	0.88	0.88	11.97	0.00	0	|	rapi	0.00	0.00	0	|	-28.0	11.97(-28)	0.00(-28)	|	5	
532	31	ok	|	1.00	0.86	0.86	13.80	0.00	0	|	rapi	0.00	0.00	0	|	-28.0	13.80(-28)	0.00(-28)	|	5	
532	32	ok	|	1.00	0.84	0.84	16.14	0.00	0	|	rapi	0.00	0.00	0	|	-28.0	16.14(-28)	0.00(-28)	|	5	
532	33	ok	|	1.00	0.81	0.81	18.96	0.00	0	|	rapi	0.00	0.00	0	|	-28.0	18.96(-28)	0.00(-28)	|	5	
532	34	ok	|	1.00	0.78	0.78	22.21	0.00	0	|	rapi	0.00	0.00	0	|	-28.0	22.21(-28)	0.00(-28)	|	5	
532	35	ok	|	1.00	0.74	0.74	26.19	0.00	0	|	rapi	0.00	0.00	0	|	-28.0	26.19(-28)	0.00(-28)	|	5	
532	36	ok	|	1.00	0.69	0.69	30.75	0.00	0	|	rapi	0.00	0.00	0	|	-28.0	30.75(-28)	0.00(-28)	|	5	
532	37	ok	|	1.00	0.64	0.64	36.01	0.00	0	|	rapi	0.01	0.01	0	|	-28.0	36.01(-28)	0.01(-28)	|	5	
532	38	ok	|	1.00	0.58	0.58	42.17	0.00	0	|	rapi	0.01	0.01	0	|	-28.0	42.17(-28)	0.01(-28)	|	5	
532	39	ok	|	1.00	0.51	0.51	49.11	0.00	0	|	rapi	0.01	0.01	0	|	-28.0	49.11(-28)	0.01(-28)	|	5	
532	40	ok	|	1.00	0.43	0.43	56.80	0.00	0	|	rapi	0.01	0.01	0	|	-28.0	56.80(-28)	0.01(-28)	|	5	
532	41	ok	|	1.00	0.34	0.34	66.05	0.00	0	|	rapi	0.01	0.01	0	|	-28.0	66.05(-28)	0.01(-28)	|	5	
532	42	ok	|	1.00	0.24	0.24	76.05	0.00	0	|	rapi	0.01	0.01	0	|	-28.0	76.05(-28)	0.01(-28)	|	5	
532	43	ok	|	1.00	0.15	0.15	85.45	0.00	0	|	rapi	0.01	0.01	0	|	-28.0	85.45(-28)	0.01(-28)	|	5	
532	44	fail-w	|	1.00	0.08	0.08	94.02	0.00	0	|	rapi	0.01	0.01	0	|	-28.0	94.02(-28)	0.01(-28)	|	5	
