5362	0	ok	|	0.09	1.00	1.00	0.10	0.00	0	|	rapi	0.00	0.00	0	|	-11.0	0.10(-11)		|	1	
5362	1	ok	|	0.08	1.00	1.00	0.09	0.00	0	|	rapi	0.00	0.00	0	|	-11.0	0.09(-11)		|	1	
5362	2	ok	|	0.09	1.00	1.00	0.11	0.00	0	|	rapi	0.00	0.00	0	|	-11.0	0.11(-11)		|	1	
5362	3	ok	|	0.10	1.00	1.00	0.14	0.00	0	|	rapi	0.00	0.00	0	|	-11.0	0.14(-11)		|	1	
5362	4	ok	|	0.11	1.00	1.00	0.16	0.00	0	|	rapi	0.00	0.00	0	|	-11.0	0.16(-11)		|	1	
5362	5	ok	|	0.13	1.00	1.00	0.20	0.00	0	|	rapi	0.00	0.00	0	|	-11.0	0.20(-11)		|	1	
5362	6	ok	|	0.17	1.00	1.00	0.27	0.00	0	|	rapi	0.00	0.00	0	|	-11.0	0.27(-11)		|	1	
5362	7	ok	|	0.22	1.00	1.00	0.34	0.00	0	|	rapi	0.00	0.00	0	|	-11.0	0.34(-11)		|	1	
5362	8	ok	|	0.25	1.00	1.00	0.40	0.00	0	|	rapi	0.00	0.00	0	|	-11.0	0.40(-11)		|	1	
5362	9	ok	|	0.31	0.99	0.99	0.52	0.00	0	|	rapi	0.00	0.00	0	|	-11.0	0.52(-11)		|	1	
5362	10	ok	|	0.36	0.99	0.99	0.60	0.00	0	|	rapi	0.00	0.00	0	|	-11.0	0.60(-11)		|	1	
5362	11	ok	|	0.42	0.99	0.99	0.75	0.00	0	|	rapi	0.00	0.00	0	|	-11.0	0.75(-11)		|	1	
5362	12	ok	|	0.47	0.99	0.99	0.89	0.00	0	|	rapi	0.00	0.00	0	|	-11.0	0.89(-11)		|	1	
5362	13	ok	|	0.52	0.99	0.99	1.01	0.00	0	|	rapi	0.00	0.00	0	|	-11.0	1.01(-11)		|	1	
5362	14	ok	|	0.59	0.99	0.99	1.20	0.00	0	|	rapi	0.00	0.00	0	|	-11.0	1.20(-11)		|	1	
5362	15	ok	|	0.67	0.99	0.99	1.43	0.00	0	|	rapi	0.00	0.00	0	|	-11.0	1.43(-11)		|	1	
5362	16	ok	|	0.72	0.98	0.98	1.69	0.00	0	|	rapi	0.00	0.00	0	|	-11.0	1.69(-11)		|	1	
5362	17	ok	|	0.78	0.98	0.98	2.02	0.00	0	|	rapi	0.00	0.00	0	|	-11.0	2.02(-11)		|	1	
5362	18	ok	|	0.81	0.98	0.98	2.35	0.00	0	|	rapi	0.00	0.00	0	|	-11.0	2.35(-11)		|	1	
5362	19	ok	|	0.89	0.97	0.97	2.90	0.00	0	|	rapi	0.00	0.00	0	|	-11.0	2.90(-11)		|	1	
5362	20	ok	|	0.93	0.97	0.97	3.46	0.00	0	|	rapi	0.00	0.00	0	|	-11.0	3.46(-11)		|	1	
5362	21	ok	|	0.95	0.96	0.96	4.07	0.00	0	|	rapi	0.00	0.00	0	|	-11.0	4.07(-11)	0.00(-11)	|	1	
5362	22	ok	|	0.98	0.95	0.95	4.83	0.00	0	|	rapi	0.00	0.00	0	|	-11.0	4.83(-11)		|	1	
5362	23	ok	|	0.99	0.94	0.94	5.53	0.00	0	|	rapi	0.00	0.00	0	|	-11.0	5.53(-11)		|	1	
5362	24	ok	|	0.99	0.94	0.94	6.44	0.00	0	|	rapi	0.00	0.00	0	|	-11.0	6.44(-11)	0.00(-11)	|	1	
5362	25	ok	|	1.00	0.93	0.93	7.45	0.00	0	|	rapi	0.00	0.00	0	|	-11.0	7.45(-11)	0.00(-11)	|	1	
5362	26	ok	|	1.00	0.91	0.91	8.77	0.00	0	|	rapi	0.00	0.00	0	|	-11.0	8.77(-11)	0.00(-11)	|	1	
5362	27	ok	|	1.00	0.90	0.90	10.29	0.00	0	|	rapi	0.01	0.01	0	|	-11.0	10.29(-11)	0.01(-11)	|	1	
5362	28	ok	|	1.00	0.88	0.88	12.17	0.00	0	|	rapi	0.01	0.01	0	|	-11.0	12.17(-11)	0.01(-11)	|	1	
5362	29	ok	|	1.00	0.86	0.86	14.28	0.00	0	|	rapi	0.00	0.00	0	|	-11.0	14.28(-11)	0.00(-11)	|	1	
5362	30	ok	|	1.00	0.83	0.83	16.88	0.00	0	|	rapi	0.00	0.00	0	|	-11.0	16.88(-11)	0.00(-11)	|	1	
5362	31	ok	|	1.00	0.80	0.80	20.16	0.00	0	|	rapi	0.00	0.00	0	|	-11.0	20.16(-11)	0.00(-11)	|	1	
5362	32	ok	|	1.00	0.77	0.77	23.45	0.00	0	|	rapi	0.00	0.00	0	|	-11.0	23.45(-11)	0.00(-11)	|	1	
5362	33	ok	|	1.00	0.73	0.73	27.26	0.00	0	|	rapi	0.00	0.00	0	|	-11.0	27.26(-11)	0.00(-11)	|	1	
5362	34	ok	|	1.00	0.68	0.68	31.72	0.00	0	|	rapi	0.00	0.00	0	|	-11.0	31.72(-11)	0.00(-11)	|	1	
5362	35	ok	|	1.00	0.63	0.63	37.21	0.00	0	|	rapi	0.00	0.00	0	|	-11.0	37.21(-11)	0.00(-11)	|	1	
5362	36	ok	|	1.00	0.57	0.57	43.50	0.00	0	|	rapi	0.00	0.00	0	|	-11.0	43.50(-11)	0.00(-11)	|	1	
5362	37	ok	|	1.00	0.49	0.49	50.70	0.00	0	|	rapi	0.01	0.01	0	|	-11.0	50.70(-11)	0.01(-11)	|	1	
5362	38	ok	|	1.00	0.41	0.41	59.45	0.00	0	|	rapi	0.01	0.01	0	|	-11.0	59.45(-11)	0.01(-11)	|	1	
5362	39	ok	|	1.00	0.31	0.31	68.59	0.00	0	|	rapi	0.01	0.01	0	|	-11.0	68.59(-11)	0.01(-11)	|	1	
5362	40	ok	|	1.00	0.22	0.22	78.24	0.00	0	|	rapi	0.01	0.01	0	|	-11.0	78.24(-11)	0.01(-11)	|	1	
5362	41	ok	|	1.00	0.14	0.14	86.81	0.00	0	|	rapi	0.01	0.01	0	|	-11.0	86.81(-11)	0.01(-11)	|	1	
5362	42	fail-w	|	1.00	0.07	0.07	94.59	0.00	0	|	rapi	0.01	0.01	0	|	-11.0	94.59(-11)	0.01(-11)	|	1	
