5370	0	ok	|	0.10	1.00	1.00	0.10	0.00	0	|	rapi	0.00	0.00	0	|	-14.0	0.10(-14)		|	1	
5370	1	ok	|	0.11	1.00	1.00	0.14	0.00	0	|	rapi	0.00	0.00	0	|	-14.0	0.14(-14)		|	1	
5370	2	ok	|	0.14	1.00	1.00	0.17	0.00	0	|	rapi	0.00	0.00	0	|	-14.0	0.17(-14)		|	1	
5370	3	ok	|	0.15	1.00	1.00	0.19	0.00	0	|	rapi	0.00	0.00	0	|	-14.0	0.19(-14)		|	1	
5370	4	ok	|	0.15	1.00	1.00	0.19	0.00	0	|	rapi	0.00	0.00	0	|	-14.0	0.19(-14)		|	1	
5370	5	ok	|	0.18	1.00	1.00	0.24	0.00	0	|	rapi	0.00	0.00	0	|	-14.0	0.24(-14)		|	1	
5370	6	ok	|	0.19	1.00	1.00	0.25	0.00	0	|	rapi	0.00	0.00	0	|	-14.0	0.25(-14)		|	1	
5370	7	ok	|	0.21	1.00	1.00	0.29	0.00	0	|	rapi	0.00	0.00	0	|	-14.0	0.29(-14)		|	1	
5370	8	ok	|	0.25	1.00	1.00	0.37	0.00	0	|	rapi	0.00	0.00	0	|	-14.0	0.37(-14)		|	1	
5370	9	ok	|	0.30	1.00	1.00	0.45	0.00	0	|	rapi	0.00	0.00	0	|	-14.0	0.45(-14)		|	1	
5370	10	ok	|	0.33	0.99	0.99	0.55	0.00	0	|	rapi	0.00	0.00	0	|	-14.0	0.55(-14)		|	1	
5370	11	ok	|	0.40	0.99	0.99	0.67	0.00	0	|	rapi	0.00	0.00	0	|	-14.0	0.67(-14)		|	1	
5370	12	ok	|	0.44	0.99	0.99	0.78	0.00	0	|	rapi	0.00	0.00	0	|	-14.0	0.78(-14)		|	1	
5370	13	ok	|	0.49	0.99	0.99	0.92	0.00	0	|	rapi	0.00	0.00	0	|	-14.0	0.92(-14)		|	1	
5370	14	ok	|	0.57	0.99	0.99	1.12	0.00	0	|	rapi	0.00	0.00	0	|	-14.0	1.12(-14)		|	1	
5370	15	ok	|	0.63	0.99	0.99	1.34	0.00	0	|	rapi	0.00	0.00	0	|	-14.0	1.34(-14)		|	1	
5370	16	ok	|	0.70	0.98	0.98	1.57	0.00	0	|	rapi	0.00	0.00	0	|	-14.0	1.57(-14)		|	1	
5370	17	ok	|	0.77	0.98	0.98	1.88	0.00	0	|	rapi	0.00	0.00	0	|	-14.0	1.88(-14)		|	1	
5370	18	ok	|	0.85	0.98	0.98	2.26	0.00	0	|	rapi	0.00	0.00	0	|	-14.0	2.26(-14)		|	1	
5370	19	ok	|	0.89	0.97	0.97	2.74	0.00	0	|	rapi	0.00	0.00	0	|	-14.0	2.74(-14)		|	1	
5370	20	ok	|	0.93	0.97	0.97	3.21	0.00	0	|	rapi	0.00	0.00	0	|	-14.0	3.21(-14)		|	1	
5370	21	ok	|	0.95	0.96	0.96	3.79	0.00	0	|	rapi	0.00	0.00	0	|	-14.0	3.79(-14)		|	1	
5370	22	ok	|	0.96	0.96	0.96	4.42	0.00	0	|	rapi	0.00	0.00	0	|	-14.0	4.42(-14)		|	1	
5370	23	ok	|	0.98	0.95	0.95	5.19	0.00	0	|	rapi	0.00	0.00	0	|	-14.0	5.19(-14)		|	1	
5370	24	ok	|	0.99	0.94	0.94	6.09	0.00	0	|	rapi	0.00	0.00	0	|	-14.0	6.09(-14)		|	1	
5370	25	ok	|	0.99	0.93	0.93	7.23	0.00	0	|	rapi	0.00	0.00	0	|	-14.0	7.23(-14)		|	1	
5370	26	ok	|	1.00	0.92	0.92	8.47	0.00	0	|	rapi	0.00	0.00	0	|	-14.0	8.47(-14)	0.00(-14)	|	1	
5370	27	ok	|	1.00	0.90	0.90	9.88	0.00	0	|	rapi	0.00	0.00	0	|	-14.0	9.88(-14)	0.00(-14)	|	1	
5370	28	ok	|	1.00	0.88	0.88	11.82	0.00	0	|	rapi	0.00	0.00	0	|	-14.0	11.82(-14)	0.00(-14)	|	1	
5370	29	ok	|	1.00	0.86	0.86	13.99	0.00	0	|	rapi	0.00	0.00	0	|	-14.0	13.99(-14)	0.00(-14)	|	1	
5370	30	ok	|	1.00	0.84	0.84	16.38	0.00	0	|	rapi	0.00	0.00	0	|	-14.0	16.38(-14)	0.00(-14)	|	1	
5370	31	ok	|	1.00	0.81	0.81	19.05	0.00	0	|	rapi	0.00	0.00	0	|	-14.0	19.05(-14)	0.00(-14)	|	1	
5370	32	ok	|	1.00	0.78	0.78	22.05	0.00	0	|	rapi	0.00	0.00	0	|	-14.0	22.05(-14)	0.00(-14)	|	1	
5370	33	ok	|	1.00	0.74	0.74	25.73	0.00	0	|	rapi	0.01	0.01	0	|	-14.0	25.73(-14)	0.01(-14)	|	1	
5370	34	ok	|	1.00	0.69	0.69	30.52	0.00	0	|	rapi	0.01	0.01	0	|	-14.0	30.52(-14)	0.01(-14)	|	1	
5370	35	ok	|	1.00	0.64	0.64	35.82	0.00	0	|	rapi	0.01	0.01	0	|	-14.0	35.82(-14)	0.01(-14)	|	1	
5370	36	ok	|	1.00	0.58	0.58	41.89	0.00	0	|	rapi	0.01	0.01	0	|	-14.0	41.89(-14)	0.01(-14)	|	1	
5370	37	ok	|	1.00	0.51	0.51	49.05	0.00	0	|	rapi	0.01	0.01	0	|	-14.0	49.05(-14)	0.01(-14)	|	1	
5370	38	ok	|	1.00	0.43	0.43	56.68	0.00	0	|	rapi	0.02	0.02	0	|	-14.0	56.68(-14)	0.02(-14)	|	1	
5370	39	ok	|	1.00	0.34	0.34	65.68	0.00	0	|	rapi	0.03	0.03	0	|	-14.0	65.68(-14)	0.03(-14)	|	1	
5370	40	ok	|	1.00	0.24	0.24	75.80	0.00	0	|	rapi	0.03	0.03	0	|	-14.0	75.80(-14)	0.03(-14)	|	1	
5370	41	ok	|	1.00	0.16	0.16	84.75	0.00	0	|	rapi	0.05	0.05	0	|	-14.0	84.75(-14)	0.05(-14)	|	1	
5370	42	fail-w	|	1.00	0.10	0.10	91.91	0.00	0	|	rapi	0.10	0.10	0	|	-14.0	91.91(-14)	0.10(-14)	|	1	
