5380	0	ok	|	0.10	1.00	1.00	0.10	0.00	0	|	rapi	0.00	0.00	0	|	-37.0	0.10(-37)		|	1	
5380	1	ok	|	0.09	1.00	1.00	0.11	0.00	0	|	rapi	0.00	0.00	0	|	-37.0	0.11(-37)		|	1	
5380	2	ok	|	0.10	1.00	1.00	0.12	0.00	0	|	rapi	0.00	0.00	0	|	-37.0	0.12(-37)		|	1	
5380	3	ok	|	0.13	1.00	1.00	0.16	0.00	0	|	rapi	0.00	0.00	0	|	-37.0	0.16(-37)		|	1	
5380	4	ok	|	0.16	1.00	1.00	0.20	0.00	0	|	rapi	0.00	0.00	0	|	-37.0	0.20(-37)		|	1	
5380	5	ok	|	0.17	1.00	1.00	0.21	0.00	0	|	rapi	0.00	0.00	0	|	-37.0	0.21(-37)		|	1	
5380	6	ok	|	0.20	1.00	1.00	0.26	0.00	0	|	rapi	0.00	0.00	0	|	-37.0	0.26(-37)		|	1	
5380	7	ok	|	0.21	1.00	1.00	0.31	0.00	0	|	rapi	0.00	0.00	0	|	-37.0	0.31(-37)		|	1	
5380	8	ok	|	0.25	1.00	1.00	0.39	0.00	0	|	rapi	0.00	0.00	0	|	-37.0	0.39(-37)		|	1	
5380	9	ok	|	0.29	1.00	1.00	0.46	0.00	0	|	rapi	0.00	0.00	0	|	-37.0	0.46(-37)		|	1	
5380	10	ok	|	0.33	0.99	0.99	0.51	0.00	0	|	rapi	0.00	0.00	0	|	-37.0	0.51(-37)		|	1	
5380	11	ok	|	0.35	0.99	0.99	0.58	0.00	0	|	rapi	0.00	0.00	0	|	-37.0	0.58(-37)		|	1	
5380	12	ok	|	0.38	0.99	0.99	0.64	0.00	0	|	rapi	0.00	0.00	0	|	-37.0	0.64(-37)		|	1	
5380	13	ok	|	0.44	0.99	0.99	0.77	0.00	0	|	rapi	0.00	0.00	0	|	-37.0	0.77(-37)		|	1	
5380	14	ok	|	0.49	0.99	0.99	0.92	0.00	0	|	rapi	0.00	0.00	0	|	-37.0	0.92(-37)		|	1	
5380	15	ok	|	0.57	0.99	0.99	1.07	0.00	0	|	rapi	0.00	0.00	0	|	-37.0	1.07(-37)		|	1	
5380	16	ok	|	0.62	0.99	0.99	1.25	0.00	0	|	rapi	0.00	0.00	0	|	-37.0	1.25(-37)		|	1	
5380	17	ok	|	0.70	0.98	0.98	1.54	0.00	0	|	rapi	0.00	0.00	0	|	-37.0	1.54(-37)		|	1	
5380	18	ok	|	0.74	0.98	0.98	1.79	0.00	0	|	rapi	0.00	0.00	0	|	-37.0	1.79(-37)		|	1	
5380	19	ok	|	0.80	0.98	0.98	2.10	0.00	0	|	rapi	0.00	0.00	0	|	-37.0	2.10(-37)		|	1	
5380	20	ok	|	0.86	0.98	0.98	2.46	0.00	0	|	rapi	0.00	0.00	0	|	-37.0	2.46(-37)		|	1	
5380	21	ok	|	0.89	0.97	0.97	2.78	0.00	0	|	rapi	0.00	0.00	0	|	-37.0	2.78(-37)		|	1	
5380	22	ok	|	0.92	0.97	0.97	3.31	0.00	0	|	rapi	0.00	0.00	0	|	-37.0	3.31(-37)		|	1	
5380	23	ok	|	0.94	0.96	0.96	3.93	0.00	0	|	rapi	0.00	0.00	0	|	-37.0	3.93(-37)		|	1	
5380	24	ok	|	0.97	0.95	0.95	4.70	0.00	0	|	rapi	0.00	0.00	0	|	-37.0	4.70(-37)		|	1	
5380	25	ok	|	0.98	0.95	0.95	5.40	0.00	0	|	rapi	0.00	0.00	0	|	-37.0	5.40(-37)		|	1	
5380	26	ok	|	0.99	0.94	0.94	6.27	0.00	0	|	rapi	0.00	0.00	0	|	-37.0	6.27(-37)		|	1	
5380	27	ok	|	0.99	0.93	0.93	7.49	0.00	0	|	rapi	0.00	0.00	0	|	-37.0	7.49(-37)		|	1	
5380	28	ok	|	1.00	0.91	0.91	8.78	0.00	0	|	rapi	0.00	0.00	0	|	-37.0	8.78(-37)		|	1	
5380	29	ok	|	1.00	0.90	0.90	10.14	0.00	0	|	rapi	0.00	0.00	0	|	-37.0	10.14(-37)		|	1	
5380	30	ok	|	1.00	0.88	0.88	11.83	0.00	0	|	rapi	0.00	0.00	0	|	-37.0	11.83(-37)		|	1	
5380	31	ok	|	1.00	0.86	0.86	13.84	0.00	0	|	rapi	0.00	0.00	0	|	-37.0	13.84(-37)		|	1	
5380	32	ok	|	1.00	0.84	0.84	16.37	0.00	0	|	rapi	0.00	0.00	0	|	-37.0	16.37(-37)		|	1	
5380	33	ok	|	1.00	0.81	0.81	19.44	0.00	0	|	rapi	0.00	0.00	0	|	-37.0	19.44(-37)	0.00(-37)	|	1	
5380	34	ok	|	1.00	0.77	0.77	22.80	0.00	0	|	rapi	0.00	0.00	0	|	-37.0	22.80(-37)	0.00(-37)	|	1	
5380	35	ok	|	1.00	0.73	0.73	26.70	0.00	0	|	rapi	0.00	0.00	0	|	-37.0	26.70(-37)	0.00(-37)	|	1	
5380	36	ok	|	1.00	0.68	0.68	31.74	0.00	0	|	rapi	0.00	0.00	0	|	-37.0	31.74(-37)	0.00(-37)	|	1	
5380	37	ok	|	1.00	0.63	0.63	37.17	0.00	0	|	rapi	0.00	0.00	0	|	-37.0	37.17(-37)	0.00(-37)	|	1	
5380	38	ok	|	1.00	0.56	0.56	43.59	0.00	0	|	rapi	0.00	0.00	0	|	-37.0	43.59(-37)	0.00(-37)	|	1	
5380	39	ok	|	1.00	0.50	0.50	50.49	0.00	0	|	rapi	0.00	0.00	0	|	-37.0	50.49(-37)	0.00(-37)	|	1	
5380	40	ok	|	1.00	0.41	0.41	58.86	0.00	0	|	rapi	0.00	0.00	0	|	-37.0	58.86(-37)	0.00(-37)	|	1	
5380	41	ok	|	1.00	0.32	0.32	67.58	0.00	0	|	rapi	0.00	0.00	0	|	-37.0	67.58(-37)	0.00(-37)	|	1	
5380	42	ok	|	1.00	0.22	0.22	78.17	0.00	0	|	rapi	0.00	0.00	0	|	-37.0	78.17(-37)	0.00(-37)	|	1	
5380	43	ok	|	1.00	0.13	0.13	87.67	0.00	0	|	rapi	0.00	0.00	0	|	-37.0	87.67(-37)	0.00(-37)	|	1	
5380	44	fail-w	|	1.00	0.06	0.06	96.27	0.00	0	|	rapi	0.01	0.01	0	|	-37.0	96.27(-37)	0.01(-37)	|	1	
