5392	0	ok	|	0.09	1.00	1.00	0.10	0.00	0	|	rapi	0.08	0.08	0	|	-22.0	0.10(-22)	0.08(-22)	|	8318	
5392	1	ok	|	0.08	1.00	1.00	0.08	0.00	0	|	rapi	0.06	0.07	0	|	-22.0	0.08(-22)	0.07(-22)	|	8318	
5392	2	ok	|	0.08	1.00	1.00	0.08	0.00	0	|	rapi	0.06	0.06	0	|	-22.0	0.08(-22)	0.06(-22)	|	8318	
5392	3	ok	|	0.06	1.00	1.00	0.07	0.00	0	|	rapi	0.05	0.05	0	|	-22.0	0.07(-22)	0.05(-22)	|	8318	
5392	4	ok	|	0.07	1.00	1.00	0.07	0.00	0	|	rapi	0.06	0.06	0	|	-22.0	0.07(-22)	0.06(-22)	|	8318	
5392	5	ok	|	0.06	1.00	1.00	0.06	0.00	0	|	rapi	0.06	0.06	0	|	-22.0	0.06(-22)	0.06(-22)	|	8318	
5392	6	ok	|	0.06	1.00	1.00	0.06	0.00	0	|	rapi	0.06	0.06	0	|	-22.0	0.06(-22)	0.06(-22)	|	8318	
5392	7	ok	|	0.06	1.00	1.00	0.06	0.00	0	|	rapi	0.06	0.06	0	|	-22.0	0.06(-22)	0.06(-22)	|	8318	
5392	8	ok	|	0.06	1.00	1.00	0.06	0.00	0	|	rapi	0.06	0.06	0	|	-22.0	0.06(-22)	0.06(-22)	|	8318	
5392	9	ok	|	0.06	1.00	1.00	0.06	0.00	0	|	rapi	0.05	0.05	0	|	-22.0	0.06(-22)	0.05(-22)	|	8318	
5392	10	ok	|	0.05	1.00	1.00	0.05	0.00	0	|	rapi	0.05	0.05	0	|	-22.0	0.05(-22)	0.05(-22)	|	8318	
5392	11	ok	|	0.05	1.00	1.00	0.05	0.00	0	|	rapi	0.04	0.04	0	|	-22.0	0.05(-22)	0.04(-22)	|	8318	
5392	12	ok	|	0.04	1.00	1.00	0.04	0.00	0	|	rapi	0.04	0.04	0	|	-22.0	0.04(-22)	0.04(-22)	|	8318	
5392	13	ok	|	0.04	1.00	1.00	0.05	0.00	0	|	rapi	0.04	0.04	0	|	-22.0	0.05(-22)	0.04(-22)	|	8318	
5392	14	ok	|	0.05	1.00	1.00	0.05	0.00	0	|	rapi	0.04	0.05	0	|	-22.0	0.05(-22)	0.05(-22)	|	8318	
5392	15	ok	|	0.03	1.00	1.00	0.03	0.00	0	|	rapi	0.03	0.03	0	|	-22.0	0.03(-22)	0.03(-22)	|	8318	
5392	16	ok	|	0.04	1.00	1.00	0.04	0.00	0	|	rapi	0.03	0.03	0	|	-22.0	0.04(-22)	0.03(-22)	|	8318	
5392	17	ok	|	0.04	1.00	1.00	0.04	0.00	0	|	rapi	0.03	0.03	0	|	-22.0	0.04(-22)	0.03(-22)	|	8318	
5392	18	ok	|	0.03	1.00	1.00	0.03	0.00	0	|	rapi	0.02	0.02	0	|	-22.0	0.03(-22)	0.02(-22)	|	8318	
5392	19	ok	|	0.03	1.00	1.00	0.03	0.00	0	|	rapi	0.03	0.03	0	|	-22.0	0.03(-22)	0.03(-22)	|	8318	
5392	20	ok	|	0.03	1.00	1.00	0.03	0.00	0	|	rapi	0.02	0.02	0	|	-22.0	0.03(-22)	0.02(-22)	|	8318	
5392	21	ok	|	0.04	1.00	1.00	0.04	0.00	0	|	rapi	0.03	0.03	0	|	-22.0	0.04(-22)	0.03(-22)	|	8318	
5392	22	ok	|	0.04	1.00	1.00	0.04	0.00	0	|	rapi	0.03	0.03	0	|	-22.0	0.04(-22)	0.03(-22)	|	8318	
5392	23	ok	|	0.04	1.00	1.00	0.05	0.00	0	|	rapi	0.04	0.04	0	|	-22.0	0.05(-22)	0.04(-22)	|	8318	
5392	24	ok	|	0.05	1.00	1.00	0.05	0.00	0	|	rapi	0.04	0.04	0	|	-22.0	0.05(-22)	0.04(-22)	|	8318	
5392	25	ok	|	0.06	1.00	1.00	0.06	0.00	0	|	rapi	0.05	0.05	0	|	-22.0	0.06(-22)	0.05(-22)	|	8318	
5392	26	ok	|	0.07	1.00	1.00	0.07	0.00	0	|	rapi	0.06	0.06	0	|	-22.0	0.07(-22)	0.06(-22)	|	8318	
5392	27	ok	|	0.07	1.00	1.00	0.07	0.00	0	|	rapi	0.06	0.06	0	|	-22.0	0.07(-22)	0.06(-22)	|	8318	
5392	28	ok	|	0.07	1.00	1.00	0.07	0.00	0	|	rapi	0.06	0.06	0	|	-22.0	0.07(-22)	0.06(-22)	|	8318	
5392	29	ok	|	0.07	1.00	1.00	0.07	0.00	0	|	rapi	0.06	0.06	0	|	-22.0	0.07(-22)	0.06(-22)	|	8318	
5392	30	ok	|	0.07	1.00	1.00	0.07	0.00	0	|	rapi	0.06	0.06	0	|	-22.0	0.07(-22)	0.06(-22)	|	8318	
5392	31	ok	|	0.07	1.00	1.00	0.07	0.00	0	|	rapi	0.06	0.06	0	|	-22.0	0.07(-22)	0.06(-22)	|	8318	
5392	32	ok	|	0.08	1.00	1.00	0.09	0.00	0	|	rapi	0.07	0.08	0	|	-22.0	0.09(-22)	0.08(-22)	|	8318	
5392	33	ok	|	0.08	1.00	1.00	0.09	0.00	0	|	rapi	0.07	0.07	0	|	-22.0	0.09(-22)	0.07(-22)	|	8318	
5392	34	ok	|	0.10	1.00	1.00	0.10	0.00	0	|	rapi	0.08	0.08	0	|	-22.0	0.10(-22)	0.08(-22)	|	8318	
5392	35	ok	|	0.09	1.00	1.00	0.10	0.00	0	|	rapi	0.08	0.08	0	|	-22.0	0.10(-22)	0.08(-22)	|	8318	
5392	36	ok	|	0.10	1.00	1.00	0.10	0.00	0	|	rapi	0.08	0.09	0	|	-22.0	0.10(-22)	0.09(-22)	|	8318	
5392	37	ok	|	0.10	1.00	1.00	0.10	0.00	0	|	rapi	0.09	0.09	0	|	-22.0	0.10(-22)	0.09(-22)	|	8318	
5392	38	ok	|	0.11	1.00	1.00	0.12	0.01	0	|	rapi	0.10	0.10	0	|	-22.0	0.12(-22)	0.10(-22)	|	8318	
5392	39	ok	|	0.10	1.00	1.00	0.10	0.00	0	|	rapi	0.09	0.09	0	|	-22.0	0.10(-22)	0.09(-22)	|	8318	
5392	40	ok	|	0.10	1.00	1.00	0.11	0.01	0	|	rapi	0.10	0.10	0	|	-22.0	0.11(-22)	0.10(-22)	|	8318	
5392	41	ok	|	0.10	1.00	1.00	0.11	0.01	0	|	rapi	0.10	0.10	0	|	-22.0	0.11(-22)	0.10(-22)	|	8318	
5392	42	ok	|	0.09	1.00	1.00	0.09	0.00	0	|	rapi	0.09	0.09	0	|	-22.0	0.09(-22)	0.09(-22)	|	8318	
5392	43	ok	|	0.09	1.00	1.00	0.10	0.01	0	|	rapi	0.09	0.10	0	|	-22.0	0.10(-22)	0.10(-22)	|	8318	
5392	44	ok	|	0.09	1.00	1.00	0.09	0.01	0	|	rapi	0.09	0.09	0	|	-22.0	0.09(-22)	0.09(-22)	|	8318	
5392	45	ok	|	0.08	1.00	1.00	0.08	0.01	0	|	rapi	0.08	0.08	0	|	-22.0	0.08(-22)	0.08(-22)	|	8318	
5392	46	ok	|	0.08	1.00	1.00	0.08	0.01	0	|	rapi	0.08	0.08	0	|	-22.0	0.08(-22)	0.08(-22)	|	8318	
5392	47	ok	|	0.08	1.00	1.00	0.08	0.01	0	|	rapi	0.08	0.08	0	|	-22.0	0.08(-22)	0.08(-22)	|	8318	
5392	48	ok	|	0.07	1.00	1.00	0.08	0.01	0	|	rapi	0.07	0.08	0	|	-22.0	0.08(-22)	0.08(-22)	|	8318	
5392	49	ok	|	0.07	1.00	1.00	0.07	0.01	0	|	rapi	0.07	0.07	0	|	-22.0	0.07(-22)	0.07(-22)	|	8318	
5392	50	ok	|	0.06	1.00	1.00	0.06	0.01	0	|	rapi	0.06	0.06	0	|	-22.0	0.06(-22)	0.06(-22)	|	8318	
5392	51	ok	|	0.04	1.00	1.00	0.04	0.01	0	|	rapi	0.04	0.04	0	|	-22.0	0.04(-22)	0.04(-22)	|	8318	
5392	52	ok	|	0.06	1.00	1.00	0.06	0.01	0	|	rapi	0.06	0.06	0	|	-22.0	0.06(-22)	0.06(-22)	|	8318	
5392	53	ok	|	0.06	1.00	1.00	0.06	0.01	0	|	rapi	0.06	0.06	0	|	-22.0	0.06(-22)	0.06(-22)	|	8318	
5392	54	ok	|	0.06	1.00	1.00	0.06	0.01	0	|	rapi	0.06	0.06	0	|	-22.0	0.06(-22)	0.06(-22)	|	8318	
5392	55	ok	|	0.06	1.00	1.00	0.06	0.01	0	|	rapi	0.06	0.06	0	|	-22.0	0.06(-22)	0.06(-22)	|	8318	
5392	56	ok	|	0.07	1.00	1.00	0.07	0.01	0	|	rapi	0.07	0.07	0	|	-22.0	0.07(-22)	0.07(-22)	|	8318	
5392	57	ok	|	0.06	1.00	1.00	0.07	0.01	0	|	rapi	0.06	0.07	0	|	-22.0	0.07(-22)	0.07(-22)	|	8318	
5392	58	ok	|	0.07	1.00	1.00	0.08	0.01	0	|	rapi	0.07	0.08	0	|	-22.0	0.08(-22)	0.08(-22)	|	8318	
5392	59	ok	|	0.06	1.00	1.00	0.06	0.01	0	|	rapi	0.06	0.06	0	|	-22.0	0.06(-22)	0.06(-22)	|	8318	
5392	60	ok	|	0.04	1.00	1.00	0.04	0.01	0	|	rapi	0.04	0.04	0	|	-22.0	0.04(-22)	0.04(-22)	|	8318	
5392	61	ok	|	0.04	1.00	1.00	0.04	0.01	0	|	rapi	0.04	0.04	0	|	-22.0	0.04(-22)	0.04(-22)	|	8318	
5392	62	ok	|	0.05	1.00	1.00	0.05	0.01	0	|	rapi	0.05	0.05	0	|	-22.0	0.05(-22)	0.05(-22)	|	8318	
5392	63	ok	|	0.05	1.00	1.00	0.05	0.01	0	|	rapi	0.05	0.05	0	|	-22.0	0.05(-22)	0.05(-22)	|	8318	
5392	64	ok	|	0.04	1.00	1.00	0.04	0.01	0	|	rapi	0.04	0.04	0	|	-22.0	0.04(-22)	0.04(-22)	|	8318	
5392	65	ok	|	0.06	1.00	1.00	0.06	0.01	0	|	rapi	0.06	0.06	0	|	-22.0	0.06(-22)	0.06(-22)	|	8318	
5392	66	ok	|	0.05	1.00	1.00	0.05	0.01	0	|	rapi	0.05	0.05	0	|	-22.0	0.05(-22)	0.05(-22)	|	8318	
5392	67	ok	|	0.06	1.00	1.00	0.06	0.01	0	|	rapi	0.06	0.06	0	|	-22.0	0.06(-22)	0.06(-22)	|	8318	
5392	68	ok	|	0.07	1.00	1.00	0.07	0.01	0	|	rapi	0.07	0.07	0	|	-22.0	0.07(-22)	0.07(-22)	|	8318	
5392	69	ok	|	0.09	1.00	1.00	0.09	0.01	0	|	rapi	0.09	0.09	0	|	-22.0	0.09(-22)	0.09(-22)	|	8318	
5392	70	ok	|	0.08	1.00	1.00	0.09	0.01	0	|	rapi	0.08	0.09	0	|	-22.0	0.09(-22)	0.09(-22)	|	8318	
5392	71	ok	|	0.08	1.00	1.00	0.08	0.01	0	|	rapi	0.08	0.08	0	|	-22.0	0.08(-22)	0.08(-22)	|	8318	
5392	72	ok	|	0.09	1.00	1.00	0.09	0.01	0	|	rapi	0.09	0.09	0	|	-22.0	0.09(-22)	0.09(-22)	|	8318	
5392	73	ok	|	0.07	1.00	1.00	0.07	0.01	0	|	rapi	0.07	0.07	0	|	-22.0	0.07(-22)	0.07(-22)	|	8318	
5392	74	ok	|	0.08	1.00	1.00	0.08	0.01	0	|	rapi	0.08	0.08	0	|	-22.0	0.08(-22)	0.08(-22)	|	8318	
5392	75	ok	|	0.07	1.00	1.00	0.07	0.01	0	|	rapi	0.07	0.07	0	|	-22.0	0.07(-22)	0.07(-22)	|	8318	
5392	76	ok	|	0.08	1.00	1.00	0.08	0.01	0	|	rapi	0.08	0.08	0	|	-22.0	0.08(-22)	0.08(-22)	|	8318	
5392	77	ok	|	0.07	1.00	1.00	0.07	0.01	0	|	rapi	0.07	0.07	0	|	-22.0	0.07(-22)	0.07(-22)	|	8318	
5392	78	ok	|	0.07	1.00	1.00	0.07	0.01	0	|	rapi	0.07	0.07	0	|	-22.0	0.07(-22)	0.07(-22)	|	8318	
5392	79	ok	|	0.07	1.00	1.00	0.08	0.01	0	|	rapi	0.07	0.08	0	|	-22.0	0.08(-22)	0.08(-22)	|	8318	
5392	80	ok	|	0.07	1.00	1.00	0.07	0.01	0	|	rapi	0.07	0.07	0	|	-22.0	0.07(-22)	0.07(-22)	|	8318	
5392	81	ok	|	0.06	1.00	1.00	0.07	0.01	0	|	rapi	0.06	0.07	0	|	-22.0	0.07(-22)	0.07(-22)	|	8318	
5392	82	ok	|	0.07	1.00	1.00	0.07	0.01	0	|	rapi	0.07	0.07	0	|	-22.0	0.07(-22)	0.07(-22)	|	8318	
5392	83	ok	|	0.07	1.00	1.00	0.08	0.01	0	|	rapi	0.07	0.08	0	|	-22.0	0.08(-22)	0.08(-22)	|	8318	
5392	84	ok	|	0.08	1.00	1.00	0.08	0.01	0	|	rapi	0.08	0.08	0	|	-22.0	0.08(-22)	0.08(-22)	|	8318	
5392	85	ok	|	0.08	1.00	1.00	0.09	0.01	0	|	rapi	0.08	0.09	0	|	-22.0	0.09(-22)	0.09(-22)	|	8318	
5392	86	ok	|	0.08	1.00	1.00	0.08	0.01	0	|	rapi	0.08	0.08	0	|	-22.0	0.08(-22)	0.08(-22)	|	8318	
5392	87	ok	|	0.08	1.00	1.00	0.08	0.01	0	|	rapi	0.08	0.08	0	|	-22.0	0.08(-22)	0.08(-22)	|	8318	
5392	88	ok	|	0.08	1.00	1.00	0.08	0.01	0	|	rapi	0.08	0.08	0	|	-22.0	0.08(-22)	0.08(-22)	|	8318	
5392	89	ok	|	0.09	1.00	1.00	0.09	0.01	0	|	rapi	0.09	0.09	0	|	-22.0	0.09(-22)	0.09(-22)	|	8318	
5392	90	ok	|	0.09	1.00	1.00	0.09	0.02	0	|	rapi	0.09	0.09	0	|	-22.0	0.09(-22)	0.09(-22)	|	8318	
5392	91	ok	|	0.08	1.00	1.00	0.08	0.01	0	|	rapi	0.08	0.08	0	|	-22.0	0.08(-22)	0.08(-22)	|	8318	
5392	92	ok	|	0.07	1.00	1.00	0.07	0.01	0	|	rapi	0.07	0.07	0	|	-22.0	0.07(-22)	0.07(-22)	|	8318	
5392	93	ok	|	0.06	1.00	1.00	0.06	0.01	0	|	rapi	0.06	0.06	0	|	-22.0	0.06(-22)	0.06(-22)	|	8318	
5392	94	ok	|	0.06	1.00	1.00	0.06	0.01	0	|	rapi	0.06	0.06	0	|	-22.0	0.06(-22)	0.06(-22)	|	8318	
5392	95	ok	|	0.06	1.00	1.00	0.06	0.01	0	|	rapi	0.06	0.06	0	|	-22.0	0.06(-22)	0.06(-22)	|	8318	
5392	96	ok	|	0.07	1.00	1.00	0.07	0.01	0	|	rapi	0.07	0.07	0	|	-22.0	0.07(-22)	0.07(-22)	|	8318	
5392	97	ok	|	0.05	1.00	1.00	0.06	0.01	0	|	rapi	0.05	0.06	0	|	-22.0	0.06(-22)	0.06(-22)	|	8318	
5392	98	ok	|	0.07	1.00	1.00	0.07	0.01	0	|	rapi	0.07	0.07	0	|	-22.0	0.07(-22)	0.07(-22)	|	8318	
5392	99	ok	|	0.06	1.00	1.00	0.06	0.01	0	|	rapi	0.06	0.06	0	|	-22.0	0.06(-22)	0.06(-22)	|	8318	
5392	100	ok	|	0.05	1.00	1.00	0.05	0.01	0	|	rapi	0.05	0.05	0	|	-22.0	0.05(-22)	0.05(-22)	|	8318	
5392	101	ok	|	0.05	1.00	1.00	0.05	0.01	0	|	rapi	0.05	0.05	0	|	-22.0	0.05(-22)	0.05(-22)	|	8318	
5392	102	ok	|	0.05	1.00	1.00	0.05	0.01	0	|	rapi	0.05	0.05	0	|	-22.0	0.05(-22)	0.05(-22)	|	8318	
5392	103	ok	|	0.04	1.00	1.00	0.04	0.01	0	|	rapi	0.04	0.04	0	|	-22.0	0.04(-22)	0.04(-22)	|	8318	
5392	104	ok	|	0.05	1.00	1.00	0.05	0.01	0	|	rapi	0.05	0.05	0	|	-22.0	0.05(-22)	0.05(-22)	|	8318	
5392	105	ok	|	0.05	1.00	1.00	0.05	0.01	0	|	rapi	0.05	0.05	0	|	-22.0	0.05(-22)	0.05(-22)	|	8318	
5392	106	ok	|	0.05	1.00	1.00	0.05	0.01	0	|	rapi	0.05	0.05	0	|	-22.0	0.05(-22)	0.05(-22)	|	8318	
5392	107	ok	|	0.04	1.00	1.00	0.04	0.01	0	|	rapi	0.04	0.04	0	|	-22.0	0.04(-22)	0.04(-22)	|	8318	
5392	108	ok	|	0.05	1.00	1.00	0.05	0.01	0	|	rapi	0.05	0.05	0	|	-22.0	0.05(-22)	0.05(-22)	|	8318	
5392	109	ok	|	0.06	1.00	1.00	0.06	0.01	0	|	rapi	0.06	0.06	0	|	-22.0	0.06(-22)	0.06(-22)	|	8318	
5392	110	ok	|	0.06	1.00	1.00	0.06	0.01	0	|	rapi	0.06	0.06	0	|	-22.0	0.06(-22)	0.06(-22)	|	8318	
5392	111	ok	|	0.06	1.00	1.00	0.06	0.01	0	|	rapi	0.06	0.06	0	|	-22.0	0.06(-22)	0.06(-22)	|	8318	
5392	112	ok	|	0.05	1.00	1.00	0.05	0.01	0	|	rapi	0.05	0.05	0	|	-22.0	0.05(-22)	0.05(-22)	|	8318	
5392	113	ok	|	0.05	1.00	1.00	0.05	0.01	0	|	rapi	0.05	0.05	0	|	-22.0	0.05(-22)	0.05(-22)	|	8318	
5392	114	ok	|	0.05	1.00	1.00	0.05	0.01	0	|	rapi	0.05	0.05	0	|	-22.0	0.05(-22)	0.05(-22)	|	8318	
5392	115	ok	|	0.05	1.00	1.00	0.05	0.01	0	|	rapi	0.05	0.05	0	|	-22.0	0.05(-22)	0.05(-22)	|	8318	
5392	116	ok	|	0.04	1.00	1.00	0.05	0.01	0	|	rapi	0.04	0.05	0	|	-22.0	0.05(-22)	0.05(-22)	|	8318	
5392	117	ok	|	0.06	1.00	1.00	0.06	0.01	0	|	rapi	0.06	0.06	0	|	-22.0	0.06(-22)	0.06(-22)	|	8318	
5392	118	ok	|	0.07	1.00	1.00	0.07	0.02	0	|	rapi	0.07	0.07	0	|	-22.0	0.07(-22)	0.07(-22)	|	8318	
5392	119	ok	|	0.08	1.00	1.00	0.09	0.02	0	|	rapi	0.08	0.09	0	|	-22.0	0.09(-22)	0.09(-22)	|	8318	
5392	120	ok	|	0.09	1.00	1.00	0.09	0.02	0	|	rapi	0.09	0.09	0	|	-22.0	0.09(-22)	0.09(-22)	|	8318	
5392	121	ok	|	0.10	1.00	1.00	0.10	0.03	0	|	rapi	0.10	0.10	0	|	-22.0	0.10(-22)	0.10(-22)	|	8318	
5392	122	ok	|	0.10	1.00	1.00	0.10	0.03	0	|	rapi	0.10	0.10	0	|	-22.0	0.10(-22)	0.10(-22)	|	8318	
5392	123	ok	|	0.09	1.00	1.00	0.10	0.05	0	|	rapi	0.09	0.10	0	|	-22.0	0.10(-22)	0.10(-22)	|	8318	
5392	124	ok	|	0.09	1.00	1.00	0.09	0.05	0	|	rapi	0.09	0.09	0	|	-22.0	0.09(-22)	0.09(-22)	|	8318	
5392	125	ok	|	0.09	1.00	1.00	0.10	0.05	0	|	rapi	0.09	0.10	0	|	-22.0	0.10(-22)	0.10(-22)	|	8318	
5392	126	ok	|	0.10	1.00	1.00	0.10	0.05	0	|	rapi	0.10	0.10	0	|	-22.0	0.10(-22)	0.10(-22)	|	8318	
5392	127	ok	|	0.08	1.00	1.00	0.08	0.04	0	|	rapi	0.08	0.08	0	|	-22.0	0.08(-22)	0.08(-22)	|	8318	
5392	128	ok	|	0.08	1.00	1.00	0.08	0.04	0	|	rapi	0.08	0.08	0	|	-22.0	0.08(-22)	0.08(-22)	|	8318	
5392	129	ok	|	0.08	1.00	1.00	0.09	0.04	0	|	rapi	0.08	0.09	0	|	-22.0	0.09(-22)	0.09(-22)	|	8318	
5392	130	ok	|	0.09	1.00	1.00	0.09	0.04	0	|	rapi	0.09	0.09	0	|	-22.0	0.09(-22)	0.09(-22)	|	8318	
5392	131	ok	|	0.09	1.00	1.00	0.09	0.04	0	|	rapi	0.09	0.09	0	|	-22.0	0.09(-22)	0.09(-22)	|	8318	
5392	132	ok	|	0.10	1.00	1.00	0.10	0.05	0	|	rapi	0.10	0.10	0	|	-22.0	0.10(-22)	0.10(-22)	|	8318	
5392	133	ok	|	0.10	1.00	1.00	0.10	0.05	0	|	rapi	0.10	0.10	0	|	-22.0	0.10(-22)	0.10(-22)	|	8318	
5392	134	ok	|	0.12	1.00	1.00	0.12	0.06	0	|	rapi	0.12	0.12	0	|	-22.0	0.12(-22)	0.12(-22)	|	8318	
5392	135	ok	|	0.09	1.00	1.00	0.09	0.04	0	|	rapi	0.09	0.09	0	|	-22.0	0.09(-22)	0.09(-22)	|	8318	
5392	136	ok	|	0.09	1.00	1.00	0.09	0.04	0	|	rapi	0.09	0.09	0	|	-22.0	0.09(-22)	0.09(-22)	|	8318	
5392	137	ok	|	0.10	1.00	1.00	0.10	0.05	0	|	rapi	0.10	0.10	0	|	-22.0	0.10(-22)	0.10(-22)	|	8318	
5392	138	ok	|	0.10	1.00	1.00	0.10	0.05	0	|	rapi	0.10	0.10	0	|	-22.0	0.10(-22)	0.10(-22)	|	8318	
5392	139	ok	|	0.10	1.00	1.00	0.10	0.05	0	|	rapi	0.10	0.10	0	|	-22.0	0.10(-22)	0.10(-22)	|	8318	
5392	140	ok	|	0.10	1.00	1.00	0.10	0.05	0	|	rapi	0.10	0.10	0	|	-22.0	0.10(-22)	0.10(-22)	|	8318	
5392	141	ok	|	0.10	1.00	1.00	0.10	0.05	0	|	rapi	0.10	0.10	0	|	-22.0	0.10(-22)	0.10(-22)	|	8318	
5392	142	ok	|	0.08	1.00	1.00	0.09	0.04	0	|	rapi	0.08	0.09	0	|	-22.0	0.09(-22)	0.09(-22)	|	8318	
5392	143	ok	|	0.08	1.00	1.00	0.08	0.04	0	|	rapi	0.08	0.08	0	|	-22.0	0.08(-22)	0.08(-22)	|	8318	
5392	144	ok	|	0.09	1.00	1.00	0.09	0.04	0	|	rapi	0.09	0.09	0	|	-22.0	0.09(-22)	0.09(-22)	|	8318	
5392	145	ok	|	0.08	1.00	1.00	0.08	0.04	0	|	rapi	0.08	0.08	0	|	-22.0	0.08(-22)	0.08(-22)	|	8318	
5392	146	ok	|	0.07	1.00	1.00	0.07	0.04	0	|	rapi	0.07	0.07	0	|	-22.0	0.07(-22)	0.07(-22)	|	8318	
5392	147	ok	|	0.07	1.00	1.00	0.07	0.04	0	|	rapi	0.07	0.07	0	|	-22.0	0.07(-22)	0.07(-22)	|	8318	
5392	148	ok	|	0.08	1.00	1.00	0.08	0.04	0	|	rapi	0.08	0.08	0	|	-22.0	0.08(-22)	0.08(-22)	|	8318	
5392	149	ok	|	0.07	1.00	1.00	0.07	0.04	0	|	rapi	0.07	0.07	0	|	-22.0	0.07(-22)	0.07(-22)	|	8318	
5392	150	ok	|	0.07	1.00	1.00	0.07	0.03	0	|	rapi	0.07	0.07	0	|	-22.0	0.07(-22)	0.07(-22)	|	8318	
5392	151	ok	|	0.06	1.00	1.00	0.06	0.03	0	|	rapi	0.06	0.06	0	|	-22.0	0.06(-22)	0.06(-22)	|	8318	
5392	152	ok	|	0.06	1.00	1.00	0.06	0.03	0	|	rapi	0.06	0.06	0	|	-22.0	0.06(-22)	0.06(-22)	|	8318	
5392	153	ok	|	0.06	1.00	1.00	0.06	0.03	0	|	rapi	0.06	0.06	0	|	-22.0	0.06(-22)	0.06(-22)	|	8318	
5392	154	ok	|	0.05	1.00	1.00	0.05	0.03	0	|	rapi	0.05	0.05	0	|	-22.0	0.05(-22)	0.05(-22)	|	8318	
5392	155	ok	|	0.06	1.00	1.00	0.06	0.03	0	|	rapi	0.06	0.06	0	|	-22.0	0.06(-22)	0.06(-22)	|	8318	
5392	156	ok	|	0.05	1.00	1.00	0.05	0.02	0	|	rapi	0.05	0.05	0	|	-22.0	0.05(-22)	0.05(-22)	|	8318	
5392	157	ok	|	0.06	1.00	1.00	0.06	0.03	0	|	rapi	0.06	0.06	0	|	-22.0	0.06(-22)	0.06(-22)	|	8318	
5392	158	ok	|	0.06	1.00	1.00	0.06	0.03	0	|	rapi	0.06	0.06	0	|	-22.0	0.06(-22)	0.06(-22)	|	8318	
5392	159	ok	|	0.06	1.00	1.00	0.06	0.03	0	|	rapi	0.06	0.06	0	|	-22.0	0.06(-22)	0.06(-22)	|	8318	
5392	160	ok	|	0.07	1.00	1.00	0.07	0.04	0	|	rapi	0.07	0.07	0	|	-22.0	0.07(-22)	0.07(-22)	|	8318	
5392	161	ok	|	0.06	1.00	1.00	0.06	0.03	0	|	rapi	0.06	0.06	0	|	-22.0	0.06(-22)	0.06(-22)	|	8318	
5392	162	ok	|	0.07	1.00	1.00	0.07	0.04	0	|	rapi	0.07	0.07	0	|	-22.0	0.07(-22)	0.07(-22)	|	8318	
5392	163	ok	|	0.06	1.00	1.00	0.06	0.03	0	|	rapi	0.06	0.06	0	|	-22.0	0.06(-22)	0.06(-22)	|	8318	
5392	164	ok	|	0.07	1.00	1.00	0.07	0.04	0	|	rapi	0.07	0.07	0	|	-22.0	0.07(-22)	0.07(-22)	|	8318	
5392	165	ok	|	0.08	1.00	1.00	0.08	0.04	0	|	rapi	0.08	0.08	0	|	-22.0	0.08(-22)	0.08(-22)	|	8318	
5392	166	ok	|	0.06	1.00	1.00	0.06	0.03	0	|	rapi	0.06	0.06	0	|	-22.0	0.06(-22)	0.06(-22)	|	8318	
5392	167	ok	|	0.04	1.00	1.00	0.04	0.02	0	|	rapi	0.04	0.04	0	|	-22.0	0.04(-22)	0.04(-22)	|	8318	
5392	168	ok	|	0.04	1.00	1.00	0.04	0.02	0	|	rapi	0.04	0.04	0	|	-22.0	0.04(-22)	0.04(-22)	|	8318	
5392	169	ok	|	0.04	1.00	1.00	0.04	0.02	0	|	rapi	0.04	0.04	0	|	-22.0	0.04(-22)	0.04(-22)	|	8318	
5392	170	ok	|	0.04	1.00	1.00	0.04	0.02	0	|	rapi	0.04	0.04	0	|	-22.0	0.04(-22)	0.04(-22)	|	8318	
5392	171	ok	|	0.04	1.00	1.00	0.04	0.02	0	|	rapi	0.04	0.04	0	|	-22.0	0.04(-22)	0.04(-22)	|	8318	
5392	172	ok	|	0.04	1.00	1.00	0.04	0.02	0	|	rapi	0.04	0.04	0	|	-22.0	0.04(-22)	0.04(-22)	|	8318	
5392	173	ok	|	0.04	1.00	1.00	0.04	0.02	0	|	rapi	0.04	0.04	0	|	-22.0	0.04(-22)	0.04(-22)	|	8318	
5392	174	ok	|	0.04	1.00	1.00	0.04	0.02	0	|	rapi	0.04	0.04	0	|	-22.0	0.04(-22)	0.04(-22)	|	8318	
5392	175	ok	|	0.05	1.00	1.00	0.05	0.02	0	|	rapi	0.05	0.05	0	|	-22.0	0.05(-22)	0.05(-22)	|	8318	
5392	176	ok	|	0.04	1.00	1.00	0.04	0.02	0	|	rapi	0.04	0.04	0	|	-22.0	0.04(-22)	0.04(-22)	|	8318	
5392	177	ok	|	0.05	1.00	1.00	0.05	0.03	0	|	rapi	0.05	0.05	0	|	-22.0	0.05(-22)	0.05(-22)	|	8318	
5392	178	ok	|	0.06	1.00	1.00	0.06	0.03	0	|	rapi	0.06	0.06	0	|	-22.0	0.06(-22)	0.06(-22)	|	8318	
5392	179	ok	|	0.07	1.00	1.00	0.08	0.04	0	|	rapi	0.07	0.08	0	|	-22.0	0.08(-22)	0.08(-22)	|	8318	
5392	180	ok	|	0.08	1.00	1.00	0.08	0.04	0	|	rapi	0.08	0.08	0	|	-22.0	0.08(-22)	0.08(-22)	|	8318	
5392	181	ok	|	0.08	1.00	1.00	0.08	0.04	0	|	rapi	0.08	0.08	0	|	-22.0	0.08(-22)	0.08(-22)	|	8318	
5392	182	ok	|	0.07	1.00	1.00	0.07	0.04	0	|	rapi	0.07	0.07	0	|	-22.0	0.07(-22)	0.07(-22)	|	8318	
5392	183	ok	|	0.05	1.00	1.00	0.05	0.03	0	|	rapi	0.05	0.05	0	|	-22.0	0.05(-22)	0.05(-22)	|	8318	
5392	184	ok	|	0.05	1.00	1.00	0.05	0.02	0	|	rapi	0.05	0.05	0	|	-22.0	0.05(-22)	0.05(-22)	|	8318	
5392	185	ok	|	0.04	1.00	1.00	0.04	0.02	0	|	rapi	0.04	0.04	0	|	-22.0	0.04(-22)	0.04(-22)	|	8318	
5392	186	ok	|	0.05	1.00	1.00	0.05	0.03	0	|	rapi	0.05	0.05	0	|	-22.0	0.05(-22)	0.05(-22)	|	8318	
5392	187	ok	|	0.05	1.00	1.00	0.05	0.02	0	|	rapi	0.05	0.05	0	|	-22.0	0.05(-22)	0.05(-22)	|	8318	
5392	188	ok	|	0.05	1.00	1.00	0.05	0.02	0	|	rapi	0.05	0.05	0	|	-22.0	0.05(-22)	0.05(-22)	|	8318	
5392	189	ok	|	0.05	1.00	1.00	0.05	0.02	0	|	rapi	0.05	0.05	0	|	-22.0	0.05(-22)	0.05(-22)	|	8318	
5392	190	ok	|	0.04	1.00	1.00	0.04	0.02	0	|	rapi	0.04	0.04	0	|	-22.0	0.04(-22)	0.04(-22)	|	8318	
5392	191	ok	|	0.06	1.00	1.00	0.06	0.03	0	|	rapi	0.06	0.06	0	|	-22.0	0.06(-22)	0.06(-22)	|	8318	
5392	192	ok	|	0.06	1.00	1.00	0.06	0.03	0	|	rapi	0.06	0.06	0	|	-22.0	0.06(-22)	0.06(-22)	|	8318	
5392	193	ok	|	0.05	1.00	1.00	0.05	0.03	0	|	rapi	0.05	0.05	0	|	-22.0	0.05(-22)	0.05(-22)	|	8318	
5392	194	ok	|	0.04	1.00	1.00	0.04	0.02	0	|	rapi	0.04	0.04	0	|	-22.0	0.04(-22)	0.04(-22)	|	8318	
5392	195	ok	|	0.04	1.00	1.00	0.04	0.02	0	|	rapi	0.04	0.04	0	|	-22.0	0.04(-22)	0.04(-22)	|	8318	
5392	196	ok	|	0.04	1.00	1.00	0.04	0.02	0	|	rapi	0.04	0.04	0	|	-22.0	0.04(-22)	0.04(-22)	|	8318	
5392	197	ok	|	0.03	1.00	1.00	0.03	0.01	0	|	rapi	0.03	0.03	0	|	-22.0	0.03(-22)	0.03(-22)	|	8318	
5392	198	ok	|	0.03	1.00	1.00	0.03	0.01	0	|	rapi	0.03	0.03	0	|	-22.0	0.03(-22)	0.03(-22)	|	8318	
5392	199	ok	|	0.03	1.00	1.00	0.03	0.02	0	|	rapi	0.03	0.03	0	|	-22.0	0.03(-22)	0.03(-22)	|	8318	
5392	200	ok	|	0.03	1.00	1.00	0.03	0.01	0	|	rapi	0.03	0.03	0	|	-22.0	0.03(-22)	0.03(-22)	|	8318	
5392	201	ok	|	0.03	1.00	1.00	0.03	0.01	0	|	rapi	0.03	0.03	0	|	-22.0	0.03(-22)	0.03(-22)	|	8318	
5392	202	ok	|	0.04	1.00	1.00	0.04	0.02	0	|	rapi	0.04	0.04	0	|	-22.0	0.04(-22)	0.04(-22)	|	8318	
5392	203	ok	|	0.04	1.00	1.00	0.04	0.02	0	|	rapi	0.04	0.04	0	|	-22.0	0.04(-22)	0.04(-22)	|	8318	
5392	204	ok	|	0.04	1.00	1.00	0.04	0.02	0	|	rapi	0.04	0.04	0	|	-22.0	0.04(-22)	0.04(-22)	|	8318	
5392	205	ok	|	0.03	1.00	1.00	0.03	0.02	0	|	rapi	0.03	0.03	0	|	-22.0	0.03(-22)	0.03(-22)	|	8318	
5392	206	ok	|	0.04	1.00	1.00	0.04	0.02	0	|	rapi	0.04	0.04	0	|	-22.0	0.04(-22)	0.04(-22)	|	8318	
5392	207	ok	|	0.03	1.00	1.00	0.03	0.02	0	|	rapi	0.03	0.03	0	|	-22.0	0.03(-22)	0.03(-22)	|	8318	
5392	208	ok	|	0.05	1.00	1.00	0.05	0.02	0	|	rapi	0.05	0.05	0	|	-22.0	0.05(-22)	0.05(-22)	|	8318	
5392	209	ok	|	0.05	1.00	1.00	0.05	0.02	0	|	rapi	0.05	0.05	0	|	-22.0	0.05(-22)	0.05(-22)	|	8318	
5392	210	ok	|	0.05	1.00	1.00	0.05	0.02	0	|	rapi	0.05	0.05	0	|	-22.0	0.05(-22)	0.05(-22)	|	8318	
5392	211	ok	|	0.05	1.00	1.00	0.05	0.03	0	|	rapi	0.05	0.05	0	|	-22.0	0.05(-22)	0.05(-22)	|	8318	
5392	212	ok	|	0.05	1.00	1.00	0.05	0.02	0	|	rapi	0.05	0.05	0	|	-22.0	0.05(-22)	0.05(-22)	|	8318	
5392	213	ok	|	0.04	1.00	1.00	0.04	0.02	0	|	rapi	0.04	0.04	0	|	-22.0	0.04(-22)	0.04(-22)	|	8318	
5392	214	ok	|	0.05	1.00	1.00	0.05	0.02	0	|	rapi	0.05	0.05	0	|	-22.0	0.05(-22)	0.05(-22)	|	8318	
5392	215	ok	|	0.05	1.00	1.00	0.06	0.03	0	|	rapi	0.05	0.06	0	|	-22.0	0.06(-22)	0.06(-22)	|	8318	
5392	216	ok	|	0.06	1.00	1.00	0.06	0.03	0	|	rapi	0.06	0.06	0	|	-22.0	0.06(-22)	0.06(-22)	|	8318	
5392	217	ok	|	0.06	1.00	1.00	0.06	0.03	0	|	rapi	0.06	0.06	0	|	-22.0	0.06(-22)	0.06(-22)	|	8318	
5392	218	ok	|	0.08	1.00	1.00	0.08	0.04	0	|	rapi	0.08	0.08	0	|	-22.0	0.08(-22)	0.08(-22)	|	8318	
5392	219	ok	|	0.08	1.00	1.00	0.08	0.04	0	|	rapi	0.08	0.08	0	|	-22.0	0.08(-22)	0.08(-22)	|	8318	
5392	220	ok	|	0.08	1.00	1.00	0.08	0.04	0	|	rapi	0.08	0.08	0	|	-22.0	0.08(-22)	0.08(-22)	|	8318	
5392	221	ok	|	0.08	1.00	1.00	0.08	0.04	0	|	rapi	0.08	0.08	0	|	-22.0	0.08(-22)	0.08(-22)	|	8318	
5392	222	ok	|	0.08	1.00	1.00	0.08	0.04	0	|	rapi	0.08	0.08	0	|	-22.0	0.08(-22)	0.08(-22)	|	8318	
5392	223	ok	|	0.09	1.00	1.00	0.09	0.04	0	|	rapi	0.09	0.09	0	|	-22.0	0.09(-22)	0.09(-22)	|	8318	
5392	224	ok	|	0.09	1.00	1.00	0.09	0.04	0	|	rapi	0.09	0.09	0	|	-22.0	0.09(-22)	0.09(-22)	|	8318	
5392	225	ok	|	0.07	1.00	1.00	0.07	0.03	0	|	rapi	0.07	0.07	0	|	-22.0	0.07(-22)	0.07(-22)	|	8318	
5392	226	ok	|	0.07	1.00	1.00	0.08	0.04	0	|	rapi	0.07	0.08	0	|	-22.0	0.08(-22)	0.08(-22)	|	8318	
5392	227	ok	|	0.08	1.00	1.00	0.08	0.04	0	|	rapi	0.08	0.08	0	|	-22.0	0.08(-22)	0.08(-22)	|	8318	
5392	228	ok	|	0.08	1.00	1.00	0.08	0.04	0	|	rapi	0.08	0.08	0	|	-22.0	0.08(-22)	0.08(-22)	|	8318	
5392	229	ok	|	0.08	1.00	1.00	0.09	0.04	0	|	rapi	0.08	0.09	0	|	-22.0	0.09(-22)	0.09(-22)	|	8318	
5392	230	ok	|	0.09	1.00	1.00	0.09	0.04	0	|	rapi	0.09	0.09	0	|	-22.0	0.09(-22)	0.09(-22)	|	8318	
5392	231	ok	|	0.10	1.00	1.00	0.10	0.05	0	|	rapi	0.10	0.10	0	|	-22.0	0.10(-22)	0.10(-22)	|	8318	
5392	232	ok	|	0.10	1.00	1.00	0.11	0.05	0	|	rapi	0.10	0.11	0	|	-22.0	0.11(-22)	0.11(-22)	|	8318	
5392	233	ok	|	0.10	1.00	1.00	0.10	0.05	0	|	rapi	0.10	0.10	0	|	-22.0	0.10(-22)	0.10(-22)	|	8318	
5392	234	ok	|	0.10	1.00	1.00	0.10	0.05	0	|	rapi	0.10	0.10	0	|	-22.0	0.10(-22)	0.10(-22)	|	8318	
5392	235	ok	|	0.11	1.00	1.00	0.11	0.05	0	|	rapi	0.11	0.11	0	|	-22.0	0.11(-22)	0.11(-22)	|	8318	
5392	236	ok	|	0.11	1.00	1.00	0.11	0.05	0	|	rapi	0.11	0.11	0	|	-22.0	0.11(-22)	0.11(-22)	|	8318	
5392	237	ok	|	0.10	1.00	1.00	0.11	0.05	0	|	rapi	0.10	0.11	0	|	-22.0	0.11(-22)	0.11(-22)	|	8318	
5392	238	ok	|	0.11	1.00	1.00	0.11	0.06	0	|	rapi	0.11	0.11	0	|	-22.0	0.11(-22)	0.11(-22)	|	8318	
5392	239	ok	|	0.10	1.00	1.00	0.10	0.05	0	|	rapi	0.10	0.10	0	|	-22.0	0.10(-22)	0.10(-22)	|	8318	
5392	240	ok	|	0.08	1.00	1.00	0.09	0.04	0	|	rapi	0.08	0.09	0	|	-22.0	0.09(-22)	0.09(-22)	|	8318	
5392	241	ok	|	0.10	1.00	1.00	0.10	0.05	0	|	rapi	0.10	0.10	0	|	-22.0	0.10(-22)	0.10(-22)	|	8318	
5392	242	ok	|	0.10	1.00	1.00	0.10	0.05	0	|	rapi	0.10	0.10	0	|	-22.0	0.10(-22)	0.10(-22)	|	8318	
5392	243	ok	|	0.10	1.00	1.00	0.11	0.05	0	|	rapi	0.10	0.11	0	|	-22.0	0.11(-22)	0.11(-22)	|	8318	
5392	244	ok	|	0.10	1.00	1.00	0.10	0.05	0	|	rapi	0.10	0.10	0	|	-22.0	0.10(-22)	0.10(-22)	|	8318	
5392	245	ok	|	0.11	1.00	1.00	0.11	0.06	0	|	rapi	0.11	0.11	0	|	-22.0	0.11(-22)	0.11(-22)	|	8318	
5392	246	ok	|	0.09	1.00	1.00	0.09	0.04	0	|	rapi	0.09	0.09	0	|	-22.0	0.09(-22)	0.09(-22)	|	8318	
5392	247	ok	|	0.10	1.00	1.00	0.10	0.05	0	|	rapi	0.10	0.10	0	|	-22.0	0.10(-22)	0.10(-22)	|	8318	
5392	248	ok	|	0.10	1.00	1.00	0.10	0.05	0	|	rapi	0.10	0.10	0	|	-22.0	0.10(-22)	0.10(-22)	|	8318	
5392	249	ok	|	0.10	1.00	1.00	0.11	0.05	0	|	rapi	0.10	0.11	0	|	-22.0	0.11(-22)	0.11(-22)	|	8318	
5392	250	ok	|	0.09	1.00	1.00	0.09	0.05	0	|	rapi	0.09	0.09	0	|	-22.0	0.09(-22)	0.09(-22)	|	8318	
5392	251	ok	|	0.10	1.00	1.00	0.10	0.05	0	|	rapi	0.10	0.10	0	|	-22.0	0.10(-22)	0.10(-22)	|	8318	
5392	252	ok	|	0.09	1.00	1.00	0.10	0.05	0	|	rapi	0.09	0.10	0	|	-22.0	0.10(-22)	0.10(-22)	|	8318	
5392	253	ok	|	0.11	1.00	1.00	0.11	0.05	0	|	rapi	0.11	0.11	0	|	-22.0	0.11(-22)	0.11(-22)	|	8318	
5392	254	ok	|	0.10	1.00	1.00	0.10	0.05	0	|	rapi	0.10	0.10	0	|	-22.0	0.10(-22)	0.10(-22)	|	8318	
5392	255	ok	|	0.09	1.00	1.00	0.09	0.04	0	|	rapi	0.09	0.09	0	|	-22.0	0.09(-22)	0.09(-22)	|	8318	
5392	256	ok	|	0.07	1.00	1.00	0.07	0.03	0	|	rapi	0.07	0.07	0	|	-22.0	0.07(-22)	0.07(-22)	|	8318	
5392	257	ok	|	0.08	1.00	1.00	0.09	0.04	0	|	rapi	0.08	0.09	0	|	-22.0	0.09(-22)	0.09(-22)	|	8318	
5392	258	ok	|	0.07	1.00	1.00	0.07	0.04	0	|	rapi	0.07	0.07	0	|	-22.0	0.07(-22)	0.07(-22)	|	8318	
5392	259	ok	|	0.07	1.00	1.00	0.07	0.03	0	|	rapi	0.07	0.07	0	|	-22.0	0.07(-22)	0.07(-22)	|	8318	
5392	260	ok	|	0.07	1.00	1.00	0.07	0.04	0	|	rapi	0.07	0.07	0	|	-22.0	0.07(-22)	0.07(-22)	|	8318	
5392	261	ok	|	0.08	1.00	1.00	0.08	0.04	0	|	rapi	0.08	0.08	0	|	-22.0	0.08(-22)	0.08(-22)	|	8318	
5392	262	ok	|	0.08	1.00	1.00	0.08	0.04	0	|	rapi	0.08	0.08	0	|	-22.0	0.08(-22)	0.08(-22)	|	8318	
5392	263	ok	|	0.09	1.00	1.00	0.09	0.04	0	|	rapi	0.09	0.09	0	|	-22.0	0.09(-22)	0.09(-22)	|	8318	
5392	264	ok	|	0.09	1.00	1.00	0.09	0.04	0	|	rapi	0.09	0.09	0	|	-22.0	0.09(-22)	0.09(-22)	|	8318	
5392	265	ok	|	0.09	1.00	1.00	0.09	0.05	0	|	rapi	0.09	0.09	0	|	-22.0	0.09(-22)	0.09(-22)	|	8318	
5392	266	ok	|	0.09	1.00	1.00	0.09	0.05	0	|	rapi	0.09	0.09	0	|	-22.0	0.09(-22)	0.09(-22)	|	8318	
5392	267	ok	|	0.10	1.00	1.00	0.10	0.05	0	|	rapi	0.10	0.10	0	|	-22.0	0.10(-22)	0.10(-22)	|	8318	
5392	268	ok	|	0.11	1.00	1.00	0.11	0.05	0	|	rapi	0.11	0.11	0	|	-22.0	0.11(-22)	0.11(-22)	|	8318	
5392	269	ok	|	0.10	1.00	1.00	0.10	0.05	0	|	rapi	0.10	0.10	0	|	-22.0	0.10(-22)	0.10(-22)	|	8318	
5392	270	ok	|	0.09	1.00	1.00	0.10	0.05	0	|	rapi	0.09	0.10	0	|	-22.0	0.10(-22)	0.10(-22)	|	8318	
5392	271	ok	|	0.09	1.00	1.00	0.09	0.05	0	|	rapi	0.09	0.09	0	|	-22.0	0.09(-22)	0.09(-22)	|	8318	
5392	272	ok	|	0.08	1.00	1.00	0.08	0.04	0	|	rapi	0.08	0.08	0	|	-22.0	0.08(-22)	0.08(-22)	|	8318	
5392	273	ok	|	0.08	1.00	1.00	0.09	0.04	0	|	rapi	0.08	0.09	0	|	-22.0	0.09(-22)	0.09(-22)	|	8318	
5392	274	ok	|	0.09	1.00	1.00	0.09	0.05	0	|	rapi	0.09	0.09	0	|	-22.0	0.09(-22)	0.09(-22)	|	8318	
5392	275	ok	|	0.09	1.00	1.00	0.09	0.04	0	|	rapi	0.09	0.09	0	|	-22.0	0.09(-22)	0.09(-22)	|	8318	
5392	276	ok	|	0.10	1.00	1.00	0.10	0.05	0	|	rapi	0.10	0.10	0	|	-22.0	0.10(-22)	0.10(-22)	|	8318	
5392	277	ok	|	0.09	1.00	1.00	0.10	0.05	0	|	rapi	0.09	0.10	0	|	-22.0	0.10(-22)	0.10(-22)	|	8318	
5392	278	ok	|	0.08	1.00	1.00	0.08	0.04	0	|	rapi	0.08	0.08	0	|	-22.0	0.08(-22)	0.08(-22)	|	8318	
5392	279	ok	|	0.09	1.00	1.00	0.09	0.05	0	|	rapi	0.09	0.09	0	|	-22.0	0.09(-22)	0.09(-22)	|	8318	
5392	280	ok	|	0.11	1.00	1.00	0.11	0.05	0	|	rapi	0.11	0.11	0	|	-22.0	0.11(-22)	0.11(-22)	|	8318	
5392	281	ok	|	0.10	1.00	1.00	0.10	0.05	0	|	rapi	0.10	0.10	0	|	-22.0	0.10(-22)	0.10(-22)	|	8318	
5392	282	ok	|	0.09	1.00	1.00	0.09	0.04	0	|	rapi	0.09	0.09	0	|	-22.0	0.09(-22)	0.09(-22)	|	8318	
5392	283	ok	|	0.09	1.00	1.00	0.10	0.05	0	|	rapi	0.09	0.10	0	|	-22.0	0.10(-22)	0.10(-22)	|	8318	
5392	284	ok	|	0.09	1.00	1.00	0.09	0.05	0	|	rapi	0.09	0.09	0	|	-22.0	0.09(-22)	0.09(-22)	|	8318	
5392	285	ok	|	0.10	1.00	1.00	0.10	0.05	0	|	rapi	0.10	0.10	0	|	-22.0	0.10(-22)	0.10(-22)	|	8318	
5392	286	ok	|	0.09	1.00	1.00	0.09	0.05	0	|	rapi	0.09	0.09	0	|	-22.0	0.09(-22)	0.09(-22)	|	8318	
5392	287	ok	|	0.07	1.00	1.00	0.07	0.04	0	|	rapi	0.07	0.07	0	|	-22.0	0.07(-22)	0.07(-22)	|	8318	
5392	288	ok	|	0.06	1.00	1.00	0.07	0.03	0	|	rapi	0.06	0.07	0	|	-22.0	0.07(-22)	0.07(-22)	|	8318	
5392	289	ok	|	0.06	1.00	1.00	0.06	0.03	0	|	rapi	0.06	0.06	0	|	-22.0	0.06(-22)	0.06(-22)	|	8318	
5392	290	ok	|	0.06	1.00	1.00	0.06	0.03	0	|	rapi	0.06	0.06	0	|	-22.0	0.06(-22)	0.06(-22)	|	8318	
5392	291	ok	|	0.05	1.00	1.00	0.06	0.03	0	|	rapi	0.05	0.06	0	|	-22.0	0.06(-22)	0.06(-22)	|	8318	
5392	292	ok	|	0.08	1.00	1.00	0.08	0.04	0	|	rapi	0.08	0.08	0	|	-22.0	0.08(-22)	0.08(-22)	|	8318	
5392	293	ok	|	0.08	1.00	1.00	0.08	0.04	0	|	rapi	0.08	0.08	0	|	-22.0	0.08(-22)	0.08(-22)	|	8318	
5392	294	ok	|	0.09	1.00	1.00	0.09	0.04	0	|	rapi	0.09	0.09	0	|	-22.0	0.09(-22)	0.09(-22)	|	8318	
5392	295	ok	|	0.10	1.00	1.00	0.10	0.05	0	|	rapi	0.10	0.10	0	|	-22.0	0.10(-22)	0.10(-22)	|	8318	
5392	296	ok	|	0.09	1.00	1.00	0.09	0.05	0	|	rapi	0.09	0.09	0	|	-22.0	0.09(-22)	0.09(-22)	|	8318	
5392	297	ok	|	0.09	1.00	1.00	0.09	0.04	0	|	rapi	0.09	0.09	0	|	-22.0	0.09(-22)	0.09(-22)	|	8318	
5392	298	ok	|	0.08	1.00	1.00	0.09	0.04	0	|	rapi	0.08	0.09	0	|	-22.0	0.09(-22)	0.09(-22)	|	8318	
5392	299	ok	|	0.08	1.00	1.00	0.08	0.04	0	|	rapi	0.08	0.08	0	|	-22.0	0.08(-22)	0.08(-22)	|	8318	
5392	300	ok	|	0.08	1.00	1.00	0.08	0.04	0	|	rapi	0.08	0.08	0	|	-22.0	0.08(-22)	0.08(-22)	|	8318	
5392	301	ok	|	0.08	1.00	1.00	0.08	0.04	0	|	rapi	0.08	0.08	0	|	-22.0	0.08(-22)	0.08(-22)	|	8318	
5392	302	ok	|	0.08	1.00	1.00	0.08	0.04	0	|	rapi	0.08	0.08	0	|	-22.0	0.08(-22)	0.08(-22)	|	8318	
5392	303	ok	|	0.07	1.00	1.00	0.08	0.04	0	|	rapi	0.07	0.08	0	|	-22.0	0.08(-22)	0.08(-22)	|	8318	
5392	304	ok	|	0.07	1.00	1.00	0.08	0.04	0	|	rapi	0.07	0.08	0	|	-22.0	0.08(-22)	0.08(-22)	|	8318	
5392	305	ok	|	0.08	1.00	1.00	0.08	0.04	0	|	rapi	0.08	0.08	0	|	-22.0	0.08(-22)	0.08(-22)	|	8318	
5392	306	ok	|	0.07	1.00	1.00	0.07	0.04	0	|	rapi	0.07	0.07	0	|	-22.0	0.07(-22)	0.07(-22)	|	8318	
5392	307	ok	|	0.06	1.00	1.00	0.06	0.03	0	|	rapi	0.06	0.06	0	|	-22.0	0.06(-22)	0.06(-22)	|	8318	
5392	308	ok	|	0.07	1.00	1.00	0.07	0.03	0	|	rapi	0.07	0.07	0	|	-22.0	0.07(-22)	0.07(-22)	|	8318	
5392	309	ok	|	0.06	1.00	1.00	0.06	0.03	0	|	rapi	0.06	0.06	0	|	-22.0	0.06(-22)	0.06(-22)	|	8318	
5392	310	ok	|	0.06	1.00	1.00	0.06	0.03	0	|	rapi	0.06	0.06	0	|	-22.0	0.06(-22)	0.06(-22)	|	8318	
5392	311	ok	|	0.06	1.00	1.00	0.06	0.03	0	|	rapi	0.06	0.06	0	|	-22.0	0.06(-22)	0.06(-22)	|	8318	
5392	312	ok	|	0.06	1.00	1.00	0.06	0.03	0	|	rapi	0.06	0.06	0	|	-22.0	0.06(-22)	0.06(-22)	|	8318	
5392	313	ok	|	0.07	1.00	1.00	0.07	0.03	0	|	rapi	0.07	0.07	0	|	-22.0	0.07(-22)	0.07(-22)	|	8318	
5392	314	ok	|	0.07	1.00	1.00	0.07	0.03	0	|	rapi	0.07	0.07	0	|	-22.0	0.07(-22)	0.07(-22)	|	8318	
5392	315	ok	|	0.08	1.00	1.00	0.08	0.04	0	|	rapi	0.08	0.08	0	|	-22.0	0.08(-22)	0.08(-22)	|	8318	
5392	316	ok	|	0.09	1.00	1.00	0.09	0.04	0	|	rapi	0.09	0.09	0	|	-22.0	0.09(-22)	0.09(-22)	|	8318	
5392	317	ok	|	0.09	1.00	1.00	0.09	0.04	0	|	rapi	0.09	0.09	0	|	-22.0	0.09(-22)	0.09(-22)	|	8318	
5392	318	ok	|	0.09	1.00	1.00	0.09	0.04	0	|	rapi	0.09	0.09	0	|	-22.0	0.09(-22)	0.09(-22)	|	8318	
5392	319	ok	|	0.09	1.00	1.00	0.09	0.04	0	|	rapi	0.09	0.09	0	|	-22.0	0.09(-22)	0.09(-22)	|	8318	
5392	320	ok	|	0.07	1.00	1.00	0.08	0.04	0	|	rapi	0.07	0.08	0	|	-22.0	0.08(-22)	0.08(-22)	|	8318	
5392	321	ok	|	0.07	1.00	1.00	0.07	0.04	0	|	rapi	0.07	0.07	0	|	-22.0	0.07(-22)	0.07(-22)	|	8318	
5392	322	ok	|	0.07	1.00	1.00	0.07	0.03	0	|	rapi	0.07	0.07	0	|	-22.0	0.07(-22)	0.07(-22)	|	8318	
5392	323	ok	|	0.07	1.00	1.00	0.07	0.04	0	|	rapi	0.07	0.07	0	|	-22.0	0.07(-22)	0.07(-22)	|	8318	
5392	324	ok	|	0.08	1.00	1.00	0.08	0.04	0	|	rapi	0.08	0.08	0	|	-22.0	0.08(-22)	0.08(-22)	|	8318	
5392	325	ok	|	0.10	1.00	1.00	0.10	0.05	0	|	rapi	0.10	0.10	0	|	-22.0	0.10(-22)	0.10(-22)	|	8318	
5392	326	ok	|	0.11	1.00	1.00	0.11	0.06	0	|	rapi	0.11	0.11	0	|	-22.0	0.11(-22)	0.11(-22)	|	8318	
5392	327	ok	|	0.13	1.00	1.00	0.13	0.07	0	|	rapi	0.13	0.13	0	|	-22.0	0.13(-22)	0.13(-22)	|	8318	
5392	328	ok	|	0.12	1.00	1.00	0.13	0.06	0	|	rapi	0.12	0.13	0	|	-22.0	0.13(-22)	0.13(-22)	|	8318	
5392	329	ok	|	0.13	1.00	1.00	0.13	0.07	0	|	rapi	0.13	0.13	0	|	-22.0	0.13(-22)	0.13(-22)	|	8318	
5392	330	ok	|	0.12	1.00	1.00	0.12	0.06	0	|	rapi	0.12	0.12	0	|	-22.0	0.12(-22)	0.12(-22)	|	8318	
5392	331	ok	|	0.11	1.00	1.00	0.11	0.05	0	|	rapi	0.11	0.11	0	|	-22.0	0.11(-22)	0.11(-22)	|	8318	
5392	332	ok	|	0.12	1.00	1.00	0.12	0.06	0	|	rapi	0.12	0.12	0	|	-22.0	0.12(-22)	0.12(-22)	|	8318	
5392	333	ok	|	0.12	1.00	1.00	0.13	0.06	0	|	rapi	0.12	0.13	0	|	-22.0	0.13(-22)	0.13(-22)	|	8318	
5392	334	ok	|	0.11	1.00	1.00	0.11	0.06	0	|	rapi	0.11	0.11	0	|	-22.0	0.11(-22)	0.11(-22)	|	8318	
5392	335	ok	|	0.12	1.00	1.00	0.13	0.06	0	|	rapi	0.12	0.13	0	|	-22.0	0.13(-22)	0.13(-22)	|	8318	
5392	336	ok	|	0.14	1.00	1.00	0.14	0.07	0	|	rapi	0.14	0.14	0	|	-22.0	0.14(-22)	0.14(-22)	|	8318	
5392	337	ok	|	0.15	1.00	1.00	0.16	0.08	0	|	rapi	0.15	0.16	0	|	-22.0	0.16(-22)	0.16(-22)	|	8318	
5392	338	ok	|	0.15	1.00	1.00	0.16	0.08	0	|	rapi	0.15	0.16	0	|	-22.0	0.16(-22)	0.16(-22)	|	8318	
5392	339	ok	|	0.16	1.00	1.00	0.17	0.08	0	|	rapi	0.16	0.17	0	|	-22.0	0.17(-22)	0.17(-22)	|	8318	
5392	340	ok	|	0.14	1.00	1.00	0.15	0.07	0	|	rapi	0.14	0.15	0	|	-22.0	0.15(-22)	0.15(-22)	|	8318	
5392	341	ok	|	0.14	1.00	1.00	0.15	0.07	0	|	rapi	0.14	0.15	0	|	-22.0	0.15(-22)	0.15(-22)	|	8318	
5392	342	ok	|	0.14	1.00	1.00	0.14	0.07	0	|	rapi	0.14	0.14	0	|	-22.0	0.14(-22)	0.14(-22)	|	8318	
5392	343	ok	|	0.12	1.00	1.00	0.13	0.06	0	|	rapi	0.12	0.13	0	|	-22.0	0.13(-22)	0.13(-22)	|	8318	
5392	344	ok	|	0.12	1.00	1.00	0.13	0.06	0	|	rapi	0.12	0.13	0	|	-22.0	0.13(-22)	0.13(-22)	|	8318	
5392	345	ok	|	0.11	1.00	1.00	0.11	0.06	0	|	rapi	0.11	0.11	0	|	-22.0	0.11(-22)	0.11(-22)	|	8318	
5392	346	ok	|	0.11	1.00	1.00	0.11	0.06	0	|	rapi	0.11	0.11	0	|	-22.0	0.11(-22)	0.11(-22)	|	8318	
5392	347	ok	|	0.10	1.00	1.00	0.10	0.05	0	|	rapi	0.10	0.10	0	|	-22.0	0.10(-22)	0.10(-22)	|	8318	
5392	348	ok	|	0.08	1.00	1.00	0.08	0.04	0	|	rapi	0.08	0.08	0	|	-22.0	0.08(-22)	0.08(-22)	|	8318	
5392	349	ok	|	0.08	1.00	1.00	0.08	0.04	0	|	rapi	0.08	0.08	0	|	-22.0	0.08(-22)	0.08(-22)	|	8318	
5392	350	ok	|	0.07	1.00	1.00	0.08	0.04	0	|	rapi	0.07	0.08	0	|	-22.0	0.08(-22)	0.08(-22)	|	8318	
5392	351	ok	|	0.08	1.00	1.00	0.09	0.04	0	|	rapi	0.08	0.09	0	|	-22.0	0.09(-22)	0.09(-22)	|	8318	
5392	352	ok	|	0.10	1.00	1.00	0.10	0.05	0	|	rapi	0.10	0.10	0	|	-22.0	0.10(-22)	0.10(-22)	|	8318	
5392	353	ok	|	0.09	1.00	1.00	0.09	0.05	0	|	rapi	0.09	0.09	0	|	-22.0	0.09(-22)	0.09(-22)	|	8318	
5392	354	ok	|	0.09	1.00	1.00	0.09	0.04	0	|	rapi	0.09	0.09	0	|	-22.0	0.09(-22)	0.09(-22)	|	8318	
5392	355	ok	|	0.09	1.00	1.00	0.09	0.04	0	|	rapi	0.09	0.09	0	|	-22.0	0.09(-22)	0.09(-22)	|	8318	
5392	356	ok	|	0.09	1.00	1.00	0.09	0.05	0	|	rapi	0.09	0.09	0	|	-22.0	0.09(-22)	0.09(-22)	|	8318	
5392	357	ok	|	0.09	1.00	1.00	0.09	0.04	0	|	rapi	0.09	0.09	0	|	-22.0	0.09(-22)	0.09(-22)	|	8318	
5392	358	ok	|	0.10	1.00	1.00	0.10	0.05	0	|	rapi	0.10	0.10	0	|	-22.0	0.10(-22)	0.10(-22)	|	8318	
5392	359	ok	|	0.08	1.00	1.00	0.09	0.04	0	|	rapi	0.08	0.09	0	|	-22.0	0.09(-22)	0.09(-22)	|	8318	
5392	360	ok	|	0.08	1.00	1.00	0.08	0.04	0	|	rapi	0.08	0.08	0	|	-22.0	0.08(-22)	0.08(-22)	|	8318	
5392	361	ok	|	0.09	1.00	1.00	0.09	0.04	0	|	rapi	0.09	0.09	0	|	-22.0	0.09(-22)	0.09(-22)	|	8318	
5392	362	ok	|	0.08	1.00	1.00	0.08	0.04	0	|	rapi	0.08	0.08	0	|	-22.0	0.08(-22)	0.08(-22)	|	8318	
5392	363	ok	|	0.08	1.00	1.00	0.09	0.04	0	|	rapi	0.08	0.09	0	|	-22.0	0.09(-22)	0.09(-22)	|	8318	
5392	364	ok	|	0.09	1.00	1.00	0.09	0.04	0	|	rapi	0.09	0.09	0	|	-22.0	0.09(-22)	0.09(-22)	|	8318	
5392	365	ok	|	0.09	1.00	1.00	0.10	0.05	0	|	rapi	0.09	0.10	0	|	-22.0	0.10(-22)	0.10(-22)	|	8318	
5392	366	ok	|	0.09	1.00	1.00	0.09	0.04	0	|	rapi	0.09	0.09	0	|	-22.0	0.09(-22)	0.09(-22)	|	8318	
5392	367	ok	|	0.10	1.00	1.00	0.10	0.05	0	|	rapi	0.10	0.10	0	|	-22.0	0.10(-22)	0.10(-22)	|	8318	
5392	368	ok	|	0.08	1.00	1.00	0.08	0.04	0	|	rapi	0.08	0.08	0	|	-22.0	0.08(-22)	0.08(-22)	|	8318	
5392	369	ok	|	0.07	1.00	1.00	0.07	0.04	0	|	rapi	0.07	0.07	0	|	-22.0	0.07(-22)	0.07(-22)	|	8318	
5392	370	ok	|	0.07	1.00	1.00	0.07	0.04	0	|	rapi	0.07	0.07	0	|	-22.0	0.07(-22)	0.07(-22)	|	8318	
5392	371	ok	|	0.07	1.00	1.00	0.08	0.04	0	|	rapi	0.07	0.08	0	|	-22.0	0.08(-22)	0.08(-22)	|	8318	
5392	372	ok	|	0.06	1.00	1.00	0.06	0.03	0	|	rapi	0.06	0.06	0	|	-22.0	0.06(-22)	0.06(-22)	|	8318	
5392	373	ok	|	0.07	1.00	1.00	0.07	0.03	0	|	rapi	0.07	0.07	0	|	-22.0	0.07(-22)	0.07(-22)	|	8318	
5392	374	ok	|	0.07	1.00	1.00	0.07	0.03	0	|	rapi	0.07	0.07	0	|	-22.0	0.07(-22)	0.07(-22)	|	8318	
5392	375	ok	|	0.06	1.00	1.00	0.06	0.03	0	|	rapi	0.06	0.06	0	|	-22.0	0.06(-22)	0.06(-22)	|	8318	
5392	376	ok	|	0.07	1.00	1.00	0.07	0.03	0	|	rapi	0.07	0.07	0	|	-22.0	0.07(-22)	0.07(-22)	|	8318	
5392	377	ok	|	0.07	1.00	1.00	0.07	0.04	0	|	rapi	0.07	0.07	0	|	-22.0	0.07(-22)	0.07(-22)	|	8318	
5392	378	ok	|	0.07	1.00	1.00	0.07	0.04	0	|	rapi	0.07	0.07	0	|	-22.0	0.07(-22)	0.07(-22)	|	8318	
5392	379	ok	|	0.07	1.00	1.00	0.08	0.04	0	|	rapi	0.07	0.08	0	|	-22.0	0.08(-22)	0.08(-22)	|	8318	
5392	380	ok	|	0.07	1.00	1.00	0.07	0.04	0	|	rapi	0.07	0.07	0	|	-22.0	0.07(-22)	0.07(-22)	|	8318	
5392	381	ok	|	0.07	1.00	1.00	0.07	0.04	0	|	rapi	0.07	0.07	0	|	-22.0	0.07(-22)	0.07(-22)	|	8318	
5392	382	ok	|	0.07	1.00	1.00	0.07	0.04	0	|	rapi	0.07	0.07	0	|	-22.0	0.07(-22)	0.07(-22)	|	8318	
5392	383	ok	|	0.07	1.00	1.00	0.07	0.04	0	|	rapi	0.07	0.07	0	|	-22.0	0.07(-22)	0.07(-22)	|	8318	
5392	384	ok	|	0.07	1.00	1.00	0.07	0.04	0	|	rapi	0.07	0.07	0	|	-22.0	0.07(-22)	0.07(-22)	|	8318	
5392	385	ok	|	0.07	1.00	1.00	0.07	0.04	0	|	rapi	0.07	0.07	0	|	-22.0	0.07(-22)	0.07(-22)	|	8318	
5392	386	ok	|	0.05	1.00	1.00	0.06	0.03	0	|	rapi	0.05	0.06	0	|	-22.0	0.06(-22)	0.06(-22)	|	8318	
5392	387	ok	|	0.06	1.00	1.00	0.06	0.03	0	|	rapi	0.06	0.06	0	|	-22.0	0.06(-22)	0.06(-22)	|	8318	
5392	388	ok	|	0.05	1.00	1.00	0.05	0.02	0	|	rapi	0.05	0.05	0	|	-22.0	0.05(-22)	0.05(-22)	|	8318	
5392	389	ok	|	0.04	1.00	1.00	0.04	0.02	0	|	rapi	0.04	0.04	0	|	-22.0	0.04(-22)	0.04(-22)	|	8318	
5392	390	ok	|	0.05	1.00	1.00	0.05	0.02	0	|	rapi	0.05	0.05	0	|	-22.0	0.05(-22)	0.05(-22)	|	8318	
5392	391	ok	|	0.06	1.00	1.00	0.06	0.03	0	|	rapi	0.06	0.06	0	|	-22.0	0.06(-22)	0.06(-22)	|	8318	
5392	392	ok	|	0.06	1.00	1.00	0.06	0.03	0	|	rapi	0.06	0.06	0	|	-22.0	0.06(-22)	0.06(-22)	|	8318	
5392	393	ok	|	0.06	1.00	1.00	0.06	0.03	0	|	rapi	0.06	0.06	0	|	-22.0	0.06(-22)	0.06(-22)	|	8318	
5392	394	ok	|	0.06	1.00	1.00	0.06	0.03	0	|	rapi	0.06	0.06	0	|	-22.0	0.06(-22)	0.06(-22)	|	8318	
5392	395	ok	|	0.06	1.00	1.00	0.06	0.03	0	|	rapi	0.06	0.06	0	|	-22.0	0.06(-22)	0.06(-22)	|	8318	
5392	396	ok	|	0.05	1.00	1.00	0.05	0.03	0	|	rapi	0.05	0.05	0	|	-22.0	0.05(-22)	0.05(-22)	|	8318	
5392	397	ok	|	0.04	1.00	1.00	0.04	0.02	0	|	rapi	0.04	0.04	0	|	-22.0	0.04(-22)	0.04(-22)	|	8318	
5392	398	ok	|	0.04	1.00	1.00	0.04	0.02	0	|	rapi	0.04	0.04	0	|	-22.0	0.04(-22)	0.04(-22)	|	8318	
5392	399	ok	|	0.04	1.00	1.00	0.04	0.02	0	|	rapi	0.04	0.04	0	|	-22.0	0.04(-22)	0.04(-22)	|	8318	
5392	400	ok	|	0.03	1.00	1.00	0.03	0.01	0	|	rapi	0.03	0.03	0	|	-22.0	0.03(-22)	0.03(-22)	|	8318	
5392	401	ok	|	0.03	1.00	1.00	0.03	0.01	0	|	rapi	0.03	0.03	0	|	-22.0	0.03(-22)	0.03(-22)	|	8318	
5392	402	ok	|	0.03	1.00	1.00	0.04	0.02	0	|	rapi	0.03	0.04	0	|	-22.0	0.04(-22)	0.04(-22)	|	8318	
5392	403	ok	|	0.03	1.00	1.00	0.03	0.01	0	|	rapi	0.03	0.03	0	|	-22.0	0.03(-22)	0.03(-22)	|	8318	
5392	404	ok	|	0.02	1.00	1.00	0.02	0.01	0	|	rapi	0.02	0.02	0	|	-22.0	0.02(-22)	0.02(-22)	|	8318	
5392	405	ok	|	0.02	1.00	1.00	0.02	0.01	0	|	rapi	0.02	0.02	0	|	-22.0	0.02(-22)	0.02(-22)	|	8318	
5392	406	ok	|	0.02	1.00	1.00	0.02	0.01	0	|	rapi	0.02	0.02	0	|	-22.0	0.02(-22)	0.02(-22)	|	8318	
5392	407	ok	|	0.02	1.00	1.00	0.02	0.01	0	|	rapi	0.02	0.02	0	|	-22.0	0.02(-22)	0.02(-22)	|	8318	
5392	408	ok	|	0.02	1.00	1.00	0.02	0.01	0	|	rapi	0.02	0.02	0	|	-22.0	0.02(-22)	0.02(-22)	|	8318	
5392	409	ok	|	0.01	1.00	1.00	0.01	0.01	0	|	rapi	0.01	0.01	0	|	-22.0	0.01(-22)	0.01(-22)	|	8318	
5392	410	ok	|	0.01	1.00	1.00	0.01	0.01	0	|	rapi	0.01	0.01	0	|	-22.0	0.01(-22)	0.01(-22)	|	8318	
5392	411	ok	|	0.01	1.00	1.00	0.01	0.01	0	|	rapi	0.01	0.01	0	|	-22.0	0.01(-22)	0.01(-22)	|	8318	
5392	412	ok	|	0.01	1.00	1.00	0.01	0.01	0	|	rapi	0.01	0.01	0	|	-22.0	0.01(-22)	0.01(-22)	|	8318	
5392	413	ok	|	0.01	1.00	1.00	0.01	0.01	0	|	rapi	0.01	0.01	0	|	-22.0	0.01(-22)	0.01(-22)	|	8318	
5392	414	ok	|	0.02	1.00	1.00	0.02	0.01	0	|	rapi	0.02	0.02	0	|	-22.0	0.02(-22)	0.02(-22)	|	8318	
5392	415	ok	|	0.02	1.00	1.00	0.02	0.01	0	|	rapi	0.02	0.02	0	|	-22.0	0.02(-22)	0.02(-22)	|	8318	
5392	416	ok	|	0.02	1.00	1.00	0.02	0.01	0	|	rapi	0.02	0.02	0	|	-22.0	0.02(-22)	0.02(-22)	|	8318	
5392	417	ok	|	0.02	1.00	1.00	0.02	0.01	0	|	rapi	0.02	0.02	0	|	-22.0	0.02(-22)	0.02(-22)	|	8318	
5392	418	ok	|	0.02	1.00	1.00	0.02	0.01	0	|	rapi	0.02	0.02	0	|	-22.0	0.02(-22)	0.02(-22)	|	8318	
5392	419	ok	|	0.01	1.00	1.00	0.01	0.01	0	|	rapi	0.01	0.01	0	|	-22.0	0.01(-22)	0.01(-22)	|	8318	
5392	420	ok	|	0.02	1.00	1.00	0.02	0.01	0	|	rapi	0.02	0.02	0	|	-22.0	0.02(-22)	0.02(-22)	|	8318	
5392	421	ok	|	0.02	1.00	1.00	0.02	0.01	0	|	rapi	0.02	0.02	0	|	-22.0	0.02(-22)	0.02(-22)	|	8318	
5392	422	ok	|	0.01	1.00	1.00	0.01	0.01	0	|	rapi	0.01	0.01	0	|	-22.0	0.01(-22)	0.01(-22)	|	8318	
5392	423	ok	|	0.01	1.00	1.00	0.01	0.01	0	|	rapi	0.01	0.01	0	|	-22.0	0.01(-22)	0.01(-22)	|	8318	
5392	424	ok	|	0.01	1.00	1.00	0.01	0.00	0	|	rapi	0.01	0.01	0	|	-22.0	0.01(-22)	0.01(-22)	|	8318	
5392	425	ok	|	0.00	1.00	1.00	0.00	0.00	0	|	rapi	0.00	0.00	0	|	-22.0	0.00(-22)	0.00(-22)	|	8318	
5392	426	ok	|	0.00	1.00	1.00	0.00	0.00	0	|	rapi	0.00	0.00	0	|	-22.0	0.00(-22)	0.00(-22)	|	8318	
5392	427	ok	|	0.00	1.00	1.00	0.00	0.00	0	|	rapi	0.00	0.00	0	|	-22.0	0.00(-22)	0.00(-22)	|	8318	
5392	428	ok	|	0.00	1.00	1.00	0.00	0.00	0	|	rapi	0.00	0.00	0	|	-22.0	0.00(-22)	0.00(-22)	|	8318	
5392	429	ok	|	0.00	1.00	1.00	0.00	0.00	0	|	rapi	0.00	0.00	0	|	-22.0	0.00(-22)	0.00(-22)	|	8318	
5392	430	fail-0	|	0.00	1.00	1.00	0.00	NaN	0	|	rapi	0.00	0.00	0	|	NaN			|	8318	
