5474	0	ok	|	0.09	1.00	1.00	0.10	0.00	0	|	rapi	0.00	0.00	0	|	-40.0	0.10(-40)		|	8	
5474	1	ok	|	0.08	1.00	1.00	0.10	0.00	0	|	rapi	0.00	0.00	0	|	-40.0	0.10(-40)		|	8	
5474	2	ok	|	0.09	1.00	1.00	0.12	0.00	0	|	rapi	0.00	0.00	0	|	-40.0	0.12(-40)		|	8	
5474	3	ok	|	0.09	1.00	1.00	0.11	0.00	0	|	rapi	0.00	0.00	0	|	-40.0	0.11(-40)		|	8	
5474	4	ok	|	0.11	1.00	1.00	0.14	0.00	0	|	rapi	0.00	0.00	0	|	-40.0	0.14(-40)		|	8	
5474	5	ok	|	0.12	1.00	1.00	0.16	0.00	0	|	rapi	0.00	0.00	0	|	-40.0	0.16(-40)		|	8	
5474	6	ok	|	0.15	1.00	1.00	0.19	0.00	0	|	rapi	0.00	0.00	0	|	-40.0	0.19(-40)		|	8	
5474	7	ok	|	0.16	1.00	1.00	0.21	0.00	0	|	rapi	0.00	0.00	0	|	-40.0	0.21(-40)		|	8	
5474	8	ok	|	0.17	1.00	1.00	0.21	0.00	0	|	rapi	0.00	0.00	0	|	-40.0	0.21(-40)		|	8	
5474	9	ok	|	0.19	1.00	1.00	0.24	0.00	0	|	rapi	0.00	0.00	0	|	-40.0	0.24(-40)		|	8	
5474	10	ok	|	0.21	1.00	1.00	0.28	0.00	0	|	rapi	0.00	0.00	0	|	-40.0	0.28(-40)		|	8	
5474	11	ok	|	0.25	1.00	1.00	0.36	0.00	0	|	rapi	0.00	0.00	0	|	-40.0	0.36(-40)		|	8	
5474	12	ok	|	0.28	1.00	1.00	0.40	0.00	0	|	rapi	0.00	0.00	0	|	-40.0	0.40(-40)		|	8	
5474	13	ok	|	0.31	1.00	1.00	0.49	0.00	0	|	rapi	0.00	0.00	0	|	-40.0	0.49(-40)		|	8	
5474	14	ok	|	0.35	0.99	0.99	0.57	0.00	0	|	rapi	0.00	0.00	0	|	-40.0	0.57(-40)		|	8	
5474	15	ok	|	0.40	0.99	0.99	0.64	0.00	0	|	rapi	0.00	0.00	0	|	-40.0	0.64(-40)		|	8	
5474	16	ok	|	0.47	0.99	0.99	0.78	0.00	0	|	rapi	0.00	0.00	0	|	-40.0	0.78(-40)		|	8	
5474	17	ok	|	0.51	0.99	0.99	0.83	0.00	0	|	rapi	0.00	0.00	0	|	-40.0	0.83(-40)		|	8	
5474	18	ok	|	0.52	0.99	0.99	0.95	0.00	0	|	rapi	0.00	0.00	0	|	-40.0	0.95(-40)		|	8	
5474	19	ok	|	0.57	0.99	0.99	1.16	0.00	0	|	rapi	0.00	0.00	0	|	-40.0	1.16(-40)	0.00(-40)	|	8	
5474	20	ok	|	0.62	0.99	0.99	1.27	0.00	0	|	rapi	0.00	0.00	0	|	-40.0	1.27(-40)	0.00(-40)	|	8	
5474	21	ok	|	0.70	0.98	0.98	1.61	0.00	0	|	rapi	0.00	0.00	0	|	-40.0	1.61(-40)	0.00(-40)	|	8	
5474	22	ok	|	0.79	0.98	0.98	2.00	0.00	0	|	rapi	0.01	0.01	0	|	-40.0	2.00(-40)	0.01(-40)	|	8	
5474	23	ok	|	0.85	0.98	0.98	2.34	0.00	0	|	rapi	0.00	0.00	0	|	-40.0	2.34(-40)	0.00(-40)	|	8	
5474	24	ok	|	0.88	0.97	0.97	2.75	0.00	0	|	rapi	0.00	0.00	0	|	-40.0	2.75(-40)	0.00(-40)	|	8	
5474	25	ok	|	0.90	0.97	0.97	3.31	0.00	0	|	rapi	0.00	0.00	0	|	-40.0	3.31(-40)	0.00(-40)	|	8	
5474	26	ok	|	0.93	0.96	0.96	3.74	0.00	0	|	rapi	0.00	0.00	0	|	-40.0	3.74(-40)	0.00(-40)	|	8	
5474	27	ok	|	0.96	0.96	0.96	4.38	0.00	0	|	rapi	0.00	0.00	0	|	-40.0	4.38(-40)		|	8	
5474	28	ok	|	0.98	0.95	0.95	5.23	0.00	0	|	rapi	0.00	0.00	0	|	-40.0	5.23(-40)		|	8	
5474	29	ok	|	0.99	0.94	0.94	6.17	0.00	0	|	rapi	0.00	0.00	0	|	-40.0	6.17(-40)		|	8	
5474	30	ok	|	0.99	0.93	0.93	7.04	0.00	0	|	rapi	0.00	0.00	0	|	-40.0	7.04(-40)		|	8	
5474	31	ok	|	1.00	0.92	0.92	8.36	0.00	0	|	rapi	0.00	0.00	0	|	-40.0	8.36(-40)		|	8	
5474	32	ok	|	1.00	0.90	0.90	9.93	0.00	0	|	rapi	0.00	0.00	0	|	-40.0	9.93(-40)		|	8	
5474	33	ok	|	1.00	0.88	0.88	11.90	0.00	0	|	rapi	0.00	0.00	0	|	-40.0	11.90(-40)	0.00(-40)	|	8	
5474	34	ok	|	1.00	0.86	0.86	14.03	0.00	0	|	rapi	0.00	0.00	0	|	-40.0	14.03(-40)	0.00(-40)	|	8	
5474	35	ok	|	1.00	0.84	0.84	16.21	0.00	0	|	rapi	0.00	0.00	0	|	-40.0	16.21(-40)	0.00(-40)	|	8	
5474	36	ok	|	1.00	0.81	0.81	19.28	0.00	0	|	rapi	0.00	0.00	0	|	-40.0	19.28(-40)	0.00(-40)	|	8	
5474	37	ok	|	1.00	0.77	0.77	22.93	0.00	0	|	rapi	0.00	0.00	0	|	-40.0	22.93(-40)	0.00(-40)	|	8	
5474	38	ok	|	1.00	0.73	0.73	26.88	0.00	0	|	rapi	0.01	0.01	0	|	-40.0	26.88(-40)	0.01(-40)	|	8	
5474	39	ok	|	1.00	0.68	0.68	31.70	0.00	0	|	rapi	0.01	0.01	0	|	-40.0	31.70(-40)	0.01(-40)	|	8	
5474	40	ok	|	1.00	0.63	0.63	37.25	0.00	0	|	rapi	0.01	0.01	0	|	-40.0	37.25(-40)	0.01(-40)	|	8	
5474	41	ok	|	1.00	0.57	0.57	43.39	0.00	0	|	rapi	0.01	0.01	0	|	-40.0	43.39(-40)	0.01(-40)	|	8	
5474	42	ok	|	1.00	0.50	0.50	50.48	0.00	0	|	rapi	0.01	0.01	0	|	-40.0	50.48(-40)	0.01(-40)	|	8	
5474	43	ok	|	1.00	0.41	0.41	58.93	0.00	0	|	rapi	0.01	0.01	0	|	-40.0	58.93(-40)	0.01(-40)	|	8	
5474	44	ok	|	1.00	0.32	0.32	67.77	0.00	0	|	rapi	0.02	0.02	0	|	-40.0	67.77(-40)	0.02(-40)	|	8	
5474	45	ok	|	1.00	0.23	0.23	77.25	0.00	0	|	rapi	0.02	0.02	0	|	-40.0	77.25(-40)	0.02(-40)	|	8	
5474	46	ok	|	1.00	0.14	0.14	86.31	0.00	0	|	rapi	0.03	0.03	0	|	-40.0	86.31(-40)	0.03(-40)	|	8	
5474	47	fail-w	|	1.00	0.09	0.09	93.84	0.00	0	|	rapi	0.05	0.05	0	|	-40.0	93.84(-40)	0.05(-40)	|	8	
