5535	0	ok	|	0.10	1.00	1.00	0.10	0.00	0	|	rapi	0.00	0.00	0	|	-17.0	0.10(-17)		|	1	
5535	1	ok	|	0.09	1.00	1.00	0.10	0.00	0	|	rapi	0.00	0.00	0	|	-17.0	0.10(-17)		|	1	
5535	2	ok	|	0.10	1.00	1.00	0.11	0.00	0	|	rapi	0.00	0.00	0	|	-17.0	0.11(-17)		|	1	
5535	3	ok	|	0.12	1.00	1.00	0.15	0.00	0	|	rapi	0.00	0.00	0	|	-17.0	0.15(-17)		|	1	
5535	4	ok	|	0.14	1.00	1.00	0.18	0.00	0	|	rapi	0.00	0.00	0	|	-17.0	0.18(-17)		|	1	
5535	5	ok	|	0.15	1.00	1.00	0.19	0.00	0	|	rapi	0.00	0.00	0	|	-17.0	0.19(-17)		|	1	
5535	6	ok	|	0.17	1.00	1.00	0.23	0.00	0	|	rapi	0.00	0.00	0	|	-17.0	0.23(-17)		|	1	
5535	7	ok	|	0.18	1.00	1.00	0.25	0.00	0	|	rapi	0.00	0.00	0	|	-17.0	0.25(-17)		|	1	
5535	8	ok	|	0.21	1.00	1.00	0.30	0.00	0	|	rapi	0.00	0.00	0	|	-17.0	0.30(-17)		|	1	
5535	9	ok	|	0.24	1.00	1.00	0.35	0.00	0	|	rapi	0.00	0.00	0	|	-17.0	0.35(-17)		|	1	
5535	10	ok	|	0.28	1.00	1.00	0.42	0.00	0	|	rapi	0.00	0.00	0	|	-17.0	0.42(-17)		|	1	
5535	11	ok	|	0.32	0.99	0.99	0.50	0.00	0	|	rapi	0.00	0.00	0	|	-17.0	0.50(-17)		|	1	
5535	12	ok	|	0.37	0.99	0.99	0.58	0.00	0	|	rapi	0.00	0.00	0	|	-17.0	0.58(-17)		|	1	
5535	13	ok	|	0.41	0.99	0.99	0.71	0.00	0	|	rapi	0.00	0.00	0	|	-17.0	0.71(-17)		|	1	
5535	14	ok	|	0.48	0.99	0.99	0.87	0.00	0	|	rapi	0.00	0.00	0	|	-17.0	0.87(-17)		|	1	
5535	15	ok	|	0.55	0.99	0.99	1.08	0.00	0	|	rapi	0.00	0.00	0	|	-17.0	1.08(-17)		|	1	
5535	16	ok	|	0.60	0.99	0.99	1.20	0.00	0	|	rapi	0.00	0.00	0	|	-17.0	1.20(-17)		|	1	
5535	17	ok	|	0.68	0.99	0.99	1.45	0.00	0	|	rapi	0.00	0.00	0	|	-17.0	1.45(-17)		|	1	
5535	18	ok	|	0.75	0.98	0.98	1.76	0.00	0	|	rapi	0.00	0.00	0	|	-17.0	1.76(-17)		|	1	
5535	19	ok	|	0.78	0.98	0.98	2.09	0.00	0	|	rapi	0.00	0.00	0	|	-17.0	2.09(-17)		|	1	
5535	20	ok	|	0.85	0.98	0.98	2.46	0.00	0	|	rapi	0.00	0.00	0	|	-17.0	2.46(-17)		|	1	
5535	21	ok	|	0.90	0.97	0.97	2.98	0.00	0	|	rapi	0.00	0.00	0	|	-17.0	2.98(-17)		|	1	
5535	22	ok	|	0.93	0.97	0.97	3.42	0.00	0	|	rapi	0.00	0.00	0	|	-17.0	3.42(-17)		|	1	
5535	23	ok	|	0.95	0.96	0.96	4.10	0.00	0	|	rapi	0.00	0.00	0	|	-17.0	4.10(-17)		|	1	
5535	24	ok	|	0.98	0.95	0.95	4.75	0.00	0	|	rapi	0.00	0.00	0	|	-17.0	4.75(-17)	0.00(-17)	|	1	
5535	25	ok	|	0.98	0.94	0.94	5.51	0.00	0	|	rapi	0.00	0.00	0	|	-17.0	5.51(-17)		|	1	
5535	26	ok	|	0.99	0.94	0.94	6.38	0.00	0	|	rapi	0.00	0.00	0	|	-17.0	6.38(-17)		|	1	
5535	27	ok	|	1.00	0.93	0.93	7.47	0.00	0	|	rapi	0.00	0.00	0	|	-17.0	7.47(-17)		|	1	
5535	28	ok	|	1.00	0.91	0.91	8.89	0.00	0	|	rapi	0.00	0.00	0	|	-17.0	8.89(-17)		|	1	
5535	29	ok	|	1.00	0.89	0.89	10.75	0.00	0	|	rapi	0.00	0.00	0	|	-17.0	10.75(-17)		|	1	
5535	30	ok	|	1.00	0.87	0.87	12.69	0.00	0	|	rapi	0.00	0.00	0	|	-17.0	12.69(-17)		|	1	
5535	31	ok	|	1.00	0.85	0.85	15.00	0.00	0	|	rapi	0.00	0.00	0	|	-17.0	15.00(-17)		|	1	
5535	32	ok	|	1.00	0.82	0.82	17.70	0.00	0	|	rapi	0.00	0.00	0	|	-17.0	17.70(-17)		|	1	
5535	33	ok	|	1.00	0.79	0.79	21.01	0.00	0	|	rapi	0.00	0.00	0	|	-17.0	21.01(-17)		|	1	
5535	34	ok	|	1.00	0.76	0.76	24.47	0.00	0	|	rapi	0.00	0.00	0	|	-17.0	24.47(-17)		|	1	
5535	35	ok	|	1.00	0.71	0.71	28.81	0.00	0	|	rapi	0.00	0.00	0	|	-17.0	28.81(-17)	0.00(-17)	|	1	
5535	36	ok	|	1.00	0.66	0.66	33.80	0.00	0	|	rapi	0.00	0.00	0	|	-17.0	33.80(-17)	0.00(-17)	|	1	
5535	37	ok	|	1.00	0.61	0.61	39.42	0.00	0	|	rapi	0.00	0.00	0	|	-17.0	39.42(-17)	0.00(-17)	|	1	
5535	38	ok	|	1.00	0.53	0.53	46.55	0.00	0	|	rapi	0.01	0.01	0	|	-17.0	46.55(-17)	0.01(-17)	|	1	
5535	39	ok	|	1.00	0.46	0.46	54.17	0.00	0	|	rapi	0.01	0.01	0	|	-17.0	54.17(-17)	0.01(-17)	|	1	
5535	40	ok	|	1.00	0.38	0.38	62.29	0.00	0	|	rapi	0.02	0.02	0	|	-17.0	62.29(-17)	0.02(-17)	|	1	
5535	41	ok	|	1.00	0.29	0.29	71.41	0.00	0	|	rapi	0.02	0.02	0	|	-17.0	71.41(-17)	0.02(-17)	|	1	
5535	42	ok	|	1.00	0.19	0.19	80.82	0.00	0	|	rapi	0.02	0.02	0	|	-17.0	80.82(-17)	0.02(-17)	|	1	
5535	43	ok	|	1.00	0.12	0.12	89.33	0.00	0	|	rapi	0.04	0.04	0	|	-17.0	89.33(-17)	0.04(-17)	|	1	
5535	44	fail-w	|	1.00	0.07	0.07	95.21	0.00	0	|	rapi	0.08	0.08	0	|	-17.0	95.21(-17)	0.08(-17)	|	1	
