5559	0	ok	|	0.10	1.00	1.00	0.10	0.00	0	|	rapi	0.09	0.09	0	|	62.0	0.10(62)	0.09(62)	|	7706	
5559	1	ok	|	0.10	1.00	1.00	0.10	0.00	0	|	rapi	0.09	0.10	0	|	62.0	0.10(62)	0.10(62)	|	7706	
5559	2	ok	|	0.10	1.00	1.00	0.10	0.00	0	|	rapi	0.10	0.10	0	|	62.0	0.10(62)	0.10(62)	|	7706	
5559	3	ok	|	0.08	1.00	1.00	0.09	0.00	0	|	rapi	0.08	0.09	0	|	62.0	0.09(62)	0.09(62)	|	7706	
5559	4	ok	|	0.09	1.00	1.00	0.09	0.00	0	|	rapi	0.09	0.09	0	|	62.0	0.09(62)	0.09(62)	|	7706	
5559	5	ok	|	0.08	1.00	1.00	0.09	0.00	0	|	rapi	0.08	0.09	0	|	62.0	0.09(62)	0.09(62)	|	7706	
5559	6	ok	|	0.08	1.00	1.00	0.09	0.00	0	|	rapi	0.08	0.09	0	|	62.0	0.09(62)	0.09(62)	|	7706	
5559	7	ok	|	0.06	1.00	1.00	0.07	0.00	0	|	rapi	0.06	0.07	0	|	62.0	0.07(62)	0.07(62)	|	7706	
5559	8	ok	|	0.06	1.00	1.00	0.06	0.00	0	|	rapi	0.06	0.06	0	|	62.0	0.06(62)	0.06(62)	|	7706	
5559	9	ok	|	0.06	1.00	1.00	0.07	0.00	0	|	rapi	0.06	0.07	0	|	62.0	0.07(62)	0.07(62)	|	7706	
5559	10	ok	|	0.07	1.00	1.00	0.08	0.00	0	|	rapi	0.07	0.08	0	|	62.0	0.08(62)	0.08(62)	|	7706	
5559	11	ok	|	0.07	1.00	1.00	0.07	0.00	0	|	rapi	0.07	0.07	0	|	62.0	0.07(62)	0.07(62)	|	7706	
5559	12	ok	|	0.07	1.00	1.00	0.07	0.00	0	|	rapi	0.07	0.07	0	|	62.0	0.07(62)	0.07(62)	|	7706	
5559	13	ok	|	0.08	1.00	1.00	0.09	0.00	0	|	rapi	0.08	0.09	0	|	62.0	0.09(62)	0.09(62)	|	7706	
5559	14	ok	|	0.08	1.00	1.00	0.08	0.00	0	|	rapi	0.08	0.08	0	|	62.0	0.08(62)	0.08(62)	|	7706	
5559	15	ok	|	0.07	1.00	1.00	0.07	0.00	0	|	rapi	0.07	0.07	0	|	62.0	0.07(62)	0.07(62)	|	7706	
5559	16	ok	|	0.09	1.00	1.00	0.09	0.01	0	|	rapi	0.09	0.09	0	|	62.0	0.09(62)	0.09(62)	|	7706	
5559	17	ok	|	0.09	1.00	1.00	0.09	0.01	0	|	rapi	0.09	0.09	0	|	62.0	0.09(62)	0.09(62)	|	7706	
5559	18	ok	|	0.09	1.00	1.00	0.09	0.01	0	|	rapi	0.09	0.09	0	|	62.0	0.09(62)	0.09(62)	|	7706	
5559	19	ok	|	0.08	1.00	1.00	0.09	0.01	0	|	rapi	0.08	0.09	0	|	62.0	0.09(62)	0.09(62)	|	7706	
5559	20	ok	|	0.08	1.00	1.00	0.08	0.01	0	|	rapi	0.08	0.08	0	|	62.0	0.08(62)	0.08(62)	|	7706	
5559	21	ok	|	0.07	1.00	1.00	0.08	0.01	0	|	rapi	0.07	0.08	0	|	62.0	0.08(62)	0.08(62)	|	7706	
5559	22	ok	|	0.06	1.00	1.00	0.07	0.01	0	|	rapi	0.06	0.07	0	|	62.0	0.07(62)	0.07(62)	|	7706	
5559	23	ok	|	0.06	1.00	1.00	0.06	0.01	0	|	rapi	0.06	0.06	0	|	62.0	0.06(62)	0.06(62)	|	7706	
5559	24	ok	|	0.05	1.00	1.00	0.06	0.01	0	|	rapi	0.05	0.06	0	|	62.0	0.06(62)	0.06(62)	|	7706	
5559	25	ok	|	0.05	1.00	1.00	0.05	0.01	0	|	rapi	0.05	0.05	0	|	62.0	0.05(62)	0.05(62)	|	7706	
5559	26	ok	|	0.05	1.00	1.00	0.05	0.01	0	|	rapi	0.05	0.05	0	|	62.0	0.05(62)	0.05(62)	|	7706	
5559	27	ok	|	0.04	1.00	1.00	0.05	0.00	0	|	rapi	0.04	0.05	0	|	62.0	0.05(62)	0.05(62)	|	7706	
5559	28	ok	|	0.04	1.00	1.00	0.04	0.00	0	|	rapi	0.04	0.04	0	|	62.0	0.04(62)	0.04(62)	|	7706	
5559	29	ok	|	0.04	1.00	1.00	0.05	0.00	0	|	rapi	0.04	0.05	0	|	62.0	0.05(62)	0.05(62)	|	7706	
5559	30	ok	|	0.04	1.00	1.00	0.05	0.00	0	|	rapi	0.04	0.05	0	|	62.0	0.05(62)	0.05(62)	|	7706	
5559	31	ok	|	0.04	1.00	1.00	0.05	0.00	0	|	rapi	0.04	0.05	0	|	62.0	0.05(62)	0.05(62)	|	7706	
5559	32	ok	|	0.04	1.00	1.00	0.04	0.01	0	|	rapi	0.04	0.04	0	|	62.0	0.04(62)	0.04(62)	|	7706	
5559	33	ok	|	0.04	1.00	1.00	0.05	0.01	0	|	rapi	0.04	0.05	0	|	62.0	0.05(62)	0.05(62)	|	7706	
5559	34	ok	|	0.04	1.00	1.00	0.04	0.01	0	|	rapi	0.04	0.04	0	|	62.0	0.04(62)	0.04(62)	|	7706	
5559	35	ok	|	0.04	1.00	1.00	0.04	0.01	0	|	rapi	0.04	0.04	0	|	62.0	0.04(62)	0.04(62)	|	7706	
5559	36	ok	|	0.05	1.00	1.00	0.05	0.01	0	|	rapi	0.05	0.05	0	|	62.0	0.05(62)	0.05(62)	|	7706	
5559	37	ok	|	0.04	1.00	1.00	0.04	0.01	0	|	rapi	0.04	0.04	0	|	62.0	0.04(62)	0.04(62)	|	7706	
5559	38	ok	|	0.03	1.00	1.00	0.03	0.01	0	|	rapi	0.03	0.03	0	|	62.0	0.03(62)	0.03(62)	|	7706	
5559	39	ok	|	0.02	1.00	1.00	0.02	0.00	0	|	rapi	0.02	0.02	0	|	62.0	0.02(62)	0.02(62)	|	7706	
5559	40	ok	|	0.02	1.00	1.00	0.02	0.00	0	|	rapi	0.02	0.02	0	|	62.0	0.02(62)	0.02(62)	|	7706	
5559	41	ok	|	0.01	1.00	1.00	0.01	0.00	0	|	rapi	0.01	0.01	0	|	62.0	0.01(62)	0.01(62)	|	7706	
5559	42	ok	|	0.01	1.00	1.00	0.01	0.00	0	|	rapi	0.01	0.01	0	|	62.0	0.01(62)	0.01(62)	|	7706	
5559	43	ok	|	0.01	1.00	1.00	0.01	0.00	0	|	rapi	0.01	0.01	0	|	62.0	0.01(62)	0.01(62)	|	7706	
5559	44	ok	|	0.01	1.00	1.00	0.01	0.00	0	|	rapi	0.01	0.01	0	|	62.0	0.01(62)	0.01(62)	|	7706	
5559	45	ok	|	0.01	1.00	1.00	0.01	0.00	0	|	rapi	0.01	0.01	0	|	62.0	0.01(62)	0.01(62)	|	7706	
5559	46	ok	|	0.01	1.00	1.00	0.01	0.00	0	|	rapi	0.01	0.01	0	|	62.0	0.01(62)	0.01(62)	|	7706	
5559	47	ok	|	0.02	1.00	1.00	0.02	0.00	0	|	rapi	0.02	0.02	0	|	62.0	0.02(62)	0.02(62)	|	7706	
5559	48	ok	|	0.01	1.00	1.00	0.01	0.00	0	|	rapi	0.01	0.01	0	|	62.0	0.01(62)	0.01(62)	|	7706	
5559	49	ok	|	0.02	1.00	1.00	0.02	0.00	0	|	rapi	0.02	0.02	0	|	62.0	0.02(62)	0.02(62)	|	7706	
5559	50	ok	|	0.01	1.00	1.00	0.01	0.00	0	|	rapi	0.01	0.01	0	|	62.0	0.01(62)	0.01(62)	|	7706	
5559	51	ok	|	0.01	1.00	1.00	0.01	0.01	0	|	rapi	0.01	0.01	0	|	62.0	0.01(62)	0.01(62)	|	7706	
5559	52	ok	|	0.01	1.00	1.00	0.01	0.01	0	|	rapi	0.01	0.01	0	|	62.0	0.01(62)	0.01(62)	|	7706	
5559	53	ok	|	0.02	1.00	1.00	0.02	0.01	0	|	rapi	0.02	0.02	0	|	62.0	0.02(62)	0.02(62)	|	7706	
5559	54	ok	|	0.01	1.00	1.00	0.01	0.01	0	|	rapi	0.01	0.01	0	|	62.0	0.01(62)	0.01(62)	|	7706	
5559	55	ok	|	0.01	1.00	1.00	0.01	0.01	0	|	rapi	0.01	0.01	0	|	62.0	0.01(62)	0.01(62)	|	7706	
5559	56	ok	|	0.01	1.00	1.00	0.01	0.01	0	|	rapi	0.01	0.01	0	|	62.0	0.01(62)	0.01(62)	|	7706	
5559	57	ok	|	0.01	1.00	1.00	0.01	0.01	0	|	rapi	0.01	0.01	0	|	62.0	0.01(62)	0.01(62)	|	7706	
5559	58	ok	|	0.01	1.00	1.00	0.01	0.01	0	|	rapi	0.01	0.01	0	|	62.0	0.01(62)	0.01(62)	|	7706	
5559	59	ok	|	0.02	1.00	1.00	0.02	0.01	0	|	rapi	0.02	0.02	0	|	62.0	0.02(62)	0.02(62)	|	7706	
5559	60	ok	|	0.01	1.00	1.00	0.01	0.01	0	|	rapi	0.01	0.01	0	|	62.0	0.01(62)	0.01(62)	|	7706	
5559	61	ok	|	0.01	1.00	1.00	0.01	0.00	0	|	rapi	0.01	0.01	0	|	62.0	0.01(62)	0.01(62)	|	7706	
5559	62	ok	|	0.00	1.00	1.00	0.00	0.00	0	|	rapi	0.00	0.00	0	|	62.0	0.00(62)	0.00(62)	|	7706	
5559	63	ok	|	0.01	1.00	1.00	0.01	0.00	0	|	rapi	0.01	0.01	0	|	62.0	0.01(62)	0.01(62)	|	7706	
5559	64	ok	|	0.00	1.00	1.00	0.00	0.00	0	|	rapi	0.00	0.00	0	|	62.0	0.00(62)	0.00(62)	|	7706	
5559	65	ok	|	0.01	1.00	1.00	0.01	0.00	0	|	rapi	0.01	0.01	0	|	62.0	0.01(62)	0.01(62)	|	7706	
5559	66	ok	|	0.00	1.00	1.00	0.00	0.00	0	|	rapi	0.00	0.00	0	|	62.0	0.00(62)	0.00(62)	|	7706	
5559	67	ok	|	0.00	1.00	1.00	0.00	0.00	0	|	rapi	0.00	0.00	0	|	62.0	0.00(62)	0.00(62)	|	7706	
5559	68	ok	|	0.00	1.00	1.00	0.00	0.00	0	|	rapi	0.00	0.00	0	|	62.0	0.00(62)	0.00(62)	|	7706	
5559	69	ok	|	0.00	1.00	1.00	0.00	0.00	0	|	rapi	0.00	0.00	0	|	62.0	0.00(62)	0.00(62)	|	7706	
5559	70	ok	|	0.01	1.00	1.00	0.01	0.00	0	|	rapi	0.01	0.01	0	|	62.0	0.01(62)	0.01(62)	|	7706	
5559	71	ok	|	0.01	1.00	1.00	0.01	0.00	0	|	rapi	0.01	0.01	0	|	62.0	0.01(62)	0.01(62)	|	7706	
5559	72	ok	|	0.01	1.00	1.00	0.01	0.01	0	|	rapi	0.01	0.01	0	|	62.0	0.01(62)	0.01(62)	|	7706	
5559	73	ok	|	0.01	1.00	1.00	0.01	0.01	0	|	rapi	0.01	0.01	0	|	62.0	0.01(62)	0.01(62)	|	7706	
5559	74	ok	|	0.01	1.00	1.00	0.01	0.00	0	|	rapi	0.01	0.01	0	|	62.0	0.01(62)	0.01(62)	|	7706	
5559	75	ok	|	0.01	1.00	1.00	0.01	0.00	0	|	rapi	0.01	0.01	0	|	62.0	0.01(62)	0.01(62)	|	7706	
5559	76	ok	|	0.00	1.00	1.00	0.00	0.00	0	|	rapi	0.00	0.00	0	|	62.0	0.00(62)	0.00(62)	|	7706	
5559	77	ok	|	0.00	1.00	1.00	0.00	0.00	0	|	rapi	0.00	0.00	0	|	62.0	0.00(62)	0.00(62)	|	7706	
5559	78	ok	|	0.00	1.00	1.00	0.00	0.00	0	|	rapi	0.00	0.00	0	|	62.0	0.00(62)	0.00(62)	|	7706	
5559	79	ok	|	0.00	1.00	1.00	0.00	0.00	0	|	rapi	0.00	0.00	0	|	62.0	0.00(62)	0.00(62)	|	7706	
5559	80	ok	|	0.01	1.00	1.00	0.01	0.00	0	|	rapi	0.01	0.01	0	|	62.0	0.01(62)	0.01(62)	|	7706	
5559	81	ok	|	0.00	1.00	1.00	0.00	0.00	0	|	rapi	0.00	0.00	0	|	62.0	0.00(62)	0.00(62)	|	7706	
5559	82	ok	|	0.00	1.00	1.00	0.00	0.00	0	|	rapi	0.00	0.00	0	|	62.0	0.00(62)	0.00(62)	|	7706	
5559	83	ok	|	0.00	1.00	1.00	0.00	0.00	0	|	rapi	0.00	0.00	0	|	62.0	0.00(62)	0.00(62)	|	7706	
5559	84	ok	|	0.00	1.00	1.00	0.00	0.00	0	|	rapi	0.00	0.00	0	|	62.0	0.00(62)	0.00(62)	|	7706	
5559	85	ok	|	0.00	1.00	1.00	0.00	0.00	0	|	rapi	0.00	0.00	0	|	62.0	0.00(62)	0.00(62)	|	7706	
5559	86	ok	|	0.00	1.00	1.00	0.00	0.00	0	|	rapi	0.00	0.00	0	|	62.0	0.00(62)	0.00(62)	|	7706	
5559	87	ok	|	0.00	1.00	1.00	0.00	0.00	0	|	rapi	0.00	0.00	0	|	62.0	0.00(62)	0.00(62)	|	7706	
5559	88	ok	|	0.00	1.00	1.00	0.00	0.00	0	|	rapi	0.00	0.00	0	|	62.0	0.00(62)	0.00(62)	|	7706	
5559	89	ok	|	0.00	1.00	1.00	0.00	0.00	0	|	rapi	0.00	0.00	0	|	62.0	0.00(62)	0.00(62)	|	7706	
5559	90	ok	|	0.00	1.00	1.00	0.00	0.00	0	|	rapi	0.00	0.00	0	|	62.0	0.00(62)	0.00(62)	|	7706	
5559	91	ok	|	0.00	1.00	1.00	0.00	0.00	0	|	rapi	0.00	0.00	0	|	62.0	0.00(62)	0.00(62)	|	7706	
5559	92	ok	|	0.00	1.00	1.00	0.00	0.00	0	|	rapi	0.00	0.00	0	|	62.0	0.00(62)	0.00(62)	|	7706	
5559	93	ok	|	0.00	1.00	1.00	0.00	0.00	0	|	rapi	0.00	0.00	0	|	62.0	0.00(62)	0.00(62)	|	7706	
5559	94	ok	|	0.00	1.00	1.00	0.00	0.00	0	|	rapi	0.00	0.00	0	|	62.0	0.00(62)	0.00(62)	|	7706	
5559	95	ok	|	0.01	1.00	1.00	0.01	0.00	0	|	rapi	0.01	0.01	0	|	62.0	0.01(62)	0.01(62)	|	7706	
5559	96	ok	|	0.01	1.00	1.00	0.01	0.00	0	|	rapi	0.01	0.01	0	|	62.0	0.01(62)	0.01(62)	|	7706	
5559	97	ok	|	0.01	1.00	1.00	0.01	0.00	0	|	rapi	0.01	0.01	0	|	62.0	0.01(62)	0.01(62)	|	7706	
5559	98	ok	|	0.01	1.00	1.00	0.01	0.00	0	|	rapi	0.01	0.01	0	|	62.0	0.01(62)	0.01(62)	|	7706	
5559	99	ok	|	0.01	1.00	1.00	0.01	0.00	0	|	rapi	0.01	0.01	0	|	62.0	0.01(62)	0.01(62)	|	7706	
5559	100	ok	|	0.00	1.00	1.00	0.00	0.00	0	|	rapi	0.00	0.00	0	|	62.0	0.00(62)	0.00(62)	|	7706	
5559	101	ok	|	0.01	1.00	1.00	0.01	0.00	0	|	rapi	0.01	0.01	0	|	62.0	0.01(62)	0.01(62)	|	7706	
5559	102	ok	|	0.01	1.00	1.00	0.01	0.01	0	|	rapi	0.01	0.01	0	|	62.0	0.01(62)	0.01(62)	|	7706	
5559	103	ok	|	0.01	1.00	1.00	0.01	0.00	0	|	rapi	0.01	0.01	0	|	62.0	0.01(62)	0.01(62)	|	7706	
5559	104	ok	|	0.01	1.00	1.00	0.01	0.00	0	|	rapi	0.01	0.01	0	|	62.0	0.01(62)	0.01(62)	|	7706	
5559	105	ok	|	0.01	1.00	1.00	0.01	0.00	0	|	rapi	0.01	0.01	0	|	62.0	0.01(62)	0.01(62)	|	7706	
5559	106	ok	|	0.01	1.00	1.00	0.01	0.00	0	|	rapi	0.01	0.01	0	|	62.0	0.01(62)	0.01(62)	|	7706	
5559	107	ok	|	0.01	1.00	1.00	0.01	0.00	0	|	rapi	0.01	0.01	0	|	62.0	0.01(62)	0.01(62)	|	7706	
5559	108	ok	|	0.01	1.00	1.00	0.01	0.00	0	|	rapi	0.01	0.01	0	|	62.0	0.01(62)	0.01(62)	|	7706	
5559	109	ok	|	0.00	1.00	1.00	0.00	0.00	0	|	rapi	0.00	0.00	0	|	62.0	0.00(62)	0.00(62)	|	7706	
5559	110	ok	|	0.00	1.00	1.00	0.00	0.00	0	|	rapi	0.00	0.00	0	|	62.0	0.00(62)	0.00(62)	|	7706	
5559	111	ok	|	0.00	1.00	1.00	0.00	0.00	0	|	rapi	0.00	0.00	0	|	62.0	0.00(62)	0.00(62)	|	7706	
5559	112	ok	|	0.00	1.00	1.00	0.00	0.00	0	|	rapi	0.00	0.00	0	|	62.0	0.00(62)	0.00(62)	|	7706	
5559	113	ok	|	0.00	1.00	1.00	0.00	0.00	0	|	rapi	0.00	0.00	0	|	62.0	0.00(62)	0.00(62)	|	7706	
5559	114	ok	|	0.00	1.00	1.00	0.00	0.00	0	|	rapi	0.00	0.00	0	|	62.0	0.00(62)	0.00(62)	|	7706	
5559	115	ok	|	0.00	1.00	1.00	0.00	0.00	0	|	rapi	0.00	0.00	0	|	62.0	0.00(62)	0.00(62)	|	7706	
5559	116	ok	|	0.00	1.00	1.00	0.00	0.00	0	|	rapi	0.00	0.00	0	|	62.0	0.00(62)	0.00(62)	|	7706	
5559	117	ok	|	0.00	1.00	1.00	0.00	0.00	0	|	rapi	0.00	0.00	0	|	62.0	0.00(62)	0.00(62)	|	7706	
5559	118	ok	|	0.00	1.00	1.00	0.00	0.00	0	|	rapi	0.00	0.00	0	|	62.0	0.00(62)	0.00(62)	|	7706	
5559	119	ok	|	0.00	1.00	1.00	0.00	0.00	0	|	rapi	0.00	0.00	0	|	62.0	0.00(62)	0.00(62)	|	7706	
5559	120	ok	|	0.01	1.00	1.00	0.01	0.00	0	|	rapi	0.01	0.01	0	|	62.0	0.01(62)	0.01(62)	|	7706	
5559	121	ok	|	0.00	1.00	1.00	0.00	0.00	0	|	rapi	0.00	0.00	0	|	62.0	0.00(62)	0.00(62)	|	7706	
5559	122	ok	|	0.00	1.00	1.00	0.00	0.00	0	|	rapi	0.00	0.00	0	|	62.0	0.00(62)	0.00(62)	|	7706	
5559	123	ok	|	0.00	1.00	1.00	0.00	0.00	0	|	rapi	0.00	0.00	0	|	62.0	0.00(62)	0.00(62)	|	7706	
5559	124	ok	|	0.00	1.00	1.00	0.00	0.00	0	|	rapi	0.00	0.00	0	|	62.0	0.00(62)	0.00(62)	|	7706	
5559	125	ok	|	0.00	1.00	1.00	0.00	0.00	0	|	rapi	0.00	0.00	0	|	62.0	0.00(62)	0.00(62)	|	7706	
5559	126	ok	|	0.00	1.00	1.00	0.00	0.00	0	|	rapi	0.00	0.00	0	|	62.0	0.00(62)	0.00(62)	|	7706	
5559	127	ok	|	0.00	1.00	1.00	0.00	0.00	0	|	rapi	0.00	0.00	0	|	62.0	0.00(62)	0.00(62)	|	7706	
5559	128	ok	|	0.00	1.00	1.00	0.00	0.00	0	|	rapi	0.00	0.00	0	|	62.0	0.00(62)	0.00(62)	|	7706	
5559	129	ok	|	0.00	1.00	1.00	0.00	0.00	0	|	rapi	0.00	0.00	0	|	62.0	0.00(62)	0.00(62)	|	7706	
5559	130	ok	|	0.00	1.00	1.00	0.00	0.00	0	|	rapi	0.00	0.00	0	|	62.0	0.00(62)	0.00(62)	|	7706	
5559	131	ok	|	0.00	1.00	1.00	0.00	0.00	0	|	rapi	0.00	0.00	0	|	62.0	0.00(62)	0.00(62)	|	7706	
5559	132	ok	|	0.00	1.00	1.00	0.00	0.00	0	|	rapi	0.00	0.00	0	|	62.0	0.00(62)	0.00(62)	|	7706	
5559	133	ok	|	0.00	1.00	1.00	0.00	0.00	0	|	rapi	0.00	0.00	0	|	62.0	0.00(62)	0.00(62)	|	7706	
5559	134	ok	|	0.00	1.00	1.00	0.00	0.00	0	|	rapi	0.00	0.00	0	|	62.0	0.00(62)	0.00(62)	|	7706	
5559	135	ok	|	0.00	1.00	1.00	0.00	0.00	0	|	rapi	0.00	0.00	0	|	62.0	0.00(62)	0.00(62)	|	7706	
5559	136	ok	|	0.00	1.00	1.00	0.00	0.00	0	|	rapi	0.00	0.00	0	|	62.0	0.00(62)	0.00(62)	|	7706	
5559	137	ok	|	0.00	1.00	1.00	0.00	0.00	0	|	rapi	0.00	0.00	0	|	62.0	0.00(62)	0.00(62)	|	7706	
5559	138	ok	|	0.01	1.00	1.00	0.01	0.00	0	|	rapi	0.01	0.01	0	|	62.0	0.01(62)	0.01(62)	|	7706	
5559	139	ok	|	0.01	1.00	1.00	0.01	0.00	0	|	rapi	0.01	0.01	0	|	62.0	0.01(62)	0.01(62)	|	7706	
5559	140	ok	|	0.01	1.00	1.00	0.01	0.01	0	|	rapi	0.01	0.01	0	|	62.0	0.01(62)	0.01(62)	|	7706	
5559	141	ok	|	0.01	1.00	1.00	0.01	0.01	0	|	rapi	0.01	0.01	0	|	62.0	0.01(62)	0.01(62)	|	7706	
5559	142	ok	|	0.01	1.00	1.00	0.01	0.00	0	|	rapi	0.01	0.01	0	|	62.0	0.01(62)	0.01(62)	|	7706	
5559	143	ok	|	0.01	1.00	1.00	0.01	0.00	0	|	rapi	0.01	0.01	0	|	62.0	0.01(62)	0.01(62)	|	7706	
5559	144	ok	|	0.00	1.00	1.00	0.00	0.00	0	|	rapi	0.00	0.00	0	|	62.0	0.00(62)	0.00(62)	|	7706	
5559	145	ok	|	0.00	1.00	1.00	0.00	0.00	0	|	rapi	0.00	0.00	0	|	62.0	0.00(62)	0.00(62)	|	7706	
5559	146	ok	|	0.01	1.00	1.00	0.01	0.00	0	|	rapi	0.01	0.01	0	|	62.0	0.01(62)	0.01(62)	|	7706	
5559	147	ok	|	0.01	1.00	1.00	0.01	0.00	0	|	rapi	0.01	0.01	0	|	62.0	0.01(62)	0.01(62)	|	7706	
5559	148	ok	|	0.01	1.00	1.00	0.01	0.00	0	|	rapi	0.01	0.01	0	|	62.0	0.01(62)	0.01(62)	|	7706	
5559	149	ok	|	0.01	1.00	1.00	0.01	0.00	0	|	rapi	0.01	0.01	0	|	62.0	0.01(62)	0.01(62)	|	7706	
5559	150	ok	|	0.00	1.00	1.00	0.00	0.00	0	|	rapi	0.00	0.00	0	|	62.0	0.00(62)	0.00(62)	|	7706	
5559	151	ok	|	0.01	1.00	1.00	0.01	0.00	0	|	rapi	0.01	0.01	0	|	62.0	0.01(62)	0.01(62)	|	7706	
5559	152	ok	|	0.00	1.00	1.00	0.00	0.00	0	|	rapi	0.00	0.00	0	|	62.0	0.00(62)	0.00(62)	|	7706	
5559	153	ok	|	0.00	1.00	1.00	0.00	0.00	0	|	rapi	0.00	0.00	0	|	62.0	0.00(62)	0.00(62)	|	7706	
5559	154	ok	|	0.00	1.00	1.00	0.00	0.00	0	|	rapi	0.00	0.00	0	|	62.0	0.00(62)	0.00(62)	|	7706	
5559	155	ok	|	0.00	1.00	1.00	0.00	0.00	0	|	rapi	0.00	0.00	0	|	62.0	0.00(62)	0.00(62)	|	7706	
5559	156	ok	|	0.01	1.00	1.00	0.01	0.00	0	|	rapi	0.01	0.01	0	|	62.0	0.01(62)	0.01(62)	|	7706	
5559	157	ok	|	0.01	1.00	1.00	0.01	0.00	0	|	rapi	0.01	0.01	0	|	62.0	0.01(62)	0.01(62)	|	7706	
5559	158	ok	|	0.01	1.00	1.00	0.01	0.01	0	|	rapi	0.01	0.01	0	|	62.0	0.01(62)	0.01(62)	|	7706	
5559	159	ok	|	0.01	1.00	1.00	0.01	0.01	0	|	rapi	0.01	0.01	0	|	62.0	0.01(62)	0.01(62)	|	7706	
5559	160	ok	|	0.01	1.00	1.00	0.01	0.01	0	|	rapi	0.01	0.01	0	|	62.0	0.01(62)	0.01(62)	|	7706	
5559	161	ok	|	0.01	1.00	1.00	0.01	0.01	0	|	rapi	0.01	0.01	0	|	62.0	0.01(62)	0.01(62)	|	7706	
5559	162	ok	|	0.01	1.00	1.00	0.01	0.00	0	|	rapi	0.01	0.01	0	|	62.0	0.01(62)	0.01(62)	|	7706	
5559	163	ok	|	0.01	1.00	1.00	0.01	0.00	0	|	rapi	0.01	0.01	0	|	62.0	0.01(62)	0.01(62)	|	7706	
5559	164	ok	|	0.01	1.00	1.00	0.01	0.00	0	|	rapi	0.01	0.01	0	|	62.0	0.01(62)	0.01(62)	|	7706	
5559	165	ok	|	0.01	1.00	1.00	0.01	0.00	0	|	rapi	0.01	0.01	0	|	62.0	0.01(62)	0.01(62)	|	7706	
5559	166	ok	|	0.02	1.00	1.00	0.02	0.01	0	|	rapi	0.02	0.02	0	|	62.0	0.02(62)	0.02(62)	|	7706	
5559	167	ok	|	0.01	1.00	1.00	0.01	0.01	0	|	rapi	0.01	0.01	0	|	62.0	0.01(62)	0.01(62)	|	7706	
5559	168	ok	|	0.01	1.00	1.00	0.01	0.01	0	|	rapi	0.01	0.01	0	|	62.0	0.01(62)	0.01(62)	|	7706	
5559	169	ok	|	0.02	1.00	1.00	0.02	0.01	0	|	rapi	0.02	0.02	0	|	62.0	0.02(62)	0.02(62)	|	7706	
5559	170	ok	|	0.01	1.00	1.00	0.01	0.00	0	|	rapi	0.01	0.01	0	|	62.0	0.01(62)	0.01(62)	|	7706	
5559	171	ok	|	0.01	1.00	1.00	0.01	0.00	0	|	rapi	0.01	0.01	0	|	62.0	0.01(62)	0.01(62)	|	7706	
5559	172	ok	|	0.01	1.00	1.00	0.01	0.00	0	|	rapi	0.01	0.01	0	|	62.0	0.01(62)	0.01(62)	|	7706	
5559	173	ok	|	0.01	1.00	1.00	0.01	0.00	0	|	rapi	0.01	0.01	0	|	62.0	0.01(62)	0.01(62)	|	7706	
5559	174	ok	|	0.01	1.00	1.00	0.01	0.00	0	|	rapi	0.01	0.01	0	|	62.0	0.01(62)	0.01(62)	|	7706	
5559	175	ok	|	0.00	1.00	1.00	0.00	0.00	0	|	rapi	0.00	0.00	0	|	62.0	0.00(62)	0.00(62)	|	7706	
5559	176	ok	|	0.00	1.00	1.00	0.00	0.00	0	|	rapi	0.00	0.00	0	|	62.0	0.00(62)	0.00(62)	|	7706	
5559	177	ok	|	0.01	1.00	1.00	0.01	0.00	0	|	rapi	0.01	0.01	0	|	62.0	0.01(62)	0.01(62)	|	7706	
5559	178	ok	|	0.01	1.00	1.00	0.01	0.00	0	|	rapi	0.01	0.01	0	|	62.0	0.01(62)	0.01(62)	|	7706	
5559	179	ok	|	0.01	1.00	1.00	0.01	0.00	0	|	rapi	0.01	0.01	0	|	62.0	0.01(62)	0.01(62)	|	7706	
5559	180	ok	|	0.00	1.00	1.00	0.00	0.00	0	|	rapi	0.00	0.00	0	|	62.0	0.00(62)	0.00(62)	|	7706	
5559	181	ok	|	0.00	1.00	1.00	0.00	0.00	0	|	rapi	0.00	0.00	0	|	62.0	0.00(62)	0.00(62)	|	7706	
5559	182	ok	|	0.00	1.00	1.00	0.00	0.00	0	|	rapi	0.00	0.00	0	|	62.0	0.00(62)	0.00(62)	|	7706	
5559	183	ok	|	0.00	1.00	1.00	0.00	0.00	0	|	rapi	0.00	0.00	0	|	62.0	0.00(62)	0.00(62)	|	7706	
5559	184	ok	|	0.00	1.00	1.00	0.00	0.00	0	|	rapi	0.00	0.00	0	|	62.0	0.00(62)	0.00(62)	|	7706	
5559	185	fail-0	|	0.00	1.00	1.00	0.00	NaN	0	|	rapi	0.00	0.00	0	|	NaN			|	7706	
