556	0	ok	|	0.09	1.00	1.00	0.10	0.00	0	|	rapi	0.00	0.00	0	|	-89.0	0.10(-89)		|	3	
556	1	ok	|	0.08	1.00	1.00	0.09	0.00	0	|	rapi	0.00	0.00	0	|	-89.0	0.09(-89)		|	3	
556	2	ok	|	0.09	1.00	1.00	0.11	0.00	0	|	rapi	0.00	0.00	0	|	-89.0	0.11(-89)		|	3	
556	3	ok	|	0.12	1.00	1.00	0.16	0.00	0	|	rapi	0.00	0.00	0	|	-89.0	0.16(-89)		|	3	
556	4	ok	|	0.12	1.00	1.00	0.15	0.00	0	|	rapi	0.00	0.00	0	|	-89.0	0.15(-89)		|	3	
556	5	ok	|	0.13	1.00	1.00	0.17	0.00	0	|	rapi	0.00	0.00	0	|	-89.0	0.17(-89)		|	3	
556	6	ok	|	0.17	1.00	1.00	0.23	0.00	0	|	rapi	0.00	0.00	0	|	-89.0	0.23(-89)		|	3	
556	7	ok	|	0.18	1.00	1.00	0.27	0.00	0	|	rapi	0.00	0.00	0	|	-89.0	0.27(-89)		|	3	
556	8	ok	|	0.22	1.00	1.00	0.33	0.00	0	|	rapi	0.00	0.00	0	|	-89.0	0.33(-89)		|	3	
556	9	ok	|	0.26	1.00	1.00	0.40	0.00	0	|	rapi	0.00	0.00	0	|	-89.0	0.40(-89)		|	3	
556	10	ok	|	0.29	1.00	1.00	0.47	0.00	0	|	rapi	0.00	0.00	0	|	-89.0	0.47(-89)		|	3	
556	11	ok	|	0.35	0.99	0.99	0.55	0.00	0	|	rapi	0.00	0.00	0	|	-89.0	0.55(-89)		|	3	
556	12	ok	|	0.40	0.99	0.99	0.64	0.00	0	|	rapi	0.00	0.00	0	|	-89.0	0.64(-89)		|	3	
556	13	ok	|	0.45	0.99	0.99	0.76	0.00	0	|	rapi	0.00	0.00	0	|	-89.0	0.76(-89)		|	3	
556	14	ok	|	0.49	0.99	0.99	0.84	0.00	0	|	rapi	0.00	0.00	0	|	-89.0	0.84(-89)		|	3	
556	15	ok	|	0.52	0.99	0.99	0.99	0.00	0	|	rapi	0.00	0.00	0	|	-89.0	0.99(-89)		|	3	
556	16	ok	|	0.59	0.99	0.99	1.17	0.00	0	|	rapi	0.00	0.00	0	|	-89.0	1.17(-89)		|	3	
556	17	ok	|	0.63	0.99	0.99	1.28	0.00	0	|	rapi	0.00	0.00	0	|	-89.0	1.28(-89)		|	3	
556	18	ok	|	0.69	0.99	0.99	1.43	0.00	0	|	rapi	0.00	0.00	0	|	-89.0	1.43(-89)		|	3	
556	19	ok	|	0.72	0.98	0.98	1.68	0.00	0	|	rapi	0.00	0.00	0	|	-89.0	1.68(-89)		|	3	
556	20	ok	|	0.79	0.98	0.98	1.94	0.00	0	|	rapi	0.00	0.00	0	|	-89.0	1.94(-89)		|	3	
556	21	ok	|	0.84	0.98	0.98	2.32	0.00	0	|	rapi	0.00	0.00	0	|	-89.0	2.32(-89)		|	3	
556	22	ok	|	0.88	0.97	0.97	2.73	0.00	0	|	rapi	0.00	0.00	0	|	-89.0	2.73(-89)		|	3	
556	23	ok	|	0.91	0.97	0.97	3.15	0.00	0	|	rapi	0.00	0.00	0	|	-89.0	3.15(-89)		|	3	
556	24	ok	|	0.95	0.96	0.96	3.90	0.00	0	|	rapi	0.00	0.00	0	|	-89.0	3.90(-89)		|	3	
556	25	ok	|	0.98	0.95	0.95	4.55	0.00	0	|	rapi	0.00	0.00	0	|	-89.0	4.55(-89)		|	3	
556	26	ok	|	0.98	0.95	0.95	5.28	0.00	0	|	rapi	0.00	0.00	0	|	-89.0	5.28(-89)		|	3	
556	27	ok	|	0.99	0.94	0.94	6.21	0.00	0	|	rapi	0.00	0.00	0	|	-89.0	6.21(-89)		|	3	
556	28	ok	|	0.99	0.93	0.93	7.37	0.00	0	|	rapi	0.00	0.00	0	|	-89.0	7.37(-89)		|	3	
556	29	ok	|	1.00	0.91	0.91	8.67	0.00	0	|	rapi	0.00	0.00	0	|	-89.0	8.67(-89)	0.00(-89)	|	3	
556	30	ok	|	1.00	0.90	0.90	10.18	0.00	0	|	rapi	0.00	0.00	0	|	-89.0	10.18(-89)		|	3	
556	31	ok	|	1.00	0.88	0.88	11.90	0.00	0	|	rapi	0.00	0.00	0	|	-89.0	11.90(-89)		|	3	
556	32	ok	|	1.00	0.86	0.86	13.87	0.00	0	|	rapi	0.00	0.00	0	|	-89.0	13.87(-89)		|	3	
556	33	ok	|	1.00	0.84	0.84	16.39	0.00	0	|	rapi	0.00	0.00	0	|	-89.0	16.39(-89)		|	3	
556	34	ok	|	1.00	0.81	0.81	19.36	0.00	0	|	rapi	0.00	0.00	0	|	-89.0	19.36(-89)		|	3	
556	35	ok	|	1.00	0.77	0.77	22.56	0.00	0	|	rapi	0.00	0.00	0	|	-89.0	22.56(-89)		|	3	
556	36	ok	|	1.00	0.74	0.74	26.49	0.00	0	|	rapi	0.00	0.00	0	|	-89.0	26.49(-89)		|	3	
556	37	ok	|	1.00	0.69	0.69	30.79	0.00	0	|	rapi	0.00	0.00	0	|	-89.0	30.79(-89)		|	3	
556	38	ok	|	1.00	0.64	0.64	36.06	0.00	0	|	rapi	0.00	0.00	0	|	-89.0	36.06(-89)		|	3	
556	39	ok	|	1.00	0.58	0.58	42.22	0.00	0	|	rapi	0.00	0.00	0	|	-89.0	42.22(-89)		|	3	
556	40	ok	|	1.00	0.51	0.51	49.47	0.00	0	|	rapi	0.00	0.00	0	|	-89.0	49.47(-89)		|	3	
556	41	ok	|	1.00	0.43	0.43	57.24	0.00	0	|	rapi	0.00	0.00	0	|	-89.0	57.24(-89)		|	3	
556	42	ok	|	1.00	0.34	0.34	66.45	0.00	0	|	rapi	0.00	0.00	0	|	-89.0	66.45(-89)		|	3	
556	43	ok	|	1.00	0.24	0.24	76.45	0.00	0	|	rapi	0.00	0.00	0	|	-89.0	76.45(-89)		|	3	
556	44	ok	|	1.00	0.15	0.15	85.76	0.00	0	|	rapi	0.00	0.00	0	|	-89.0	85.76(-89)		|	3	
556	45	fail-w	|	1.00	0.08	0.08	94.07	0.00	0	|	rapi	0.00	0.00	0	|	-89.0	94.07(-89)		|	3	
