5636	0	ok	|	0.10	1.00	1.00	0.10	0.00	0	|	rapi	0.00	0.00	0	|	-75.0	0.10(-75)		|	28	
5636	1	ok	|	0.10	1.00	1.00	0.11	0.00	0	|	rapi	0.00	0.00	0	|	-75.0	0.11(-75)		|	28	
5636	2	ok	|	0.11	1.00	1.00	0.14	0.00	0	|	rapi	0.00	0.00	0	|	-75.0	0.14(-75)		|	28	
5636	3	ok	|	0.13	1.00	1.00	0.16	0.00	0	|	rapi	0.00	0.00	0	|	-75.0	0.16(-75)		|	28	
5636	4	ok	|	0.16	1.00	1.00	0.20	0.00	0	|	rapi	0.00	0.00	0	|	-75.0	0.20(-75)		|	28	
5636	5	ok	|	0.17	1.00	1.00	0.21	0.00	0	|	rapi	0.00	0.00	0	|	-75.0	0.21(-75)		|	28	
5636	6	ok	|	0.17	1.00	1.00	0.22	0.00	0	|	rapi	0.00	0.00	0	|	-75.0	0.22(-75)		|	28	
5636	7	ok	|	0.17	1.00	1.00	0.24	0.00	0	|	rapi	0.00	0.00	0	|	-75.0	0.24(-75)		|	28	
5636	8	ok	|	0.20	1.00	1.00	0.31	0.00	0	|	rapi	0.00	0.00	0	|	-75.0	0.31(-75)		|	28	
5636	9	ok	|	0.26	1.00	1.00	0.41	0.00	0	|	rapi	0.00	0.00	0	|	-75.0	0.41(-75)		|	28	
5636	10	ok	|	0.34	0.99	0.99	0.54	0.00	0	|	rapi	0.00	0.00	0	|	-75.0	0.54(-75)		|	28	
5636	11	ok	|	0.38	0.99	0.99	0.61	0.00	0	|	rapi	0.00	0.00	0	|	-75.0	0.61(-75)		|	28	
5636	12	ok	|	0.46	0.99	0.99	0.77	0.00	0	|	rapi	0.00	0.00	0	|	-75.0	0.77(-75)		|	28	
5636	13	ok	|	0.49	0.99	0.99	0.87	0.00	0	|	rapi	0.00	0.00	0	|	-75.0	0.87(-75)		|	28	
5636	14	ok	|	0.53	0.99	0.99	0.99	0.00	0	|	rapi	0.00	0.00	0	|	-75.0	0.99(-75)		|	28	
5636	15	ok	|	0.59	0.99	0.99	1.11	0.00	0	|	rapi	0.00	0.00	0	|	-75.0	1.11(-75)		|	28	
5636	16	ok	|	0.66	0.99	0.99	1.39	0.00	0	|	rapi	0.00	0.00	0	|	-75.0	1.39(-75)		|	28	
5636	17	ok	|	0.71	0.98	0.98	1.70	0.00	0	|	rapi	0.00	0.00	0	|	-75.0	1.70(-75)	0.00(-75)	|	28	
5636	18	ok	|	0.77	0.98	0.98	2.00	0.00	0	|	rapi	0.00	0.00	0	|	-75.0	2.00(-75)		|	28	
5636	19	ok	|	0.84	0.98	0.98	2.40	0.00	0	|	rapi	0.00	0.00	0	|	-75.0	2.40(-75)	0.00(-75)	|	28	
5636	20	ok	|	0.87	0.97	0.97	2.85	0.00	0	|	rapi	0.00	0.00	0	|	-75.0	2.85(-75)		|	28	
5636	21	ok	|	0.92	0.97	0.97	3.34	0.00	0	|	rapi	0.00	0.00	0	|	-75.0	3.34(-75)	0.00(-75)	|	28	
5636	22	ok	|	0.95	0.96	0.96	3.99	0.00	0	|	rapi	0.00	0.00	0	|	-75.0	3.99(-75)		|	28	
5636	23	ok	|	0.98	0.95	0.95	4.83	0.00	0	|	rapi	0.00	0.00	0	|	-75.0	4.83(-75)		|	28	
5636	24	ok	|	0.99	0.94	0.94	5.78	0.00	0	|	rapi	0.00	0.00	0	|	-75.0	5.78(-75)		|	28	
5636	25	ok	|	1.00	0.93	0.93	6.74	0.00	0	|	rapi	0.00	0.00	0	|	-75.0	6.74(-75)		|	28	
5636	26	ok	|	1.00	0.92	0.92	8.02	0.00	0	|	rapi	0.00	0.00	0	|	-75.0	8.02(-75)		|	28	
5636	27	ok	|	1.00	0.91	0.91	9.47	0.00	0	|	rapi	0.00	0.00	0	|	-75.0	9.47(-75)	0.00(-75)	|	28	
5636	28	ok	|	1.00	0.89	0.89	11.03	0.00	0	|	rapi	0.00	0.00	0	|	-75.0	11.03(-75)	0.00(-75)	|	28	
5636	29	ok	|	1.00	0.87	0.87	13.14	0.00	0	|	rapi	0.00	0.00	0	|	-75.0	13.14(-75)	0.00(-75)	|	28	
5636	30	ok	|	1.00	0.85	0.85	15.41	0.00	0	|	rapi	0.00	0.00	0	|	-75.0	15.41(-75)	0.00(-75)	|	28	
5636	31	ok	|	1.00	0.82	0.82	17.99	0.00	0	|	rapi	0.01	0.01	0	|	-75.0	17.99(-75)	0.01(-75)	|	28	
5636	32	ok	|	1.00	0.79	0.79	21.19	0.00	0	|	rapi	0.01	0.01	0	|	-75.0	21.19(-75)	0.01(-75)	|	28	
5636	33	ok	|	1.00	0.75	0.75	24.85	0.00	0	|	rapi	0.01	0.01	0	|	-75.0	24.85(-75)	0.01(-75)	|	28	
5636	34	ok	|	1.00	0.71	0.71	29.11	0.00	0	|	rapi	0.01	0.02	0	|	-75.0	29.11(-75)	0.02(-75)	|	28	
5636	35	ok	|	1.00	0.66	0.66	34.30	0.00	0	|	rapi	0.01	0.01	0	|	-75.0	34.30(-75)	0.01(-75)	|	28	
5636	36	ok	|	1.00	0.59	0.59	40.60	0.00	0	|	rapi	0.02	0.02	0	|	-75.0	40.60(-75)	0.02(-75)	|	28	
5636	37	ok	|	1.00	0.53	0.53	47.25	0.00	0	|	rapi	0.03	0.03	0	|	-75.0	47.25(-75)	0.03(-75)	|	28	
5636	38	ok	|	1.00	0.45	0.45	55.05	0.00	0	|	rapi	0.03	0.03	0	|	-75.0	55.05(-75)	0.03(-75)	|	28	
5636	39	ok	|	1.00	0.37	0.37	63.33	0.00	0	|	rapi	0.03	0.03	0	|	-75.0	63.33(-75)	0.03(-75)	|	28	
5636	40	ok	|	1.00	0.28	0.28	71.66	0.00	0	|	rapi	0.04	0.05	0	|	-75.0	71.66(-75)	0.05(-75)	|	28	
5636	41	ok	|	1.00	0.19	0.19	81.36	0.00	0	|	rapi	0.05	0.06	0	|	-75.0	81.36(-75)	0.06(-75)	|	28	
5636	42	ok	|	1.00	0.12	0.12	89.35	0.00	0	|	rapi	0.07	0.08	0	|	-75.0	89.35(-75)	0.08(-75)	|	28	
5636	43	fail-w	|	1.00	0.09	0.09	93.10	0.00	0	|	rapi	0.16	0.17	0	|	-75.0	93.10(-75)	0.17(-75)	|	28	
