5840	0	ok	|	0.09	1.00	1.00	0.10	0.00	0	|	rapi	0.00	0.00	0	|	-52.0	0.10(-52)		|	5	
5840	1	ok	|	0.11	1.00	1.00	0.13	0.00	0	|	rapi	0.00	0.00	0	|	-52.0	0.13(-52)		|	5	
5840	2	ok	|	0.14	1.00	1.00	0.18	0.00	0	|	rapi	0.00	0.00	0	|	-52.0	0.18(-52)		|	5	
5840	3	ok	|	0.17	1.00	1.00	0.23	0.00	0	|	rapi	0.00	0.00	0	|	-52.0	0.23(-52)		|	5	
5840	4	ok	|	0.20	1.00	1.00	0.27	0.00	0	|	rapi	0.00	0.00	0	|	-52.0	0.27(-52)		|	5	
5840	5	ok	|	0.21	1.00	1.00	0.28	0.00	0	|	rapi	0.00	0.00	0	|	-52.0	0.28(-52)		|	5	
5840	6	ok	|	0.24	1.00	1.00	0.33	0.00	0	|	rapi	0.00	0.00	0	|	-52.0	0.33(-52)		|	5	
5840	7	ok	|	0.28	1.00	1.00	0.40	0.00	0	|	rapi	0.00	0.00	0	|	-52.0	0.40(-52)		|	5	
5840	8	ok	|	0.31	1.00	1.00	0.46	0.00	0	|	rapi	0.00	0.00	0	|	-52.0	0.46(-52)		|	5	
5840	9	ok	|	0.36	0.99	0.99	0.56	0.00	0	|	rapi	0.00	0.00	0	|	-52.0	0.56(-52)		|	5	
5840	10	ok	|	0.38	0.99	0.99	0.59	0.00	0	|	rapi	0.00	0.00	0	|	-52.0	0.59(-52)		|	5	
5840	11	ok	|	0.44	0.99	0.99	0.76	0.00	0	|	rapi	0.00	0.00	0	|	-52.0	0.76(-52)		|	5	
5840	12	ok	|	0.48	0.99	0.99	0.83	0.00	0	|	rapi	0.00	0.00	0	|	-52.0	0.83(-52)		|	5	
5840	13	ok	|	0.55	0.99	0.99	1.06	0.00	0	|	rapi	0.00	0.00	0	|	-52.0	1.06(-52)		|	5	
5840	14	ok	|	0.62	0.99	0.99	1.24	0.00	0	|	rapi	0.00	0.00	0	|	-52.0	1.24(-52)		|	5	
5840	15	ok	|	0.67	0.99	0.99	1.39	0.00	0	|	rapi	0.00	0.00	0	|	-52.0	1.39(-52)		|	5	
5840	16	ok	|	0.71	0.98	0.98	1.58	0.00	0	|	rapi	0.00	0.00	0	|	-52.0	1.58(-52)		|	5	
5840	17	ok	|	0.77	0.98	0.98	1.80	0.00	0	|	rapi	0.00	0.00	0	|	-52.0	1.80(-52)		|	5	
5840	18	ok	|	0.81	0.98	0.98	2.15	0.00	0	|	rapi	0.00	0.00	0	|	-52.0	2.15(-52)		|	5	
5840	19	ok	|	0.85	0.97	0.97	2.61	0.00	0	|	rapi	0.00	0.00	0	|	-52.0	2.61(-52)		|	5	
5840	20	ok	|	0.89	0.97	0.97	3.08	0.00	0	|	rapi	0.00	0.00	0	|	-52.0	3.08(-52)		|	5	
5840	21	ok	|	0.94	0.96	0.96	3.63	0.00	0	|	rapi	0.00	0.00	0	|	-52.0	3.63(-52)		|	5	
5840	22	ok	|	0.96	0.96	0.96	4.20	0.00	0	|	rapi	0.00	0.00	0	|	-52.0	4.20(-52)		|	5	
5840	23	ok	|	0.98	0.95	0.95	4.84	0.00	0	|	rapi	0.00	0.00	0	|	-52.0	4.84(-52)		|	5	
5840	24	ok	|	0.99	0.94	0.94	5.67	0.00	0	|	rapi	0.00	0.00	0	|	-52.0	5.67(-52)	0.00(-52)	|	5	
5840	25	ok	|	1.00	0.93	0.93	6.78	0.00	0	|	rapi	0.00	0.00	0	|	-52.0	6.78(-52)	0.00(-52)	|	5	
5840	26	ok	|	1.00	0.92	0.92	8.06	0.00	0	|	rapi	0.00	0.00	0	|	-52.0	8.06(-52)	0.00(-52)	|	5	
5840	27	ok	|	1.00	0.90	0.90	9.69	0.00	0	|	rapi	0.01	0.01	0	|	-52.0	9.69(-52)	0.01(-52)	|	5	
5840	28	ok	|	1.00	0.89	0.89	11.35	0.00	0	|	rapi	0.01	0.01	0	|	-52.0	11.35(-52)	0.01(-52)	|	5	
5840	29	ok	|	1.00	0.87	0.87	13.40	0.00	0	|	rapi	0.01	0.01	0	|	-52.0	13.40(-52)	0.01(-52)	|	5	
5840	30	ok	|	1.00	0.84	0.84	15.73	0.00	0	|	rapi	0.01	0.01	0	|	-52.0	15.73(-52)	0.01(-52)	|	5	
5840	31	ok	|	1.00	0.81	0.81	18.51	0.00	0	|	rapi	0.00	0.00	0	|	-52.0	18.51(-52)	0.00(-52)	|	5	
5840	32	ok	|	1.00	0.78	0.78	21.93	0.00	0	|	rapi	0.01	0.01	0	|	-52.0	21.93(-52)	0.01(-52)	|	5	
5840	33	ok	|	1.00	0.74	0.74	25.64	0.00	0	|	rapi	0.01	0.01	0	|	-52.0	25.64(-52)	0.01(-52)	|	5	
5840	34	ok	|	1.00	0.70	0.70	29.69	0.00	0	|	rapi	0.01	0.01	0	|	-52.0	29.69(-52)	0.01(-52)	|	5	
5840	35	ok	|	1.00	0.65	0.65	34.52	0.00	0	|	rapi	0.01	0.01	0	|	-52.0	34.52(-52)	0.01(-52)	|	5	
5840	36	ok	|	1.00	0.60	0.60	40.50	0.00	0	|	rapi	0.01	0.01	0	|	-52.0	40.50(-52)	0.01(-52)	|	5	
5840	37	ok	|	1.00	0.53	0.53	47.47	0.00	0	|	rapi	0.01	0.01	0	|	-52.0	47.47(-52)	0.01(-52)	|	5	
5840	38	ok	|	1.00	0.45	0.45	55.39	0.00	0	|	rapi	0.01	0.01	0	|	-52.0	55.39(-52)	0.01(-52)	|	5	
5840	39	ok	|	1.00	0.36	0.36	64.01	0.00	0	|	rapi	0.01	0.01	0	|	-52.0	64.01(-52)	0.01(-52)	|	5	
5840	40	ok	|	1.00	0.27	0.27	72.94	0.00	0	|	rapi	0.02	0.02	0	|	-52.0	72.94(-52)	0.02(-52)	|	5	
5840	41	ok	|	1.00	0.18	0.18	82.51	0.00	0	|	rapi	0.02	0.02	0	|	-52.0	82.51(-52)	0.02(-52)	|	5	
5840	42	ok	|	1.00	0.11	0.11	90.71	0.00	0	|	rapi	0.04	0.04	0	|	-52.0	90.71(-52)	0.04(-52)	|	5	
5840	43	fail-w	|	1.00	0.07	0.07	96.44	0.00	0	|	rapi	0.07	0.07	0	|	-52.0	96.44(-52)	0.07(-52)	|	5	
