5866	0	ok	|	0.09	1.00	1.00	0.10	0.00	0	|	rapi	0.00	0.00	0	|	-88.0	0.10(-88)		|	1	
5866	1	ok	|	0.10	1.00	1.00	0.12	0.00	0	|	rapi	0.00	0.00	0	|	-88.0	0.12(-88)		|	1	
5866	2	ok	|	0.12	1.00	1.00	0.15	0.00	0	|	rapi	0.00	0.00	0	|	-88.0	0.15(-88)		|	1	
5866	3	ok	|	0.10	1.00	1.00	0.13	0.00	0	|	rapi	0.00	0.00	0	|	-88.0	0.13(-88)		|	1	
5866	4	ok	|	0.13	1.00	1.00	0.17	0.00	0	|	rapi	0.00	0.00	0	|	-88.0	0.17(-88)		|	1	
5866	5	ok	|	0.15	1.00	1.00	0.21	0.00	0	|	rapi	0.00	0.00	0	|	-88.0	0.21(-88)		|	1	
5866	6	ok	|	0.17	1.00	1.00	0.24	0.00	0	|	rapi	0.00	0.00	0	|	-88.0	0.24(-88)		|	1	
5866	7	ok	|	0.21	1.00	1.00	0.30	0.00	0	|	rapi	0.00	0.00	0	|	-88.0	0.30(-88)		|	1	
5866	8	ok	|	0.23	1.00	1.00	0.34	0.00	0	|	rapi	0.00	0.00	0	|	-88.0	0.34(-88)		|	1	
5866	9	ok	|	0.28	1.00	1.00	0.40	0.00	0	|	rapi	0.00	0.00	0	|	-88.0	0.40(-88)		|	1	
5866	10	ok	|	0.32	1.00	1.00	0.48	0.00	0	|	rapi	0.00	0.00	0	|	-88.0	0.48(-88)		|	1	
5866	11	ok	|	0.35	0.99	0.99	0.56	0.00	0	|	rapi	0.00	0.00	0	|	-88.0	0.56(-88)		|	1	
5866	12	ok	|	0.42	0.99	0.99	0.70	0.00	0	|	rapi	0.00	0.00	0	|	-88.0	0.70(-88)		|	1	
5866	13	ok	|	0.48	0.99	0.99	0.88	0.00	0	|	rapi	0.00	0.00	0	|	-88.0	0.88(-88)		|	1	
5866	14	ok	|	0.55	0.99	0.99	1.05	0.00	0	|	rapi	0.00	0.00	0	|	-88.0	1.05(-88)		|	1	
5866	15	ok	|	0.60	0.99	0.99	1.25	0.00	0	|	rapi	0.00	0.00	0	|	-88.0	1.25(-88)		|	1	
5866	16	ok	|	0.68	0.99	0.99	1.43	0.00	0	|	rapi	0.00	0.00	0	|	-88.0	1.43(-88)		|	1	
5866	17	ok	|	0.72	0.98	0.98	1.63	0.00	0	|	rapi	0.00	0.00	0	|	-88.0	1.63(-88)		|	1	
5866	18	ok	|	0.78	0.98	0.98	1.90	0.00	0	|	rapi	0.00	0.00	0	|	-88.0	1.90(-88)		|	1	
5866	19	ok	|	0.82	0.98	0.98	2.26	0.00	0	|	rapi	0.00	0.00	0	|	-88.0	2.26(-88)		|	1	
5866	20	ok	|	0.87	0.97	0.97	2.69	0.00	0	|	rapi	0.00	0.00	0	|	-88.0	2.69(-88)		|	1	
5866	21	ok	|	0.91	0.97	0.97	3.15	0.00	0	|	rapi	0.00	0.00	0	|	-88.0	3.15(-88)		|	1	
5866	22	ok	|	0.94	0.96	0.96	3.74	0.00	0	|	rapi	0.00	0.00	0	|	-88.0	3.74(-88)		|	1	
5866	23	ok	|	0.96	0.96	0.96	4.42	0.00	0	|	rapi	0.00	0.00	0	|	-88.0	4.42(-88)		|	1	
5866	24	ok	|	0.98	0.95	0.95	5.18	0.00	0	|	rapi	0.00	0.00	0	|	-88.0	5.18(-88)		|	1	
5866	25	ok	|	0.99	0.94	0.94	6.33	0.00	0	|	rapi	0.00	0.00	0	|	-88.0	6.33(-88)		|	1	
5866	26	ok	|	0.99	0.93	0.93	7.49	0.00	0	|	rapi	0.00	0.00	0	|	-88.0	7.49(-88)		|	1	
5866	27	ok	|	1.00	0.91	0.91	8.75	0.00	0	|	rapi	0.00	0.00	0	|	-88.0	8.75(-88)		|	1	
5866	28	ok	|	1.00	0.90	0.90	10.16	0.00	0	|	rapi	0.00	0.00	0	|	-88.0	10.16(-88)		|	1	
5866	29	ok	|	1.00	0.88	0.88	12.17	0.00	0	|	rapi	0.00	0.00	0	|	-88.0	12.17(-88)		|	1	
5866	30	ok	|	1.00	0.86	0.86	14.37	0.00	0	|	rapi	0.00	0.00	0	|	-88.0	14.37(-88)		|	1	
5866	31	ok	|	1.00	0.83	0.83	16.79	0.00	0	|	rapi	0.00	0.00	0	|	-88.0	16.79(-88)		|	1	
5866	32	ok	|	1.00	0.80	0.80	19.91	0.00	0	|	rapi	0.00	0.00	0	|	-88.0	19.91(-88)		|	1	
5866	33	ok	|	1.00	0.76	0.76	23.81	0.00	0	|	rapi	0.00	0.00	0	|	-88.0	23.81(-88)		|	1	
5866	34	ok	|	1.00	0.73	0.73	27.47	0.00	0	|	rapi	0.00	0.00	0	|	-88.0	27.47(-88)		|	1	
5866	35	ok	|	1.00	0.68	0.68	31.81	0.00	0	|	rapi	0.00	0.00	0	|	-88.0	31.81(-88)		|	1	
5866	36	ok	|	1.00	0.63	0.63	37.48	0.00	0	|	rapi	0.00	0.00	0	|	-88.0	37.48(-88)		|	1	
5866	37	ok	|	1.00	0.57	0.57	43.41	0.00	0	|	rapi	0.00	0.00	0	|	-88.0	43.41(-88)		|	1	
5866	38	ok	|	1.00	0.49	0.49	50.99	0.00	0	|	rapi	0.00	0.00	0	|	-88.0	50.99(-88)		|	1	
5866	39	ok	|	1.00	0.41	0.41	59.24	0.00	0	|	rapi	0.00	0.00	0	|	-88.0	59.24(-88)		|	1	
5866	40	ok	|	1.00	0.31	0.31	68.73	0.00	0	|	rapi	0.00	0.00	0	|	-88.0	68.73(-88)	0.00(-88)	|	1	
5866	41	ok	|	1.00	0.21	0.21	78.63	0.00	0	|	rapi	0.00	0.00	0	|	-88.0	78.63(-88)	0.00(-88)	|	1	
5866	42	ok	|	1.00	0.12	0.12	89.03	0.00	0	|	rapi	0.00	0.00	0	|	-88.0	89.03(-88)	0.00(-88)	|	1	
5866	43	fail-w	|	1.00	0.06	0.06	96.92	0.00	0	|	rapi	0.00	0.00	0	|	-88.0	96.92(-88)	0.00(-88)	|	1	
