6194	0	ok	|	0.10	1.00	1.00	0.10	0.00	0	|	rapi	0.00	0.00	0	|	-51.0	0.10(-51)		|	4	
6194	1	ok	|	0.09	1.00	1.00	0.10	0.00	0	|	rapi	0.00	0.00	0	|	-51.0	0.10(-51)		|	4	
6194	2	ok	|	0.10	1.00	1.00	0.12	0.00	0	|	rapi	0.00	0.00	0	|	-51.0	0.12(-51)		|	4	
6194	3	ok	|	0.11	1.00	1.00	0.14	0.00	0	|	rapi	0.00	0.00	0	|	-51.0	0.14(-51)		|	4	
6194	4	ok	|	0.14	1.00	1.00	0.17	0.00	0	|	rapi	0.00	0.00	0	|	-51.0	0.17(-51)		|	4	
6194	5	ok	|	0.15	1.00	1.00	0.19	0.00	0	|	rapi	0.00	0.00	0	|	-51.0	0.19(-51)		|	4	
6194	6	ok	|	0.16	1.00	1.00	0.21	0.00	0	|	rapi	0.00	0.00	0	|	-51.0	0.21(-51)		|	4	
6194	7	ok	|	0.17	1.00	1.00	0.27	0.00	0	|	rapi	0.00	0.00	0	|	-51.0	0.27(-51)		|	4	
6194	8	ok	|	0.20	1.00	1.00	0.30	0.00	0	|	rapi	0.00	0.00	0	|	-51.0	0.30(-51)		|	4	
6194	9	ok	|	0.23	1.00	1.00	0.33	0.00	0	|	rapi	0.00	0.00	0	|	-51.0	0.33(-51)		|	4	
6194	10	ok	|	0.27	1.00	1.00	0.39	0.00	0	|	rapi	0.00	0.00	0	|	-51.0	0.39(-51)		|	4	
6194	11	ok	|	0.32	1.00	1.00	0.48	0.00	0	|	rapi	0.00	0.00	0	|	-51.0	0.48(-51)		|	4	
6194	12	ok	|	0.34	0.99	0.99	0.55	0.00	0	|	rapi	0.00	0.00	0	|	-51.0	0.55(-51)		|	4	
6194	13	ok	|	0.38	0.99	0.99	0.61	0.00	0	|	rapi	0.00	0.00	0	|	-51.0	0.61(-51)		|	4	
6194	14	ok	|	0.44	0.99	0.99	0.75	0.00	0	|	rapi	0.00	0.00	0	|	-51.0	0.75(-51)		|	4	
6194	15	ok	|	0.47	0.99	0.99	0.82	0.00	0	|	rapi	0.00	0.00	0	|	-51.0	0.82(-51)		|	4	
6194	16	ok	|	0.50	0.99	0.99	0.92	0.00	0	|	rapi	0.00	0.00	0	|	-51.0	0.92(-51)		|	4	
6194	17	ok	|	0.54	0.99	0.99	1.06	0.00	0	|	rapi	0.00	0.00	0	|	-51.0	1.06(-51)		|	4	
6194	18	ok	|	0.64	0.99	0.99	1.31	0.00	0	|	rapi	0.00	0.00	0	|	-51.0	1.31(-51)		|	4	
6194	19	ok	|	0.73	0.98	0.98	1.60	0.00	0	|	rapi	0.00	0.00	0	|	-51.0	1.60(-51)	0.00(-51)	|	4	
6194	20	ok	|	0.79	0.98	0.98	1.91	0.00	0	|	rapi	0.00	0.00	0	|	-51.0	1.91(-51)		|	4	
6194	21	ok	|	0.83	0.98	0.98	2.20	0.00	0	|	rapi	0.00	0.00	0	|	-51.0	2.20(-51)		|	4	
6194	22	ok	|	0.87	0.97	0.97	2.58	0.00	0	|	rapi	0.00	0.00	0	|	-51.0	2.58(-51)		|	4	
6194	23	ok	|	0.91	0.97	0.97	3.01	0.00	0	|	rapi	0.00	0.00	0	|	-51.0	3.01(-51)		|	4	
6194	24	ok	|	0.94	0.96	0.96	3.71	0.00	0	|	rapi	0.00	0.00	0	|	-51.0	3.71(-51)		|	4	
6194	25	ok	|	0.96	0.96	0.96	4.24	0.00	0	|	rapi	0.00	0.00	0	|	-51.0	4.24(-51)		|	4	
6194	26	ok	|	0.98	0.95	0.95	5.07	0.00	0	|	rapi	0.00	0.00	0	|	-51.0	5.07(-51)		|	4	
6194	27	ok	|	0.99	0.94	0.94	5.97	0.00	0	|	rapi	0.00	0.00	0	|	-51.0	5.97(-51)		|	4	
6194	28	ok	|	0.99	0.93	0.93	7.25	0.00	0	|	rapi	0.00	0.00	0	|	-51.0	7.25(-51)		|	4	
6194	29	ok	|	1.00	0.91	0.91	8.76	0.00	0	|	rapi	0.00	0.00	0	|	-51.0	8.76(-51)		|	4	
6194	30	ok	|	1.00	0.90	0.90	10.33	0.00	0	|	rapi	0.00	0.00	0	|	-51.0	10.33(-51)		|	4	
6194	31	ok	|	1.00	0.88	0.88	11.95	0.00	0	|	rapi	0.00	0.00	0	|	-51.0	11.95(-51)		|	4	
6194	32	ok	|	1.00	0.86	0.86	13.94	0.00	0	|	rapi	0.00	0.00	0	|	-51.0	13.94(-51)	0.00(-51)	|	4	
6194	33	ok	|	1.00	0.84	0.84	16.18	0.00	0	|	rapi	0.00	0.00	0	|	-51.0	16.18(-51)	0.00(-51)	|	4	
6194	34	ok	|	1.00	0.81	0.81	18.89	0.00	0	|	rapi	0.00	0.00	0	|	-51.0	18.89(-51)	0.00(-51)	|	4	
6194	35	ok	|	1.00	0.78	0.78	22.20	0.00	0	|	rapi	0.00	0.00	0	|	-51.0	22.20(-51)	0.00(-51)	|	4	
6194	36	ok	|	1.00	0.74	0.74	26.31	0.00	0	|	rapi	0.00	0.00	0	|	-51.0	26.31(-51)	0.00(-51)	|	4	
6194	37	ok	|	1.00	0.69	0.69	30.88	0.00	0	|	rapi	0.00	0.00	0	|	-51.0	30.88(-51)		|	4	
6194	38	ok	|	1.00	0.64	0.64	36.19	0.00	0	|	rapi	0.00	0.00	0	|	-51.0	36.19(-51)	0.00(-51)	|	4	
6194	39	ok	|	1.00	0.57	0.57	42.57	0.00	0	|	rapi	0.00	0.00	0	|	-51.0	42.57(-51)		|	4	
6194	40	ok	|	1.00	0.50	0.50	50.25	0.00	0	|	rapi	0.00	0.00	0	|	-51.0	50.25(-51)		|	4	
6194	41	ok	|	1.00	0.41	0.41	58.58	0.00	0	|	rapi	0.00	0.00	0	|	-51.0	58.58(-51)	0.00(-51)	|	4	
6194	42	ok	|	1.00	0.32	0.32	67.88	0.00	0	|	rapi	0.00	0.00	0	|	-51.0	67.88(-51)	0.00(-51)	|	4	
6194	43	ok	|	1.00	0.23	0.23	77.40	0.00	0	|	rapi	0.01	0.01	0	|	-51.0	77.40(-51)	0.01(-51)	|	4	
6194	44	ok	|	1.00	0.14	0.14	86.25	0.00	0	|	rapi	0.01	0.01	0	|	-51.0	86.25(-51)	0.01(-51)	|	4	
6194	45	fail-w	|	1.00	0.09	0.09	93.24	0.00	0	|	rapi	0.01	0.01	0	|	-51.0	93.24(-51)	0.01(-51)	|	4	
