6235	0	ok	|	0.10	1.00	1.00	0.10	0.00	0	|	rapi	0.10	0.10	0	|	49.0	0.10(49)	0.10(49)	|	9366	
6235	1	ok	|	0.09	1.00	1.00	0.09	0.00	0	|	rapi	0.09	0.09	0	|	49.0	0.09(49)	0.09(49)	|	9366	
6235	2	ok	|	0.08	1.00	1.00	0.09	0.00	0	|	rapi	0.08	0.09	0	|	49.0	0.09(49)	0.09(49)	|	9366	
6235	3	ok	|	0.10	1.00	1.00	0.11	0.00	0	|	rapi	0.10	0.11	0	|	49.0	0.11(49)	0.11(49)	|	9366	
6235	4	ok	|	0.11	1.00	1.00	0.11	0.00	0	|	rapi	0.11	0.11	0	|	49.0	0.11(49)	0.11(49)	|	9366	
6235	5	ok	|	0.10	1.00	1.00	0.11	0.00	0	|	rapi	0.10	0.11	0	|	49.0	0.11(49)	0.11(49)	|	9366	
6235	6	ok	|	0.10	1.00	1.00	0.10	0.00	0	|	rapi	0.10	0.10	0	|	49.0	0.10(49)	0.10(49)	|	9366	
6235	7	ok	|	0.10	1.00	1.00	0.10	0.00	0	|	rapi	0.10	0.10	0	|	49.0	0.10(49)	0.10(49)	|	9366	
6235	8	ok	|	0.08	1.00	1.00	0.09	0.00	0	|	rapi	0.08	0.09	0	|	49.0	0.09(49)	0.09(49)	|	9366	
6235	9	ok	|	0.08	1.00	1.00	0.08	0.00	0	|	rapi	0.08	0.08	0	|	49.0	0.08(49)	0.08(49)	|	9366	
6235	10	ok	|	0.07	1.00	1.00	0.07	0.00	0	|	rapi	0.07	0.07	0	|	49.0	0.07(49)	0.07(49)	|	9366	
6235	11	ok	|	0.08	1.00	1.00	0.08	0.00	0	|	rapi	0.08	0.08	0	|	49.0	0.08(49)	0.08(49)	|	9366	
6235	12	ok	|	0.06	1.00	1.00	0.07	0.00	0	|	rapi	0.06	0.07	0	|	49.0	0.07(49)	0.07(49)	|	9366	
6235	13	ok	|	0.08	1.00	1.00	0.09	0.00	0	|	rapi	0.08	0.09	0	|	49.0	0.09(49)	0.09(49)	|	9366	
6235	14	ok	|	0.08	1.00	1.00	0.08	0.00	0	|	rapi	0.08	0.08	0	|	49.0	0.08(49)	0.08(49)	|	9366	
6235	15	ok	|	0.07	1.00	1.00	0.07	0.00	0	|	rapi	0.07	0.07	0	|	49.0	0.07(49)	0.07(49)	|	9366	
6235	16	ok	|	0.07	1.00	1.00	0.08	0.00	0	|	rapi	0.07	0.08	0	|	49.0	0.08(49)	0.08(49)	|	9366	
6235	17	ok	|	0.06	1.00	1.00	0.06	0.00	0	|	rapi	0.06	0.06	0	|	49.0	0.06(49)	0.06(49)	|	9366	
6235	18	ok	|	0.05	1.00	1.00	0.05	0.00	0	|	rapi	0.05	0.05	0	|	49.0	0.05(49)	0.05(49)	|	9366	
6235	19	ok	|	0.07	1.00	1.00	0.07	0.00	0	|	rapi	0.07	0.07	0	|	49.0	0.07(49)	0.07(49)	|	9366	
6235	20	ok	|	0.07	1.00	1.00	0.07	0.00	0	|	rapi	0.07	0.07	0	|	49.0	0.07(49)	0.07(49)	|	9366	
6235	21	ok	|	0.06	1.00	1.00	0.07	0.00	0	|	rapi	0.06	0.07	0	|	49.0	0.07(49)	0.07(49)	|	9366	
6235	22	ok	|	0.07	1.00	1.00	0.08	0.01	0	|	rapi	0.07	0.08	0	|	49.0	0.08(49)	0.08(49)	|	9366	
6235	23	ok	|	0.08	1.00	1.00	0.09	0.01	0	|	rapi	0.08	0.09	0	|	49.0	0.09(49)	0.09(49)	|	9366	
6235	24	ok	|	0.08	1.00	1.00	0.08	0.01	0	|	rapi	0.08	0.08	0	|	49.0	0.08(49)	0.08(49)	|	9366	
6235	25	ok	|	0.08	1.00	1.00	0.08	0.01	0	|	rapi	0.08	0.08	0	|	49.0	0.08(49)	0.08(49)	|	9366	
6235	26	ok	|	0.07	1.00	1.00	0.08	0.01	0	|	rapi	0.07	0.08	0	|	49.0	0.08(49)	0.08(49)	|	9366	
6235	27	ok	|	0.07	1.00	1.00	0.08	0.01	0	|	rapi	0.07	0.08	0	|	49.0	0.08(49)	0.08(49)	|	9366	
6235	28	ok	|	0.09	1.00	1.00	0.09	0.01	0	|	rapi	0.09	0.09	0	|	49.0	0.09(49)	0.09(49)	|	9366	
6235	29	ok	|	0.09	1.00	1.00	0.09	0.01	0	|	rapi	0.09	0.09	0	|	49.0	0.09(49)	0.09(49)	|	9366	
6235	30	ok	|	0.10	1.00	1.00	0.11	0.01	0	|	rapi	0.10	0.11	0	|	49.0	0.11(49)	0.11(49)	|	9366	
6235	31	ok	|	0.10	1.00	1.00	0.11	0.01	0	|	rapi	0.10	0.11	0	|	49.0	0.11(49)	0.11(49)	|	9366	
6235	32	ok	|	0.08	1.00	1.00	0.08	0.01	0	|	rapi	0.08	0.08	0	|	49.0	0.08(49)	0.08(49)	|	9366	
6235	33	ok	|	0.09	1.00	1.00	0.09	0.01	0	|	rapi	0.09	0.09	0	|	49.0	0.09(49)	0.09(49)	|	9366	
6235	34	ok	|	0.08	1.00	1.00	0.09	0.01	0	|	rapi	0.08	0.09	0	|	49.0	0.09(49)	0.09(49)	|	9366	
6235	35	ok	|	0.08	1.00	1.00	0.08	0.01	0	|	rapi	0.08	0.08	0	|	49.0	0.08(49)	0.08(49)	|	9366	
6235	36	ok	|	0.08	1.00	1.00	0.08	0.01	0	|	rapi	0.08	0.08	0	|	49.0	0.08(49)	0.08(49)	|	9366	
6235	37	ok	|	0.08	1.00	1.00	0.09	0.01	0	|	rapi	0.08	0.09	0	|	49.0	0.09(49)	0.09(49)	|	9366	
6235	38	ok	|	0.08	1.00	1.00	0.09	0.01	0	|	rapi	0.08	0.09	0	|	49.0	0.09(49)	0.09(49)	|	9366	
6235	39	ok	|	0.08	1.00	1.00	0.08	0.01	0	|	rapi	0.08	0.08	0	|	49.0	0.08(49)	0.08(49)	|	9366	
6235	40	ok	|	0.07	1.00	1.00	0.07	0.01	0	|	rapi	0.07	0.07	0	|	49.0	0.07(49)	0.07(49)	|	9366	
6235	41	ok	|	0.06	1.00	1.00	0.06	0.01	0	|	rapi	0.06	0.06	0	|	49.0	0.06(49)	0.06(49)	|	9366	
6235	42	ok	|	0.08	1.00	1.00	0.08	0.01	0	|	rapi	0.08	0.08	0	|	49.0	0.08(49)	0.08(49)	|	9366	
6235	43	ok	|	0.07	1.00	1.00	0.07	0.01	0	|	rapi	0.07	0.07	0	|	49.0	0.07(49)	0.07(49)	|	9366	
6235	44	ok	|	0.09	1.00	1.00	0.09	0.01	0	|	rapi	0.09	0.09	0	|	49.0	0.09(49)	0.09(49)	|	9366	
6235	45	ok	|	0.08	1.00	1.00	0.08	0.01	0	|	rapi	0.08	0.08	0	|	49.0	0.08(49)	0.08(49)	|	9366	
6235	46	ok	|	0.10	1.00	1.00	0.10	0.01	0	|	rapi	0.10	0.10	0	|	49.0	0.10(49)	0.10(49)	|	9366	
6235	47	ok	|	0.10	1.00	1.00	0.11	0.01	0	|	rapi	0.10	0.11	0	|	49.0	0.11(49)	0.11(49)	|	9366	
6235	48	ok	|	0.12	1.00	1.00	0.13	0.02	0	|	rapi	0.12	0.13	0	|	49.0	0.13(49)	0.13(49)	|	9366	
6235	49	ok	|	0.14	1.00	1.00	0.14	0.02	0	|	rapi	0.14	0.14	0	|	49.0	0.14(49)	0.14(49)	|	9366	
6235	50	ok	|	0.14	1.00	1.00	0.15	0.02	0	|	rapi	0.14	0.15	0	|	49.0	0.15(49)	0.15(49)	|	9366	
6235	51	ok	|	0.14	1.00	1.00	0.15	0.02	0	|	rapi	0.14	0.15	0	|	49.0	0.15(49)	0.15(49)	|	9366	
6235	52	ok	|	0.14	1.00	1.00	0.15	0.02	0	|	rapi	0.14	0.15	0	|	49.0	0.15(49)	0.15(49)	|	9366	
6235	53	ok	|	0.14	1.00	1.00	0.14	0.02	0	|	rapi	0.14	0.14	0	|	49.0	0.14(49)	0.14(49)	|	9366	
6235	54	ok	|	0.14	1.00	1.00	0.15	0.02	0	|	rapi	0.14	0.15	0	|	49.0	0.15(49)	0.15(49)	|	9366	
6235	55	ok	|	0.14	1.00	1.00	0.15	0.03	0	|	rapi	0.14	0.15	0	|	49.0	0.15(49)	0.15(49)	|	9366	
6235	56	ok	|	0.14	1.00	1.00	0.14	0.02	0	|	rapi	0.14	0.14	0	|	49.0	0.14(49)	0.14(49)	|	9366	
6235	57	ok	|	0.14	1.00	1.00	0.15	0.02	0	|	rapi	0.14	0.15	0	|	49.0	0.15(49)	0.15(49)	|	9366	
6235	58	ok	|	0.13	1.00	1.00	0.14	0.02	0	|	rapi	0.13	0.14	0	|	49.0	0.14(49)	0.14(49)	|	9366	
6235	59	ok	|	0.14	1.00	1.00	0.14	0.02	0	|	rapi	0.14	0.14	0	|	49.0	0.14(49)	0.14(49)	|	9366	
6235	60	ok	|	0.14	1.00	1.00	0.15	0.03	0	|	rapi	0.14	0.15	0	|	49.0	0.15(49)	0.15(49)	|	9366	
6235	61	ok	|	0.14	1.00	1.00	0.15	0.02	0	|	rapi	0.14	0.15	0	|	49.0	0.15(49)	0.15(49)	|	9366	
6235	62	ok	|	0.14	1.00	1.00	0.15	0.02	0	|	rapi	0.14	0.15	0	|	49.0	0.15(49)	0.15(49)	|	9366	
6235	63	ok	|	0.14	1.00	1.00	0.15	0.03	0	|	rapi	0.14	0.15	0	|	49.0	0.15(49)	0.15(49)	|	9366	
6235	64	ok	|	0.16	1.00	1.00	0.17	0.03	0	|	rapi	0.16	0.17	0	|	49.0	0.17(49)	0.17(49)	|	9366	
6235	65	ok	|	0.17	1.00	1.00	0.19	0.03	0	|	rapi	0.17	0.19	0	|	49.0	0.19(49)	0.19(49)	|	9366	
6235	66	ok	|	0.17	1.00	1.00	0.18	0.03	0	|	rapi	0.17	0.18	0	|	49.0	0.18(49)	0.18(49)	|	9366	
6235	67	ok	|	0.15	1.00	1.00	0.16	0.03	0	|	rapi	0.15	0.16	0	|	49.0	0.16(49)	0.16(49)	|	9366	
6235	68	ok	|	0.16	1.00	1.00	0.17	0.03	0	|	rapi	0.16	0.17	0	|	49.0	0.17(49)	0.17(49)	|	9366	
6235	69	ok	|	0.15	1.00	1.00	0.17	0.03	0	|	rapi	0.15	0.17	0	|	49.0	0.17(49)	0.17(49)	|	9366	
6235	70	ok	|	0.13	1.00	1.00	0.14	0.02	0	|	rapi	0.13	0.14	0	|	49.0	0.14(49)	0.14(49)	|	9366	
6235	71	ok	|	0.13	1.00	1.00	0.14	0.02	0	|	rapi	0.13	0.14	0	|	49.0	0.14(49)	0.14(49)	|	9366	
6235	72	ok	|	0.14	1.00	1.00	0.15	0.03	0	|	rapi	0.14	0.15	0	|	49.0	0.15(49)	0.15(49)	|	9366	
6235	73	ok	|	0.13	1.00	1.00	0.14	0.04	0	|	rapi	0.13	0.14	0	|	49.0	0.14(49)	0.14(49)	|	9366	
6235	74	ok	|	0.14	1.00	1.00	0.14	0.04	0	|	rapi	0.14	0.14	0	|	49.0	0.14(49)	0.14(49)	|	9366	
6235	75	ok	|	0.14	1.00	1.00	0.15	0.04	0	|	rapi	0.14	0.15	0	|	49.0	0.15(49)	0.15(49)	|	9366	
6235	76	ok	|	0.15	1.00	1.00	0.16	0.04	0	|	rapi	0.15	0.16	0	|	49.0	0.16(49)	0.16(49)	|	9366	
6235	77	ok	|	0.17	1.00	1.00	0.17	0.04	0	|	rapi	0.17	0.17	0	|	49.0	0.17(49)	0.17(49)	|	9366	
6235	78	ok	|	0.16	1.00	1.00	0.17	0.04	0	|	rapi	0.16	0.17	0	|	49.0	0.17(49)	0.17(49)	|	9366	
6235	79	ok	|	0.18	1.00	1.00	0.19	0.05	0	|	rapi	0.18	0.19	0	|	49.0	0.19(49)	0.19(49)	|	9366	
6235	80	ok	|	0.20	1.00	1.00	0.20	0.05	0	|	rapi	0.20	0.20	0	|	49.0	0.20(49)	0.20(49)	|	9366	
6235	81	ok	|	0.20	1.00	1.00	0.21	0.05	0	|	rapi	0.20	0.21	0	|	49.0	0.21(49)	0.21(49)	|	9366	
6235	82	ok	|	0.20	1.00	1.00	0.21	0.05	0	|	rapi	0.20	0.21	0	|	49.0	0.21(49)	0.21(49)	|	9366	
6235	83	ok	|	0.22	1.00	1.00	0.23	0.06	0	|	rapi	0.22	0.23	0	|	49.0	0.23(49)	0.23(49)	|	9366	
6235	84	ok	|	0.23	1.00	1.00	0.24	0.06	0	|	rapi	0.23	0.24	0	|	49.0	0.24(49)	0.24(49)	|	9366	
6235	85	ok	|	0.24	1.00	1.00	0.26	0.06	0	|	rapi	0.24	0.26	0	|	49.0	0.26(49)	0.26(49)	|	9366	
6235	86	ok	|	0.25	1.00	1.00	0.27	0.07	0	|	rapi	0.25	0.27	0	|	49.0	0.27(49)	0.27(49)	|	9366	
6235	87	ok	|	0.27	1.00	1.00	0.29	0.07	0	|	rapi	0.27	0.29	0	|	49.0	0.29(49)	0.29(49)	|	9366	
6235	88	ok	|	0.27	1.00	1.00	0.29	0.07	0	|	rapi	0.27	0.29	0	|	49.0	0.29(49)	0.29(49)	|	9366	
6235	89	ok	|	0.29	1.00	1.00	0.30	0.08	0	|	rapi	0.29	0.30	0	|	49.0	0.30(49)	0.30(49)	|	9366	
6235	90	ok	|	0.30	1.00	1.00	0.33	0.08	0	|	rapi	0.30	0.33	0	|	49.0	0.33(49)	0.33(49)	|	9366	
6235	91	ok	|	0.30	1.00	1.00	0.32	0.08	0	|	rapi	0.30	0.32	0	|	49.0	0.32(49)	0.32(49)	|	9366	
6235	92	ok	|	0.30	1.00	1.00	0.33	0.08	0	|	rapi	0.30	0.33	0	|	49.0	0.33(49)	0.33(49)	|	9366	
6235	93	ok	|	0.30	1.00	1.00	0.34	0.09	0	|	rapi	0.30	0.34	0	|	49.0	0.34(49)	0.34(49)	|	9366	
6235	94	ok	|	0.29	1.00	1.00	0.32	0.08	0	|	rapi	0.29	0.32	0	|	49.0	0.32(49)	0.32(49)	|	9366	
6235	95	ok	|	0.29	1.00	1.00	0.32	0.08	0	|	rapi	0.29	0.32	0	|	49.0	0.32(49)	0.32(49)	|	9366	
6235	96	ok	|	0.29	1.00	1.00	0.31	0.08	0	|	rapi	0.29	0.31	0	|	49.0	0.31(49)	0.31(49)	|	9366	
6235	97	ok	|	0.28	1.00	1.00	0.31	0.08	0	|	rapi	0.28	0.31	0	|	49.0	0.31(49)	0.31(49)	|	9366	
6235	98	ok	|	0.27	1.00	1.00	0.30	0.08	0	|	rapi	0.27	0.30	0	|	49.0	0.30(49)	0.30(49)	|	9366	
6235	99	ok	|	0.27	1.00	1.00	0.30	0.07	0	|	rapi	0.27	0.30	0	|	49.0	0.30(49)	0.30(49)	|	9366	
6235	100	ok	|	0.26	1.00	1.00	0.28	0.07	0	|	rapi	0.26	0.28	0	|	49.0	0.28(49)	0.28(49)	|	9366	
6235	101	ok	|	0.28	1.00	1.00	0.30	0.07	0	|	rapi	0.28	0.30	0	|	49.0	0.30(49)	0.30(49)	|	9366	
6235	102	ok	|	0.27	1.00	1.00	0.29	0.07	0	|	rapi	0.27	0.29	0	|	49.0	0.29(49)	0.29(49)	|	9366	
6235	103	ok	|	0.25	1.00	1.00	0.27	0.07	0	|	rapi	0.25	0.27	0	|	49.0	0.27(49)	0.27(49)	|	9366	
6235	104	ok	|	0.27	1.00	1.00	0.29	0.07	0	|	rapi	0.27	0.29	0	|	49.0	0.29(49)	0.29(49)	|	9366	
6235	105	ok	|	0.28	1.00	1.00	0.30	0.07	0	|	rapi	0.28	0.30	0	|	49.0	0.30(49)	0.30(49)	|	9366	
6235	106	ok	|	0.28	1.00	1.00	0.30	0.07	0	|	rapi	0.28	0.30	0	|	49.0	0.30(49)	0.30(49)	|	9366	
6235	107	ok	|	0.27	1.00	1.00	0.29	0.07	0	|	rapi	0.27	0.29	0	|	49.0	0.29(49)	0.29(49)	|	9366	
6235	108	ok	|	0.29	1.00	1.00	0.32	0.08	0	|	rapi	0.29	0.32	0	|	49.0	0.32(49)	0.32(49)	|	9366	
6235	109	ok	|	0.27	1.00	1.00	0.29	0.07	0	|	rapi	0.27	0.29	0	|	49.0	0.29(49)	0.29(49)	|	9366	
6235	110	ok	|	0.25	1.00	1.00	0.27	0.07	0	|	rapi	0.25	0.27	0	|	49.0	0.27(49)	0.27(49)	|	9366	
6235	111	ok	|	0.25	1.00	1.00	0.27	0.07	0	|	rapi	0.25	0.27	0	|	49.0	0.27(49)	0.27(49)	|	9366	
6235	112	ok	|	0.24	1.00	1.00	0.26	0.06	0	|	rapi	0.24	0.26	0	|	49.0	0.26(49)	0.26(49)	|	9366	
6235	113	ok	|	0.24	1.00	1.00	0.25	0.06	0	|	rapi	0.24	0.25	0	|	49.0	0.25(49)	0.25(49)	|	9366	
6235	114	ok	|	0.25	1.00	1.00	0.26	0.06	0	|	rapi	0.25	0.26	0	|	49.0	0.26(49)	0.26(49)	|	9366	
6235	115	ok	|	0.23	1.00	1.00	0.25	0.06	0	|	rapi	0.23	0.25	0	|	49.0	0.25(49)	0.25(49)	|	9366	
6235	116	ok	|	0.23	1.00	1.00	0.25	0.06	0	|	rapi	0.23	0.25	0	|	49.0	0.25(49)	0.25(49)	|	9366	
6235	117	ok	|	0.23	1.00	1.00	0.24	0.06	0	|	rapi	0.23	0.24	0	|	49.0	0.24(49)	0.24(49)	|	9366	
6235	118	ok	|	0.23	1.00	1.00	0.25	0.06	0	|	rapi	0.23	0.25	0	|	49.0	0.25(49)	0.25(49)	|	9366	
6235	119	ok	|	0.26	1.00	1.00	0.29	0.07	0	|	rapi	0.26	0.29	0	|	49.0	0.29(49)	0.29(49)	|	9366	
6235	120	ok	|	0.26	1.00	1.00	0.28	0.07	0	|	rapi	0.26	0.28	0	|	49.0	0.28(49)	0.28(49)	|	9366	
6235	121	ok	|	0.28	1.00	1.00	0.29	0.07	0	|	rapi	0.28	0.29	0	|	49.0	0.29(49)	0.29(49)	|	9366	
6235	122	ok	|	0.26	1.00	1.00	0.28	0.07	0	|	rapi	0.26	0.28	0	|	49.0	0.28(49)	0.28(49)	|	9366	
6235	123	ok	|	0.27	1.00	1.00	0.28	0.07	0	|	rapi	0.27	0.28	0	|	49.0	0.28(49)	0.28(49)	|	9366	
6235	124	ok	|	0.28	1.00	1.00	0.30	0.08	0	|	rapi	0.28	0.30	0	|	49.0	0.30(49)	0.30(49)	|	9366	
6235	125	ok	|	0.28	1.00	1.00	0.30	0.07	0	|	rapi	0.28	0.30	0	|	49.0	0.30(49)	0.30(49)	|	9366	
6235	126	ok	|	0.28	1.00	1.00	0.30	0.08	0	|	rapi	0.28	0.30	0	|	49.0	0.30(49)	0.30(49)	|	9366	
6235	127	ok	|	0.27	1.00	1.00	0.30	0.07	0	|	rapi	0.27	0.30	0	|	49.0	0.30(49)	0.30(49)	|	9366	
6235	128	ok	|	0.27	1.00	1.00	0.29	0.07	0	|	rapi	0.27	0.29	0	|	49.0	0.29(49)	0.29(49)	|	9366	
6235	129	ok	|	0.27	1.00	1.00	0.30	0.07	0	|	rapi	0.27	0.30	0	|	49.0	0.30(49)	0.30(49)	|	9366	
6235	130	ok	|	0.30	1.00	1.00	0.33	0.08	0	|	rapi	0.30	0.33	0	|	49.0	0.33(49)	0.33(49)	|	9366	
6235	131	ok	|	0.29	1.00	1.00	0.32	0.08	0	|	rapi	0.29	0.32	0	|	49.0	0.32(49)	0.32(49)	|	9366	
6235	132	ok	|	0.29	1.00	1.00	0.32	0.08	0	|	rapi	0.29	0.32	0	|	49.0	0.32(49)	0.32(49)	|	9366	
6235	133	ok	|	0.30	1.00	1.00	0.32	0.08	0	|	rapi	0.30	0.32	0	|	49.0	0.32(49)	0.32(49)	|	9366	
6235	134	ok	|	0.31	1.00	1.00	0.34	0.09	0	|	rapi	0.31	0.34	0	|	49.0	0.34(49)	0.34(49)	|	9366	
6235	135	ok	|	0.31	1.00	1.00	0.33	0.08	0	|	rapi	0.31	0.33	0	|	49.0	0.33(49)	0.33(49)	|	9366	
6235	136	ok	|	0.30	1.00	1.00	0.33	0.08	0	|	rapi	0.30	0.33	0	|	49.0	0.33(49)	0.33(49)	|	9366	
6235	137	ok	|	0.30	1.00	1.00	0.33	0.08	0	|	rapi	0.30	0.33	0	|	49.0	0.33(49)	0.33(49)	|	9366	
6235	138	ok	|	0.31	1.00	1.00	0.33	0.08	0	|	rapi	0.31	0.33	0	|	49.0	0.33(49)	0.33(49)	|	9366	
6235	139	ok	|	0.28	1.00	1.00	0.31	0.08	0	|	rapi	0.28	0.31	0	|	49.0	0.31(49)	0.31(49)	|	9366	
6235	140	ok	|	0.27	1.00	1.00	0.29	0.07	0	|	rapi	0.27	0.29	0	|	49.0	0.29(49)	0.29(49)	|	9366	
6235	141	ok	|	0.26	1.00	1.00	0.28	0.07	0	|	rapi	0.26	0.28	0	|	49.0	0.28(49)	0.28(49)	|	9366	
6235	142	ok	|	0.25	1.00	1.00	0.27	0.07	0	|	rapi	0.25	0.27	0	|	49.0	0.27(49)	0.27(49)	|	9366	
6235	143	ok	|	0.26	1.00	1.00	0.27	0.07	0	|	rapi	0.26	0.27	0	|	49.0	0.27(49)	0.27(49)	|	9366	
6235	144	ok	|	0.24	1.00	1.00	0.25	0.06	0	|	rapi	0.24	0.25	0	|	49.0	0.25(49)	0.25(49)	|	9366	
6235	145	ok	|	0.23	1.00	1.00	0.25	0.06	0	|	rapi	0.23	0.25	0	|	49.0	0.25(49)	0.25(49)	|	9366	
6235	146	ok	|	0.23	1.00	1.00	0.26	0.06	0	|	rapi	0.23	0.26	0	|	49.0	0.26(49)	0.26(49)	|	9366	
6235	147	ok	|	0.26	1.00	1.00	0.28	0.07	0	|	rapi	0.26	0.28	0	|	49.0	0.28(49)	0.28(49)	|	9366	
6235	148	ok	|	0.24	1.00	1.00	0.26	0.06	0	|	rapi	0.24	0.26	0	|	49.0	0.26(49)	0.26(49)	|	9366	
6235	149	ok	|	0.22	1.00	1.00	0.24	0.06	0	|	rapi	0.22	0.24	0	|	49.0	0.24(49)	0.24(49)	|	9366	
6235	150	ok	|	0.23	1.00	1.00	0.24	0.06	0	|	rapi	0.23	0.24	0	|	49.0	0.24(49)	0.24(49)	|	9366	
6235	151	ok	|	0.22	1.00	1.00	0.24	0.06	0	|	rapi	0.22	0.24	0	|	49.0	0.24(49)	0.24(49)	|	9366	
6235	152	ok	|	0.24	1.00	1.00	0.25	0.06	0	|	rapi	0.24	0.25	0	|	49.0	0.25(49)	0.25(49)	|	9366	
6235	153	ok	|	0.24	1.00	1.00	0.26	0.06	0	|	rapi	0.24	0.26	0	|	49.0	0.26(49)	0.26(49)	|	9366	
6235	154	ok	|	0.25	1.00	1.00	0.26	0.07	0	|	rapi	0.25	0.26	0	|	49.0	0.26(49)	0.26(49)	|	9366	
6235	155	ok	|	0.24	1.00	1.00	0.27	0.07	0	|	rapi	0.24	0.27	0	|	49.0	0.27(49)	0.27(49)	|	9366	
6235	156	ok	|	0.25	1.00	1.00	0.27	0.07	0	|	rapi	0.25	0.27	0	|	49.0	0.27(49)	0.27(49)	|	9366	
6235	157	ok	|	0.26	1.00	1.00	0.28	0.07	0	|	rapi	0.26	0.28	0	|	49.0	0.28(49)	0.28(49)	|	9366	
6235	158	ok	|	0.28	1.00	1.00	0.30	0.07	0	|	rapi	0.28	0.30	0	|	49.0	0.30(49)	0.30(49)	|	9366	
6235	159	ok	|	0.27	1.00	1.00	0.29	0.07	0	|	rapi	0.27	0.29	0	|	49.0	0.29(49)	0.29(49)	|	9366	
6235	160	ok	|	0.27	1.00	1.00	0.29	0.07	0	|	rapi	0.27	0.29	0	|	49.0	0.29(49)	0.29(49)	|	9366	
6235	161	ok	|	0.27	1.00	1.00	0.30	0.07	0	|	rapi	0.27	0.30	0	|	49.0	0.30(49)	0.30(49)	|	9366	
6235	162	ok	|	0.28	1.00	1.00	0.32	0.08	0	|	rapi	0.28	0.32	0	|	49.0	0.32(49)	0.32(49)	|	9366	
6235	163	ok	|	0.28	1.00	1.00	0.31	0.08	0	|	rapi	0.28	0.31	0	|	49.0	0.31(49)	0.31(49)	|	9366	
6235	164	ok	|	0.29	1.00	1.00	0.33	0.08	0	|	rapi	0.29	0.33	0	|	49.0	0.33(49)	0.33(49)	|	9366	
6235	165	ok	|	0.28	1.00	1.00	0.32	0.08	0	|	rapi	0.28	0.32	0	|	49.0	0.32(49)	0.32(49)	|	9366	
6235	166	ok	|	0.29	1.00	1.00	0.33	0.08	0	|	rapi	0.29	0.33	0	|	49.0	0.33(49)	0.33(49)	|	9366	
6235	167	ok	|	0.28	1.00	1.00	0.32	0.08	0	|	rapi	0.28	0.32	0	|	49.0	0.32(49)	0.32(49)	|	9366	
6235	168	ok	|	0.29	1.00	1.00	0.32	0.08	0	|	rapi	0.29	0.32	0	|	49.0	0.32(49)	0.32(49)	|	9366	
6235	169	ok	|	0.26	1.00	1.00	0.29	0.07	0	|	rapi	0.26	0.29	0	|	49.0	0.29(49)	0.29(49)	|	9366	
6235	170	ok	|	0.25	1.00	1.00	0.27	0.07	0	|	rapi	0.25	0.27	0	|	49.0	0.27(49)	0.27(49)	|	9366	
6235	171	ok	|	0.24	1.00	1.00	0.26	0.07	0	|	rapi	0.24	0.26	0	|	49.0	0.26(49)	0.26(49)	|	9366	
6235	172	ok	|	0.21	1.00	1.00	0.24	0.06	0	|	rapi	0.21	0.24	0	|	49.0	0.24(49)	0.24(49)	|	9366	
6235	173	ok	|	0.22	1.00	1.00	0.24	0.06	0	|	rapi	0.22	0.24	0	|	49.0	0.24(49)	0.24(49)	|	9366	
6235	174	ok	|	0.22	1.00	1.00	0.23	0.06	0	|	rapi	0.22	0.23	0	|	49.0	0.23(49)	0.23(49)	|	9366	
6235	175	ok	|	0.23	1.00	1.00	0.24	0.06	0	|	rapi	0.23	0.24	0	|	49.0	0.24(49)	0.24(49)	|	9366	
6235	176	ok	|	0.19	1.00	1.00	0.20	0.05	0	|	rapi	0.19	0.20	0	|	49.0	0.20(49)	0.20(49)	|	9366	
6235	177	ok	|	0.17	1.00	1.00	0.19	0.05	0	|	rapi	0.17	0.19	0	|	49.0	0.19(49)	0.19(49)	|	9366	
6235	178	ok	|	0.19	1.00	1.00	0.20	0.05	0	|	rapi	0.19	0.20	0	|	49.0	0.20(49)	0.20(49)	|	9366	
6235	179	ok	|	0.17	1.00	1.00	0.18	0.04	0	|	rapi	0.17	0.18	0	|	49.0	0.18(49)	0.18(49)	|	9366	
6235	180	ok	|	0.16	1.00	1.00	0.16	0.04	0	|	rapi	0.16	0.16	0	|	49.0	0.16(49)	0.16(49)	|	9366	
6235	181	ok	|	0.15	1.00	1.00	0.16	0.04	0	|	rapi	0.15	0.16	0	|	49.0	0.16(49)	0.16(49)	|	9366	
6235	182	ok	|	0.16	1.00	1.00	0.16	0.04	0	|	rapi	0.16	0.16	0	|	49.0	0.16(49)	0.16(49)	|	9366	
6235	183	ok	|	0.15	1.00	1.00	0.17	0.04	0	|	rapi	0.15	0.17	0	|	49.0	0.17(49)	0.17(49)	|	9366	
6235	184	ok	|	0.16	1.00	1.00	0.17	0.04	0	|	rapi	0.16	0.17	0	|	49.0	0.17(49)	0.17(49)	|	9366	
6235	185	ok	|	0.16	1.00	1.00	0.17	0.04	0	|	rapi	0.16	0.17	0	|	49.0	0.17(49)	0.17(49)	|	9366	
6235	186	ok	|	0.14	1.00	1.00	0.14	0.04	0	|	rapi	0.14	0.14	0	|	49.0	0.14(49)	0.14(49)	|	9366	
6235	187	ok	|	0.14	1.00	1.00	0.15	0.04	0	|	rapi	0.14	0.15	0	|	49.0	0.15(49)	0.15(49)	|	9366	
6235	188	ok	|	0.13	1.00	1.00	0.14	0.03	0	|	rapi	0.13	0.14	0	|	49.0	0.14(49)	0.14(49)	|	9366	
6235	189	ok	|	0.14	1.00	1.00	0.15	0.04	0	|	rapi	0.14	0.15	0	|	49.0	0.15(49)	0.15(49)	|	9366	
6235	190	ok	|	0.13	1.00	1.00	0.13	0.03	0	|	rapi	0.13	0.13	0	|	49.0	0.13(49)	0.13(49)	|	9366	
6235	191	ok	|	0.11	1.00	1.00	0.12	0.03	0	|	rapi	0.11	0.12	0	|	49.0	0.12(49)	0.12(49)	|	9366	
6235	192	ok	|	0.10	1.00	1.00	0.11	0.03	0	|	rapi	0.10	0.11	0	|	49.0	0.11(49)	0.11(49)	|	9366	
6235	193	ok	|	0.11	1.00	1.00	0.11	0.03	0	|	rapi	0.11	0.11	0	|	49.0	0.11(49)	0.11(49)	|	9366	
6235	194	ok	|	0.08	1.00	1.00	0.08	0.02	0	|	rapi	0.08	0.08	0	|	49.0	0.08(49)	0.08(49)	|	9366	
6235	195	ok	|	0.07	1.00	1.00	0.07	0.02	0	|	rapi	0.07	0.07	0	|	49.0	0.07(49)	0.07(49)	|	9366	
6235	196	ok	|	0.07	1.00	1.00	0.07	0.02	0	|	rapi	0.07	0.07	0	|	49.0	0.07(49)	0.07(49)	|	9366	
6235	197	ok	|	0.05	1.00	1.00	0.05	0.01	0	|	rapi	0.05	0.05	0	|	49.0	0.05(49)	0.05(49)	|	9366	
6235	198	ok	|	0.05	1.00	1.00	0.05	0.01	0	|	rapi	0.05	0.05	0	|	49.0	0.05(49)	0.05(49)	|	9366	
6235	199	ok	|	0.06	1.00	1.00	0.06	0.01	0	|	rapi	0.06	0.06	0	|	49.0	0.06(49)	0.06(49)	|	9366	
6235	200	ok	|	0.07	1.00	1.00	0.07	0.02	0	|	rapi	0.07	0.07	0	|	49.0	0.07(49)	0.07(49)	|	9366	
6235	201	ok	|	0.06	1.00	1.00	0.06	0.01	0	|	rapi	0.06	0.06	0	|	49.0	0.06(49)	0.06(49)	|	9366	
6235	202	ok	|	0.06	1.00	1.00	0.06	0.01	0	|	rapi	0.06	0.06	0	|	49.0	0.06(49)	0.06(49)	|	9366	
6235	203	ok	|	0.06	1.00	1.00	0.06	0.01	0	|	rapi	0.06	0.06	0	|	49.0	0.06(49)	0.06(49)	|	9366	
6235	204	ok	|	0.06	1.00	1.00	0.07	0.02	0	|	rapi	0.06	0.07	0	|	49.0	0.07(49)	0.07(49)	|	9366	
6235	205	ok	|	0.06	1.00	1.00	0.06	0.02	0	|	rapi	0.06	0.06	0	|	49.0	0.06(49)	0.06(49)	|	9366	
6235	206	ok	|	0.05	1.00	1.00	0.05	0.01	0	|	rapi	0.05	0.05	0	|	49.0	0.05(49)	0.05(49)	|	9366	
6235	207	ok	|	0.05	1.00	1.00	0.06	0.01	0	|	rapi	0.05	0.06	0	|	49.0	0.06(49)	0.06(49)	|	9366	
6235	208	ok	|	0.04	1.00	1.00	0.04	0.01	0	|	rapi	0.04	0.04	0	|	49.0	0.04(49)	0.04(49)	|	9366	
6235	209	ok	|	0.04	1.00	1.00	0.04	0.02	0	|	rapi	0.04	0.04	0	|	49.0	0.04(49)	0.04(49)	|	9366	
6235	210	ok	|	0.04	1.00	1.00	0.04	0.02	0	|	rapi	0.04	0.04	0	|	49.0	0.04(49)	0.04(49)	|	9366	
6235	211	ok	|	0.04	1.00	1.00	0.04	0.02	0	|	rapi	0.04	0.04	0	|	49.0	0.04(49)	0.04(49)	|	9366	
6235	212	ok	|	0.04	1.00	1.00	0.04	0.02	0	|	rapi	0.04	0.04	0	|	49.0	0.04(49)	0.04(49)	|	9366	
6235	213	ok	|	0.05	1.00	1.00	0.05	0.02	0	|	rapi	0.05	0.05	0	|	49.0	0.05(49)	0.05(49)	|	9366	
6235	214	ok	|	0.05	1.00	1.00	0.05	0.03	0	|	rapi	0.05	0.05	0	|	49.0	0.05(49)	0.05(49)	|	9366	
6235	215	ok	|	0.04	1.00	1.00	0.04	0.02	0	|	rapi	0.04	0.04	0	|	49.0	0.04(49)	0.04(49)	|	9366	
6235	216	ok	|	0.03	1.00	1.00	0.03	0.01	0	|	rapi	0.03	0.03	0	|	49.0	0.03(49)	0.03(49)	|	9366	
6235	217	ok	|	0.02	1.00	1.00	0.02	0.01	0	|	rapi	0.02	0.02	0	|	49.0	0.02(49)	0.02(49)	|	9366	
6235	218	ok	|	0.03	1.00	1.00	0.03	0.01	0	|	rapi	0.03	0.03	0	|	49.0	0.03(49)	0.03(49)	|	9366	
6235	219	ok	|	0.03	1.00	1.00	0.04	0.02	0	|	rapi	0.03	0.04	0	|	49.0	0.04(49)	0.04(49)	|	9366	
6235	220	ok	|	0.04	1.00	1.00	0.04	0.02	0	|	rapi	0.04	0.04	0	|	49.0	0.04(49)	0.04(49)	|	9366	
6235	221	ok	|	0.04	1.00	1.00	0.04	0.02	0	|	rapi	0.04	0.04	0	|	49.0	0.04(49)	0.04(49)	|	9366	
6235	222	ok	|	0.05	1.00	1.00	0.05	0.02	0	|	rapi	0.05	0.05	0	|	49.0	0.05(49)	0.05(49)	|	9366	
6235	223	ok	|	0.05	1.00	1.00	0.05	0.03	0	|	rapi	0.05	0.05	0	|	49.0	0.05(49)	0.05(49)	|	9366	
6235	224	ok	|	0.04	1.00	1.00	0.04	0.02	0	|	rapi	0.04	0.04	0	|	49.0	0.04(49)	0.04(49)	|	9366	
6235	225	ok	|	0.04	1.00	1.00	0.04	0.02	0	|	rapi	0.04	0.04	0	|	49.0	0.04(49)	0.04(49)	|	9366	
6235	226	ok	|	0.04	1.00	1.00	0.04	0.02	0	|	rapi	0.04	0.04	0	|	49.0	0.04(49)	0.04(49)	|	9366	
6235	227	ok	|	0.03	1.00	1.00	0.03	0.02	0	|	rapi	0.03	0.03	0	|	49.0	0.03(49)	0.03(49)	|	9366	
6235	228	ok	|	0.03	1.00	1.00	0.03	0.02	0	|	rapi	0.03	0.03	0	|	49.0	0.03(49)	0.03(49)	|	9366	
6235	229	ok	|	0.03	1.00	1.00	0.03	0.02	0	|	rapi	0.03	0.03	0	|	49.0	0.03(49)	0.03(49)	|	9366	
6235	230	ok	|	0.03	1.00	1.00	0.03	0.01	0	|	rapi	0.03	0.03	0	|	49.0	0.03(49)	0.03(49)	|	9366	
6235	231	ok	|	0.03	1.00	1.00	0.03	0.01	0	|	rapi	0.03	0.03	0	|	49.0	0.03(49)	0.03(49)	|	9366	
6235	232	ok	|	0.03	1.00	1.00	0.03	0.02	0	|	rapi	0.03	0.03	0	|	49.0	0.03(49)	0.03(49)	|	9366	
6235	233	ok	|	0.03	1.00	1.00	0.03	0.02	0	|	rapi	0.03	0.03	0	|	49.0	0.03(49)	0.03(49)	|	9366	
6235	234	ok	|	0.05	1.00	1.00	0.05	0.02	0	|	rapi	0.05	0.05	0	|	49.0	0.05(49)	0.05(49)	|	9366	
6235	235	ok	|	0.04	1.00	1.00	0.04	0.02	0	|	rapi	0.04	0.04	0	|	49.0	0.04(49)	0.04(49)	|	9366	
6235	236	ok	|	0.04	1.00	1.00	0.04	0.02	0	|	rapi	0.04	0.04	0	|	49.0	0.04(49)	0.04(49)	|	9366	
6235	237	ok	|	0.02	1.00	1.00	0.02	0.01	0	|	rapi	0.02	0.02	0	|	49.0	0.02(49)	0.02(49)	|	9366	
6235	238	ok	|	0.03	1.00	1.00	0.03	0.01	0	|	rapi	0.03	0.03	0	|	49.0	0.03(49)	0.03(49)	|	9366	
6235	239	ok	|	0.03	1.00	1.00	0.03	0.01	0	|	rapi	0.03	0.03	0	|	49.0	0.03(49)	0.03(49)	|	9366	
6235	240	ok	|	0.03	1.00	1.00	0.03	0.01	0	|	rapi	0.03	0.03	0	|	49.0	0.03(49)	0.03(49)	|	9366	
6235	241	ok	|	0.03	1.00	1.00	0.03	0.02	0	|	rapi	0.03	0.03	0	|	49.0	0.03(49)	0.03(49)	|	9366	
6235	242	ok	|	0.03	1.00	1.00	0.03	0.01	0	|	rapi	0.03	0.03	0	|	49.0	0.03(49)	0.03(49)	|	9366	
6235	243	ok	|	0.04	1.00	1.00	0.04	0.02	0	|	rapi	0.04	0.04	0	|	49.0	0.04(49)	0.04(49)	|	9366	
6235	244	ok	|	0.03	1.00	1.00	0.03	0.01	0	|	rapi	0.03	0.03	0	|	49.0	0.03(49)	0.03(49)	|	9366	
6235	245	ok	|	0.03	1.00	1.00	0.03	0.01	0	|	rapi	0.03	0.03	0	|	49.0	0.03(49)	0.03(49)	|	9366	
6235	246	ok	|	0.03	1.00	1.00	0.03	0.01	0	|	rapi	0.03	0.03	0	|	49.0	0.03(49)	0.03(49)	|	9366	
6235	247	ok	|	0.03	1.00	1.00	0.03	0.01	0	|	rapi	0.03	0.03	0	|	49.0	0.03(49)	0.03(49)	|	9366	
6235	248	ok	|	0.04	1.00	1.00	0.04	0.02	0	|	rapi	0.04	0.04	0	|	49.0	0.04(49)	0.04(49)	|	9366	
6235	249	ok	|	0.03	1.00	1.00	0.03	0.02	0	|	rapi	0.03	0.03	0	|	49.0	0.03(49)	0.03(49)	|	9366	
6235	250	ok	|	0.03	1.00	1.00	0.03	0.01	0	|	rapi	0.03	0.03	0	|	49.0	0.03(49)	0.03(49)	|	9366	
6235	251	ok	|	0.02	1.00	1.00	0.02	0.01	0	|	rapi	0.02	0.02	0	|	49.0	0.02(49)	0.02(49)	|	9366	
6235	252	ok	|	0.03	1.00	1.00	0.03	0.01	0	|	rapi	0.03	0.03	0	|	49.0	0.03(49)	0.03(49)	|	9366	
6235	253	ok	|	0.02	1.00	1.00	0.02	0.01	0	|	rapi	0.02	0.02	0	|	49.0	0.02(49)	0.02(49)	|	9366	
6235	254	ok	|	0.01	1.00	1.00	0.01	0.01	0	|	rapi	0.01	0.01	0	|	49.0	0.01(49)	0.01(49)	|	9366	
6235	255	ok	|	0.02	1.00	1.00	0.02	0.01	0	|	rapi	0.02	0.02	0	|	49.0	0.02(49)	0.02(49)	|	9366	
6235	256	ok	|	0.03	1.00	1.00	0.03	0.01	0	|	rapi	0.03	0.03	0	|	49.0	0.03(49)	0.03(49)	|	9366	
6235	257	ok	|	0.02	1.00	1.00	0.02	0.01	0	|	rapi	0.02	0.02	0	|	49.0	0.02(49)	0.02(49)	|	9366	
6235	258	ok	|	0.03	1.00	1.00	0.03	0.01	0	|	rapi	0.03	0.03	0	|	49.0	0.03(49)	0.03(49)	|	9366	
6235	259	ok	|	0.04	1.00	1.00	0.04	0.02	0	|	rapi	0.04	0.04	0	|	49.0	0.04(49)	0.04(49)	|	9366	
6235	260	ok	|	0.03	1.00	1.00	0.03	0.02	0	|	rapi	0.03	0.03	0	|	49.0	0.03(49)	0.03(49)	|	9366	
6235	261	ok	|	0.04	1.00	1.00	0.04	0.02	0	|	rapi	0.04	0.04	0	|	49.0	0.04(49)	0.04(49)	|	9366	
6235	262	ok	|	0.03	1.00	1.00	0.03	0.01	0	|	rapi	0.03	0.03	0	|	49.0	0.03(49)	0.03(49)	|	9366	
6235	263	ok	|	0.03	1.00	1.00	0.03	0.02	0	|	rapi	0.03	0.03	0	|	49.0	0.03(49)	0.03(49)	|	9366	
6235	264	ok	|	0.03	1.00	1.00	0.03	0.02	0	|	rapi	0.03	0.03	0	|	49.0	0.03(49)	0.03(49)	|	9366	
6235	265	ok	|	0.04	1.00	1.00	0.04	0.02	0	|	rapi	0.04	0.04	0	|	49.0	0.04(49)	0.04(49)	|	9366	
6235	266	ok	|	0.04	1.00	1.00	0.04	0.02	0	|	rapi	0.04	0.04	0	|	49.0	0.04(49)	0.04(49)	|	9366	
6235	267	ok	|	0.04	1.00	1.00	0.04	0.02	0	|	rapi	0.04	0.04	0	|	49.0	0.04(49)	0.04(49)	|	9366	
6235	268	ok	|	0.05	1.00	1.00	0.05	0.02	0	|	rapi	0.05	0.05	0	|	49.0	0.05(49)	0.05(49)	|	9366	
6235	269	ok	|	0.05	1.00	1.00	0.05	0.02	0	|	rapi	0.05	0.05	0	|	49.0	0.05(49)	0.05(49)	|	9366	
6235	270	ok	|	0.05	1.00	1.00	0.05	0.03	0	|	rapi	0.05	0.05	0	|	49.0	0.05(49)	0.05(49)	|	9366	
6235	271	ok	|	0.06	1.00	1.00	0.06	0.03	0	|	rapi	0.06	0.06	0	|	49.0	0.06(49)	0.06(49)	|	9366	
6235	272	ok	|	0.07	1.00	1.00	0.07	0.04	0	|	rapi	0.07	0.07	0	|	49.0	0.07(49)	0.07(49)	|	9366	
6235	273	ok	|	0.06	1.00	1.00	0.06	0.03	0	|	rapi	0.06	0.06	0	|	49.0	0.06(49)	0.06(49)	|	9366	
6235	274	ok	|	0.05	1.00	1.00	0.05	0.02	0	|	rapi	0.05	0.05	0	|	49.0	0.05(49)	0.05(49)	|	9366	
6235	275	ok	|	0.05	1.00	1.00	0.05	0.03	0	|	rapi	0.05	0.05	0	|	49.0	0.05(49)	0.05(49)	|	9366	
6235	276	ok	|	0.05	1.00	1.00	0.05	0.03	0	|	rapi	0.05	0.05	0	|	49.0	0.05(49)	0.05(49)	|	9366	
6235	277	ok	|	0.05	1.00	1.00	0.05	0.03	0	|	rapi	0.05	0.05	0	|	49.0	0.05(49)	0.05(49)	|	9366	
6235	278	ok	|	0.05	1.00	1.00	0.05	0.03	0	|	rapi	0.05	0.05	0	|	49.0	0.05(49)	0.05(49)	|	9366	
6235	279	ok	|	0.05	1.00	1.00	0.05	0.03	0	|	rapi	0.05	0.05	0	|	49.0	0.05(49)	0.05(49)	|	9366	
6235	280	ok	|	0.05	1.00	1.00	0.05	0.03	0	|	rapi	0.05	0.05	0	|	49.0	0.05(49)	0.05(49)	|	9366	
6235	281	ok	|	0.06	1.00	1.00	0.06	0.03	0	|	rapi	0.06	0.06	0	|	49.0	0.06(49)	0.06(49)	|	9366	
6235	282	ok	|	0.06	1.00	1.00	0.06	0.03	0	|	rapi	0.06	0.06	0	|	49.0	0.06(49)	0.06(49)	|	9366	
6235	283	ok	|	0.06	1.00	1.00	0.07	0.03	0	|	rapi	0.06	0.07	0	|	49.0	0.07(49)	0.07(49)	|	9366	
6235	284	ok	|	0.06	1.00	1.00	0.06	0.03	0	|	rapi	0.06	0.06	0	|	49.0	0.06(49)	0.06(49)	|	9366	
6235	285	ok	|	0.06	1.00	1.00	0.06	0.03	0	|	rapi	0.06	0.06	0	|	49.0	0.06(49)	0.06(49)	|	9366	
6235	286	ok	|	0.07	1.00	1.00	0.07	0.03	0	|	rapi	0.07	0.07	0	|	49.0	0.07(49)	0.07(49)	|	9366	
6235	287	ok	|	0.05	1.00	1.00	0.05	0.03	0	|	rapi	0.05	0.05	0	|	49.0	0.05(49)	0.05(49)	|	9366	
6235	288	ok	|	0.04	1.00	1.00	0.05	0.02	0	|	rapi	0.04	0.05	0	|	49.0	0.05(49)	0.05(49)	|	9366	
6235	289	ok	|	0.05	1.00	1.00	0.05	0.02	0	|	rapi	0.05	0.05	0	|	49.0	0.05(49)	0.05(49)	|	9366	
6235	290	ok	|	0.05	1.00	1.00	0.05	0.03	0	|	rapi	0.05	0.05	0	|	49.0	0.05(49)	0.05(49)	|	9366	
6235	291	ok	|	0.04	1.00	1.00	0.05	0.02	0	|	rapi	0.04	0.05	0	|	49.0	0.05(49)	0.05(49)	|	9366	
6235	292	ok	|	0.05	1.00	1.00	0.05	0.03	0	|	rapi	0.05	0.05	0	|	49.0	0.05(49)	0.05(49)	|	9366	
6235	293	ok	|	0.06	1.00	1.00	0.06	0.03	0	|	rapi	0.06	0.06	0	|	49.0	0.06(49)	0.06(49)	|	9366	
6235	294	ok	|	0.05	1.00	1.00	0.05	0.03	0	|	rapi	0.05	0.05	0	|	49.0	0.05(49)	0.05(49)	|	9366	
6235	295	ok	|	0.03	1.00	1.00	0.03	0.01	0	|	rapi	0.03	0.03	0	|	49.0	0.03(49)	0.03(49)	|	9366	
6235	296	ok	|	0.04	1.00	1.00	0.04	0.02	0	|	rapi	0.04	0.04	0	|	49.0	0.04(49)	0.04(49)	|	9366	
6235	297	ok	|	0.05	1.00	1.00	0.05	0.02	0	|	rapi	0.05	0.05	0	|	49.0	0.05(49)	0.05(49)	|	9366	
6235	298	ok	|	0.06	1.00	1.00	0.06	0.03	0	|	rapi	0.06	0.06	0	|	49.0	0.06(49)	0.06(49)	|	9366	
6235	299	ok	|	0.06	1.00	1.00	0.06	0.03	0	|	rapi	0.06	0.06	0	|	49.0	0.06(49)	0.06(49)	|	9366	
6235	300	ok	|	0.05	1.00	1.00	0.05	0.02	0	|	rapi	0.05	0.05	0	|	49.0	0.05(49)	0.05(49)	|	9366	
6235	301	ok	|	0.04	1.00	1.00	0.04	0.02	0	|	rapi	0.04	0.04	0	|	49.0	0.04(49)	0.04(49)	|	9366	
6235	302	ok	|	0.04	1.00	1.00	0.04	0.02	0	|	rapi	0.04	0.04	0	|	49.0	0.04(49)	0.04(49)	|	9366	
6235	303	ok	|	0.05	1.00	1.00	0.05	0.02	0	|	rapi	0.05	0.05	0	|	49.0	0.05(49)	0.05(49)	|	9366	
6235	304	ok	|	0.04	1.00	1.00	0.04	0.02	0	|	rapi	0.04	0.04	0	|	49.0	0.04(49)	0.04(49)	|	9366	
6235	305	ok	|	0.05	1.00	1.00	0.06	0.03	0	|	rapi	0.05	0.06	0	|	49.0	0.06(49)	0.06(49)	|	9366	
6235	306	ok	|	0.06	1.00	1.00	0.06	0.03	0	|	rapi	0.06	0.06	0	|	49.0	0.06(49)	0.06(49)	|	9366	
6235	307	ok	|	0.06	1.00	1.00	0.06	0.03	0	|	rapi	0.06	0.06	0	|	49.0	0.06(49)	0.06(49)	|	9366	
6235	308	ok	|	0.08	1.00	1.00	0.08	0.04	0	|	rapi	0.08	0.08	0	|	49.0	0.08(49)	0.08(49)	|	9366	
6235	309	ok	|	0.08	1.00	1.00	0.08	0.04	0	|	rapi	0.08	0.08	0	|	49.0	0.08(49)	0.08(49)	|	9366	
6235	310	ok	|	0.09	1.00	1.00	0.09	0.05	0	|	rapi	0.09	0.09	0	|	49.0	0.09(49)	0.09(49)	|	9366	
6235	311	ok	|	0.09	1.00	1.00	0.09	0.04	0	|	rapi	0.09	0.09	0	|	49.0	0.09(49)	0.09(49)	|	9366	
6235	312	ok	|	0.06	1.00	1.00	0.06	0.03	0	|	rapi	0.06	0.06	0	|	49.0	0.06(49)	0.06(49)	|	9366	
6235	313	ok	|	0.06	1.00	1.00	0.06	0.03	0	|	rapi	0.06	0.06	0	|	49.0	0.06(49)	0.06(49)	|	9366	
6235	314	ok	|	0.06	1.00	1.00	0.06	0.03	0	|	rapi	0.06	0.06	0	|	49.0	0.06(49)	0.06(49)	|	9366	
6235	315	ok	|	0.06	1.00	1.00	0.06	0.03	0	|	rapi	0.06	0.06	0	|	49.0	0.06(49)	0.06(49)	|	9366	
6235	316	ok	|	0.07	1.00	1.00	0.07	0.03	0	|	rapi	0.07	0.07	0	|	49.0	0.07(49)	0.07(49)	|	9366	
6235	317	ok	|	0.06	1.00	1.00	0.06	0.03	0	|	rapi	0.06	0.06	0	|	49.0	0.06(49)	0.06(49)	|	9366	
6235	318	ok	|	0.07	1.00	1.00	0.07	0.03	0	|	rapi	0.07	0.07	0	|	49.0	0.07(49)	0.07(49)	|	9366	
6235	319	ok	|	0.06	1.00	1.00	0.06	0.03	0	|	rapi	0.06	0.06	0	|	49.0	0.06(49)	0.06(49)	|	9366	
6235	320	ok	|	0.06	1.00	1.00	0.06	0.03	0	|	rapi	0.06	0.06	0	|	49.0	0.06(49)	0.06(49)	|	9366	
6235	321	ok	|	0.06	1.00	1.00	0.06	0.03	0	|	rapi	0.06	0.06	0	|	49.0	0.06(49)	0.06(49)	|	9366	
6235	322	ok	|	0.06	1.00	1.00	0.06	0.03	0	|	rapi	0.06	0.06	0	|	49.0	0.06(49)	0.06(49)	|	9366	
6235	323	ok	|	0.06	1.00	1.00	0.06	0.03	0	|	rapi	0.06	0.06	0	|	49.0	0.06(49)	0.06(49)	|	9366	
6235	324	ok	|	0.07	1.00	1.00	0.07	0.04	0	|	rapi	0.07	0.07	0	|	49.0	0.07(49)	0.07(49)	|	9366	
6235	325	ok	|	0.06	1.00	1.00	0.06	0.03	0	|	rapi	0.06	0.06	0	|	49.0	0.06(49)	0.06(49)	|	9366	
6235	326	ok	|	0.08	1.00	1.00	0.08	0.04	0	|	rapi	0.08	0.08	0	|	49.0	0.08(49)	0.08(49)	|	9366	
6235	327	ok	|	0.08	1.00	1.00	0.08	0.04	0	|	rapi	0.08	0.08	0	|	49.0	0.08(49)	0.08(49)	|	9366	
6235	328	ok	|	0.07	1.00	1.00	0.07	0.04	0	|	rapi	0.07	0.07	0	|	49.0	0.07(49)	0.07(49)	|	9366	
6235	329	ok	|	0.06	1.00	1.00	0.06	0.03	0	|	rapi	0.06	0.06	0	|	49.0	0.06(49)	0.06(49)	|	9366	
6235	330	ok	|	0.07	1.00	1.00	0.07	0.03	0	|	rapi	0.07	0.07	0	|	49.0	0.07(49)	0.07(49)	|	9366	
6235	331	ok	|	0.07	1.00	1.00	0.07	0.04	0	|	rapi	0.07	0.07	0	|	49.0	0.07(49)	0.07(49)	|	9366	
6235	332	ok	|	0.06	1.00	1.00	0.06	0.03	0	|	rapi	0.06	0.06	0	|	49.0	0.06(49)	0.06(49)	|	9366	
6235	333	ok	|	0.07	1.00	1.00	0.07	0.03	0	|	rapi	0.07	0.07	0	|	49.0	0.07(49)	0.07(49)	|	9366	
6235	334	ok	|	0.06	1.00	1.00	0.06	0.03	0	|	rapi	0.06	0.06	0	|	49.0	0.06(49)	0.06(49)	|	9366	
6235	335	ok	|	0.06	1.00	1.00	0.07	0.03	0	|	rapi	0.06	0.07	0	|	49.0	0.07(49)	0.07(49)	|	9366	
6235	336	ok	|	0.07	1.00	1.00	0.07	0.03	0	|	rapi	0.07	0.07	0	|	49.0	0.07(49)	0.07(49)	|	9366	
6235	337	ok	|	0.07	1.00	1.00	0.07	0.04	0	|	rapi	0.07	0.07	0	|	49.0	0.07(49)	0.07(49)	|	9366	
6235	338	ok	|	0.07	1.00	1.00	0.07	0.03	0	|	rapi	0.07	0.07	0	|	49.0	0.07(49)	0.07(49)	|	9366	
6235	339	ok	|	0.07	1.00	1.00	0.07	0.04	0	|	rapi	0.07	0.07	0	|	49.0	0.07(49)	0.07(49)	|	9366	
6235	340	ok	|	0.08	1.00	1.00	0.08	0.04	0	|	rapi	0.08	0.08	0	|	49.0	0.08(49)	0.08(49)	|	9366	
6235	341	ok	|	0.08	1.00	1.00	0.08	0.04	0	|	rapi	0.08	0.08	0	|	49.0	0.08(49)	0.08(49)	|	9366	
6235	342	ok	|	0.08	1.00	1.00	0.08	0.04	0	|	rapi	0.08	0.08	0	|	49.0	0.08(49)	0.08(49)	|	9366	
6235	343	ok	|	0.07	1.00	1.00	0.07	0.04	0	|	rapi	0.07	0.07	0	|	49.0	0.07(49)	0.07(49)	|	9366	
6235	344	ok	|	0.07	1.00	1.00	0.07	0.04	0	|	rapi	0.07	0.07	0	|	49.0	0.07(49)	0.07(49)	|	9366	
6235	345	ok	|	0.08	1.00	1.00	0.08	0.04	0	|	rapi	0.08	0.08	0	|	49.0	0.08(49)	0.08(49)	|	9366	
6235	346	ok	|	0.08	1.00	1.00	0.08	0.04	0	|	rapi	0.08	0.08	0	|	49.0	0.08(49)	0.08(49)	|	9366	
6235	347	ok	|	0.07	1.00	1.00	0.07	0.03	0	|	rapi	0.07	0.07	0	|	49.0	0.07(49)	0.07(49)	|	9366	
6235	348	ok	|	0.07	1.00	1.00	0.07	0.03	0	|	rapi	0.07	0.07	0	|	49.0	0.07(49)	0.07(49)	|	9366	
6235	349	ok	|	0.06	1.00	1.00	0.06	0.03	0	|	rapi	0.06	0.06	0	|	49.0	0.06(49)	0.06(49)	|	9366	
6235	350	ok	|	0.05	1.00	1.00	0.05	0.03	0	|	rapi	0.05	0.05	0	|	49.0	0.05(49)	0.05(49)	|	9366	
6235	351	ok	|	0.05	1.00	1.00	0.05	0.02	0	|	rapi	0.05	0.05	0	|	49.0	0.05(49)	0.05(49)	|	9366	
6235	352	ok	|	0.05	1.00	1.00	0.05	0.02	0	|	rapi	0.05	0.05	0	|	49.0	0.05(49)	0.05(49)	|	9366	
6235	353	ok	|	0.05	1.00	1.00	0.05	0.02	0	|	rapi	0.05	0.05	0	|	49.0	0.05(49)	0.05(49)	|	9366	
6235	354	ok	|	0.06	1.00	1.00	0.06	0.03	0	|	rapi	0.06	0.06	0	|	49.0	0.06(49)	0.06(49)	|	9366	
6235	355	ok	|	0.06	1.00	1.00	0.06	0.03	0	|	rapi	0.06	0.06	0	|	49.0	0.06(49)	0.06(49)	|	9366	
6235	356	ok	|	0.07	1.00	1.00	0.07	0.03	0	|	rapi	0.07	0.07	0	|	49.0	0.07(49)	0.07(49)	|	9366	
6235	357	ok	|	0.06	1.00	1.00	0.06	0.03	0	|	rapi	0.06	0.06	0	|	49.0	0.06(49)	0.06(49)	|	9366	
6235	358	ok	|	0.06	1.00	1.00	0.06	0.03	0	|	rapi	0.06	0.06	0	|	49.0	0.06(49)	0.06(49)	|	9366	
6235	359	ok	|	0.06	1.00	1.00	0.06	0.03	0	|	rapi	0.06	0.06	0	|	49.0	0.06(49)	0.06(49)	|	9366	
6235	360	ok	|	0.05	1.00	1.00	0.05	0.03	0	|	rapi	0.05	0.05	0	|	49.0	0.05(49)	0.05(49)	|	9366	
6235	361	ok	|	0.06	1.00	1.00	0.06	0.03	0	|	rapi	0.06	0.06	0	|	49.0	0.06(49)	0.06(49)	|	9366	
6235	362	ok	|	0.06	1.00	1.00	0.06	0.03	0	|	rapi	0.06	0.06	0	|	49.0	0.06(49)	0.06(49)	|	9366	
6235	363	ok	|	0.06	1.00	1.00	0.06	0.03	0	|	rapi	0.06	0.06	0	|	49.0	0.06(49)	0.06(49)	|	9366	
6235	364	ok	|	0.06	1.00	1.00	0.06	0.03	0	|	rapi	0.06	0.06	0	|	49.0	0.06(49)	0.06(49)	|	9366	
6235	365	ok	|	0.07	1.00	1.00	0.07	0.04	0	|	rapi	0.07	0.07	0	|	49.0	0.07(49)	0.07(49)	|	9366	
6235	366	ok	|	0.07	1.00	1.00	0.08	0.04	0	|	rapi	0.07	0.08	0	|	49.0	0.08(49)	0.08(49)	|	9366	
6235	367	ok	|	0.07	1.00	1.00	0.07	0.04	0	|	rapi	0.07	0.07	0	|	49.0	0.07(49)	0.07(49)	|	9366	
6235	368	ok	|	0.07	1.00	1.00	0.07	0.03	0	|	rapi	0.07	0.07	0	|	49.0	0.07(49)	0.07(49)	|	9366	
6235	369	ok	|	0.08	1.00	1.00	0.08	0.04	0	|	rapi	0.08	0.08	0	|	49.0	0.08(49)	0.08(49)	|	9366	
6235	370	ok	|	0.07	1.00	1.00	0.07	0.04	0	|	rapi	0.07	0.07	0	|	49.0	0.07(49)	0.07(49)	|	9366	
6235	371	ok	|	0.08	1.00	1.00	0.08	0.04	0	|	rapi	0.08	0.08	0	|	49.0	0.08(49)	0.08(49)	|	9366	
6235	372	ok	|	0.06	1.00	1.00	0.06	0.03	0	|	rapi	0.06	0.06	0	|	49.0	0.06(49)	0.06(49)	|	9366	
6235	373	ok	|	0.05	1.00	1.00	0.05	0.03	0	|	rapi	0.05	0.05	0	|	49.0	0.05(49)	0.05(49)	|	9366	
6235	374	ok	|	0.05	1.00	1.00	0.05	0.03	0	|	rapi	0.05	0.05	0	|	49.0	0.05(49)	0.05(49)	|	9366	
6235	375	ok	|	0.06	1.00	1.00	0.06	0.03	0	|	rapi	0.06	0.06	0	|	49.0	0.06(49)	0.06(49)	|	9366	
6235	376	ok	|	0.05	1.00	1.00	0.05	0.03	0	|	rapi	0.05	0.05	0	|	49.0	0.05(49)	0.05(49)	|	9366	
6235	377	ok	|	0.05	1.00	1.00	0.05	0.02	0	|	rapi	0.05	0.05	0	|	49.0	0.05(49)	0.05(49)	|	9366	
6235	378	ok	|	0.05	1.00	1.00	0.05	0.03	0	|	rapi	0.05	0.05	0	|	49.0	0.05(49)	0.05(49)	|	9366	
6235	379	ok	|	0.05	1.00	1.00	0.05	0.03	0	|	rapi	0.05	0.05	0	|	49.0	0.05(49)	0.05(49)	|	9366	
6235	380	ok	|	0.05	1.00	1.00	0.05	0.02	0	|	rapi	0.05	0.05	0	|	49.0	0.05(49)	0.05(49)	|	9366	
6235	381	ok	|	0.05	1.00	1.00	0.05	0.02	0	|	rapi	0.05	0.05	0	|	49.0	0.05(49)	0.05(49)	|	9366	
6235	382	ok	|	0.05	1.00	1.00	0.05	0.03	0	|	rapi	0.05	0.05	0	|	49.0	0.05(49)	0.05(49)	|	9366	
6235	383	ok	|	0.05	1.00	1.00	0.05	0.02	0	|	rapi	0.05	0.05	0	|	49.0	0.05(49)	0.05(49)	|	9366	
6235	384	ok	|	0.04	1.00	1.00	0.04	0.02	0	|	rapi	0.04	0.04	0	|	49.0	0.04(49)	0.04(49)	|	9366	
6235	385	ok	|	0.04	1.00	1.00	0.04	0.02	0	|	rapi	0.04	0.04	0	|	49.0	0.04(49)	0.04(49)	|	9366	
6235	386	ok	|	0.06	1.00	1.00	0.06	0.03	0	|	rapi	0.06	0.06	0	|	49.0	0.06(49)	0.06(49)	|	9366	
6235	387	ok	|	0.07	1.00	1.00	0.07	0.04	0	|	rapi	0.07	0.07	0	|	49.0	0.07(49)	0.07(49)	|	9366	
6235	388	ok	|	0.06	1.00	1.00	0.06	0.03	0	|	rapi	0.06	0.06	0	|	49.0	0.06(49)	0.06(49)	|	9366	
6235	389	ok	|	0.07	1.00	1.00	0.07	0.04	0	|	rapi	0.07	0.07	0	|	49.0	0.07(49)	0.07(49)	|	9366	
6235	390	ok	|	0.08	1.00	1.00	0.08	0.04	0	|	rapi	0.08	0.08	0	|	49.0	0.08(49)	0.08(49)	|	9366	
6235	391	ok	|	0.08	1.00	1.00	0.08	0.04	0	|	rapi	0.08	0.08	0	|	49.0	0.08(49)	0.08(49)	|	9366	
6235	392	ok	|	0.06	1.00	1.00	0.07	0.03	0	|	rapi	0.06	0.07	0	|	49.0	0.07(49)	0.07(49)	|	9366	
6235	393	ok	|	0.05	1.00	1.00	0.05	0.02	0	|	rapi	0.05	0.05	0	|	49.0	0.05(49)	0.05(49)	|	9366	
6235	394	ok	|	0.05	1.00	1.00	0.05	0.03	0	|	rapi	0.05	0.05	0	|	49.0	0.05(49)	0.05(49)	|	9366	
6235	395	ok	|	0.06	1.00	1.00	0.06	0.03	0	|	rapi	0.06	0.06	0	|	49.0	0.06(49)	0.06(49)	|	9366	
6235	396	ok	|	0.04	1.00	1.00	0.04	0.02	0	|	rapi	0.04	0.04	0	|	49.0	0.04(49)	0.04(49)	|	9366	
6235	397	ok	|	0.04	1.00	1.00	0.04	0.02	0	|	rapi	0.04	0.04	0	|	49.0	0.04(49)	0.04(49)	|	9366	
6235	398	ok	|	0.04	1.00	1.00	0.04	0.02	0	|	rapi	0.04	0.04	0	|	49.0	0.04(49)	0.04(49)	|	9366	
6235	399	ok	|	0.03	1.00	1.00	0.03	0.02	0	|	rapi	0.03	0.03	0	|	49.0	0.03(49)	0.03(49)	|	9366	
6235	400	ok	|	0.03	1.00	1.00	0.03	0.02	0	|	rapi	0.03	0.03	0	|	49.0	0.03(49)	0.03(49)	|	9366	
6235	401	ok	|	0.03	1.00	1.00	0.03	0.01	0	|	rapi	0.03	0.03	0	|	49.0	0.03(49)	0.03(49)	|	9366	
6235	402	ok	|	0.02	1.00	1.00	0.02	0.01	0	|	rapi	0.02	0.02	0	|	49.0	0.02(49)	0.02(49)	|	9366	
6235	403	ok	|	0.02	1.00	1.00	0.02	0.01	0	|	rapi	0.02	0.02	0	|	49.0	0.02(49)	0.02(49)	|	9366	
6235	404	ok	|	0.02	1.00	1.00	0.02	0.01	0	|	rapi	0.02	0.02	0	|	49.0	0.02(49)	0.02(49)	|	9366	
6235	405	ok	|	0.02	1.00	1.00	0.02	0.01	0	|	rapi	0.02	0.02	0	|	49.0	0.02(49)	0.02(49)	|	9366	
6235	406	ok	|	0.03	1.00	1.00	0.03	0.01	0	|	rapi	0.03	0.03	0	|	49.0	0.03(49)	0.03(49)	|	9366	
6235	407	ok	|	0.04	1.00	1.00	0.04	0.02	0	|	rapi	0.04	0.04	0	|	49.0	0.04(49)	0.04(49)	|	9366	
6235	408	ok	|	0.05	1.00	1.00	0.05	0.02	0	|	rapi	0.05	0.05	0	|	49.0	0.05(49)	0.05(49)	|	9366	
6235	409	ok	|	0.04	1.00	1.00	0.04	0.02	0	|	rapi	0.04	0.04	0	|	49.0	0.04(49)	0.04(49)	|	9366	
6235	410	ok	|	0.05	1.00	1.00	0.05	0.02	0	|	rapi	0.05	0.05	0	|	49.0	0.05(49)	0.05(49)	|	9366	
6235	411	ok	|	0.04	1.00	1.00	0.04	0.02	0	|	rapi	0.04	0.04	0	|	49.0	0.04(49)	0.04(49)	|	9366	
6235	412	ok	|	0.04	1.00	1.00	0.04	0.02	0	|	rapi	0.04	0.04	0	|	49.0	0.04(49)	0.04(49)	|	9366	
6235	413	ok	|	0.05	1.00	1.00	0.05	0.02	0	|	rapi	0.05	0.05	0	|	49.0	0.05(49)	0.05(49)	|	9366	
6235	414	ok	|	0.04	1.00	1.00	0.04	0.02	0	|	rapi	0.04	0.04	0	|	49.0	0.04(49)	0.04(49)	|	9366	
6235	415	ok	|	0.04	1.00	1.00	0.04	0.02	0	|	rapi	0.04	0.04	0	|	49.0	0.04(49)	0.04(49)	|	9366	
6235	416	ok	|	0.04	1.00	1.00	0.04	0.02	0	|	rapi	0.04	0.04	0	|	49.0	0.04(49)	0.04(49)	|	9366	
6235	417	ok	|	0.04	1.00	1.00	0.04	0.02	0	|	rapi	0.04	0.04	0	|	49.0	0.04(49)	0.04(49)	|	9366	
6235	418	ok	|	0.04	1.00	1.00	0.04	0.02	0	|	rapi	0.04	0.04	0	|	49.0	0.04(49)	0.04(49)	|	9366	
6235	419	ok	|	0.04	1.00	1.00	0.04	0.02	0	|	rapi	0.04	0.04	0	|	49.0	0.04(49)	0.04(49)	|	9366	
6235	420	ok	|	0.04	1.00	1.00	0.04	0.02	0	|	rapi	0.04	0.04	0	|	49.0	0.04(49)	0.04(49)	|	9366	
6235	421	ok	|	0.04	1.00	1.00	0.04	0.02	0	|	rapi	0.04	0.04	0	|	49.0	0.04(49)	0.04(49)	|	9366	
6235	422	ok	|	0.04	1.00	1.00	0.04	0.02	0	|	rapi	0.04	0.04	0	|	49.0	0.04(49)	0.04(49)	|	9366	
6235	423	ok	|	0.04	1.00	1.00	0.04	0.02	0	|	rapi	0.04	0.04	0	|	49.0	0.04(49)	0.04(49)	|	9366	
6235	424	ok	|	0.04	1.00	1.00	0.04	0.02	0	|	rapi	0.04	0.04	0	|	49.0	0.04(49)	0.04(49)	|	9366	
6235	425	ok	|	0.04	1.00	1.00	0.04	0.02	0	|	rapi	0.04	0.04	0	|	49.0	0.04(49)	0.04(49)	|	9366	
6235	426	ok	|	0.04	1.00	1.00	0.04	0.02	0	|	rapi	0.04	0.04	0	|	49.0	0.04(49)	0.04(49)	|	9366	
6235	427	ok	|	0.04	1.00	1.00	0.04	0.02	0	|	rapi	0.04	0.04	0	|	49.0	0.04(49)	0.04(49)	|	9366	
6235	428	ok	|	0.03	1.00	1.00	0.03	0.02	0	|	rapi	0.03	0.03	0	|	49.0	0.03(49)	0.03(49)	|	9366	
6235	429	ok	|	0.03	1.00	1.00	0.03	0.02	0	|	rapi	0.03	0.03	0	|	49.0	0.03(49)	0.03(49)	|	9366	
6235	430	ok	|	0.03	1.00	1.00	0.03	0.02	0	|	rapi	0.03	0.03	0	|	49.0	0.03(49)	0.03(49)	|	9366	
6235	431	ok	|	0.02	1.00	1.00	0.02	0.01	0	|	rapi	0.02	0.02	0	|	49.0	0.02(49)	0.02(49)	|	9366	
6235	432	ok	|	0.03	1.00	1.00	0.03	0.01	0	|	rapi	0.03	0.03	0	|	49.0	0.03(49)	0.03(49)	|	9366	
6235	433	ok	|	0.03	1.00	1.00	0.03	0.01	0	|	rapi	0.03	0.03	0	|	49.0	0.03(49)	0.03(49)	|	9366	
6235	434	ok	|	0.03	1.00	1.00	0.03	0.01	0	|	rapi	0.03	0.03	0	|	49.0	0.03(49)	0.03(49)	|	9366	
6235	435	ok	|	0.03	1.00	1.00	0.03	0.01	0	|	rapi	0.03	0.03	0	|	49.0	0.03(49)	0.03(49)	|	9366	
6235	436	ok	|	0.03	1.00	1.00	0.03	0.01	0	|	rapi	0.03	0.03	0	|	49.0	0.03(49)	0.03(49)	|	9366	
6235	437	ok	|	0.02	1.00	1.00	0.02	0.01	0	|	rapi	0.02	0.02	0	|	49.0	0.02(49)	0.02(49)	|	9366	
6235	438	ok	|	0.02	1.00	1.00	0.02	0.01	0	|	rapi	0.02	0.02	0	|	49.0	0.02(49)	0.02(49)	|	9366	
6235	439	ok	|	0.01	1.00	1.00	0.01	0.01	0	|	rapi	0.01	0.01	0	|	49.0	0.01(49)	0.01(49)	|	9366	
6235	440	ok	|	0.01	1.00	1.00	0.01	0.01	0	|	rapi	0.01	0.01	0	|	49.0	0.01(49)	0.01(49)	|	9366	
6235	441	ok	|	0.01	1.00	1.00	0.01	0.00	0	|	rapi	0.01	0.01	0	|	49.0	0.01(49)	0.01(49)	|	9366	
6235	442	ok	|	0.01	1.00	1.00	0.01	0.00	0	|	rapi	0.01	0.01	0	|	49.0	0.01(49)	0.01(49)	|	9366	
6235	443	ok	|	0.01	1.00	1.00	0.01	0.00	0	|	rapi	0.01	0.01	0	|	49.0	0.01(49)	0.01(49)	|	9366	
6235	444	ok	|	0.01	1.00	1.00	0.01	0.00	0	|	rapi	0.01	0.01	0	|	49.0	0.01(49)	0.01(49)	|	9366	
6235	445	ok	|	0.01	1.00	1.00	0.01	0.00	0	|	rapi	0.01	0.01	0	|	49.0	0.01(49)	0.01(49)	|	9366	
6235	446	ok	|	0.01	1.00	1.00	0.01	0.00	0	|	rapi	0.01	0.01	0	|	49.0	0.01(49)	0.01(49)	|	9366	
6235	447	ok	|	0.01	1.00	1.00	0.01	0.00	0	|	rapi	0.01	0.01	0	|	49.0	0.01(49)	0.01(49)	|	9366	
6235	448	ok	|	0.01	1.00	1.00	0.01	0.00	0	|	rapi	0.01	0.01	0	|	49.0	0.01(49)	0.01(49)	|	9366	
6235	449	ok	|	0.01	1.00	1.00	0.01	0.00	0	|	rapi	0.01	0.01	0	|	49.0	0.01(49)	0.01(49)	|	9366	
6235	450	ok	|	0.01	1.00	1.00	0.01	0.00	0	|	rapi	0.01	0.01	0	|	49.0	0.01(49)	0.01(49)	|	9366	
6235	451	ok	|	0.00	1.00	1.00	0.00	0.00	0	|	rapi	0.00	0.00	0	|	49.0	0.00(49)	0.00(49)	|	9366	
6235	452	ok	|	0.00	1.00	1.00	0.00	0.00	0	|	rapi	0.00	0.00	0	|	49.0	0.00(49)	0.00(49)	|	9366	
6235	453	fail-0	|	0.00	1.00	1.00	0.00	NaN	0	|	rapi	0.00	0.00	0	|	NaN			|	9366	
