6236	0	ok	|	0.10	1.00	1.00	0.10	0.00	0	|	rapi	0.00	0.00	0	|	-37.0	0.10(-37)		|	1	
6236	1	ok	|	0.13	1.00	1.00	0.14	0.00	0	|	rapi	0.00	0.00	0	|	-37.0	0.14(-37)		|	1	
6236	2	ok	|	0.13	1.00	1.00	0.17	0.00	0	|	rapi	0.00	0.00	0	|	-37.0	0.17(-37)		|	1	
6236	3	ok	|	0.14	1.00	1.00	0.17	0.00	0	|	rapi	0.00	0.00	0	|	-37.0	0.17(-37)		|	1	
6236	4	ok	|	0.15	1.00	1.00	0.20	0.00	0	|	rapi	0.00	0.00	0	|	-37.0	0.20(-37)		|	1	
6236	5	ok	|	0.19	1.00	1.00	0.24	0.00	0	|	rapi	0.00	0.00	0	|	-37.0	0.24(-37)		|	1	
6236	6	ok	|	0.20	1.00	1.00	0.28	0.00	0	|	rapi	0.00	0.00	0	|	-37.0	0.28(-37)		|	1	
6236	7	ok	|	0.24	1.00	1.00	0.34	0.00	0	|	rapi	0.00	0.00	0	|	-37.0	0.34(-37)		|	1	
6236	8	ok	|	0.28	1.00	1.00	0.41	0.00	0	|	rapi	0.00	0.00	0	|	-37.0	0.41(-37)		|	1	
6236	9	ok	|	0.32	1.00	1.00	0.48	0.00	0	|	rapi	0.00	0.00	0	|	-37.0	0.48(-37)		|	1	
6236	10	ok	|	0.38	0.99	0.99	0.59	0.00	0	|	rapi	0.00	0.00	0	|	-37.0	0.59(-37)		|	1	
6236	11	ok	|	0.41	0.99	0.99	0.70	0.00	0	|	rapi	0.00	0.00	0	|	-37.0	0.70(-37)		|	1	
6236	12	ok	|	0.46	0.99	0.99	0.84	0.00	0	|	rapi	0.00	0.00	0	|	-37.0	0.84(-37)		|	1	
6236	13	ok	|	0.53	0.99	0.99	0.98	0.00	0	|	rapi	0.00	0.00	0	|	-37.0	0.98(-37)		|	1	
6236	14	ok	|	0.60	0.99	0.99	1.13	0.00	0	|	rapi	0.00	0.00	0	|	-37.0	1.13(-37)		|	1	
6236	15	ok	|	0.66	0.99	0.99	1.39	0.00	0	|	rapi	0.00	0.00	0	|	-37.0	1.39(-37)		|	1	
6236	16	ok	|	0.70	0.98	0.98	1.58	0.00	0	|	rapi	0.00	0.00	0	|	-37.0	1.58(-37)		|	1	
6236	17	ok	|	0.77	0.98	0.98	1.88	0.00	0	|	rapi	0.00	0.00	0	|	-37.0	1.88(-37)		|	1	
6236	18	ok	|	0.81	0.98	0.98	2.16	0.00	0	|	rapi	0.00	0.00	0	|	-37.0	2.16(-37)		|	1	
6236	19	ok	|	0.87	0.97	0.97	2.62	0.00	0	|	rapi	0.00	0.00	0	|	-37.0	2.62(-37)		|	1	
6236	20	ok	|	0.91	0.97	0.97	2.99	0.00	0	|	rapi	0.00	0.00	0	|	-37.0	2.99(-37)	0.00(-37)	|	1	
6236	21	ok	|	0.94	0.97	0.97	3.44	0.00	0	|	rapi	0.00	0.00	0	|	-37.0	3.44(-37)	0.00(-37)	|	1	
6236	22	ok	|	0.96	0.96	0.96	3.92	0.00	0	|	rapi	0.00	0.00	0	|	-37.0	3.92(-37)	0.00(-37)	|	1	
6236	23	ok	|	0.97	0.95	0.95	4.78	0.00	0	|	rapi	0.00	0.00	0	|	-37.0	4.78(-37)	0.00(-37)	|	1	
6236	24	ok	|	0.98	0.94	0.94	5.63	0.00	0	|	rapi	0.00	0.00	0	|	-37.0	5.63(-37)	0.00(-37)	|	1	
6236	25	ok	|	0.99	0.94	0.94	6.49	0.00	0	|	rapi	0.00	0.00	0	|	-37.0	6.49(-37)	0.00(-37)	|	1	
6236	26	ok	|	1.00	0.92	0.92	7.83	0.00	0	|	rapi	0.00	0.00	0	|	-37.0	7.83(-37)	0.00(-37)	|	1	
6236	27	ok	|	1.00	0.91	0.91	9.36	0.00	0	|	rapi	0.00	0.00	0	|	-37.0	9.36(-37)	0.00(-37)	|	1	
6236	28	ok	|	1.00	0.89	0.89	10.88	0.00	0	|	rapi	0.00	0.00	0	|	-37.0	10.88(-37)	0.00(-37)	|	1	
6236	29	ok	|	1.00	0.87	0.87	13.01	0.00	0	|	rapi	0.00	0.00	0	|	-37.0	13.01(-37)	0.00(-37)	|	1	
6236	30	ok	|	1.00	0.85	0.85	15.34	0.00	0	|	rapi	0.00	0.00	0	|	-37.0	15.34(-37)	0.00(-37)	|	1	
6236	31	ok	|	1.00	0.82	0.82	17.80	0.00	0	|	rapi	0.00	0.00	0	|	-37.0	17.80(-37)	0.00(-37)	|	1	
6236	32	ok	|	1.00	0.79	0.79	20.87	0.00	0	|	rapi	0.00	0.00	0	|	-37.0	20.87(-37)	0.00(-37)	|	1	
6236	33	ok	|	1.00	0.76	0.76	24.40	0.00	0	|	rapi	0.01	0.01	0	|	-37.0	24.40(-37)	0.01(-37)	|	1	
6236	34	ok	|	1.00	0.71	0.71	28.60	0.00	0	|	rapi	0.01	0.01	0	|	-37.0	28.60(-37)	0.01(-37)	|	1	
6236	35	ok	|	1.00	0.67	0.67	33.36	0.00	0	|	rapi	0.01	0.01	0	|	-37.0	33.36(-37)	0.01(-37)	|	1	
6236	36	ok	|	1.00	0.62	0.62	38.37	0.00	0	|	rapi	0.01	0.01	0	|	-37.0	38.37(-37)	0.01(-37)	|	1	
6236	37	ok	|	1.00	0.55	0.55	44.57	0.00	0	|	rapi	0.01	0.01	0	|	-37.0	44.57(-37)	0.01(-37)	|	1	
6236	38	ok	|	1.00	0.49	0.49	51.40	0.00	0	|	rapi	0.01	0.01	0	|	-37.0	51.40(-37)	0.01(-37)	|	1	
6236	39	ok	|	1.00	0.40	0.40	59.67	0.00	0	|	rapi	0.01	0.01	0	|	-37.0	59.67(-37)	0.01(-37)	|	1	
6236	40	ok	|	1.00	0.31	0.31	68.54	0.00	0	|	rapi	0.02	0.02	0	|	-37.0	68.54(-37)	0.02(-37)	|	1	
6236	41	ok	|	1.00	0.22	0.22	77.86	0.00	0	|	rapi	0.02	0.02	0	|	-37.0	77.86(-37)	0.02(-37)	|	1	
6236	42	ok	|	1.00	0.14	0.14	86.61	0.00	0	|	rapi	0.04	0.04	0	|	-37.0	86.61(-37)	0.04(-37)	|	1	
6236	43	fail-w	|	1.00	0.08	0.08	93.64	0.00	0	|	rapi	0.05	0.05	0	|	-37.0	93.64(-37)	0.05(-37)	|	1	
