6249	0	ok	|	0.09	1.00	1.00	0.10	0.00	0	|	rapi	0.00	0.00	0	|	69.0	0.10(69)		|	1	
6249	1	ok	|	0.09	1.00	1.00	0.10	0.00	0	|	rapi	0.00	0.00	0	|	69.0	0.10(69)		|	1	
6249	2	ok	|	0.12	1.00	1.00	0.15	0.00	0	|	rapi	0.00	0.00	0	|	69.0	0.15(69)		|	1	
6249	3	ok	|	0.15	1.00	1.00	0.19	0.00	0	|	rapi	0.00	0.00	0	|	69.0	0.19(69)		|	1	
6249	4	ok	|	0.15	1.00	1.00	0.20	0.00	0	|	rapi	0.00	0.00	0	|	69.0	0.20(69)		|	1	
6249	5	ok	|	0.15	1.00	1.00	0.21	0.00	0	|	rapi	0.00	0.00	0	|	69.0	0.21(69)		|	1	
6249	6	ok	|	0.17	1.00	1.00	0.24	0.00	0	|	rapi	0.00	0.00	0	|	69.0	0.24(69)		|	1	
6249	7	ok	|	0.22	1.00	1.00	0.31	0.00	0	|	rapi	0.00	0.00	0	|	69.0	0.31(69)		|	1	
6249	8	ok	|	0.25	1.00	1.00	0.40	0.00	0	|	rapi	0.00	0.00	0	|	69.0	0.40(69)		|	1	
6249	9	ok	|	0.31	1.00	1.00	0.50	0.00	0	|	rapi	0.00	0.00	0	|	69.0	0.50(69)		|	1	
6249	10	ok	|	0.35	0.99	0.99	0.61	0.00	0	|	rapi	0.00	0.00	0	|	69.0	0.61(69)		|	1	
6249	11	ok	|	0.41	0.99	0.99	0.77	0.00	0	|	rapi	0.00	0.00	0	|	69.0	0.77(69)		|	1	
6249	12	ok	|	0.48	0.99	0.99	0.93	0.00	0	|	rapi	0.00	0.00	0	|	69.0	0.93(69)		|	1	
6249	13	ok	|	0.53	0.99	0.99	1.04	0.00	0	|	rapi	0.00	0.00	0	|	69.0	1.04(69)		|	1	
6249	14	ok	|	0.57	0.99	0.99	1.20	0.00	0	|	rapi	0.00	0.00	0	|	69.0	1.20(69)	0.00(69)	|	1	
6249	15	ok	|	0.63	0.99	0.99	1.42	0.00	0	|	rapi	0.00	0.00	0	|	69.0	1.42(69)		|	1	
6249	16	ok	|	0.71	0.98	0.98	1.64	0.00	0	|	rapi	0.00	0.00	0	|	69.0	1.64(69)		|	1	
6249	17	ok	|	0.75	0.98	0.98	1.92	0.00	0	|	rapi	0.00	0.00	0	|	69.0	1.92(69)		|	1	
6249	18	ok	|	0.81	0.98	0.98	2.30	0.00	0	|	rapi	0.00	0.00	0	|	69.0	2.30(69)		|	1	
6249	19	ok	|	0.86	0.97	0.97	2.64	0.00	0	|	rapi	0.00	0.00	0	|	69.0	2.64(69)		|	1	
6249	20	ok	|	0.91	0.97	0.97	3.18	0.00	0	|	rapi	0.00	0.00	0	|	69.0	3.18(69)		|	1	
6249	21	ok	|	0.95	0.96	0.96	3.81	0.00	0	|	rapi	0.00	0.00	0	|	69.0	3.81(69)		|	1	
6249	22	ok	|	0.97	0.96	0.96	4.45	0.00	0	|	rapi	0.00	0.00	0	|	69.0	4.45(69)	0.00(69)	|	1	
6249	23	ok	|	0.98	0.95	0.95	5.29	0.00	0	|	rapi	0.00	0.00	0	|	69.0	5.29(69)		|	1	
6249	24	ok	|	0.99	0.94	0.94	6.21	0.00	0	|	rapi	0.00	0.00	0	|	69.0	6.21(69)		|	1	
6249	25	ok	|	1.00	0.93	0.93	7.39	0.00	0	|	rapi	0.00	0.00	0	|	69.0	7.39(69)	0.00(69)	|	1	
6249	26	ok	|	1.00	0.91	0.91	8.61	0.00	0	|	rapi	0.00	0.00	0	|	69.0	8.61(69)	0.00(69)	|	1	
6249	27	ok	|	1.00	0.90	0.90	10.22	0.00	0	|	rapi	0.00	0.00	0	|	69.0	10.22(69)	0.00(69)	|	1	
6249	28	ok	|	1.00	0.88	0.88	11.92	0.00	0	|	rapi	0.00	0.00	0	|	69.0	11.92(69)	0.00(69)	|	1	
6249	29	ok	|	1.00	0.86	0.86	14.34	0.00	0	|	rapi	0.01	0.01	0	|	69.0	14.34(69)	0.01(69)	|	1	
6249	30	ok	|	1.00	0.83	0.83	17.08	0.00	0	|	rapi	0.00	0.00	0	|	69.0	17.08(69)	0.00(69)	|	1	
6249	31	ok	|	1.00	0.80	0.80	20.36	0.00	0	|	rapi	0.00	0.00	0	|	69.0	20.36(69)	0.00(69)	|	1	
6249	32	ok	|	1.00	0.76	0.76	23.76	0.00	0	|	rapi	0.00	0.00	0	|	69.0	23.76(69)	0.00(69)	|	1	
6249	33	ok	|	1.00	0.72	0.72	27.94	0.00	0	|	rapi	0.00	0.00	0	|	69.0	27.94(69)	0.00(69)	|	1	
6249	34	ok	|	1.00	0.67	0.67	32.83	0.00	0	|	rapi	0.00	0.00	0	|	69.0	32.83(69)	0.00(69)	|	1	
6249	35	ok	|	1.00	0.61	0.61	38.57	0.00	0	|	rapi	0.01	0.01	0	|	69.0	38.57(69)	0.01(69)	|	1	
6249	36	ok	|	1.00	0.55	0.55	44.87	0.00	0	|	rapi	0.01	0.01	0	|	69.0	44.87(69)	0.01(69)	|	1	
6249	37	ok	|	1.00	0.48	0.48	52.19	0.00	0	|	rapi	0.01	0.01	0	|	69.0	52.19(69)	0.01(69)	|	1	
6249	38	ok	|	1.00	0.39	0.39	60.53	0.00	0	|	rapi	0.01	0.01	0	|	69.0	60.53(69)	0.01(69)	|	1	
6249	39	ok	|	1.00	0.30	0.30	69.68	0.00	0	|	rapi	0.01	0.01	0	|	69.0	69.68(69)	0.01(69)	|	1	
6249	40	ok	|	1.00	0.21	0.21	79.22	0.00	0	|	rapi	0.02	0.02	0	|	69.0	79.22(69)	0.02(69)	|	1	
6249	41	ok	|	1.00	0.12	0.12	88.31	0.00	0	|	rapi	0.02	0.02	0	|	69.0	88.31(69)	0.02(69)	|	1	
6249	42	fail-w	|	1.00	0.07	0.07	95.94	0.00	0	|	rapi	0.03	0.03	0	|	69.0	95.94(69)	0.03(69)	|	1	
