63	0	ok	|	0.10	1.00	1.00	0.10	0.00	0	|	rapi	0.06	0.07	0	|	76.0	0.10(76)	0.07(76)	|	2022	
63	1	ok	|	0.10	1.00	1.00	0.10	0.00	0	|	rapi	0.07	0.07	0	|	76.0	0.10(76)	0.07(76)	|	2022	
63	2	ok	|	0.08	1.00	1.00	0.08	0.00	0	|	rapi	0.06	0.06	0	|	76.0	0.08(76)	0.06(76)	|	2022	
63	3	ok	|	0.07	1.00	1.00	0.08	0.00	0	|	rapi	0.05	0.06	0	|	76.0	0.08(76)	0.06(76)	|	2022	
63	4	ok	|	0.08	1.00	1.00	0.09	0.00	0	|	rapi	0.07	0.07	0	|	76.0	0.09(76)	0.07(76)	|	2022	
63	5	ok	|	0.08	1.00	1.00	0.09	0.00	0	|	rapi	0.07	0.07	0	|	76.0	0.09(76)	0.07(76)	|	2022	
63	6	ok	|	0.08	1.00	1.00	0.09	0.00	0	|	rapi	0.07	0.08	0	|	76.0	0.09(76)	0.08(76)	|	2022	
63	7	ok	|	0.09	1.00	1.00	0.10	0.00	0	|	rapi	0.08	0.09	0	|	76.0	0.10(76)	0.09(76)	|	2022	
63	8	ok	|	0.09	1.00	1.00	0.11	0.00	0	|	rapi	0.09	0.10	0	|	76.0	0.11(76)	0.10(76)	|	2022	
63	9	ok	|	0.10	1.00	1.00	0.11	0.00	0	|	rapi	0.09	0.09	0	|	76.0	0.11(76)	0.09(76)	|	2022	
63	10	ok	|	0.11	1.00	1.00	0.12	0.00	0	|	rapi	0.10	0.11	0	|	76.0	0.12(76)	0.11(76)	|	2022	
63	11	ok	|	0.12	1.00	1.00	0.13	0.00	0	|	rapi	0.11	0.12	0	|	76.0	0.13(76)	0.12(76)	|	2022	
63	12	ok	|	0.12	1.00	1.00	0.13	0.00	0	|	rapi	0.11	0.12	0	|	76.0	0.13(76)	0.12(76)	|	2022	
63	13	ok	|	0.11	1.00	1.00	0.12	0.00	0	|	rapi	0.10	0.11	0	|	76.0	0.12(76)	0.11(76)	|	2022	
63	14	ok	|	0.08	1.00	1.00	0.09	0.00	0	|	rapi	0.08	0.08	0	|	76.0	0.09(76)	0.08(76)	|	2022	
63	15	ok	|	0.09	1.00	1.00	0.09	0.00	0	|	rapi	0.08	0.08	0	|	76.0	0.09(76)	0.08(76)	|	2022	
63	16	ok	|	0.08	1.00	1.00	0.09	0.00	0	|	rapi	0.07	0.07	0	|	76.0	0.09(76)	0.07(76)	|	2022	
63	17	ok	|	0.10	1.00	1.00	0.10	0.00	0	|	rapi	0.09	0.09	0	|	76.0	0.10(76)	0.09(76)	|	2022	
63	18	ok	|	0.09	1.00	1.00	0.11	0.00	0	|	rapi	0.09	0.09	0	|	76.0	0.11(76)	0.09(76)	|	2022	
63	19	ok	|	0.10	1.00	1.00	0.11	0.00	0	|	rapi	0.09	0.10	0	|	76.0	0.11(76)	0.10(76)	|	2022	
63	20	ok	|	0.11	1.00	1.00	0.12	0.00	0	|	rapi	0.10	0.10	0	|	76.0	0.12(76)	0.10(76)	|	2022	
63	21	ok	|	0.12	1.00	1.00	0.13	0.00	0	|	rapi	0.10	0.11	0	|	76.0	0.13(76)	0.11(76)	|	2022	
63	22	ok	|	0.13	1.00	1.00	0.15	0.00	0	|	rapi	0.11	0.12	0	|	76.0	0.15(76)	0.12(76)	|	2022	
63	23	ok	|	0.11	1.00	1.00	0.13	0.00	0	|	rapi	0.09	0.10	0	|	76.0	0.13(76)	0.10(76)	|	2022	
63	24	ok	|	0.11	1.00	1.00	0.12	0.00	0	|	rapi	0.09	0.10	0	|	76.0	0.12(76)	0.10(76)	|	2022	
63	25	ok	|	0.12	1.00	1.00	0.13	0.00	0	|	rapi	0.10	0.10	0	|	76.0	0.13(76)	0.10(76)	|	2022	
63	26	ok	|	0.12	1.00	1.00	0.14	0.00	0	|	rapi	0.10	0.10	0	|	76.0	0.14(76)	0.10(76)	|	2022	
63	27	ok	|	0.13	1.00	1.00	0.14	0.00	0	|	rapi	0.10	0.10	0	|	76.0	0.14(76)	0.10(76)	|	2022	
63	28	ok	|	0.13	1.00	1.00	0.14	0.00	0	|	rapi	0.09	0.09	0	|	76.0	0.14(76)	0.09(76)	|	2022	
63	29	ok	|	0.14	1.00	1.00	0.16	0.00	0	|	rapi	0.10	0.10	0	|	76.0	0.16(76)	0.10(76)	|	2022	
63	30	ok	|	0.15	1.00	1.00	0.17	0.00	0	|	rapi	0.10	0.11	0	|	76.0	0.17(76)	0.11(76)	|	2022	
63	31	ok	|	0.16	1.00	1.00	0.20	0.00	0	|	rapi	0.12	0.13	0	|	76.0	0.20(76)	0.13(76)	|	2022	
63	32	ok	|	0.16	1.00	1.00	0.19	0.00	0	|	rapi	0.12	0.12	0	|	76.0	0.19(76)	0.12(76)	|	2022	
63	33	ok	|	0.15	1.00	1.00	0.19	0.00	0	|	rapi	0.11	0.13	0	|	76.0	0.19(76)	0.13(76)	|	2022	
63	34	ok	|	0.16	1.00	1.00	0.18	0.00	0	|	rapi	0.12	0.13	0	|	76.0	0.18(76)	0.13(76)	|	2022	
63	35	ok	|	0.15	1.00	1.00	0.18	0.00	0	|	rapi	0.12	0.13	0	|	76.0	0.18(76)	0.13(76)	|	2022	
63	36	ok	|	0.16	1.00	1.00	0.18	0.00	0	|	rapi	0.12	0.13	0	|	76.0	0.18(76)	0.13(76)	|	2022	
63	37	ok	|	0.19	1.00	1.00	0.22	0.00	0	|	rapi	0.15	0.17	0	|	76.0	0.22(76)	0.17(76)	|	2022	
63	38	ok	|	0.21	1.00	1.00	0.24	0.00	0	|	rapi	0.16	0.17	0	|	76.0	0.24(76)	0.17(76)	|	2022	
63	39	ok	|	0.22	1.00	1.00	0.26	0.00	0	|	rapi	0.17	0.19	0	|	76.0	0.26(76)	0.19(76)	|	2022	
63	40	ok	|	0.23	1.00	1.00	0.27	0.00	0	|	rapi	0.18	0.20	0	|	76.0	0.27(76)	0.20(76)	|	2022	
63	41	ok	|	0.23	1.00	1.00	0.28	0.00	0	|	rapi	0.18	0.20	0	|	76.0	0.28(76)	0.20(76)	|	2022	
63	42	ok	|	0.27	1.00	1.00	0.33	0.00	0	|	rapi	0.21	0.24	0	|	76.0	0.33(76)	0.24(76)	|	2022	
63	43	ok	|	0.27	1.00	1.00	0.33	0.00	0	|	rapi	0.21	0.24	0	|	76.0	0.33(76)	0.24(76)	|	2022	
63	44	ok	|	0.30	1.00	1.00	0.38	0.00	0	|	rapi	0.24	0.28	0	|	76.0	0.38(76)	0.28(76)	|	2022	
63	45	ok	|	0.32	1.00	1.00	0.40	0.00	0	|	rapi	0.25	0.28	0	|	76.0	0.40(76)	0.28(76)	|	2022	
63	46	ok	|	0.32	1.00	1.00	0.43	0.00	0	|	rapi	0.25	0.30	0	|	76.0	0.43(76)	0.30(76)	|	2022	
63	47	ok	|	0.35	1.00	1.00	0.46	0.00	0	|	rapi	0.28	0.33	0	|	76.0	0.46(76)	0.33(76)	|	2022	
63	48	ok	|	0.35	1.00	1.00	0.44	0.00	0	|	rapi	0.28	0.32	0	|	76.0	0.44(76)	0.32(76)	|	2022	
63	49	ok	|	0.36	1.00	1.00	0.47	0.00	0	|	rapi	0.29	0.33	0	|	76.0	0.47(76)	0.33(76)	|	2022	
63	50	ok	|	0.36	1.00	1.00	0.48	0.00	0	|	rapi	0.28	0.33	0	|	76.0	0.48(76)	0.33(76)	|	2022	
63	51	ok	|	0.39	1.00	1.00	0.51	0.00	0	|	rapi	0.30	0.36	0	|	76.0	0.51(76)	0.36(76)	|	2022	
63	52	ok	|	0.40	1.00	1.00	0.53	0.00	0	|	rapi	0.32	0.38	0	|	76.0	0.53(76)	0.38(76)	|	2022	
63	53	ok	|	0.39	1.00	1.00	0.49	0.00	0	|	rapi	0.30	0.34	0	|	76.0	0.49(76)	0.34(76)	|	2022	
63	54	ok	|	0.40	1.00	1.00	0.53	0.00	0	|	rapi	0.32	0.37	0	|	76.0	0.53(76)	0.37(76)	|	2022	
63	55	ok	|	0.40	1.00	1.00	0.53	0.00	0	|	rapi	0.33	0.38	0	|	76.0	0.53(76)	0.38(76)	|	2022	
63	56	ok	|	0.40	1.00	1.00	0.52	0.00	0	|	rapi	0.33	0.38	0	|	76.0	0.52(76)	0.38(76)	|	2022	
63	57	ok	|	0.40	1.00	1.00	0.54	0.00	0	|	rapi	0.31	0.37	0	|	76.0	0.54(76)	0.37(76)	|	2022	
63	58	ok	|	0.41	1.00	1.00	0.56	0.00	0	|	rapi	0.32	0.40	0	|	76.0	0.56(76)	0.40(76)	|	2022	
63	59	ok	|	0.46	1.00	1.00	0.62	0.00	0	|	rapi	0.36	0.44	0	|	76.0	0.62(76)	0.44(76)	|	2022	
63	60	ok	|	0.48	1.00	1.00	0.67	0.00	0	|	rapi	0.37	0.47	0	|	76.0	0.67(76)	0.47(76)	|	2022	
63	61	ok	|	0.48	1.00	1.00	0.67	0.00	0	|	rapi	0.40	0.49	0	|	76.0	0.67(76)	0.49(76)	|	2022	
63	62	ok	|	0.48	1.00	1.00	0.67	0.00	0	|	rapi	0.38	0.48	0	|	76.0	0.67(76)	0.48(76)	|	2022	
63	63	ok	|	0.50	1.00	1.00	0.68	0.00	0	|	rapi	0.40	0.48	0	|	76.0	0.68(76)	0.48(76)	|	2022	
63	64	ok	|	0.49	1.00	1.00	0.69	0.00	0	|	rapi	0.40	0.49	0	|	76.0	0.69(76)	0.49(76)	|	2022	
63	65	ok	|	0.52	1.00	1.00	0.73	0.00	0	|	rapi	0.42	0.52	0	|	76.0	0.73(76)	0.52(76)	|	2022	
63	66	ok	|	0.51	1.00	1.00	0.73	0.00	0	|	rapi	0.41	0.52	0	|	76.0	0.73(76)	0.52(76)	|	2022	
63	67	ok	|	0.52	1.00	1.00	0.78	0.00	0	|	rapi	0.42	0.54	0	|	76.0	0.78(76)	0.54(76)	|	2022	
63	68	ok	|	0.57	1.00	1.00	0.86	0.00	0	|	rapi	0.47	0.61	0	|	76.0	0.86(76)	0.61(76)	|	2022	
63	69	ok	|	0.58	1.00	1.00	0.88	0.00	0	|	rapi	0.48	0.62	0	|	76.0	0.88(76)	0.62(76)	|	2022	
63	70	ok	|	0.59	1.00	1.00	0.91	0.00	0	|	rapi	0.49	0.66	0	|	76.0	0.91(76)	0.66(76)	|	2022	
63	71	ok	|	0.60	1.00	1.00	0.92	0.00	0	|	rapi	0.50	0.65	0	|	76.0	0.92(76)	0.65(76)	|	2022	
63	72	ok	|	0.60	1.00	1.00	0.93	0.00	0	|	rapi	0.49	0.66	0	|	76.0	0.93(76)	0.66(76)	|	2022	
63	73	ok	|	0.59	1.00	1.00	0.92	0.00	0	|	rapi	0.49	0.68	0	|	76.0	0.92(76)	0.68(76)	|	2022	
63	74	ok	|	0.63	1.00	1.00	0.99	0.00	0	|	rapi	0.54	0.73	0	|	76.0	0.99(76)	0.73(76)	|	2022	
63	75	ok	|	0.64	1.00	1.00	1.02	0.00	0	|	rapi	0.55	0.75	0	|	76.0	1.02(76)	0.75(76)	|	2022	
63	76	ok	|	0.61	1.00	1.00	0.96	0.00	0	|	rapi	0.52	0.71	0	|	76.0	0.96(76)	0.71(76)	|	2022	
63	77	ok	|	0.64	1.00	1.00	0.99	0.00	0	|	rapi	0.52	0.72	0	|	76.0	0.99(76)	0.72(76)	|	2022	
63	78	ok	|	0.62	1.00	1.00	1.02	0.00	0	|	rapi	0.52	0.76	0	|	76.0	1.02(76)	0.76(76)	|	2022	
63	79	ok	|	0.63	1.00	1.00	1.06	0.00	0	|	rapi	0.56	0.81	0	|	76.0	1.06(76)	0.81(76)	|	2022	
63	80	ok	|	0.63	1.00	1.00	1.10	0.00	0	|	rapi	0.57	0.86	0	|	76.0	1.10(76)	0.86(76)	|	2022	
63	81	ok	|	0.68	1.00	1.00	1.16	0.01	0	|	rapi	0.60	0.91	0	|	76.0	1.16(76)	0.91(76)	|	2022	
63	82	ok	|	0.71	1.00	1.00	1.18	0.01	0	|	rapi	0.64	0.94	0	|	76.0	1.18(76)	0.94(76)	|	2022	
63	83	ok	|	0.70	1.00	1.00	1.15	0.01	0	|	rapi	0.63	0.92	0	|	76.0	1.15(76)	0.92(76)	|	2022	
63	84	ok	|	0.70	1.00	1.00	1.15	0.00	0	|	rapi	0.62	0.91	0	|	76.0	1.15(76)	0.91(76)	|	2022	
63	85	ok	|	0.69	1.00	1.00	1.11	0.00	0	|	rapi	0.61	0.89	0	|	76.0	1.11(76)	0.89(76)	|	2022	
63	86	ok	|	0.68	1.00	1.00	1.08	0.00	0	|	rapi	0.60	0.85	0	|	76.0	1.08(76)	0.85(76)	|	2022	
63	87	ok	|	0.70	1.00	1.00	1.15	0.00	0	|	rapi	0.64	0.93	0	|	76.0	1.15(76)	0.93(76)	|	2022	
63	88	ok	|	0.74	1.00	1.00	1.19	0.01	0	|	rapi	0.67	0.97	0	|	76.0	1.19(76)	0.97(76)	|	2022	
63	89	ok	|	0.72	1.00	1.00	1.21	0.00	0	|	rapi	0.67	1.00	0	|	76.0	1.21(76)	1.00(76)	|	2022	
63	90	ok	|	0.74	1.00	1.00	1.23	0.01	0	|	rapi	0.68	1.03	0	|	76.0	1.23(76)	1.03(76)	|	2022	
63	91	ok	|	0.72	1.00	1.00	1.24	0.01	0	|	rapi	0.67	1.05	0	|	76.0	1.24(76)	1.05(76)	|	2022	
63	92	ok	|	0.70	1.00	1.00	1.20	0.01	0	|	rapi	0.65	1.02	0	|	76.0	1.20(76)	1.02(76)	|	2022	
63	93	ok	|	0.69	1.00	1.00	1.20	0.01	0	|	rapi	0.66	1.03	0	|	76.0	1.20(76)	1.03(76)	|	2022	
63	94	ok	|	0.73	1.00	1.00	1.22	0.01	0	|	rapi	0.67	1.05	0	|	76.0	1.22(76)	1.05(76)	|	2022	
63	95	ok	|	0.72	1.00	1.00	1.21	0.01	0	|	rapi	0.67	1.04	0	|	76.0	1.21(76)	1.04(76)	|	2022	
63	96	ok	|	0.72	1.00	1.00	1.23	0.01	0	|	rapi	0.67	1.07	0	|	76.0	1.23(76)	1.07(76)	|	2022	
63	97	ok	|	0.73	1.00	1.00	1.25	0.01	0	|	rapi	0.68	1.10	0	|	76.0	1.25(76)	1.10(76)	|	2022	
63	98	ok	|	0.72	1.00	1.00	1.26	0.01	0	|	rapi	0.68	1.08	0	|	76.0	1.26(76)	1.08(76)	|	2022	
63	99	ok	|	0.73	1.00	1.00	1.24	0.01	0	|	rapi	0.67	1.06	0	|	76.0	1.24(76)	1.06(76)	|	2022	
63	100	ok	|	0.71	1.00	1.00	1.27	0.01	0	|	rapi	0.68	1.07	0	|	76.0	1.27(76)	1.07(76)	|	2022	
63	101	ok	|	0.72	1.00	1.00	1.26	0.01	0	|	rapi	0.67	1.06	0	|	76.0	1.26(76)	1.06(76)	|	2022	
63	102	ok	|	0.72	1.00	1.00	1.24	0.01	0	|	rapi	0.66	1.05	0	|	76.0	1.24(76)	1.05(76)	|	2022	
63	103	ok	|	0.74	1.00	1.00	1.28	0.01	0	|	rapi	0.68	1.06	0	|	76.0	1.28(76)	1.06(76)	|	2022	
63	104	ok	|	0.77	1.00	1.00	1.34	0.01	0	|	rapi	0.70	1.10	0	|	76.0	1.34(76)	1.10(76)	|	2022	
63	105	ok	|	0.74	1.00	1.00	1.28	0.01	0	|	rapi	0.67	1.04	0	|	76.0	1.28(76)	1.04(76)	|	2022	
63	106	ok	|	0.74	1.00	1.00	1.29	0.01	0	|	rapi	0.68	1.07	0	|	76.0	1.29(76)	1.07(76)	|	2022	
63	107	ok	|	0.76	1.00	1.00	1.33	0.01	0	|	rapi	0.71	1.12	0	|	76.0	1.33(76)	1.12(76)	|	2022	
63	108	ok	|	0.73	1.00	1.00	1.27	0.01	0	|	rapi	0.68	1.09	0	|	76.0	1.27(76)	1.09(76)	|	2022	
63	109	ok	|	0.74	1.00	1.00	1.27	0.01	0	|	rapi	0.69	1.09	0	|	76.0	1.27(76)	1.09(76)	|	2022	
63	110	ok	|	0.78	1.00	1.00	1.36	0.01	0	|	rapi	0.73	1.17	0	|	76.0	1.36(76)	1.17(76)	|	2022	
63	111	ok	|	0.75	1.00	1.00	1.30	0.01	0	|	rapi	0.70	1.14	0	|	76.0	1.30(76)	1.14(76)	|	2022	
63	112	ok	|	0.76	1.00	1.00	1.34	0.01	0	|	rapi	0.70	1.16	0	|	76.0	1.34(76)	1.16(76)	|	2022	
63	113	ok	|	0.77	1.00	1.00	1.31	0.01	0	|	rapi	0.71	1.16	0	|	76.0	1.31(76)	1.16(76)	|	2022	
63	114	ok	|	0.75	1.00	1.00	1.25	0.01	0	|	rapi	0.70	1.10	0	|	76.0	1.25(76)	1.10(76)	|	2022	
63	115	ok	|	0.73	1.00	1.00	1.25	0.01	0	|	rapi	0.69	1.10	0	|	76.0	1.25(76)	1.10(76)	|	2022	
63	116	ok	|	0.73	1.00	1.00	1.22	0.01	0	|	rapi	0.69	1.07	0	|	76.0	1.22(76)	1.07(76)	|	2022	
63	117	ok	|	0.72	1.00	1.00	1.25	0.01	0	|	rapi	0.69	1.12	0	|	76.0	1.25(76)	1.12(76)	|	2022	
63	118	ok	|	0.74	1.00	1.00	1.27	0.01	0	|	rapi	0.72	1.14	0	|	76.0	1.27(76)	1.14(76)	|	2022	
63	119	ok	|	0.73	1.00	1.00	1.24	0.01	0	|	rapi	0.69	1.11	0	|	76.0	1.24(76)	1.11(76)	|	2022	
63	120	ok	|	0.73	1.00	1.00	1.26	0.01	0	|	rapi	0.70	1.14	0	|	76.0	1.26(76)	1.14(76)	|	2022	
63	121	ok	|	0.74	1.00	1.00	1.30	0.01	0	|	rapi	0.70	1.17	0	|	76.0	1.30(76)	1.17(76)	|	2022	
63	122	ok	|	0.75	1.00	1.00	1.30	0.01	0	|	rapi	0.71	1.16	0	|	76.0	1.30(76)	1.16(76)	|	2022	
63	123	ok	|	0.75	1.00	1.00	1.33	0.01	0	|	rapi	0.71	1.16	0	|	76.0	1.33(76)	1.16(76)	|	2022	
63	124	ok	|	0.77	1.00	1.00	1.36	0.01	0	|	rapi	0.73	1.20	0	|	76.0	1.36(76)	1.20(76)	|	2022	
63	125	ok	|	0.76	1.00	1.00	1.34	0.01	0	|	rapi	0.71	1.19	0	|	76.0	1.34(76)	1.19(76)	|	2022	
63	126	ok	|	0.77	1.00	1.00	1.37	0.01	0	|	rapi	0.73	1.23	0	|	76.0	1.37(76)	1.23(76)	|	2022	
63	127	ok	|	0.77	1.00	1.00	1.36	0.01	0	|	rapi	0.73	1.22	0	|	76.0	1.36(76)	1.22(76)	|	2022	
63	128	ok	|	0.76	1.00	1.00	1.32	0.01	0	|	rapi	0.73	1.19	0	|	76.0	1.32(76)	1.19(76)	|	2022	
63	129	ok	|	0.77	1.00	1.00	1.32	0.01	0	|	rapi	0.73	1.21	0	|	76.0	1.32(76)	1.21(76)	|	2022	
63	130	ok	|	0.78	1.00	1.00	1.36	0.01	0	|	rapi	0.75	1.24	0	|	76.0	1.36(76)	1.24(76)	|	2022	
63	131	ok	|	0.77	1.00	1.00	1.34	0.01	0	|	rapi	0.74	1.21	0	|	76.0	1.34(76)	1.21(76)	|	2022	
63	132	ok	|	0.79	1.00	1.00	1.34	0.01	0	|	rapi	0.76	1.23	0	|	76.0	1.34(76)	1.23(76)	|	2022	
63	133	ok	|	0.79	1.00	1.00	1.34	0.01	0	|	rapi	0.76	1.23	0	|	76.0	1.34(76)	1.23(76)	|	2022	
63	134	ok	|	0.76	1.00	1.00	1.30	0.01	0	|	rapi	0.74	1.20	0	|	76.0	1.30(76)	1.20(76)	|	2022	
63	135	ok	|	0.76	1.00	1.00	1.35	0.01	0	|	rapi	0.74	1.24	0	|	76.0	1.35(76)	1.24(76)	|	2022	
63	136	ok	|	0.76	1.00	1.00	1.32	0.01	0	|	rapi	0.73	1.21	0	|	76.0	1.32(76)	1.21(76)	|	2022	
63	137	ok	|	0.77	1.00	1.00	1.28	0.01	0	|	rapi	0.74	1.16	0	|	76.0	1.28(76)	1.16(76)	|	2022	
63	138	ok	|	0.76	1.00	1.00	1.28	0.01	0	|	rapi	0.73	1.16	0	|	76.0	1.28(76)	1.16(76)	|	2022	
63	139	ok	|	0.74	1.00	1.00	1.24	0.01	0	|	rapi	0.71	1.12	0	|	76.0	1.24(76)	1.12(76)	|	2022	
63	140	ok	|	0.74	1.00	1.00	1.25	0.01	0	|	rapi	0.71	1.15	0	|	76.0	1.25(76)	1.15(76)	|	2022	
63	141	ok	|	0.76	1.00	1.00	1.32	0.01	0	|	rapi	0.73	1.21	0	|	76.0	1.32(76)	1.21(76)	|	2022	
63	142	ok	|	0.77	1.00	1.00	1.41	0.01	0	|	rapi	0.75	1.28	0	|	76.0	1.41(76)	1.28(76)	|	2022	
63	143	ok	|	0.76	1.00	1.00	1.39	0.01	0	|	rapi	0.73	1.24	0	|	76.0	1.39(76)	1.24(76)	|	2022	
63	144	ok	|	0.76	1.00	1.00	1.35	0.01	0	|	rapi	0.73	1.20	0	|	76.0	1.35(76)	1.20(76)	|	2022	
63	145	ok	|	0.76	1.00	1.00	1.35	0.01	0	|	rapi	0.73	1.19	0	|	76.0	1.35(76)	1.19(76)	|	2022	
63	146	ok	|	0.78	1.00	1.00	1.35	0.01	0	|	rapi	0.75	1.20	0	|	76.0	1.35(76)	1.20(76)	|	2022	
63	147	ok	|	0.77	1.00	1.00	1.35	0.01	0	|	rapi	0.73	1.21	0	|	76.0	1.35(76)	1.21(76)	|	2022	
63	148	ok	|	0.78	1.00	1.00	1.35	0.01	0	|	rapi	0.75	1.21	0	|	76.0	1.35(76)	1.21(76)	|	2022	
63	149	ok	|	0.76	1.00	1.00	1.34	0.01	0	|	rapi	0.73	1.20	0	|	76.0	1.34(76)	1.20(76)	|	2022	
63	150	ok	|	0.76	1.00	1.00	1.37	0.01	0	|	rapi	0.73	1.22	0	|	76.0	1.37(76)	1.22(76)	|	2022	
63	151	ok	|	0.79	1.00	1.00	1.43	0.01	0	|	rapi	0.76	1.28	0	|	76.0	1.43(76)	1.28(76)	|	2022	
63	152	ok	|	0.79	1.00	1.00	1.43	0.01	0	|	rapi	0.76	1.29	0	|	76.0	1.43(76)	1.29(76)	|	2022	
63	153	ok	|	0.78	1.00	1.00	1.40	0.01	0	|	rapi	0.76	1.26	0	|	76.0	1.40(76)	1.26(76)	|	2022	
63	154	ok	|	0.77	1.00	1.00	1.38	0.01	0	|	rapi	0.75	1.27	0	|	76.0	1.38(76)	1.27(76)	|	2022	
63	155	ok	|	0.79	1.00	1.00	1.41	0.01	0	|	rapi	0.77	1.31	0	|	76.0	1.41(76)	1.31(76)	|	2022	
63	156	ok	|	0.81	1.00	1.00	1.49	0.01	0	|	rapi	0.79	1.39	0	|	76.0	1.49(76)	1.39(76)	|	2022	
63	157	ok	|	0.81	1.00	1.00	1.48	0.01	0	|	rapi	0.79	1.39	0	|	76.0	1.48(76)	1.39(76)	|	2022	
63	158	ok	|	0.82	1.00	1.00	1.46	0.01	0	|	rapi	0.80	1.37	0	|	76.0	1.46(76)	1.37(76)	|	2022	
63	159	ok	|	0.81	1.00	1.00	1.50	0.01	0	|	rapi	0.80	1.41	0	|	76.0	1.50(76)	1.41(76)	|	2022	
63	160	ok	|	0.79	1.00	1.00	1.48	0.01	0	|	rapi	0.78	1.37	0	|	76.0	1.48(76)	1.37(76)	|	2022	
63	161	ok	|	0.80	1.00	1.00	1.44	0.01	0	|	rapi	0.77	1.31	0	|	76.0	1.44(76)	1.31(76)	|	2022	
63	162	ok	|	0.80	1.00	1.00	1.43	0.01	0	|	rapi	0.77	1.29	0	|	76.0	1.43(76)	1.29(76)	|	2022	
63	163	ok	|	0.77	1.00	1.00	1.38	0.01	0	|	rapi	0.74	1.24	0	|	76.0	1.38(76)	1.24(76)	|	2022	
63	164	ok	|	0.79	1.00	1.00	1.42	0.01	0	|	rapi	0.75	1.26	0	|	76.0	1.42(76)	1.26(76)	|	2022	
63	165	ok	|	0.78	1.00	1.00	1.45	0.01	0	|	rapi	0.75	1.30	0	|	76.0	1.45(76)	1.30(76)	|	2022	
63	166	ok	|	0.77	1.00	1.00	1.40	0.01	0	|	rapi	0.74	1.26	0	|	76.0	1.40(76)	1.26(76)	|	2022	
63	167	ok	|	0.77	1.00	1.00	1.41	0.01	0	|	rapi	0.74	1.24	0	|	76.0	1.41(76)	1.24(76)	|	2022	
63	168	ok	|	0.75	1.00	1.00	1.34	0.01	0	|	rapi	0.73	1.20	0	|	76.0	1.34(76)	1.20(76)	|	2022	
63	169	ok	|	0.74	1.00	1.00	1.30	0.01	0	|	rapi	0.72	1.18	0	|	76.0	1.30(76)	1.18(76)	|	2022	
63	170	ok	|	0.76	1.00	1.00	1.33	0.01	0	|	rapi	0.73	1.21	0	|	76.0	1.33(76)	1.21(76)	|	2022	
63	171	ok	|	0.75	1.00	1.00	1.35	0.01	0	|	rapi	0.72	1.22	0	|	76.0	1.35(76)	1.22(76)	|	2022	
63	172	ok	|	0.77	1.00	1.00	1.34	0.01	0	|	rapi	0.74	1.22	0	|	76.0	1.34(76)	1.22(76)	|	2022	
63	173	ok	|	0.78	1.00	1.00	1.37	0.01	0	|	rapi	0.75	1.24	0	|	76.0	1.37(76)	1.24(76)	|	2022	
63	174	ok	|	0.77	1.00	1.00	1.36	0.01	0	|	rapi	0.75	1.23	0	|	76.0	1.36(76)	1.23(76)	|	2022	
63	175	ok	|	0.79	1.00	1.00	1.44	0.01	0	|	rapi	0.76	1.30	0	|	76.0	1.44(76)	1.30(76)	|	2022	
63	176	ok	|	0.82	1.00	1.00	1.52	0.01	0	|	rapi	0.79	1.39	0	|	76.0	1.52(76)	1.39(76)	|	2022	
63	177	ok	|	0.79	1.00	1.00	1.52	0.01	0	|	rapi	0.76	1.39	0	|	76.0	1.52(76)	1.39(76)	|	2022	
63	178	ok	|	0.80	1.00	1.00	1.53	0.01	0	|	rapi	0.77	1.40	0	|	76.0	1.53(76)	1.40(76)	|	2022	
63	179	ok	|	0.81	1.00	1.00	1.52	0.01	0	|	rapi	0.78	1.37	0	|	76.0	1.52(76)	1.37(76)	|	2022	
63	180	ok	|	0.80	1.00	1.00	1.50	0.01	0	|	rapi	0.76	1.35	0	|	76.0	1.50(76)	1.35(76)	|	2022	
63	181	ok	|	0.82	1.00	1.00	1.56	0.01	0	|	rapi	0.78	1.41	0	|	76.0	1.56(76)	1.41(76)	|	2022	
63	182	ok	|	0.83	1.00	1.00	1.52	0.01	0	|	rapi	0.80	1.39	0	|	76.0	1.52(76)	1.39(76)	|	2022	
63	183	ok	|	0.79	1.00	1.00	1.51	0.01	0	|	rapi	0.76	1.38	0	|	76.0	1.51(76)	1.38(76)	|	2022	
63	184	ok	|	0.81	1.00	1.00	1.53	0.01	0	|	rapi	0.79	1.40	0	|	76.0	1.53(76)	1.40(76)	|	2022	
63	185	ok	|	0.81	1.00	1.00	1.58	0.01	0	|	rapi	0.79	1.44	0	|	76.0	1.58(76)	1.44(76)	|	2022	
63	186	ok	|	0.83	1.00	1.00	1.58	0.01	0	|	rapi	0.81	1.43	0	|	76.0	1.58(76)	1.43(76)	|	2022	
63	187	ok	|	0.82	1.00	1.00	1.54	0.01	0	|	rapi	0.80	1.41	0	|	76.0	1.54(76)	1.41(76)	|	2022	
63	188	ok	|	0.84	1.00	1.00	1.58	0.01	0	|	rapi	0.82	1.44	0	|	76.0	1.58(76)	1.44(76)	|	2022	
63	189	ok	|	0.83	1.00	1.00	1.54	0.01	0	|	rapi	0.82	1.42	0	|	76.0	1.54(76)	1.42(76)	|	2022	
63	190	ok	|	0.83	1.00	1.00	1.53	0.01	0	|	rapi	0.81	1.41	0	|	76.0	1.53(76)	1.41(76)	|	2022	
63	191	ok	|	0.80	1.00	1.00	1.46	0.01	0	|	rapi	0.77	1.35	0	|	76.0	1.46(76)	1.35(76)	|	2022	
63	192	ok	|	0.80	1.00	1.00	1.44	0.01	0	|	rapi	0.77	1.32	0	|	76.0	1.44(76)	1.32(76)	|	2022	
63	193	ok	|	0.80	1.00	1.00	1.44	0.01	0	|	rapi	0.75	1.32	0	|	76.0	1.44(76)	1.32(76)	|	2022	
63	194	ok	|	0.81	1.00	1.00	1.45	0.01	0	|	rapi	0.79	1.35	0	|	76.0	1.45(76)	1.35(76)	|	2022	
63	195	ok	|	0.80	1.00	1.00	1.47	0.01	0	|	rapi	0.78	1.37	0	|	76.0	1.47(76)	1.37(76)	|	2022	
63	196	ok	|	0.80	1.00	1.00	1.44	0.01	0	|	rapi	0.78	1.35	0	|	76.0	1.44(76)	1.35(76)	|	2022	
63	197	ok	|	0.81	1.00	1.00	1.46	0.01	0	|	rapi	0.79	1.38	0	|	76.0	1.46(76)	1.38(76)	|	2022	
63	198	ok	|	0.77	1.00	1.00	1.42	0.01	0	|	rapi	0.76	1.35	0	|	76.0	1.42(76)	1.35(76)	|	2022	
63	199	ok	|	0.80	1.00	1.00	1.48	0.01	0	|	rapi	0.79	1.41	0	|	76.0	1.48(76)	1.41(76)	|	2022	
63	200	ok	|	0.82	1.00	1.00	1.51	0.01	0	|	rapi	0.81	1.44	0	|	76.0	1.51(76)	1.44(76)	|	2022	
63	201	ok	|	0.81	1.00	1.00	1.48	0.01	0	|	rapi	0.80	1.42	0	|	76.0	1.48(76)	1.42(76)	|	2022	
63	202	ok	|	0.81	1.00	1.00	1.47	0.01	0	|	rapi	0.79	1.41	0	|	76.0	1.47(76)	1.41(76)	|	2022	
63	203	ok	|	0.80	1.00	1.00	1.44	0.01	0	|	rapi	0.78	1.37	0	|	76.0	1.44(76)	1.37(76)	|	2022	
63	204	ok	|	0.80	1.00	1.00	1.46	0.01	0	|	rapi	0.79	1.40	0	|	76.0	1.46(76)	1.40(76)	|	2022	
63	205	ok	|	0.79	1.00	1.00	1.45	0.01	0	|	rapi	0.78	1.40	0	|	76.0	1.45(76)	1.40(76)	|	2022	
63	206	ok	|	0.81	1.00	1.00	1.51	0.01	0	|	rapi	0.81	1.45	0	|	76.0	1.51(76)	1.45(76)	|	2022	
63	207	ok	|	0.82	1.00	1.00	1.52	0.01	0	|	rapi	0.81	1.46	0	|	76.0	1.52(76)	1.46(76)	|	2022	
63	208	ok	|	0.82	1.00	1.00	1.52	0.01	0	|	rapi	0.81	1.48	0	|	76.0	1.52(76)	1.48(76)	|	2022	
63	209	ok	|	0.83	1.00	1.00	1.53	0.01	0	|	rapi	0.82	1.47	0	|	76.0	1.53(76)	1.47(76)	|	2022	
63	210	ok	|	0.83	1.00	1.00	1.60	0.02	0	|	rapi	0.82	1.55	0	|	76.0	1.60(76)	1.55(76)	|	2022	
63	211	ok	|	0.83	1.00	1.00	1.53	0.02	0	|	rapi	0.81	1.47	0	|	76.0	1.53(76)	1.47(76)	|	2022	
63	212	ok	|	0.81	1.00	1.00	1.47	0.01	0	|	rapi	0.79	1.40	0	|	76.0	1.47(76)	1.40(76)	|	2022	
63	213	ok	|	0.79	1.00	1.00	1.45	0.01	0	|	rapi	0.77	1.38	0	|	76.0	1.45(76)	1.38(76)	|	2022	
63	214	ok	|	0.79	1.00	1.00	1.40	0.01	0	|	rapi	0.78	1.34	0	|	76.0	1.40(76)	1.34(76)	|	2022	
63	215	ok	|	0.79	1.00	1.00	1.39	0.01	0	|	rapi	0.78	1.32	0	|	76.0	1.39(76)	1.32(76)	|	2022	
63	216	ok	|	0.78	1.00	1.00	1.40	0.01	0	|	rapi	0.77	1.33	0	|	76.0	1.40(76)	1.33(76)	|	2022	
63	217	ok	|	0.77	1.00	1.00	1.42	0.01	0	|	rapi	0.76	1.36	0	|	76.0	1.42(76)	1.36(76)	|	2022	
63	218	ok	|	0.79	1.00	1.00	1.45	0.01	0	|	rapi	0.78	1.39	0	|	76.0	1.45(76)	1.39(76)	|	2022	
63	219	ok	|	0.80	1.00	1.00	1.49	0.02	0	|	rapi	0.78	1.43	0	|	76.0	1.49(76)	1.43(76)	|	2022	
63	220	ok	|	0.80	1.00	1.00	1.52	0.01	0	|	rapi	0.79	1.46	0	|	76.0	1.52(76)	1.46(76)	|	2022	
63	221	ok	|	0.79	1.00	1.00	1.48	0.01	0	|	rapi	0.78	1.42	0	|	76.0	1.48(76)	1.42(76)	|	2022	
63	222	ok	|	0.78	1.00	1.00	1.45	0.02	0	|	rapi	0.76	1.38	0	|	76.0	1.45(76)	1.38(76)	|	2022	
63	223	ok	|	0.76	1.00	1.00	1.41	0.02	0	|	rapi	0.75	1.36	0	|	76.0	1.41(76)	1.36(76)	|	2022	
63	224	ok	|	0.76	1.00	1.00	1.39	0.02	0	|	rapi	0.75	1.35	0	|	76.0	1.39(76)	1.35(76)	|	2022	
63	225	ok	|	0.74	1.00	1.00	1.36	0.02	0	|	rapi	0.73	1.31	0	|	76.0	1.36(76)	1.31(76)	|	2022	
63	226	ok	|	0.75	1.00	1.00	1.34	0.02	0	|	rapi	0.73	1.30	0	|	76.0	1.34(76)	1.30(76)	|	2022	
63	227	ok	|	0.74	1.00	1.00	1.32	0.02	0	|	rapi	0.73	1.28	0	|	76.0	1.32(76)	1.28(76)	|	2022	
63	228	ok	|	0.73	1.00	1.00	1.27	0.02	0	|	rapi	0.72	1.23	0	|	76.0	1.27(76)	1.23(76)	|	2022	
63	229	ok	|	0.71	1.00	1.00	1.15	0.02	0	|	rapi	0.69	1.11	0	|	76.0	1.15(76)	1.11(76)	|	2022	
63	230	ok	|	0.71	1.00	1.00	1.18	0.01	0	|	rapi	0.69	1.13	0	|	76.0	1.18(76)	1.13(76)	|	2022	
63	231	ok	|	0.70	1.00	1.00	1.15	0.01	0	|	rapi	0.69	1.10	0	|	76.0	1.15(76)	1.10(76)	|	2022	
63	232	ok	|	0.69	1.00	1.00	1.07	0.01	0	|	rapi	0.68	1.03	0	|	76.0	1.07(76)	1.03(76)	|	2022	
63	233	ok	|	0.69	1.00	1.00	1.13	0.02	0	|	rapi	0.68	1.08	0	|	76.0	1.13(76)	1.08(76)	|	2022	
63	234	ok	|	0.70	1.00	1.00	1.19	0.02	0	|	rapi	0.69	1.14	0	|	76.0	1.19(76)	1.14(76)	|	2022	
63	235	ok	|	0.71	1.00	1.00	1.25	0.02	0	|	rapi	0.70	1.21	0	|	76.0	1.25(76)	1.21(76)	|	2022	
63	236	ok	|	0.72	1.00	1.00	1.25	0.02	0	|	rapi	0.71	1.22	0	|	76.0	1.25(76)	1.22(76)	|	2022	
63	237	ok	|	0.75	1.00	1.00	1.26	0.02	0	|	rapi	0.74	1.24	0	|	76.0	1.26(76)	1.24(76)	|	2022	
63	238	ok	|	0.73	1.00	1.00	1.26	0.02	0	|	rapi	0.72	1.24	0	|	76.0	1.26(76)	1.24(76)	|	2022	
63	239	ok	|	0.71	1.00	1.00	1.21	0.02	0	|	rapi	0.71	1.18	0	|	76.0	1.21(76)	1.18(76)	|	2022	
63	240	ok	|	0.73	1.00	1.00	1.19	0.02	0	|	rapi	0.72	1.17	0	|	76.0	1.19(76)	1.17(76)	|	2022	
63	241	ok	|	0.73	1.00	1.00	1.17	0.02	0	|	rapi	0.72	1.14	0	|	76.0	1.17(76)	1.14(76)	|	2022	
63	242	ok	|	0.72	1.00	1.00	1.22	0.02	0	|	rapi	0.71	1.20	0	|	76.0	1.22(76)	1.20(76)	|	2022	
63	243	ok	|	0.69	1.00	1.00	1.16	0.02	0	|	rapi	0.68	1.14	0	|	76.0	1.16(76)	1.14(76)	|	2022	
63	244	ok	|	0.70	1.00	1.00	1.16	0.02	0	|	rapi	0.70	1.14	0	|	76.0	1.16(76)	1.14(76)	|	2022	
63	245	ok	|	0.71	1.00	1.00	1.17	0.02	0	|	rapi	0.70	1.16	0	|	76.0	1.17(76)	1.16(76)	|	2022	
63	246	ok	|	0.73	1.00	1.00	1.25	0.02	0	|	rapi	0.72	1.24	0	|	76.0	1.25(76)	1.24(76)	|	2022	
63	247	ok	|	0.75	1.00	1.00	1.28	0.02	0	|	rapi	0.74	1.26	0	|	76.0	1.28(76)	1.26(76)	|	2022	
63	248	ok	|	0.75	1.00	1.00	1.27	0.02	0	|	rapi	0.75	1.25	0	|	76.0	1.27(76)	1.25(76)	|	2022	
63	249	ok	|	0.75	1.00	1.00	1.27	0.02	0	|	rapi	0.75	1.25	0	|	76.0	1.27(76)	1.25(76)	|	2022	
63	250	ok	|	0.77	1.00	1.00	1.25	0.03	0	|	rapi	0.75	1.23	0	|	76.0	1.25(76)	1.23(76)	|	2022	
63	251	ok	|	0.75	1.00	1.00	1.24	0.02	0	|	rapi	0.74	1.20	0	|	76.0	1.24(76)	1.20(76)	|	2022	
63	252	ok	|	0.76	1.00	1.00	1.26	0.02	0	|	rapi	0.75	1.23	0	|	76.0	1.26(76)	1.23(76)	|	2022	
63	253	ok	|	0.76	1.00	1.00	1.31	0.02	0	|	rapi	0.75	1.28	0	|	76.0	1.31(76)	1.28(76)	|	2022	
63	254	ok	|	0.78	1.00	1.00	1.36	0.02	0	|	rapi	0.78	1.32	0	|	76.0	1.36(76)	1.32(76)	|	2022	
63	255	ok	|	0.79	1.00	1.00	1.35	0.02	0	|	rapi	0.78	1.31	0	|	76.0	1.35(76)	1.31(76)	|	2022	
63	256	ok	|	0.80	1.00	1.00	1.39	0.02	0	|	rapi	0.79	1.35	0	|	76.0	1.39(76)	1.35(76)	|	2022	
63	257	ok	|	0.80	1.00	1.00	1.38	0.02	0	|	rapi	0.80	1.33	0	|	76.0	1.38(76)	1.33(76)	|	2022	
63	258	ok	|	0.79	1.00	1.00	1.38	0.03	0	|	rapi	0.78	1.34	0	|	76.0	1.38(76)	1.34(76)	|	2022	
63	259	ok	|	0.80	1.00	1.00	1.38	0.03	0	|	rapi	0.80	1.34	0	|	76.0	1.38(76)	1.34(76)	|	2022	
63	260	ok	|	0.80	1.00	1.00	1.37	0.03	0	|	rapi	0.80	1.32	0	|	76.0	1.37(76)	1.32(76)	|	2022	
63	261	ok	|	0.79	1.00	1.00	1.41	0.03	0	|	rapi	0.78	1.37	0	|	76.0	1.41(76)	1.37(76)	|	2022	
63	262	ok	|	0.80	1.00	1.00	1.42	0.03	0	|	rapi	0.80	1.39	0	|	76.0	1.42(76)	1.39(76)	|	2022	
63	263	ok	|	0.77	1.00	1.00	1.38	0.03	0	|	rapi	0.77	1.34	0	|	76.0	1.38(76)	1.34(76)	|	2022	
63	264	ok	|	0.80	1.00	1.00	1.38	0.03	0	|	rapi	0.79	1.34	0	|	76.0	1.38(76)	1.34(76)	|	2022	
63	265	ok	|	0.79	1.00	1.00	1.40	0.03	0	|	rapi	0.79	1.36	0	|	76.0	1.40(76)	1.36(76)	|	2022	
63	266	ok	|	0.81	1.00	1.00	1.39	0.03	0	|	rapi	0.81	1.35	0	|	76.0	1.39(76)	1.35(76)	|	2022	
63	267	ok	|	0.81	1.00	1.00	1.43	0.03	0	|	rapi	0.80	1.39	0	|	76.0	1.43(76)	1.39(76)	|	2022	
63	268	ok	|	0.81	1.00	1.00	1.41	0.03	0	|	rapi	0.80	1.37	0	|	76.0	1.41(76)	1.37(76)	|	2022	
63	269	ok	|	0.79	1.00	1.00	1.42	0.03	0	|	rapi	0.79	1.38	0	|	76.0	1.42(76)	1.38(76)	|	2022	
63	270	ok	|	0.80	1.00	1.00	1.41	0.03	0	|	rapi	0.79	1.37	0	|	76.0	1.41(76)	1.37(76)	|	2022	
63	271	ok	|	0.81	1.00	1.00	1.41	0.03	0	|	rapi	0.80	1.37	0	|	76.0	1.41(76)	1.37(76)	|	2022	
63	272	ok	|	0.81	1.00	1.00	1.44	0.03	0	|	rapi	0.81	1.40	0	|	76.0	1.44(76)	1.40(76)	|	2022	
63	273	ok	|	0.82	1.00	1.00	1.42	0.03	0	|	rapi	0.81	1.39	0	|	76.0	1.42(76)	1.39(76)	|	2022	
63	274	ok	|	0.81	1.00	1.00	1.45	0.03	0	|	rapi	0.80	1.40	0	|	76.0	1.45(76)	1.40(76)	|	2022	
63	275	ok	|	0.80	1.00	1.00	1.44	0.03	0	|	rapi	0.79	1.39	0	|	76.0	1.44(76)	1.39(76)	|	2022	
63	276	ok	|	0.81	1.00	1.00	1.47	0.03	0	|	rapi	0.80	1.42	0	|	76.0	1.47(76)	1.42(76)	|	2022	
63	277	ok	|	0.82	1.00	1.00	1.50	0.03	0	|	rapi	0.81	1.44	0	|	76.0	1.50(76)	1.44(76)	|	2022	
63	278	ok	|	0.84	1.00	1.00	1.49	0.03	0	|	rapi	0.83	1.42	0	|	76.0	1.49(76)	1.42(76)	|	2022	
63	279	ok	|	0.81	1.00	1.00	1.47	0.03	0	|	rapi	0.81	1.39	0	|	76.0	1.47(76)	1.39(76)	|	2022	
63	280	ok	|	0.80	1.00	1.00	1.43	0.03	0	|	rapi	0.79	1.37	0	|	76.0	1.43(76)	1.37(76)	|	2022	
63	281	ok	|	0.80	1.00	1.00	1.42	0.03	0	|	rapi	0.78	1.36	0	|	76.0	1.42(76)	1.36(76)	|	2022	
63	282	ok	|	0.79	1.00	1.00	1.36	0.03	0	|	rapi	0.78	1.30	0	|	76.0	1.36(76)	1.30(76)	|	2022	
63	283	ok	|	0.79	1.00	1.00	1.38	0.03	0	|	rapi	0.78	1.32	0	|	76.0	1.38(76)	1.32(76)	|	2022	
63	284	ok	|	0.79	1.00	1.00	1.40	0.03	0	|	rapi	0.78	1.34	0	|	76.0	1.40(76)	1.34(76)	|	2022	
63	285	ok	|	0.80	1.00	1.00	1.38	0.03	0	|	rapi	0.78	1.31	0	|	76.0	1.38(76)	1.31(76)	|	2022	
63	286	ok	|	0.80	1.00	1.00	1.40	0.03	0	|	rapi	0.79	1.35	0	|	76.0	1.40(76)	1.35(76)	|	2022	
63	287	ok	|	0.80	1.00	1.00	1.43	0.03	0	|	rapi	0.79	1.39	0	|	76.0	1.43(76)	1.39(76)	|	2022	
63	288	ok	|	0.78	1.00	1.00	1.41	0.03	0	|	rapi	0.78	1.37	0	|	76.0	1.41(76)	1.37(76)	|	2022	
63	289	ok	|	0.79	1.00	1.00	1.42	0.03	0	|	rapi	0.77	1.37	0	|	76.0	1.42(76)	1.37(76)	|	2022	
63	290	ok	|	0.79	1.00	1.00	1.44	0.03	0	|	rapi	0.78	1.38	0	|	76.0	1.44(76)	1.38(76)	|	2022	
63	291	ok	|	0.78	1.00	1.00	1.39	0.03	0	|	rapi	0.77	1.33	0	|	76.0	1.39(76)	1.33(76)	|	2022	
63	292	ok	|	0.79	1.00	1.00	1.34	0.03	0	|	rapi	0.78	1.30	0	|	76.0	1.34(76)	1.30(76)	|	2022	
63	293	ok	|	0.77	1.00	1.00	1.32	0.03	0	|	rapi	0.76	1.28	0	|	76.0	1.32(76)	1.28(76)	|	2022	
63	294	ok	|	0.78	1.00	1.00	1.35	0.03	0	|	rapi	0.77	1.31	0	|	76.0	1.35(76)	1.31(76)	|	2022	
63	295	ok	|	0.79	1.00	1.00	1.35	0.03	0	|	rapi	0.78	1.31	0	|	76.0	1.35(76)	1.31(76)	|	2022	
63	296	ok	|	0.77	1.00	1.00	1.32	0.03	0	|	rapi	0.76	1.27	0	|	76.0	1.32(76)	1.27(76)	|	2022	
63	297	ok	|	0.79	1.00	1.00	1.37	0.03	0	|	rapi	0.78	1.31	0	|	76.0	1.37(76)	1.31(76)	|	2022	
63	298	ok	|	0.78	1.00	1.00	1.37	0.03	0	|	rapi	0.77	1.31	0	|	76.0	1.37(76)	1.31(76)	|	2022	
63	299	ok	|	0.77	1.00	1.00	1.37	0.03	0	|	rapi	0.76	1.30	0	|	76.0	1.37(76)	1.30(76)	|	2022	
63	300	ok	|	0.76	1.00	1.00	1.36	0.03	0	|	rapi	0.74	1.29	0	|	76.0	1.36(76)	1.29(76)	|	2022	
63	301	ok	|	0.76	1.00	1.00	1.36	0.02	0	|	rapi	0.75	1.29	0	|	76.0	1.36(76)	1.29(76)	|	2022	
63	302	ok	|	0.76	1.00	1.00	1.41	0.02	0	|	rapi	0.75	1.34	0	|	76.0	1.41(76)	1.34(76)	|	2022	
63	303	ok	|	0.77	1.00	1.00	1.39	0.02	0	|	rapi	0.76	1.32	0	|	76.0	1.39(76)	1.32(76)	|	2022	
63	304	ok	|	0.77	1.00	1.00	1.36	0.02	0	|	rapi	0.76	1.29	0	|	76.0	1.36(76)	1.29(76)	|	2022	
63	305	ok	|	0.74	1.00	1.00	1.32	0.02	0	|	rapi	0.73	1.25	0	|	76.0	1.32(76)	1.25(76)	|	2022	
63	306	ok	|	0.73	1.00	1.00	1.34	0.02	0	|	rapi	0.72	1.27	0	|	76.0	1.34(76)	1.27(76)	|	2022	
63	307	ok	|	0.76	1.00	1.00	1.39	0.02	0	|	rapi	0.75	1.33	0	|	76.0	1.39(76)	1.33(76)	|	2022	
63	308	ok	|	0.74	1.00	1.00	1.32	0.02	0	|	rapi	0.73	1.26	0	|	76.0	1.32(76)	1.26(76)	|	2022	
63	309	ok	|	0.76	1.00	1.00	1.37	0.02	0	|	rapi	0.75	1.31	0	|	76.0	1.37(76)	1.31(76)	|	2022	
63	310	ok	|	0.75	1.00	1.00	1.37	0.02	0	|	rapi	0.74	1.32	0	|	76.0	1.37(76)	1.32(76)	|	2022	
63	311	ok	|	0.78	1.00	1.00	1.42	0.02	0	|	rapi	0.77	1.38	0	|	76.0	1.42(76)	1.38(76)	|	2022	
63	312	ok	|	0.78	1.00	1.00	1.39	0.02	0	|	rapi	0.77	1.35	0	|	76.0	1.39(76)	1.35(76)	|	2022	
63	313	ok	|	0.79	1.00	1.00	1.39	0.02	0	|	rapi	0.78	1.35	0	|	76.0	1.39(76)	1.35(76)	|	2022	
63	314	ok	|	0.79	1.00	1.00	1.41	0.03	0	|	rapi	0.78	1.37	0	|	76.0	1.41(76)	1.37(76)	|	2022	
63	315	ok	|	0.76	1.00	1.00	1.40	0.02	0	|	rapi	0.76	1.35	0	|	76.0	1.40(76)	1.35(76)	|	2022	
63	316	ok	|	0.79	1.00	1.00	1.39	0.03	0	|	rapi	0.77	1.35	0	|	76.0	1.39(76)	1.35(76)	|	2022	
63	317	ok	|	0.75	1.00	1.00	1.36	0.03	0	|	rapi	0.75	1.33	0	|	76.0	1.36(76)	1.33(76)	|	2022	
63	318	ok	|	0.76	1.00	1.00	1.36	0.03	0	|	rapi	0.75	1.32	0	|	76.0	1.36(76)	1.32(76)	|	2022	
63	319	ok	|	0.76	1.00	1.00	1.37	0.03	0	|	rapi	0.76	1.34	0	|	76.0	1.37(76)	1.34(76)	|	2022	
63	320	ok	|	0.78	1.00	1.00	1.38	0.03	0	|	rapi	0.77	1.34	0	|	76.0	1.38(76)	1.34(76)	|	2022	
63	321	ok	|	0.77	1.00	1.00	1.35	0.02	0	|	rapi	0.76	1.33	0	|	76.0	1.35(76)	1.33(76)	|	2022	
63	322	ok	|	0.75	1.00	1.00	1.29	0.02	0	|	rapi	0.74	1.27	0	|	76.0	1.29(76)	1.27(76)	|	2022	
63	323	ok	|	0.75	1.00	1.00	1.32	0.03	0	|	rapi	0.74	1.29	0	|	76.0	1.32(76)	1.29(76)	|	2022	
63	324	ok	|	0.75	1.00	1.00	1.27	0.02	0	|	rapi	0.74	1.24	0	|	76.0	1.27(76)	1.24(76)	|	2022	
63	325	ok	|	0.74	1.00	1.00	1.26	0.02	0	|	rapi	0.74	1.24	0	|	76.0	1.26(76)	1.24(76)	|	2022	
63	326	ok	|	0.77	1.00	1.00	1.27	0.02	0	|	rapi	0.76	1.25	0	|	76.0	1.27(76)	1.25(76)	|	2022	
63	327	ok	|	0.76	1.00	1.00	1.22	0.03	0	|	rapi	0.75	1.19	0	|	76.0	1.22(76)	1.19(76)	|	2022	
63	328	ok	|	0.73	1.00	1.00	1.20	0.02	0	|	rapi	0.73	1.18	0	|	76.0	1.20(76)	1.18(76)	|	2022	
63	329	ok	|	0.74	1.00	1.00	1.18	0.02	0	|	rapi	0.73	1.15	0	|	76.0	1.18(76)	1.15(76)	|	2022	
63	330	ok	|	0.74	1.00	1.00	1.19	0.02	0	|	rapi	0.74	1.17	0	|	76.0	1.19(76)	1.17(76)	|	2022	
63	331	ok	|	0.75	1.00	1.00	1.20	0.03	0	|	rapi	0.74	1.17	0	|	76.0	1.20(76)	1.17(76)	|	2022	
63	332	ok	|	0.73	1.00	1.00	1.19	0.03	0	|	rapi	0.72	1.16	0	|	76.0	1.19(76)	1.16(76)	|	2022	
63	333	ok	|	0.73	1.00	1.00	1.18	0.02	0	|	rapi	0.73	1.15	0	|	76.0	1.18(76)	1.15(76)	|	2022	
63	334	ok	|	0.74	1.00	1.00	1.23	0.03	0	|	rapi	0.74	1.20	0	|	76.0	1.23(76)	1.20(76)	|	2022	
63	335	ok	|	0.76	1.00	1.00	1.22	0.03	0	|	rapi	0.75	1.20	0	|	76.0	1.22(76)	1.20(76)	|	2022	
63	336	ok	|	0.77	1.00	1.00	1.25	0.03	0	|	rapi	0.77	1.23	0	|	76.0	1.25(76)	1.23(76)	|	2022	
63	337	ok	|	0.78	1.00	1.00	1.26	0.03	0	|	rapi	0.77	1.24	0	|	76.0	1.26(76)	1.24(76)	|	2022	
63	338	ok	|	0.78	1.00	1.00	1.27	0.03	0	|	rapi	0.77	1.25	0	|	76.0	1.27(76)	1.25(76)	|	2022	
63	339	ok	|	0.78	1.00	1.00	1.30	0.04	0	|	rapi	0.78	1.28	0	|	76.0	1.30(76)	1.28(76)	|	2022	
63	340	ok	|	0.77	1.00	1.00	1.28	0.04	0	|	rapi	0.77	1.26	0	|	76.0	1.28(76)	1.26(76)	|	2022	
63	341	ok	|	0.78	1.00	1.00	1.31	0.04	0	|	rapi	0.78	1.29	0	|	76.0	1.31(76)	1.29(76)	|	2022	
63	342	ok	|	0.81	1.00	1.00	1.39	0.04	0	|	rapi	0.81	1.36	0	|	76.0	1.39(76)	1.36(76)	|	2022	
63	343	ok	|	0.80	1.00	1.00	1.37	0.04	0	|	rapi	0.79	1.34	0	|	76.0	1.37(76)	1.34(76)	|	2022	
63	344	ok	|	0.79	1.00	1.00	1.34	0.03	0	|	rapi	0.78	1.31	0	|	76.0	1.34(76)	1.31(76)	|	2022	
63	345	ok	|	0.79	1.00	1.00	1.35	0.04	0	|	rapi	0.79	1.33	0	|	76.0	1.35(76)	1.33(76)	|	2022	
63	346	ok	|	0.80	1.00	1.00	1.35	0.04	0	|	rapi	0.80	1.34	0	|	76.0	1.35(76)	1.34(76)	|	2022	
63	347	ok	|	0.79	1.00	1.00	1.34	0.04	0	|	rapi	0.79	1.32	0	|	76.0	1.34(76)	1.32(76)	|	2022	
63	348	ok	|	0.79	1.00	1.00	1.38	0.04	0	|	rapi	0.79	1.35	0	|	76.0	1.38(76)	1.35(76)	|	2022	
63	349	ok	|	0.77	1.00	1.00	1.32	0.04	0	|	rapi	0.77	1.31	0	|	76.0	1.32(76)	1.31(76)	|	2022	
63	350	ok	|	0.79	1.00	1.00	1.32	0.04	0	|	rapi	0.78	1.31	0	|	76.0	1.32(76)	1.31(76)	|	2022	
63	351	ok	|	0.79	1.00	1.00	1.35	0.05	0	|	rapi	0.79	1.34	0	|	76.0	1.35(76)	1.34(76)	|	2022	
63	352	ok	|	0.81	1.00	1.00	1.38	0.05	0	|	rapi	0.81	1.37	0	|	76.0	1.38(76)	1.37(76)	|	2022	
63	353	ok	|	0.78	1.00	1.00	1.32	0.04	0	|	rapi	0.78	1.31	0	|	76.0	1.32(76)	1.31(76)	|	2022	
63	354	ok	|	0.78	1.00	1.00	1.30	0.04	0	|	rapi	0.78	1.29	0	|	76.0	1.30(76)	1.29(76)	|	2022	
63	355	ok	|	0.78	1.00	1.00	1.28	0.04	0	|	rapi	0.78	1.26	0	|	76.0	1.28(76)	1.26(76)	|	2022	
63	356	ok	|	0.77	1.00	1.00	1.32	0.04	0	|	rapi	0.77	1.31	0	|	76.0	1.32(76)	1.31(76)	|	2022	
63	357	ok	|	0.77	1.00	1.00	1.28	0.04	0	|	rapi	0.77	1.27	0	|	76.0	1.28(76)	1.27(76)	|	2022	
63	358	ok	|	0.80	1.00	1.00	1.32	0.04	0	|	rapi	0.80	1.31	0	|	76.0	1.32(76)	1.31(76)	|	2022	
63	359	ok	|	0.77	1.00	1.00	1.30	0.04	0	|	rapi	0.77	1.29	0	|	76.0	1.30(76)	1.29(76)	|	2022	
63	360	ok	|	0.77	1.00	1.00	1.31	0.04	0	|	rapi	0.77	1.30	0	|	76.0	1.31(76)	1.30(76)	|	2022	
63	361	ok	|	0.77	1.00	1.00	1.27	0.04	0	|	rapi	0.77	1.27	0	|	76.0	1.27(76)	1.27(76)	|	2022	
63	362	ok	|	0.76	1.00	1.00	1.21	0.04	0	|	rapi	0.76	1.21	0	|	76.0	1.21(76)	1.21(76)	|	2022	
63	363	ok	|	0.76	1.00	1.00	1.23	0.05	0	|	rapi	0.76	1.23	0	|	76.0	1.23(76)	1.23(76)	|	2022	
63	364	ok	|	0.75	1.00	1.00	1.22	0.05	0	|	rapi	0.75	1.22	0	|	76.0	1.22(76)	1.22(76)	|	2022	
63	365	ok	|	0.75	1.00	1.00	1.23	0.05	0	|	rapi	0.75	1.23	0	|	76.0	1.23(76)	1.23(76)	|	2022	
63	366	ok	|	0.76	1.00	1.00	1.23	0.05	0	|	rapi	0.76	1.23	0	|	76.0	1.23(76)	1.23(76)	|	2022	
63	367	ok	|	0.77	1.00	1.00	1.21	0.05	0	|	rapi	0.77	1.21	0	|	76.0	1.21(76)	1.21(76)	|	2022	
63	368	ok	|	0.76	1.00	1.00	1.23	0.05	0	|	rapi	0.76	1.23	0	|	76.0	1.23(76)	1.23(76)	|	2022	
63	369	ok	|	0.79	1.00	1.00	1.28	0.05	0	|	rapi	0.79	1.28	0	|	76.0	1.28(76)	1.28(76)	|	2022	
63	370	ok	|	0.81	1.00	1.00	1.33	0.06	0	|	rapi	0.81	1.33	0	|	76.0	1.33(76)	1.33(76)	|	2022	
63	371	ok	|	0.81	1.00	1.00	1.35	0.06	0	|	rapi	0.81	1.35	0	|	76.0	1.35(76)	1.35(76)	|	2022	
63	372	ok	|	0.82	1.00	1.00	1.39	0.06	0	|	rapi	0.82	1.39	0	|	76.0	1.39(76)	1.39(76)	|	2022	
63	373	ok	|	0.80	1.00	1.00	1.39	0.06	0	|	rapi	0.80	1.39	0	|	76.0	1.39(76)	1.39(76)	|	2022	
63	374	ok	|	0.82	1.00	1.00	1.42	0.06	0	|	rapi	0.82	1.42	0	|	76.0	1.42(76)	1.42(76)	|	2022	
63	375	ok	|	0.82	1.00	1.00	1.41	0.06	0	|	rapi	0.82	1.41	0	|	76.0	1.41(76)	1.41(76)	|	2022	
63	376	ok	|	0.82	1.00	1.00	1.42	0.06	0	|	rapi	0.82	1.42	0	|	76.0	1.42(76)	1.42(76)	|	2022	
63	377	ok	|	0.82	1.00	1.00	1.44	0.06	0	|	rapi	0.82	1.44	0	|	76.0	1.44(76)	1.44(76)	|	2022	
63	378	ok	|	0.83	1.00	1.00	1.47	0.06	0	|	rapi	0.83	1.47	0	|	76.0	1.47(76)	1.47(76)	|	2022	
63	379	ok	|	0.83	1.00	1.00	1.45	0.06	0	|	rapi	0.83	1.45	0	|	76.0	1.45(76)	1.45(76)	|	2022	
63	380	ok	|	0.84	1.00	1.00	1.46	0.06	0	|	rapi	0.84	1.46	0	|	76.0	1.46(76)	1.46(76)	|	2022	
63	381	ok	|	0.84	1.00	1.00	1.52	0.06	0	|	rapi	0.84	1.52	0	|	76.0	1.52(76)	1.52(76)	|	2022	
63	382	ok	|	0.85	1.00	1.00	1.50	0.06	0	|	rapi	0.85	1.50	0	|	76.0	1.50(76)	1.50(76)	|	2022	
63	383	ok	|	0.84	1.00	1.00	1.49	0.06	0	|	rapi	0.84	1.49	0	|	76.0	1.49(76)	1.49(76)	|	2022	
63	384	ok	|	0.84	1.00	1.00	1.50	0.06	0	|	rapi	0.84	1.50	0	|	76.0	1.50(76)	1.50(76)	|	2022	
63	385	ok	|	0.85	1.00	1.00	1.50	0.06	0	|	rapi	0.85	1.50	0	|	76.0	1.50(76)	1.50(76)	|	2022	
63	386	ok	|	0.85	1.00	1.00	1.52	0.07	0	|	rapi	0.85	1.52	0	|	76.0	1.52(76)	1.52(76)	|	2022	
63	387	ok	|	0.85	1.00	1.00	1.52	0.07	0	|	rapi	0.85	1.52	0	|	76.0	1.52(76)	1.52(76)	|	2022	
63	388	ok	|	0.86	1.00	1.00	1.51	0.07	0	|	rapi	0.86	1.51	0	|	76.0	1.51(76)	1.51(76)	|	2022	
63	389	ok	|	0.85	1.00	1.00	1.49	0.07	0	|	rapi	0.85	1.49	0	|	76.0	1.49(76)	1.49(76)	|	2022	
63	390	ok	|	0.85	1.00	1.00	1.48	0.07	0	|	rapi	0.85	1.48	0	|	76.0	1.48(76)	1.48(76)	|	2022	
63	391	ok	|	0.83	1.00	1.00	1.45	0.07	0	|	rapi	0.83	1.45	0	|	76.0	1.45(76)	1.45(76)	|	2022	
63	392	ok	|	0.83	1.00	1.00	1.43	0.07	0	|	rapi	0.83	1.43	0	|	76.0	1.43(76)	1.43(76)	|	2022	
63	393	ok	|	0.83	1.00	1.00	1.41	0.06	0	|	rapi	0.83	1.41	0	|	76.0	1.41(76)	1.41(76)	|	2022	
63	394	ok	|	0.83	1.00	1.00	1.43	0.06	0	|	rapi	0.83	1.43	0	|	76.0	1.43(76)	1.43(76)	|	2022	
63	395	ok	|	0.81	1.00	1.00	1.40	0.06	0	|	rapi	0.81	1.40	0	|	76.0	1.40(76)	1.40(76)	|	2022	
63	396	ok	|	0.81	1.00	1.00	1.39	0.06	0	|	rapi	0.81	1.39	0	|	76.0	1.39(76)	1.39(76)	|	2022	
63	397	ok	|	0.83	1.00	1.00	1.44	0.07	0	|	rapi	0.83	1.44	0	|	76.0	1.44(76)	1.44(76)	|	2022	
63	398	ok	|	0.86	1.00	1.00	1.49	0.07	0	|	rapi	0.86	1.49	0	|	76.0	1.49(76)	1.49(76)	|	2022	
63	399	ok	|	0.84	1.00	1.00	1.47	0.07	0	|	rapi	0.84	1.47	0	|	76.0	1.47(76)	1.47(76)	|	2022	
63	400	ok	|	0.85	1.00	1.00	1.46	0.07	0	|	rapi	0.85	1.46	0	|	76.0	1.46(76)	1.46(76)	|	2022	
63	401	ok	|	0.84	1.00	1.00	1.45	0.07	0	|	rapi	0.84	1.45	0	|	76.0	1.45(76)	1.45(76)	|	2022	
63	402	ok	|	0.81	1.00	1.00	1.39	0.06	0	|	rapi	0.81	1.39	0	|	76.0	1.39(76)	1.39(76)	|	2022	
63	403	ok	|	0.80	1.00	1.00	1.39	0.06	0	|	rapi	0.80	1.39	0	|	76.0	1.39(76)	1.39(76)	|	2022	
63	404	ok	|	0.77	1.00	1.00	1.34	0.06	0	|	rapi	0.77	1.34	0	|	76.0	1.34(76)	1.34(76)	|	2022	
63	405	ok	|	0.79	1.00	1.00	1.37	0.06	0	|	rapi	0.79	1.37	0	|	76.0	1.37(76)	1.37(76)	|	2022	
63	406	ok	|	0.79	1.00	1.00	1.41	0.06	0	|	rapi	0.79	1.41	0	|	76.0	1.41(76)	1.41(76)	|	2022	
63	407	ok	|	0.80	1.00	1.00	1.40	0.06	0	|	rapi	0.80	1.40	0	|	76.0	1.40(76)	1.40(76)	|	2022	
63	408	ok	|	0.80	1.00	1.00	1.39	0.06	0	|	rapi	0.80	1.39	0	|	76.0	1.39(76)	1.39(76)	|	2022	
63	409	ok	|	0.81	1.00	1.00	1.39	0.06	0	|	rapi	0.81	1.39	0	|	76.0	1.39(76)	1.39(76)	|	2022	
63	410	ok	|	0.79	1.00	1.00	1.38	0.06	0	|	rapi	0.79	1.38	0	|	76.0	1.38(76)	1.38(76)	|	2022	
63	411	ok	|	0.79	1.00	1.00	1.34	0.06	0	|	rapi	0.79	1.34	0	|	76.0	1.34(76)	1.34(76)	|	2022	
63	412	ok	|	0.75	1.00	1.00	1.24	0.06	0	|	rapi	0.75	1.24	0	|	76.0	1.24(76)	1.24(76)	|	2022	
63	413	ok	|	0.74	1.00	1.00	1.24	0.06	0	|	rapi	0.74	1.24	0	|	76.0	1.24(76)	1.24(76)	|	2022	
63	414	ok	|	0.75	1.00	1.00	1.23	0.06	0	|	rapi	0.75	1.23	0	|	76.0	1.23(76)	1.23(76)	|	2022	
63	415	ok	|	0.73	1.00	1.00	1.22	0.06	0	|	rapi	0.73	1.22	0	|	76.0	1.22(76)	1.22(76)	|	2022	
63	416	ok	|	0.76	1.00	1.00	1.27	0.06	0	|	rapi	0.76	1.27	0	|	76.0	1.27(76)	1.27(76)	|	2022	
63	417	ok	|	0.74	1.00	1.00	1.25	0.06	0	|	rapi	0.74	1.25	0	|	76.0	1.25(76)	1.25(76)	|	2022	
63	418	ok	|	0.75	1.00	1.00	1.27	0.06	0	|	rapi	0.75	1.27	0	|	76.0	1.27(76)	1.27(76)	|	2022	
63	419	ok	|	0.77	1.00	1.00	1.32	0.06	0	|	rapi	0.77	1.32	0	|	76.0	1.32(76)	1.32(76)	|	2022	
63	420	ok	|	0.77	1.00	1.00	1.32	0.06	0	|	rapi	0.77	1.32	0	|	76.0	1.32(76)	1.32(76)	|	2022	
63	421	ok	|	0.76	1.00	1.00	1.35	0.06	0	|	rapi	0.76	1.35	0	|	76.0	1.35(76)	1.35(76)	|	2022	
63	422	ok	|	0.78	1.00	1.00	1.38	0.06	0	|	rapi	0.78	1.38	0	|	76.0	1.38(76)	1.38(76)	|	2022	
63	423	ok	|	0.77	1.00	1.00	1.36	0.06	0	|	rapi	0.77	1.36	0	|	76.0	1.36(76)	1.36(76)	|	2022	
63	424	ok	|	0.79	1.00	1.00	1.39	0.06	0	|	rapi	0.79	1.39	0	|	76.0	1.39(76)	1.39(76)	|	2022	
63	425	ok	|	0.78	1.00	1.00	1.37	0.06	0	|	rapi	0.78	1.37	0	|	76.0	1.37(76)	1.37(76)	|	2022	
63	426	ok	|	0.78	1.00	1.00	1.41	0.06	0	|	rapi	0.78	1.41	0	|	76.0	1.41(76)	1.41(76)	|	2022	
63	427	ok	|	0.77	1.00	1.00	1.33	0.06	0	|	rapi	0.77	1.33	0	|	76.0	1.33(76)	1.33(76)	|	2022	
63	428	ok	|	0.76	1.00	1.00	1.30	0.06	0	|	rapi	0.76	1.30	0	|	76.0	1.30(76)	1.30(76)	|	2022	
63	429	ok	|	0.76	1.00	1.00	1.25	0.06	0	|	rapi	0.76	1.25	0	|	76.0	1.25(76)	1.25(76)	|	2022	
63	430	ok	|	0.75	1.00	1.00	1.23	0.06	0	|	rapi	0.75	1.23	0	|	76.0	1.23(76)	1.23(76)	|	2022	
63	431	ok	|	0.73	1.00	1.00	1.18	0.05	0	|	rapi	0.73	1.18	0	|	76.0	1.18(76)	1.18(76)	|	2022	
63	432	ok	|	0.71	1.00	1.00	1.15	0.05	0	|	rapi	0.71	1.15	0	|	76.0	1.15(76)	1.15(76)	|	2022	
63	433	ok	|	0.72	1.00	1.00	1.19	0.05	0	|	rapi	0.72	1.19	0	|	76.0	1.19(76)	1.19(76)	|	2022	
63	434	ok	|	0.72	1.00	1.00	1.17	0.05	0	|	rapi	0.72	1.17	0	|	76.0	1.17(76)	1.17(76)	|	2022	
63	435	ok	|	0.71	1.00	1.00	1.17	0.05	0	|	rapi	0.71	1.17	0	|	76.0	1.17(76)	1.17(76)	|	2022	
63	436	ok	|	0.72	1.00	1.00	1.21	0.06	0	|	rapi	0.72	1.21	0	|	76.0	1.21(76)	1.21(76)	|	2022	
63	437	ok	|	0.72	1.00	1.00	1.24	0.06	0	|	rapi	0.72	1.24	0	|	76.0	1.24(76)	1.24(76)	|	2022	
63	438	ok	|	0.75	1.00	1.00	1.25	0.06	0	|	rapi	0.75	1.25	0	|	76.0	1.25(76)	1.25(76)	|	2022	
63	439	ok	|	0.74	1.00	1.00	1.25	0.06	0	|	rapi	0.74	1.25	0	|	76.0	1.25(76)	1.25(76)	|	2022	
63	440	ok	|	0.72	1.00	1.00	1.25	0.06	0	|	rapi	0.72	1.25	0	|	76.0	1.25(76)	1.25(76)	|	2022	
63	441	ok	|	0.72	1.00	1.00	1.24	0.06	0	|	rapi	0.72	1.24	0	|	76.0	1.24(76)	1.24(76)	|	2022	
63	442	ok	|	0.73	1.00	1.00	1.24	0.06	0	|	rapi	0.73	1.24	0	|	76.0	1.24(76)	1.24(76)	|	2022	
63	443	ok	|	0.73	1.00	1.00	1.28	0.06	0	|	rapi	0.73	1.28	0	|	76.0	1.28(76)	1.28(76)	|	2022	
63	444	ok	|	0.72	1.00	1.00	1.23	0.06	0	|	rapi	0.72	1.23	0	|	76.0	1.23(76)	1.23(76)	|	2022	
63	445	ok	|	0.73	1.00	1.00	1.20	0.06	0	|	rapi	0.73	1.20	0	|	76.0	1.20(76)	1.20(76)	|	2022	
63	446	ok	|	0.70	1.00	1.00	1.16	0.06	0	|	rapi	0.70	1.16	0	|	76.0	1.16(76)	1.16(76)	|	2022	
63	447	ok	|	0.70	1.00	1.00	1.15	0.06	0	|	rapi	0.70	1.15	0	|	76.0	1.15(76)	1.15(76)	|	2022	
63	448	ok	|	0.68	1.00	1.00	1.11	0.06	0	|	rapi	0.68	1.11	0	|	76.0	1.11(76)	1.11(76)	|	2022	
63	449	ok	|	0.68	1.00	1.00	1.07	0.06	0	|	rapi	0.68	1.07	0	|	76.0	1.07(76)	1.07(76)	|	2022	
63	450	ok	|	0.68	1.00	1.00	1.07	0.07	0	|	rapi	0.68	1.07	0	|	76.0	1.07(76)	1.07(76)	|	2022	
63	451	ok	|	0.68	1.00	1.00	1.10	0.07	0	|	rapi	0.68	1.10	0	|	76.0	1.10(76)	1.10(76)	|	2022	
63	452	ok	|	0.70	1.00	1.00	1.09	0.07	0	|	rapi	0.70	1.09	0	|	76.0	1.09(76)	1.09(76)	|	2022	
63	453	ok	|	0.68	1.00	1.00	1.07	0.07	0	|	rapi	0.68	1.07	0	|	76.0	1.07(76)	1.07(76)	|	2022	
63	454	ok	|	0.70	1.00	1.00	1.12	0.07	0	|	rapi	0.70	1.12	0	|	76.0	1.12(76)	1.12(76)	|	2022	
63	455	ok	|	0.71	1.00	1.00	1.15	0.07	0	|	rapi	0.71	1.15	0	|	76.0	1.15(76)	1.15(76)	|	2022	
63	456	ok	|	0.71	1.00	1.00	1.16	0.07	0	|	rapi	0.71	1.16	0	|	76.0	1.16(76)	1.16(76)	|	2022	
63	457	ok	|	0.71	1.00	1.00	1.14	0.07	0	|	rapi	0.71	1.14	0	|	76.0	1.14(76)	1.14(76)	|	2022	
63	458	ok	|	0.70	1.00	1.00	1.10	0.07	0	|	rapi	0.70	1.10	0	|	76.0	1.10(76)	1.10(76)	|	2022	
63	459	ok	|	0.69	1.00	1.00	1.10	0.07	0	|	rapi	0.69	1.10	0	|	76.0	1.10(76)	1.10(76)	|	2022	
63	460	ok	|	0.68	1.00	1.00	1.10	0.07	0	|	rapi	0.68	1.10	0	|	76.0	1.10(76)	1.10(76)	|	2022	
63	461	ok	|	0.68	1.00	1.00	1.08	0.07	0	|	rapi	0.68	1.08	0	|	76.0	1.08(76)	1.08(76)	|	2022	
63	462	ok	|	0.65	1.00	1.00	1.03	0.06	0	|	rapi	0.65	1.03	0	|	76.0	1.03(76)	1.03(76)	|	2022	
63	463	ok	|	0.65	1.00	1.00	1.01	0.06	0	|	rapi	0.65	1.01	0	|	76.0	1.01(76)	1.01(76)	|	2022	
63	464	ok	|	0.67	1.00	1.00	1.04	0.07	0	|	rapi	0.67	1.04	0	|	76.0	1.04(76)	1.04(76)	|	2022	
63	465	ok	|	0.70	1.00	1.00	1.10	0.07	0	|	rapi	0.70	1.10	0	|	76.0	1.10(76)	1.10(76)	|	2022	
63	466	ok	|	0.69	1.00	1.00	1.08	0.07	0	|	rapi	0.69	1.08	0	|	76.0	1.08(76)	1.08(76)	|	2022	
63	467	ok	|	0.67	1.00	1.00	1.03	0.06	0	|	rapi	0.67	1.03	0	|	76.0	1.03(76)	1.03(76)	|	2022	
63	468	ok	|	0.66	1.00	1.00	1.03	0.06	0	|	rapi	0.66	1.03	0	|	76.0	1.03(76)	1.03(76)	|	2022	
63	469	ok	|	0.67	1.00	1.00	1.02	0.06	0	|	rapi	0.67	1.02	0	|	76.0	1.02(76)	1.02(76)	|	2022	
63	470	ok	|	0.66	1.00	1.00	1.00	0.06	0	|	rapi	0.66	1.00	0	|	76.0	1.00(76)	1.00(76)	|	2022	
63	471	ok	|	0.65	1.00	1.00	0.96	0.06	0	|	rapi	0.65	0.96	0	|	76.0	0.96(76)	0.96(76)	|	2022	
63	472	ok	|	0.64	1.00	1.00	0.97	0.06	0	|	rapi	0.64	0.97	0	|	76.0	0.97(76)	0.97(76)	|	2022	
63	473	ok	|	0.64	1.00	1.00	0.96	0.06	0	|	rapi	0.64	0.96	0	|	76.0	0.96(76)	0.96(76)	|	2022	
63	474	ok	|	0.64	1.00	1.00	1.00	0.06	0	|	rapi	0.64	1.00	0	|	76.0	1.00(76)	1.00(76)	|	2022	
63	475	ok	|	0.65	1.00	1.00	1.01	0.06	0	|	rapi	0.65	1.01	0	|	76.0	1.01(76)	1.01(76)	|	2022	
63	476	ok	|	0.65	1.00	1.00	1.00	0.06	0	|	rapi	0.65	1.00	0	|	76.0	1.00(76)	1.00(76)	|	2022	
63	477	ok	|	0.64	1.00	1.00	0.98	0.06	0	|	rapi	0.64	0.98	0	|	76.0	0.98(76)	0.98(76)	|	2022	
63	478	ok	|	0.63	1.00	1.00	0.94	0.06	0	|	rapi	0.63	0.94	0	|	76.0	0.94(76)	0.94(76)	|	2022	
63	479	ok	|	0.62	1.00	1.00	0.94	0.06	0	|	rapi	0.62	0.94	0	|	76.0	0.94(76)	0.94(76)	|	2022	
63	480	ok	|	0.64	1.00	1.00	0.94	0.06	0	|	rapi	0.64	0.94	0	|	76.0	0.94(76)	0.94(76)	|	2022	
63	481	ok	|	0.63	1.00	1.00	0.94	0.06	0	|	rapi	0.63	0.94	0	|	76.0	0.94(76)	0.94(76)	|	2022	
63	482	ok	|	0.64	1.00	1.00	0.98	0.06	0	|	rapi	0.64	0.98	0	|	76.0	0.98(76)	0.98(76)	|	2022	
63	483	ok	|	0.64	1.00	1.00	0.98	0.06	0	|	rapi	0.64	0.98	0	|	76.0	0.98(76)	0.98(76)	|	2022	
63	484	ok	|	0.62	1.00	1.00	0.96	0.06	0	|	rapi	0.62	0.96	0	|	76.0	0.96(76)	0.96(76)	|	2022	
63	485	ok	|	0.65	1.00	1.00	1.00	0.06	0	|	rapi	0.65	1.00	0	|	76.0	1.00(76)	1.00(76)	|	2022	
63	486	ok	|	0.64	1.00	1.00	0.98	0.06	0	|	rapi	0.64	0.98	0	|	76.0	0.98(76)	0.98(76)	|	2022	
63	487	ok	|	0.65	1.00	1.00	1.03	0.06	0	|	rapi	0.65	1.03	0	|	76.0	1.03(76)	1.03(76)	|	2022	
63	488	ok	|	0.67	1.00	1.00	1.03	0.06	0	|	rapi	0.67	1.03	0	|	76.0	1.03(76)	1.03(76)	|	2022	
63	489	ok	|	0.66	1.00	1.00	1.00	0.06	0	|	rapi	0.66	1.00	0	|	76.0	1.00(76)	1.00(76)	|	2022	
63	490	ok	|	0.66	1.00	1.00	0.98	0.06	0	|	rapi	0.66	0.98	0	|	76.0	0.98(76)	0.98(76)	|	2022	
63	491	ok	|	0.66	1.00	1.00	1.00	0.06	0	|	rapi	0.66	1.00	0	|	76.0	1.00(76)	1.00(76)	|	2022	
63	492	ok	|	0.65	1.00	1.00	0.99	0.06	0	|	rapi	0.65	0.99	0	|	76.0	0.99(76)	0.99(76)	|	2022	
63	493	ok	|	0.67	1.00	1.00	1.04	0.06	0	|	rapi	0.67	1.04	0	|	76.0	1.04(76)	1.04(76)	|	2022	
63	494	ok	|	0.68	1.00	1.00	1.06	0.07	0	|	rapi	0.68	1.06	0	|	76.0	1.06(76)	1.06(76)	|	2022	
63	495	ok	|	0.66	1.00	1.00	1.07	0.07	0	|	rapi	0.66	1.07	0	|	76.0	1.07(76)	1.07(76)	|	2022	
63	496	ok	|	0.67	1.00	1.00	1.08	0.07	0	|	rapi	0.67	1.08	0	|	76.0	1.08(76)	1.08(76)	|	2022	
63	497	ok	|	0.66	1.00	1.00	1.02	0.06	0	|	rapi	0.66	1.02	0	|	76.0	1.02(76)	1.02(76)	|	2022	
63	498	ok	|	0.67	1.00	1.00	1.02	0.06	0	|	rapi	0.67	1.02	0	|	76.0	1.02(76)	1.02(76)	|	2022	
63	499	ok	|	0.67	1.00	1.00	1.04	0.07	0	|	rapi	0.67	1.04	0	|	76.0	1.04(76)	1.04(76)	|	2022	
63	500	ok	|	0.66	1.00	1.00	1.07	0.07	0	|	rapi	0.66	1.07	0	|	76.0	1.07(76)	1.07(76)	|	2022	
63	501	ok	|	0.66	1.00	1.00	1.05	0.07	0	|	rapi	0.66	1.05	0	|	76.0	1.05(76)	1.05(76)	|	2022	
63	502	ok	|	0.67	1.00	1.00	1.08	0.07	0	|	rapi	0.67	1.08	0	|	76.0	1.08(76)	1.08(76)	|	2022	
63	503	ok	|	0.65	1.00	1.00	1.05	0.07	0	|	rapi	0.65	1.05	0	|	76.0	1.05(76)	1.05(76)	|	2022	
63	504	ok	|	0.64	1.00	1.00	1.01	0.06	0	|	rapi	0.64	1.01	0	|	76.0	1.01(76)	1.01(76)	|	2022	
63	505	ok	|	0.66	1.00	1.00	1.03	0.06	0	|	rapi	0.66	1.03	0	|	76.0	1.03(76)	1.03(76)	|	2022	
63	506	ok	|	0.63	1.00	1.00	1.01	0.06	0	|	rapi	0.63	1.01	0	|	76.0	1.01(76)	1.01(76)	|	2022	
63	507	ok	|	0.66	1.00	1.00	1.01	0.06	0	|	rapi	0.66	1.01	0	|	76.0	1.01(76)	1.01(76)	|	2022	
63	508	ok	|	0.66	1.00	1.00	1.01	0.06	0	|	rapi	0.66	1.01	0	|	76.0	1.01(76)	1.01(76)	|	2022	
63	509	ok	|	0.67	1.00	1.00	1.01	0.07	0	|	rapi	0.67	1.01	0	|	76.0	1.01(76)	1.01(76)	|	2022	
63	510	ok	|	0.67	1.00	1.00	1.03	0.07	0	|	rapi	0.67	1.03	0	|	76.0	1.03(76)	1.03(76)	|	2022	
63	511	ok	|	0.66	1.00	1.00	1.00	0.07	0	|	rapi	0.66	1.00	0	|	76.0	1.00(76)	1.00(76)	|	2022	
63	512	ok	|	0.67	1.00	1.00	1.04	0.07	0	|	rapi	0.67	1.04	0	|	76.0	1.04(76)	1.04(76)	|	2022	
63	513	ok	|	0.64	1.00	1.00	1.00	0.07	0	|	rapi	0.64	1.00	0	|	76.0	1.00(76)	1.00(76)	|	2022	
63	514	ok	|	0.62	1.00	1.00	0.96	0.07	0	|	rapi	0.62	0.96	0	|	76.0	0.96(76)	0.96(76)	|	2022	
63	515	ok	|	0.62	1.00	1.00	0.98	0.07	0	|	rapi	0.62	0.98	0	|	76.0	0.98(76)	0.98(76)	|	2022	
63	516	ok	|	0.63	1.00	1.00	0.96	0.07	0	|	rapi	0.63	0.96	0	|	76.0	0.96(76)	0.96(76)	|	2022	
63	517	ok	|	0.59	1.00	1.00	0.89	0.06	0	|	rapi	0.59	0.89	0	|	76.0	0.89(76)	0.89(76)	|	2022	
63	518	ok	|	0.64	1.00	1.00	0.96	0.07	0	|	rapi	0.64	0.96	0	|	76.0	0.96(76)	0.96(76)	|	2022	
63	519	ok	|	0.63	1.00	1.00	0.95	0.07	0	|	rapi	0.63	0.95	0	|	76.0	0.95(76)	0.95(76)	|	2022	
63	520	ok	|	0.62	1.00	1.00	0.91	0.07	0	|	rapi	0.62	0.91	0	|	76.0	0.91(76)	0.91(76)	|	2022	
63	521	ok	|	0.61	1.00	1.00	0.87	0.06	0	|	rapi	0.61	0.87	0	|	76.0	0.87(76)	0.87(76)	|	2022	
63	522	ok	|	0.60	1.00	1.00	0.87	0.06	0	|	rapi	0.60	0.87	0	|	76.0	0.87(76)	0.87(76)	|	2022	
63	523	ok	|	0.61	1.00	1.00	0.90	0.06	0	|	rapi	0.61	0.90	0	|	76.0	0.90(76)	0.90(76)	|	2022	
63	524	ok	|	0.61	1.00	1.00	0.93	0.07	0	|	rapi	0.61	0.93	0	|	76.0	0.93(76)	0.93(76)	|	2022	
63	525	ok	|	0.61	1.00	1.00	0.92	0.07	0	|	rapi	0.61	0.92	0	|	76.0	0.92(76)	0.92(76)	|	2022	
63	526	ok	|	0.60	1.00	1.00	0.90	0.06	0	|	rapi	0.60	0.90	0	|	76.0	0.90(76)	0.90(76)	|	2022	
63	527	ok	|	0.64	1.00	1.00	0.94	0.07	0	|	rapi	0.64	0.94	0	|	76.0	0.94(76)	0.94(76)	|	2022	
63	528	ok	|	0.61	1.00	1.00	0.90	0.06	0	|	rapi	0.61	0.90	0	|	76.0	0.90(76)	0.90(76)	|	2022	
63	529	ok	|	0.60	1.00	1.00	0.89	0.06	0	|	rapi	0.60	0.89	0	|	76.0	0.89(76)	0.89(76)	|	2022	
63	530	ok	|	0.59	1.00	1.00	0.87	0.06	0	|	rapi	0.59	0.87	0	|	76.0	0.87(76)	0.87(76)	|	2022	
63	531	ok	|	0.56	1.00	1.00	0.86	0.07	0	|	rapi	0.56	0.86	0	|	76.0	0.86(76)	0.86(76)	|	2022	
63	532	ok	|	0.58	1.00	1.00	0.91	0.08	0	|	rapi	0.58	0.91	0	|	76.0	0.91(76)	0.91(76)	|	2022	
63	533	ok	|	0.59	1.00	1.00	0.92	0.08	0	|	rapi	0.59	0.92	0	|	76.0	0.92(76)	0.92(76)	|	2022	
63	534	ok	|	0.59	1.00	1.00	0.93	0.08	0	|	rapi	0.59	0.93	0	|	76.0	0.93(76)	0.93(76)	|	2022	
63	535	ok	|	0.60	1.00	1.00	0.92	0.08	0	|	rapi	0.60	0.92	0	|	76.0	0.92(76)	0.92(76)	|	2022	
63	536	ok	|	0.60	1.00	1.00	0.92	0.08	0	|	rapi	0.60	0.92	0	|	76.0	0.92(76)	0.92(76)	|	2022	
63	537	ok	|	0.63	1.00	1.00	0.94	0.08	0	|	rapi	0.63	0.94	0	|	76.0	0.94(76)	0.94(76)	|	2022	
63	538	ok	|	0.61	1.00	1.00	0.90	0.07	0	|	rapi	0.61	0.90	0	|	76.0	0.90(76)	0.90(76)	|	2022	
63	539	ok	|	0.62	1.00	1.00	0.91	0.08	0	|	rapi	0.62	0.91	0	|	76.0	0.91(76)	0.91(76)	|	2022	
63	540	ok	|	0.60	1.00	1.00	0.89	0.07	0	|	rapi	0.60	0.89	0	|	76.0	0.89(76)	0.89(76)	|	2022	
63	541	ok	|	0.61	1.00	1.00	0.88	0.07	0	|	rapi	0.61	0.88	0	|	76.0	0.88(76)	0.88(76)	|	2022	
63	542	ok	|	0.61	1.00	1.00	0.87	0.07	0	|	rapi	0.61	0.87	0	|	76.0	0.87(76)	0.87(76)	|	2022	
63	543	ok	|	0.57	1.00	1.00	0.85	0.07	0	|	rapi	0.57	0.85	0	|	76.0	0.85(76)	0.85(76)	|	2022	
63	544	ok	|	0.59	1.00	1.00	0.87	0.07	0	|	rapi	0.59	0.87	0	|	76.0	0.87(76)	0.87(76)	|	2022	
63	545	ok	|	0.59	1.00	1.00	0.88	0.07	0	|	rapi	0.59	0.88	0	|	76.0	0.88(76)	0.88(76)	|	2022	
63	546	ok	|	0.60	1.00	1.00	0.89	0.07	0	|	rapi	0.60	0.89	0	|	76.0	0.89(76)	0.89(76)	|	2022	
63	547	ok	|	0.60	1.00	1.00	0.90	0.07	0	|	rapi	0.60	0.90	0	|	76.0	0.90(76)	0.90(76)	|	2022	
63	548	ok	|	0.62	1.00	1.00	0.92	0.08	0	|	rapi	0.62	0.92	0	|	76.0	0.92(76)	0.92(76)	|	2022	
63	549	ok	|	0.59	1.00	1.00	0.88	0.07	0	|	rapi	0.59	0.88	0	|	76.0	0.88(76)	0.88(76)	|	2022	
63	550	ok	|	0.62	1.00	1.00	0.90	0.07	0	|	rapi	0.62	0.90	0	|	76.0	0.90(76)	0.90(76)	|	2022	
63	551	ok	|	0.64	1.00	1.00	0.93	0.08	0	|	rapi	0.64	0.93	0	|	76.0	0.93(76)	0.93(76)	|	2022	
63	552	ok	|	0.61	1.00	1.00	0.87	0.07	0	|	rapi	0.61	0.87	0	|	76.0	0.87(76)	0.87(76)	|	2022	
63	553	ok	|	0.61	1.00	1.00	0.86	0.07	0	|	rapi	0.61	0.86	0	|	76.0	0.86(76)	0.86(76)	|	2022	
63	554	ok	|	0.60	1.00	1.00	0.85	0.07	0	|	rapi	0.60	0.85	0	|	76.0	0.85(76)	0.85(76)	|	2022	
63	555	ok	|	0.61	1.00	1.00	0.86	0.07	0	|	rapi	0.61	0.86	0	|	76.0	0.86(76)	0.86(76)	|	2022	
63	556	ok	|	0.58	1.00	1.00	0.84	0.07	0	|	rapi	0.58	0.84	0	|	76.0	0.84(76)	0.84(76)	|	2022	
63	557	ok	|	0.57	1.00	1.00	0.81	0.07	0	|	rapi	0.57	0.81	0	|	76.0	0.81(76)	0.81(76)	|	2022	
63	558	ok	|	0.55	1.00	1.00	0.77	0.06	0	|	rapi	0.55	0.77	0	|	76.0	0.77(76)	0.77(76)	|	2022	
63	559	ok	|	0.55	1.00	1.00	0.75	0.06	0	|	rapi	0.55	0.75	0	|	76.0	0.75(76)	0.75(76)	|	2022	
63	560	ok	|	0.58	1.00	1.00	0.79	0.07	0	|	rapi	0.58	0.79	0	|	76.0	0.79(76)	0.79(76)	|	2022	
63	561	ok	|	0.58	1.00	1.00	0.78	0.07	0	|	rapi	0.58	0.78	0	|	76.0	0.78(76)	0.78(76)	|	2022	
63	562	ok	|	0.56	1.00	1.00	0.75	0.06	0	|	rapi	0.56	0.75	0	|	76.0	0.75(76)	0.75(76)	|	2022	
63	563	ok	|	0.56	1.00	1.00	0.77	0.06	0	|	rapi	0.56	0.77	0	|	76.0	0.77(76)	0.77(76)	|	2022	
63	564	ok	|	0.55	1.00	1.00	0.76	0.06	0	|	rapi	0.55	0.76	0	|	76.0	0.76(76)	0.76(76)	|	2022	
63	565	ok	|	0.56	1.00	1.00	0.77	0.06	0	|	rapi	0.56	0.77	0	|	76.0	0.77(76)	0.77(76)	|	2022	
63	566	ok	|	0.57	1.00	1.00	0.80	0.07	0	|	rapi	0.57	0.80	0	|	76.0	0.80(76)	0.80(76)	|	2022	
63	567	ok	|	0.58	1.00	1.00	0.80	0.07	0	|	rapi	0.58	0.80	0	|	76.0	0.80(76)	0.80(76)	|	2022	
63	568	ok	|	0.58	1.00	1.00	0.80	0.07	0	|	rapi	0.58	0.80	0	|	76.0	0.80(76)	0.80(76)	|	2022	
63	569	ok	|	0.59	1.00	1.00	0.79	0.07	0	|	rapi	0.59	0.79	0	|	76.0	0.79(76)	0.79(76)	|	2022	
63	570	ok	|	0.59	1.00	1.00	0.79	0.07	0	|	rapi	0.59	0.79	0	|	76.0	0.79(76)	0.79(76)	|	2022	
63	571	ok	|	0.59	1.00	1.00	0.83	0.08	0	|	rapi	0.59	0.83	0	|	76.0	0.83(76)	0.83(76)	|	2022	
63	572	ok	|	0.59	1.00	1.00	0.81	0.08	0	|	rapi	0.59	0.81	0	|	76.0	0.81(76)	0.81(76)	|	2022	
63	573	ok	|	0.61	1.00	1.00	0.84	0.08	0	|	rapi	0.61	0.84	0	|	76.0	0.84(76)	0.84(76)	|	2022	
63	574	ok	|	0.61	1.00	1.00	0.84	0.08	0	|	rapi	0.61	0.84	0	|	76.0	0.84(76)	0.84(76)	|	2022	
63	575	ok	|	0.61	1.00	1.00	0.82	0.08	0	|	rapi	0.61	0.82	0	|	76.0	0.82(76)	0.82(76)	|	2022	
63	576	ok	|	0.60	1.00	1.00	0.85	0.08	0	|	rapi	0.60	0.85	0	|	76.0	0.85(76)	0.85(76)	|	2022	
63	577	ok	|	0.60	1.00	1.00	0.83	0.08	0	|	rapi	0.60	0.83	0	|	76.0	0.83(76)	0.83(76)	|	2022	
63	578	ok	|	0.59	1.00	1.00	0.84	0.08	0	|	rapi	0.59	0.84	0	|	76.0	0.84(76)	0.84(76)	|	2022	
63	579	ok	|	0.58	1.00	1.00	0.82	0.08	0	|	rapi	0.58	0.82	0	|	76.0	0.82(76)	0.82(76)	|	2022	
63	580	ok	|	0.59	1.00	1.00	0.83	0.08	0	|	rapi	0.59	0.83	0	|	76.0	0.83(76)	0.83(76)	|	2022	
63	581	ok	|	0.59	1.00	1.00	0.84	0.08	0	|	rapi	0.59	0.84	0	|	76.0	0.84(76)	0.84(76)	|	2022	
63	582	ok	|	0.61	1.00	1.00	0.85	0.08	0	|	rapi	0.61	0.85	0	|	76.0	0.85(76)	0.85(76)	|	2022	
63	583	ok	|	0.62	1.00	1.00	0.88	0.09	0	|	rapi	0.62	0.88	0	|	76.0	0.88(76)	0.88(76)	|	2022	
63	584	ok	|	0.61	1.00	1.00	0.87	0.09	0	|	rapi	0.61	0.87	0	|	76.0	0.87(76)	0.87(76)	|	2022	
63	585	ok	|	0.59	1.00	1.00	0.85	0.09	0	|	rapi	0.59	0.85	0	|	76.0	0.85(76)	0.85(76)	|	2022	
63	586	ok	|	0.63	1.00	1.00	0.90	0.11	0	|	rapi	0.63	0.90	0	|	76.0	0.90(76)	0.90(76)	|	2022	
63	587	ok	|	0.64	1.00	1.00	0.91	0.11	0	|	rapi	0.64	0.91	0	|	76.0	0.91(76)	0.91(76)	|	2022	
63	588	ok	|	0.60	1.00	1.00	0.85	0.11	0	|	rapi	0.60	0.85	0	|	76.0	0.85(76)	0.85(76)	|	2022	
63	589	ok	|	0.60	1.00	1.00	0.85	0.11	0	|	rapi	0.60	0.85	0	|	76.0	0.85(76)	0.85(76)	|	2022	
63	590	ok	|	0.60	1.00	1.00	0.85	0.11	0	|	rapi	0.60	0.85	0	|	76.0	0.85(76)	0.85(76)	|	2022	
63	591	ok	|	0.59	1.00	1.00	0.86	0.11	0	|	rapi	0.59	0.86	0	|	76.0	0.86(76)	0.86(76)	|	2022	
63	592	ok	|	0.59	1.00	1.00	0.81	0.10	0	|	rapi	0.59	0.81	0	|	76.0	0.81(76)	0.81(76)	|	2022	
63	593	ok	|	0.59	1.00	1.00	0.79	0.10	0	|	rapi	0.59	0.79	0	|	76.0	0.79(76)	0.79(76)	|	2022	
63	594	ok	|	0.57	1.00	1.00	0.80	0.10	0	|	rapi	0.57	0.80	0	|	76.0	0.80(76)	0.80(76)	|	2022	
63	595	ok	|	0.60	1.00	1.00	0.83	0.10	0	|	rapi	0.60	0.83	0	|	76.0	0.83(76)	0.83(76)	|	2022	
63	596	ok	|	0.60	1.00	1.00	0.85	0.11	0	|	rapi	0.60	0.85	0	|	76.0	0.85(76)	0.85(76)	|	2022	
63	597	ok	|	0.58	1.00	1.00	0.80	0.10	0	|	rapi	0.58	0.80	0	|	76.0	0.80(76)	0.80(76)	|	2022	
63	598	ok	|	0.58	1.00	1.00	0.81	0.10	0	|	rapi	0.58	0.81	0	|	76.0	0.81(76)	0.81(76)	|	2022	
63	599	ok	|	0.58	1.00	1.00	0.79	0.10	0	|	rapi	0.58	0.79	0	|	76.0	0.79(76)	0.79(76)	|	2022	
63	600	ok	|	0.56	1.00	1.00	0.75	0.09	0	|	rapi	0.56	0.75	0	|	76.0	0.75(76)	0.75(76)	|	2022	
63	601	ok	|	0.54	1.00	1.00	0.74	0.09	0	|	rapi	0.54	0.74	0	|	76.0	0.74(76)	0.74(76)	|	2022	
63	602	ok	|	0.57	1.00	1.00	0.76	0.10	0	|	rapi	0.57	0.76	0	|	76.0	0.76(76)	0.76(76)	|	2022	
63	603	ok	|	0.55	1.00	1.00	0.73	0.09	0	|	rapi	0.55	0.73	0	|	76.0	0.73(76)	0.73(76)	|	2022	
63	604	ok	|	0.55	1.00	1.00	0.74	0.09	0	|	rapi	0.55	0.74	0	|	76.0	0.74(76)	0.74(76)	|	2022	
63	605	ok	|	0.54	1.00	1.00	0.73	0.09	0	|	rapi	0.54	0.73	0	|	76.0	0.73(76)	0.73(76)	|	2022	
63	606	ok	|	0.56	1.00	1.00	0.74	0.09	0	|	rapi	0.56	0.74	0	|	76.0	0.74(76)	0.74(76)	|	2022	
63	607	ok	|	0.58	1.00	1.00	0.76	0.10	0	|	rapi	0.58	0.76	0	|	76.0	0.76(76)	0.76(76)	|	2022	
63	608	ok	|	0.55	1.00	1.00	0.74	0.09	0	|	rapi	0.55	0.74	0	|	76.0	0.74(76)	0.74(76)	|	2022	
63	609	ok	|	0.54	1.00	1.00	0.72	0.09	0	|	rapi	0.54	0.72	0	|	76.0	0.72(76)	0.72(76)	|	2022	
63	610	ok	|	0.54	1.00	1.00	0.73	0.09	0	|	rapi	0.54	0.73	0	|	76.0	0.73(76)	0.73(76)	|	2022	
63	611	ok	|	0.51	1.00	1.00	0.66	0.08	0	|	rapi	0.51	0.66	0	|	76.0	0.66(76)	0.66(76)	|	2022	
63	612	ok	|	0.48	1.00	1.00	0.65	0.08	0	|	rapi	0.48	0.65	0	|	76.0	0.65(76)	0.65(76)	|	2022	
63	613	ok	|	0.49	1.00	1.00	0.69	0.09	0	|	rapi	0.49	0.69	0	|	76.0	0.69(76)	0.69(76)	|	2022	
63	614	ok	|	0.53	1.00	1.00	0.73	0.09	0	|	rapi	0.53	0.73	0	|	76.0	0.73(76)	0.73(76)	|	2022	
63	615	ok	|	0.51	1.00	1.00	0.70	0.09	0	|	rapi	0.51	0.70	0	|	76.0	0.70(76)	0.70(76)	|	2022	
63	616	ok	|	0.51	1.00	1.00	0.67	0.08	0	|	rapi	0.51	0.67	0	|	76.0	0.67(76)	0.67(76)	|	2022	
63	617	ok	|	0.51	1.00	1.00	0.68	0.08	0	|	rapi	0.51	0.68	0	|	76.0	0.68(76)	0.68(76)	|	2022	
63	618	ok	|	0.51	1.00	1.00	0.68	0.08	0	|	rapi	0.51	0.68	0	|	76.0	0.68(76)	0.68(76)	|	2022	
63	619	ok	|	0.52	1.00	1.00	0.67	0.08	0	|	rapi	0.52	0.67	0	|	76.0	0.67(76)	0.67(76)	|	2022	
63	620	ok	|	0.53	1.00	1.00	0.72	0.09	0	|	rapi	0.53	0.72	0	|	76.0	0.72(76)	0.72(76)	|	2022	
63	621	ok	|	0.54	1.00	1.00	0.73	0.09	0	|	rapi	0.54	0.73	0	|	76.0	0.73(76)	0.73(76)	|	2022	
63	622	ok	|	0.55	1.00	1.00	0.77	0.10	0	|	rapi	0.55	0.77	0	|	76.0	0.77(76)	0.77(76)	|	2022	
63	623	ok	|	0.56	1.00	1.00	0.76	0.10	0	|	rapi	0.56	0.76	0	|	76.0	0.76(76)	0.76(76)	|	2022	
63	624	ok	|	0.53	1.00	1.00	0.71	0.09	0	|	rapi	0.53	0.71	0	|	76.0	0.71(76)	0.71(76)	|	2022	
63	625	ok	|	0.50	1.00	1.00	0.67	0.08	0	|	rapi	0.50	0.67	0	|	76.0	0.67(76)	0.67(76)	|	2022	
63	626	ok	|	0.50	1.00	1.00	0.66	0.08	0	|	rapi	0.50	0.66	0	|	76.0	0.66(76)	0.66(76)	|	2022	
63	627	ok	|	0.50	1.00	1.00	0.67	0.08	0	|	rapi	0.50	0.67	0	|	76.0	0.67(76)	0.67(76)	|	2022	
63	628	ok	|	0.51	1.00	1.00	0.66	0.08	0	|	rapi	0.51	0.66	0	|	76.0	0.66(76)	0.66(76)	|	2022	
63	629	ok	|	0.50	1.00	1.00	0.66	0.08	0	|	rapi	0.50	0.66	0	|	76.0	0.66(76)	0.66(76)	|	2022	
63	630	ok	|	0.51	1.00	1.00	0.68	0.08	0	|	rapi	0.51	0.68	0	|	76.0	0.68(76)	0.68(76)	|	2022	
63	631	ok	|	0.49	1.00	1.00	0.63	0.08	0	|	rapi	0.49	0.63	0	|	76.0	0.63(76)	0.63(76)	|	2022	
63	632	ok	|	0.52	1.00	1.00	0.67	0.08	0	|	rapi	0.52	0.67	0	|	76.0	0.67(76)	0.67(76)	|	2022	
63	633	ok	|	0.51	1.00	1.00	0.66	0.08	0	|	rapi	0.51	0.66	0	|	76.0	0.66(76)	0.66(76)	|	2022	
63	634	ok	|	0.49	1.00	1.00	0.66	0.08	0	|	rapi	0.49	0.66	0	|	76.0	0.66(76)	0.66(76)	|	2022	
63	635	ok	|	0.49	1.00	1.00	0.66	0.08	0	|	rapi	0.49	0.66	0	|	76.0	0.66(76)	0.66(76)	|	2022	
63	636	ok	|	0.51	1.00	1.00	0.67	0.08	0	|	rapi	0.51	0.67	0	|	76.0	0.67(76)	0.67(76)	|	2022	
63	637	ok	|	0.52	1.00	1.00	0.69	0.09	0	|	rapi	0.52	0.69	0	|	76.0	0.69(76)	0.69(76)	|	2022	
63	638	ok	|	0.50	1.00	1.00	0.66	0.08	0	|	rapi	0.50	0.66	0	|	76.0	0.66(76)	0.66(76)	|	2022	
63	639	ok	|	0.49	1.00	1.00	0.66	0.08	0	|	rapi	0.49	0.66	0	|	76.0	0.66(76)	0.66(76)	|	2022	
63	640	ok	|	0.52	1.00	1.00	0.68	0.09	0	|	rapi	0.52	0.68	0	|	76.0	0.68(76)	0.68(76)	|	2022	
63	641	ok	|	0.51	1.00	1.00	0.66	0.08	0	|	rapi	0.51	0.66	0	|	76.0	0.66(76)	0.66(76)	|	2022	
63	642	ok	|	0.52	1.00	1.00	0.67	0.08	0	|	rapi	0.52	0.67	0	|	76.0	0.67(76)	0.67(76)	|	2022	
63	643	ok	|	0.50	1.00	1.00	0.63	0.08	0	|	rapi	0.50	0.63	0	|	76.0	0.63(76)	0.63(76)	|	2022	
63	644	ok	|	0.49	1.00	1.00	0.64	0.08	0	|	rapi	0.49	0.64	0	|	76.0	0.64(76)	0.64(76)	|	2022	
63	645	ok	|	0.47	1.00	1.00	0.60	0.07	0	|	rapi	0.47	0.60	0	|	76.0	0.60(76)	0.60(76)	|	2022	
63	646	ok	|	0.45	1.00	1.00	0.57	0.07	0	|	rapi	0.45	0.57	0	|	76.0	0.57(76)	0.57(76)	|	2022	
63	647	ok	|	0.44	1.00	1.00	0.53	0.07	0	|	rapi	0.44	0.53	0	|	76.0	0.53(76)	0.53(76)	|	2022	
63	648	ok	|	0.41	1.00	1.00	0.52	0.07	0	|	rapi	0.41	0.52	0	|	76.0	0.52(76)	0.52(76)	|	2022	
63	649	ok	|	0.41	1.00	1.00	0.51	0.06	0	|	rapi	0.41	0.51	0	|	76.0	0.51(76)	0.51(76)	|	2022	
63	650	ok	|	0.42	1.00	1.00	0.50	0.06	0	|	rapi	0.42	0.50	0	|	76.0	0.50(76)	0.50(76)	|	2022	
63	651	ok	|	0.37	1.00	1.00	0.45	0.06	0	|	rapi	0.37	0.45	0	|	76.0	0.45(76)	0.45(76)	|	2022	
63	652	ok	|	0.35	1.00	1.00	0.41	0.05	0	|	rapi	0.35	0.41	0	|	76.0	0.41(76)	0.41(76)	|	2022	
63	653	ok	|	0.35	1.00	1.00	0.41	0.05	0	|	rapi	0.35	0.41	0	|	76.0	0.41(76)	0.41(76)	|	2022	
63	654	ok	|	0.33	1.00	1.00	0.38	0.05	0	|	rapi	0.33	0.38	0	|	76.0	0.38(76)	0.38(76)	|	2022	
63	655	ok	|	0.31	1.00	1.00	0.35	0.04	0	|	rapi	0.31	0.35	0	|	76.0	0.35(76)	0.35(76)	|	2022	
63	656	ok	|	0.29	1.00	1.00	0.34	0.04	0	|	rapi	0.29	0.34	0	|	76.0	0.34(76)	0.34(76)	|	2022	
63	657	ok	|	0.29	1.00	1.00	0.34	0.04	0	|	rapi	0.29	0.34	0	|	76.0	0.34(76)	0.34(76)	|	2022	
63	658	ok	|	0.29	1.00	1.00	0.34	0.04	0	|	rapi	0.29	0.34	0	|	76.0	0.34(76)	0.34(76)	|	2022	
63	659	ok	|	0.28	1.00	1.00	0.32	0.04	0	|	rapi	0.28	0.32	0	|	76.0	0.32(76)	0.32(76)	|	2022	
63	660	ok	|	0.30	1.00	1.00	0.34	0.04	0	|	rapi	0.30	0.34	0	|	76.0	0.34(76)	0.34(76)	|	2022	
63	661	ok	|	0.29	1.00	1.00	0.33	0.04	0	|	rapi	0.29	0.33	0	|	76.0	0.33(76)	0.33(76)	|	2022	
63	662	ok	|	0.28	1.00	1.00	0.31	0.04	0	|	rapi	0.28	0.31	0	|	76.0	0.31(76)	0.31(76)	|	2022	
63	663	ok	|	0.26	1.00	1.00	0.30	0.04	0	|	rapi	0.26	0.30	0	|	76.0	0.30(76)	0.30(76)	|	2022	
63	664	ok	|	0.28	1.00	1.00	0.31	0.04	0	|	rapi	0.28	0.31	0	|	76.0	0.31(76)	0.31(76)	|	2022	
63	665	ok	|	0.28	1.00	1.00	0.30	0.04	0	|	rapi	0.28	0.30	0	|	76.0	0.30(76)	0.30(76)	|	2022	
63	666	ok	|	0.27	1.00	1.00	0.30	0.04	0	|	rapi	0.27	0.30	0	|	76.0	0.30(76)	0.30(76)	|	2022	
63	667	ok	|	0.28	1.00	1.00	0.31	0.04	0	|	rapi	0.28	0.31	0	|	76.0	0.31(76)	0.31(76)	|	2022	
63	668	ok	|	0.27	1.00	1.00	0.29	0.04	0	|	rapi	0.27	0.29	0	|	76.0	0.29(76)	0.29(76)	|	2022	
63	669	ok	|	0.26	1.00	1.00	0.29	0.04	0	|	rapi	0.26	0.29	0	|	76.0	0.29(76)	0.29(76)	|	2022	
63	670	ok	|	0.24	1.00	1.00	0.26	0.03	0	|	rapi	0.24	0.26	0	|	76.0	0.26(76)	0.26(76)	|	2022	
63	671	ok	|	0.25	1.00	1.00	0.28	0.04	0	|	rapi	0.25	0.28	0	|	76.0	0.28(76)	0.28(76)	|	2022	
63	672	ok	|	0.23	1.00	1.00	0.27	0.03	0	|	rapi	0.23	0.27	0	|	76.0	0.27(76)	0.27(76)	|	2022	
63	673	ok	|	0.25	1.00	1.00	0.27	0.03	0	|	rapi	0.25	0.27	0	|	76.0	0.27(76)	0.27(76)	|	2022	
63	674	ok	|	0.27	1.00	1.00	0.30	0.04	0	|	rapi	0.27	0.30	0	|	76.0	0.30(76)	0.30(76)	|	2022	
63	675	ok	|	0.24	1.00	1.00	0.28	0.04	0	|	rapi	0.24	0.28	0	|	76.0	0.28(76)	0.28(76)	|	2022	
63	676	ok	|	0.26	1.00	1.00	0.30	0.04	0	|	rapi	0.26	0.30	0	|	76.0	0.30(76)	0.30(76)	|	2022	
63	677	ok	|	0.26	1.00	1.00	0.30	0.04	0	|	rapi	0.26	0.30	0	|	76.0	0.30(76)	0.30(76)	|	2022	
63	678	ok	|	0.24	1.00	1.00	0.28	0.04	0	|	rapi	0.24	0.28	0	|	76.0	0.28(76)	0.28(76)	|	2022	
63	679	ok	|	0.26	1.00	1.00	0.30	0.04	0	|	rapi	0.26	0.30	0	|	76.0	0.30(76)	0.30(76)	|	2022	
63	680	ok	|	0.27	1.00	1.00	0.30	0.04	0	|	rapi	0.27	0.30	0	|	76.0	0.30(76)	0.30(76)	|	2022	
63	681	ok	|	0.28	1.00	1.00	0.32	0.04	0	|	rapi	0.28	0.32	0	|	76.0	0.32(76)	0.32(76)	|	2022	
63	682	ok	|	0.28	1.00	1.00	0.32	0.04	0	|	rapi	0.28	0.32	0	|	76.0	0.32(76)	0.32(76)	|	2022	
63	683	ok	|	0.26	1.00	1.00	0.28	0.04	0	|	rapi	0.26	0.28	0	|	76.0	0.28(76)	0.28(76)	|	2022	
63	684	ok	|	0.26	1.00	1.00	0.28	0.04	0	|	rapi	0.26	0.28	0	|	76.0	0.28(76)	0.28(76)	|	2022	
63	685	ok	|	0.27	1.00	1.00	0.31	0.04	0	|	rapi	0.27	0.31	0	|	76.0	0.31(76)	0.31(76)	|	2022	
63	686	ok	|	0.29	1.00	1.00	0.33	0.04	0	|	rapi	0.29	0.33	0	|	76.0	0.33(76)	0.33(76)	|	2022	
63	687	ok	|	0.29	1.00	1.00	0.34	0.04	0	|	rapi	0.29	0.34	0	|	76.0	0.34(76)	0.34(76)	|	2022	
63	688	ok	|	0.30	1.00	1.00	0.35	0.04	0	|	rapi	0.30	0.35	0	|	76.0	0.35(76)	0.35(76)	|	2022	
63	689	ok	|	0.28	1.00	1.00	0.32	0.04	0	|	rapi	0.28	0.32	0	|	76.0	0.32(76)	0.32(76)	|	2022	
63	690	ok	|	0.28	1.00	1.00	0.33	0.04	0	|	rapi	0.28	0.33	0	|	76.0	0.33(76)	0.33(76)	|	2022	
63	691	ok	|	0.29	1.00	1.00	0.33	0.04	0	|	rapi	0.29	0.33	0	|	76.0	0.33(76)	0.33(76)	|	2022	
63	692	ok	|	0.28	1.00	1.00	0.34	0.04	0	|	rapi	0.28	0.34	0	|	76.0	0.34(76)	0.34(76)	|	2022	
63	693	ok	|	0.30	1.00	1.00	0.37	0.05	0	|	rapi	0.30	0.37	0	|	76.0	0.37(76)	0.37(76)	|	2022	
63	694	ok	|	0.31	1.00	1.00	0.37	0.05	0	|	rapi	0.31	0.37	0	|	76.0	0.37(76)	0.37(76)	|	2022	
63	695	ok	|	0.30	1.00	1.00	0.35	0.04	0	|	rapi	0.30	0.35	0	|	76.0	0.35(76)	0.35(76)	|	2022	
63	696	ok	|	0.30	1.00	1.00	0.36	0.04	0	|	rapi	0.30	0.36	0	|	76.0	0.36(76)	0.36(76)	|	2022	
63	697	ok	|	0.33	1.00	1.00	0.38	0.05	0	|	rapi	0.33	0.38	0	|	76.0	0.38(76)	0.38(76)	|	2022	
63	698	ok	|	0.32	1.00	1.00	0.36	0.04	0	|	rapi	0.32	0.36	0	|	76.0	0.36(76)	0.36(76)	|	2022	
63	699	ok	|	0.31	1.00	1.00	0.35	0.04	0	|	rapi	0.31	0.35	0	|	76.0	0.35(76)	0.35(76)	|	2022	
63	700	ok	|	0.31	1.00	1.00	0.36	0.05	0	|	rapi	0.31	0.36	0	|	76.0	0.36(76)	0.36(76)	|	2022	
63	701	ok	|	0.32	1.00	1.00	0.36	0.04	0	|	rapi	0.32	0.36	0	|	76.0	0.36(76)	0.36(76)	|	2022	
63	702	ok	|	0.31	1.00	1.00	0.36	0.04	0	|	rapi	0.31	0.36	0	|	76.0	0.36(76)	0.36(76)	|	2022	
63	703	ok	|	0.31	1.00	1.00	0.35	0.04	0	|	rapi	0.31	0.35	0	|	76.0	0.35(76)	0.35(76)	|	2022	
63	704	ok	|	0.32	1.00	1.00	0.36	0.04	0	|	rapi	0.32	0.36	0	|	76.0	0.36(76)	0.36(76)	|	2022	
63	705	ok	|	0.32	1.00	1.00	0.36	0.05	0	|	rapi	0.32	0.36	0	|	76.0	0.36(76)	0.36(76)	|	2022	
63	706	ok	|	0.32	1.00	1.00	0.36	0.05	0	|	rapi	0.32	0.36	0	|	76.0	0.36(76)	0.36(76)	|	2022	
63	707	ok	|	0.32	1.00	1.00	0.37	0.05	0	|	rapi	0.32	0.37	0	|	76.0	0.37(76)	0.37(76)	|	2022	
63	708	ok	|	0.31	1.00	1.00	0.37	0.05	0	|	rapi	0.31	0.37	0	|	76.0	0.37(76)	0.37(76)	|	2022	
63	709	ok	|	0.31	1.00	1.00	0.36	0.06	0	|	rapi	0.31	0.36	0	|	76.0	0.36(76)	0.36(76)	|	2022	
63	710	ok	|	0.28	1.00	1.00	0.33	0.06	0	|	rapi	0.28	0.33	0	|	76.0	0.33(76)	0.33(76)	|	2022	
63	711	ok	|	0.28	1.00	1.00	0.33	0.05	0	|	rapi	0.28	0.33	0	|	76.0	0.33(76)	0.33(76)	|	2022	
63	712	ok	|	0.29	1.00	1.00	0.34	0.06	0	|	rapi	0.29	0.34	0	|	76.0	0.34(76)	0.34(76)	|	2022	
63	713	ok	|	0.31	1.00	1.00	0.36	0.06	0	|	rapi	0.31	0.36	0	|	76.0	0.36(76)	0.36(76)	|	2022	
63	714	ok	|	0.32	1.00	1.00	0.38	0.06	0	|	rapi	0.32	0.38	0	|	76.0	0.38(76)	0.38(76)	|	2022	
63	715	ok	|	0.30	1.00	1.00	0.35	0.06	0	|	rapi	0.30	0.35	0	|	76.0	0.35(76)	0.35(76)	|	2022	
63	716	ok	|	0.29	1.00	1.00	0.33	0.06	0	|	rapi	0.29	0.33	0	|	76.0	0.33(76)	0.33(76)	|	2022	
63	717	ok	|	0.28	1.00	1.00	0.32	0.05	0	|	rapi	0.28	0.32	0	|	76.0	0.32(76)	0.32(76)	|	2022	
63	718	ok	|	0.27	1.00	1.00	0.30	0.05	0	|	rapi	0.27	0.30	0	|	76.0	0.30(76)	0.30(76)	|	2022	
63	719	ok	|	0.26	1.00	1.00	0.30	0.05	0	|	rapi	0.26	0.30	0	|	76.0	0.30(76)	0.30(76)	|	2022	
63	720	ok	|	0.25	1.00	1.00	0.29	0.05	0	|	rapi	0.25	0.29	0	|	76.0	0.29(76)	0.29(76)	|	2022	
63	721	ok	|	0.27	1.00	1.00	0.30	0.05	0	|	rapi	0.27	0.30	0	|	76.0	0.30(76)	0.30(76)	|	2022	
63	722	ok	|	0.27	1.00	1.00	0.30	0.05	0	|	rapi	0.27	0.30	0	|	76.0	0.30(76)	0.30(76)	|	2022	
63	723	ok	|	0.31	1.00	1.00	0.35	0.06	0	|	rapi	0.31	0.35	0	|	76.0	0.35(76)	0.35(76)	|	2022	
63	724	ok	|	0.31	1.00	1.00	0.36	0.06	0	|	rapi	0.31	0.36	0	|	76.0	0.36(76)	0.36(76)	|	2022	
63	725	ok	|	0.30	1.00	1.00	0.34	0.06	0	|	rapi	0.30	0.34	0	|	76.0	0.34(76)	0.34(76)	|	2022	
63	726	ok	|	0.32	1.00	1.00	0.35	0.06	0	|	rapi	0.32	0.35	0	|	76.0	0.35(76)	0.35(76)	|	2022	
63	727	ok	|	0.33	1.00	1.00	0.37	0.06	0	|	rapi	0.33	0.37	0	|	76.0	0.37(76)	0.37(76)	|	2022	
63	728	ok	|	0.33	1.00	1.00	0.39	0.06	0	|	rapi	0.33	0.39	0	|	76.0	0.39(76)	0.39(76)	|	2022	
63	729	ok	|	0.35	1.00	1.00	0.40	0.07	0	|	rapi	0.35	0.40	0	|	76.0	0.40(76)	0.40(76)	|	2022	
63	730	ok	|	0.33	1.00	1.00	0.37	0.06	0	|	rapi	0.33	0.37	0	|	76.0	0.37(76)	0.37(76)	|	2022	
63	731	ok	|	0.31	1.00	1.00	0.35	0.06	0	|	rapi	0.31	0.35	0	|	76.0	0.35(76)	0.35(76)	|	2022	
63	732	ok	|	0.32	1.00	1.00	0.37	0.06	0	|	rapi	0.32	0.37	0	|	76.0	0.37(76)	0.37(76)	|	2022	
63	733	ok	|	0.31	1.00	1.00	0.38	0.06	0	|	rapi	0.31	0.38	0	|	76.0	0.38(76)	0.38(76)	|	2022	
63	734	ok	|	0.33	1.00	1.00	0.38	0.06	0	|	rapi	0.33	0.38	0	|	76.0	0.38(76)	0.38(76)	|	2022	
63	735	ok	|	0.31	1.00	1.00	0.36	0.06	0	|	rapi	0.31	0.36	0	|	76.0	0.36(76)	0.36(76)	|	2022	
63	736	ok	|	0.32	1.00	1.00	0.36	0.06	0	|	rapi	0.32	0.36	0	|	76.0	0.36(76)	0.36(76)	|	2022	
63	737	ok	|	0.31	1.00	1.00	0.35	0.06	0	|	rapi	0.31	0.35	0	|	76.0	0.35(76)	0.35(76)	|	2022	
63	738	ok	|	0.30	1.00	1.00	0.34	0.06	0	|	rapi	0.30	0.34	0	|	76.0	0.34(76)	0.34(76)	|	2022	
63	739	ok	|	0.29	1.00	1.00	0.33	0.06	0	|	rapi	0.29	0.33	0	|	76.0	0.33(76)	0.33(76)	|	2022	
63	740	ok	|	0.27	1.00	1.00	0.31	0.05	0	|	rapi	0.27	0.31	0	|	76.0	0.31(76)	0.31(76)	|	2022	
63	741	ok	|	0.24	1.00	1.00	0.28	0.05	0	|	rapi	0.24	0.28	0	|	76.0	0.28(76)	0.28(76)	|	2022	
63	742	ok	|	0.26	1.00	1.00	0.29	0.05	0	|	rapi	0.26	0.29	0	|	76.0	0.29(76)	0.29(76)	|	2022	
63	743	ok	|	0.26	1.00	1.00	0.30	0.05	0	|	rapi	0.26	0.30	0	|	76.0	0.30(76)	0.30(76)	|	2022	
63	744	ok	|	0.27	1.00	1.00	0.31	0.05	0	|	rapi	0.27	0.31	0	|	76.0	0.31(76)	0.31(76)	|	2022	
63	745	ok	|	0.29	1.00	1.00	0.32	0.05	0	|	rapi	0.29	0.32	0	|	76.0	0.32(76)	0.32(76)	|	2022	
63	746	ok	|	0.29	1.00	1.00	0.33	0.06	0	|	rapi	0.29	0.33	0	|	76.0	0.33(76)	0.33(76)	|	2022	
63	747	ok	|	0.28	1.00	1.00	0.33	0.05	0	|	rapi	0.28	0.33	0	|	76.0	0.33(76)	0.33(76)	|	2022	
63	748	ok	|	0.29	1.00	1.00	0.32	0.05	0	|	rapi	0.29	0.32	0	|	76.0	0.32(76)	0.32(76)	|	2022	
63	749	ok	|	0.30	1.00	1.00	0.34	0.06	0	|	rapi	0.30	0.34	0	|	76.0	0.34(76)	0.34(76)	|	2022	
63	750	ok	|	0.29	1.00	1.00	0.33	0.05	0	|	rapi	0.29	0.33	0	|	76.0	0.33(76)	0.33(76)	|	2022	
63	751	ok	|	0.30	1.00	1.00	0.35	0.06	0	|	rapi	0.30	0.35	0	|	76.0	0.35(76)	0.35(76)	|	2022	
63	752	ok	|	0.29	1.00	1.00	0.33	0.06	0	|	rapi	0.29	0.33	0	|	76.0	0.33(76)	0.33(76)	|	2022	
63	753	ok	|	0.27	1.00	1.00	0.31	0.05	0	|	rapi	0.27	0.31	0	|	76.0	0.31(76)	0.31(76)	|	2022	
63	754	ok	|	0.30	1.00	1.00	0.33	0.06	0	|	rapi	0.30	0.33	0	|	76.0	0.33(76)	0.33(76)	|	2022	
63	755	ok	|	0.30	1.00	1.00	0.34	0.06	0	|	rapi	0.30	0.34	0	|	76.0	0.34(76)	0.34(76)	|	2022	
63	756	ok	|	0.30	1.00	1.00	0.35	0.06	0	|	rapi	0.30	0.35	0	|	76.0	0.35(76)	0.35(76)	|	2022	
63	757	ok	|	0.29	1.00	1.00	0.33	0.05	0	|	rapi	0.29	0.33	0	|	76.0	0.33(76)	0.33(76)	|	2022	
63	758	ok	|	0.27	1.00	1.00	0.30	0.05	0	|	rapi	0.27	0.30	0	|	76.0	0.30(76)	0.30(76)	|	2022	
63	759	ok	|	0.26	1.00	1.00	0.28	0.05	0	|	rapi	0.26	0.28	0	|	76.0	0.28(76)	0.28(76)	|	2022	
63	760	ok	|	0.27	1.00	1.00	0.30	0.05	0	|	rapi	0.27	0.30	0	|	76.0	0.30(76)	0.30(76)	|	2022	
63	761	ok	|	0.23	1.00	1.00	0.26	0.04	0	|	rapi	0.23	0.26	0	|	76.0	0.26(76)	0.26(76)	|	2022	
63	762	ok	|	0.24	1.00	1.00	0.26	0.04	0	|	rapi	0.24	0.26	0	|	76.0	0.26(76)	0.26(76)	|	2022	
63	763	ok	|	0.22	1.00	1.00	0.24	0.04	0	|	rapi	0.22	0.24	0	|	76.0	0.24(76)	0.24(76)	|	2022	
63	764	ok	|	0.23	1.00	1.00	0.26	0.04	0	|	rapi	0.23	0.26	0	|	76.0	0.26(76)	0.26(76)	|	2022	
63	765	ok	|	0.23	1.00	1.00	0.27	0.05	0	|	rapi	0.23	0.27	0	|	76.0	0.27(76)	0.27(76)	|	2022	
63	766	ok	|	0.24	1.00	1.00	0.26	0.04	0	|	rapi	0.24	0.26	0	|	76.0	0.26(76)	0.26(76)	|	2022	
63	767	ok	|	0.25	1.00	1.00	0.27	0.05	0	|	rapi	0.25	0.27	0	|	76.0	0.27(76)	0.27(76)	|	2022	
63	768	ok	|	0.26	1.00	1.00	0.29	0.05	0	|	rapi	0.26	0.29	0	|	76.0	0.29(76)	0.29(76)	|	2022	
63	769	ok	|	0.27	1.00	1.00	0.30	0.05	0	|	rapi	0.27	0.30	0	|	76.0	0.30(76)	0.30(76)	|	2022	
63	770	ok	|	0.26	1.00	1.00	0.29	0.05	0	|	rapi	0.26	0.29	0	|	76.0	0.29(76)	0.29(76)	|	2022	
63	771	ok	|	0.25	1.00	1.00	0.28	0.05	0	|	rapi	0.25	0.28	0	|	76.0	0.28(76)	0.28(76)	|	2022	
63	772	ok	|	0.25	1.00	1.00	0.28	0.05	0	|	rapi	0.25	0.28	0	|	76.0	0.28(76)	0.28(76)	|	2022	
63	773	ok	|	0.24	1.00	1.00	0.27	0.05	0	|	rapi	0.24	0.27	0	|	76.0	0.27(76)	0.27(76)	|	2022	
63	774	ok	|	0.23	1.00	1.00	0.26	0.04	0	|	rapi	0.23	0.26	0	|	76.0	0.26(76)	0.26(76)	|	2022	
63	775	ok	|	0.23	1.00	1.00	0.26	0.04	0	|	rapi	0.23	0.26	0	|	76.0	0.26(76)	0.26(76)	|	2022	
63	776	ok	|	0.21	1.00	1.00	0.24	0.04	0	|	rapi	0.21	0.24	0	|	76.0	0.24(76)	0.24(76)	|	2022	
63	777	ok	|	0.22	1.00	1.00	0.24	0.04	0	|	rapi	0.22	0.24	0	|	76.0	0.24(76)	0.24(76)	|	2022	
63	778	ok	|	0.20	1.00	1.00	0.23	0.04	0	|	rapi	0.20	0.23	0	|	76.0	0.23(76)	0.23(76)	|	2022	
63	779	ok	|	0.20	1.00	1.00	0.23	0.04	0	|	rapi	0.20	0.23	0	|	76.0	0.23(76)	0.23(76)	|	2022	
63	780	ok	|	0.22	1.00	1.00	0.23	0.04	0	|	rapi	0.22	0.23	0	|	76.0	0.23(76)	0.23(76)	|	2022	
63	781	ok	|	0.21	1.00	1.00	0.23	0.04	0	|	rapi	0.21	0.23	0	|	76.0	0.23(76)	0.23(76)	|	2022	
63	782	ok	|	0.22	1.00	1.00	0.24	0.04	0	|	rapi	0.22	0.24	0	|	76.0	0.24(76)	0.24(76)	|	2022	
63	783	ok	|	0.22	1.00	1.00	0.24	0.04	0	|	rapi	0.22	0.24	0	|	76.0	0.24(76)	0.24(76)	|	2022	
63	784	ok	|	0.20	1.00	1.00	0.22	0.04	0	|	rapi	0.20	0.22	0	|	76.0	0.22(76)	0.22(76)	|	2022	
63	785	ok	|	0.20	1.00	1.00	0.21	0.04	0	|	rapi	0.20	0.21	0	|	76.0	0.21(76)	0.21(76)	|	2022	
63	786	ok	|	0.19	1.00	1.00	0.20	0.03	0	|	rapi	0.19	0.20	0	|	76.0	0.20(76)	0.20(76)	|	2022	
63	787	ok	|	0.20	1.00	1.00	0.22	0.04	0	|	rapi	0.20	0.22	0	|	76.0	0.22(76)	0.22(76)	|	2022	
63	788	ok	|	0.23	1.00	1.00	0.25	0.04	0	|	rapi	0.23	0.25	0	|	76.0	0.25(76)	0.25(76)	|	2022	
63	789	ok	|	0.23	1.00	1.00	0.25	0.04	0	|	rapi	0.23	0.25	0	|	76.0	0.25(76)	0.25(76)	|	2022	
63	790	ok	|	0.23	1.00	1.00	0.27	0.04	0	|	rapi	0.23	0.27	0	|	76.0	0.27(76)	0.27(76)	|	2022	
63	791	ok	|	0.24	1.00	1.00	0.26	0.04	0	|	rapi	0.24	0.26	0	|	76.0	0.26(76)	0.26(76)	|	2022	
63	792	ok	|	0.24	1.00	1.00	0.27	0.04	0	|	rapi	0.24	0.27	0	|	76.0	0.27(76)	0.27(76)	|	2022	
63	793	ok	|	0.23	1.00	1.00	0.26	0.04	0	|	rapi	0.23	0.26	0	|	76.0	0.26(76)	0.26(76)	|	2022	
63	794	ok	|	0.24	1.00	1.00	0.26	0.04	0	|	rapi	0.24	0.26	0	|	76.0	0.26(76)	0.26(76)	|	2022	
63	795	ok	|	0.25	1.00	1.00	0.27	0.04	0	|	rapi	0.25	0.27	0	|	76.0	0.27(76)	0.27(76)	|	2022	
63	796	ok	|	0.25	1.00	1.00	0.28	0.05	0	|	rapi	0.25	0.28	0	|	76.0	0.28(76)	0.28(76)	|	2022	
63	797	ok	|	0.23	1.00	1.00	0.25	0.04	0	|	rapi	0.23	0.25	0	|	76.0	0.25(76)	0.25(76)	|	2022	
63	798	ok	|	0.22	1.00	1.00	0.24	0.04	0	|	rapi	0.22	0.24	0	|	76.0	0.24(76)	0.24(76)	|	2022	
63	799	ok	|	0.21	1.00	1.00	0.23	0.04	0	|	rapi	0.21	0.23	0	|	76.0	0.23(76)	0.23(76)	|	2022	
63	800	ok	|	0.22	1.00	1.00	0.24	0.04	0	|	rapi	0.22	0.24	0	|	76.0	0.24(76)	0.24(76)	|	2022	
63	801	ok	|	0.21	1.00	1.00	0.23	0.04	0	|	rapi	0.21	0.23	0	|	76.0	0.23(76)	0.23(76)	|	2022	
63	802	ok	|	0.20	1.00	1.00	0.23	0.04	0	|	rapi	0.20	0.23	0	|	76.0	0.23(76)	0.23(76)	|	2022	
63	803	ok	|	0.22	1.00	1.00	0.23	0.04	0	|	rapi	0.22	0.23	0	|	76.0	0.23(76)	0.23(76)	|	2022	
63	804	ok	|	0.20	1.00	1.00	0.21	0.04	0	|	rapi	0.20	0.21	0	|	76.0	0.21(76)	0.21(76)	|	2022	
63	805	ok	|	0.21	1.00	1.00	0.22	0.04	0	|	rapi	0.21	0.22	0	|	76.0	0.22(76)	0.22(76)	|	2022	
63	806	ok	|	0.18	1.00	1.00	0.19	0.03	0	|	rapi	0.18	0.19	0	|	76.0	0.19(76)	0.19(76)	|	2022	
63	807	ok	|	0.19	1.00	1.00	0.20	0.03	0	|	rapi	0.19	0.20	0	|	76.0	0.20(76)	0.20(76)	|	2022	
63	808	ok	|	0.20	1.00	1.00	0.21	0.03	0	|	rapi	0.20	0.21	0	|	76.0	0.21(76)	0.21(76)	|	2022	
63	809	ok	|	0.21	1.00	1.00	0.21	0.04	0	|	rapi	0.21	0.21	0	|	76.0	0.21(76)	0.21(76)	|	2022	
63	810	ok	|	0.21	1.00	1.00	0.23	0.04	0	|	rapi	0.21	0.23	0	|	76.0	0.23(76)	0.23(76)	|	2022	
63	811	ok	|	0.21	1.00	1.00	0.23	0.04	0	|	rapi	0.21	0.23	0	|	76.0	0.23(76)	0.23(76)	|	2022	
63	812	ok	|	0.22	1.00	1.00	0.23	0.04	0	|	rapi	0.22	0.23	0	|	76.0	0.23(76)	0.23(76)	|	2022	
63	813	ok	|	0.21	1.00	1.00	0.23	0.04	0	|	rapi	0.21	0.23	0	|	76.0	0.23(76)	0.23(76)	|	2022	
63	814	ok	|	0.20	1.00	1.00	0.21	0.03	0	|	rapi	0.20	0.21	0	|	76.0	0.21(76)	0.21(76)	|	2022	
63	815	ok	|	0.20	1.00	1.00	0.22	0.04	0	|	rapi	0.20	0.22	0	|	76.0	0.22(76)	0.22(76)	|	2022	
63	816	ok	|	0.21	1.00	1.00	0.23	0.04	0	|	rapi	0.21	0.23	0	|	76.0	0.23(76)	0.23(76)	|	2022	
63	817	ok	|	0.20	1.00	1.00	0.20	0.03	0	|	rapi	0.20	0.20	0	|	76.0	0.20(76)	0.20(76)	|	2022	
63	818	ok	|	0.17	1.00	1.00	0.18	0.03	0	|	rapi	0.17	0.18	0	|	76.0	0.18(76)	0.18(76)	|	2022	
63	819	ok	|	0.16	1.00	1.00	0.16	0.03	0	|	rapi	0.16	0.16	0	|	76.0	0.16(76)	0.16(76)	|	2022	
63	820	ok	|	0.16	1.00	1.00	0.16	0.03	0	|	rapi	0.16	0.16	0	|	76.0	0.16(76)	0.16(76)	|	2022	
63	821	ok	|	0.17	1.00	1.00	0.17	0.03	0	|	rapi	0.17	0.17	0	|	76.0	0.17(76)	0.17(76)	|	2022	
63	822	ok	|	0.19	1.00	1.00	0.20	0.03	0	|	rapi	0.19	0.20	0	|	76.0	0.20(76)	0.20(76)	|	2022	
63	823	ok	|	0.20	1.00	1.00	0.21	0.03	0	|	rapi	0.20	0.21	0	|	76.0	0.21(76)	0.21(76)	|	2022	
63	824	ok	|	0.20	1.00	1.00	0.21	0.03	0	|	rapi	0.20	0.21	0	|	76.0	0.21(76)	0.21(76)	|	2022	
63	825	ok	|	0.18	1.00	1.00	0.19	0.03	0	|	rapi	0.18	0.19	0	|	76.0	0.19(76)	0.19(76)	|	2022	
63	826	ok	|	0.18	1.00	1.00	0.19	0.03	0	|	rapi	0.18	0.19	0	|	76.0	0.19(76)	0.19(76)	|	2022	
63	827	ok	|	0.18	1.00	1.00	0.20	0.03	0	|	rapi	0.18	0.20	0	|	76.0	0.20(76)	0.20(76)	|	2022	
63	828	ok	|	0.19	1.00	1.00	0.20	0.03	0	|	rapi	0.19	0.20	0	|	76.0	0.20(76)	0.20(76)	|	2022	
63	829	ok	|	0.18	1.00	1.00	0.20	0.03	0	|	rapi	0.18	0.20	0	|	76.0	0.20(76)	0.20(76)	|	2022	
63	830	ok	|	0.18	1.00	1.00	0.19	0.03	0	|	rapi	0.18	0.19	0	|	76.0	0.19(76)	0.19(76)	|	2022	
63	831	ok	|	0.18	1.00	1.00	0.20	0.03	0	|	rapi	0.18	0.20	0	|	76.0	0.20(76)	0.20(76)	|	2022	
63	832	ok	|	0.21	1.00	1.00	0.22	0.04	0	|	rapi	0.21	0.22	0	|	76.0	0.22(76)	0.22(76)	|	2022	
63	833	ok	|	0.18	1.00	1.00	0.19	0.03	0	|	rapi	0.18	0.19	0	|	76.0	0.19(76)	0.19(76)	|	2022	
63	834	ok	|	0.19	1.00	1.00	0.20	0.03	0	|	rapi	0.19	0.20	0	|	76.0	0.20(76)	0.20(76)	|	2022	
63	835	ok	|	0.17	1.00	1.00	0.19	0.03	0	|	rapi	0.17	0.19	0	|	76.0	0.19(76)	0.19(76)	|	2022	
63	836	ok	|	0.16	1.00	1.00	0.17	0.03	0	|	rapi	0.16	0.17	0	|	76.0	0.17(76)	0.17(76)	|	2022	
63	837	ok	|	0.14	1.00	1.00	0.15	0.02	0	|	rapi	0.14	0.15	0	|	76.0	0.15(76)	0.15(76)	|	2022	
63	838	ok	|	0.14	1.00	1.00	0.15	0.03	0	|	rapi	0.14	0.15	0	|	76.0	0.15(76)	0.15(76)	|	2022	
63	839	ok	|	0.15	1.00	1.00	0.16	0.03	0	|	rapi	0.15	0.16	0	|	76.0	0.16(76)	0.16(76)	|	2022	
63	840	ok	|	0.14	1.00	1.00	0.14	0.02	0	|	rapi	0.14	0.14	0	|	76.0	0.14(76)	0.14(76)	|	2022	
63	841	ok	|	0.13	1.00	1.00	0.14	0.02	0	|	rapi	0.13	0.14	0	|	76.0	0.14(76)	0.14(76)	|	2022	
63	842	ok	|	0.11	1.00	1.00	0.12	0.02	0	|	rapi	0.11	0.12	0	|	76.0	0.12(76)	0.12(76)	|	2022	
63	843	ok	|	0.11	1.00	1.00	0.11	0.02	0	|	rapi	0.11	0.11	0	|	76.0	0.11(76)	0.11(76)	|	2022	
63	844	ok	|	0.10	1.00	1.00	0.11	0.02	0	|	rapi	0.10	0.11	0	|	76.0	0.11(76)	0.11(76)	|	2022	
63	845	ok	|	0.11	1.00	1.00	0.11	0.02	0	|	rapi	0.11	0.11	0	|	76.0	0.11(76)	0.11(76)	|	2022	
63	846	ok	|	0.10	1.00	1.00	0.10	0.02	0	|	rapi	0.10	0.10	0	|	76.0	0.10(76)	0.10(76)	|	2022	
63	847	ok	|	0.10	1.00	1.00	0.11	0.02	0	|	rapi	0.10	0.11	0	|	76.0	0.11(76)	0.11(76)	|	2022	
63	848	ok	|	0.11	1.00	1.00	0.12	0.02	0	|	rapi	0.11	0.12	0	|	76.0	0.12(76)	0.12(76)	|	2022	
63	849	ok	|	0.12	1.00	1.00	0.12	0.02	0	|	rapi	0.12	0.12	0	|	76.0	0.12(76)	0.12(76)	|	2022	
63	850	ok	|	0.11	1.00	1.00	0.11	0.02	0	|	rapi	0.11	0.11	0	|	76.0	0.11(76)	0.11(76)	|	2022	
63	851	ok	|	0.10	1.00	1.00	0.11	0.02	0	|	rapi	0.10	0.11	0	|	76.0	0.11(76)	0.11(76)	|	2022	
63	852	ok	|	0.11	1.00	1.00	0.12	0.02	0	|	rapi	0.11	0.12	0	|	76.0	0.12(76)	0.12(76)	|	2022	
63	853	ok	|	0.12	1.00	1.00	0.14	0.02	0	|	rapi	0.12	0.14	0	|	76.0	0.14(76)	0.14(76)	|	2022	
63	854	ok	|	0.13	1.00	1.00	0.13	0.02	0	|	rapi	0.13	0.13	0	|	76.0	0.13(76)	0.13(76)	|	2022	
63	855	ok	|	0.13	1.00	1.00	0.14	0.02	0	|	rapi	0.13	0.14	0	|	76.0	0.14(76)	0.14(76)	|	2022	
63	856	ok	|	0.14	1.00	1.00	0.14	0.02	0	|	rapi	0.14	0.14	0	|	76.0	0.14(76)	0.14(76)	|	2022	
63	857	ok	|	0.12	1.00	1.00	0.13	0.02	0	|	rapi	0.12	0.13	0	|	76.0	0.13(76)	0.13(76)	|	2022	
63	858	ok	|	0.13	1.00	1.00	0.13	0.02	0	|	rapi	0.13	0.13	0	|	76.0	0.13(76)	0.13(76)	|	2022	
63	859	ok	|	0.15	1.00	1.00	0.16	0.03	0	|	rapi	0.15	0.16	0	|	76.0	0.16(76)	0.16(76)	|	2022	
63	860	ok	|	0.15	1.00	1.00	0.15	0.03	0	|	rapi	0.15	0.15	0	|	76.0	0.15(76)	0.15(76)	|	2022	
63	861	ok	|	0.14	1.00	1.00	0.15	0.02	0	|	rapi	0.14	0.15	0	|	76.0	0.15(76)	0.15(76)	|	2022	
63	862	ok	|	0.14	1.00	1.00	0.15	0.02	0	|	rapi	0.14	0.15	0	|	76.0	0.15(76)	0.15(76)	|	2022	
63	863	ok	|	0.13	1.00	1.00	0.14	0.02	0	|	rapi	0.13	0.14	0	|	76.0	0.14(76)	0.14(76)	|	2022	
63	864	ok	|	0.13	1.00	1.00	0.14	0.02	0	|	rapi	0.13	0.14	0	|	76.0	0.14(76)	0.14(76)	|	2022	
63	865	ok	|	0.13	1.00	1.00	0.14	0.02	0	|	rapi	0.13	0.14	0	|	76.0	0.14(76)	0.14(76)	|	2022	
63	866	ok	|	0.11	1.00	1.00	0.12	0.02	0	|	rapi	0.11	0.12	0	|	76.0	0.12(76)	0.12(76)	|	2022	
63	867	ok	|	0.11	1.00	1.00	0.11	0.02	0	|	rapi	0.11	0.11	0	|	76.0	0.11(76)	0.11(76)	|	2022	
63	868	ok	|	0.12	1.00	1.00	0.12	0.02	0	|	rapi	0.12	0.12	0	|	76.0	0.12(76)	0.12(76)	|	2022	
63	869	ok	|	0.12	1.00	1.00	0.14	0.02	0	|	rapi	0.12	0.14	0	|	76.0	0.14(76)	0.14(76)	|	2022	
63	870	ok	|	0.13	1.00	1.00	0.14	0.02	0	|	rapi	0.13	0.14	0	|	76.0	0.14(76)	0.14(76)	|	2022	
63	871	ok	|	0.13	1.00	1.00	0.14	0.02	0	|	rapi	0.13	0.14	0	|	76.0	0.14(76)	0.14(76)	|	2022	
63	872	ok	|	0.15	1.00	1.00	0.17	0.03	0	|	rapi	0.15	0.17	0	|	76.0	0.17(76)	0.17(76)	|	2022	
63	873	ok	|	0.17	1.00	1.00	0.18	0.03	0	|	rapi	0.17	0.18	0	|	76.0	0.18(76)	0.18(76)	|	2022	
63	874	ok	|	0.17	1.00	1.00	0.19	0.03	0	|	rapi	0.17	0.19	0	|	76.0	0.19(76)	0.19(76)	|	2022	
63	875	ok	|	0.18	1.00	1.00	0.20	0.03	0	|	rapi	0.18	0.20	0	|	76.0	0.20(76)	0.20(76)	|	2022	
63	876	ok	|	0.17	1.00	1.00	0.18	0.03	0	|	rapi	0.17	0.18	0	|	76.0	0.18(76)	0.18(76)	|	2022	
63	877	ok	|	0.15	1.00	1.00	0.16	0.03	0	|	rapi	0.15	0.16	0	|	76.0	0.16(76)	0.16(76)	|	2022	
63	878	ok	|	0.12	1.00	1.00	0.12	0.02	0	|	rapi	0.12	0.12	0	|	76.0	0.12(76)	0.12(76)	|	2022	
63	879	ok	|	0.11	1.00	1.00	0.12	0.02	0	|	rapi	0.11	0.12	0	|	76.0	0.12(76)	0.12(76)	|	2022	
63	880	ok	|	0.11	1.00	1.00	0.11	0.02	0	|	rapi	0.11	0.11	0	|	76.0	0.11(76)	0.11(76)	|	2022	
63	881	ok	|	0.10	1.00	1.00	0.11	0.02	0	|	rapi	0.10	0.11	0	|	76.0	0.11(76)	0.11(76)	|	2022	
63	882	ok	|	0.10	1.00	1.00	0.10	0.02	0	|	rapi	0.10	0.10	0	|	76.0	0.10(76)	0.10(76)	|	2022	
63	883	ok	|	0.10	1.00	1.00	0.10	0.02	0	|	rapi	0.10	0.10	0	|	76.0	0.10(76)	0.10(76)	|	2022	
63	884	ok	|	0.12	1.00	1.00	0.12	0.02	0	|	rapi	0.12	0.12	0	|	76.0	0.12(76)	0.12(76)	|	2022	
63	885	ok	|	0.14	1.00	1.00	0.14	0.02	0	|	rapi	0.14	0.14	0	|	76.0	0.14(76)	0.14(76)	|	2022	
63	886	ok	|	0.15	1.00	1.00	0.16	0.03	0	|	rapi	0.15	0.16	0	|	76.0	0.16(76)	0.16(76)	|	2022	
63	887	ok	|	0.17	1.00	1.00	0.17	0.03	0	|	rapi	0.17	0.17	0	|	76.0	0.17(76)	0.17(76)	|	2022	
63	888	ok	|	0.15	1.00	1.00	0.15	0.03	0	|	rapi	0.15	0.15	0	|	76.0	0.15(76)	0.15(76)	|	2022	
63	889	ok	|	0.14	1.00	1.00	0.15	0.03	0	|	rapi	0.14	0.15	0	|	76.0	0.15(76)	0.15(76)	|	2022	
63	890	ok	|	0.14	1.00	1.00	0.15	0.03	0	|	rapi	0.14	0.15	0	|	76.0	0.15(76)	0.15(76)	|	2022	
63	891	ok	|	0.15	1.00	1.00	0.15	0.03	0	|	rapi	0.15	0.15	0	|	76.0	0.15(76)	0.15(76)	|	2022	
63	892	ok	|	0.13	1.00	1.00	0.15	0.02	0	|	rapi	0.13	0.15	0	|	76.0	0.15(76)	0.15(76)	|	2022	
63	893	ok	|	0.12	1.00	1.00	0.14	0.02	0	|	rapi	0.12	0.14	0	|	76.0	0.14(76)	0.14(76)	|	2022	
63	894	ok	|	0.13	1.00	1.00	0.14	0.02	0	|	rapi	0.13	0.14	0	|	76.0	0.14(76)	0.14(76)	|	2022	
63	895	ok	|	0.13	1.00	1.00	0.13	0.03	0	|	rapi	0.13	0.13	0	|	76.0	0.13(76)	0.13(76)	|	2022	
63	896	ok	|	0.11	1.00	1.00	0.11	0.03	0	|	rapi	0.11	0.11	0	|	76.0	0.11(76)	0.11(76)	|	2022	
63	897	ok	|	0.12	1.00	1.00	0.12	0.03	0	|	rapi	0.12	0.12	0	|	76.0	0.12(76)	0.12(76)	|	2022	
63	898	ok	|	0.10	1.00	1.00	0.11	0.03	0	|	rapi	0.10	0.11	0	|	76.0	0.11(76)	0.11(76)	|	2022	
63	899	ok	|	0.11	1.00	1.00	0.11	0.03	0	|	rapi	0.11	0.11	0	|	76.0	0.11(76)	0.11(76)	|	2022	
63	900	ok	|	0.10	1.00	1.00	0.11	0.03	0	|	rapi	0.10	0.11	0	|	76.0	0.11(76)	0.11(76)	|	2022	
63	901	ok	|	0.09	1.00	1.00	0.09	0.02	0	|	rapi	0.09	0.09	0	|	76.0	0.09(76)	0.09(76)	|	2022	
63	902	ok	|	0.08	1.00	1.00	0.09	0.02	0	|	rapi	0.08	0.09	0	|	76.0	0.09(76)	0.09(76)	|	2022	
63	903	ok	|	0.08	1.00	1.00	0.08	0.02	0	|	rapi	0.08	0.08	0	|	76.0	0.08(76)	0.08(76)	|	2022	
63	904	ok	|	0.08	1.00	1.00	0.08	0.02	0	|	rapi	0.08	0.08	0	|	76.0	0.08(76)	0.08(76)	|	2022	
63	905	ok	|	0.08	1.00	1.00	0.08	0.02	0	|	rapi	0.08	0.08	0	|	76.0	0.08(76)	0.08(76)	|	2022	
63	906	ok	|	0.07	1.00	1.00	0.07	0.02	0	|	rapi	0.07	0.07	0	|	76.0	0.07(76)	0.07(76)	|	2022	
63	907	ok	|	0.07	1.00	1.00	0.07	0.02	0	|	rapi	0.07	0.07	0	|	76.0	0.07(76)	0.07(76)	|	2022	
63	908	ok	|	0.08	1.00	1.00	0.08	0.02	0	|	rapi	0.08	0.08	0	|	76.0	0.08(76)	0.08(76)	|	2022	
63	909	ok	|	0.08	1.00	1.00	0.08	0.02	0	|	rapi	0.08	0.08	0	|	76.0	0.08(76)	0.08(76)	|	2022	
63	910	ok	|	0.07	1.00	1.00	0.07	0.02	0	|	rapi	0.07	0.07	0	|	76.0	0.07(76)	0.07(76)	|	2022	
63	911	ok	|	0.07	1.00	1.00	0.07	0.02	0	|	rapi	0.07	0.07	0	|	76.0	0.07(76)	0.07(76)	|	2022	
63	912	ok	|	0.07	1.00	1.00	0.07	0.02	0	|	rapi	0.07	0.07	0	|	76.0	0.07(76)	0.07(76)	|	2022	
63	913	ok	|	0.06	1.00	1.00	0.06	0.01	0	|	rapi	0.06	0.06	0	|	76.0	0.06(76)	0.06(76)	|	2022	
63	914	ok	|	0.06	1.00	1.00	0.06	0.01	0	|	rapi	0.06	0.06	0	|	76.0	0.06(76)	0.06(76)	|	2022	
63	915	ok	|	0.05	1.00	1.00	0.05	0.01	0	|	rapi	0.05	0.05	0	|	76.0	0.05(76)	0.05(76)	|	2022	
63	916	ok	|	0.05	1.00	1.00	0.05	0.01	0	|	rapi	0.05	0.05	0	|	76.0	0.05(76)	0.05(76)	|	2022	
63	917	ok	|	0.05	1.00	1.00	0.05	0.01	0	|	rapi	0.05	0.05	0	|	76.0	0.05(76)	0.05(76)	|	2022	
63	918	ok	|	0.05	1.00	1.00	0.05	0.01	0	|	rapi	0.05	0.05	0	|	76.0	0.05(76)	0.05(76)	|	2022	
63	919	ok	|	0.05	1.00	1.00	0.05	0.01	0	|	rapi	0.05	0.05	0	|	76.0	0.05(76)	0.05(76)	|	2022	
63	920	ok	|	0.06	1.00	1.00	0.06	0.02	0	|	rapi	0.06	0.06	0	|	76.0	0.06(76)	0.06(76)	|	2022	
63	921	ok	|	0.07	1.00	1.00	0.07	0.02	0	|	rapi	0.07	0.07	0	|	76.0	0.07(76)	0.07(76)	|	2022	
63	922	ok	|	0.07	1.00	1.00	0.07	0.02	0	|	rapi	0.07	0.07	0	|	76.0	0.07(76)	0.07(76)	|	2022	
63	923	ok	|	0.08	1.00	1.00	0.08	0.02	0	|	rapi	0.08	0.08	0	|	76.0	0.08(76)	0.08(76)	|	2022	
63	924	ok	|	0.08	1.00	1.00	0.08	0.02	0	|	rapi	0.08	0.08	0	|	76.0	0.08(76)	0.08(76)	|	2022	
63	925	ok	|	0.10	1.00	1.00	0.10	0.02	0	|	rapi	0.10	0.10	0	|	76.0	0.10(76)	0.10(76)	|	2022	
63	926	ok	|	0.10	1.00	1.00	0.10	0.02	0	|	rapi	0.10	0.10	0	|	76.0	0.10(76)	0.10(76)	|	2022	
63	927	ok	|	0.09	1.00	1.00	0.09	0.02	0	|	rapi	0.09	0.09	0	|	76.0	0.09(76)	0.09(76)	|	2022	
63	928	ok	|	0.10	1.00	1.00	0.10	0.03	0	|	rapi	0.10	0.10	0	|	76.0	0.10(76)	0.10(76)	|	2022	
63	929	ok	|	0.10	1.00	1.00	0.10	0.03	0	|	rapi	0.10	0.10	0	|	76.0	0.10(76)	0.10(76)	|	2022	
63	930	ok	|	0.09	1.00	1.00	0.09	0.02	0	|	rapi	0.09	0.09	0	|	76.0	0.09(76)	0.09(76)	|	2022	
63	931	ok	|	0.08	1.00	1.00	0.09	0.02	0	|	rapi	0.08	0.09	0	|	76.0	0.09(76)	0.09(76)	|	2022	
63	932	ok	|	0.07	1.00	1.00	0.08	0.02	0	|	rapi	0.07	0.08	0	|	76.0	0.08(76)	0.08(76)	|	2022	
63	933	ok	|	0.08	1.00	1.00	0.08	0.02	0	|	rapi	0.08	0.08	0	|	76.0	0.08(76)	0.08(76)	|	2022	
63	934	ok	|	0.09	1.00	1.00	0.09	0.02	0	|	rapi	0.09	0.09	0	|	76.0	0.09(76)	0.09(76)	|	2022	
63	935	ok	|	0.09	1.00	1.00	0.09	0.02	0	|	rapi	0.09	0.09	0	|	76.0	0.09(76)	0.09(76)	|	2022	
63	936	ok	|	0.09	1.00	1.00	0.09	0.02	0	|	rapi	0.09	0.09	0	|	76.0	0.09(76)	0.09(76)	|	2022	
63	937	ok	|	0.09	1.00	1.00	0.09	0.02	0	|	rapi	0.09	0.09	0	|	76.0	0.09(76)	0.09(76)	|	2022	
63	938	ok	|	0.09	1.00	1.00	0.09	0.02	0	|	rapi	0.09	0.09	0	|	76.0	0.09(76)	0.09(76)	|	2022	
63	939	ok	|	0.07	1.00	1.00	0.07	0.02	0	|	rapi	0.07	0.07	0	|	76.0	0.07(76)	0.07(76)	|	2022	
63	940	ok	|	0.06	1.00	1.00	0.07	0.02	0	|	rapi	0.06	0.07	0	|	76.0	0.07(76)	0.07(76)	|	2022	
63	941	ok	|	0.06	1.00	1.00	0.06	0.01	0	|	rapi	0.06	0.06	0	|	76.0	0.06(76)	0.06(76)	|	2022	
63	942	ok	|	0.04	1.00	1.00	0.05	0.01	0	|	rapi	0.04	0.05	0	|	76.0	0.05(76)	0.05(76)	|	2022	
63	943	ok	|	0.05	1.00	1.00	0.05	0.01	0	|	rapi	0.05	0.05	0	|	76.0	0.05(76)	0.05(76)	|	2022	
63	944	ok	|	0.04	1.00	1.00	0.05	0.01	0	|	rapi	0.04	0.05	0	|	76.0	0.05(76)	0.05(76)	|	2022	
63	945	ok	|	0.05	1.00	1.00	0.05	0.01	0	|	rapi	0.05	0.05	0	|	76.0	0.05(76)	0.05(76)	|	2022	
63	946	ok	|	0.06	1.00	1.00	0.06	0.01	0	|	rapi	0.06	0.06	0	|	76.0	0.06(76)	0.06(76)	|	2022	
63	947	ok	|	0.05	1.00	1.00	0.05	0.01	0	|	rapi	0.05	0.05	0	|	76.0	0.05(76)	0.05(76)	|	2022	
63	948	ok	|	0.03	1.00	1.00	0.03	0.01	0	|	rapi	0.03	0.03	0	|	76.0	0.03(76)	0.03(76)	|	2022	
63	949	ok	|	0.03	1.00	1.00	0.03	0.01	0	|	rapi	0.03	0.03	0	|	76.0	0.03(76)	0.03(76)	|	2022	
63	950	ok	|	0.04	1.00	1.00	0.04	0.01	0	|	rapi	0.04	0.04	0	|	76.0	0.04(76)	0.04(76)	|	2022	
63	951	ok	|	0.03	1.00	1.00	0.03	0.01	0	|	rapi	0.03	0.03	0	|	76.0	0.03(76)	0.03(76)	|	2022	
63	952	ok	|	0.03	1.00	1.00	0.03	0.01	0	|	rapi	0.03	0.03	0	|	76.0	0.03(76)	0.03(76)	|	2022	
63	953	ok	|	0.03	1.00	1.00	0.04	0.01	0	|	rapi	0.03	0.04	0	|	76.0	0.04(76)	0.04(76)	|	2022	
63	954	ok	|	0.03	1.00	1.00	0.03	0.01	0	|	rapi	0.03	0.03	0	|	76.0	0.03(76)	0.03(76)	|	2022	
63	955	ok	|	0.03	1.00	1.00	0.03	0.01	0	|	rapi	0.03	0.03	0	|	76.0	0.03(76)	0.03(76)	|	2022	
63	956	ok	|	0.03	1.00	1.00	0.03	0.01	0	|	rapi	0.03	0.03	0	|	76.0	0.03(76)	0.03(76)	|	2022	
63	957	ok	|	0.04	1.00	1.00	0.04	0.01	0	|	rapi	0.04	0.04	0	|	76.0	0.04(76)	0.04(76)	|	2022	
63	958	ok	|	0.04	1.00	1.00	0.04	0.01	0	|	rapi	0.04	0.04	0	|	76.0	0.04(76)	0.04(76)	|	2022	
63	959	ok	|	0.05	1.00	1.00	0.05	0.01	0	|	rapi	0.05	0.05	0	|	76.0	0.05(76)	0.05(76)	|	2022	
63	960	ok	|	0.04	1.00	1.00	0.04	0.01	0	|	rapi	0.04	0.04	0	|	76.0	0.04(76)	0.04(76)	|	2022	
63	961	ok	|	0.04	1.00	1.00	0.04	0.01	0	|	rapi	0.04	0.04	0	|	76.0	0.04(76)	0.04(76)	|	2022	
63	962	ok	|	0.04	1.00	1.00	0.04	0.01	0	|	rapi	0.04	0.04	0	|	76.0	0.04(76)	0.04(76)	|	2022	
63	963	ok	|	0.04	1.00	1.00	0.04	0.01	0	|	rapi	0.04	0.04	0	|	76.0	0.04(76)	0.04(76)	|	2022	
63	964	ok	|	0.03	1.00	1.00	0.03	0.01	0	|	rapi	0.03	0.03	0	|	76.0	0.03(76)	0.03(76)	|	2022	
63	965	ok	|	0.03	1.00	1.00	0.03	0.01	0	|	rapi	0.03	0.03	0	|	76.0	0.03(76)	0.03(76)	|	2022	
63	966	ok	|	0.03	1.00	1.00	0.03	0.01	0	|	rapi	0.03	0.03	0	|	76.0	0.03(76)	0.03(76)	|	2022	
63	967	ok	|	0.03	1.00	1.00	0.03	0.01	0	|	rapi	0.03	0.03	0	|	76.0	0.03(76)	0.03(76)	|	2022	
63	968	ok	|	0.03	1.00	1.00	0.03	0.02	0	|	rapi	0.03	0.03	0	|	76.0	0.03(76)	0.03(76)	|	2022	
63	969	ok	|	0.03	1.00	1.00	0.03	0.02	0	|	rapi	0.03	0.03	0	|	76.0	0.03(76)	0.03(76)	|	2022	
63	970	ok	|	0.04	1.00	1.00	0.05	0.02	0	|	rapi	0.04	0.05	0	|	76.0	0.05(76)	0.05(76)	|	2022	
63	971	ok	|	0.06	1.00	1.00	0.06	0.03	0	|	rapi	0.06	0.06	0	|	76.0	0.06(76)	0.06(76)	|	2022	
63	972	ok	|	0.05	1.00	1.00	0.06	0.03	0	|	rapi	0.05	0.06	0	|	76.0	0.06(76)	0.06(76)	|	2022	
63	973	ok	|	0.05	1.00	1.00	0.05	0.02	0	|	rapi	0.05	0.05	0	|	76.0	0.05(76)	0.05(76)	|	2022	
63	974	ok	|	0.04	1.00	1.00	0.04	0.02	0	|	rapi	0.04	0.04	0	|	76.0	0.04(76)	0.04(76)	|	2022	
63	975	ok	|	0.03	1.00	1.00	0.03	0.02	0	|	rapi	0.03	0.03	0	|	76.0	0.03(76)	0.03(76)	|	2022	
63	976	ok	|	0.04	1.00	1.00	0.04	0.02	0	|	rapi	0.04	0.04	0	|	76.0	0.04(76)	0.04(76)	|	2022	
63	977	ok	|	0.04	1.00	1.00	0.04	0.02	0	|	rapi	0.04	0.04	0	|	76.0	0.04(76)	0.04(76)	|	2022	
63	978	ok	|	0.04	1.00	1.00	0.04	0.02	0	|	rapi	0.04	0.04	0	|	76.0	0.04(76)	0.04(76)	|	2022	
63	979	ok	|	0.04	1.00	1.00	0.04	0.02	0	|	rapi	0.04	0.04	0	|	76.0	0.04(76)	0.04(76)	|	2022	
63	980	ok	|	0.05	1.00	1.00	0.05	0.03	0	|	rapi	0.05	0.05	0	|	76.0	0.05(76)	0.05(76)	|	2022	
63	981	ok	|	0.05	1.00	1.00	0.05	0.03	0	|	rapi	0.05	0.05	0	|	76.0	0.05(76)	0.05(76)	|	2022	
63	982	ok	|	0.07	1.00	1.00	0.07	0.03	0	|	rapi	0.07	0.07	0	|	76.0	0.07(76)	0.07(76)	|	2022	
63	983	ok	|	0.07	1.00	1.00	0.07	0.03	0	|	rapi	0.07	0.07	0	|	76.0	0.07(76)	0.07(76)	|	2022	
63	984	ok	|	0.07	1.00	1.00	0.07	0.03	0	|	rapi	0.07	0.07	0	|	76.0	0.07(76)	0.07(76)	|	2022	
63	985	ok	|	0.06	1.00	1.00	0.06	0.03	0	|	rapi	0.06	0.06	0	|	76.0	0.06(76)	0.06(76)	|	2022	
63	986	ok	|	0.05	1.00	1.00	0.06	0.03	0	|	rapi	0.05	0.06	0	|	76.0	0.06(76)	0.06(76)	|	2022	
63	987	ok	|	0.06	1.00	1.00	0.06	0.03	0	|	rapi	0.06	0.06	0	|	76.0	0.06(76)	0.06(76)	|	2022	
63	988	ok	|	0.06	1.00	1.00	0.06	0.03	0	|	rapi	0.06	0.06	0	|	76.0	0.06(76)	0.06(76)	|	2022	
63	989	ok	|	0.06	1.00	1.00	0.06	0.03	0	|	rapi	0.06	0.06	0	|	76.0	0.06(76)	0.06(76)	|	2022	
63	990	ok	|	0.05	1.00	1.00	0.05	0.02	0	|	rapi	0.05	0.05	0	|	76.0	0.05(76)	0.05(76)	|	2022	
63	991	ok	|	0.05	1.00	1.00	0.05	0.02	0	|	rapi	0.05	0.05	0	|	76.0	0.05(76)	0.05(76)	|	2022	
63	992	ok	|	0.05	1.00	1.00	0.05	0.02	0	|	rapi	0.05	0.05	0	|	76.0	0.05(76)	0.05(76)	|	2022	
63	993	ok	|	0.04	1.00	1.00	0.04	0.02	0	|	rapi	0.04	0.04	0	|	76.0	0.04(76)	0.04(76)	|	2022	
63	994	ok	|	0.04	1.00	1.00	0.04	0.02	0	|	rapi	0.04	0.04	0	|	76.0	0.04(76)	0.04(76)	|	2022	
63	995	ok	|	0.04	1.00	1.00	0.04	0.02	0	|	rapi	0.04	0.04	0	|	76.0	0.04(76)	0.04(76)	|	2022	
63	996	ok	|	0.03	1.00	1.00	0.03	0.02	0	|	rapi	0.03	0.03	0	|	76.0	0.03(76)	0.03(76)	|	2022	
63	997	ok	|	0.04	1.00	1.00	0.04	0.02	0	|	rapi	0.04	0.04	0	|	76.0	0.04(76)	0.04(76)	|	2022	
63	998	ok	|	0.04	1.00	1.00	0.04	0.02	0	|	rapi	0.04	0.04	0	|	76.0	0.04(76)	0.04(76)	|	2022	
63	999	ok	|	0.03	1.00	1.00	0.03	0.01	0	|	rapi	0.03	0.03	0	|	76.0	0.03(76)	0.03(76)	|	2022	
63	1000	ok	|	0.04	1.00	1.00	0.04	0.02	0	|	rapi	0.04	0.04	0	|	76.0	0.04(76)	0.04(76)	|	2022	
63	1001	ok	|	0.03	1.00	1.00	0.03	0.01	0	|	rapi	0.03	0.03	0	|	76.0	0.03(76)	0.03(76)	|	2022	
63	1002	ok	|	0.02	1.00	1.00	0.02	0.01	0	|	rapi	0.02	0.02	0	|	76.0	0.02(76)	0.02(76)	|	2022	
63	1003	ok	|	0.02	1.00	1.00	0.02	0.01	0	|	rapi	0.02	0.02	0	|	76.0	0.02(76)	0.02(76)	|	2022	
63	1004	ok	|	0.02	1.00	1.00	0.02	0.01	0	|	rapi	0.02	0.02	0	|	76.0	0.02(76)	0.02(76)	|	2022	
63	1005	ok	|	0.01	1.00	1.00	0.01	0.01	0	|	rapi	0.01	0.01	0	|	76.0	0.01(76)	0.01(76)	|	2022	
63	1006	ok	|	0.02	1.00	1.00	0.02	0.01	0	|	rapi	0.02	0.02	0	|	76.0	0.02(76)	0.02(76)	|	2022	
63	1007	ok	|	0.02	1.00	1.00	0.02	0.01	0	|	rapi	0.02	0.02	0	|	76.0	0.02(76)	0.02(76)	|	2022	
63	1008	ok	|	0.02	1.00	1.00	0.02	0.01	0	|	rapi	0.02	0.02	0	|	76.0	0.02(76)	0.02(76)	|	2022	
63	1009	ok	|	0.02	1.00	1.00	0.02	0.01	0	|	rapi	0.02	0.02	0	|	76.0	0.02(76)	0.02(76)	|	2022	
63	1010	ok	|	0.02	1.00	1.00	0.02	0.01	0	|	rapi	0.02	0.02	0	|	76.0	0.02(76)	0.02(76)	|	2022	
63	1011	ok	|	0.03	1.00	1.00	0.03	0.01	0	|	rapi	0.03	0.03	0	|	76.0	0.03(76)	0.03(76)	|	2022	
63	1012	ok	|	0.03	1.00	1.00	0.03	0.01	0	|	rapi	0.03	0.03	0	|	76.0	0.03(76)	0.03(76)	|	2022	
63	1013	ok	|	0.04	1.00	1.00	0.04	0.02	0	|	rapi	0.04	0.04	0	|	76.0	0.04(76)	0.04(76)	|	2022	
63	1014	ok	|	0.04	1.00	1.00	0.04	0.02	0	|	rapi	0.04	0.04	0	|	76.0	0.04(76)	0.04(76)	|	2022	
63	1015	ok	|	0.04	1.00	1.00	0.04	0.02	0	|	rapi	0.04	0.04	0	|	76.0	0.04(76)	0.04(76)	|	2022	
63	1016	ok	|	0.04	1.00	1.00	0.04	0.02	0	|	rapi	0.04	0.04	0	|	76.0	0.04(76)	0.04(76)	|	2022	
63	1017	ok	|	0.05	1.00	1.00	0.05	0.02	0	|	rapi	0.05	0.05	0	|	76.0	0.05(76)	0.05(76)	|	2022	
63	1018	ok	|	0.03	1.00	1.00	0.03	0.02	0	|	rapi	0.03	0.03	0	|	76.0	0.03(76)	0.03(76)	|	2022	
63	1019	ok	|	0.03	1.00	1.00	0.03	0.01	0	|	rapi	0.03	0.03	0	|	76.0	0.03(76)	0.03(76)	|	2022	
63	1020	ok	|	0.02	1.00	1.00	0.02	0.01	0	|	rapi	0.02	0.02	0	|	76.0	0.02(76)	0.02(76)	|	2022	
63	1021	ok	|	0.03	1.00	1.00	0.03	0.01	0	|	rapi	0.03	0.03	0	|	76.0	0.03(76)	0.03(76)	|	2022	
63	1022	ok	|	0.03	1.00	1.00	0.03	0.01	0	|	rapi	0.03	0.03	0	|	76.0	0.03(76)	0.03(76)	|	2022	
63	1023	ok	|	0.03	1.00	1.00	0.03	0.01	0	|	rapi	0.03	0.03	0	|	76.0	0.03(76)	0.03(76)	|	2022	
63	1024	ok	|	0.02	1.00	1.00	0.02	0.01	0	|	rapi	0.02	0.02	0	|	76.0	0.02(76)	0.02(76)	|	2022	
63	1025	ok	|	0.02	1.00	1.00	0.02	0.01	0	|	rapi	0.02	0.02	0	|	76.0	0.02(76)	0.02(76)	|	2022	
63	1026	ok	|	0.02	1.00	1.00	0.02	0.01	0	|	rapi	0.02	0.02	0	|	76.0	0.02(76)	0.02(76)	|	2022	
63	1027	ok	|	0.03	1.00	1.00	0.03	0.01	0	|	rapi	0.03	0.03	0	|	76.0	0.03(76)	0.03(76)	|	2022	
63	1028	ok	|	0.02	1.00	1.00	0.02	0.01	0	|	rapi	0.02	0.02	0	|	76.0	0.02(76)	0.02(76)	|	2022	
63	1029	ok	|	0.02	1.00	1.00	0.02	0.01	0	|	rapi	0.02	0.02	0	|	76.0	0.02(76)	0.02(76)	|	2022	
63	1030	ok	|	0.02	1.00	1.00	0.02	0.01	0	|	rapi	0.02	0.02	0	|	76.0	0.02(76)	0.02(76)	|	2022	
63	1031	ok	|	0.02	1.00	1.00	0.02	0.01	0	|	rapi	0.02	0.02	0	|	76.0	0.02(76)	0.02(76)	|	2022	
63	1032	ok	|	0.03	1.00	1.00	0.03	0.01	0	|	rapi	0.03	0.03	0	|	76.0	0.03(76)	0.03(76)	|	2022	
63	1033	ok	|	0.03	1.00	1.00	0.03	0.02	0	|	rapi	0.03	0.03	0	|	76.0	0.03(76)	0.03(76)	|	2022	
63	1034	ok	|	0.03	1.00	1.00	0.03	0.01	0	|	rapi	0.03	0.03	0	|	76.0	0.03(76)	0.03(76)	|	2022	
63	1035	ok	|	0.04	1.00	1.00	0.04	0.02	0	|	rapi	0.04	0.04	0	|	76.0	0.04(76)	0.04(76)	|	2022	
63	1036	ok	|	0.04	1.00	1.00	0.04	0.02	0	|	rapi	0.04	0.04	0	|	76.0	0.04(76)	0.04(76)	|	2022	
63	1037	ok	|	0.04	1.00	1.00	0.04	0.02	0	|	rapi	0.04	0.04	0	|	76.0	0.04(76)	0.04(76)	|	2022	
63	1038	ok	|	0.05	1.00	1.00	0.05	0.03	0	|	rapi	0.05	0.05	0	|	76.0	0.05(76)	0.05(76)	|	2022	
63	1039	ok	|	0.05	1.00	1.00	0.05	0.02	0	|	rapi	0.05	0.05	0	|	76.0	0.05(76)	0.05(76)	|	2022	
63	1040	ok	|	0.05	1.00	1.00	0.05	0.02	0	|	rapi	0.05	0.05	0	|	76.0	0.05(76)	0.05(76)	|	2022	
63	1041	ok	|	0.03	1.00	1.00	0.03	0.02	0	|	rapi	0.03	0.03	0	|	76.0	0.03(76)	0.03(76)	|	2022	
63	1042	ok	|	0.03	1.00	1.00	0.03	0.02	0	|	rapi	0.03	0.03	0	|	76.0	0.03(76)	0.03(76)	|	2022	
63	1043	ok	|	0.03	1.00	1.00	0.03	0.01	0	|	rapi	0.03	0.03	0	|	76.0	0.03(76)	0.03(76)	|	2022	
63	1044	ok	|	0.03	1.00	1.00	0.03	0.02	0	|	rapi	0.03	0.03	0	|	76.0	0.03(76)	0.03(76)	|	2022	
63	1045	ok	|	0.03	1.00	1.00	0.03	0.02	0	|	rapi	0.03	0.03	0	|	76.0	0.03(76)	0.03(76)	|	2022	
63	1046	ok	|	0.03	1.00	1.00	0.03	0.01	0	|	rapi	0.03	0.03	0	|	76.0	0.03(76)	0.03(76)	|	2022	
63	1047	ok	|	0.03	1.00	1.00	0.03	0.01	0	|	rapi	0.03	0.03	0	|	76.0	0.03(76)	0.03(76)	|	2022	
63	1048	ok	|	0.03	1.00	1.00	0.03	0.01	0	|	rapi	0.03	0.03	0	|	76.0	0.03(76)	0.03(76)	|	2022	
63	1049	ok	|	0.03	1.00	1.00	0.03	0.01	0	|	rapi	0.03	0.03	0	|	76.0	0.03(76)	0.03(76)	|	2022	
63	1050	ok	|	0.03	1.00	1.00	0.03	0.02	0	|	rapi	0.03	0.03	0	|	76.0	0.03(76)	0.03(76)	|	2022	
63	1051	ok	|	0.04	1.00	1.00	0.04	0.02	0	|	rapi	0.04	0.04	0	|	76.0	0.04(76)	0.04(76)	|	2022	
63	1052	ok	|	0.04	1.00	1.00	0.04	0.02	0	|	rapi	0.04	0.04	0	|	76.0	0.04(76)	0.04(76)	|	2022	
63	1053	ok	|	0.04	1.00	1.00	0.04	0.02	0	|	rapi	0.04	0.04	0	|	76.0	0.04(76)	0.04(76)	|	2022	
63	1054	ok	|	0.03	1.00	1.00	0.03	0.02	0	|	rapi	0.03	0.03	0	|	76.0	0.03(76)	0.03(76)	|	2022	
63	1055	ok	|	0.04	1.00	1.00	0.04	0.02	0	|	rapi	0.04	0.04	0	|	76.0	0.04(76)	0.04(76)	|	2022	
63	1056	ok	|	0.04	1.00	1.00	0.04	0.02	0	|	rapi	0.04	0.04	0	|	76.0	0.04(76)	0.04(76)	|	2022	
63	1057	ok	|	0.03	1.00	1.00	0.03	0.01	0	|	rapi	0.03	0.03	0	|	76.0	0.03(76)	0.03(76)	|	2022	
63	1058	ok	|	0.02	1.00	1.00	0.02	0.01	0	|	rapi	0.02	0.02	0	|	76.0	0.02(76)	0.02(76)	|	2022	
63	1059	ok	|	0.02	1.00	1.00	0.02	0.01	0	|	rapi	0.02	0.02	0	|	76.0	0.02(76)	0.02(76)	|	2022	
63	1060	ok	|	0.03	1.00	1.00	0.03	0.02	0	|	rapi	0.03	0.03	0	|	76.0	0.03(76)	0.03(76)	|	2022	
63	1061	ok	|	0.03	1.00	1.00	0.03	0.01	0	|	rapi	0.03	0.03	0	|	76.0	0.03(76)	0.03(76)	|	2022	
63	1062	ok	|	0.02	1.00	1.00	0.02	0.01	0	|	rapi	0.02	0.02	0	|	76.0	0.02(76)	0.02(76)	|	2022	
63	1063	ok	|	0.02	1.00	1.00	0.02	0.01	0	|	rapi	0.02	0.02	0	|	76.0	0.02(76)	0.02(76)	|	2022	
63	1064	ok	|	0.02	1.00	1.00	0.02	0.01	0	|	rapi	0.02	0.02	0	|	76.0	0.02(76)	0.02(76)	|	2022	
63	1065	ok	|	0.02	1.00	1.00	0.02	0.01	0	|	rapi	0.02	0.02	0	|	76.0	0.02(76)	0.02(76)	|	2022	
63	1066	ok	|	0.01	1.00	1.00	0.01	0.01	0	|	rapi	0.01	0.01	0	|	76.0	0.01(76)	0.01(76)	|	2022	
63	1067	ok	|	0.01	1.00	1.00	0.01	0.01	0	|	rapi	0.01	0.01	0	|	76.0	0.01(76)	0.01(76)	|	2022	
63	1068	ok	|	0.01	1.00	1.00	0.01	0.01	0	|	rapi	0.01	0.01	0	|	76.0	0.01(76)	0.01(76)	|	2022	
63	1069	ok	|	0.01	1.00	1.00	0.01	0.01	0	|	rapi	0.01	0.01	0	|	76.0	0.01(76)	0.01(76)	|	2022	
63	1070	ok	|	0.01	1.00	1.00	0.01	0.01	0	|	rapi	0.01	0.01	0	|	76.0	0.01(76)	0.01(76)	|	2022	
63	1071	ok	|	0.01	1.00	1.00	0.01	0.01	0	|	rapi	0.01	0.01	0	|	76.0	0.01(76)	0.01(76)	|	2022	
63	1072	ok	|	0.01	1.00	1.00	0.01	0.00	0	|	rapi	0.01	0.01	0	|	76.0	0.01(76)	0.01(76)	|	2022	
63	1073	ok	|	0.00	1.00	1.00	0.00	0.00	0	|	rapi	0.00	0.00	0	|	76.0	0.00(76)	0.00(76)	|	2022	
63	1074	ok	|	0.00	1.00	1.00	0.00	0.00	0	|	rapi	0.00	0.00	0	|	76.0	0.00(76)	0.00(76)	|	2022	
63	1075	ok	|	0.01	1.00	1.00	0.01	0.00	0	|	rapi	0.01	0.01	0	|	76.0	0.01(76)	0.01(76)	|	2022	
63	1076	ok	|	0.01	1.00	1.00	0.01	0.00	0	|	rapi	0.01	0.01	0	|	76.0	0.01(76)	0.01(76)	|	2022	
63	1077	ok	|	0.00	1.00	1.00	0.00	0.00	0	|	rapi	0.00	0.00	0	|	76.0	0.00(76)	0.00(76)	|	2022	
63	1078	ok	|	0.00	1.00	1.00	0.00	0.00	0	|	rapi	0.00	0.00	0	|	76.0	0.00(76)	0.00(76)	|	2022	
63	1079	ok	|	0.00	1.00	1.00	0.00	0.00	0	|	rapi	0.00	0.00	0	|	76.0	0.00(76)	0.00(76)	|	2022	
63	1080	ok	|	0.00	1.00	1.00	0.00	0.00	0	|	rapi	0.00	0.00	0	|	76.0	0.00(76)	0.00(76)	|	2022	
63	1081	ok	|	0.00	1.00	1.00	0.00	0.00	0	|	rapi	0.00	0.00	0	|	76.0	0.00(76)	0.00(76)	|	2022	
63	1082	ok	|	0.00	1.00	1.00	0.00	0.00	0	|	rapi	0.00	0.00	0	|	76.0	0.00(76)	0.00(76)	|	2022	
63	1083	fail-0	|	0.00	1.00	1.00	0.00	NaN	0	|	rapi	0.00	0.00	0	|	NaN			|	2022	
