6319	0	ok	|	0.10	1.00	1.00	0.10	0.00	0	|	rapi	0.00	0.00	0	|	-13.0	0.10(-13)		|	2	
6319	1	ok	|	0.11	1.00	1.00	0.13	0.00	0	|	rapi	0.00	0.00	0	|	-13.0	0.13(-13)		|	2	
6319	2	ok	|	0.14	1.00	1.00	0.17	0.00	0	|	rapi	0.00	0.00	0	|	-13.0	0.17(-13)		|	2	
6319	3	ok	|	0.15	1.00	1.00	0.18	0.00	0	|	rapi	0.00	0.00	0	|	-13.0	0.18(-13)		|	2	
6319	4	ok	|	0.19	1.00	1.00	0.25	0.00	0	|	rapi	0.00	0.00	0	|	-13.0	0.25(-13)		|	2	
6319	5	ok	|	0.22	1.00	1.00	0.29	0.00	0	|	rapi	0.00	0.00	0	|	-13.0	0.29(-13)		|	2	
6319	6	ok	|	0.22	1.00	1.00	0.32	0.00	0	|	rapi	0.00	0.00	0	|	-13.0	0.32(-13)		|	2	
6319	7	ok	|	0.27	1.00	1.00	0.40	0.00	0	|	rapi	0.00	0.00	0	|	-13.0	0.40(-13)		|	2	
6319	8	ok	|	0.31	1.00	1.00	0.48	0.00	0	|	rapi	0.00	0.00	0	|	-13.0	0.48(-13)		|	2	
6319	9	ok	|	0.36	0.99	0.99	0.59	0.00	0	|	rapi	0.00	0.00	0	|	-13.0	0.59(-13)		|	2	
6319	10	ok	|	0.44	0.99	0.99	0.75	0.00	0	|	rapi	0.00	0.00	0	|	-13.0	0.75(-13)		|	2	
6319	11	ok	|	0.46	0.99	0.99	0.84	0.00	0	|	rapi	0.00	0.00	0	|	-13.0	0.84(-13)		|	2	
6319	12	ok	|	0.53	0.99	0.99	1.03	0.00	0	|	rapi	0.00	0.00	0	|	-13.0	1.03(-13)		|	2	
6319	13	ok	|	0.59	0.99	0.99	1.15	0.00	0	|	rapi	0.00	0.00	0	|	-13.0	1.15(-13)		|	2	
6319	14	ok	|	0.63	0.99	0.99	1.35	0.00	0	|	rapi	0.00	0.00	0	|	-13.0	1.35(-13)		|	2	
6319	15	ok	|	0.72	0.98	0.98	1.61	0.00	0	|	rapi	0.00	0.00	0	|	-13.0	1.61(-13)		|	2	
6319	16	ok	|	0.79	0.98	0.98	1.90	0.00	0	|	rapi	0.00	0.00	0	|	-13.0	1.90(-13)		|	2	
6319	17	ok	|	0.82	0.98	0.98	2.29	0.00	0	|	rapi	0.00	0.00	0	|	-13.0	2.29(-13)		|	2	
6319	18	ok	|	0.90	0.97	0.97	2.85	0.00	0	|	rapi	0.00	0.00	0	|	-13.0	2.85(-13)		|	2	
6319	19	ok	|	0.92	0.97	0.97	3.27	0.00	0	|	rapi	0.00	0.00	0	|	-13.0	3.27(-13)		|	2	
6319	20	ok	|	0.94	0.96	0.96	3.81	0.00	0	|	rapi	0.00	0.00	0	|	-13.0	3.81(-13)		|	2	
6319	21	ok	|	0.97	0.95	0.95	4.54	0.00	0	|	rapi	0.00	0.00	0	|	-13.0	4.54(-13)		|	2	
6319	22	ok	|	0.99	0.95	0.95	5.23	0.00	0	|	rapi	0.00	0.00	0	|	-13.0	5.23(-13)		|	2	
6319	23	ok	|	0.99	0.94	0.94	6.22	0.00	0	|	rapi	0.00	0.00	0	|	-13.0	6.22(-13)		|	2	
6319	24	ok	|	1.00	0.93	0.93	7.31	0.00	0	|	rapi	0.00	0.00	0	|	-13.0	7.31(-13)		|	2	
6319	25	ok	|	1.00	0.91	0.91	8.74	0.00	0	|	rapi	0.00	0.00	0	|	-13.0	8.74(-13)		|	2	
6319	26	ok	|	1.00	0.90	0.90	10.23	0.00	0	|	rapi	0.00	0.00	0	|	-13.0	10.23(-13)		|	2	
6319	27	ok	|	1.00	0.88	0.88	11.95	0.00	0	|	rapi	0.00	0.00	0	|	-13.0	11.95(-13)		|	2	
6319	28	ok	|	1.00	0.86	0.86	14.03	0.00	0	|	rapi	0.00	0.00	0	|	-13.0	14.03(-13)	0.00(-13)	|	2	
6319	29	ok	|	1.00	0.83	0.83	16.66	0.00	0	|	rapi	0.00	0.00	0	|	-13.0	16.66(-13)		|	2	
6319	30	ok	|	1.00	0.80	0.80	19.65	0.00	0	|	rapi	0.00	0.00	0	|	-13.0	19.65(-13)		|	2	
6319	31	ok	|	1.00	0.77	0.77	23.18	0.00	0	|	rapi	0.00	0.00	0	|	-13.0	23.18(-13)	0.00(-13)	|	2	
6319	32	ok	|	1.00	0.73	0.73	27.03	0.00	0	|	rapi	0.00	0.00	0	|	-13.0	27.03(-13)	0.00(-13)	|	2	
6319	33	ok	|	1.00	0.68	0.68	31.59	0.00	0	|	rapi	0.00	0.00	0	|	-13.0	31.59(-13)	0.00(-13)	|	2	
6319	34	ok	|	1.00	0.63	0.63	37.45	0.00	0	|	rapi	0.00	0.00	0	|	-13.0	37.45(-13)	0.00(-13)	|	2	
6319	35	ok	|	1.00	0.57	0.57	43.47	0.00	0	|	rapi	0.01	0.01	0	|	-13.0	43.47(-13)	0.01(-13)	|	2	
6319	36	ok	|	1.00	0.49	0.49	50.53	0.00	0	|	rapi	0.01	0.01	0	|	-13.0	50.53(-13)	0.01(-13)	|	2	
6319	37	ok	|	1.00	0.42	0.42	58.40	0.00	0	|	rapi	0.01	0.01	0	|	-13.0	58.40(-13)	0.01(-13)	|	2	
6319	38	ok	|	1.00	0.32	0.32	67.92	0.00	0	|	rapi	0.01	0.01	0	|	-13.0	67.92(-13)	0.01(-13)	|	2	
6319	39	ok	|	1.00	0.23	0.23	77.33	0.00	0	|	rapi	0.02	0.02	0	|	-13.0	77.33(-13)	0.02(-13)	|	2	
6319	40	ok	|	1.00	0.14	0.14	86.84	0.00	0	|	rapi	0.05	0.05	0	|	-13.0	86.84(-13)	0.05(-13)	|	2	
6319	41	fail-w	|	1.00	0.10	0.10	92.24	0.00	0	|	rapi	0.11	0.11	0	|	-13.0	92.24(-13)	0.11(-13)	|	2	
