6402	0	ok	|	0.10	1.00	1.00	0.10	0.00	0	|	rapi	0.00	0.00	0	|	-61.0	0.10(-61)		|	3	
6402	1	ok	|	0.10	1.00	1.00	0.11	0.00	0	|	rapi	0.00	0.00	0	|	-61.0	0.11(-61)		|	3	
6402	2	ok	|	0.11	1.00	1.00	0.13	0.00	0	|	rapi	0.00	0.00	0	|	-61.0	0.13(-61)		|	3	
6402	3	ok	|	0.13	1.00	1.00	0.17	0.00	0	|	rapi	0.00	0.00	0	|	-61.0	0.17(-61)		|	3	
6402	4	ok	|	0.15	1.00	1.00	0.20	0.00	0	|	rapi	0.00	0.00	0	|	-61.0	0.20(-61)		|	3	
6402	5	ok	|	0.18	1.00	1.00	0.27	0.00	0	|	rapi	0.00	0.00	0	|	-61.0	0.27(-61)		|	3	
6402	6	ok	|	0.21	1.00	1.00	0.31	0.00	0	|	rapi	0.00	0.00	0	|	-61.0	0.31(-61)		|	3	
6402	7	ok	|	0.25	1.00	1.00	0.36	0.00	0	|	rapi	0.00	0.00	0	|	-61.0	0.36(-61)		|	3	
6402	8	ok	|	0.26	1.00	1.00	0.40	0.00	0	|	rapi	0.00	0.00	0	|	-61.0	0.40(-61)		|	3	
6402	9	ok	|	0.30	1.00	1.00	0.46	0.00	0	|	rapi	0.00	0.00	0	|	-61.0	0.46(-61)		|	3	
6402	10	ok	|	0.32	0.99	0.99	0.55	0.00	0	|	rapi	0.00	0.00	0	|	-61.0	0.55(-61)		|	3	
6402	11	ok	|	0.37	0.99	0.99	0.65	0.00	0	|	rapi	0.00	0.00	0	|	-61.0	0.65(-61)		|	3	
6402	12	ok	|	0.44	0.99	0.99	0.81	0.00	0	|	rapi	0.00	0.00	0	|	-61.0	0.81(-61)		|	3	
6402	13	ok	|	0.51	0.99	0.99	0.95	0.00	0	|	rapi	0.00	0.00	0	|	-61.0	0.95(-61)		|	3	
6402	14	ok	|	0.55	0.99	0.99	1.06	0.00	0	|	rapi	0.00	0.00	0	|	-61.0	1.06(-61)		|	3	
6402	15	ok	|	0.60	0.99	0.99	1.20	0.00	0	|	rapi	0.00	0.00	0	|	-61.0	1.20(-61)		|	3	
6402	16	ok	|	0.64	0.99	0.99	1.39	0.00	0	|	rapi	0.00	0.00	0	|	-61.0	1.39(-61)		|	3	
6402	17	ok	|	0.70	0.98	0.98	1.57	0.00	0	|	rapi	0.00	0.00	0	|	-61.0	1.57(-61)		|	3	
6402	18	ok	|	0.77	0.98	0.98	1.95	0.00	0	|	rapi	0.00	0.00	0	|	-61.0	1.95(-61)		|	3	
6402	19	ok	|	0.80	0.98	0.98	2.23	0.00	0	|	rapi	0.00	0.00	0	|	-61.0	2.23(-61)		|	3	
6402	20	ok	|	0.86	0.97	0.97	2.56	0.00	0	|	rapi	0.00	0.00	0	|	-61.0	2.56(-61)		|	3	
6402	21	ok	|	0.90	0.97	0.97	3.06	0.00	0	|	rapi	0.00	0.00	0	|	-61.0	3.06(-61)		|	3	
6402	22	ok	|	0.94	0.96	0.96	3.65	0.00	0	|	rapi	0.00	0.00	0	|	-61.0	3.65(-61)	0.00(-61)	|	3	
6402	23	ok	|	0.95	0.96	0.96	4.14	0.00	0	|	rapi	0.00	0.00	0	|	-61.0	4.14(-61)		|	3	
6402	24	ok	|	0.97	0.95	0.95	4.87	0.00	0	|	rapi	0.00	0.00	0	|	-61.0	4.87(-61)		|	3	
6402	25	ok	|	0.99	0.94	0.94	5.70	0.00	0	|	rapi	0.00	0.00	0	|	-61.0	5.70(-61)		|	3	
6402	26	ok	|	1.00	0.94	0.94	6.50	0.00	0	|	rapi	0.00	0.00	0	|	-61.0	6.50(-61)		|	3	
6402	27	ok	|	1.00	0.92	0.92	7.79	0.00	0	|	rapi	0.00	0.00	0	|	-61.0	7.79(-61)		|	3	
6402	28	ok	|	1.00	0.91	0.91	9.40	0.00	0	|	rapi	0.00	0.00	0	|	-61.0	9.40(-61)		|	3	
6402	29	ok	|	1.00	0.89	0.89	11.12	0.00	0	|	rapi	0.00	0.00	0	|	-61.0	11.12(-61)		|	3	
6402	30	ok	|	1.00	0.87	0.87	12.92	0.00	0	|	rapi	0.00	0.00	0	|	-61.0	12.92(-61)		|	3	
6402	31	ok	|	1.00	0.85	0.85	15.38	0.00	0	|	rapi	0.00	0.00	0	|	-61.0	15.38(-61)		|	3	
6402	32	ok	|	1.00	0.82	0.82	18.21	0.00	0	|	rapi	0.00	0.00	0	|	-61.0	18.21(-61)		|	3	
6402	33	ok	|	1.00	0.78	0.78	21.55	0.00	0	|	rapi	0.00	0.00	0	|	-61.0	21.55(-61)		|	3	
6402	34	ok	|	1.00	0.74	0.74	25.52	0.00	0	|	rapi	0.00	0.00	0	|	-61.0	25.52(-61)		|	3	
6402	35	ok	|	1.00	0.70	0.70	30.02	0.00	0	|	rapi	0.00	0.00	0	|	-61.0	30.02(-61)		|	3	
6402	36	ok	|	1.00	0.65	0.65	34.84	0.00	0	|	rapi	0.00	0.00	0	|	-61.0	34.84(-61)		|	3	
6402	37	ok	|	1.00	0.59	0.59	40.79	0.00	0	|	rapi	0.00	0.00	0	|	-61.0	40.79(-61)		|	3	
6402	38	ok	|	1.00	0.52	0.52	47.52	0.00	0	|	rapi	0.00	0.00	0	|	-61.0	47.52(-61)		|	3	
6402	39	ok	|	1.00	0.45	0.45	55.20	0.00	0	|	rapi	0.00	0.00	0	|	-61.0	55.20(-61)		|	3	
6402	40	ok	|	1.00	0.36	0.36	64.28	0.00	0	|	rapi	0.00	0.00	0	|	-61.0	64.28(-61)		|	3	
6402	41	ok	|	1.00	0.26	0.26	73.59	0.00	0	|	rapi	0.00	0.00	0	|	-61.0	73.59(-61)		|	3	
6402	42	ok	|	1.00	0.16	0.16	84.00	0.00	0	|	rapi	0.00	0.00	0	|	-61.0	84.00(-61)		|	3	
6402	43	fail-w	|	1.00	0.07	0.07	94.32	0.00	0	|	rapi	0.00	0.00	0	|	-61.0	94.32(-61)	0.00(-61)	|	3	
