6434	0	ok	|	0.09	1.00	1.00	0.10	0.00	0	|	rapi	0.00	0.00	0	|	-77.0	0.10(-77)		|	10	
6434	1	ok	|	0.09	1.00	1.00	0.11	0.00	0	|	rapi	0.00	0.00	0	|	-77.0	0.11(-77)		|	10	
6434	2	ok	|	0.10	1.00	1.00	0.12	0.00	0	|	rapi	0.00	0.00	0	|	-77.0	0.12(-77)		|	10	
6434	3	ok	|	0.12	1.00	1.00	0.15	0.00	0	|	rapi	0.00	0.00	0	|	-77.0	0.15(-77)		|	10	
6434	4	ok	|	0.14	1.00	1.00	0.17	0.00	0	|	rapi	0.00	0.00	0	|	-77.0	0.17(-77)		|	10	
6434	5	ok	|	0.15	1.00	1.00	0.22	0.00	0	|	rapi	0.00	0.00	0	|	-77.0	0.22(-77)		|	10	
6434	6	ok	|	0.18	1.00	1.00	0.28	0.00	0	|	rapi	0.00	0.00	0	|	-77.0	0.28(-77)		|	10	
6434	7	ok	|	0.21	1.00	1.00	0.30	0.00	0	|	rapi	0.00	0.00	0	|	-77.0	0.30(-77)		|	10	
6434	8	ok	|	0.26	1.00	1.00	0.37	0.00	0	|	rapi	0.00	0.00	0	|	-77.0	0.37(-77)		|	10	
6434	9	ok	|	0.30	1.00	1.00	0.45	0.00	0	|	rapi	0.00	0.00	0	|	-77.0	0.45(-77)		|	10	
6434	10	ok	|	0.33	0.99	0.99	0.50	0.00	0	|	rapi	0.00	0.00	0	|	-77.0	0.50(-77)		|	10	
6434	11	ok	|	0.36	0.99	0.99	0.55	0.00	0	|	rapi	0.00	0.00	0	|	-77.0	0.55(-77)		|	10	
6434	12	ok	|	0.39	0.99	0.99	0.64	0.00	0	|	rapi	0.00	0.00	0	|	-77.0	0.64(-77)		|	10	
6434	13	ok	|	0.43	0.99	0.99	0.70	0.00	0	|	rapi	0.00	0.00	0	|	-77.0	0.70(-77)		|	10	
6434	14	ok	|	0.48	0.99	0.99	0.80	0.00	0	|	rapi	0.00	0.00	0	|	-77.0	0.80(-77)		|	10	
6434	15	ok	|	0.52	0.99	0.99	0.95	0.00	0	|	rapi	0.00	0.00	0	|	-77.0	0.95(-77)		|	10	
6434	16	ok	|	0.59	0.99	0.99	1.10	0.00	0	|	rapi	0.00	0.00	0	|	-77.0	1.10(-77)		|	10	
6434	17	ok	|	0.65	0.99	0.99	1.34	0.00	0	|	rapi	0.00	0.00	0	|	-77.0	1.34(-77)		|	10	
6434	18	ok	|	0.71	0.98	0.98	1.57	0.00	0	|	rapi	0.00	0.00	0	|	-77.0	1.57(-77)		|	10	
6434	19	ok	|	0.75	0.98	0.98	1.82	0.00	0	|	rapi	0.00	0.00	0	|	-77.0	1.82(-77)		|	10	
6434	20	ok	|	0.79	0.98	0.98	1.99	0.00	0	|	rapi	0.00	0.00	0	|	-77.0	1.99(-77)		|	10	
6434	21	ok	|	0.83	0.98	0.98	2.23	0.00	0	|	rapi	0.00	0.00	0	|	-77.0	2.23(-77)		|	10	
6434	22	ok	|	0.87	0.97	0.97	2.64	0.00	0	|	rapi	0.00	0.00	0	|	-77.0	2.64(-77)		|	10	
6434	23	ok	|	0.91	0.97	0.97	2.97	0.00	0	|	rapi	0.00	0.00	0	|	-77.0	2.97(-77)		|	10	
6434	24	ok	|	0.92	0.97	0.97	3.49	0.00	0	|	rapi	0.00	0.00	0	|	-77.0	3.49(-77)		|	10	
6434	25	ok	|	0.95	0.96	0.96	4.08	0.00	0	|	rapi	0.00	0.00	0	|	-77.0	4.08(-77)		|	10	
6434	26	ok	|	0.99	0.95	0.95	4.75	0.00	0	|	rapi	0.00	0.00	0	|	-77.0	4.75(-77)		|	10	
6434	27	ok	|	0.98	0.94	0.94	5.54	0.00	0	|	rapi	0.00	0.00	0	|	-77.0	5.54(-77)		|	10	
6434	28	ok	|	0.99	0.94	0.94	6.44	0.00	0	|	rapi	0.00	0.00	0	|	-77.0	6.44(-77)		|	10	
6434	29	ok	|	1.00	0.93	0.93	7.48	0.00	0	|	rapi	0.00	0.00	0	|	-77.0	7.48(-77)		|	10	
6434	30	ok	|	1.00	0.91	0.91	8.86	0.00	0	|	rapi	0.00	0.00	0	|	-77.0	8.86(-77)	0.00(-77)	|	10	
6434	31	ok	|	1.00	0.90	0.90	10.40	0.00	0	|	rapi	0.00	0.00	0	|	-77.0	10.40(-77)	0.00(-77)	|	10	
6434	32	ok	|	1.00	0.88	0.88	12.44	0.00	0	|	rapi	0.00	0.00	0	|	-77.0	12.44(-77)	0.00(-77)	|	10	
6434	33	ok	|	1.00	0.85	0.85	14.56	0.00	0	|	rapi	0.00	0.00	0	|	-77.0	14.56(-77)	0.00(-77)	|	10	
6434	34	ok	|	1.00	0.83	0.83	17.13	0.00	0	|	rapi	0.00	0.00	0	|	-77.0	17.13(-77)		|	10	
6434	35	ok	|	1.00	0.80	0.80	20.23	0.00	0	|	rapi	0.00	0.00	0	|	-77.0	20.23(-77)	0.00(-77)	|	10	
6434	36	ok	|	1.00	0.76	0.76	23.74	0.00	0	|	rapi	0.00	0.00	0	|	-77.0	23.74(-77)		|	10	
6434	37	ok	|	1.00	0.72	0.72	27.91	0.00	0	|	rapi	0.00	0.00	0	|	-77.0	27.91(-77)		|	10	
6434	38	ok	|	1.00	0.67	0.67	33.25	0.00	0	|	rapi	0.00	0.00	0	|	-77.0	33.25(-77)	0.00(-77)	|	10	
6434	39	ok	|	1.00	0.61	0.61	38.96	0.00	0	|	rapi	0.00	0.00	0	|	-77.0	38.96(-77)	0.00(-77)	|	10	
6434	40	ok	|	1.00	0.55	0.55	45.45	0.00	0	|	rapi	0.00	0.00	0	|	-77.0	45.45(-77)		|	10	
6434	41	ok	|	1.00	0.48	0.48	52.20	0.00	0	|	rapi	0.00	0.00	0	|	-77.0	52.20(-77)		|	10	
6434	42	ok	|	1.00	0.39	0.39	60.98	0.00	0	|	rapi	0.00	0.00	0	|	-77.0	60.98(-77)	0.00(-77)	|	10	
6434	43	ok	|	1.00	0.29	0.29	70.68	0.00	0	|	rapi	0.00	0.00	0	|	-77.0	70.68(-77)	0.00(-77)	|	10	
6434	44	ok	|	1.00	0.19	0.19	81.03	0.00	0	|	rapi	0.00	0.00	0	|	-77.0	81.03(-77)	0.00(-77)	|	10	
6434	45	ok	|	1.00	0.11	0.11	90.50	0.00	0	|	rapi	0.01	0.01	0	|	-77.0	90.50(-77)	0.01(-77)	|	10	
6434	46	fail-w	|	1.00	0.05	0.05	98.14	0.00	0	|	rapi	0.01	0.01	0	|	-77.0	98.14(-77)	0.01(-77)	|	10	
