6480	0	ok	|	0.10	1.00	1.00	0.10	0.00	0	|	rapi	0.00	0.00	0	|	-43.0	0.10(-43)		|	3	
6480	1	ok	|	0.10	1.00	1.00	0.11	0.00	0	|	rapi	0.00	0.00	0	|	-43.0	0.11(-43)		|	3	
6480	2	ok	|	0.11	1.00	1.00	0.13	0.00	0	|	rapi	0.00	0.00	0	|	-43.0	0.13(-43)		|	3	
6480	3	ok	|	0.10	1.00	1.00	0.13	0.00	0	|	rapi	0.00	0.00	0	|	-43.0	0.13(-43)		|	3	
6480	4	ok	|	0.15	1.00	1.00	0.21	0.00	0	|	rapi	0.00	0.00	0	|	-43.0	0.21(-43)		|	3	
6480	5	ok	|	0.16	1.00	1.00	0.22	0.00	0	|	rapi	0.00	0.00	0	|	-43.0	0.22(-43)		|	3	
6480	6	ok	|	0.16	1.00	1.00	0.23	0.00	0	|	rapi	0.00	0.00	0	|	-43.0	0.23(-43)		|	3	
6480	7	ok	|	0.17	1.00	1.00	0.24	0.00	0	|	rapi	0.00	0.00	0	|	-43.0	0.24(-43)		|	3	
6480	8	ok	|	0.21	1.00	1.00	0.30	0.00	0	|	rapi	0.00	0.00	0	|	-43.0	0.30(-43)		|	3	
6480	9	ok	|	0.24	1.00	1.00	0.35	0.00	0	|	rapi	0.00	0.00	0	|	-43.0	0.35(-43)		|	3	
6480	10	ok	|	0.28	1.00	1.00	0.42	0.00	0	|	rapi	0.00	0.00	0	|	-43.0	0.42(-43)		|	3	
6480	11	ok	|	0.33	0.99	0.99	0.52	0.00	0	|	rapi	0.00	0.00	0	|	-43.0	0.52(-43)		|	3	
6480	12	ok	|	0.39	0.99	0.99	0.67	0.00	0	|	rapi	0.00	0.00	0	|	-43.0	0.67(-43)		|	3	
6480	13	ok	|	0.44	0.99	0.99	0.80	0.00	0	|	rapi	0.00	0.00	0	|	-43.0	0.80(-43)		|	3	
6480	14	ok	|	0.48	0.99	0.99	0.88	0.00	0	|	rapi	0.00	0.00	0	|	-43.0	0.88(-43)		|	3	
6480	15	ok	|	0.53	0.99	0.99	0.98	0.00	0	|	rapi	0.00	0.00	0	|	-43.0	0.98(-43)		|	3	
6480	16	ok	|	0.62	0.99	0.99	1.23	0.00	0	|	rapi	0.00	0.00	0	|	-43.0	1.23(-43)		|	3	
6480	17	ok	|	0.67	0.99	0.99	1.46	0.00	0	|	rapi	0.00	0.00	0	|	-43.0	1.46(-43)		|	3	
6480	18	ok	|	0.73	0.98	0.98	1.72	0.00	0	|	rapi	0.00	0.00	0	|	-43.0	1.72(-43)		|	3	
6480	19	ok	|	0.77	0.98	0.98	2.03	0.00	0	|	rapi	0.00	0.00	0	|	-43.0	2.03(-43)		|	3	
6480	20	ok	|	0.85	0.98	0.98	2.43	0.00	0	|	rapi	0.00	0.00	0	|	-43.0	2.43(-43)		|	3	
6480	21	ok	|	0.89	0.97	0.97	2.87	0.00	0	|	rapi	0.00	0.00	0	|	-43.0	2.87(-43)		|	3	
6480	22	ok	|	0.92	0.97	0.97	3.38	0.00	0	|	rapi	0.00	0.00	0	|	-43.0	3.38(-43)		|	3	
6480	23	ok	|	0.95	0.96	0.96	4.05	0.00	0	|	rapi	0.00	0.00	0	|	-43.0	4.05(-43)		|	3	
6480	24	ok	|	0.97	0.95	0.95	4.73	0.00	0	|	rapi	0.00	0.00	0	|	-43.0	4.73(-43)		|	3	
6480	25	ok	|	0.98	0.95	0.95	5.37	0.00	0	|	rapi	0.00	0.00	0	|	-43.0	5.37(-43)		|	3	
6480	26	ok	|	0.99	0.94	0.94	6.32	0.00	0	|	rapi	0.00	0.00	0	|	-43.0	6.32(-43)		|	3	
6480	27	ok	|	1.00	0.93	0.93	7.37	0.00	0	|	rapi	0.00	0.00	0	|	-43.0	7.37(-43)		|	3	
6480	28	ok	|	1.00	0.91	0.91	8.71	0.00	0	|	rapi	0.00	0.00	0	|	-43.0	8.71(-43)		|	3	
6480	29	ok	|	1.00	0.90	0.90	10.36	0.00	0	|	rapi	0.00	0.00	0	|	-43.0	10.36(-43)		|	3	
6480	30	ok	|	1.00	0.88	0.88	12.10	0.00	0	|	rapi	0.00	0.00	0	|	-43.0	12.10(-43)		|	3	
6480	31	ok	|	1.00	0.86	0.86	14.11	0.00	0	|	rapi	0.00	0.00	0	|	-43.0	14.11(-43)		|	3	
6480	32	ok	|	1.00	0.84	0.84	16.42	0.00	0	|	rapi	0.00	0.00	0	|	-43.0	16.42(-43)		|	3	
6480	33	ok	|	1.00	0.81	0.81	19.12	0.00	0	|	rapi	0.00	0.00	0	|	-43.0	19.12(-43)		|	3	
6480	34	ok	|	1.00	0.78	0.78	22.26	0.00	0	|	rapi	0.00	0.00	0	|	-43.0	22.26(-43)		|	3	
6480	35	ok	|	1.00	0.74	0.74	26.16	0.00	0	|	rapi	0.00	0.00	0	|	-43.0	26.16(-43)		|	3	
6480	36	ok	|	1.00	0.69	0.69	30.93	0.00	0	|	rapi	0.00	0.00	0	|	-43.0	30.93(-43)	0.00(-43)	|	3	
6480	37	ok	|	1.00	0.64	0.64	36.36	0.00	0	|	rapi	0.00	0.00	0	|	-43.0	36.36(-43)	0.00(-43)	|	3	
6480	38	ok	|	1.00	0.57	0.57	42.68	0.00	0	|	rapi	0.00	0.00	0	|	-43.0	42.68(-43)		|	3	
6480	39	ok	|	1.00	0.50	0.50	50.30	0.00	0	|	rapi	0.00	0.00	0	|	-43.0	50.30(-43)	0.00(-43)	|	3	
6480	40	ok	|	1.00	0.42	0.42	58.24	0.00	0	|	rapi	0.00	0.00	0	|	-43.0	58.24(-43)		|	3	
6480	41	ok	|	1.00	0.33	0.33	67.41	0.00	0	|	rapi	0.00	0.00	0	|	-43.0	67.41(-43)		|	3	
6480	42	ok	|	1.00	0.23	0.23	77.01	0.00	0	|	rapi	0.00	0.00	0	|	-43.0	77.01(-43)	0.00(-43)	|	3	
6480	43	ok	|	1.00	0.14	0.14	87.09	0.00	0	|	rapi	0.01	0.01	0	|	-43.0	87.09(-43)	0.01(-43)	|	3	
6480	44	fail-w	|	1.00	0.08	0.08	94.49	0.00	0	|	rapi	0.01	0.01	0	|	-43.0	94.49(-43)	0.01(-43)	|	3	
