6557	0	ok	|	0.10	1.00	1.00	0.10	0.00	0	|	rapi	0.00	0.00	0	|	16.0	0.10(16)		|	1	
6557	1	ok	|	0.12	1.00	1.00	0.13	0.00	0	|	rapi	0.00	0.00	0	|	16.0	0.13(16)		|	1	
6557	2	ok	|	0.13	1.00	1.00	0.17	0.00	0	|	rapi	0.00	0.00	0	|	16.0	0.17(16)		|	1	
6557	3	ok	|	0.14	1.00	1.00	0.18	0.00	0	|	rapi	0.00	0.00	0	|	16.0	0.18(16)		|	1	
6557	4	ok	|	0.16	1.00	1.00	0.20	0.00	0	|	rapi	0.00	0.00	0	|	16.0	0.20(16)		|	1	
6557	5	ok	|	0.18	1.00	1.00	0.25	0.00	0	|	rapi	0.00	0.00	0	|	16.0	0.25(16)		|	1	
6557	6	ok	|	0.20	1.00	1.00	0.29	0.00	0	|	rapi	0.00	0.00	0	|	16.0	0.29(16)		|	1	
6557	7	ok	|	0.24	1.00	1.00	0.36	0.00	0	|	rapi	0.00	0.00	0	|	16.0	0.36(16)		|	1	
6557	8	ok	|	0.29	1.00	1.00	0.46	0.00	0	|	rapi	0.00	0.00	0	|	16.0	0.46(16)		|	1	
6557	9	ok	|	0.31	0.99	0.99	0.51	0.00	0	|	rapi	0.00	0.00	0	|	16.0	0.51(16)		|	1	
6557	10	ok	|	0.38	0.99	0.99	0.63	0.00	0	|	rapi	0.00	0.00	0	|	16.0	0.63(16)		|	1	
6557	11	ok	|	0.44	0.99	0.99	0.73	0.00	0	|	rapi	0.00	0.00	0	|	16.0	0.73(16)		|	1	
6557	12	ok	|	0.49	0.99	0.99	0.87	0.00	0	|	rapi	0.00	0.00	0	|	16.0	0.87(16)		|	1	
6557	13	ok	|	0.56	0.99	0.99	1.06	0.00	0	|	rapi	0.00	0.00	0	|	16.0	1.06(16)		|	1	
6557	14	ok	|	0.61	0.99	0.99	1.24	0.00	0	|	rapi	0.00	0.00	0	|	16.0	1.24(16)		|	1	
6557	15	ok	|	0.68	0.99	0.99	1.40	0.00	0	|	rapi	0.00	0.00	0	|	16.0	1.40(16)		|	1	
6557	16	ok	|	0.72	0.98	0.98	1.65	0.00	0	|	rapi	0.00	0.00	0	|	16.0	1.65(16)		|	1	
6557	17	ok	|	0.78	0.98	0.98	2.01	0.00	0	|	rapi	0.00	0.00	0	|	16.0	2.01(16)		|	1	
6557	18	ok	|	0.84	0.98	0.98	2.46	0.00	0	|	rapi	0.00	0.00	0	|	16.0	2.46(16)		|	1	
6557	19	ok	|	0.89	0.97	0.97	2.87	0.00	0	|	rapi	0.00	0.00	0	|	16.0	2.87(16)		|	1	
6557	20	ok	|	0.92	0.97	0.97	3.37	0.00	0	|	rapi	0.00	0.00	0	|	16.0	3.37(16)		|	1	
6557	21	ok	|	0.95	0.96	0.96	4.00	0.00	0	|	rapi	0.00	0.00	0	|	16.0	4.00(16)		|	1	
6557	22	ok	|	0.97	0.95	0.95	4.84	0.00	0	|	rapi	0.00	0.00	0	|	16.0	4.84(16)		|	1	
6557	23	ok	|	0.99	0.94	0.94	5.78	0.00	0	|	rapi	0.00	0.00	0	|	16.0	5.78(16)		|	1	
6557	24	ok	|	0.99	0.93	0.93	7.01	0.00	0	|	rapi	0.00	0.00	0	|	16.0	7.01(16)	0.00(16)	|	1	
6557	25	ok	|	1.00	0.92	0.92	8.47	0.00	0	|	rapi	0.00	0.00	0	|	16.0	8.47(16)	0.00(16)	|	1	
6557	26	ok	|	1.00	0.90	0.90	9.94	0.00	0	|	rapi	0.00	0.00	0	|	16.0	9.94(16)	0.00(16)	|	1	
6557	27	ok	|	1.00	0.88	0.88	11.70	0.00	0	|	rapi	0.00	0.00	0	|	16.0	11.70(16)		|	1	
6557	28	ok	|	1.00	0.86	0.86	13.90	0.00	0	|	rapi	0.00	0.00	0	|	16.0	13.90(16)		|	1	
6557	29	ok	|	1.00	0.84	0.84	16.50	0.00	0	|	rapi	0.00	0.00	0	|	16.0	16.50(16)		|	1	
6557	30	ok	|	1.00	0.81	0.81	19.19	0.00	0	|	rapi	0.00	0.00	0	|	16.0	19.19(16)		|	1	
6557	31	ok	|	1.00	0.78	0.78	22.36	0.00	0	|	rapi	0.00	0.00	0	|	16.0	22.36(16)		|	1	
6557	32	ok	|	1.00	0.74	0.74	25.69	0.00	0	|	rapi	0.00	0.00	0	|	16.0	25.69(16)	0.00(16)	|	1	
6557	33	ok	|	1.00	0.69	0.69	30.52	0.00	0	|	rapi	0.00	0.00	0	|	16.0	30.52(16)		|	1	
6557	34	ok	|	1.00	0.64	0.64	35.96	0.00	0	|	rapi	0.00	0.00	0	|	16.0	35.96(16)	0.00(16)	|	1	
6557	35	ok	|	1.00	0.58	0.58	42.30	0.00	0	|	rapi	0.00	0.00	0	|	16.0	42.30(16)	0.00(16)	|	1	
6557	36	ok	|	1.00	0.51	0.51	48.77	0.00	0	|	rapi	0.00	0.00	0	|	16.0	48.77(16)	0.00(16)	|	1	
6557	37	ok	|	1.00	0.43	0.43	56.54	0.00	0	|	rapi	0.01	0.01	0	|	16.0	56.54(16)	0.01(16)	|	1	
6557	38	ok	|	1.00	0.34	0.34	65.92	0.00	0	|	rapi	0.01	0.01	0	|	16.0	65.92(16)	0.01(16)	|	1	
6557	39	ok	|	1.00	0.24	0.24	75.82	0.00	0	|	rapi	0.01	0.01	0	|	16.0	75.82(16)	0.01(16)	|	1	
6557	40	ok	|	1.00	0.15	0.15	85.06	0.00	0	|	rapi	0.01	0.01	0	|	16.0	85.06(16)	0.01(16)	|	1	
6557	41	fail-w	|	1.00	0.08	0.08	94.01	0.00	0	|	rapi	0.02	0.02	0	|	16.0	94.01(16)	0.02(16)	|	1	
