6609	0	ok	|	0.10	1.00	1.00	0.10	0.00	0	|	rapi	0.00	0.00	0	|	15.0	0.10(15)		|	2	
6609	1	ok	|	0.12	1.00	1.00	0.14	0.00	0	|	rapi	0.00	0.00	0	|	15.0	0.14(15)		|	2	
6609	2	ok	|	0.11	1.00	1.00	0.14	0.00	0	|	rapi	0.00	0.00	0	|	15.0	0.14(15)		|	2	
6609	3	ok	|	0.13	1.00	1.00	0.16	0.00	0	|	rapi	0.00	0.00	0	|	15.0	0.16(15)		|	2	
6609	4	ok	|	0.14	1.00	1.00	0.19	0.00	0	|	rapi	0.00	0.00	0	|	15.0	0.19(15)		|	2	
6609	5	ok	|	0.16	1.00	1.00	0.25	0.00	0	|	rapi	0.00	0.00	0	|	15.0	0.25(15)		|	2	
6609	6	ok	|	0.20	1.00	1.00	0.31	0.00	0	|	rapi	0.00	0.00	0	|	15.0	0.31(15)		|	2	
6609	7	ok	|	0.21	1.00	1.00	0.35	0.00	0	|	rapi	0.00	0.00	0	|	15.0	0.35(15)		|	2	
6609	8	ok	|	0.26	1.00	1.00	0.42	0.00	0	|	rapi	0.00	0.00	0	|	15.0	0.42(15)		|	2	
6609	9	ok	|	0.33	0.99	0.99	0.57	0.00	0	|	rapi	0.00	0.00	0	|	15.0	0.57(15)		|	2	
6609	10	ok	|	0.39	0.99	0.99	0.69	0.00	0	|	rapi	0.00	0.00	0	|	15.0	0.69(15)		|	2	
6609	11	ok	|	0.44	0.99	0.99	0.79	0.00	0	|	rapi	0.00	0.00	0	|	15.0	0.79(15)		|	2	
6609	12	ok	|	0.50	0.99	0.99	0.94	0.00	0	|	rapi	0.00	0.00	0	|	15.0	0.94(15)		|	2	
6609	13	ok	|	0.55	0.99	0.99	1.07	0.00	0	|	rapi	0.00	0.00	0	|	15.0	1.07(15)		|	2	
6609	14	ok	|	0.63	0.99	0.99	1.32	0.00	0	|	rapi	0.00	0.00	0	|	15.0	1.32(15)		|	2	
6609	15	ok	|	0.64	0.99	0.99	1.42	0.00	0	|	rapi	0.00	0.00	0	|	15.0	1.42(15)		|	2	
6609	16	ok	|	0.69	0.98	0.98	1.64	0.00	0	|	rapi	0.00	0.00	0	|	15.0	1.64(15)		|	2	
6609	17	ok	|	0.74	0.98	0.98	1.83	0.00	0	|	rapi	0.00	0.00	0	|	15.0	1.83(15)		|	2	
6609	18	ok	|	0.80	0.98	0.98	2.19	0.00	0	|	rapi	0.00	0.00	0	|	15.0	2.19(15)		|	2	
6609	19	ok	|	0.85	0.97	0.97	2.57	0.00	0	|	rapi	0.00	0.00	0	|	15.0	2.57(15)		|	2	
6609	20	ok	|	0.90	0.97	0.97	3.13	0.00	0	|	rapi	0.00	0.00	0	|	15.0	3.13(15)		|	2	
6609	21	ok	|	0.95	0.96	0.96	3.64	0.00	0	|	rapi	0.00	0.00	0	|	15.0	3.64(15)		|	2	
6609	22	ok	|	0.96	0.96	0.96	4.20	0.00	0	|	rapi	0.00	0.00	0	|	15.0	4.20(15)		|	2	
6609	23	ok	|	0.98	0.95	0.95	4.94	0.00	0	|	rapi	0.00	0.00	0	|	15.0	4.94(15)		|	2	
6609	24	ok	|	1.00	0.94	0.94	5.83	0.00	0	|	rapi	0.00	0.00	0	|	15.0	5.83(15)	0.00(15)	|	2	
6609	25	ok	|	0.99	0.93	0.93	7.00	0.00	0	|	rapi	0.00	0.00	0	|	15.0	7.00(15)	0.00(15)	|	2	
6609	26	ok	|	1.00	0.92	0.92	8.29	0.00	0	|	rapi	0.00	0.00	0	|	15.0	8.29(15)	0.00(15)	|	2	
6609	27	ok	|	1.00	0.90	0.90	9.88	0.00	0	|	rapi	0.00	0.00	0	|	15.0	9.88(15)	0.00(15)	|	2	
6609	28	ok	|	1.00	0.88	0.88	11.81	0.00	0	|	rapi	0.00	0.00	0	|	15.0	11.81(15)	0.00(15)	|	2	
6609	29	ok	|	1.00	0.86	0.86	13.83	0.00	0	|	rapi	0.00	0.00	0	|	15.0	13.83(15)		|	2	
6609	30	ok	|	1.00	0.84	0.84	16.13	0.00	0	|	rapi	0.00	0.00	0	|	15.0	16.13(15)	0.00(15)	|	2	
6609	31	ok	|	1.00	0.81	0.81	19.18	0.00	0	|	rapi	0.01	0.01	0	|	15.0	19.18(15)	0.01(15)	|	2	
6609	32	ok	|	1.00	0.77	0.77	22.71	0.00	0	|	rapi	0.01	0.01	0	|	15.0	22.71(15)	0.01(15)	|	2	
6609	33	ok	|	1.00	0.73	0.73	26.79	0.00	0	|	rapi	0.01	0.01	0	|	15.0	26.79(15)	0.01(15)	|	2	
6609	34	ok	|	1.00	0.68	0.68	31.61	0.00	0	|	rapi	0.01	0.01	0	|	15.0	31.61(15)	0.01(15)	|	2	
6609	35	ok	|	1.00	0.63	0.63	36.82	0.00	0	|	rapi	0.01	0.01	0	|	15.0	36.82(15)	0.01(15)	|	2	
6609	36	ok	|	1.00	0.57	0.57	43.02	0.00	0	|	rapi	0.01	0.01	0	|	15.0	43.02(15)	0.01(15)	|	2	
6609	37	ok	|	1.00	0.50	0.50	49.97	0.00	0	|	rapi	0.01	0.01	0	|	15.0	49.97(15)	0.01(15)	|	2	
6609	38	ok	|	1.00	0.42	0.42	58.02	0.00	0	|	rapi	0.01	0.01	0	|	15.0	58.02(15)	0.01(15)	|	2	
6609	39	ok	|	1.00	0.33	0.33	66.67	0.00	0	|	rapi	0.02	0.02	0	|	15.0	66.67(15)	0.02(15)	|	2	
6609	40	ok	|	1.00	0.24	0.24	76.12	0.00	0	|	rapi	0.02	0.02	0	|	15.0	76.12(15)	0.02(15)	|	2	
6609	41	ok	|	1.00	0.16	0.16	85.03	0.00	0	|	rapi	0.03	0.03	0	|	15.0	85.03(15)	0.03(15)	|	2	
6609	42	ok	|	1.00	0.10	0.10	91.67	0.00	0	|	rapi	0.06	0.06	0	|	15.0	91.67(15)	0.06(15)	|	2	
6609	43	fail-w	|	1.00	0.07	0.07	96.00	0.00	0	|	rapi	0.11	0.11	0	|	15.0	96.00(15)	0.11(15)	|	2	
