6678	0	ok	|	0.10	1.00	1.00	0.10	0.00	0	|	rapi	0.00	0.00	0	|	-45.0	0.10(-45)		|	2	
6678	1	ok	|	0.10	1.00	1.00	0.11	0.00	0	|	rapi	0.00	0.00	0	|	-45.0	0.11(-45)		|	2	
6678	2	ok	|	0.10	1.00	1.00	0.12	0.00	0	|	rapi	0.00	0.00	0	|	-45.0	0.12(-45)		|	2	
6678	3	ok	|	0.12	1.00	1.00	0.15	0.00	0	|	rapi	0.00	0.00	0	|	-45.0	0.15(-45)		|	2	
6678	4	ok	|	0.12	1.00	1.00	0.15	0.00	0	|	rapi	0.00	0.00	0	|	-45.0	0.15(-45)		|	2	
6678	5	ok	|	0.13	1.00	1.00	0.17	0.00	0	|	rapi	0.00	0.00	0	|	-45.0	0.17(-45)		|	2	
6678	6	ok	|	0.15	1.00	1.00	0.21	0.00	0	|	rapi	0.00	0.00	0	|	-45.0	0.21(-45)		|	2	
6678	7	ok	|	0.17	1.00	1.00	0.23	0.00	0	|	rapi	0.00	0.00	0	|	-45.0	0.23(-45)		|	2	
6678	8	ok	|	0.20	1.00	1.00	0.28	0.00	0	|	rapi	0.00	0.00	0	|	-45.0	0.28(-45)		|	2	
6678	9	ok	|	0.21	1.00	1.00	0.30	0.00	0	|	rapi	0.00	0.00	0	|	-45.0	0.30(-45)		|	2	
6678	10	ok	|	0.25	1.00	1.00	0.36	0.00	0	|	rapi	0.00	0.00	0	|	-45.0	0.36(-45)		|	2	
6678	11	ok	|	0.27	1.00	1.00	0.39	0.00	0	|	rapi	0.00	0.00	0	|	-45.0	0.39(-45)		|	2	
6678	12	ok	|	0.31	1.00	1.00	0.46	0.00	0	|	rapi	0.00	0.00	0	|	-45.0	0.46(-45)		|	2	
6678	13	ok	|	0.34	0.99	0.99	0.54	0.00	0	|	rapi	0.00	0.00	0	|	-45.0	0.54(-45)		|	2	
6678	14	ok	|	0.40	0.99	0.99	0.68	0.00	0	|	rapi	0.00	0.00	0	|	-45.0	0.68(-45)		|	2	
6678	15	ok	|	0.46	0.99	0.99	0.76	0.00	0	|	rapi	0.00	0.00	0	|	-45.0	0.76(-45)		|	2	
6678	16	ok	|	0.51	0.99	0.99	0.89	0.00	0	|	rapi	0.00	0.00	0	|	-45.0	0.89(-45)		|	2	
6678	17	ok	|	0.56	0.99	0.99	1.02	0.00	0	|	rapi	0.00	0.00	0	|	-45.0	1.02(-45)		|	2	
6678	18	ok	|	0.63	0.99	0.99	1.24	0.00	0	|	rapi	0.00	0.00	0	|	-45.0	1.24(-45)		|	2	
6678	19	ok	|	0.69	0.99	0.99	1.43	0.00	0	|	rapi	0.00	0.00	0	|	-45.0	1.43(-45)		|	2	
6678	20	ok	|	0.73	0.98	0.98	1.67	0.00	0	|	rapi	0.00	0.00	0	|	-45.0	1.67(-45)		|	2	
6678	21	ok	|	0.76	0.98	0.98	2.01	0.00	0	|	rapi	0.00	0.00	0	|	-45.0	2.01(-45)		|	2	
6678	22	ok	|	0.82	0.98	0.98	2.40	0.00	0	|	rapi	0.00	0.00	0	|	-45.0	2.40(-45)		|	2	
6678	23	ok	|	0.86	0.97	0.97	2.85	0.00	0	|	rapi	0.00	0.00	0	|	-45.0	2.85(-45)		|	2	
6678	24	ok	|	0.92	0.97	0.97	3.36	0.00	0	|	rapi	0.00	0.00	0	|	-45.0	3.36(-45)		|	2	
6678	25	ok	|	0.96	0.96	0.96	4.03	0.00	0	|	rapi	0.00	0.00	0	|	-45.0	4.03(-45)		|	2	
6678	26	ok	|	0.98	0.95	0.95	4.91	0.00	0	|	rapi	0.00	0.00	0	|	-45.0	4.91(-45)		|	2	
6678	27	ok	|	0.99	0.94	0.94	5.79	0.00	0	|	rapi	0.00	0.00	0	|	-45.0	5.79(-45)		|	2	
6678	28	ok	|	0.99	0.93	0.93	6.73	0.00	0	|	rapi	0.00	0.00	0	|	-45.0	6.73(-45)		|	2	
6678	29	ok	|	1.00	0.92	0.92	7.99	0.00	0	|	rapi	0.00	0.00	0	|	-45.0	7.99(-45)		|	2	
6678	30	ok	|	1.00	0.91	0.91	9.45	0.00	0	|	rapi	0.00	0.00	0	|	-45.0	9.45(-45)	0.00(-45)	|	2	
6678	31	ok	|	1.00	0.89	0.89	11.17	0.00	0	|	rapi	0.00	0.00	0	|	-45.0	11.17(-45)	0.00(-45)	|	2	
6678	32	ok	|	1.00	0.87	0.87	13.08	0.00	0	|	rapi	0.00	0.00	0	|	-45.0	13.08(-45)	0.00(-45)	|	2	
6678	33	ok	|	1.00	0.84	0.84	15.62	0.00	0	|	rapi	0.00	0.00	0	|	-45.0	15.62(-45)	0.00(-45)	|	2	
6678	34	ok	|	1.00	0.82	0.82	18.50	0.00	0	|	rapi	0.00	0.00	0	|	-45.0	18.50(-45)	0.00(-45)	|	2	
6678	35	ok	|	1.00	0.78	0.78	21.88	0.00	0	|	rapi	0.00	0.00	0	|	-45.0	21.88(-45)	0.00(-45)	|	2	
6678	36	ok	|	1.00	0.75	0.75	25.50	0.00	0	|	rapi	0.00	0.00	0	|	-45.0	25.50(-45)	0.00(-45)	|	2	
6678	37	ok	|	1.00	0.70	0.70	29.89	0.00	0	|	rapi	0.00	0.00	0	|	-45.0	29.89(-45)	0.00(-45)	|	2	
6678	38	ok	|	1.00	0.65	0.65	35.05	0.00	0	|	rapi	0.00	0.00	0	|	-45.0	35.05(-45)	0.00(-45)	|	2	
6678	39	ok	|	1.00	0.59	0.59	41.16	0.00	0	|	rapi	0.01	0.01	0	|	-45.0	41.16(-45)	0.01(-45)	|	2	
6678	40	ok	|	1.00	0.52	0.52	48.37	0.00	0	|	rapi	0.01	0.01	0	|	-45.0	48.37(-45)	0.01(-45)	|	2	
6678	41	ok	|	1.00	0.44	0.44	55.74	0.00	0	|	rapi	0.01	0.01	0	|	-45.0	55.74(-45)	0.01(-45)	|	2	
6678	42	ok	|	1.00	0.36	0.36	64.04	0.00	0	|	rapi	0.01	0.01	0	|	-45.0	64.04(-45)	0.01(-45)	|	2	
6678	43	ok	|	1.00	0.27	0.27	73.35	0.00	0	|	rapi	0.02	0.02	0	|	-45.0	73.35(-45)	0.02(-45)	|	2	
6678	44	ok	|	1.00	0.17	0.17	82.95	0.00	0	|	rapi	0.03	0.03	0	|	-45.0	82.95(-45)	0.03(-45)	|	2	
6678	45	ok	|	1.00	0.10	0.10	90.98	0.00	0	|	rapi	0.05	0.05	0	|	-45.0	90.98(-45)	0.05(-45)	|	2	
6678	46	fail-w	|	1.00	0.07	0.07	96.63	0.00	0	|	rapi	0.09	0.09	0	|	-45.0	96.63(-45)	0.09(-45)	|	2	
