670	0	ok	|	0.10	1.00	1.00	0.10	0.00	0	|	rapi	0.00	0.00	0	|	-65.0	0.10(-65)		|	1	
670	1	ok	|	0.09	1.00	1.00	0.11	0.00	0	|	rapi	0.00	0.00	0	|	-65.0	0.11(-65)		|	1	
670	2	ok	|	0.11	1.00	1.00	0.13	0.00	0	|	rapi	0.00	0.00	0	|	-65.0	0.13(-65)		|	1	
670	3	ok	|	0.12	1.00	1.00	0.15	0.00	0	|	rapi	0.00	0.00	0	|	-65.0	0.15(-65)		|	1	
670	4	ok	|	0.14	1.00	1.00	0.18	0.00	0	|	rapi	0.00	0.00	0	|	-65.0	0.18(-65)		|	1	
670	5	ok	|	0.16	1.00	1.00	0.20	0.00	0	|	rapi	0.00	0.00	0	|	-65.0	0.20(-65)		|	1	
670	6	ok	|	0.16	1.00	1.00	0.22	0.00	0	|	rapi	0.00	0.00	0	|	-65.0	0.22(-65)		|	1	
670	7	ok	|	0.18	1.00	1.00	0.25	0.00	0	|	rapi	0.00	0.00	0	|	-65.0	0.25(-65)		|	1	
670	8	ok	|	0.22	1.00	1.00	0.32	0.00	0	|	rapi	0.00	0.00	0	|	-65.0	0.32(-65)		|	1	
670	9	ok	|	0.22	1.00	1.00	0.35	0.00	0	|	rapi	0.00	0.00	0	|	-65.0	0.35(-65)		|	1	
670	10	ok	|	0.25	1.00	1.00	0.38	0.00	0	|	rapi	0.00	0.00	0	|	-65.0	0.38(-65)		|	1	
670	11	ok	|	0.30	1.00	1.00	0.47	0.00	0	|	rapi	0.00	0.00	0	|	-65.0	0.47(-65)		|	1	
670	12	ok	|	0.34	0.99	0.99	0.54	0.00	0	|	rapi	0.00	0.00	0	|	-65.0	0.54(-65)		|	1	
670	13	ok	|	0.39	0.99	0.99	0.64	0.00	0	|	rapi	0.00	0.00	0	|	-65.0	0.64(-65)		|	1	
670	14	ok	|	0.45	0.99	0.99	0.77	0.00	0	|	rapi	0.00	0.00	0	|	-65.0	0.77(-65)		|	1	
670	15	ok	|	0.50	0.99	0.99	0.95	0.00	0	|	rapi	0.00	0.00	0	|	-65.0	0.95(-65)		|	1	
670	16	ok	|	0.60	0.99	0.99	1.15	0.00	0	|	rapi	0.00	0.00	0	|	-65.0	1.15(-65)		|	1	
670	17	ok	|	0.66	0.99	0.99	1.33	0.00	0	|	rapi	0.00	0.00	0	|	-65.0	1.33(-65)		|	1	
670	18	ok	|	0.71	0.98	0.98	1.58	0.00	0	|	rapi	0.00	0.00	0	|	-65.0	1.58(-65)		|	1	
670	19	ok	|	0.78	0.98	0.98	1.90	0.00	0	|	rapi	0.00	0.00	0	|	-65.0	1.90(-65)		|	1	
670	20	ok	|	0.83	0.98	0.98	2.30	0.00	0	|	rapi	0.00	0.00	0	|	-65.0	2.30(-65)		|	1	
670	21	ok	|	0.85	0.97	0.97	2.69	0.00	0	|	rapi	0.00	0.00	0	|	-65.0	2.69(-65)		|	1	
670	22	ok	|	0.91	0.97	0.97	3.21	0.00	0	|	rapi	0.00	0.00	0	|	-65.0	3.21(-65)		|	1	
670	23	ok	|	0.94	0.96	0.96	3.71	0.00	0	|	rapi	0.00	0.00	0	|	-65.0	3.71(-65)		|	1	
670	24	ok	|	0.96	0.96	0.96	4.40	0.00	0	|	rapi	0.00	0.00	0	|	-65.0	4.40(-65)	0.00(-65)	|	1	
670	25	ok	|	0.98	0.95	0.95	5.21	0.00	0	|	rapi	0.00	0.00	0	|	-65.0	5.21(-65)	0.00(-65)	|	1	
670	26	ok	|	0.99	0.94	0.94	6.30	0.00	0	|	rapi	0.00	0.00	0	|	-65.0	6.30(-65)	0.00(-65)	|	1	
670	27	ok	|	0.99	0.93	0.93	7.48	0.00	0	|	rapi	0.00	0.00	0	|	-65.0	7.48(-65)		|	1	
670	28	ok	|	1.00	0.91	0.91	8.66	0.00	0	|	rapi	0.00	0.00	0	|	-65.0	8.66(-65)		|	1	
670	29	ok	|	1.00	0.90	0.90	10.24	0.00	0	|	rapi	0.00	0.00	0	|	-65.0	10.24(-65)		|	1	
670	30	ok	|	1.00	0.88	0.88	11.83	0.00	0	|	rapi	0.00	0.00	0	|	-65.0	11.83(-65)		|	1	
670	31	ok	|	1.00	0.86	0.86	13.89	0.00	0	|	rapi	0.00	0.00	0	|	-65.0	13.89(-65)		|	1	
670	32	ok	|	1.00	0.84	0.84	16.23	0.00	0	|	rapi	0.00	0.00	0	|	-65.0	16.23(-65)		|	1	
670	33	ok	|	1.00	0.81	0.81	19.03	0.00	0	|	rapi	0.00	0.00	0	|	-65.0	19.03(-65)	0.00(-65)	|	1	
670	34	ok	|	1.00	0.78	0.78	22.20	0.00	0	|	rapi	0.00	0.00	0	|	-65.0	22.20(-65)		|	1	
670	35	ok	|	1.00	0.74	0.74	25.90	0.00	0	|	rapi	0.00	0.00	0	|	-65.0	25.90(-65)		|	1	
670	36	ok	|	1.00	0.69	0.69	30.75	0.00	0	|	rapi	0.00	0.00	0	|	-65.0	30.75(-65)	0.00(-65)	|	1	
670	37	ok	|	1.00	0.64	0.64	36.06	0.00	0	|	rapi	0.00	0.00	0	|	-65.0	36.06(-65)	0.00(-65)	|	1	
670	38	ok	|	1.00	0.58	0.58	42.33	0.00	0	|	rapi	0.01	0.01	0	|	-65.0	42.33(-65)	0.01(-65)	|	1	
670	39	ok	|	1.00	0.51	0.51	49.15	0.00	0	|	rapi	0.00	0.00	0	|	-65.0	49.15(-65)	0.00(-65)	|	1	
670	40	ok	|	1.00	0.43	0.43	57.04	0.00	0	|	rapi	0.00	0.00	0	|	-65.0	57.04(-65)	0.00(-65)	|	1	
670	41	ok	|	1.00	0.34	0.34	65.94	0.00	0	|	rapi	0.00	0.00	0	|	-65.0	65.94(-65)	0.00(-65)	|	1	
670	42	ok	|	1.00	0.24	0.24	76.18	0.00	0	|	rapi	0.01	0.01	0	|	-65.0	76.18(-65)	0.01(-65)	|	1	
670	43	ok	|	1.00	0.14	0.14	86.36	0.00	0	|	rapi	0.01	0.01	0	|	-65.0	86.36(-65)	0.01(-65)	|	1	
670	44	fail-w	|	1.00	0.08	0.08	94.07	0.00	0	|	rapi	0.01	0.01	0	|	-65.0	94.07(-65)	0.01(-65)	|	1	
