6821	0	ok	|	0.10	1.00	1.00	0.10	0.00	0	|	rapi	0.00	0.00	0	|	-56.0	0.10(-56)		|	1	
6821	1	ok	|	0.10	1.00	1.00	0.12	0.00	0	|	rapi	0.00	0.00	0	|	-56.0	0.12(-56)		|	1	
6821	2	ok	|	0.10	1.00	1.00	0.13	0.00	0	|	rapi	0.00	0.00	0	|	-56.0	0.13(-56)		|	1	
6821	3	ok	|	0.12	1.00	1.00	0.15	0.00	0	|	rapi	0.00	0.00	0	|	-56.0	0.15(-56)		|	1	
6821	4	ok	|	0.15	1.00	1.00	0.21	0.00	0	|	rapi	0.00	0.00	0	|	-56.0	0.21(-56)		|	1	
6821	5	ok	|	0.17	1.00	1.00	0.24	0.00	0	|	rapi	0.00	0.00	0	|	-56.0	0.24(-56)		|	1	
6821	6	ok	|	0.21	1.00	1.00	0.29	0.00	0	|	rapi	0.00	0.00	0	|	-56.0	0.29(-56)		|	1	
6821	7	ok	|	0.23	1.00	1.00	0.32	0.00	0	|	rapi	0.00	0.00	0	|	-56.0	0.32(-56)		|	1	
6821	8	ok	|	0.26	1.00	1.00	0.37	0.00	0	|	rapi	0.00	0.00	0	|	-56.0	0.37(-56)		|	1	
6821	9	ok	|	0.28	1.00	1.00	0.43	0.00	0	|	rapi	0.00	0.00	0	|	-56.0	0.43(-56)		|	1	
6821	10	ok	|	0.33	0.99	0.99	0.55	0.00	0	|	rapi	0.00	0.00	0	|	-56.0	0.55(-56)		|	1	
6821	11	ok	|	0.41	0.99	0.99	0.68	0.00	0	|	rapi	0.00	0.00	0	|	-56.0	0.68(-56)		|	1	
6821	12	ok	|	0.46	0.99	0.99	0.86	0.00	0	|	rapi	0.00	0.00	0	|	-56.0	0.86(-56)		|	1	
6821	13	ok	|	0.51	0.99	0.99	0.98	0.00	0	|	rapi	0.00	0.00	0	|	-56.0	0.98(-56)		|	1	
6821	14	ok	|	0.56	0.99	0.99	1.17	0.00	0	|	rapi	0.00	0.00	0	|	-56.0	1.17(-56)		|	1	
6821	15	ok	|	0.62	0.99	0.99	1.36	0.00	0	|	rapi	0.00	0.00	0	|	-56.0	1.36(-56)		|	1	
6821	16	ok	|	0.66	0.99	0.99	1.46	0.00	0	|	rapi	0.00	0.00	0	|	-56.0	1.46(-56)		|	1	
6821	17	ok	|	0.71	0.98	0.98	1.72	0.00	0	|	rapi	0.00	0.00	0	|	-56.0	1.72(-56)		|	1	
6821	18	ok	|	0.78	0.98	0.98	2.05	0.00	0	|	rapi	0.00	0.00	0	|	-56.0	2.05(-56)		|	1	
6821	19	ok	|	0.81	0.98	0.98	2.35	0.00	0	|	rapi	0.00	0.00	0	|	-56.0	2.35(-56)		|	1	
6821	20	ok	|	0.86	0.97	0.97	2.74	0.00	0	|	rapi	0.00	0.00	0	|	-56.0	2.74(-56)		|	1	
6821	21	ok	|	0.89	0.97	0.97	3.19	0.00	0	|	rapi	0.00	0.00	0	|	-56.0	3.19(-56)		|	1	
6821	22	ok	|	0.93	0.96	0.96	3.62	0.00	0	|	rapi	0.00	0.00	0	|	-56.0	3.62(-56)		|	1	
6821	23	ok	|	0.96	0.96	0.96	4.25	0.00	0	|	rapi	0.00	0.00	0	|	-56.0	4.25(-56)		|	1	
6821	24	ok	|	0.98	0.95	0.95	5.13	0.00	0	|	rapi	0.00	0.00	0	|	-56.0	5.13(-56)		|	1	
6821	25	ok	|	0.99	0.94	0.94	5.93	0.00	0	|	rapi	0.00	0.00	0	|	-56.0	5.93(-56)		|	1	
6821	26	ok	|	1.00	0.93	0.93	6.93	0.00	0	|	rapi	0.00	0.00	0	|	-56.0	6.93(-56)		|	1	
6821	27	ok	|	1.00	0.92	0.92	8.30	0.00	0	|	rapi	0.00	0.00	0	|	-56.0	8.30(-56)		|	1	
6821	28	ok	|	1.00	0.90	0.90	9.82	0.00	0	|	rapi	0.00	0.00	0	|	-56.0	9.82(-56)		|	1	
6821	29	ok	|	1.00	0.88	0.88	11.56	0.00	0	|	rapi	0.00	0.00	0	|	-56.0	11.56(-56)		|	1	
6821	30	ok	|	1.00	0.86	0.86	13.58	0.00	0	|	rapi	0.00	0.00	0	|	-56.0	13.58(-56)		|	1	
6821	31	ok	|	1.00	0.84	0.84	15.76	0.00	0	|	rapi	0.00	0.00	0	|	-56.0	15.76(-56)		|	1	
6821	32	ok	|	1.00	0.82	0.82	18.37	0.00	0	|	rapi	0.00	0.00	0	|	-56.0	18.37(-56)		|	1	
6821	33	ok	|	1.00	0.79	0.79	21.49	0.00	0	|	rapi	0.00	0.00	0	|	-56.0	21.49(-56)		|	1	
6821	34	ok	|	1.00	0.75	0.75	25.21	0.00	0	|	rapi	0.00	0.00	0	|	-56.0	25.21(-56)	0.00(-56)	|	1	
6821	35	ok	|	1.00	0.70	0.70	29.72	0.00	0	|	rapi	0.00	0.00	0	|	-56.0	29.72(-56)	0.00(-56)	|	1	
6821	36	ok	|	1.00	0.65	0.65	35.27	0.00	0	|	rapi	0.00	0.00	0	|	-56.0	35.27(-56)	0.00(-56)	|	1	
6821	37	ok	|	1.00	0.59	0.59	41.05	0.00	0	|	rapi	0.01	0.01	0	|	-56.0	41.05(-56)	0.01(-56)	|	1	
6821	38	ok	|	1.00	0.52	0.52	47.71	0.00	0	|	rapi	0.00	0.00	0	|	-56.0	47.71(-56)	0.00(-56)	|	1	
6821	39	ok	|	1.00	0.44	0.44	55.59	0.00	0	|	rapi	0.00	0.00	0	|	-56.0	55.59(-56)	0.00(-56)	|	1	
6821	40	ok	|	1.00	0.36	0.36	63.53	0.00	0	|	rapi	0.00	0.00	0	|	-56.0	63.53(-56)	0.00(-56)	|	1	
6821	41	ok	|	1.00	0.27	0.27	73.05	0.00	0	|	rapi	0.00	0.00	0	|	-56.0	73.05(-56)	0.00(-56)	|	1	
6821	42	ok	|	1.00	0.17	0.17	83.09	0.00	0	|	rapi	0.00	0.00	0	|	-56.0	83.09(-56)	0.00(-56)	|	1	
6821	43	fail-w	|	1.00	0.09	0.09	92.10	0.00	0	|	rapi	0.00	0.00	0	|	-56.0	92.10(-56)	0.00(-56)	|	1	
