6856	0	ok	|	0.10	1.00	1.00	0.10	0.00	0	|	rapi	0.00	0.00	0	|	44.0	0.10(44)		|	2	
6856	1	ok	|	0.09	1.00	1.00	0.10	0.00	0	|	rapi	0.00	0.00	0	|	44.0	0.10(44)		|	2	
6856	2	ok	|	0.10	1.00	1.00	0.12	0.00	0	|	rapi	0.00	0.00	0	|	44.0	0.12(44)		|	2	
6856	3	ok	|	0.13	1.00	1.00	0.17	0.00	0	|	rapi	0.00	0.00	0	|	44.0	0.17(44)		|	2	
6856	4	ok	|	0.14	1.00	1.00	0.18	0.00	0	|	rapi	0.00	0.00	0	|	44.0	0.18(44)		|	2	
6856	5	ok	|	0.17	1.00	1.00	0.23	0.00	0	|	rapi	0.00	0.00	0	|	44.0	0.23(44)		|	2	
6856	6	ok	|	0.21	1.00	1.00	0.31	0.00	0	|	rapi	0.00	0.00	0	|	44.0	0.31(44)		|	2	
6856	7	ok	|	0.23	1.00	1.00	0.33	0.00	0	|	rapi	0.00	0.00	0	|	44.0	0.33(44)		|	2	
6856	8	ok	|	0.28	1.00	1.00	0.42	0.00	0	|	rapi	0.00	0.00	0	|	44.0	0.42(44)		|	2	
6856	9	ok	|	0.29	1.00	1.00	0.46	0.00	0	|	rapi	0.00	0.00	0	|	44.0	0.46(44)		|	2	
6856	10	ok	|	0.34	0.99	0.99	0.57	0.00	0	|	rapi	0.00	0.00	0	|	44.0	0.57(44)		|	2	
6856	11	ok	|	0.39	0.99	0.99	0.67	0.00	0	|	rapi	0.00	0.00	0	|	44.0	0.67(44)		|	2	
6856	12	ok	|	0.43	0.99	0.99	0.79	0.00	0	|	rapi	0.00	0.00	0	|	44.0	0.79(44)		|	2	
6856	13	ok	|	0.47	0.99	0.99	0.86	0.00	0	|	rapi	0.00	0.00	0	|	44.0	0.86(44)		|	2	
6856	14	ok	|	0.52	0.99	0.99	1.00	0.00	0	|	rapi	0.00	0.00	0	|	44.0	1.00(44)		|	2	
6856	15	ok	|	0.58	0.99	0.99	1.18	0.00	0	|	rapi	0.00	0.00	0	|	44.0	1.18(44)		|	2	
6856	16	ok	|	0.64	0.99	0.99	1.36	0.00	0	|	rapi	0.00	0.00	0	|	44.0	1.36(44)	0.00(44)	|	2	
6856	17	ok	|	0.66	0.98	0.98	1.56	0.00	0	|	rapi	0.00	0.00	0	|	44.0	1.56(44)		|	2	
6856	18	ok	|	0.74	0.98	0.98	1.83	0.00	0	|	rapi	0.00	0.00	0	|	44.0	1.83(44)		|	2	
6856	19	ok	|	0.81	0.98	0.98	2.19	0.00	0	|	rapi	0.00	0.00	0	|	44.0	2.19(44)		|	2	
6856	20	ok	|	0.86	0.97	0.97	2.61	0.00	0	|	rapi	0.00	0.00	0	|	44.0	2.61(44)	0.00(44)	|	2	
6856	21	ok	|	0.92	0.97	0.97	3.20	0.00	0	|	rapi	0.00	0.00	0	|	44.0	3.20(44)	0.00(44)	|	2	
6856	22	ok	|	0.95	0.96	0.96	3.81	0.00	0	|	rapi	0.00	0.00	0	|	44.0	3.81(44)	0.00(44)	|	2	
6856	23	ok	|	0.97	0.96	0.96	4.47	0.00	0	|	rapi	0.00	0.00	0	|	44.0	4.47(44)	0.00(44)	|	2	
6856	24	ok	|	0.98	0.95	0.95	5.25	0.00	0	|	rapi	0.00	0.00	0	|	44.0	5.25(44)	0.00(44)	|	2	
6856	25	ok	|	0.99	0.94	0.94	6.32	0.00	0	|	rapi	0.00	0.00	0	|	44.0	6.32(44)	0.00(44)	|	2	
6856	26	ok	|	1.00	0.92	0.92	7.52	0.00	0	|	rapi	0.00	0.00	0	|	44.0	7.52(44)	0.00(44)	|	2	
6856	27	ok	|	1.00	0.91	0.91	8.82	0.00	0	|	rapi	0.00	0.00	0	|	44.0	8.82(44)	0.00(44)	|	2	
6856	28	ok	|	1.00	0.90	0.90	10.50	0.00	0	|	rapi	0.00	0.00	0	|	44.0	10.50(44)	0.00(44)	|	2	
6856	29	ok	|	1.00	0.88	0.88	12.26	0.00	0	|	rapi	0.01	0.01	0	|	44.0	12.26(44)	0.01(44)	|	2	
6856	30	ok	|	1.00	0.85	0.85	14.60	0.00	0	|	rapi	0.00	0.00	0	|	44.0	14.60(44)	0.00(44)	|	2	
6856	31	ok	|	1.00	0.83	0.83	17.18	0.00	0	|	rapi	0.00	0.00	0	|	44.0	17.18(44)	0.00(44)	|	2	
6856	32	ok	|	1.00	0.80	0.80	20.33	0.00	0	|	rapi	0.00	0.00	0	|	44.0	20.33(44)	0.00(44)	|	2	
6856	33	ok	|	1.00	0.76	0.76	24.18	0.00	0	|	rapi	0.01	0.01	0	|	44.0	24.18(44)	0.01(44)	|	2	
6856	34	ok	|	1.00	0.72	0.72	27.99	0.00	0	|	rapi	0.01	0.01	0	|	44.0	27.99(44)	0.01(44)	|	2	
6856	35	ok	|	1.00	0.67	0.67	33.00	0.00	0	|	rapi	0.01	0.01	0	|	44.0	33.00(44)	0.01(44)	|	2	
6856	36	ok	|	1.00	0.61	0.61	38.62	0.00	0	|	rapi	0.01	0.01	0	|	44.0	38.62(44)	0.01(44)	|	2	
6856	37	ok	|	1.00	0.55	0.55	45.03	0.00	0	|	rapi	0.01	0.01	0	|	44.0	45.03(44)	0.01(44)	|	2	
6856	38	ok	|	1.00	0.48	0.48	52.33	0.00	0	|	rapi	0.01	0.01	0	|	44.0	52.33(44)	0.01(44)	|	2	
6856	39	ok	|	1.00	0.39	0.39	60.59	0.00	0	|	rapi	0.01	0.01	0	|	44.0	60.59(44)	0.01(44)	|	2	
6856	40	ok	|	1.00	0.30	0.30	69.68	0.00	0	|	rapi	0.01	0.01	0	|	44.0	69.68(44)	0.01(44)	|	2	
6856	41	ok	|	1.00	0.21	0.21	78.92	0.00	0	|	rapi	0.02	0.02	0	|	44.0	78.92(44)	0.02(44)	|	2	
6856	42	ok	|	1.00	0.13	0.13	88.29	0.00	0	|	rapi	0.02	0.02	0	|	44.0	88.29(44)	0.02(44)	|	2	
6856	43	fail-w	|	1.00	0.07	0.07	95.62	0.00	0	|	rapi	0.04	0.04	0	|	44.0	95.62(44)	0.04(44)	|	2	
