6923	0	ok	|	0.09	1.00	1.00	0.10	0.00	0	|	rapi	0.09	0.09	0	|	94.0	0.10(94)	0.09(94)	|	2627	
6923	1	ok	|	0.08	1.00	1.00	0.08	0.00	0	|	rapi	0.07	0.08	0	|	94.0	0.08(94)	0.08(94)	|	2627	
6923	2	ok	|	0.06	1.00	1.00	0.06	0.00	0	|	rapi	0.06	0.06	0	|	94.0	0.06(94)	0.06(94)	|	2627	
6923	3	ok	|	0.06	1.00	1.00	0.06	0.00	0	|	rapi	0.06	0.06	0	|	94.0	0.06(94)	0.06(94)	|	2627	
6923	4	ok	|	0.05	1.00	1.00	0.05	0.00	0	|	rapi	0.05	0.05	0	|	94.0	0.05(94)	0.05(94)	|	2627	
6923	5	ok	|	0.05	1.00	1.00	0.05	0.00	0	|	rapi	0.05	0.05	0	|	94.0	0.05(94)	0.05(94)	|	2627	
6923	6	ok	|	0.05	1.00	1.00	0.06	0.00	0	|	rapi	0.05	0.05	0	|	94.0	0.06(94)	0.05(94)	|	2627	
6923	7	ok	|	0.06	1.00	1.00	0.06	0.00	0	|	rapi	0.05	0.05	0	|	94.0	0.06(94)	0.05(94)	|	2627	
6923	8	ok	|	0.06	1.00	1.00	0.06	0.00	0	|	rapi	0.05	0.05	0	|	94.0	0.06(94)	0.05(94)	|	2627	
6923	9	ok	|	0.06	1.00	1.00	0.06	0.00	0	|	rapi	0.06	0.06	0	|	94.0	0.06(94)	0.06(94)	|	2627	
6923	10	ok	|	0.07	1.00	1.00	0.07	0.00	0	|	rapi	0.07	0.07	0	|	94.0	0.07(94)	0.07(94)	|	2627	
6923	11	ok	|	0.08	1.00	1.00	0.08	0.00	0	|	rapi	0.07	0.07	0	|	94.0	0.08(94)	0.07(94)	|	2627	
6923	12	ok	|	0.07	1.00	1.00	0.07	0.00	0	|	rapi	0.06	0.06	0	|	94.0	0.07(94)	0.06(94)	|	2627	
6923	13	ok	|	0.06	1.00	1.00	0.06	0.00	0	|	rapi	0.05	0.05	0	|	94.0	0.06(94)	0.05(94)	|	2627	
6923	14	ok	|	0.05	1.00	1.00	0.05	0.00	0	|	rapi	0.05	0.05	0	|	94.0	0.05(94)	0.05(94)	|	2627	
6923	15	ok	|	0.05	1.00	1.00	0.05	0.00	0	|	rapi	0.05	0.05	0	|	94.0	0.05(94)	0.05(94)	|	2627	
6923	16	ok	|	0.06	1.00	1.00	0.06	0.00	0	|	rapi	0.06	0.06	0	|	94.0	0.06(94)	0.06(94)	|	2627	
6923	17	ok	|	0.06	1.00	1.00	0.06	0.00	0	|	rapi	0.06	0.06	0	|	94.0	0.06(94)	0.06(94)	|	2627	
6923	18	ok	|	0.07	1.00	1.00	0.07	0.00	0	|	rapi	0.06	0.06	0	|	94.0	0.07(94)	0.06(94)	|	2627	
6923	19	ok	|	0.06	1.00	1.00	0.07	0.00	0	|	rapi	0.06	0.06	0	|	94.0	0.07(94)	0.06(94)	|	2627	
6923	20	ok	|	0.07	1.00	1.00	0.07	0.00	0	|	rapi	0.06	0.06	0	|	94.0	0.07(94)	0.06(94)	|	2627	
6923	21	ok	|	0.06	1.00	1.00	0.07	0.00	0	|	rapi	0.06	0.06	0	|	94.0	0.07(94)	0.06(94)	|	2627	
6923	22	ok	|	0.07	1.00	1.00	0.08	0.00	0	|	rapi	0.07	0.07	0	|	94.0	0.08(94)	0.07(94)	|	2627	
6923	23	ok	|	0.11	1.00	1.00	0.11	0.00	0	|	rapi	0.09	0.09	0	|	94.0	0.11(94)	0.09(94)	|	2627	
6923	24	ok	|	0.09	1.00	1.00	0.10	0.00	0	|	rapi	0.08	0.08	0	|	94.0	0.10(94)	0.08(94)	|	2627	
6923	25	ok	|	0.10	1.00	1.00	0.11	0.01	0	|	rapi	0.09	0.09	0	|	94.0	0.11(94)	0.09(94)	|	2627	
6923	26	ok	|	0.10	1.00	1.00	0.11	0.00	0	|	rapi	0.08	0.09	0	|	94.0	0.11(94)	0.09(94)	|	2627	
6923	27	ok	|	0.12	1.00	1.00	0.14	0.00	0	|	rapi	0.10	0.10	0	|	94.0	0.14(94)	0.10(94)	|	2627	
6923	28	ok	|	0.13	1.00	1.00	0.15	0.00	0	|	rapi	0.10	0.11	0	|	94.0	0.15(94)	0.11(94)	|	2627	
6923	29	ok	|	0.13	1.00	1.00	0.14	0.00	0	|	rapi	0.09	0.10	0	|	94.0	0.14(94)	0.10(94)	|	2627	
6923	30	ok	|	0.14	1.00	1.00	0.15	0.00	0	|	rapi	0.11	0.11	0	|	94.0	0.15(94)	0.11(94)	|	2627	
6923	31	ok	|	0.14	1.00	1.00	0.16	0.00	0	|	rapi	0.10	0.11	0	|	94.0	0.16(94)	0.11(94)	|	2627	
6923	32	ok	|	0.16	1.00	1.00	0.20	0.00	0	|	rapi	0.14	0.14	0	|	94.0	0.20(94)	0.14(94)	|	2627	
6923	33	ok	|	0.17	1.00	1.00	0.21	0.00	0	|	rapi	0.14	0.15	0	|	94.0	0.21(94)	0.15(94)	|	2627	
6923	34	ok	|	0.17	1.00	1.00	0.21	0.00	0	|	rapi	0.14	0.15	0	|	94.0	0.21(94)	0.15(94)	|	2627	
6923	35	ok	|	0.18	1.00	1.00	0.22	0.00	0	|	rapi	0.15	0.16	0	|	94.0	0.22(94)	0.16(94)	|	2627	
6923	36	ok	|	0.23	1.00	1.00	0.27	0.00	0	|	rapi	0.19	0.20	0	|	94.0	0.27(94)	0.20(94)	|	2627	
6923	37	ok	|	0.24	1.00	1.00	0.28	0.00	0	|	rapi	0.20	0.21	0	|	94.0	0.28(94)	0.21(94)	|	2627	
6923	38	ok	|	0.24	1.00	1.00	0.28	0.00	0	|	rapi	0.20	0.22	0	|	94.0	0.28(94)	0.22(94)	|	2627	
6923	39	ok	|	0.24	1.00	1.00	0.28	0.00	0	|	rapi	0.20	0.21	0	|	94.0	0.28(94)	0.21(94)	|	2627	
6923	40	ok	|	0.24	1.00	1.00	0.27	0.00	0	|	rapi	0.19	0.20	0	|	94.0	0.27(94)	0.20(94)	|	2627	
6923	41	ok	|	0.24	1.00	1.00	0.27	0.00	0	|	rapi	0.20	0.21	0	|	94.0	0.27(94)	0.21(94)	|	2627	
6923	42	ok	|	0.22	1.00	1.00	0.25	0.00	0	|	rapi	0.18	0.20	0	|	94.0	0.25(94)	0.20(94)	|	2627	
6923	43	ok	|	0.24	1.00	1.00	0.26	0.00	0	|	rapi	0.20	0.21	0	|	94.0	0.26(94)	0.21(94)	|	2627	
6923	44	ok	|	0.25	1.00	1.00	0.29	0.00	0	|	rapi	0.22	0.23	0	|	94.0	0.29(94)	0.23(94)	|	2627	
6923	45	ok	|	0.24	1.00	1.00	0.28	0.00	0	|	rapi	0.21	0.23	0	|	94.0	0.28(94)	0.23(94)	|	2627	
6923	46	ok	|	0.27	1.00	1.00	0.30	0.00	0	|	rapi	0.23	0.24	0	|	94.0	0.30(94)	0.24(94)	|	2627	
6923	47	ok	|	0.25	1.00	1.00	0.30	0.00	0	|	rapi	0.22	0.25	0	|	94.0	0.30(94)	0.25(94)	|	2627	
6923	48	ok	|	0.26	1.00	1.00	0.30	0.00	0	|	rapi	0.22	0.25	0	|	94.0	0.30(94)	0.25(94)	|	2627	
6923	49	ok	|	0.25	1.00	1.00	0.31	0.00	0	|	rapi	0.22	0.25	0	|	94.0	0.31(94)	0.25(94)	|	2627	
6923	50	ok	|	0.26	1.00	1.00	0.31	0.00	0	|	rapi	0.22	0.25	0	|	94.0	0.31(94)	0.25(94)	|	2627	
6923	51	ok	|	0.26	1.00	1.00	0.30	0.00	0	|	rapi	0.22	0.25	0	|	94.0	0.30(94)	0.25(94)	|	2627	
6923	52	ok	|	0.25	1.00	1.00	0.30	0.00	0	|	rapi	0.22	0.24	0	|	94.0	0.30(94)	0.24(94)	|	2627	
6923	53	ok	|	0.26	1.00	1.00	0.30	0.00	0	|	rapi	0.22	0.25	0	|	94.0	0.30(94)	0.25(94)	|	2627	
6923	54	ok	|	0.28	1.00	1.00	0.33	0.00	0	|	rapi	0.24	0.28	0	|	94.0	0.33(94)	0.28(94)	|	2627	
6923	55	ok	|	0.28	1.00	1.00	0.34	0.00	0	|	rapi	0.25	0.29	0	|	94.0	0.34(94)	0.29(94)	|	2627	
6923	56	ok	|	0.30	1.00	1.00	0.36	0.00	0	|	rapi	0.27	0.31	0	|	94.0	0.36(94)	0.31(94)	|	2627	
6923	57	ok	|	0.30	1.00	1.00	0.35	0.00	0	|	rapi	0.28	0.31	0	|	94.0	0.35(94)	0.31(94)	|	2627	
6923	58	ok	|	0.30	1.00	1.00	0.36	0.00	0	|	rapi	0.27	0.32	0	|	94.0	0.36(94)	0.32(94)	|	2627	
6923	59	ok	|	0.32	1.00	1.00	0.38	0.00	0	|	rapi	0.31	0.36	0	|	94.0	0.38(94)	0.36(94)	|	2627	
6923	60	ok	|	0.31	1.00	1.00	0.36	0.00	0	|	rapi	0.30	0.35	0	|	94.0	0.36(94)	0.35(94)	|	2627	
6923	61	ok	|	0.31	1.00	1.00	0.37	0.01	0	|	rapi	0.29	0.35	0	|	94.0	0.37(94)	0.35(94)	|	2627	
6923	62	ok	|	0.30	1.00	1.00	0.35	0.01	0	|	rapi	0.29	0.34	0	|	94.0	0.35(94)	0.34(94)	|	2627	
6923	63	ok	|	0.31	1.00	1.00	0.36	0.01	0	|	rapi	0.30	0.34	0	|	94.0	0.36(94)	0.34(94)	|	2627	
6923	64	ok	|	0.32	1.00	1.00	0.37	0.01	0	|	rapi	0.31	0.36	0	|	94.0	0.37(94)	0.36(94)	|	2627	
6923	65	ok	|	0.33	1.00	1.00	0.39	0.01	0	|	rapi	0.32	0.38	0	|	94.0	0.39(94)	0.38(94)	|	2627	
6923	66	ok	|	0.34	1.00	1.00	0.40	0.01	0	|	rapi	0.33	0.38	0	|	94.0	0.40(94)	0.38(94)	|	2627	
6923	67	ok	|	0.32	1.00	1.00	0.39	0.01	0	|	rapi	0.32	0.37	0	|	94.0	0.39(94)	0.37(94)	|	2627	
6923	68	ok	|	0.31	1.00	1.00	0.39	0.01	0	|	rapi	0.30	0.37	0	|	94.0	0.39(94)	0.37(94)	|	2627	
6923	69	ok	|	0.32	1.00	1.00	0.39	0.01	0	|	rapi	0.31	0.38	0	|	94.0	0.39(94)	0.38(94)	|	2627	
6923	70	ok	|	0.34	1.00	1.00	0.42	0.01	0	|	rapi	0.33	0.40	0	|	94.0	0.42(94)	0.40(94)	|	2627	
6923	71	ok	|	0.34	1.00	1.00	0.42	0.01	0	|	rapi	0.32	0.40	0	|	94.0	0.42(94)	0.40(94)	|	2627	
6923	72	ok	|	0.33	1.00	1.00	0.41	0.01	0	|	rapi	0.32	0.40	0	|	94.0	0.41(94)	0.40(94)	|	2627	
6923	73	ok	|	0.32	1.00	1.00	0.41	0.01	0	|	rapi	0.32	0.40	0	|	94.0	0.41(94)	0.40(94)	|	2627	
6923	74	ok	|	0.31	1.00	1.00	0.39	0.01	0	|	rapi	0.31	0.38	0	|	94.0	0.39(94)	0.38(94)	|	2627	
6923	75	ok	|	0.32	1.00	1.00	0.38	0.01	0	|	rapi	0.31	0.37	0	|	94.0	0.38(94)	0.37(94)	|	2627	
6923	76	ok	|	0.32	1.00	1.00	0.37	0.01	0	|	rapi	0.32	0.36	0	|	94.0	0.37(94)	0.36(94)	|	2627	
6923	77	ok	|	0.29	1.00	1.00	0.34	0.01	0	|	rapi	0.29	0.33	0	|	94.0	0.34(94)	0.33(94)	|	2627	
6923	78	ok	|	0.30	1.00	1.00	0.35	0.01	0	|	rapi	0.30	0.35	0	|	94.0	0.35(94)	0.35(94)	|	2627	
6923	79	ok	|	0.31	1.00	1.00	0.35	0.01	0	|	rapi	0.30	0.34	0	|	94.0	0.35(94)	0.34(94)	|	2627	
6923	80	ok	|	0.31	1.00	1.00	0.35	0.01	0	|	rapi	0.31	0.35	0	|	94.0	0.35(94)	0.35(94)	|	2627	
6923	81	ok	|	0.30	1.00	1.00	0.35	0.01	0	|	rapi	0.30	0.34	0	|	94.0	0.35(94)	0.34(94)	|	2627	
6923	82	ok	|	0.31	1.00	1.00	0.35	0.01	0	|	rapi	0.31	0.35	0	|	94.0	0.35(94)	0.35(94)	|	2627	
6923	83	ok	|	0.32	1.00	1.00	0.38	0.01	0	|	rapi	0.32	0.37	0	|	94.0	0.38(94)	0.37(94)	|	2627	
6923	84	ok	|	0.34	1.00	1.00	0.41	0.01	0	|	rapi	0.33	0.40	0	|	94.0	0.41(94)	0.40(94)	|	2627	
6923	85	ok	|	0.33	1.00	1.00	0.40	0.01	0	|	rapi	0.32	0.40	0	|	94.0	0.40(94)	0.40(94)	|	2627	
6923	86	ok	|	0.32	1.00	1.00	0.38	0.01	0	|	rapi	0.31	0.37	0	|	94.0	0.38(94)	0.37(94)	|	2627	
6923	87	ok	|	0.32	1.00	1.00	0.38	0.01	0	|	rapi	0.31	0.37	0	|	94.0	0.38(94)	0.37(94)	|	2627	
6923	88	ok	|	0.31	1.00	1.00	0.36	0.01	0	|	rapi	0.30	0.35	0	|	94.0	0.36(94)	0.35(94)	|	2627	
6923	89	ok	|	0.31	1.00	1.00	0.36	0.01	0	|	rapi	0.30	0.35	0	|	94.0	0.36(94)	0.35(94)	|	2627	
6923	90	ok	|	0.31	1.00	1.00	0.36	0.01	0	|	rapi	0.30	0.34	0	|	94.0	0.36(94)	0.34(94)	|	2627	
6923	91	ok	|	0.33	1.00	1.00	0.38	0.01	0	|	rapi	0.32	0.36	0	|	94.0	0.38(94)	0.36(94)	|	2627	
6923	92	ok	|	0.32	1.00	1.00	0.37	0.01	0	|	rapi	0.31	0.36	0	|	94.0	0.37(94)	0.36(94)	|	2627	
6923	93	ok	|	0.33	1.00	1.00	0.38	0.01	0	|	rapi	0.32	0.36	0	|	94.0	0.38(94)	0.36(94)	|	2627	
6923	94	ok	|	0.33	1.00	1.00	0.38	0.01	0	|	rapi	0.32	0.37	0	|	94.0	0.38(94)	0.37(94)	|	2627	
6923	95	ok	|	0.30	1.00	1.00	0.37	0.01	0	|	rapi	0.29	0.35	0	|	94.0	0.37(94)	0.35(94)	|	2627	
6923	96	ok	|	0.32	1.00	1.00	0.38	0.01	0	|	rapi	0.31	0.36	0	|	94.0	0.38(94)	0.36(94)	|	2627	
6923	97	ok	|	0.31	1.00	1.00	0.37	0.01	0	|	rapi	0.29	0.35	0	|	94.0	0.37(94)	0.35(94)	|	2627	
6923	98	ok	|	0.33	1.00	1.00	0.39	0.01	0	|	rapi	0.31	0.37	0	|	94.0	0.39(94)	0.37(94)	|	2627	
6923	99	ok	|	0.34	1.00	1.00	0.41	0.01	0	|	rapi	0.33	0.39	0	|	94.0	0.41(94)	0.39(94)	|	2627	
6923	100	ok	|	0.33	1.00	1.00	0.40	0.01	0	|	rapi	0.32	0.38	0	|	94.0	0.40(94)	0.38(94)	|	2627	
6923	101	ok	|	0.35	1.00	1.00	0.41	0.01	0	|	rapi	0.34	0.39	0	|	94.0	0.41(94)	0.39(94)	|	2627	
6923	102	ok	|	0.35	1.00	1.00	0.41	0.01	0	|	rapi	0.34	0.38	0	|	94.0	0.41(94)	0.38(94)	|	2627	
6923	103	ok	|	0.35	1.00	1.00	0.41	0.01	0	|	rapi	0.34	0.38	0	|	94.0	0.41(94)	0.38(94)	|	2627	
6923	104	ok	|	0.35	1.00	1.00	0.42	0.01	0	|	rapi	0.34	0.39	0	|	94.0	0.42(94)	0.39(94)	|	2627	
6923	105	ok	|	0.36	1.00	1.00	0.43	0.01	0	|	rapi	0.35	0.40	0	|	94.0	0.43(94)	0.40(94)	|	2627	
6923	106	ok	|	0.35	1.00	1.00	0.42	0.01	0	|	rapi	0.34	0.40	0	|	94.0	0.42(94)	0.40(94)	|	2627	
6923	107	ok	|	0.34	1.00	1.00	0.42	0.01	0	|	rapi	0.34	0.41	0	|	94.0	0.42(94)	0.41(94)	|	2627	
6923	108	ok	|	0.38	1.00	1.00	0.46	0.01	0	|	rapi	0.38	0.44	0	|	94.0	0.46(94)	0.44(94)	|	2627	
6923	109	ok	|	0.42	1.00	1.00	0.51	0.01	0	|	rapi	0.41	0.47	0	|	94.0	0.51(94)	0.47(94)	|	2627	
6923	110	ok	|	0.41	1.00	1.00	0.51	0.01	0	|	rapi	0.40	0.48	0	|	94.0	0.51(94)	0.48(94)	|	2627	
6923	111	ok	|	0.39	1.00	1.00	0.49	0.02	0	|	rapi	0.39	0.46	0	|	94.0	0.49(94)	0.46(94)	|	2627	
6923	112	ok	|	0.42	1.00	1.00	0.52	0.02	0	|	rapi	0.42	0.50	0	|	94.0	0.52(94)	0.50(94)	|	2627	
6923	113	ok	|	0.42	1.00	1.00	0.51	0.02	0	|	rapi	0.42	0.50	0	|	94.0	0.51(94)	0.50(94)	|	2627	
6923	114	ok	|	0.43	1.00	1.00	0.51	0.02	0	|	rapi	0.42	0.50	0	|	94.0	0.51(94)	0.50(94)	|	2627	
6923	115	ok	|	0.42	1.00	1.00	0.50	0.02	0	|	rapi	0.41	0.49	0	|	94.0	0.50(94)	0.49(94)	|	2627	
6923	116	ok	|	0.40	1.00	1.00	0.48	0.01	0	|	rapi	0.39	0.47	0	|	94.0	0.48(94)	0.47(94)	|	2627	
6923	117	ok	|	0.41	1.00	1.00	0.47	0.02	0	|	rapi	0.41	0.47	0	|	94.0	0.47(94)	0.47(94)	|	2627	
6923	118	ok	|	0.40	1.00	1.00	0.46	0.02	0	|	rapi	0.40	0.46	0	|	94.0	0.46(94)	0.46(94)	|	2627	
6923	119	ok	|	0.39	1.00	1.00	0.46	0.02	0	|	rapi	0.38	0.46	0	|	94.0	0.46(94)	0.46(94)	|	2627	
6923	120	ok	|	0.38	1.00	1.00	0.46	0.02	0	|	rapi	0.38	0.45	0	|	94.0	0.46(94)	0.45(94)	|	2627	
6923	121	ok	|	0.39	1.00	1.00	0.46	0.01	0	|	rapi	0.39	0.46	0	|	94.0	0.46(94)	0.46(94)	|	2627	
6923	122	ok	|	0.39	1.00	1.00	0.46	0.02	0	|	rapi	0.39	0.46	0	|	94.0	0.46(94)	0.46(94)	|	2627	
6923	123	ok	|	0.38	1.00	1.00	0.45	0.01	0	|	rapi	0.38	0.45	0	|	94.0	0.45(94)	0.45(94)	|	2627	
6923	124	ok	|	0.39	1.00	1.00	0.47	0.01	0	|	rapi	0.38	0.46	0	|	94.0	0.47(94)	0.46(94)	|	2627	
6923	125	ok	|	0.38	1.00	1.00	0.45	0.02	0	|	rapi	0.38	0.44	0	|	94.0	0.45(94)	0.44(94)	|	2627	
6923	126	ok	|	0.36	1.00	1.00	0.43	0.02	0	|	rapi	0.36	0.43	0	|	94.0	0.43(94)	0.43(94)	|	2627	
6923	127	ok	|	0.36	1.00	1.00	0.42	0.02	0	|	rapi	0.35	0.42	0	|	94.0	0.42(94)	0.42(94)	|	2627	
6923	128	ok	|	0.37	1.00	1.00	0.43	0.01	0	|	rapi	0.36	0.42	0	|	94.0	0.43(94)	0.42(94)	|	2627	
6923	129	ok	|	0.36	1.00	1.00	0.42	0.02	0	|	rapi	0.35	0.41	0	|	94.0	0.42(94)	0.41(94)	|	2627	
6923	130	ok	|	0.37	1.00	1.00	0.44	0.02	0	|	rapi	0.37	0.43	0	|	94.0	0.44(94)	0.43(94)	|	2627	
6923	131	ok	|	0.37	1.00	1.00	0.42	0.02	0	|	rapi	0.37	0.42	0	|	94.0	0.42(94)	0.42(94)	|	2627	
6923	132	ok	|	0.35	1.00	1.00	0.41	0.02	0	|	rapi	0.35	0.40	0	|	94.0	0.41(94)	0.40(94)	|	2627	
6923	133	ok	|	0.35	1.00	1.00	0.41	0.02	0	|	rapi	0.34	0.40	0	|	94.0	0.41(94)	0.40(94)	|	2627	
6923	134	ok	|	0.34	1.00	1.00	0.38	0.01	0	|	rapi	0.33	0.37	0	|	94.0	0.38(94)	0.37(94)	|	2627	
6923	135	ok	|	0.34	1.00	1.00	0.39	0.01	0	|	rapi	0.33	0.38	0	|	94.0	0.39(94)	0.38(94)	|	2627	
6923	136	ok	|	0.37	1.00	1.00	0.43	0.01	0	|	rapi	0.37	0.42	0	|	94.0	0.43(94)	0.42(94)	|	2627	
6923	137	ok	|	0.35	1.00	1.00	0.40	0.01	0	|	rapi	0.34	0.39	0	|	94.0	0.40(94)	0.39(94)	|	2627	
6923	138	ok	|	0.33	1.00	1.00	0.38	0.01	0	|	rapi	0.32	0.36	0	|	94.0	0.38(94)	0.36(94)	|	2627	
6923	139	ok	|	0.32	1.00	1.00	0.38	0.01	0	|	rapi	0.32	0.36	0	|	94.0	0.38(94)	0.36(94)	|	2627	
6923	140	ok	|	0.31	1.00	1.00	0.36	0.01	0	|	rapi	0.31	0.35	0	|	94.0	0.36(94)	0.35(94)	|	2627	
6923	141	ok	|	0.33	1.00	1.00	0.38	0.01	0	|	rapi	0.33	0.37	0	|	94.0	0.38(94)	0.37(94)	|	2627	
6923	142	ok	|	0.33	1.00	1.00	0.38	0.01	0	|	rapi	0.33	0.37	0	|	94.0	0.38(94)	0.37(94)	|	2627	
6923	143	ok	|	0.34	1.00	1.00	0.40	0.02	0	|	rapi	0.34	0.39	0	|	94.0	0.40(94)	0.39(94)	|	2627	
6923	144	ok	|	0.33	1.00	1.00	0.38	0.02	0	|	rapi	0.33	0.38	0	|	94.0	0.38(94)	0.38(94)	|	2627	
6923	145	ok	|	0.33	1.00	1.00	0.37	0.02	0	|	rapi	0.32	0.36	0	|	94.0	0.37(94)	0.36(94)	|	2627	
6923	146	ok	|	0.33	1.00	1.00	0.38	0.02	0	|	rapi	0.32	0.37	0	|	94.0	0.38(94)	0.37(94)	|	2627	
6923	147	ok	|	0.34	1.00	1.00	0.39	0.02	0	|	rapi	0.34	0.38	0	|	94.0	0.39(94)	0.38(94)	|	2627	
6923	148	ok	|	0.35	1.00	1.00	0.41	0.01	0	|	rapi	0.34	0.39	0	|	94.0	0.41(94)	0.39(94)	|	2627	
6923	149	ok	|	0.32	1.00	1.00	0.38	0.01	0	|	rapi	0.31	0.35	0	|	94.0	0.38(94)	0.35(94)	|	2627	
6923	150	ok	|	0.34	1.00	1.00	0.40	0.01	0	|	rapi	0.33	0.37	0	|	94.0	0.40(94)	0.37(94)	|	2627	
6923	151	ok	|	0.35	1.00	1.00	0.40	0.01	0	|	rapi	0.34	0.39	0	|	94.0	0.40(94)	0.39(94)	|	2627	
6923	152	ok	|	0.34	1.00	1.00	0.38	0.01	0	|	rapi	0.33	0.36	0	|	94.0	0.38(94)	0.36(94)	|	2627	
6923	153	ok	|	0.33	1.00	1.00	0.38	0.01	0	|	rapi	0.32	0.36	0	|	94.0	0.38(94)	0.36(94)	|	2627	
6923	154	ok	|	0.31	1.00	1.00	0.37	0.01	0	|	rapi	0.30	0.36	0	|	94.0	0.37(94)	0.36(94)	|	2627	
6923	155	ok	|	0.33	1.00	1.00	0.38	0.01	0	|	rapi	0.32	0.37	0	|	94.0	0.38(94)	0.37(94)	|	2627	
6923	156	ok	|	0.34	1.00	1.00	0.39	0.01	0	|	rapi	0.33	0.38	0	|	94.0	0.39(94)	0.38(94)	|	2627	
6923	157	ok	|	0.34	1.00	1.00	0.40	0.01	0	|	rapi	0.34	0.40	0	|	94.0	0.40(94)	0.40(94)	|	2627	
6923	158	ok	|	0.35	1.00	1.00	0.40	0.01	0	|	rapi	0.35	0.40	0	|	94.0	0.40(94)	0.40(94)	|	2627	
6923	159	ok	|	0.37	1.00	1.00	0.43	0.01	0	|	rapi	0.37	0.42	0	|	94.0	0.43(94)	0.42(94)	|	2627	
6923	160	ok	|	0.38	1.00	1.00	0.45	0.01	0	|	rapi	0.38	0.45	0	|	94.0	0.45(94)	0.45(94)	|	2627	
6923	161	ok	|	0.37	1.00	1.00	0.42	0.02	0	|	rapi	0.37	0.42	0	|	94.0	0.42(94)	0.42(94)	|	2627	
6923	162	ok	|	0.38	1.00	1.00	0.44	0.02	0	|	rapi	0.38	0.44	0	|	94.0	0.44(94)	0.44(94)	|	2627	
6923	163	ok	|	0.39	1.00	1.00	0.44	0.02	0	|	rapi	0.39	0.44	0	|	94.0	0.44(94)	0.44(94)	|	2627	
6923	164	ok	|	0.35	1.00	1.00	0.40	0.02	0	|	rapi	0.35	0.40	0	|	94.0	0.40(94)	0.40(94)	|	2627	
6923	165	ok	|	0.35	1.00	1.00	0.41	0.02	0	|	rapi	0.35	0.41	0	|	94.0	0.41(94)	0.41(94)	|	2627	
6923	166	ok	|	0.33	1.00	1.00	0.37	0.02	0	|	rapi	0.33	0.37	0	|	94.0	0.37(94)	0.37(94)	|	2627	
6923	167	ok	|	0.32	1.00	1.00	0.37	0.02	0	|	rapi	0.32	0.37	0	|	94.0	0.37(94)	0.37(94)	|	2627	
6923	168	ok	|	0.31	1.00	1.00	0.35	0.02	0	|	rapi	0.31	0.35	0	|	94.0	0.35(94)	0.35(94)	|	2627	
6923	169	ok	|	0.31	1.00	1.00	0.35	0.02	0	|	rapi	0.31	0.35	0	|	94.0	0.35(94)	0.35(94)	|	2627	
6923	170	ok	|	0.30	1.00	1.00	0.33	0.02	0	|	rapi	0.30	0.33	0	|	94.0	0.33(94)	0.33(94)	|	2627	
6923	171	ok	|	0.29	1.00	1.00	0.33	0.02	0	|	rapi	0.29	0.33	0	|	94.0	0.33(94)	0.33(94)	|	2627	
6923	172	ok	|	0.28	1.00	1.00	0.32	0.02	0	|	rapi	0.28	0.32	0	|	94.0	0.32(94)	0.32(94)	|	2627	
6923	173	ok	|	0.31	1.00	1.00	0.35	0.02	0	|	rapi	0.31	0.35	0	|	94.0	0.35(94)	0.35(94)	|	2627	
6923	174	ok	|	0.31	1.00	1.00	0.34	0.02	0	|	rapi	0.31	0.34	0	|	94.0	0.34(94)	0.34(94)	|	2627	
6923	175	ok	|	0.31	1.00	1.00	0.36	0.02	0	|	rapi	0.31	0.36	0	|	94.0	0.36(94)	0.36(94)	|	2627	
6923	176	ok	|	0.31	1.00	1.00	0.36	0.02	0	|	rapi	0.31	0.36	0	|	94.0	0.36(94)	0.36(94)	|	2627	
6923	177	ok	|	0.31	1.00	1.00	0.36	0.02	0	|	rapi	0.31	0.36	0	|	94.0	0.36(94)	0.36(94)	|	2627	
6923	178	ok	|	0.32	1.00	1.00	0.38	0.02	0	|	rapi	0.32	0.38	0	|	94.0	0.38(94)	0.38(94)	|	2627	
6923	179	ok	|	0.31	1.00	1.00	0.37	0.02	0	|	rapi	0.31	0.37	0	|	94.0	0.37(94)	0.37(94)	|	2627	
6923	180	ok	|	0.31	1.00	1.00	0.36	0.02	0	|	rapi	0.31	0.36	0	|	94.0	0.36(94)	0.36(94)	|	2627	
6923	181	ok	|	0.32	1.00	1.00	0.36	0.02	0	|	rapi	0.32	0.36	0	|	94.0	0.36(94)	0.36(94)	|	2627	
6923	182	ok	|	0.32	1.00	1.00	0.37	0.02	0	|	rapi	0.32	0.37	0	|	94.0	0.37(94)	0.37(94)	|	2627	
6923	183	ok	|	0.32	1.00	1.00	0.36	0.02	0	|	rapi	0.32	0.36	0	|	94.0	0.36(94)	0.36(94)	|	2627	
6923	184	ok	|	0.31	1.00	1.00	0.34	0.02	0	|	rapi	0.31	0.34	0	|	94.0	0.34(94)	0.34(94)	|	2627	
6923	185	ok	|	0.30	1.00	1.00	0.34	0.02	0	|	rapi	0.30	0.34	0	|	94.0	0.34(94)	0.34(94)	|	2627	
6923	186	ok	|	0.30	1.00	1.00	0.34	0.02	0	|	rapi	0.30	0.34	0	|	94.0	0.34(94)	0.34(94)	|	2627	
6923	187	ok	|	0.31	1.00	1.00	0.36	0.03	0	|	rapi	0.31	0.36	0	|	94.0	0.36(94)	0.36(94)	|	2627	
6923	188	ok	|	0.34	1.00	1.00	0.39	0.03	0	|	rapi	0.34	0.39	0	|	94.0	0.39(94)	0.39(94)	|	2627	
6923	189	ok	|	0.32	1.00	1.00	0.37	0.03	0	|	rapi	0.32	0.37	0	|	94.0	0.37(94)	0.37(94)	|	2627	
6923	190	ok	|	0.35	1.00	1.00	0.40	0.03	0	|	rapi	0.35	0.40	0	|	94.0	0.40(94)	0.40(94)	|	2627	
6923	191	ok	|	0.34	1.00	1.00	0.39	0.03	0	|	rapi	0.34	0.39	0	|	94.0	0.39(94)	0.39(94)	|	2627	
6923	192	ok	|	0.33	1.00	1.00	0.38	0.03	0	|	rapi	0.33	0.38	0	|	94.0	0.38(94)	0.38(94)	|	2627	
6923	193	ok	|	0.32	1.00	1.00	0.36	0.03	0	|	rapi	0.32	0.36	0	|	94.0	0.36(94)	0.36(94)	|	2627	
6923	194	ok	|	0.32	1.00	1.00	0.36	0.03	0	|	rapi	0.32	0.36	0	|	94.0	0.36(94)	0.36(94)	|	2627	
6923	195	ok	|	0.33	1.00	1.00	0.38	0.03	0	|	rapi	0.33	0.38	0	|	94.0	0.38(94)	0.38(94)	|	2627	
6923	196	ok	|	0.35	1.00	1.00	0.39	0.03	0	|	rapi	0.35	0.39	0	|	94.0	0.39(94)	0.39(94)	|	2627	
6923	197	ok	|	0.36	1.00	1.00	0.41	0.03	0	|	rapi	0.36	0.41	0	|	94.0	0.41(94)	0.41(94)	|	2627	
6923	198	ok	|	0.35	1.00	1.00	0.39	0.03	0	|	rapi	0.35	0.39	0	|	94.0	0.39(94)	0.39(94)	|	2627	
6923	199	ok	|	0.37	1.00	1.00	0.42	0.03	0	|	rapi	0.37	0.42	0	|	94.0	0.42(94)	0.42(94)	|	2627	
6923	200	ok	|	0.35	1.00	1.00	0.40	0.03	0	|	rapi	0.35	0.40	0	|	94.0	0.40(94)	0.40(94)	|	2627	
6923	201	ok	|	0.35	1.00	1.00	0.40	0.03	0	|	rapi	0.35	0.40	0	|	94.0	0.40(94)	0.40(94)	|	2627	
6923	202	ok	|	0.34	1.00	1.00	0.39	0.03	0	|	rapi	0.34	0.39	0	|	94.0	0.39(94)	0.39(94)	|	2627	
6923	203	ok	|	0.33	1.00	1.00	0.38	0.03	0	|	rapi	0.33	0.38	0	|	94.0	0.38(94)	0.38(94)	|	2627	
6923	204	ok	|	0.32	1.00	1.00	0.37	0.03	0	|	rapi	0.32	0.37	0	|	94.0	0.37(94)	0.37(94)	|	2627	
6923	205	ok	|	0.32	1.00	1.00	0.36	0.03	0	|	rapi	0.32	0.36	0	|	94.0	0.36(94)	0.36(94)	|	2627	
6923	206	ok	|	0.29	1.00	1.00	0.33	0.02	0	|	rapi	0.29	0.33	0	|	94.0	0.33(94)	0.33(94)	|	2627	
6923	207	ok	|	0.31	1.00	1.00	0.35	0.03	0	|	rapi	0.31	0.35	0	|	94.0	0.35(94)	0.35(94)	|	2627	
6923	208	ok	|	0.30	1.00	1.00	0.34	0.02	0	|	rapi	0.30	0.34	0	|	94.0	0.34(94)	0.34(94)	|	2627	
6923	209	ok	|	0.34	1.00	1.00	0.38	0.03	0	|	rapi	0.34	0.38	0	|	94.0	0.38(94)	0.38(94)	|	2627	
6923	210	ok	|	0.32	1.00	1.00	0.36	0.03	0	|	rapi	0.32	0.36	0	|	94.0	0.36(94)	0.36(94)	|	2627	
6923	211	ok	|	0.31	1.00	1.00	0.35	0.03	0	|	rapi	0.31	0.35	0	|	94.0	0.35(94)	0.35(94)	|	2627	
6923	212	ok	|	0.32	1.00	1.00	0.34	0.03	0	|	rapi	0.32	0.34	0	|	94.0	0.34(94)	0.34(94)	|	2627	
6923	213	ok	|	0.35	1.00	1.00	0.38	0.03	0	|	rapi	0.35	0.38	0	|	94.0	0.38(94)	0.38(94)	|	2627	
6923	214	ok	|	0.32	1.00	1.00	0.36	0.04	0	|	rapi	0.32	0.36	0	|	94.0	0.36(94)	0.36(94)	|	2627	
6923	215	ok	|	0.34	1.00	1.00	0.38	0.04	0	|	rapi	0.34	0.38	0	|	94.0	0.38(94)	0.38(94)	|	2627	
6923	216	ok	|	0.33	1.00	1.00	0.38	0.04	0	|	rapi	0.33	0.38	0	|	94.0	0.38(94)	0.38(94)	|	2627	
6923	217	ok	|	0.35	1.00	1.00	0.40	0.04	0	|	rapi	0.35	0.40	0	|	94.0	0.40(94)	0.40(94)	|	2627	
6923	218	ok	|	0.38	1.00	1.00	0.42	0.04	0	|	rapi	0.38	0.42	0	|	94.0	0.42(94)	0.42(94)	|	2627	
6923	219	ok	|	0.37	1.00	1.00	0.42	0.04	0	|	rapi	0.37	0.42	0	|	94.0	0.42(94)	0.42(94)	|	2627	
6923	220	ok	|	0.37	1.00	1.00	0.43	0.04	0	|	rapi	0.37	0.43	0	|	94.0	0.43(94)	0.43(94)	|	2627	
6923	221	ok	|	0.37	1.00	1.00	0.41	0.04	0	|	rapi	0.37	0.41	0	|	94.0	0.41(94)	0.41(94)	|	2627	
6923	222	ok	|	0.36	1.00	1.00	0.40	0.04	0	|	rapi	0.36	0.40	0	|	94.0	0.40(94)	0.40(94)	|	2627	
6923	223	ok	|	0.31	1.00	1.00	0.35	0.04	0	|	rapi	0.31	0.35	0	|	94.0	0.35(94)	0.35(94)	|	2627	
6923	224	ok	|	0.31	1.00	1.00	0.35	0.03	0	|	rapi	0.31	0.35	0	|	94.0	0.35(94)	0.35(94)	|	2627	
6923	225	ok	|	0.34	1.00	1.00	0.39	0.04	0	|	rapi	0.34	0.39	0	|	94.0	0.39(94)	0.39(94)	|	2627	
6923	226	ok	|	0.35	1.00	1.00	0.40	0.04	0	|	rapi	0.35	0.40	0	|	94.0	0.40(94)	0.40(94)	|	2627	
6923	227	ok	|	0.35	1.00	1.00	0.40	0.04	0	|	rapi	0.35	0.40	0	|	94.0	0.40(94)	0.40(94)	|	2627	
6923	228	ok	|	0.34	1.00	1.00	0.39	0.04	0	|	rapi	0.34	0.39	0	|	94.0	0.39(94)	0.39(94)	|	2627	
6923	229	ok	|	0.34	1.00	1.00	0.39	0.04	0	|	rapi	0.34	0.39	0	|	94.0	0.39(94)	0.39(94)	|	2627	
6923	230	ok	|	0.35	1.00	1.00	0.39	0.04	0	|	rapi	0.35	0.39	0	|	94.0	0.39(94)	0.39(94)	|	2627	
6923	231	ok	|	0.37	1.00	1.00	0.42	0.05	0	|	rapi	0.37	0.42	0	|	94.0	0.42(94)	0.42(94)	|	2627	
6923	232	ok	|	0.36	1.00	1.00	0.40	0.05	0	|	rapi	0.36	0.40	0	|	94.0	0.40(94)	0.40(94)	|	2627	
6923	233	ok	|	0.36	1.00	1.00	0.42	0.05	0	|	rapi	0.36	0.42	0	|	94.0	0.42(94)	0.42(94)	|	2627	
6923	234	ok	|	0.35	1.00	1.00	0.40	0.05	0	|	rapi	0.35	0.40	0	|	94.0	0.40(94)	0.40(94)	|	2627	
6923	235	ok	|	0.36	1.00	1.00	0.41	0.05	0	|	rapi	0.36	0.41	0	|	94.0	0.41(94)	0.41(94)	|	2627	
6923	236	ok	|	0.36	1.00	1.00	0.41	0.05	0	|	rapi	0.36	0.41	0	|	94.0	0.41(94)	0.41(94)	|	2627	
6923	237	ok	|	0.37	1.00	1.00	0.43	0.05	0	|	rapi	0.37	0.43	0	|	94.0	0.43(94)	0.43(94)	|	2627	
6923	238	ok	|	0.38	1.00	1.00	0.43	0.05	0	|	rapi	0.38	0.43	0	|	94.0	0.43(94)	0.43(94)	|	2627	
6923	239	ok	|	0.38	1.00	1.00	0.43	0.05	0	|	rapi	0.38	0.43	0	|	94.0	0.43(94)	0.43(94)	|	2627	
6923	240	ok	|	0.37	1.00	1.00	0.42	0.05	0	|	rapi	0.37	0.42	0	|	94.0	0.42(94)	0.42(94)	|	2627	
6923	241	ok	|	0.39	1.00	1.00	0.43	0.05	0	|	rapi	0.39	0.43	0	|	94.0	0.43(94)	0.43(94)	|	2627	
6923	242	ok	|	0.40	1.00	1.00	0.46	0.06	0	|	rapi	0.40	0.46	0	|	94.0	0.46(94)	0.46(94)	|	2627	
6923	243	ok	|	0.39	1.00	1.00	0.44	0.06	0	|	rapi	0.39	0.44	0	|	94.0	0.44(94)	0.44(94)	|	2627	
6923	244	ok	|	0.37	1.00	1.00	0.43	0.05	0	|	rapi	0.37	0.43	0	|	94.0	0.43(94)	0.43(94)	|	2627	
6923	245	ok	|	0.38	1.00	1.00	0.45	0.06	0	|	rapi	0.38	0.45	0	|	94.0	0.45(94)	0.45(94)	|	2627	
6923	246	ok	|	0.40	1.00	1.00	0.46	0.06	0	|	rapi	0.40	0.46	0	|	94.0	0.46(94)	0.46(94)	|	2627	
6923	247	ok	|	0.38	1.00	1.00	0.44	0.06	0	|	rapi	0.38	0.44	0	|	94.0	0.44(94)	0.44(94)	|	2627	
6923	248	ok	|	0.38	1.00	1.00	0.44	0.06	0	|	rapi	0.38	0.44	0	|	94.0	0.44(94)	0.44(94)	|	2627	
6923	249	ok	|	0.39	1.00	1.00	0.45	0.06	0	|	rapi	0.39	0.45	0	|	94.0	0.45(94)	0.45(94)	|	2627	
6923	250	ok	|	0.38	1.00	1.00	0.43	0.05	0	|	rapi	0.38	0.43	0	|	94.0	0.43(94)	0.43(94)	|	2627	
6923	251	ok	|	0.37	1.00	1.00	0.43	0.05	0	|	rapi	0.37	0.43	0	|	94.0	0.43(94)	0.43(94)	|	2627	
6923	252	ok	|	0.38	1.00	1.00	0.43	0.05	0	|	rapi	0.38	0.43	0	|	94.0	0.43(94)	0.43(94)	|	2627	
6923	253	ok	|	0.36	1.00	1.00	0.42	0.05	0	|	rapi	0.36	0.42	0	|	94.0	0.42(94)	0.42(94)	|	2627	
6923	254	ok	|	0.35	1.00	1.00	0.41	0.05	0	|	rapi	0.35	0.41	0	|	94.0	0.41(94)	0.41(94)	|	2627	
6923	255	ok	|	0.35	1.00	1.00	0.41	0.05	0	|	rapi	0.35	0.41	0	|	94.0	0.41(94)	0.41(94)	|	2627	
6923	256	ok	|	0.36	1.00	1.00	0.42	0.05	0	|	rapi	0.36	0.42	0	|	94.0	0.42(94)	0.42(94)	|	2627	
6923	257	ok	|	0.35	1.00	1.00	0.41	0.05	0	|	rapi	0.35	0.41	0	|	94.0	0.41(94)	0.41(94)	|	2627	
6923	258	ok	|	0.38	1.00	1.00	0.45	0.06	0	|	rapi	0.38	0.45	0	|	94.0	0.45(94)	0.45(94)	|	2627	
6923	259	ok	|	0.38	1.00	1.00	0.45	0.06	0	|	rapi	0.38	0.45	0	|	94.0	0.45(94)	0.45(94)	|	2627	
6923	260	ok	|	0.36	1.00	1.00	0.44	0.05	0	|	rapi	0.36	0.44	0	|	94.0	0.44(94)	0.44(94)	|	2627	
6923	261	ok	|	0.40	1.00	1.00	0.47	0.06	0	|	rapi	0.40	0.47	0	|	94.0	0.47(94)	0.47(94)	|	2627	
6923	262	ok	|	0.44	1.00	1.00	0.53	0.07	0	|	rapi	0.44	0.53	0	|	94.0	0.53(94)	0.53(94)	|	2627	
6923	263	ok	|	0.44	1.00	1.00	0.53	0.07	0	|	rapi	0.44	0.53	0	|	94.0	0.53(94)	0.53(94)	|	2627	
6923	264	ok	|	0.43	1.00	1.00	0.51	0.06	0	|	rapi	0.43	0.51	0	|	94.0	0.51(94)	0.51(94)	|	2627	
6923	265	ok	|	0.45	1.00	1.00	0.55	0.07	0	|	rapi	0.45	0.55	0	|	94.0	0.55(94)	0.55(94)	|	2627	
6923	266	ok	|	0.45	1.00	1.00	0.55	0.07	0	|	rapi	0.45	0.55	0	|	94.0	0.55(94)	0.55(94)	|	2627	
6923	267	ok	|	0.42	1.00	1.00	0.51	0.06	0	|	rapi	0.42	0.51	0	|	94.0	0.51(94)	0.51(94)	|	2627	
6923	268	ok	|	0.41	1.00	1.00	0.52	0.07	0	|	rapi	0.41	0.52	0	|	94.0	0.52(94)	0.52(94)	|	2627	
6923	269	ok	|	0.42	1.00	1.00	0.54	0.07	0	|	rapi	0.42	0.54	0	|	94.0	0.54(94)	0.54(94)	|	2627	
6923	270	ok	|	0.42	1.00	1.00	0.53	0.07	0	|	rapi	0.42	0.53	0	|	94.0	0.53(94)	0.53(94)	|	2627	
6923	271	ok	|	0.42	1.00	1.00	0.53	0.07	0	|	rapi	0.42	0.53	0	|	94.0	0.53(94)	0.53(94)	|	2627	
6923	272	ok	|	0.41	1.00	1.00	0.49	0.06	0	|	rapi	0.41	0.49	0	|	94.0	0.49(94)	0.49(94)	|	2627	
6923	273	ok	|	0.38	1.00	1.00	0.46	0.06	0	|	rapi	0.38	0.46	0	|	94.0	0.46(94)	0.46(94)	|	2627	
6923	274	ok	|	0.42	1.00	1.00	0.49	0.06	0	|	rapi	0.42	0.49	0	|	94.0	0.49(94)	0.49(94)	|	2627	
6923	275	ok	|	0.41	1.00	1.00	0.47	0.06	0	|	rapi	0.41	0.47	0	|	94.0	0.47(94)	0.47(94)	|	2627	
6923	276	ok	|	0.40	1.00	1.00	0.46	0.06	0	|	rapi	0.40	0.46	0	|	94.0	0.46(94)	0.46(94)	|	2627	
6923	277	ok	|	0.40	1.00	1.00	0.48	0.06	0	|	rapi	0.40	0.48	0	|	94.0	0.48(94)	0.48(94)	|	2627	
6923	278	ok	|	0.42	1.00	1.00	0.49	0.06	0	|	rapi	0.42	0.49	0	|	94.0	0.49(94)	0.49(94)	|	2627	
6923	279	ok	|	0.43	1.00	1.00	0.50	0.06	0	|	rapi	0.43	0.50	0	|	94.0	0.50(94)	0.50(94)	|	2627	
6923	280	ok	|	0.43	1.00	1.00	0.51	0.06	0	|	rapi	0.43	0.51	0	|	94.0	0.51(94)	0.51(94)	|	2627	
6923	281	ok	|	0.45	1.00	1.00	0.55	0.07	0	|	rapi	0.45	0.55	0	|	94.0	0.55(94)	0.55(94)	|	2627	
6923	282	ok	|	0.44	1.00	1.00	0.54	0.07	0	|	rapi	0.44	0.54	0	|	94.0	0.54(94)	0.54(94)	|	2627	
6923	283	ok	|	0.45	1.00	1.00	0.54	0.07	0	|	rapi	0.45	0.54	0	|	94.0	0.54(94)	0.54(94)	|	2627	
6923	284	ok	|	0.43	1.00	1.00	0.54	0.07	0	|	rapi	0.43	0.54	0	|	94.0	0.54(94)	0.54(94)	|	2627	
6923	285	ok	|	0.41	1.00	1.00	0.50	0.06	0	|	rapi	0.41	0.50	0	|	94.0	0.50(94)	0.50(94)	|	2627	
6923	286	ok	|	0.40	1.00	1.00	0.47	0.06	0	|	rapi	0.40	0.47	0	|	94.0	0.47(94)	0.47(94)	|	2627	
6923	287	ok	|	0.39	1.00	1.00	0.45	0.06	0	|	rapi	0.39	0.45	0	|	94.0	0.45(94)	0.45(94)	|	2627	
6923	288	ok	|	0.38	1.00	1.00	0.46	0.06	0	|	rapi	0.38	0.46	0	|	94.0	0.46(94)	0.46(94)	|	2627	
6923	289	ok	|	0.39	1.00	1.00	0.47	0.06	0	|	rapi	0.39	0.47	0	|	94.0	0.47(94)	0.47(94)	|	2627	
6923	290	ok	|	0.37	1.00	1.00	0.45	0.06	0	|	rapi	0.37	0.45	0	|	94.0	0.45(94)	0.45(94)	|	2627	
6923	291	ok	|	0.35	1.00	1.00	0.42	0.05	0	|	rapi	0.35	0.42	0	|	94.0	0.42(94)	0.42(94)	|	2627	
6923	292	ok	|	0.36	1.00	1.00	0.42	0.05	0	|	rapi	0.36	0.42	0	|	94.0	0.42(94)	0.42(94)	|	2627	
6923	293	ok	|	0.32	1.00	1.00	0.38	0.05	0	|	rapi	0.32	0.38	0	|	94.0	0.38(94)	0.38(94)	|	2627	
6923	294	ok	|	0.34	1.00	1.00	0.39	0.05	0	|	rapi	0.34	0.39	0	|	94.0	0.39(94)	0.39(94)	|	2627	
6923	295	ok	|	0.33	1.00	1.00	0.38	0.05	0	|	rapi	0.33	0.38	0	|	94.0	0.38(94)	0.38(94)	|	2627	
6923	296	ok	|	0.33	1.00	1.00	0.37	0.05	0	|	rapi	0.33	0.37	0	|	94.0	0.37(94)	0.37(94)	|	2627	
6923	297	ok	|	0.31	1.00	1.00	0.35	0.04	0	|	rapi	0.31	0.35	0	|	94.0	0.35(94)	0.35(94)	|	2627	
6923	298	ok	|	0.32	1.00	1.00	0.35	0.04	0	|	rapi	0.32	0.35	0	|	94.0	0.35(94)	0.35(94)	|	2627	
6923	299	ok	|	0.31	1.00	1.00	0.35	0.06	0	|	rapi	0.31	0.35	0	|	94.0	0.35(94)	0.35(94)	|	2627	
6923	300	ok	|	0.32	1.00	1.00	0.36	0.06	0	|	rapi	0.32	0.36	0	|	94.0	0.36(94)	0.36(94)	|	2627	
6923	301	ok	|	0.32	1.00	1.00	0.36	0.06	0	|	rapi	0.32	0.36	0	|	94.0	0.36(94)	0.36(94)	|	2627	
6923	302	ok	|	0.32	1.00	1.00	0.35	0.06	0	|	rapi	0.32	0.35	0	|	94.0	0.35(94)	0.35(94)	|	2627	
6923	303	ok	|	0.34	1.00	1.00	0.38	0.06	0	|	rapi	0.34	0.38	0	|	94.0	0.38(94)	0.38(94)	|	2627	
6923	304	ok	|	0.31	1.00	1.00	0.35	0.06	0	|	rapi	0.31	0.35	0	|	94.0	0.35(94)	0.35(94)	|	2627	
6923	305	ok	|	0.30	1.00	1.00	0.34	0.06	0	|	rapi	0.30	0.34	0	|	94.0	0.34(94)	0.34(94)	|	2627	
6923	306	ok	|	0.29	1.00	1.00	0.34	0.06	0	|	rapi	0.29	0.34	0	|	94.0	0.34(94)	0.34(94)	|	2627	
6923	307	ok	|	0.31	1.00	1.00	0.35	0.06	0	|	rapi	0.31	0.35	0	|	94.0	0.35(94)	0.35(94)	|	2627	
6923	308	ok	|	0.29	1.00	1.00	0.32	0.05	0	|	rapi	0.29	0.32	0	|	94.0	0.32(94)	0.32(94)	|	2627	
6923	309	ok	|	0.27	1.00	1.00	0.30	0.05	0	|	rapi	0.27	0.30	0	|	94.0	0.30(94)	0.30(94)	|	2627	
6923	310	ok	|	0.26	1.00	1.00	0.29	0.05	0	|	rapi	0.26	0.29	0	|	94.0	0.29(94)	0.29(94)	|	2627	
6923	311	ok	|	0.25	1.00	1.00	0.29	0.05	0	|	rapi	0.25	0.29	0	|	94.0	0.29(94)	0.29(94)	|	2627	
6923	312	ok	|	0.23	1.00	1.00	0.25	0.04	0	|	rapi	0.23	0.25	0	|	94.0	0.25(94)	0.25(94)	|	2627	
6923	313	ok	|	0.23	1.00	1.00	0.26	0.04	0	|	rapi	0.23	0.26	0	|	94.0	0.26(94)	0.26(94)	|	2627	
6923	314	ok	|	0.22	1.00	1.00	0.23	0.04	0	|	rapi	0.22	0.23	0	|	94.0	0.23(94)	0.23(94)	|	2627	
6923	315	ok	|	0.20	1.00	1.00	0.22	0.04	0	|	rapi	0.20	0.22	0	|	94.0	0.22(94)	0.22(94)	|	2627	
6923	316	ok	|	0.21	1.00	1.00	0.23	0.04	0	|	rapi	0.21	0.23	0	|	94.0	0.23(94)	0.23(94)	|	2627	
6923	317	ok	|	0.20	1.00	1.00	0.21	0.04	0	|	rapi	0.20	0.21	0	|	94.0	0.21(94)	0.21(94)	|	2627	
6923	318	ok	|	0.18	1.00	1.00	0.20	0.03	0	|	rapi	0.18	0.20	0	|	94.0	0.20(94)	0.20(94)	|	2627	
6923	319	ok	|	0.17	1.00	1.00	0.18	0.03	0	|	rapi	0.17	0.18	0	|	94.0	0.18(94)	0.18(94)	|	2627	
6923	320	ok	|	0.17	1.00	1.00	0.17	0.03	0	|	rapi	0.17	0.17	0	|	94.0	0.17(94)	0.17(94)	|	2627	
6923	321	ok	|	0.17	1.00	1.00	0.18	0.03	0	|	rapi	0.17	0.18	0	|	94.0	0.18(94)	0.18(94)	|	2627	
6923	322	ok	|	0.17	1.00	1.00	0.18	0.03	0	|	rapi	0.17	0.18	0	|	94.0	0.18(94)	0.18(94)	|	2627	
6923	323	ok	|	0.18	1.00	1.00	0.19	0.03	0	|	rapi	0.18	0.19	0	|	94.0	0.19(94)	0.19(94)	|	2627	
6923	324	ok	|	0.18	1.00	1.00	0.19	0.03	0	|	rapi	0.18	0.19	0	|	94.0	0.19(94)	0.19(94)	|	2627	
6923	325	ok	|	0.18	1.00	1.00	0.20	0.03	0	|	rapi	0.18	0.20	0	|	94.0	0.20(94)	0.20(94)	|	2627	
6923	326	ok	|	0.20	1.00	1.00	0.21	0.03	0	|	rapi	0.20	0.21	0	|	94.0	0.21(94)	0.21(94)	|	2627	
6923	327	ok	|	0.19	1.00	1.00	0.21	0.04	0	|	rapi	0.19	0.21	0	|	94.0	0.21(94)	0.21(94)	|	2627	
6923	328	ok	|	0.17	1.00	1.00	0.18	0.03	0	|	rapi	0.17	0.18	0	|	94.0	0.18(94)	0.18(94)	|	2627	
6923	329	ok	|	0.16	1.00	1.00	0.17	0.03	0	|	rapi	0.16	0.17	0	|	94.0	0.17(94)	0.17(94)	|	2627	
6923	330	ok	|	0.17	1.00	1.00	0.18	0.03	0	|	rapi	0.17	0.18	0	|	94.0	0.18(94)	0.18(94)	|	2627	
6923	331	ok	|	0.16	1.00	1.00	0.17	0.03	0	|	rapi	0.16	0.17	0	|	94.0	0.17(94)	0.17(94)	|	2627	
6923	332	ok	|	0.15	1.00	1.00	0.16	0.03	0	|	rapi	0.15	0.16	0	|	94.0	0.16(94)	0.16(94)	|	2627	
6923	333	ok	|	0.15	1.00	1.00	0.15	0.03	0	|	rapi	0.15	0.15	0	|	94.0	0.15(94)	0.15(94)	|	2627	
6923	334	ok	|	0.17	1.00	1.00	0.17	0.04	0	|	rapi	0.17	0.17	0	|	94.0	0.17(94)	0.17(94)	|	2627	
6923	335	ok	|	0.15	1.00	1.00	0.16	0.04	0	|	rapi	0.15	0.16	0	|	94.0	0.16(94)	0.16(94)	|	2627	
6923	336	ok	|	0.16	1.00	1.00	0.17	0.04	0	|	rapi	0.16	0.17	0	|	94.0	0.17(94)	0.17(94)	|	2627	
6923	337	ok	|	0.17	1.00	1.00	0.18	0.05	0	|	rapi	0.17	0.18	0	|	94.0	0.18(94)	0.18(94)	|	2627	
6923	338	ok	|	0.19	1.00	1.00	0.20	0.05	0	|	rapi	0.19	0.20	0	|	94.0	0.20(94)	0.20(94)	|	2627	
6923	339	ok	|	0.18	1.00	1.00	0.19	0.05	0	|	rapi	0.18	0.19	0	|	94.0	0.19(94)	0.19(94)	|	2627	
6923	340	ok	|	0.17	1.00	1.00	0.18	0.05	0	|	rapi	0.17	0.18	0	|	94.0	0.18(94)	0.18(94)	|	2627	
6923	341	ok	|	0.18	1.00	1.00	0.19	0.05	0	|	rapi	0.18	0.19	0	|	94.0	0.19(94)	0.19(94)	|	2627	
6923	342	ok	|	0.20	1.00	1.00	0.22	0.06	0	|	rapi	0.20	0.22	0	|	94.0	0.22(94)	0.22(94)	|	2627	
6923	343	ok	|	0.21	1.00	1.00	0.22	0.06	0	|	rapi	0.21	0.22	0	|	94.0	0.22(94)	0.22(94)	|	2627	
6923	344	ok	|	0.20	1.00	1.00	0.22	0.05	0	|	rapi	0.20	0.22	0	|	94.0	0.22(94)	0.22(94)	|	2627	
6923	345	ok	|	0.21	1.00	1.00	0.23	0.06	0	|	rapi	0.21	0.23	0	|	94.0	0.23(94)	0.23(94)	|	2627	
6923	346	ok	|	0.22	1.00	1.00	0.25	0.06	0	|	rapi	0.22	0.25	0	|	94.0	0.25(94)	0.25(94)	|	2627	
6923	347	ok	|	0.24	1.00	1.00	0.27	0.07	0	|	rapi	0.24	0.27	0	|	94.0	0.27(94)	0.27(94)	|	2627	
6923	348	ok	|	0.24	1.00	1.00	0.26	0.07	0	|	rapi	0.24	0.26	0	|	94.0	0.26(94)	0.26(94)	|	2627	
6923	349	ok	|	0.23	1.00	1.00	0.25	0.06	0	|	rapi	0.23	0.25	0	|	94.0	0.25(94)	0.25(94)	|	2627	
6923	350	ok	|	0.23	1.00	1.00	0.26	0.06	0	|	rapi	0.23	0.26	0	|	94.0	0.26(94)	0.26(94)	|	2627	
6923	351	ok	|	0.25	1.00	1.00	0.27	0.07	0	|	rapi	0.25	0.27	0	|	94.0	0.27(94)	0.27(94)	|	2627	
6923	352	ok	|	0.24	1.00	1.00	0.27	0.07	0	|	rapi	0.24	0.27	0	|	94.0	0.27(94)	0.27(94)	|	2627	
6923	353	ok	|	0.24	1.00	1.00	0.27	0.07	0	|	rapi	0.24	0.27	0	|	94.0	0.27(94)	0.27(94)	|	2627	
6923	354	ok	|	0.25	1.00	1.00	0.27	0.07	0	|	rapi	0.25	0.27	0	|	94.0	0.27(94)	0.27(94)	|	2627	
6923	355	ok	|	0.27	1.00	1.00	0.30	0.07	0	|	rapi	0.27	0.30	0	|	94.0	0.30(94)	0.30(94)	|	2627	
6923	356	ok	|	0.25	1.00	1.00	0.27	0.07	0	|	rapi	0.25	0.27	0	|	94.0	0.27(94)	0.27(94)	|	2627	
6923	357	ok	|	0.23	1.00	1.00	0.26	0.06	0	|	rapi	0.23	0.26	0	|	94.0	0.26(94)	0.26(94)	|	2627	
6923	358	ok	|	0.22	1.00	1.00	0.25	0.06	0	|	rapi	0.22	0.25	0	|	94.0	0.25(94)	0.25(94)	|	2627	
6923	359	ok	|	0.21	1.00	1.00	0.22	0.06	0	|	rapi	0.21	0.22	0	|	94.0	0.22(94)	0.22(94)	|	2627	
6923	360	ok	|	0.21	1.00	1.00	0.23	0.06	0	|	rapi	0.21	0.23	0	|	94.0	0.23(94)	0.23(94)	|	2627	
6923	361	ok	|	0.22	1.00	1.00	0.24	0.06	0	|	rapi	0.22	0.24	0	|	94.0	0.24(94)	0.24(94)	|	2627	
6923	362	ok	|	0.25	1.00	1.00	0.27	0.07	0	|	rapi	0.25	0.27	0	|	94.0	0.27(94)	0.27(94)	|	2627	
6923	363	ok	|	0.23	1.00	1.00	0.26	0.07	0	|	rapi	0.23	0.26	0	|	94.0	0.26(94)	0.26(94)	|	2627	
6923	364	ok	|	0.25	1.00	1.00	0.28	0.07	0	|	rapi	0.25	0.28	0	|	94.0	0.28(94)	0.28(94)	|	2627	
6923	365	ok	|	0.26	1.00	1.00	0.29	0.07	0	|	rapi	0.26	0.29	0	|	94.0	0.29(94)	0.29(94)	|	2627	
6923	366	ok	|	0.26	1.00	1.00	0.29	0.07	0	|	rapi	0.26	0.29	0	|	94.0	0.29(94)	0.29(94)	|	2627	
6923	367	ok	|	0.26	1.00	1.00	0.28	0.07	0	|	rapi	0.26	0.28	0	|	94.0	0.28(94)	0.28(94)	|	2627	
6923	368	ok	|	0.25	1.00	1.00	0.27	0.07	0	|	rapi	0.25	0.27	0	|	94.0	0.27(94)	0.27(94)	|	2627	
6923	369	ok	|	0.27	1.00	1.00	0.29	0.07	0	|	rapi	0.27	0.29	0	|	94.0	0.29(94)	0.29(94)	|	2627	
6923	370	ok	|	0.25	1.00	1.00	0.28	0.07	0	|	rapi	0.25	0.28	0	|	94.0	0.28(94)	0.28(94)	|	2627	
6923	371	ok	|	0.25	1.00	1.00	0.27	0.07	0	|	rapi	0.25	0.27	0	|	94.0	0.27(94)	0.27(94)	|	2627	
6923	372	ok	|	0.27	1.00	1.00	0.29	0.07	0	|	rapi	0.27	0.29	0	|	94.0	0.29(94)	0.29(94)	|	2627	
6923	373	ok	|	0.25	1.00	1.00	0.27	0.07	0	|	rapi	0.25	0.27	0	|	94.0	0.27(94)	0.27(94)	|	2627	
6923	374	ok	|	0.23	1.00	1.00	0.25	0.06	0	|	rapi	0.23	0.25	0	|	94.0	0.25(94)	0.25(94)	|	2627	
6923	375	ok	|	0.23	1.00	1.00	0.25	0.06	0	|	rapi	0.23	0.25	0	|	94.0	0.25(94)	0.25(94)	|	2627	
6923	376	ok	|	0.24	1.00	1.00	0.25	0.06	0	|	rapi	0.24	0.25	0	|	94.0	0.25(94)	0.25(94)	|	2627	
6923	377	ok	|	0.23	1.00	1.00	0.25	0.06	0	|	rapi	0.23	0.25	0	|	94.0	0.25(94)	0.25(94)	|	2627	
6923	378	ok	|	0.24	1.00	1.00	0.26	0.06	0	|	rapi	0.24	0.26	0	|	94.0	0.26(94)	0.26(94)	|	2627	
6923	379	ok	|	0.22	1.00	1.00	0.23	0.06	0	|	rapi	0.22	0.23	0	|	94.0	0.23(94)	0.23(94)	|	2627	
6923	380	ok	|	0.24	1.00	1.00	0.26	0.06	0	|	rapi	0.24	0.26	0	|	94.0	0.26(94)	0.26(94)	|	2627	
6923	381	ok	|	0.23	1.00	1.00	0.24	0.06	0	|	rapi	0.23	0.24	0	|	94.0	0.24(94)	0.24(94)	|	2627	
6923	382	ok	|	0.22	1.00	1.00	0.23	0.06	0	|	rapi	0.22	0.23	0	|	94.0	0.23(94)	0.23(94)	|	2627	
6923	383	ok	|	0.19	1.00	1.00	0.20	0.05	0	|	rapi	0.19	0.20	0	|	94.0	0.20(94)	0.20(94)	|	2627	
6923	384	ok	|	0.17	1.00	1.00	0.18	0.04	0	|	rapi	0.17	0.18	0	|	94.0	0.18(94)	0.18(94)	|	2627	
6923	385	ok	|	0.18	1.00	1.00	0.19	0.05	0	|	rapi	0.18	0.19	0	|	94.0	0.19(94)	0.19(94)	|	2627	
6923	386	ok	|	0.17	1.00	1.00	0.18	0.04	0	|	rapi	0.17	0.18	0	|	94.0	0.18(94)	0.18(94)	|	2627	
6923	387	ok	|	0.18	1.00	1.00	0.19	0.05	0	|	rapi	0.18	0.19	0	|	94.0	0.19(94)	0.19(94)	|	2627	
6923	388	ok	|	0.17	1.00	1.00	0.18	0.05	0	|	rapi	0.17	0.18	0	|	94.0	0.18(94)	0.18(94)	|	2627	
6923	389	ok	|	0.18	1.00	1.00	0.19	0.05	0	|	rapi	0.18	0.19	0	|	94.0	0.19(94)	0.19(94)	|	2627	
6923	390	ok	|	0.18	1.00	1.00	0.19	0.05	0	|	rapi	0.18	0.19	0	|	94.0	0.19(94)	0.19(94)	|	2627	
6923	391	ok	|	0.16	1.00	1.00	0.17	0.04	0	|	rapi	0.16	0.17	0	|	94.0	0.17(94)	0.17(94)	|	2627	
6923	392	ok	|	0.15	1.00	1.00	0.15	0.04	0	|	rapi	0.15	0.15	0	|	94.0	0.15(94)	0.15(94)	|	2627	
6923	393	ok	|	0.14	1.00	1.00	0.15	0.04	0	|	rapi	0.14	0.15	0	|	94.0	0.15(94)	0.15(94)	|	2627	
6923	394	ok	|	0.14	1.00	1.00	0.14	0.04	0	|	rapi	0.14	0.14	0	|	94.0	0.14(94)	0.14(94)	|	2627	
6923	395	ok	|	0.17	1.00	1.00	0.18	0.04	0	|	rapi	0.17	0.18	0	|	94.0	0.18(94)	0.18(94)	|	2627	
6923	396	ok	|	0.16	1.00	1.00	0.16	0.04	0	|	rapi	0.16	0.16	0	|	94.0	0.16(94)	0.16(94)	|	2627	
6923	397	ok	|	0.16	1.00	1.00	0.16	0.04	0	|	rapi	0.16	0.16	0	|	94.0	0.16(94)	0.16(94)	|	2627	
6923	398	ok	|	0.15	1.00	1.00	0.15	0.04	0	|	rapi	0.15	0.15	0	|	94.0	0.15(94)	0.15(94)	|	2627	
6923	399	ok	|	0.15	1.00	1.00	0.16	0.04	0	|	rapi	0.15	0.16	0	|	94.0	0.16(94)	0.16(94)	|	2627	
6923	400	ok	|	0.15	1.00	1.00	0.16	0.04	0	|	rapi	0.15	0.16	0	|	94.0	0.16(94)	0.16(94)	|	2627	
6923	401	ok	|	0.14	1.00	1.00	0.14	0.04	0	|	rapi	0.14	0.14	0	|	94.0	0.14(94)	0.14(94)	|	2627	
6923	402	ok	|	0.14	1.00	1.00	0.15	0.04	0	|	rapi	0.14	0.15	0	|	94.0	0.15(94)	0.15(94)	|	2627	
6923	403	ok	|	0.14	1.00	1.00	0.14	0.04	0	|	rapi	0.14	0.14	0	|	94.0	0.14(94)	0.14(94)	|	2627	
6923	404	ok	|	0.14	1.00	1.00	0.14	0.04	0	|	rapi	0.14	0.14	0	|	94.0	0.14(94)	0.14(94)	|	2627	
6923	405	ok	|	0.13	1.00	1.00	0.14	0.04	0	|	rapi	0.13	0.14	0	|	94.0	0.14(94)	0.14(94)	|	2627	
6923	406	ok	|	0.14	1.00	1.00	0.15	0.04	0	|	rapi	0.14	0.15	0	|	94.0	0.15(94)	0.15(94)	|	2627	
6923	407	ok	|	0.14	1.00	1.00	0.14	0.04	0	|	rapi	0.14	0.14	0	|	94.0	0.14(94)	0.14(94)	|	2627	
6923	408	ok	|	0.13	1.00	1.00	0.14	0.03	0	|	rapi	0.13	0.14	0	|	94.0	0.14(94)	0.14(94)	|	2627	
6923	409	ok	|	0.12	1.00	1.00	0.12	0.06	0	|	rapi	0.12	0.12	0	|	94.0	0.12(94)	0.12(94)	|	2627	
6923	410	ok	|	0.11	1.00	1.00	0.11	0.06	0	|	rapi	0.11	0.11	0	|	94.0	0.11(94)	0.11(94)	|	2627	
6923	411	ok	|	0.13	1.00	1.00	0.13	0.07	0	|	rapi	0.13	0.13	0	|	94.0	0.13(94)	0.13(94)	|	2627	
6923	412	ok	|	0.14	1.00	1.00	0.14	0.07	0	|	rapi	0.14	0.14	0	|	94.0	0.14(94)	0.14(94)	|	2627	
6923	413	ok	|	0.14	1.00	1.00	0.15	0.07	0	|	rapi	0.14	0.15	0	|	94.0	0.15(94)	0.15(94)	|	2627	
6923	414	ok	|	0.15	1.00	1.00	0.16	0.08	0	|	rapi	0.15	0.16	0	|	94.0	0.16(94)	0.16(94)	|	2627	
6923	415	ok	|	0.17	1.00	1.00	0.17	0.09	0	|	rapi	0.17	0.17	0	|	94.0	0.17(94)	0.17(94)	|	2627	
6923	416	ok	|	0.18	1.00	1.00	0.19	0.09	0	|	rapi	0.18	0.19	0	|	94.0	0.19(94)	0.19(94)	|	2627	
6923	417	ok	|	0.17	1.00	1.00	0.18	0.09	0	|	rapi	0.17	0.18	0	|	94.0	0.18(94)	0.18(94)	|	2627	
6923	418	ok	|	0.16	1.00	1.00	0.17	0.09	0	|	rapi	0.16	0.17	0	|	94.0	0.17(94)	0.17(94)	|	2627	
6923	419	ok	|	0.16	1.00	1.00	0.16	0.08	0	|	rapi	0.16	0.16	0	|	94.0	0.16(94)	0.16(94)	|	2627	
6923	420	ok	|	0.15	1.00	1.00	0.16	0.08	0	|	rapi	0.15	0.16	0	|	94.0	0.16(94)	0.16(94)	|	2627	
6923	421	ok	|	0.15	1.00	1.00	0.15	0.08	0	|	rapi	0.15	0.15	0	|	94.0	0.15(94)	0.15(94)	|	2627	
6923	422	ok	|	0.13	1.00	1.00	0.13	0.07	0	|	rapi	0.13	0.13	0	|	94.0	0.13(94)	0.13(94)	|	2627	
6923	423	ok	|	0.12	1.00	1.00	0.12	0.06	0	|	rapi	0.12	0.12	0	|	94.0	0.12(94)	0.12(94)	|	2627	
6923	424	ok	|	0.12	1.00	1.00	0.12	0.06	0	|	rapi	0.12	0.12	0	|	94.0	0.12(94)	0.12(94)	|	2627	
6923	425	ok	|	0.11	1.00	1.00	0.11	0.06	0	|	rapi	0.11	0.11	0	|	94.0	0.11(94)	0.11(94)	|	2627	
6923	426	ok	|	0.10	1.00	1.00	0.10	0.05	0	|	rapi	0.10	0.10	0	|	94.0	0.10(94)	0.10(94)	|	2627	
6923	427	ok	|	0.09	1.00	1.00	0.09	0.05	0	|	rapi	0.09	0.09	0	|	94.0	0.09(94)	0.09(94)	|	2627	
6923	428	ok	|	0.10	1.00	1.00	0.10	0.05	0	|	rapi	0.10	0.10	0	|	94.0	0.10(94)	0.10(94)	|	2627	
6923	429	ok	|	0.11	1.00	1.00	0.11	0.06	0	|	rapi	0.11	0.11	0	|	94.0	0.11(94)	0.11(94)	|	2627	
6923	430	ok	|	0.10	1.00	1.00	0.10	0.05	0	|	rapi	0.10	0.10	0	|	94.0	0.10(94)	0.10(94)	|	2627	
6923	431	ok	|	0.09	1.00	1.00	0.10	0.05	0	|	rapi	0.09	0.10	0	|	94.0	0.10(94)	0.10(94)	|	2627	
6923	432	ok	|	0.08	1.00	1.00	0.09	0.04	0	|	rapi	0.08	0.09	0	|	94.0	0.09(94)	0.09(94)	|	2627	
6923	433	ok	|	0.09	1.00	1.00	0.10	0.05	0	|	rapi	0.09	0.10	0	|	94.0	0.10(94)	0.10(94)	|	2627	
6923	434	ok	|	0.08	1.00	1.00	0.08	0.04	0	|	rapi	0.08	0.08	0	|	94.0	0.08(94)	0.08(94)	|	2627	
6923	435	ok	|	0.07	1.00	1.00	0.07	0.04	0	|	rapi	0.07	0.07	0	|	94.0	0.07(94)	0.07(94)	|	2627	
6923	436	ok	|	0.06	1.00	1.00	0.06	0.03	0	|	rapi	0.06	0.06	0	|	94.0	0.06(94)	0.06(94)	|	2627	
6923	437	ok	|	0.06	1.00	1.00	0.06	0.03	0	|	rapi	0.06	0.06	0	|	94.0	0.06(94)	0.06(94)	|	2627	
6923	438	ok	|	0.05	1.00	1.00	0.05	0.02	0	|	rapi	0.05	0.05	0	|	94.0	0.05(94)	0.05(94)	|	2627	
6923	439	ok	|	0.04	1.00	1.00	0.04	0.02	0	|	rapi	0.04	0.04	0	|	94.0	0.04(94)	0.04(94)	|	2627	
6923	440	ok	|	0.04	1.00	1.00	0.05	0.02	0	|	rapi	0.04	0.05	0	|	94.0	0.05(94)	0.05(94)	|	2627	
6923	441	ok	|	0.04	1.00	1.00	0.04	0.02	0	|	rapi	0.04	0.04	0	|	94.0	0.04(94)	0.04(94)	|	2627	
6923	442	ok	|	0.04	1.00	1.00	0.04	0.02	0	|	rapi	0.04	0.04	0	|	94.0	0.04(94)	0.04(94)	|	2627	
6923	443	ok	|	0.03	1.00	1.00	0.03	0.02	0	|	rapi	0.03	0.03	0	|	94.0	0.03(94)	0.03(94)	|	2627	
6923	444	ok	|	0.03	1.00	1.00	0.03	0.02	0	|	rapi	0.03	0.03	0	|	94.0	0.03(94)	0.03(94)	|	2627	
6923	445	ok	|	0.03	1.00	1.00	0.04	0.02	0	|	rapi	0.03	0.04	0	|	94.0	0.04(94)	0.04(94)	|	2627	
6923	446	ok	|	0.04	1.00	1.00	0.04	0.02	0	|	rapi	0.04	0.04	0	|	94.0	0.04(94)	0.04(94)	|	2627	
6923	447	ok	|	0.04	1.00	1.00	0.04	0.02	0	|	rapi	0.04	0.04	0	|	94.0	0.04(94)	0.04(94)	|	2627	
6923	448	ok	|	0.04	1.00	1.00	0.04	0.02	0	|	rapi	0.04	0.04	0	|	94.0	0.04(94)	0.04(94)	|	2627	
6923	449	ok	|	0.05	1.00	1.00	0.05	0.02	0	|	rapi	0.05	0.05	0	|	94.0	0.05(94)	0.05(94)	|	2627	
6923	450	ok	|	0.04	1.00	1.00	0.04	0.02	0	|	rapi	0.04	0.04	0	|	94.0	0.04(94)	0.04(94)	|	2627	
6923	451	ok	|	0.04	1.00	1.00	0.04	0.02	0	|	rapi	0.04	0.04	0	|	94.0	0.04(94)	0.04(94)	|	2627	
6923	452	ok	|	0.04	1.00	1.00	0.04	0.02	0	|	rapi	0.04	0.04	0	|	94.0	0.04(94)	0.04(94)	|	2627	
6923	453	ok	|	0.05	1.00	1.00	0.05	0.02	0	|	rapi	0.05	0.05	0	|	94.0	0.05(94)	0.05(94)	|	2627	
6923	454	ok	|	0.05	1.00	1.00	0.05	0.03	0	|	rapi	0.05	0.05	0	|	94.0	0.05(94)	0.05(94)	|	2627	
6923	455	ok	|	0.04	1.00	1.00	0.05	0.02	0	|	rapi	0.04	0.05	0	|	94.0	0.05(94)	0.05(94)	|	2627	
6923	456	ok	|	0.03	1.00	1.00	0.03	0.02	0	|	rapi	0.03	0.03	0	|	94.0	0.03(94)	0.03(94)	|	2627	
6923	457	ok	|	0.03	1.00	1.00	0.03	0.02	0	|	rapi	0.03	0.03	0	|	94.0	0.03(94)	0.03(94)	|	2627	
6923	458	ok	|	0.02	1.00	1.00	0.03	0.01	0	|	rapi	0.02	0.03	0	|	94.0	0.03(94)	0.03(94)	|	2627	
6923	459	ok	|	0.02	1.00	1.00	0.02	0.01	0	|	rapi	0.02	0.02	0	|	94.0	0.02(94)	0.02(94)	|	2627	
6923	460	ok	|	0.02	1.00	1.00	0.02	0.01	0	|	rapi	0.02	0.02	0	|	94.0	0.02(94)	0.02(94)	|	2627	
6923	461	ok	|	0.01	1.00	1.00	0.01	0.01	0	|	rapi	0.01	0.01	0	|	94.0	0.01(94)	0.01(94)	|	2627	
6923	462	ok	|	0.02	1.00	1.00	0.02	0.01	0	|	rapi	0.02	0.02	0	|	94.0	0.02(94)	0.02(94)	|	2627	
6923	463	ok	|	0.03	1.00	1.00	0.03	0.01	0	|	rapi	0.03	0.03	0	|	94.0	0.03(94)	0.03(94)	|	2627	
6923	464	ok	|	0.01	1.00	1.00	0.01	0.01	0	|	rapi	0.01	0.01	0	|	94.0	0.01(94)	0.01(94)	|	2627	
6923	465	ok	|	0.01	1.00	1.00	0.01	0.00	0	|	rapi	0.01	0.01	0	|	94.0	0.01(94)	0.01(94)	|	2627	
6923	466	ok	|	0.01	1.00	1.00	0.01	0.00	0	|	rapi	0.01	0.01	0	|	94.0	0.01(94)	0.01(94)	|	2627	
6923	467	ok	|	0.01	1.00	1.00	0.01	0.00	0	|	rapi	0.01	0.01	0	|	94.0	0.01(94)	0.01(94)	|	2627	
6923	468	ok	|	0.01	1.00	1.00	0.01	0.00	0	|	rapi	0.01	0.01	0	|	94.0	0.01(94)	0.01(94)	|	2627	
6923	469	ok	|	0.01	1.00	1.00	0.01	0.01	0	|	rapi	0.01	0.01	0	|	94.0	0.01(94)	0.01(94)	|	2627	
6923	470	ok	|	0.01	1.00	1.00	0.01	0.00	0	|	rapi	0.01	0.01	0	|	94.0	0.01(94)	0.01(94)	|	2627	
6923	471	ok	|	0.01	1.00	1.00	0.01	0.00	0	|	rapi	0.01	0.01	0	|	94.0	0.01(94)	0.01(94)	|	2627	
6923	472	ok	|	0.01	1.00	1.00	0.01	0.00	0	|	rapi	0.01	0.01	0	|	94.0	0.01(94)	0.01(94)	|	2627	
6923	473	ok	|	0.00	1.00	1.00	0.00	0.00	0	|	rapi	0.00	0.00	0	|	94.0	0.00(94)	0.00(94)	|	2627	
6923	474	ok	|	0.00	1.00	1.00	0.00	0.00	0	|	rapi	0.00	0.00	0	|	94.0	0.00(94)	0.00(94)	|	2627	
6923	475	ok	|	0.00	1.00	1.00	0.00	0.00	0	|	rapi	0.00	0.00	0	|	94.0	0.00(94)	0.00(94)	|	2627	
6923	476	ok	|	0.00	1.00	1.00	0.00	0.00	0	|	rapi	0.00	0.00	0	|	94.0	0.00(94)	0.00(94)	|	2627	
6923	477	ok	|	0.01	1.00	1.00	0.01	0.00	0	|	rapi	0.01	0.01	0	|	94.0	0.01(94)	0.01(94)	|	2627	
6923	478	ok	|	0.01	1.00	1.00	0.01	0.00	0	|	rapi	0.01	0.01	0	|	94.0	0.01(94)	0.01(94)	|	2627	
6923	479	ok	|	0.01	1.00	1.00	0.01	0.01	0	|	rapi	0.01	0.01	0	|	94.0	0.01(94)	0.01(94)	|	2627	
6923	480	ok	|	0.00	1.00	1.00	0.00	0.00	0	|	rapi	0.00	0.00	0	|	94.0	0.00(94)	0.00(94)	|	2627	
6923	481	ok	|	0.00	1.00	1.00	0.00	0.00	0	|	rapi	0.00	0.00	0	|	94.0	0.00(94)	0.00(94)	|	2627	
6923	482	ok	|	0.01	1.00	1.00	0.01	0.00	0	|	rapi	0.01	0.01	0	|	94.0	0.01(94)	0.01(94)	|	2627	
6923	483	ok	|	0.01	1.00	1.00	0.01	0.00	0	|	rapi	0.01	0.01	0	|	94.0	0.01(94)	0.01(94)	|	2627	
6923	484	ok	|	0.01	1.00	1.00	0.01	0.00	0	|	rapi	0.01	0.01	0	|	94.0	0.01(94)	0.01(94)	|	2627	
6923	485	ok	|	0.00	1.00	1.00	0.00	0.00	0	|	rapi	0.00	0.00	0	|	94.0	0.00(94)	0.00(94)	|	2627	
6923	486	ok	|	0.00	1.00	1.00	0.00	0.00	0	|	rapi	0.00	0.00	0	|	94.0	0.00(94)	0.00(94)	|	2627	
6923	487	ok	|	0.00	1.00	1.00	0.00	0.00	0	|	rapi	0.00	0.00	0	|	94.0	0.00(94)	0.00(94)	|	2627	
6923	488	fail-0	|	0.00	1.00	1.00	0.00	NaN	0	|	rapi	0.00	0.00	0	|	NaN			|	2627	
