694	0	ok	|	0.10	1.00	1.00	0.10	0.00	0	|	rapi	0.08	0.09	0	|	95.0	0.10(95)	0.09(95)	|	1024	
694	1	ok	|	0.10	1.00	1.00	0.10	0.00	0	|	rapi	0.08	0.09	0	|	95.0	0.10(95)	0.09(95)	|	1024	
694	2	ok	|	0.09	1.00	1.00	0.10	0.00	0	|	rapi	0.07	0.08	0	|	95.0	0.10(95)	0.08(95)	|	1024	
694	3	ok	|	0.09	1.00	1.00	0.09	0.00	0	|	rapi	0.07	0.07	0	|	95.0	0.09(95)	0.07(95)	|	1024	
694	4	ok	|	0.09	1.00	1.00	0.10	0.00	0	|	rapi	0.08	0.08	0	|	95.0	0.10(95)	0.08(95)	|	1024	
694	5	ok	|	0.07	1.00	1.00	0.08	0.00	0	|	rapi	0.06	0.07	0	|	95.0	0.08(95)	0.07(95)	|	1024	
694	6	ok	|	0.07	1.00	1.00	0.07	0.00	0	|	rapi	0.06	0.06	0	|	95.0	0.07(95)	0.06(95)	|	1024	
694	7	ok	|	0.07	1.00	1.00	0.07	0.00	0	|	rapi	0.06	0.06	0	|	95.0	0.07(95)	0.06(95)	|	1024	
694	8	ok	|	0.07	1.00	1.00	0.07	0.00	0	|	rapi	0.06	0.06	0	|	95.0	0.07(95)	0.06(95)	|	1024	
694	9	ok	|	0.07	1.00	1.00	0.08	0.00	0	|	rapi	0.06	0.06	0	|	95.0	0.08(95)	0.06(95)	|	1024	
694	10	ok	|	0.08	1.00	1.00	0.08	0.00	0	|	rapi	0.07	0.07	0	|	95.0	0.08(95)	0.07(95)	|	1024	
694	11	ok	|	0.08	1.00	1.00	0.08	0.00	0	|	rapi	0.07	0.07	0	|	95.0	0.08(95)	0.07(95)	|	1024	
694	12	ok	|	0.07	1.00	1.00	0.07	0.00	0	|	rapi	0.06	0.07	0	|	95.0	0.07(95)	0.07(95)	|	1024	
694	13	ok	|	0.06	1.00	1.00	0.06	0.00	0	|	rapi	0.05	0.06	0	|	95.0	0.06(95)	0.06(95)	|	1024	
694	14	ok	|	0.07	1.00	1.00	0.07	0.00	0	|	rapi	0.06	0.06	0	|	95.0	0.07(95)	0.06(95)	|	1024	
694	15	ok	|	0.07	1.00	1.00	0.07	0.00	0	|	rapi	0.06	0.06	0	|	95.0	0.07(95)	0.06(95)	|	1024	
694	16	ok	|	0.05	1.00	1.00	0.05	0.00	0	|	rapi	0.04	0.04	0	|	95.0	0.05(95)	0.04(95)	|	1024	
694	17	ok	|	0.06	1.00	1.00	0.06	0.00	0	|	rapi	0.05	0.05	0	|	95.0	0.06(95)	0.05(95)	|	1024	
694	18	ok	|	0.07	1.00	1.00	0.07	0.00	0	|	rapi	0.05	0.05	0	|	95.0	0.07(95)	0.05(95)	|	1024	
694	19	ok	|	0.06	1.00	1.00	0.07	0.00	0	|	rapi	0.05	0.05	0	|	95.0	0.07(95)	0.05(95)	|	1024	
694	20	ok	|	0.06	1.00	1.00	0.07	0.00	0	|	rapi	0.04	0.04	0	|	95.0	0.07(95)	0.04(95)	|	1024	
694	21	ok	|	0.06	1.00	1.00	0.06	0.00	0	|	rapi	0.04	0.04	0	|	95.0	0.06(95)	0.04(95)	|	1024	
694	22	ok	|	0.06	1.00	1.00	0.06	0.00	0	|	rapi	0.04	0.04	0	|	95.0	0.06(95)	0.04(95)	|	1024	
694	23	ok	|	0.06	1.00	1.00	0.06	0.00	0	|	rapi	0.04	0.04	0	|	95.0	0.06(95)	0.04(95)	|	1024	
694	24	ok	|	0.07	1.00	1.00	0.07	0.00	0	|	rapi	0.05	0.05	0	|	95.0	0.07(95)	0.05(95)	|	1024	
694	25	ok	|	0.06	1.00	1.00	0.06	0.00	0	|	rapi	0.04	0.04	0	|	95.0	0.06(95)	0.04(95)	|	1024	
694	26	ok	|	0.06	1.00	1.00	0.06	0.00	0	|	rapi	0.04	0.04	0	|	95.0	0.06(95)	0.04(95)	|	1024	
694	27	ok	|	0.05	1.00	1.00	0.05	0.00	0	|	rapi	0.04	0.04	0	|	95.0	0.05(95)	0.04(95)	|	1024	
694	28	ok	|	0.04	1.00	1.00	0.04	0.00	0	|	rapi	0.04	0.04	0	|	95.0	0.04(95)	0.04(95)	|	1024	
694	29	ok	|	0.05	1.00	1.00	0.05	0.00	0	|	rapi	0.04	0.05	0	|	95.0	0.05(95)	0.05(95)	|	1024	
694	30	ok	|	0.05	1.00	1.00	0.05	0.00	0	|	rapi	0.05	0.05	0	|	95.0	0.05(95)	0.05(95)	|	1024	
694	31	ok	|	0.05	1.00	1.00	0.05	0.00	0	|	rapi	0.05	0.05	0	|	95.0	0.05(95)	0.05(95)	|	1024	
694	32	ok	|	0.05	1.00	1.00	0.05	0.00	0	|	rapi	0.04	0.05	0	|	95.0	0.05(95)	0.05(95)	|	1024	
694	33	ok	|	0.03	1.00	1.00	0.03	0.00	0	|	rapi	0.03	0.03	0	|	95.0	0.03(95)	0.03(95)	|	1024	
694	34	ok	|	0.04	1.00	1.00	0.04	0.00	0	|	rapi	0.03	0.03	0	|	95.0	0.04(95)	0.03(95)	|	1024	
694	35	ok	|	0.03	1.00	1.00	0.03	0.00	0	|	rapi	0.03	0.03	0	|	95.0	0.03(95)	0.03(95)	|	1024	
694	36	ok	|	0.03	1.00	1.00	0.03	0.00	0	|	rapi	0.02	0.02	0	|	95.0	0.03(95)	0.02(95)	|	1024	
694	37	ok	|	0.02	1.00	1.00	0.02	0.00	0	|	rapi	0.02	0.02	0	|	95.0	0.02(95)	0.02(95)	|	1024	
694	38	ok	|	0.03	1.00	1.00	0.03	0.00	0	|	rapi	0.02	0.02	0	|	95.0	0.03(95)	0.02(95)	|	1024	
694	39	ok	|	0.04	1.00	1.00	0.04	0.00	0	|	rapi	0.03	0.03	0	|	95.0	0.04(95)	0.03(95)	|	1024	
694	40	ok	|	0.04	1.00	1.00	0.04	0.00	0	|	rapi	0.04	0.04	0	|	95.0	0.04(95)	0.04(95)	|	1024	
694	41	ok	|	0.05	1.00	1.00	0.05	0.00	0	|	rapi	0.04	0.04	0	|	95.0	0.05(95)	0.04(95)	|	1024	
694	42	ok	|	0.05	1.00	1.00	0.05	0.00	0	|	rapi	0.05	0.05	0	|	95.0	0.05(95)	0.05(95)	|	1024	
694	43	ok	|	0.05	1.00	1.00	0.06	0.00	0	|	rapi	0.05	0.05	0	|	95.0	0.06(95)	0.05(95)	|	1024	
694	44	ok	|	0.06	1.00	1.00	0.06	0.00	0	|	rapi	0.06	0.06	0	|	95.0	0.06(95)	0.06(95)	|	1024	
694	45	ok	|	0.08	1.00	1.00	0.08	0.01	0	|	rapi	0.08	0.08	0	|	95.0	0.08(95)	0.08(95)	|	1024	
694	46	ok	|	0.08	1.00	1.00	0.09	0.01	0	|	rapi	0.08	0.08	0	|	95.0	0.09(95)	0.08(95)	|	1024	
694	47	ok	|	0.08	1.00	1.00	0.08	0.01	0	|	rapi	0.07	0.08	0	|	95.0	0.08(95)	0.08(95)	|	1024	
694	48	ok	|	0.07	1.00	1.00	0.07	0.01	0	|	rapi	0.07	0.07	0	|	95.0	0.07(95)	0.07(95)	|	1024	
694	49	ok	|	0.07	1.00	1.00	0.07	0.01	0	|	rapi	0.07	0.07	0	|	95.0	0.07(95)	0.07(95)	|	1024	
694	50	ok	|	0.05	1.00	1.00	0.06	0.01	0	|	rapi	0.05	0.06	0	|	95.0	0.06(95)	0.06(95)	|	1024	
694	51	ok	|	0.06	1.00	1.00	0.06	0.01	0	|	rapi	0.06	0.06	0	|	95.0	0.06(95)	0.06(95)	|	1024	
694	52	ok	|	0.04	1.00	1.00	0.04	0.01	0	|	rapi	0.04	0.04	0	|	95.0	0.04(95)	0.04(95)	|	1024	
694	53	ok	|	0.04	1.00	1.00	0.04	0.01	0	|	rapi	0.04	0.04	0	|	95.0	0.04(95)	0.04(95)	|	1024	
694	54	ok	|	0.03	1.00	1.00	0.03	0.00	0	|	rapi	0.03	0.03	0	|	95.0	0.03(95)	0.03(95)	|	1024	
694	55	ok	|	0.02	1.00	1.00	0.02	0.01	0	|	rapi	0.02	0.02	0	|	95.0	0.02(95)	0.02(95)	|	1024	
694	56	ok	|	0.02	1.00	1.00	0.02	0.01	0	|	rapi	0.02	0.02	0	|	95.0	0.02(95)	0.02(95)	|	1024	
694	57	ok	|	0.03	1.00	1.00	0.03	0.01	0	|	rapi	0.03	0.03	0	|	95.0	0.03(95)	0.03(95)	|	1024	
694	58	ok	|	0.02	1.00	1.00	0.02	0.00	0	|	rapi	0.02	0.02	0	|	95.0	0.02(95)	0.02(95)	|	1024	
694	59	ok	|	0.02	1.00	1.00	0.02	0.00	0	|	rapi	0.02	0.02	0	|	95.0	0.02(95)	0.02(95)	|	1024	
694	60	ok	|	0.02	1.00	1.00	0.02	0.00	0	|	rapi	0.02	0.02	0	|	95.0	0.02(95)	0.02(95)	|	1024	
694	61	ok	|	0.01	1.00	1.00	0.01	0.00	0	|	rapi	0.01	0.01	0	|	95.0	0.01(95)	0.01(95)	|	1024	
694	62	ok	|	0.01	1.00	1.00	0.01	0.00	0	|	rapi	0.01	0.01	0	|	95.0	0.01(95)	0.01(95)	|	1024	
694	63	ok	|	0.01	1.00	1.00	0.01	0.01	0	|	rapi	0.01	0.01	0	|	95.0	0.01(95)	0.01(95)	|	1024	
694	64	ok	|	0.01	1.00	1.00	0.01	0.01	0	|	rapi	0.01	0.01	0	|	95.0	0.01(95)	0.01(95)	|	1024	
694	65	ok	|	0.01	1.00	1.00	0.01	0.01	0	|	rapi	0.01	0.01	0	|	95.0	0.01(95)	0.01(95)	|	1024	
694	66	ok	|	0.01	1.00	1.00	0.01	0.01	0	|	rapi	0.01	0.01	0	|	95.0	0.01(95)	0.01(95)	|	1024	
694	67	ok	|	0.02	1.00	1.00	0.02	0.01	0	|	rapi	0.02	0.02	0	|	95.0	0.02(95)	0.02(95)	|	1024	
694	68	ok	|	0.02	1.00	1.00	0.02	0.01	0	|	rapi	0.02	0.02	0	|	95.0	0.02(95)	0.02(95)	|	1024	
694	69	ok	|	0.03	1.00	1.00	0.03	0.01	0	|	rapi	0.03	0.03	0	|	95.0	0.03(95)	0.03(95)	|	1024	
694	70	ok	|	0.02	1.00	1.00	0.02	0.01	0	|	rapi	0.02	0.02	0	|	95.0	0.02(95)	0.02(95)	|	1024	
694	71	ok	|	0.02	1.00	1.00	0.02	0.01	0	|	rapi	0.02	0.02	0	|	95.0	0.02(95)	0.02(95)	|	1024	
694	72	ok	|	0.02	1.00	1.00	0.02	0.01	0	|	rapi	0.02	0.02	0	|	95.0	0.02(95)	0.02(95)	|	1024	
694	73	ok	|	0.02	1.00	1.00	0.02	0.01	0	|	rapi	0.02	0.02	0	|	95.0	0.02(95)	0.02(95)	|	1024	
694	74	ok	|	0.03	1.00	1.00	0.03	0.01	0	|	rapi	0.03	0.03	0	|	95.0	0.03(95)	0.03(95)	|	1024	
694	75	ok	|	0.02	1.00	1.00	0.02	0.01	0	|	rapi	0.02	0.02	0	|	95.0	0.02(95)	0.02(95)	|	1024	
694	76	ok	|	0.02	1.00	1.00	0.02	0.01	0	|	rapi	0.02	0.02	0	|	95.0	0.02(95)	0.02(95)	|	1024	
694	77	ok	|	0.03	1.00	1.00	0.03	0.01	0	|	rapi	0.03	0.03	0	|	95.0	0.03(95)	0.03(95)	|	1024	
694	78	ok	|	0.03	1.00	1.00	0.03	0.02	0	|	rapi	0.03	0.03	0	|	95.0	0.03(95)	0.03(95)	|	1024	
694	79	ok	|	0.04	1.00	1.00	0.04	0.02	0	|	rapi	0.04	0.04	0	|	95.0	0.04(95)	0.04(95)	|	1024	
694	80	ok	|	0.04	1.00	1.00	0.04	0.02	0	|	rapi	0.04	0.04	0	|	95.0	0.04(95)	0.04(95)	|	1024	
694	81	ok	|	0.04	1.00	1.00	0.04	0.02	0	|	rapi	0.04	0.04	0	|	95.0	0.04(95)	0.04(95)	|	1024	
694	82	ok	|	0.04	1.00	1.00	0.04	0.02	0	|	rapi	0.04	0.04	0	|	95.0	0.04(95)	0.04(95)	|	1024	
694	83	ok	|	0.04	1.00	1.00	0.04	0.02	0	|	rapi	0.04	0.04	0	|	95.0	0.04(95)	0.04(95)	|	1024	
694	84	ok	|	0.04	1.00	1.00	0.04	0.02	0	|	rapi	0.04	0.04	0	|	95.0	0.04(95)	0.04(95)	|	1024	
694	85	ok	|	0.04	1.00	1.00	0.04	0.02	0	|	rapi	0.04	0.04	0	|	95.0	0.04(95)	0.04(95)	|	1024	
694	86	ok	|	0.04	1.00	1.00	0.04	0.02	0	|	rapi	0.04	0.04	0	|	95.0	0.04(95)	0.04(95)	|	1024	
694	87	ok	|	0.04	1.00	1.00	0.04	0.02	0	|	rapi	0.04	0.04	0	|	95.0	0.04(95)	0.04(95)	|	1024	
694	88	ok	|	0.05	1.00	1.00	0.05	0.02	0	|	rapi	0.05	0.05	0	|	95.0	0.05(95)	0.05(95)	|	1024	
694	89	ok	|	0.05	1.00	1.00	0.06	0.03	0	|	rapi	0.05	0.06	0	|	95.0	0.06(95)	0.06(95)	|	1024	
694	90	ok	|	0.06	1.00	1.00	0.06	0.03	0	|	rapi	0.06	0.06	0	|	95.0	0.06(95)	0.06(95)	|	1024	
694	91	ok	|	0.07	1.00	1.00	0.07	0.03	0	|	rapi	0.07	0.07	0	|	95.0	0.07(95)	0.07(95)	|	1024	
694	92	ok	|	0.07	1.00	1.00	0.07	0.04	0	|	rapi	0.07	0.07	0	|	95.0	0.07(95)	0.07(95)	|	1024	
694	93	ok	|	0.07	1.00	1.00	0.07	0.04	0	|	rapi	0.07	0.07	0	|	95.0	0.07(95)	0.07(95)	|	1024	
694	94	ok	|	0.06	1.00	1.00	0.06	0.03	0	|	rapi	0.06	0.06	0	|	95.0	0.06(95)	0.06(95)	|	1024	
694	95	ok	|	0.07	1.00	1.00	0.07	0.03	0	|	rapi	0.07	0.07	0	|	95.0	0.07(95)	0.07(95)	|	1024	
694	96	ok	|	0.07	1.00	1.00	0.07	0.03	0	|	rapi	0.07	0.07	0	|	95.0	0.07(95)	0.07(95)	|	1024	
694	97	ok	|	0.07	1.00	1.00	0.07	0.04	0	|	rapi	0.07	0.07	0	|	95.0	0.07(95)	0.07(95)	|	1024	
694	98	ok	|	0.07	1.00	1.00	0.07	0.04	0	|	rapi	0.07	0.07	0	|	95.0	0.07(95)	0.07(95)	|	1024	
694	99	ok	|	0.09	1.00	1.00	0.09	0.05	0	|	rapi	0.09	0.09	0	|	95.0	0.09(95)	0.09(95)	|	1024	
694	100	ok	|	0.09	1.00	1.00	0.09	0.05	0	|	rapi	0.09	0.09	0	|	95.0	0.09(95)	0.09(95)	|	1024	
694	101	ok	|	0.10	1.00	1.00	0.10	0.05	0	|	rapi	0.10	0.10	0	|	95.0	0.10(95)	0.10(95)	|	1024	
694	102	ok	|	0.11	1.00	1.00	0.11	0.06	0	|	rapi	0.11	0.11	0	|	95.0	0.11(95)	0.11(95)	|	1024	
694	103	ok	|	0.10	1.00	1.00	0.10	0.05	0	|	rapi	0.10	0.10	0	|	95.0	0.10(95)	0.10(95)	|	1024	
694	104	ok	|	0.10	1.00	1.00	0.10	0.05	0	|	rapi	0.10	0.10	0	|	95.0	0.10(95)	0.10(95)	|	1024	
694	105	ok	|	0.09	1.00	1.00	0.10	0.05	0	|	rapi	0.09	0.10	0	|	95.0	0.10(95)	0.10(95)	|	1024	
694	106	ok	|	0.09	1.00	1.00	0.10	0.05	0	|	rapi	0.09	0.10	0	|	95.0	0.10(95)	0.10(95)	|	1024	
694	107	ok	|	0.08	1.00	1.00	0.08	0.04	0	|	rapi	0.08	0.08	0	|	95.0	0.08(95)	0.08(95)	|	1024	
694	108	ok	|	0.09	1.00	1.00	0.09	0.04	0	|	rapi	0.09	0.09	0	|	95.0	0.09(95)	0.09(95)	|	1024	
694	109	ok	|	0.10	1.00	1.00	0.11	0.05	0	|	rapi	0.10	0.11	0	|	95.0	0.11(95)	0.11(95)	|	1024	
694	110	ok	|	0.09	1.00	1.00	0.09	0.05	0	|	rapi	0.09	0.09	0	|	95.0	0.09(95)	0.09(95)	|	1024	
694	111	ok	|	0.10	1.00	1.00	0.11	0.05	0	|	rapi	0.10	0.11	0	|	95.0	0.11(95)	0.11(95)	|	1024	
694	112	ok	|	0.11	1.00	1.00	0.11	0.06	0	|	rapi	0.11	0.11	0	|	95.0	0.11(95)	0.11(95)	|	1024	
694	113	ok	|	0.11	1.00	1.00	0.12	0.06	0	|	rapi	0.11	0.12	0	|	95.0	0.12(95)	0.12(95)	|	1024	
694	114	ok	|	0.09	1.00	1.00	0.09	0.04	0	|	rapi	0.09	0.09	0	|	95.0	0.09(95)	0.09(95)	|	1024	
694	115	ok	|	0.09	1.00	1.00	0.09	0.04	0	|	rapi	0.09	0.09	0	|	95.0	0.09(95)	0.09(95)	|	1024	
694	116	ok	|	0.09	1.00	1.00	0.09	0.04	0	|	rapi	0.09	0.09	0	|	95.0	0.09(95)	0.09(95)	|	1024	
694	117	ok	|	0.09	1.00	1.00	0.09	0.05	0	|	rapi	0.09	0.09	0	|	95.0	0.09(95)	0.09(95)	|	1024	
694	118	ok	|	0.08	1.00	1.00	0.09	0.04	0	|	rapi	0.08	0.09	0	|	95.0	0.09(95)	0.09(95)	|	1024	
694	119	ok	|	0.09	1.00	1.00	0.09	0.05	0	|	rapi	0.09	0.09	0	|	95.0	0.09(95)	0.09(95)	|	1024	
694	120	ok	|	0.09	1.00	1.00	0.09	0.04	0	|	rapi	0.09	0.09	0	|	95.0	0.09(95)	0.09(95)	|	1024	
694	121	ok	|	0.08	1.00	1.00	0.08	0.04	0	|	rapi	0.08	0.08	0	|	95.0	0.08(95)	0.08(95)	|	1024	
694	122	ok	|	0.07	1.00	1.00	0.07	0.04	0	|	rapi	0.07	0.07	0	|	95.0	0.07(95)	0.07(95)	|	1024	
694	123	ok	|	0.08	1.00	1.00	0.08	0.04	0	|	rapi	0.08	0.08	0	|	95.0	0.08(95)	0.08(95)	|	1024	
694	124	ok	|	0.07	1.00	1.00	0.07	0.04	0	|	rapi	0.07	0.07	0	|	95.0	0.07(95)	0.07(95)	|	1024	
694	125	ok	|	0.09	1.00	1.00	0.09	0.04	0	|	rapi	0.09	0.09	0	|	95.0	0.09(95)	0.09(95)	|	1024	
694	126	ok	|	0.07	1.00	1.00	0.07	0.04	0	|	rapi	0.07	0.07	0	|	95.0	0.07(95)	0.07(95)	|	1024	
694	127	ok	|	0.07	1.00	1.00	0.07	0.03	0	|	rapi	0.07	0.07	0	|	95.0	0.07(95)	0.07(95)	|	1024	
694	128	ok	|	0.06	1.00	1.00	0.06	0.03	0	|	rapi	0.06	0.06	0	|	95.0	0.06(95)	0.06(95)	|	1024	
694	129	ok	|	0.06	1.00	1.00	0.06	0.03	0	|	rapi	0.06	0.06	0	|	95.0	0.06(95)	0.06(95)	|	1024	
694	130	ok	|	0.08	1.00	1.00	0.08	0.04	0	|	rapi	0.08	0.08	0	|	95.0	0.08(95)	0.08(95)	|	1024	
694	131	ok	|	0.09	1.00	1.00	0.09	0.05	0	|	rapi	0.09	0.09	0	|	95.0	0.09(95)	0.09(95)	|	1024	
694	132	ok	|	0.09	1.00	1.00	0.09	0.04	0	|	rapi	0.09	0.09	0	|	95.0	0.09(95)	0.09(95)	|	1024	
694	133	ok	|	0.09	1.00	1.00	0.09	0.05	0	|	rapi	0.09	0.09	0	|	95.0	0.09(95)	0.09(95)	|	1024	
694	134	ok	|	0.07	1.00	1.00	0.07	0.04	0	|	rapi	0.07	0.07	0	|	95.0	0.07(95)	0.07(95)	|	1024	
694	135	ok	|	0.10	1.00	1.00	0.10	0.05	0	|	rapi	0.10	0.10	0	|	95.0	0.10(95)	0.10(95)	|	1024	
694	136	ok	|	0.11	1.00	1.00	0.11	0.06	0	|	rapi	0.11	0.11	0	|	95.0	0.11(95)	0.11(95)	|	1024	
694	137	ok	|	0.12	1.00	1.00	0.12	0.06	0	|	rapi	0.12	0.12	0	|	95.0	0.12(95)	0.12(95)	|	1024	
694	138	ok	|	0.11	1.00	1.00	0.12	0.06	0	|	rapi	0.11	0.12	0	|	95.0	0.12(95)	0.12(95)	|	1024	
694	139	ok	|	0.12	1.00	1.00	0.12	0.06	0	|	rapi	0.12	0.12	0	|	95.0	0.12(95)	0.12(95)	|	1024	
694	140	ok	|	0.13	1.00	1.00	0.13	0.07	0	|	rapi	0.13	0.13	0	|	95.0	0.13(95)	0.13(95)	|	1024	
694	141	ok	|	0.12	1.00	1.00	0.12	0.06	0	|	rapi	0.12	0.12	0	|	95.0	0.12(95)	0.12(95)	|	1024	
694	142	ok	|	0.11	1.00	1.00	0.12	0.06	0	|	rapi	0.11	0.12	0	|	95.0	0.12(95)	0.12(95)	|	1024	
694	143	ok	|	0.13	1.00	1.00	0.13	0.07	0	|	rapi	0.13	0.13	0	|	95.0	0.13(95)	0.13(95)	|	1024	
694	144	ok	|	0.12	1.00	1.00	0.13	0.07	0	|	rapi	0.12	0.13	0	|	95.0	0.13(95)	0.13(95)	|	1024	
694	145	ok	|	0.13	1.00	1.00	0.14	0.07	0	|	rapi	0.13	0.14	0	|	95.0	0.14(95)	0.14(95)	|	1024	
694	146	ok	|	0.14	1.00	1.00	0.14	0.07	0	|	rapi	0.14	0.14	0	|	95.0	0.14(95)	0.14(95)	|	1024	
694	147	ok	|	0.15	1.00	1.00	0.16	0.08	0	|	rapi	0.15	0.16	0	|	95.0	0.16(95)	0.16(95)	|	1024	
694	148	ok	|	0.14	1.00	1.00	0.15	0.08	0	|	rapi	0.14	0.15	0	|	95.0	0.15(95)	0.15(95)	|	1024	
694	149	ok	|	0.15	1.00	1.00	0.15	0.08	0	|	rapi	0.15	0.15	0	|	95.0	0.15(95)	0.15(95)	|	1024	
694	150	ok	|	0.15	1.00	1.00	0.16	0.08	0	|	rapi	0.15	0.16	0	|	95.0	0.16(95)	0.16(95)	|	1024	
694	151	ok	|	0.16	1.00	1.00	0.17	0.08	0	|	rapi	0.16	0.17	0	|	95.0	0.17(95)	0.17(95)	|	1024	
694	152	ok	|	0.15	1.00	1.00	0.15	0.08	0	|	rapi	0.15	0.15	0	|	95.0	0.15(95)	0.15(95)	|	1024	
694	153	ok	|	0.14	1.00	1.00	0.14	0.07	0	|	rapi	0.14	0.14	0	|	95.0	0.14(95)	0.14(95)	|	1024	
694	154	ok	|	0.14	1.00	1.00	0.14	0.07	0	|	rapi	0.14	0.14	0	|	95.0	0.14(95)	0.14(95)	|	1024	
694	155	ok	|	0.13	1.00	1.00	0.13	0.07	0	|	rapi	0.13	0.13	0	|	95.0	0.13(95)	0.13(95)	|	1024	
694	156	ok	|	0.14	1.00	1.00	0.14	0.07	0	|	rapi	0.14	0.14	0	|	95.0	0.14(95)	0.14(95)	|	1024	
694	157	ok	|	0.14	1.00	1.00	0.15	0.07	0	|	rapi	0.14	0.15	0	|	95.0	0.15(95)	0.15(95)	|	1024	
694	158	ok	|	0.16	1.00	1.00	0.17	0.08	0	|	rapi	0.16	0.17	0	|	95.0	0.17(95)	0.17(95)	|	1024	
694	159	ok	|	0.19	1.00	1.00	0.20	0.10	0	|	rapi	0.19	0.20	0	|	95.0	0.20(95)	0.20(95)	|	1024	
694	160	ok	|	0.19	1.00	1.00	0.20	0.10	0	|	rapi	0.19	0.20	0	|	95.0	0.20(95)	0.20(95)	|	1024	
694	161	ok	|	0.19	1.00	1.00	0.20	0.10	0	|	rapi	0.19	0.20	0	|	95.0	0.20(95)	0.20(95)	|	1024	
694	162	ok	|	0.20	1.00	1.00	0.21	0.10	0	|	rapi	0.20	0.21	0	|	95.0	0.21(95)	0.21(95)	|	1024	
694	163	ok	|	0.18	1.00	1.00	0.20	0.10	0	|	rapi	0.18	0.20	0	|	95.0	0.20(95)	0.20(95)	|	1024	
694	164	ok	|	0.20	1.00	1.00	0.21	0.10	0	|	rapi	0.20	0.21	0	|	95.0	0.21(95)	0.21(95)	|	1024	
694	165	ok	|	0.17	1.00	1.00	0.18	0.09	0	|	rapi	0.17	0.18	0	|	95.0	0.18(95)	0.18(95)	|	1024	
694	166	ok	|	0.17	1.00	1.00	0.18	0.09	0	|	rapi	0.17	0.18	0	|	95.0	0.18(95)	0.18(95)	|	1024	
694	167	ok	|	0.18	1.00	1.00	0.18	0.09	0	|	rapi	0.18	0.18	0	|	95.0	0.18(95)	0.18(95)	|	1024	
694	168	ok	|	0.18	1.00	1.00	0.18	0.09	0	|	rapi	0.18	0.18	0	|	95.0	0.18(95)	0.18(95)	|	1024	
694	169	ok	|	0.17	1.00	1.00	0.18	0.09	0	|	rapi	0.17	0.18	0	|	95.0	0.18(95)	0.18(95)	|	1024	
694	170	ok	|	0.17	1.00	1.00	0.18	0.09	0	|	rapi	0.17	0.18	0	|	95.0	0.18(95)	0.18(95)	|	1024	
694	171	ok	|	0.17	1.00	1.00	0.18	0.09	0	|	rapi	0.17	0.18	0	|	95.0	0.18(95)	0.18(95)	|	1024	
694	172	ok	|	0.19	1.00	1.00	0.20	0.10	0	|	rapi	0.19	0.20	0	|	95.0	0.20(95)	0.20(95)	|	1024	
694	173	ok	|	0.17	1.00	1.00	0.18	0.09	0	|	rapi	0.17	0.18	0	|	95.0	0.18(95)	0.18(95)	|	1024	
694	174	ok	|	0.15	1.00	1.00	0.15	0.08	0	|	rapi	0.15	0.15	0	|	95.0	0.15(95)	0.15(95)	|	1024	
694	175	ok	|	0.15	1.00	1.00	0.15	0.08	0	|	rapi	0.15	0.15	0	|	95.0	0.15(95)	0.15(95)	|	1024	
694	176	ok	|	0.16	1.00	1.00	0.17	0.09	0	|	rapi	0.16	0.17	0	|	95.0	0.17(95)	0.17(95)	|	1024	
694	177	ok	|	0.16	1.00	1.00	0.16	0.08	0	|	rapi	0.16	0.16	0	|	95.0	0.16(95)	0.16(95)	|	1024	
694	178	ok	|	0.15	1.00	1.00	0.15	0.08	0	|	rapi	0.15	0.15	0	|	95.0	0.15(95)	0.15(95)	|	1024	
694	179	ok	|	0.15	1.00	1.00	0.15	0.07	0	|	rapi	0.15	0.15	0	|	95.0	0.15(95)	0.15(95)	|	1024	
694	180	ok	|	0.16	1.00	1.00	0.17	0.08	0	|	rapi	0.16	0.17	0	|	95.0	0.17(95)	0.17(95)	|	1024	
694	181	ok	|	0.17	1.00	1.00	0.17	0.09	0	|	rapi	0.17	0.17	0	|	95.0	0.17(95)	0.17(95)	|	1024	
694	182	ok	|	0.15	1.00	1.00	0.16	0.08	0	|	rapi	0.15	0.16	0	|	95.0	0.16(95)	0.16(95)	|	1024	
694	183	ok	|	0.15	1.00	1.00	0.16	0.08	0	|	rapi	0.15	0.16	0	|	95.0	0.16(95)	0.16(95)	|	1024	
694	184	ok	|	0.15	1.00	1.00	0.15	0.08	0	|	rapi	0.15	0.15	0	|	95.0	0.15(95)	0.15(95)	|	1024	
694	185	ok	|	0.14	1.00	1.00	0.15	0.07	0	|	rapi	0.14	0.15	0	|	95.0	0.15(95)	0.15(95)	|	1024	
694	186	ok	|	0.17	1.00	1.00	0.17	0.09	0	|	rapi	0.17	0.17	0	|	95.0	0.17(95)	0.17(95)	|	1024	
694	187	ok	|	0.16	1.00	1.00	0.17	0.08	0	|	rapi	0.16	0.17	0	|	95.0	0.17(95)	0.17(95)	|	1024	
694	188	ok	|	0.16	1.00	1.00	0.16	0.08	0	|	rapi	0.16	0.16	0	|	95.0	0.16(95)	0.16(95)	|	1024	
694	189	ok	|	0.14	1.00	1.00	0.15	0.07	0	|	rapi	0.14	0.15	0	|	95.0	0.15(95)	0.15(95)	|	1024	
694	190	ok	|	0.14	1.00	1.00	0.15	0.07	0	|	rapi	0.14	0.15	0	|	95.0	0.15(95)	0.15(95)	|	1024	
694	191	ok	|	0.13	1.00	1.00	0.14	0.07	0	|	rapi	0.13	0.14	0	|	95.0	0.14(95)	0.14(95)	|	1024	
694	192	ok	|	0.14	1.00	1.00	0.15	0.07	0	|	rapi	0.14	0.15	0	|	95.0	0.15(95)	0.15(95)	|	1024	
694	193	ok	|	0.17	1.00	1.00	0.17	0.09	0	|	rapi	0.17	0.17	0	|	95.0	0.17(95)	0.17(95)	|	1024	
694	194	ok	|	0.18	1.00	1.00	0.19	0.10	0	|	rapi	0.18	0.19	0	|	95.0	0.19(95)	0.19(95)	|	1024	
694	195	ok	|	0.18	1.00	1.00	0.19	0.10	0	|	rapi	0.18	0.19	0	|	95.0	0.19(95)	0.19(95)	|	1024	
694	196	ok	|	0.18	1.00	1.00	0.19	0.10	0	|	rapi	0.18	0.19	0	|	95.0	0.19(95)	0.19(95)	|	1024	
694	197	ok	|	0.19	1.00	1.00	0.20	0.10	0	|	rapi	0.19	0.20	0	|	95.0	0.20(95)	0.20(95)	|	1024	
694	198	ok	|	0.20	1.00	1.00	0.21	0.11	0	|	rapi	0.20	0.21	0	|	95.0	0.21(95)	0.21(95)	|	1024	
694	199	ok	|	0.20	1.00	1.00	0.21	0.10	0	|	rapi	0.20	0.21	0	|	95.0	0.21(95)	0.21(95)	|	1024	
694	200	ok	|	0.19	1.00	1.00	0.20	0.10	0	|	rapi	0.19	0.20	0	|	95.0	0.20(95)	0.20(95)	|	1024	
694	201	ok	|	0.19	1.00	1.00	0.20	0.10	0	|	rapi	0.19	0.20	0	|	95.0	0.20(95)	0.20(95)	|	1024	
694	202	ok	|	0.20	1.00	1.00	0.21	0.10	0	|	rapi	0.20	0.21	0	|	95.0	0.21(95)	0.21(95)	|	1024	
694	203	ok	|	0.18	1.00	1.00	0.18	0.09	0	|	rapi	0.18	0.18	0	|	95.0	0.18(95)	0.18(95)	|	1024	
694	204	ok	|	0.18	1.00	1.00	0.19	0.09	0	|	rapi	0.18	0.19	0	|	95.0	0.19(95)	0.19(95)	|	1024	
694	205	ok	|	0.19	1.00	1.00	0.20	0.10	0	|	rapi	0.19	0.20	0	|	95.0	0.20(95)	0.20(95)	|	1024	
694	206	ok	|	0.19	1.00	1.00	0.20	0.10	0	|	rapi	0.19	0.20	0	|	95.0	0.20(95)	0.20(95)	|	1024	
694	207	ok	|	0.19	1.00	1.00	0.20	0.10	0	|	rapi	0.19	0.20	0	|	95.0	0.20(95)	0.20(95)	|	1024	
694	208	ok	|	0.20	1.00	1.00	0.21	0.10	0	|	rapi	0.20	0.21	0	|	95.0	0.21(95)	0.21(95)	|	1024	
694	209	ok	|	0.19	1.00	1.00	0.20	0.10	0	|	rapi	0.19	0.20	0	|	95.0	0.20(95)	0.20(95)	|	1024	
694	210	ok	|	0.19	1.00	1.00	0.20	0.10	0	|	rapi	0.19	0.20	0	|	95.0	0.20(95)	0.20(95)	|	1024	
694	211	ok	|	0.18	1.00	1.00	0.19	0.09	0	|	rapi	0.18	0.19	0	|	95.0	0.19(95)	0.19(95)	|	1024	
694	212	ok	|	0.17	1.00	1.00	0.18	0.09	0	|	rapi	0.17	0.18	0	|	95.0	0.18(95)	0.18(95)	|	1024	
694	213	ok	|	0.16	1.00	1.00	0.17	0.08	0	|	rapi	0.16	0.17	0	|	95.0	0.17(95)	0.17(95)	|	1024	
694	214	ok	|	0.16	1.00	1.00	0.17	0.08	0	|	rapi	0.16	0.17	0	|	95.0	0.17(95)	0.17(95)	|	1024	
694	215	ok	|	0.15	1.00	1.00	0.16	0.08	0	|	rapi	0.15	0.16	0	|	95.0	0.16(95)	0.16(95)	|	1024	
694	216	ok	|	0.16	1.00	1.00	0.17	0.09	0	|	rapi	0.16	0.17	0	|	95.0	0.17(95)	0.17(95)	|	1024	
694	217	ok	|	0.18	1.00	1.00	0.19	0.09	0	|	rapi	0.18	0.19	0	|	95.0	0.19(95)	0.19(95)	|	1024	
694	218	ok	|	0.16	1.00	1.00	0.17	0.09	0	|	rapi	0.16	0.17	0	|	95.0	0.17(95)	0.17(95)	|	1024	
694	219	ok	|	0.19	1.00	1.00	0.19	0.10	0	|	rapi	0.19	0.19	0	|	95.0	0.19(95)	0.19(95)	|	1024	
694	220	ok	|	0.17	1.00	1.00	0.17	0.09	0	|	rapi	0.17	0.17	0	|	95.0	0.17(95)	0.17(95)	|	1024	
694	221	ok	|	0.17	1.00	1.00	0.18	0.09	0	|	rapi	0.17	0.18	0	|	95.0	0.18(95)	0.18(95)	|	1024	
694	222	ok	|	0.17	1.00	1.00	0.17	0.09	0	|	rapi	0.17	0.17	0	|	95.0	0.17(95)	0.17(95)	|	1024	
694	223	ok	|	0.13	1.00	1.00	0.14	0.07	0	|	rapi	0.13	0.14	0	|	95.0	0.14(95)	0.14(95)	|	1024	
694	224	ok	|	0.14	1.00	1.00	0.15	0.07	0	|	rapi	0.14	0.15	0	|	95.0	0.15(95)	0.15(95)	|	1024	
694	225	ok	|	0.14	1.00	1.00	0.15	0.07	0	|	rapi	0.14	0.15	0	|	95.0	0.15(95)	0.15(95)	|	1024	
694	226	ok	|	0.17	1.00	1.00	0.17	0.09	0	|	rapi	0.17	0.17	0	|	95.0	0.17(95)	0.17(95)	|	1024	
694	227	ok	|	0.17	1.00	1.00	0.18	0.09	0	|	rapi	0.17	0.18	0	|	95.0	0.18(95)	0.18(95)	|	1024	
694	228	ok	|	0.17	1.00	1.00	0.18	0.09	0	|	rapi	0.17	0.18	0	|	95.0	0.18(95)	0.18(95)	|	1024	
694	229	ok	|	0.19	1.00	1.00	0.20	0.10	0	|	rapi	0.19	0.20	0	|	95.0	0.20(95)	0.20(95)	|	1024	
694	230	ok	|	0.21	1.00	1.00	0.22	0.11	0	|	rapi	0.21	0.22	0	|	95.0	0.22(95)	0.22(95)	|	1024	
694	231	ok	|	0.19	1.00	1.00	0.21	0.10	0	|	rapi	0.19	0.21	0	|	95.0	0.21(95)	0.21(95)	|	1024	
694	232	ok	|	0.17	1.00	1.00	0.18	0.09	0	|	rapi	0.17	0.18	0	|	95.0	0.18(95)	0.18(95)	|	1024	
694	233	ok	|	0.16	1.00	1.00	0.17	0.08	0	|	rapi	0.16	0.17	0	|	95.0	0.17(95)	0.17(95)	|	1024	
694	234	ok	|	0.15	1.00	1.00	0.16	0.08	0	|	rapi	0.15	0.16	0	|	95.0	0.16(95)	0.16(95)	|	1024	
694	235	ok	|	0.15	1.00	1.00	0.16	0.08	0	|	rapi	0.15	0.16	0	|	95.0	0.16(95)	0.16(95)	|	1024	
694	236	ok	|	0.13	1.00	1.00	0.14	0.07	0	|	rapi	0.13	0.14	0	|	95.0	0.14(95)	0.14(95)	|	1024	
694	237	ok	|	0.15	1.00	1.00	0.15	0.08	0	|	rapi	0.15	0.15	0	|	95.0	0.15(95)	0.15(95)	|	1024	
694	238	ok	|	0.15	1.00	1.00	0.16	0.08	0	|	rapi	0.15	0.16	0	|	95.0	0.16(95)	0.16(95)	|	1024	
694	239	ok	|	0.16	1.00	1.00	0.17	0.08	0	|	rapi	0.16	0.17	0	|	95.0	0.17(95)	0.17(95)	|	1024	
694	240	ok	|	0.15	1.00	1.00	0.16	0.08	0	|	rapi	0.15	0.16	0	|	95.0	0.16(95)	0.16(95)	|	1024	
694	241	ok	|	0.14	1.00	1.00	0.15	0.07	0	|	rapi	0.14	0.15	0	|	95.0	0.15(95)	0.15(95)	|	1024	
694	242	ok	|	0.13	1.00	1.00	0.14	0.07	0	|	rapi	0.13	0.14	0	|	95.0	0.14(95)	0.14(95)	|	1024	
694	243	ok	|	0.13	1.00	1.00	0.14	0.07	0	|	rapi	0.13	0.14	0	|	95.0	0.14(95)	0.14(95)	|	1024	
694	244	ok	|	0.14	1.00	1.00	0.14	0.07	0	|	rapi	0.14	0.14	0	|	95.0	0.14(95)	0.14(95)	|	1024	
694	245	ok	|	0.13	1.00	1.00	0.13	0.07	0	|	rapi	0.13	0.13	0	|	95.0	0.13(95)	0.13(95)	|	1024	
694	246	ok	|	0.13	1.00	1.00	0.14	0.07	0	|	rapi	0.13	0.14	0	|	95.0	0.14(95)	0.14(95)	|	1024	
694	247	ok	|	0.12	1.00	1.00	0.13	0.06	0	|	rapi	0.12	0.13	0	|	95.0	0.13(95)	0.13(95)	|	1024	
694	248	ok	|	0.13	1.00	1.00	0.14	0.07	0	|	rapi	0.13	0.14	0	|	95.0	0.14(95)	0.14(95)	|	1024	
694	249	ok	|	0.14	1.00	1.00	0.14	0.07	0	|	rapi	0.14	0.14	0	|	95.0	0.14(95)	0.14(95)	|	1024	
694	250	ok	|	0.14	1.00	1.00	0.14	0.07	0	|	rapi	0.14	0.14	0	|	95.0	0.14(95)	0.14(95)	|	1024	
694	251	ok	|	0.14	1.00	1.00	0.14	0.07	0	|	rapi	0.14	0.14	0	|	95.0	0.14(95)	0.14(95)	|	1024	
694	252	ok	|	0.13	1.00	1.00	0.14	0.07	0	|	rapi	0.13	0.14	0	|	95.0	0.14(95)	0.14(95)	|	1024	
694	253	ok	|	0.12	1.00	1.00	0.13	0.07	0	|	rapi	0.12	0.13	0	|	95.0	0.13(95)	0.13(95)	|	1024	
694	254	ok	|	0.12	1.00	1.00	0.13	0.07	0	|	rapi	0.12	0.13	0	|	95.0	0.13(95)	0.13(95)	|	1024	
694	255	ok	|	0.12	1.00	1.00	0.12	0.06	0	|	rapi	0.12	0.12	0	|	95.0	0.12(95)	0.12(95)	|	1024	
694	256	ok	|	0.11	1.00	1.00	0.11	0.06	0	|	rapi	0.11	0.11	0	|	95.0	0.11(95)	0.11(95)	|	1024	
694	257	ok	|	0.10	1.00	1.00	0.11	0.05	0	|	rapi	0.10	0.11	0	|	95.0	0.11(95)	0.11(95)	|	1024	
694	258	ok	|	0.09	1.00	1.00	0.09	0.04	0	|	rapi	0.09	0.09	0	|	95.0	0.09(95)	0.09(95)	|	1024	
694	259	ok	|	0.10	1.00	1.00	0.10	0.05	0	|	rapi	0.10	0.10	0	|	95.0	0.10(95)	0.10(95)	|	1024	
694	260	ok	|	0.10	1.00	1.00	0.10	0.05	0	|	rapi	0.10	0.10	0	|	95.0	0.10(95)	0.10(95)	|	1024	
694	261	ok	|	0.10	1.00	1.00	0.10	0.05	0	|	rapi	0.10	0.10	0	|	95.0	0.10(95)	0.10(95)	|	1024	
694	262	ok	|	0.10	1.00	1.00	0.11	0.05	0	|	rapi	0.10	0.11	0	|	95.0	0.11(95)	0.11(95)	|	1024	
694	263	ok	|	0.12	1.00	1.00	0.13	0.06	0	|	rapi	0.12	0.13	0	|	95.0	0.13(95)	0.13(95)	|	1024	
694	264	ok	|	0.12	1.00	1.00	0.12	0.06	0	|	rapi	0.12	0.12	0	|	95.0	0.12(95)	0.12(95)	|	1024	
694	265	ok	|	0.14	1.00	1.00	0.14	0.07	0	|	rapi	0.14	0.14	0	|	95.0	0.14(95)	0.14(95)	|	1024	
694	266	ok	|	0.15	1.00	1.00	0.16	0.08	0	|	rapi	0.15	0.16	0	|	95.0	0.16(95)	0.16(95)	|	1024	
694	267	ok	|	0.15	1.00	1.00	0.16	0.08	0	|	rapi	0.15	0.16	0	|	95.0	0.16(95)	0.16(95)	|	1024	
694	268	ok	|	0.15	1.00	1.00	0.15	0.08	0	|	rapi	0.15	0.15	0	|	95.0	0.15(95)	0.15(95)	|	1024	
694	269	ok	|	0.16	1.00	1.00	0.17	0.08	0	|	rapi	0.16	0.17	0	|	95.0	0.17(95)	0.17(95)	|	1024	
694	270	ok	|	0.15	1.00	1.00	0.16	0.08	0	|	rapi	0.15	0.16	0	|	95.0	0.16(95)	0.16(95)	|	1024	
694	271	ok	|	0.14	1.00	1.00	0.15	0.07	0	|	rapi	0.14	0.15	0	|	95.0	0.15(95)	0.15(95)	|	1024	
694	272	ok	|	0.13	1.00	1.00	0.13	0.07	0	|	rapi	0.13	0.13	0	|	95.0	0.13(95)	0.13(95)	|	1024	
694	273	ok	|	0.12	1.00	1.00	0.13	0.07	0	|	rapi	0.12	0.13	0	|	95.0	0.13(95)	0.13(95)	|	1024	
694	274	ok	|	0.12	1.00	1.00	0.12	0.06	0	|	rapi	0.12	0.12	0	|	95.0	0.12(95)	0.12(95)	|	1024	
694	275	ok	|	0.10	1.00	1.00	0.11	0.05	0	|	rapi	0.10	0.11	0	|	95.0	0.11(95)	0.11(95)	|	1024	
694	276	ok	|	0.10	1.00	1.00	0.10	0.05	0	|	rapi	0.10	0.10	0	|	95.0	0.10(95)	0.10(95)	|	1024	
694	277	ok	|	0.10	1.00	1.00	0.10	0.05	0	|	rapi	0.10	0.10	0	|	95.0	0.10(95)	0.10(95)	|	1024	
694	278	ok	|	0.09	1.00	1.00	0.10	0.05	0	|	rapi	0.09	0.10	0	|	95.0	0.10(95)	0.10(95)	|	1024	
694	279	ok	|	0.09	1.00	1.00	0.09	0.05	0	|	rapi	0.09	0.09	0	|	95.0	0.09(95)	0.09(95)	|	1024	
694	280	ok	|	0.09	1.00	1.00	0.10	0.05	0	|	rapi	0.09	0.10	0	|	95.0	0.10(95)	0.10(95)	|	1024	
694	281	ok	|	0.11	1.00	1.00	0.11	0.05	0	|	rapi	0.11	0.11	0	|	95.0	0.11(95)	0.11(95)	|	1024	
694	282	ok	|	0.10	1.00	1.00	0.10	0.05	0	|	rapi	0.10	0.10	0	|	95.0	0.10(95)	0.10(95)	|	1024	
694	283	ok	|	0.10	1.00	1.00	0.10	0.05	0	|	rapi	0.10	0.10	0	|	95.0	0.10(95)	0.10(95)	|	1024	
694	284	ok	|	0.09	1.00	1.00	0.09	0.05	0	|	rapi	0.09	0.09	0	|	95.0	0.09(95)	0.09(95)	|	1024	
694	285	ok	|	0.07	1.00	1.00	0.07	0.04	0	|	rapi	0.07	0.07	0	|	95.0	0.07(95)	0.07(95)	|	1024	
694	286	ok	|	0.07	1.00	1.00	0.07	0.04	0	|	rapi	0.07	0.07	0	|	95.0	0.07(95)	0.07(95)	|	1024	
694	287	ok	|	0.06	1.00	1.00	0.06	0.03	0	|	rapi	0.06	0.06	0	|	95.0	0.06(95)	0.06(95)	|	1024	
694	288	ok	|	0.06	1.00	1.00	0.06	0.03	0	|	rapi	0.06	0.06	0	|	95.0	0.06(95)	0.06(95)	|	1024	
694	289	ok	|	0.07	1.00	1.00	0.07	0.03	0	|	rapi	0.07	0.07	0	|	95.0	0.07(95)	0.07(95)	|	1024	
694	290	ok	|	0.05	1.00	1.00	0.05	0.03	0	|	rapi	0.05	0.05	0	|	95.0	0.05(95)	0.05(95)	|	1024	
694	291	ok	|	0.06	1.00	1.00	0.06	0.03	0	|	rapi	0.06	0.06	0	|	95.0	0.06(95)	0.06(95)	|	1024	
694	292	ok	|	0.06	1.00	1.00	0.06	0.03	0	|	rapi	0.06	0.06	0	|	95.0	0.06(95)	0.06(95)	|	1024	
694	293	ok	|	0.05	1.00	1.00	0.05	0.03	0	|	rapi	0.05	0.05	0	|	95.0	0.05(95)	0.05(95)	|	1024	
694	294	ok	|	0.06	1.00	1.00	0.06	0.03	0	|	rapi	0.06	0.06	0	|	95.0	0.06(95)	0.06(95)	|	1024	
694	295	ok	|	0.07	1.00	1.00	0.07	0.03	0	|	rapi	0.07	0.07	0	|	95.0	0.07(95)	0.07(95)	|	1024	
694	296	ok	|	0.07	1.00	1.00	0.07	0.04	0	|	rapi	0.07	0.07	0	|	95.0	0.07(95)	0.07(95)	|	1024	
694	297	ok	|	0.08	1.00	1.00	0.08	0.04	0	|	rapi	0.08	0.08	0	|	95.0	0.08(95)	0.08(95)	|	1024	
694	298	ok	|	0.07	1.00	1.00	0.07	0.04	0	|	rapi	0.07	0.07	0	|	95.0	0.07(95)	0.07(95)	|	1024	
694	299	ok	|	0.07	1.00	1.00	0.07	0.04	0	|	rapi	0.07	0.07	0	|	95.0	0.07(95)	0.07(95)	|	1024	
694	300	ok	|	0.07	1.00	1.00	0.08	0.04	0	|	rapi	0.07	0.08	0	|	95.0	0.08(95)	0.08(95)	|	1024	
694	301	ok	|	0.08	1.00	1.00	0.08	0.04	0	|	rapi	0.08	0.08	0	|	95.0	0.08(95)	0.08(95)	|	1024	
694	302	ok	|	0.09	1.00	1.00	0.09	0.05	0	|	rapi	0.09	0.09	0	|	95.0	0.09(95)	0.09(95)	|	1024	
694	303	ok	|	0.10	1.00	1.00	0.10	0.05	0	|	rapi	0.10	0.10	0	|	95.0	0.10(95)	0.10(95)	|	1024	
694	304	ok	|	0.11	1.00	1.00	0.11	0.06	0	|	rapi	0.11	0.11	0	|	95.0	0.11(95)	0.11(95)	|	1024	
694	305	ok	|	0.09	1.00	1.00	0.09	0.05	0	|	rapi	0.09	0.09	0	|	95.0	0.09(95)	0.09(95)	|	1024	
694	306	ok	|	0.08	1.00	1.00	0.08	0.04	0	|	rapi	0.08	0.08	0	|	95.0	0.08(95)	0.08(95)	|	1024	
694	307	ok	|	0.09	1.00	1.00	0.09	0.04	0	|	rapi	0.09	0.09	0	|	95.0	0.09(95)	0.09(95)	|	1024	
694	308	ok	|	0.10	1.00	1.00	0.11	0.05	0	|	rapi	0.10	0.11	0	|	95.0	0.11(95)	0.11(95)	|	1024	
694	309	ok	|	0.11	1.00	1.00	0.11	0.06	0	|	rapi	0.11	0.11	0	|	95.0	0.11(95)	0.11(95)	|	1024	
694	310	ok	|	0.12	1.00	1.00	0.13	0.06	0	|	rapi	0.12	0.13	0	|	95.0	0.13(95)	0.13(95)	|	1024	
694	311	ok	|	0.13	1.00	1.00	0.14	0.07	0	|	rapi	0.13	0.14	0	|	95.0	0.14(95)	0.14(95)	|	1024	
694	312	ok	|	0.13	1.00	1.00	0.13	0.07	0	|	rapi	0.13	0.13	0	|	95.0	0.13(95)	0.13(95)	|	1024	
694	313	ok	|	0.13	1.00	1.00	0.13	0.07	0	|	rapi	0.13	0.13	0	|	95.0	0.13(95)	0.13(95)	|	1024	
694	314	ok	|	0.13	1.00	1.00	0.14	0.07	0	|	rapi	0.13	0.14	0	|	95.0	0.14(95)	0.14(95)	|	1024	
694	315	ok	|	0.13	1.00	1.00	0.13	0.07	0	|	rapi	0.13	0.13	0	|	95.0	0.13(95)	0.13(95)	|	1024	
694	316	ok	|	0.14	1.00	1.00	0.14	0.07	0	|	rapi	0.14	0.14	0	|	95.0	0.14(95)	0.14(95)	|	1024	
694	317	ok	|	0.12	1.00	1.00	0.12	0.06	0	|	rapi	0.12	0.12	0	|	95.0	0.12(95)	0.12(95)	|	1024	
694	318	ok	|	0.13	1.00	1.00	0.13	0.06	0	|	rapi	0.13	0.13	0	|	95.0	0.13(95)	0.13(95)	|	1024	
694	319	ok	|	0.13	1.00	1.00	0.14	0.07	0	|	rapi	0.13	0.14	0	|	95.0	0.14(95)	0.14(95)	|	1024	
694	320	ok	|	0.14	1.00	1.00	0.14	0.07	0	|	rapi	0.14	0.14	0	|	95.0	0.14(95)	0.14(95)	|	1024	
694	321	ok	|	0.13	1.00	1.00	0.13	0.07	0	|	rapi	0.13	0.13	0	|	95.0	0.13(95)	0.13(95)	|	1024	
694	322	ok	|	0.14	1.00	1.00	0.14	0.07	0	|	rapi	0.14	0.14	0	|	95.0	0.14(95)	0.14(95)	|	1024	
694	323	ok	|	0.15	1.00	1.00	0.15	0.08	0	|	rapi	0.15	0.15	0	|	95.0	0.15(95)	0.15(95)	|	1024	
694	324	ok	|	0.14	1.00	1.00	0.14	0.07	0	|	rapi	0.14	0.14	0	|	95.0	0.14(95)	0.14(95)	|	1024	
694	325	ok	|	0.12	1.00	1.00	0.13	0.06	0	|	rapi	0.12	0.13	0	|	95.0	0.13(95)	0.13(95)	|	1024	
694	326	ok	|	0.12	1.00	1.00	0.13	0.06	0	|	rapi	0.12	0.13	0	|	95.0	0.13(95)	0.13(95)	|	1024	
694	327	ok	|	0.12	1.00	1.00	0.13	0.07	0	|	rapi	0.12	0.13	0	|	95.0	0.13(95)	0.13(95)	|	1024	
694	328	ok	|	0.12	1.00	1.00	0.12	0.06	0	|	rapi	0.12	0.12	0	|	95.0	0.12(95)	0.12(95)	|	1024	
694	329	ok	|	0.12	1.00	1.00	0.12	0.06	0	|	rapi	0.12	0.12	0	|	95.0	0.12(95)	0.12(95)	|	1024	
694	330	ok	|	0.12	1.00	1.00	0.13	0.06	0	|	rapi	0.12	0.13	0	|	95.0	0.13(95)	0.13(95)	|	1024	
694	331	ok	|	0.12	1.00	1.00	0.12	0.06	0	|	rapi	0.12	0.12	0	|	95.0	0.12(95)	0.12(95)	|	1024	
694	332	ok	|	0.13	1.00	1.00	0.14	0.07	0	|	rapi	0.13	0.14	0	|	95.0	0.14(95)	0.14(95)	|	1024	
694	333	ok	|	0.12	1.00	1.00	0.12	0.06	0	|	rapi	0.12	0.12	0	|	95.0	0.12(95)	0.12(95)	|	1024	
694	334	ok	|	0.12	1.00	1.00	0.13	0.06	0	|	rapi	0.12	0.13	0	|	95.0	0.13(95)	0.13(95)	|	1024	
694	335	ok	|	0.12	1.00	1.00	0.12	0.06	0	|	rapi	0.12	0.12	0	|	95.0	0.12(95)	0.12(95)	|	1024	
694	336	ok	|	0.13	1.00	1.00	0.13	0.07	0	|	rapi	0.13	0.13	0	|	95.0	0.13(95)	0.13(95)	|	1024	
694	337	ok	|	0.12	1.00	1.00	0.12	0.06	0	|	rapi	0.12	0.12	0	|	95.0	0.12(95)	0.12(95)	|	1024	
694	338	ok	|	0.10	1.00	1.00	0.11	0.05	0	|	rapi	0.10	0.11	0	|	95.0	0.11(95)	0.11(95)	|	1024	
694	339	ok	|	0.12	1.00	1.00	0.12	0.06	0	|	rapi	0.12	0.12	0	|	95.0	0.12(95)	0.12(95)	|	1024	
694	340	ok	|	0.13	1.00	1.00	0.14	0.07	0	|	rapi	0.13	0.14	0	|	95.0	0.14(95)	0.14(95)	|	1024	
694	341	ok	|	0.14	1.00	1.00	0.14	0.07	0	|	rapi	0.14	0.14	0	|	95.0	0.14(95)	0.14(95)	|	1024	
694	342	ok	|	0.14	1.00	1.00	0.15	0.07	0	|	rapi	0.14	0.15	0	|	95.0	0.15(95)	0.15(95)	|	1024	
694	343	ok	|	0.14	1.00	1.00	0.15	0.08	0	|	rapi	0.14	0.15	0	|	95.0	0.15(95)	0.15(95)	|	1024	
694	344	ok	|	0.14	1.00	1.00	0.15	0.07	0	|	rapi	0.14	0.15	0	|	95.0	0.15(95)	0.15(95)	|	1024	
694	345	ok	|	0.13	1.00	1.00	0.14	0.07	0	|	rapi	0.13	0.14	0	|	95.0	0.14(95)	0.14(95)	|	1024	
694	346	ok	|	0.16	1.00	1.00	0.17	0.08	0	|	rapi	0.16	0.17	0	|	95.0	0.17(95)	0.17(95)	|	1024	
694	347	ok	|	0.16	1.00	1.00	0.17	0.08	0	|	rapi	0.16	0.17	0	|	95.0	0.17(95)	0.17(95)	|	1024	
694	348	ok	|	0.16	1.00	1.00	0.16	0.08	0	|	rapi	0.16	0.16	0	|	95.0	0.16(95)	0.16(95)	|	1024	
694	349	ok	|	0.16	1.00	1.00	0.17	0.09	0	|	rapi	0.16	0.17	0	|	95.0	0.17(95)	0.17(95)	|	1024	
694	350	ok	|	0.16	1.00	1.00	0.17	0.08	0	|	rapi	0.16	0.17	0	|	95.0	0.17(95)	0.17(95)	|	1024	
694	351	ok	|	0.14	1.00	1.00	0.15	0.07	0	|	rapi	0.14	0.15	0	|	95.0	0.15(95)	0.15(95)	|	1024	
694	352	ok	|	0.14	1.00	1.00	0.15	0.07	0	|	rapi	0.14	0.15	0	|	95.0	0.15(95)	0.15(95)	|	1024	
694	353	ok	|	0.13	1.00	1.00	0.13	0.07	0	|	rapi	0.13	0.13	0	|	95.0	0.13(95)	0.13(95)	|	1024	
694	354	ok	|	0.13	1.00	1.00	0.13	0.07	0	|	rapi	0.13	0.13	0	|	95.0	0.13(95)	0.13(95)	|	1024	
694	355	ok	|	0.13	1.00	1.00	0.13	0.07	0	|	rapi	0.13	0.13	0	|	95.0	0.13(95)	0.13(95)	|	1024	
694	356	ok	|	0.14	1.00	1.00	0.14	0.07	0	|	rapi	0.14	0.14	0	|	95.0	0.14(95)	0.14(95)	|	1024	
694	357	ok	|	0.15	1.00	1.00	0.15	0.08	0	|	rapi	0.15	0.15	0	|	95.0	0.15(95)	0.15(95)	|	1024	
694	358	ok	|	0.13	1.00	1.00	0.14	0.07	0	|	rapi	0.13	0.14	0	|	95.0	0.14(95)	0.14(95)	|	1024	
694	359	ok	|	0.12	1.00	1.00	0.12	0.06	0	|	rapi	0.12	0.12	0	|	95.0	0.12(95)	0.12(95)	|	1024	
694	360	ok	|	0.12	1.00	1.00	0.12	0.06	0	|	rapi	0.12	0.12	0	|	95.0	0.12(95)	0.12(95)	|	1024	
694	361	ok	|	0.12	1.00	1.00	0.13	0.06	0	|	rapi	0.12	0.13	0	|	95.0	0.13(95)	0.13(95)	|	1024	
694	362	ok	|	0.10	1.00	1.00	0.11	0.05	0	|	rapi	0.10	0.11	0	|	95.0	0.11(95)	0.11(95)	|	1024	
694	363	ok	|	0.11	1.00	1.00	0.11	0.06	0	|	rapi	0.11	0.11	0	|	95.0	0.11(95)	0.11(95)	|	1024	
694	364	ok	|	0.10	1.00	1.00	0.10	0.05	0	|	rapi	0.10	0.10	0	|	95.0	0.10(95)	0.10(95)	|	1024	
694	365	ok	|	0.10	1.00	1.00	0.10	0.05	0	|	rapi	0.10	0.10	0	|	95.0	0.10(95)	0.10(95)	|	1024	
694	366	ok	|	0.11	1.00	1.00	0.11	0.06	0	|	rapi	0.11	0.11	0	|	95.0	0.11(95)	0.11(95)	|	1024	
694	367	ok	|	0.12	1.00	1.00	0.13	0.06	0	|	rapi	0.12	0.13	0	|	95.0	0.13(95)	0.13(95)	|	1024	
694	368	ok	|	0.12	1.00	1.00	0.12	0.06	0	|	rapi	0.12	0.12	0	|	95.0	0.12(95)	0.12(95)	|	1024	
694	369	ok	|	0.12	1.00	1.00	0.13	0.06	0	|	rapi	0.12	0.13	0	|	95.0	0.13(95)	0.13(95)	|	1024	
694	370	ok	|	0.10	1.00	1.00	0.11	0.05	0	|	rapi	0.10	0.11	0	|	95.0	0.11(95)	0.11(95)	|	1024	
694	371	ok	|	0.11	1.00	1.00	0.12	0.06	0	|	rapi	0.11	0.12	0	|	95.0	0.12(95)	0.12(95)	|	1024	
694	372	ok	|	0.12	1.00	1.00	0.12	0.06	0	|	rapi	0.12	0.12	0	|	95.0	0.12(95)	0.12(95)	|	1024	
694	373	ok	|	0.13	1.00	1.00	0.14	0.07	0	|	rapi	0.13	0.14	0	|	95.0	0.14(95)	0.14(95)	|	1024	
694	374	ok	|	0.14	1.00	1.00	0.14	0.07	0	|	rapi	0.14	0.14	0	|	95.0	0.14(95)	0.14(95)	|	1024	
694	375	ok	|	0.16	1.00	1.00	0.16	0.08	0	|	rapi	0.16	0.16	0	|	95.0	0.16(95)	0.16(95)	|	1024	
694	376	ok	|	0.17	1.00	1.00	0.18	0.09	0	|	rapi	0.17	0.18	0	|	95.0	0.18(95)	0.18(95)	|	1024	
694	377	ok	|	0.15	1.00	1.00	0.17	0.08	0	|	rapi	0.15	0.17	0	|	95.0	0.17(95)	0.17(95)	|	1024	
694	378	ok	|	0.14	1.00	1.00	0.14	0.07	0	|	rapi	0.14	0.14	0	|	95.0	0.14(95)	0.14(95)	|	1024	
694	379	ok	|	0.16	1.00	1.00	0.17	0.08	0	|	rapi	0.16	0.17	0	|	95.0	0.17(95)	0.17(95)	|	1024	
694	380	ok	|	0.15	1.00	1.00	0.15	0.08	0	|	rapi	0.15	0.15	0	|	95.0	0.15(95)	0.15(95)	|	1024	
694	381	ok	|	0.15	1.00	1.00	0.16	0.08	0	|	rapi	0.15	0.16	0	|	95.0	0.16(95)	0.16(95)	|	1024	
694	382	ok	|	0.15	1.00	1.00	0.16	0.08	0	|	rapi	0.15	0.16	0	|	95.0	0.16(95)	0.16(95)	|	1024	
694	383	ok	|	0.14	1.00	1.00	0.15	0.07	0	|	rapi	0.14	0.15	0	|	95.0	0.15(95)	0.15(95)	|	1024	
694	384	ok	|	0.14	1.00	1.00	0.15	0.08	0	|	rapi	0.14	0.15	0	|	95.0	0.15(95)	0.15(95)	|	1024	
694	385	ok	|	0.15	1.00	1.00	0.15	0.08	0	|	rapi	0.15	0.15	0	|	95.0	0.15(95)	0.15(95)	|	1024	
694	386	ok	|	0.16	1.00	1.00	0.16	0.08	0	|	rapi	0.16	0.16	0	|	95.0	0.16(95)	0.16(95)	|	1024	
694	387	ok	|	0.16	1.00	1.00	0.18	0.09	0	|	rapi	0.16	0.18	0	|	95.0	0.18(95)	0.18(95)	|	1024	
694	388	ok	|	0.15	1.00	1.00	0.16	0.08	0	|	rapi	0.15	0.16	0	|	95.0	0.16(95)	0.16(95)	|	1024	
694	389	ok	|	0.14	1.00	1.00	0.15	0.08	0	|	rapi	0.14	0.15	0	|	95.0	0.15(95)	0.15(95)	|	1024	
694	390	ok	|	0.14	1.00	1.00	0.15	0.07	0	|	rapi	0.14	0.15	0	|	95.0	0.15(95)	0.15(95)	|	1024	
694	391	ok	|	0.13	1.00	1.00	0.14	0.07	0	|	rapi	0.13	0.14	0	|	95.0	0.14(95)	0.14(95)	|	1024	
694	392	ok	|	0.14	1.00	1.00	0.14	0.07	0	|	rapi	0.14	0.14	0	|	95.0	0.14(95)	0.14(95)	|	1024	
694	393	ok	|	0.13	1.00	1.00	0.14	0.07	0	|	rapi	0.13	0.14	0	|	95.0	0.14(95)	0.14(95)	|	1024	
694	394	ok	|	0.11	1.00	1.00	0.12	0.06	0	|	rapi	0.11	0.12	0	|	95.0	0.12(95)	0.12(95)	|	1024	
694	395	ok	|	0.12	1.00	1.00	0.12	0.06	0	|	rapi	0.12	0.12	0	|	95.0	0.12(95)	0.12(95)	|	1024	
694	396	ok	|	0.12	1.00	1.00	0.12	0.06	0	|	rapi	0.12	0.12	0	|	95.0	0.12(95)	0.12(95)	|	1024	
694	397	ok	|	0.09	1.00	1.00	0.09	0.05	0	|	rapi	0.09	0.09	0	|	95.0	0.09(95)	0.09(95)	|	1024	
694	398	ok	|	0.10	1.00	1.00	0.10	0.05	0	|	rapi	0.10	0.10	0	|	95.0	0.10(95)	0.10(95)	|	1024	
694	399	ok	|	0.10	1.00	1.00	0.10	0.05	0	|	rapi	0.10	0.10	0	|	95.0	0.10(95)	0.10(95)	|	1024	
694	400	ok	|	0.10	1.00	1.00	0.10	0.05	0	|	rapi	0.10	0.10	0	|	95.0	0.10(95)	0.10(95)	|	1024	
694	401	ok	|	0.10	1.00	1.00	0.10	0.05	0	|	rapi	0.10	0.10	0	|	95.0	0.10(95)	0.10(95)	|	1024	
694	402	ok	|	0.09	1.00	1.00	0.09	0.05	0	|	rapi	0.09	0.09	0	|	95.0	0.09(95)	0.09(95)	|	1024	
694	403	ok	|	0.09	1.00	1.00	0.09	0.04	0	|	rapi	0.09	0.09	0	|	95.0	0.09(95)	0.09(95)	|	1024	
694	404	ok	|	0.11	1.00	1.00	0.12	0.06	0	|	rapi	0.11	0.12	0	|	95.0	0.12(95)	0.12(95)	|	1024	
694	405	ok	|	0.11	1.00	1.00	0.11	0.06	0	|	rapi	0.11	0.11	0	|	95.0	0.11(95)	0.11(95)	|	1024	
694	406	ok	|	0.10	1.00	1.00	0.10	0.05	0	|	rapi	0.10	0.10	0	|	95.0	0.10(95)	0.10(95)	|	1024	
694	407	ok	|	0.10	1.00	1.00	0.10	0.05	0	|	rapi	0.10	0.10	0	|	95.0	0.10(95)	0.10(95)	|	1024	
694	408	ok	|	0.09	1.00	1.00	0.10	0.05	0	|	rapi	0.09	0.10	0	|	95.0	0.10(95)	0.10(95)	|	1024	
694	409	ok	|	0.09	1.00	1.00	0.09	0.04	0	|	rapi	0.09	0.09	0	|	95.0	0.09(95)	0.09(95)	|	1024	
694	410	ok	|	0.09	1.00	1.00	0.09	0.05	0	|	rapi	0.09	0.09	0	|	95.0	0.09(95)	0.09(95)	|	1024	
694	411	ok	|	0.09	1.00	1.00	0.10	0.05	0	|	rapi	0.09	0.10	0	|	95.0	0.10(95)	0.10(95)	|	1024	
694	412	ok	|	0.10	1.00	1.00	0.10	0.05	0	|	rapi	0.10	0.10	0	|	95.0	0.10(95)	0.10(95)	|	1024	
694	413	ok	|	0.10	1.00	1.00	0.10	0.05	0	|	rapi	0.10	0.10	0	|	95.0	0.10(95)	0.10(95)	|	1024	
694	414	ok	|	0.10	1.00	1.00	0.11	0.05	0	|	rapi	0.10	0.11	0	|	95.0	0.11(95)	0.11(95)	|	1024	
694	415	ok	|	0.11	1.00	1.00	0.11	0.05	0	|	rapi	0.11	0.11	0	|	95.0	0.11(95)	0.11(95)	|	1024	
694	416	ok	|	0.10	1.00	1.00	0.10	0.05	0	|	rapi	0.10	0.10	0	|	95.0	0.10(95)	0.10(95)	|	1024	
694	417	ok	|	0.08	1.00	1.00	0.09	0.04	0	|	rapi	0.08	0.09	0	|	95.0	0.09(95)	0.09(95)	|	1024	
694	418	ok	|	0.10	1.00	1.00	0.10	0.05	0	|	rapi	0.10	0.10	0	|	95.0	0.10(95)	0.10(95)	|	1024	
694	419	ok	|	0.11	1.00	1.00	0.11	0.06	0	|	rapi	0.11	0.11	0	|	95.0	0.11(95)	0.11(95)	|	1024	
694	420	ok	|	0.11	1.00	1.00	0.11	0.06	0	|	rapi	0.11	0.11	0	|	95.0	0.11(95)	0.11(95)	|	1024	
694	421	ok	|	0.10	1.00	1.00	0.10	0.05	0	|	rapi	0.10	0.10	0	|	95.0	0.10(95)	0.10(95)	|	1024	
694	422	ok	|	0.10	1.00	1.00	0.11	0.05	0	|	rapi	0.10	0.11	0	|	95.0	0.11(95)	0.11(95)	|	1024	
694	423	ok	|	0.10	1.00	1.00	0.10	0.05	0	|	rapi	0.10	0.10	0	|	95.0	0.10(95)	0.10(95)	|	1024	
694	424	ok	|	0.09	1.00	1.00	0.10	0.05	0	|	rapi	0.09	0.10	0	|	95.0	0.10(95)	0.10(95)	|	1024	
694	425	ok	|	0.10	1.00	1.00	0.11	0.05	0	|	rapi	0.10	0.11	0	|	95.0	0.11(95)	0.11(95)	|	1024	
694	426	ok	|	0.10	1.00	1.00	0.10	0.05	0	|	rapi	0.10	0.10	0	|	95.0	0.10(95)	0.10(95)	|	1024	
694	427	ok	|	0.10	1.00	1.00	0.10	0.05	0	|	rapi	0.10	0.10	0	|	95.0	0.10(95)	0.10(95)	|	1024	
694	428	ok	|	0.09	1.00	1.00	0.10	0.05	0	|	rapi	0.09	0.10	0	|	95.0	0.10(95)	0.10(95)	|	1024	
694	429	ok	|	0.08	1.00	1.00	0.08	0.04	0	|	rapi	0.08	0.08	0	|	95.0	0.08(95)	0.08(95)	|	1024	
694	430	ok	|	0.07	1.00	1.00	0.08	0.04	0	|	rapi	0.07	0.08	0	|	95.0	0.08(95)	0.08(95)	|	1024	
694	431	ok	|	0.07	1.00	1.00	0.08	0.04	0	|	rapi	0.07	0.08	0	|	95.0	0.08(95)	0.08(95)	|	1024	
694	432	ok	|	0.08	1.00	1.00	0.08	0.04	0	|	rapi	0.08	0.08	0	|	95.0	0.08(95)	0.08(95)	|	1024	
694	433	ok	|	0.08	1.00	1.00	0.08	0.04	0	|	rapi	0.08	0.08	0	|	95.0	0.08(95)	0.08(95)	|	1024	
694	434	ok	|	0.08	1.00	1.00	0.08	0.04	0	|	rapi	0.08	0.08	0	|	95.0	0.08(95)	0.08(95)	|	1024	
694	435	ok	|	0.07	1.00	1.00	0.07	0.04	0	|	rapi	0.07	0.07	0	|	95.0	0.07(95)	0.07(95)	|	1024	
694	436	ok	|	0.07	1.00	1.00	0.08	0.04	0	|	rapi	0.07	0.08	0	|	95.0	0.08(95)	0.08(95)	|	1024	
694	437	ok	|	0.07	1.00	1.00	0.07	0.04	0	|	rapi	0.07	0.07	0	|	95.0	0.07(95)	0.07(95)	|	1024	
694	438	ok	|	0.08	1.00	1.00	0.09	0.04	0	|	rapi	0.08	0.09	0	|	95.0	0.09(95)	0.09(95)	|	1024	
694	439	ok	|	0.08	1.00	1.00	0.08	0.04	0	|	rapi	0.08	0.08	0	|	95.0	0.08(95)	0.08(95)	|	1024	
694	440	ok	|	0.08	1.00	1.00	0.08	0.04	0	|	rapi	0.08	0.08	0	|	95.0	0.08(95)	0.08(95)	|	1024	
694	441	ok	|	0.07	1.00	1.00	0.07	0.04	0	|	rapi	0.07	0.07	0	|	95.0	0.07(95)	0.07(95)	|	1024	
694	442	ok	|	0.07	1.00	1.00	0.07	0.04	0	|	rapi	0.07	0.07	0	|	95.0	0.07(95)	0.07(95)	|	1024	
694	443	ok	|	0.06	1.00	1.00	0.06	0.03	0	|	rapi	0.06	0.06	0	|	95.0	0.06(95)	0.06(95)	|	1024	
694	444	ok	|	0.07	1.00	1.00	0.07	0.03	0	|	rapi	0.07	0.07	0	|	95.0	0.07(95)	0.07(95)	|	1024	
694	445	ok	|	0.07	1.00	1.00	0.08	0.04	0	|	rapi	0.07	0.08	0	|	95.0	0.08(95)	0.08(95)	|	1024	
694	446	ok	|	0.08	1.00	1.00	0.08	0.04	0	|	rapi	0.08	0.08	0	|	95.0	0.08(95)	0.08(95)	|	1024	
694	447	ok	|	0.07	1.00	1.00	0.07	0.04	0	|	rapi	0.07	0.07	0	|	95.0	0.07(95)	0.07(95)	|	1024	
694	448	ok	|	0.07	1.00	1.00	0.07	0.03	0	|	rapi	0.07	0.07	0	|	95.0	0.07(95)	0.07(95)	|	1024	
694	449	ok	|	0.06	1.00	1.00	0.06	0.03	0	|	rapi	0.06	0.06	0	|	95.0	0.06(95)	0.06(95)	|	1024	
694	450	ok	|	0.07	1.00	1.00	0.07	0.04	0	|	rapi	0.07	0.07	0	|	95.0	0.07(95)	0.07(95)	|	1024	
694	451	ok	|	0.07	1.00	1.00	0.07	0.03	0	|	rapi	0.07	0.07	0	|	95.0	0.07(95)	0.07(95)	|	1024	
694	452	ok	|	0.07	1.00	1.00	0.07	0.04	0	|	rapi	0.07	0.07	0	|	95.0	0.07(95)	0.07(95)	|	1024	
694	453	ok	|	0.07	1.00	1.00	0.07	0.03	0	|	rapi	0.07	0.07	0	|	95.0	0.07(95)	0.07(95)	|	1024	
694	454	ok	|	0.07	1.00	1.00	0.07	0.03	0	|	rapi	0.07	0.07	0	|	95.0	0.07(95)	0.07(95)	|	1024	
694	455	ok	|	0.06	1.00	1.00	0.06	0.03	0	|	rapi	0.06	0.06	0	|	95.0	0.06(95)	0.06(95)	|	1024	
694	456	ok	|	0.06	1.00	1.00	0.06	0.03	0	|	rapi	0.06	0.06	0	|	95.0	0.06(95)	0.06(95)	|	1024	
694	457	ok	|	0.05	1.00	1.00	0.06	0.03	0	|	rapi	0.05	0.06	0	|	95.0	0.06(95)	0.06(95)	|	1024	
694	458	ok	|	0.06	1.00	1.00	0.06	0.03	0	|	rapi	0.06	0.06	0	|	95.0	0.06(95)	0.06(95)	|	1024	
694	459	ok	|	0.07	1.00	1.00	0.07	0.03	0	|	rapi	0.07	0.07	0	|	95.0	0.07(95)	0.07(95)	|	1024	
694	460	ok	|	0.07	1.00	1.00	0.07	0.04	0	|	rapi	0.07	0.07	0	|	95.0	0.07(95)	0.07(95)	|	1024	
694	461	ok	|	0.07	1.00	1.00	0.07	0.04	0	|	rapi	0.07	0.07	0	|	95.0	0.07(95)	0.07(95)	|	1024	
694	462	ok	|	0.08	1.00	1.00	0.08	0.04	0	|	rapi	0.08	0.08	0	|	95.0	0.08(95)	0.08(95)	|	1024	
694	463	ok	|	0.09	1.00	1.00	0.09	0.05	0	|	rapi	0.09	0.09	0	|	95.0	0.09(95)	0.09(95)	|	1024	
694	464	ok	|	0.08	1.00	1.00	0.09	0.04	0	|	rapi	0.08	0.09	0	|	95.0	0.09(95)	0.09(95)	|	1024	
694	465	ok	|	0.08	1.00	1.00	0.09	0.04	0	|	rapi	0.08	0.09	0	|	95.0	0.09(95)	0.09(95)	|	1024	
694	466	ok	|	0.08	1.00	1.00	0.08	0.04	0	|	rapi	0.08	0.08	0	|	95.0	0.08(95)	0.08(95)	|	1024	
694	467	ok	|	0.08	1.00	1.00	0.08	0.04	0	|	rapi	0.08	0.08	0	|	95.0	0.08(95)	0.08(95)	|	1024	
694	468	ok	|	0.06	1.00	1.00	0.06	0.03	0	|	rapi	0.06	0.06	0	|	95.0	0.06(95)	0.06(95)	|	1024	
694	469	ok	|	0.05	1.00	1.00	0.05	0.03	0	|	rapi	0.05	0.05	0	|	95.0	0.05(95)	0.05(95)	|	1024	
694	470	ok	|	0.05	1.00	1.00	0.05	0.02	0	|	rapi	0.05	0.05	0	|	95.0	0.05(95)	0.05(95)	|	1024	
694	471	ok	|	0.05	1.00	1.00	0.05	0.03	0	|	rapi	0.05	0.05	0	|	95.0	0.05(95)	0.05(95)	|	1024	
694	472	ok	|	0.04	1.00	1.00	0.04	0.02	0	|	rapi	0.04	0.04	0	|	95.0	0.04(95)	0.04(95)	|	1024	
694	473	ok	|	0.06	1.00	1.00	0.06	0.03	0	|	rapi	0.06	0.06	0	|	95.0	0.06(95)	0.06(95)	|	1024	
694	474	ok	|	0.06	1.00	1.00	0.06	0.03	0	|	rapi	0.06	0.06	0	|	95.0	0.06(95)	0.06(95)	|	1024	
694	475	ok	|	0.06	1.00	1.00	0.06	0.03	0	|	rapi	0.06	0.06	0	|	95.0	0.06(95)	0.06(95)	|	1024	
694	476	ok	|	0.06	1.00	1.00	0.06	0.03	0	|	rapi	0.06	0.06	0	|	95.0	0.06(95)	0.06(95)	|	1024	
694	477	ok	|	0.07	1.00	1.00	0.07	0.04	0	|	rapi	0.07	0.07	0	|	95.0	0.07(95)	0.07(95)	|	1024	
694	478	ok	|	0.05	1.00	1.00	0.05	0.03	0	|	rapi	0.05	0.05	0	|	95.0	0.05(95)	0.05(95)	|	1024	
694	479	ok	|	0.05	1.00	1.00	0.05	0.03	0	|	rapi	0.05	0.05	0	|	95.0	0.05(95)	0.05(95)	|	1024	
694	480	ok	|	0.05	1.00	1.00	0.05	0.02	0	|	rapi	0.05	0.05	0	|	95.0	0.05(95)	0.05(95)	|	1024	
694	481	ok	|	0.05	1.00	1.00	0.05	0.02	0	|	rapi	0.05	0.05	0	|	95.0	0.05(95)	0.05(95)	|	1024	
694	482	ok	|	0.05	1.00	1.00	0.05	0.03	0	|	rapi	0.05	0.05	0	|	95.0	0.05(95)	0.05(95)	|	1024	
694	483	ok	|	0.05	1.00	1.00	0.05	0.02	0	|	rapi	0.05	0.05	0	|	95.0	0.05(95)	0.05(95)	|	1024	
694	484	ok	|	0.05	1.00	1.00	0.05	0.02	0	|	rapi	0.05	0.05	0	|	95.0	0.05(95)	0.05(95)	|	1024	
694	485	ok	|	0.04	1.00	1.00	0.04	0.02	0	|	rapi	0.04	0.04	0	|	95.0	0.04(95)	0.04(95)	|	1024	
694	486	ok	|	0.06	1.00	1.00	0.06	0.03	0	|	rapi	0.06	0.06	0	|	95.0	0.06(95)	0.06(95)	|	1024	
694	487	ok	|	0.05	1.00	1.00	0.05	0.03	0	|	rapi	0.05	0.05	0	|	95.0	0.05(95)	0.05(95)	|	1024	
694	488	ok	|	0.04	1.00	1.00	0.04	0.02	0	|	rapi	0.04	0.04	0	|	95.0	0.04(95)	0.04(95)	|	1024	
694	489	ok	|	0.04	1.00	1.00	0.04	0.02	0	|	rapi	0.04	0.04	0	|	95.0	0.04(95)	0.04(95)	|	1024	
694	490	ok	|	0.04	1.00	1.00	0.04	0.02	0	|	rapi	0.04	0.04	0	|	95.0	0.04(95)	0.04(95)	|	1024	
694	491	ok	|	0.06	1.00	1.00	0.06	0.03	0	|	rapi	0.06	0.06	0	|	95.0	0.06(95)	0.06(95)	|	1024	
694	492	ok	|	0.05	1.00	1.00	0.05	0.03	0	|	rapi	0.05	0.05	0	|	95.0	0.05(95)	0.05(95)	|	1024	
694	493	ok	|	0.06	1.00	1.00	0.06	0.03	0	|	rapi	0.06	0.06	0	|	95.0	0.06(95)	0.06(95)	|	1024	
694	494	ok	|	0.06	1.00	1.00	0.07	0.03	0	|	rapi	0.06	0.07	0	|	95.0	0.07(95)	0.07(95)	|	1024	
694	495	ok	|	0.06	1.00	1.00	0.06	0.03	0	|	rapi	0.06	0.06	0	|	95.0	0.06(95)	0.06(95)	|	1024	
694	496	ok	|	0.05	1.00	1.00	0.05	0.03	0	|	rapi	0.05	0.05	0	|	95.0	0.05(95)	0.05(95)	|	1024	
694	497	ok	|	0.04	1.00	1.00	0.04	0.02	0	|	rapi	0.04	0.04	0	|	95.0	0.04(95)	0.04(95)	|	1024	
694	498	ok	|	0.05	1.00	1.00	0.05	0.02	0	|	rapi	0.05	0.05	0	|	95.0	0.05(95)	0.05(95)	|	1024	
694	499	ok	|	0.04	1.00	1.00	0.05	0.02	0	|	rapi	0.04	0.05	0	|	95.0	0.05(95)	0.05(95)	|	1024	
694	500	ok	|	0.04	1.00	1.00	0.04	0.02	0	|	rapi	0.04	0.04	0	|	95.0	0.04(95)	0.04(95)	|	1024	
694	501	ok	|	0.04	1.00	1.00	0.04	0.02	0	|	rapi	0.04	0.04	0	|	95.0	0.04(95)	0.04(95)	|	1024	
694	502	ok	|	0.05	1.00	1.00	0.05	0.02	0	|	rapi	0.05	0.05	0	|	95.0	0.05(95)	0.05(95)	|	1024	
694	503	ok	|	0.05	1.00	1.00	0.05	0.03	0	|	rapi	0.05	0.05	0	|	95.0	0.05(95)	0.05(95)	|	1024	
694	504	ok	|	0.04	1.00	1.00	0.04	0.02	0	|	rapi	0.04	0.04	0	|	95.0	0.04(95)	0.04(95)	|	1024	
694	505	ok	|	0.04	1.00	1.00	0.04	0.02	0	|	rapi	0.04	0.04	0	|	95.0	0.04(95)	0.04(95)	|	1024	
694	506	ok	|	0.04	1.00	1.00	0.04	0.02	0	|	rapi	0.04	0.04	0	|	95.0	0.04(95)	0.04(95)	|	1024	
694	507	ok	|	0.04	1.00	1.00	0.04	0.02	0	|	rapi	0.04	0.04	0	|	95.0	0.04(95)	0.04(95)	|	1024	
694	508	ok	|	0.04	1.00	1.00	0.04	0.02	0	|	rapi	0.04	0.04	0	|	95.0	0.04(95)	0.04(95)	|	1024	
694	509	ok	|	0.04	1.00	1.00	0.04	0.02	0	|	rapi	0.04	0.04	0	|	95.0	0.04(95)	0.04(95)	|	1024	
694	510	ok	|	0.04	1.00	1.00	0.04	0.02	0	|	rapi	0.04	0.04	0	|	95.0	0.04(95)	0.04(95)	|	1024	
694	511	ok	|	0.04	1.00	1.00	0.04	0.02	0	|	rapi	0.04	0.04	0	|	95.0	0.04(95)	0.04(95)	|	1024	
694	512	ok	|	0.04	1.00	1.00	0.04	0.02	0	|	rapi	0.04	0.04	0	|	95.0	0.04(95)	0.04(95)	|	1024	
694	513	ok	|	0.04	1.00	1.00	0.05	0.02	0	|	rapi	0.04	0.05	0	|	95.0	0.05(95)	0.05(95)	|	1024	
694	514	ok	|	0.06	1.00	1.00	0.06	0.03	0	|	rapi	0.06	0.06	0	|	95.0	0.06(95)	0.06(95)	|	1024	
694	515	ok	|	0.06	1.00	1.00	0.06	0.03	0	|	rapi	0.06	0.06	0	|	95.0	0.06(95)	0.06(95)	|	1024	
694	516	ok	|	0.06	1.00	1.00	0.06	0.03	0	|	rapi	0.06	0.06	0	|	95.0	0.06(95)	0.06(95)	|	1024	
694	517	ok	|	0.08	1.00	1.00	0.08	0.04	0	|	rapi	0.08	0.08	0	|	95.0	0.08(95)	0.08(95)	|	1024	
694	518	ok	|	0.07	1.00	1.00	0.07	0.03	0	|	rapi	0.07	0.07	0	|	95.0	0.07(95)	0.07(95)	|	1024	
694	519	ok	|	0.06	1.00	1.00	0.06	0.03	0	|	rapi	0.06	0.06	0	|	95.0	0.06(95)	0.06(95)	|	1024	
694	520	ok	|	0.07	1.00	1.00	0.07	0.03	0	|	rapi	0.07	0.07	0	|	95.0	0.07(95)	0.07(95)	|	1024	
694	521	ok	|	0.07	1.00	1.00	0.07	0.04	0	|	rapi	0.07	0.07	0	|	95.0	0.07(95)	0.07(95)	|	1024	
694	522	ok	|	0.08	1.00	1.00	0.08	0.04	0	|	rapi	0.08	0.08	0	|	95.0	0.08(95)	0.08(95)	|	1024	
694	523	ok	|	0.08	1.00	1.00	0.08	0.04	0	|	rapi	0.08	0.08	0	|	95.0	0.08(95)	0.08(95)	|	1024	
694	524	ok	|	0.09	1.00	1.00	0.10	0.05	0	|	rapi	0.09	0.10	0	|	95.0	0.10(95)	0.10(95)	|	1024	
694	525	ok	|	0.09	1.00	1.00	0.09	0.05	0	|	rapi	0.09	0.09	0	|	95.0	0.09(95)	0.09(95)	|	1024	
694	526	ok	|	0.09	1.00	1.00	0.09	0.05	0	|	rapi	0.09	0.09	0	|	95.0	0.09(95)	0.09(95)	|	1024	
694	527	ok	|	0.08	1.00	1.00	0.09	0.04	0	|	rapi	0.08	0.09	0	|	95.0	0.09(95)	0.09(95)	|	1024	
694	528	ok	|	0.07	1.00	1.00	0.08	0.04	0	|	rapi	0.07	0.08	0	|	95.0	0.08(95)	0.08(95)	|	1024	
694	529	ok	|	0.08	1.00	1.00	0.08	0.04	0	|	rapi	0.08	0.08	0	|	95.0	0.08(95)	0.08(95)	|	1024	
694	530	ok	|	0.07	1.00	1.00	0.07	0.04	0	|	rapi	0.07	0.07	0	|	95.0	0.07(95)	0.07(95)	|	1024	
694	531	ok	|	0.06	1.00	1.00	0.06	0.03	0	|	rapi	0.06	0.06	0	|	95.0	0.06(95)	0.06(95)	|	1024	
694	532	ok	|	0.06	1.00	1.00	0.06	0.03	0	|	rapi	0.06	0.06	0	|	95.0	0.06(95)	0.06(95)	|	1024	
694	533	ok	|	0.05	1.00	1.00	0.05	0.03	0	|	rapi	0.05	0.05	0	|	95.0	0.05(95)	0.05(95)	|	1024	
694	534	ok	|	0.06	1.00	1.00	0.06	0.03	0	|	rapi	0.06	0.06	0	|	95.0	0.06(95)	0.06(95)	|	1024	
694	535	ok	|	0.06	1.00	1.00	0.06	0.03	0	|	rapi	0.06	0.06	0	|	95.0	0.06(95)	0.06(95)	|	1024	
694	536	ok	|	0.06	1.00	1.00	0.07	0.03	0	|	rapi	0.06	0.07	0	|	95.0	0.07(95)	0.07(95)	|	1024	
694	537	ok	|	0.07	1.00	1.00	0.07	0.03	0	|	rapi	0.07	0.07	0	|	95.0	0.07(95)	0.07(95)	|	1024	
694	538	ok	|	0.07	1.00	1.00	0.08	0.04	0	|	rapi	0.07	0.08	0	|	95.0	0.08(95)	0.08(95)	|	1024	
694	539	ok	|	0.08	1.00	1.00	0.09	0.04	0	|	rapi	0.08	0.09	0	|	95.0	0.09(95)	0.09(95)	|	1024	
694	540	ok	|	0.08	1.00	1.00	0.08	0.04	0	|	rapi	0.08	0.08	0	|	95.0	0.08(95)	0.08(95)	|	1024	
694	541	ok	|	0.07	1.00	1.00	0.08	0.04	0	|	rapi	0.07	0.08	0	|	95.0	0.08(95)	0.08(95)	|	1024	
694	542	ok	|	0.07	1.00	1.00	0.07	0.04	0	|	rapi	0.07	0.07	0	|	95.0	0.07(95)	0.07(95)	|	1024	
694	543	ok	|	0.07	1.00	1.00	0.07	0.04	0	|	rapi	0.07	0.07	0	|	95.0	0.07(95)	0.07(95)	|	1024	
694	544	ok	|	0.06	1.00	1.00	0.07	0.03	0	|	rapi	0.06	0.07	0	|	95.0	0.07(95)	0.07(95)	|	1024	
694	545	ok	|	0.07	1.00	1.00	0.07	0.04	0	|	rapi	0.07	0.07	0	|	95.0	0.07(95)	0.07(95)	|	1024	
694	546	ok	|	0.08	1.00	1.00	0.08	0.04	0	|	rapi	0.08	0.08	0	|	95.0	0.08(95)	0.08(95)	|	1024	
694	547	ok	|	0.08	1.00	1.00	0.08	0.04	0	|	rapi	0.08	0.08	0	|	95.0	0.08(95)	0.08(95)	|	1024	
694	548	ok	|	0.10	1.00	1.00	0.10	0.05	0	|	rapi	0.10	0.10	0	|	95.0	0.10(95)	0.10(95)	|	1024	
694	549	ok	|	0.09	1.00	1.00	0.09	0.04	0	|	rapi	0.09	0.09	0	|	95.0	0.09(95)	0.09(95)	|	1024	
694	550	ok	|	0.08	1.00	1.00	0.09	0.04	0	|	rapi	0.08	0.09	0	|	95.0	0.09(95)	0.09(95)	|	1024	
694	551	ok	|	0.08	1.00	1.00	0.08	0.04	0	|	rapi	0.08	0.08	0	|	95.0	0.08(95)	0.08(95)	|	1024	
694	552	ok	|	0.08	1.00	1.00	0.08	0.04	0	|	rapi	0.08	0.08	0	|	95.0	0.08(95)	0.08(95)	|	1024	
694	553	ok	|	0.08	1.00	1.00	0.08	0.04	0	|	rapi	0.08	0.08	0	|	95.0	0.08(95)	0.08(95)	|	1024	
694	554	ok	|	0.08	1.00	1.00	0.08	0.04	0	|	rapi	0.08	0.08	0	|	95.0	0.08(95)	0.08(95)	|	1024	
694	555	ok	|	0.09	1.00	1.00	0.09	0.04	0	|	rapi	0.09	0.09	0	|	95.0	0.09(95)	0.09(95)	|	1024	
694	556	ok	|	0.08	1.00	1.00	0.08	0.04	0	|	rapi	0.08	0.08	0	|	95.0	0.08(95)	0.08(95)	|	1024	
694	557	ok	|	0.08	1.00	1.00	0.08	0.04	0	|	rapi	0.08	0.08	0	|	95.0	0.08(95)	0.08(95)	|	1024	
694	558	ok	|	0.09	1.00	1.00	0.10	0.05	0	|	rapi	0.09	0.10	0	|	95.0	0.10(95)	0.10(95)	|	1024	
694	559	ok	|	0.10	1.00	1.00	0.10	0.05	0	|	rapi	0.10	0.10	0	|	95.0	0.10(95)	0.10(95)	|	1024	
694	560	ok	|	0.08	1.00	1.00	0.09	0.04	0	|	rapi	0.08	0.09	0	|	95.0	0.09(95)	0.09(95)	|	1024	
694	561	ok	|	0.10	1.00	1.00	0.10	0.05	0	|	rapi	0.10	0.10	0	|	95.0	0.10(95)	0.10(95)	|	1024	
694	562	ok	|	0.08	1.00	1.00	0.08	0.04	0	|	rapi	0.08	0.08	0	|	95.0	0.08(95)	0.08(95)	|	1024	
694	563	ok	|	0.08	1.00	1.00	0.08	0.04	0	|	rapi	0.08	0.08	0	|	95.0	0.08(95)	0.08(95)	|	1024	
694	564	ok	|	0.07	1.00	1.00	0.08	0.04	0	|	rapi	0.07	0.08	0	|	95.0	0.08(95)	0.08(95)	|	1024	
694	565	ok	|	0.06	1.00	1.00	0.06	0.03	0	|	rapi	0.06	0.06	0	|	95.0	0.06(95)	0.06(95)	|	1024	
694	566	ok	|	0.05	1.00	1.00	0.05	0.03	0	|	rapi	0.05	0.05	0	|	95.0	0.05(95)	0.05(95)	|	1024	
694	567	ok	|	0.05	1.00	1.00	0.05	0.03	0	|	rapi	0.05	0.05	0	|	95.0	0.05(95)	0.05(95)	|	1024	
694	568	ok	|	0.04	1.00	1.00	0.04	0.02	0	|	rapi	0.04	0.04	0	|	95.0	0.04(95)	0.04(95)	|	1024	
694	569	ok	|	0.04	1.00	1.00	0.04	0.02	0	|	rapi	0.04	0.04	0	|	95.0	0.04(95)	0.04(95)	|	1024	
694	570	ok	|	0.04	1.00	1.00	0.04	0.02	0	|	rapi	0.04	0.04	0	|	95.0	0.04(95)	0.04(95)	|	1024	
694	571	ok	|	0.04	1.00	1.00	0.04	0.02	0	|	rapi	0.04	0.04	0	|	95.0	0.04(95)	0.04(95)	|	1024	
694	572	ok	|	0.04	1.00	1.00	0.04	0.02	0	|	rapi	0.04	0.04	0	|	95.0	0.04(95)	0.04(95)	|	1024	
694	573	ok	|	0.04	1.00	1.00	0.04	0.02	0	|	rapi	0.04	0.04	0	|	95.0	0.04(95)	0.04(95)	|	1024	
694	574	ok	|	0.04	1.00	1.00	0.05	0.02	0	|	rapi	0.04	0.05	0	|	95.0	0.05(95)	0.05(95)	|	1024	
694	575	ok	|	0.04	1.00	1.00	0.04	0.02	0	|	rapi	0.04	0.04	0	|	95.0	0.04(95)	0.04(95)	|	1024	
694	576	ok	|	0.05	1.00	1.00	0.05	0.03	0	|	rapi	0.05	0.05	0	|	95.0	0.05(95)	0.05(95)	|	1024	
694	577	ok	|	0.05	1.00	1.00	0.05	0.02	0	|	rapi	0.05	0.05	0	|	95.0	0.05(95)	0.05(95)	|	1024	
694	578	ok	|	0.04	1.00	1.00	0.04	0.02	0	|	rapi	0.04	0.04	0	|	95.0	0.04(95)	0.04(95)	|	1024	
694	579	ok	|	0.05	1.00	1.00	0.05	0.02	0	|	rapi	0.05	0.05	0	|	95.0	0.05(95)	0.05(95)	|	1024	
694	580	ok	|	0.05	1.00	1.00	0.05	0.03	0	|	rapi	0.05	0.05	0	|	95.0	0.05(95)	0.05(95)	|	1024	
694	581	ok	|	0.05	1.00	1.00	0.05	0.02	0	|	rapi	0.05	0.05	0	|	95.0	0.05(95)	0.05(95)	|	1024	
694	582	ok	|	0.05	1.00	1.00	0.05	0.03	0	|	rapi	0.05	0.05	0	|	95.0	0.05(95)	0.05(95)	|	1024	
694	583	ok	|	0.06	1.00	1.00	0.06	0.03	0	|	rapi	0.06	0.06	0	|	95.0	0.06(95)	0.06(95)	|	1024	
694	584	ok	|	0.05	1.00	1.00	0.05	0.03	0	|	rapi	0.05	0.05	0	|	95.0	0.05(95)	0.05(95)	|	1024	
694	585	ok	|	0.05	1.00	1.00	0.05	0.02	0	|	rapi	0.05	0.05	0	|	95.0	0.05(95)	0.05(95)	|	1024	
694	586	ok	|	0.04	1.00	1.00	0.04	0.02	0	|	rapi	0.04	0.04	0	|	95.0	0.04(95)	0.04(95)	|	1024	
694	587	ok	|	0.05	1.00	1.00	0.05	0.02	0	|	rapi	0.05	0.05	0	|	95.0	0.05(95)	0.05(95)	|	1024	
694	588	ok	|	0.04	1.00	1.00	0.04	0.02	0	|	rapi	0.04	0.04	0	|	95.0	0.04(95)	0.04(95)	|	1024	
694	589	ok	|	0.04	1.00	1.00	0.04	0.02	0	|	rapi	0.04	0.04	0	|	95.0	0.04(95)	0.04(95)	|	1024	
694	590	ok	|	0.03	1.00	1.00	0.03	0.02	0	|	rapi	0.03	0.03	0	|	95.0	0.03(95)	0.03(95)	|	1024	
694	591	ok	|	0.03	1.00	1.00	0.03	0.01	0	|	rapi	0.03	0.03	0	|	95.0	0.03(95)	0.03(95)	|	1024	
694	592	ok	|	0.02	1.00	1.00	0.02	0.01	0	|	rapi	0.02	0.02	0	|	95.0	0.02(95)	0.02(95)	|	1024	
694	593	ok	|	0.02	1.00	1.00	0.02	0.01	0	|	rapi	0.02	0.02	0	|	95.0	0.02(95)	0.02(95)	|	1024	
694	594	ok	|	0.02	1.00	1.00	0.02	0.01	0	|	rapi	0.02	0.02	0	|	95.0	0.02(95)	0.02(95)	|	1024	
694	595	ok	|	0.03	1.00	1.00	0.03	0.01	0	|	rapi	0.03	0.03	0	|	95.0	0.03(95)	0.03(95)	|	1024	
694	596	ok	|	0.03	1.00	1.00	0.03	0.02	0	|	rapi	0.03	0.03	0	|	95.0	0.03(95)	0.03(95)	|	1024	
694	597	ok	|	0.03	1.00	1.00	0.03	0.02	0	|	rapi	0.03	0.03	0	|	95.0	0.03(95)	0.03(95)	|	1024	
694	598	ok	|	0.03	1.00	1.00	0.03	0.01	0	|	rapi	0.03	0.03	0	|	95.0	0.03(95)	0.03(95)	|	1024	
694	599	ok	|	0.02	1.00	1.00	0.02	0.01	0	|	rapi	0.02	0.02	0	|	95.0	0.02(95)	0.02(95)	|	1024	
694	600	ok	|	0.02	1.00	1.00	0.02	0.01	0	|	rapi	0.02	0.02	0	|	95.0	0.02(95)	0.02(95)	|	1024	
694	601	ok	|	0.03	1.00	1.00	0.03	0.02	0	|	rapi	0.03	0.03	0	|	95.0	0.03(95)	0.03(95)	|	1024	
694	602	ok	|	0.03	1.00	1.00	0.03	0.01	0	|	rapi	0.03	0.03	0	|	95.0	0.03(95)	0.03(95)	|	1024	
694	603	ok	|	0.03	1.00	1.00	0.03	0.01	0	|	rapi	0.03	0.03	0	|	95.0	0.03(95)	0.03(95)	|	1024	
694	604	ok	|	0.03	1.00	1.00	0.03	0.02	0	|	rapi	0.03	0.03	0	|	95.0	0.03(95)	0.03(95)	|	1024	
694	605	ok	|	0.04	1.00	1.00	0.04	0.02	0	|	rapi	0.04	0.04	0	|	95.0	0.04(95)	0.04(95)	|	1024	
694	606	ok	|	0.03	1.00	1.00	0.03	0.01	0	|	rapi	0.03	0.03	0	|	95.0	0.03(95)	0.03(95)	|	1024	
694	607	ok	|	0.03	1.00	1.00	0.03	0.01	0	|	rapi	0.03	0.03	0	|	95.0	0.03(95)	0.03(95)	|	1024	
694	608	ok	|	0.03	1.00	1.00	0.03	0.01	0	|	rapi	0.03	0.03	0	|	95.0	0.03(95)	0.03(95)	|	1024	
694	609	ok	|	0.03	1.00	1.00	0.03	0.02	0	|	rapi	0.03	0.03	0	|	95.0	0.03(95)	0.03(95)	|	1024	
694	610	ok	|	0.05	1.00	1.00	0.05	0.02	0	|	rapi	0.05	0.05	0	|	95.0	0.05(95)	0.05(95)	|	1024	
694	611	ok	|	0.05	1.00	1.00	0.05	0.03	0	|	rapi	0.05	0.05	0	|	95.0	0.05(95)	0.05(95)	|	1024	
694	612	ok	|	0.06	1.00	1.00	0.06	0.03	0	|	rapi	0.06	0.06	0	|	95.0	0.06(95)	0.06(95)	|	1024	
694	613	ok	|	0.06	1.00	1.00	0.06	0.03	0	|	rapi	0.06	0.06	0	|	95.0	0.06(95)	0.06(95)	|	1024	
694	614	ok	|	0.05	1.00	1.00	0.05	0.03	0	|	rapi	0.05	0.05	0	|	95.0	0.05(95)	0.05(95)	|	1024	
694	615	ok	|	0.04	1.00	1.00	0.04	0.02	0	|	rapi	0.04	0.04	0	|	95.0	0.04(95)	0.04(95)	|	1024	
694	616	ok	|	0.05	1.00	1.00	0.05	0.02	0	|	rapi	0.05	0.05	0	|	95.0	0.05(95)	0.05(95)	|	1024	
694	617	ok	|	0.05	1.00	1.00	0.05	0.02	0	|	rapi	0.05	0.05	0	|	95.0	0.05(95)	0.05(95)	|	1024	
694	618	ok	|	0.05	1.00	1.00	0.05	0.03	0	|	rapi	0.05	0.05	0	|	95.0	0.05(95)	0.05(95)	|	1024	
694	619	ok	|	0.04	1.00	1.00	0.04	0.02	0	|	rapi	0.04	0.04	0	|	95.0	0.04(95)	0.04(95)	|	1024	
694	620	ok	|	0.04	1.00	1.00	0.04	0.02	0	|	rapi	0.04	0.04	0	|	95.0	0.04(95)	0.04(95)	|	1024	
694	621	ok	|	0.03	1.00	1.00	0.03	0.02	0	|	rapi	0.03	0.03	0	|	95.0	0.03(95)	0.03(95)	|	1024	
694	622	ok	|	0.02	1.00	1.00	0.02	0.01	0	|	rapi	0.02	0.02	0	|	95.0	0.02(95)	0.02(95)	|	1024	
694	623	ok	|	0.02	1.00	1.00	0.02	0.01	0	|	rapi	0.02	0.02	0	|	95.0	0.02(95)	0.02(95)	|	1024	
694	624	ok	|	0.02	1.00	1.00	0.02	0.01	0	|	rapi	0.02	0.02	0	|	95.0	0.02(95)	0.02(95)	|	1024	
694	625	ok	|	0.03	1.00	1.00	0.03	0.01	0	|	rapi	0.03	0.03	0	|	95.0	0.03(95)	0.03(95)	|	1024	
694	626	ok	|	0.02	1.00	1.00	0.02	0.01	0	|	rapi	0.02	0.02	0	|	95.0	0.02(95)	0.02(95)	|	1024	
694	627	ok	|	0.02	1.00	1.00	0.02	0.01	0	|	rapi	0.02	0.02	0	|	95.0	0.02(95)	0.02(95)	|	1024	
694	628	ok	|	0.01	1.00	1.00	0.01	0.01	0	|	rapi	0.01	0.01	0	|	95.0	0.01(95)	0.01(95)	|	1024	
694	629	ok	|	0.01	1.00	1.00	0.01	0.01	0	|	rapi	0.01	0.01	0	|	95.0	0.01(95)	0.01(95)	|	1024	
694	630	ok	|	0.01	1.00	1.00	0.01	0.01	0	|	rapi	0.01	0.01	0	|	95.0	0.01(95)	0.01(95)	|	1024	
694	631	ok	|	0.01	1.00	1.00	0.01	0.01	0	|	rapi	0.01	0.01	0	|	95.0	0.01(95)	0.01(95)	|	1024	
694	632	ok	|	0.01	1.00	1.00	0.01	0.00	0	|	rapi	0.01	0.01	0	|	95.0	0.01(95)	0.01(95)	|	1024	
694	633	ok	|	0.01	1.00	1.00	0.01	0.00	0	|	rapi	0.01	0.01	0	|	95.0	0.01(95)	0.01(95)	|	1024	
694	634	ok	|	0.01	1.00	1.00	0.01	0.01	0	|	rapi	0.01	0.01	0	|	95.0	0.01(95)	0.01(95)	|	1024	
694	635	ok	|	0.02	1.00	1.00	0.02	0.01	0	|	rapi	0.02	0.02	0	|	95.0	0.02(95)	0.02(95)	|	1024	
694	636	ok	|	0.01	1.00	1.00	0.01	0.01	0	|	rapi	0.01	0.01	0	|	95.0	0.01(95)	0.01(95)	|	1024	
694	637	ok	|	0.01	1.00	1.00	0.01	0.01	0	|	rapi	0.01	0.01	0	|	95.0	0.01(95)	0.01(95)	|	1024	
694	638	ok	|	0.01	1.00	1.00	0.01	0.00	0	|	rapi	0.01	0.01	0	|	95.0	0.01(95)	0.01(95)	|	1024	
694	639	ok	|	0.01	1.00	1.00	0.01	0.01	0	|	rapi	0.01	0.01	0	|	95.0	0.01(95)	0.01(95)	|	1024	
694	640	ok	|	0.02	1.00	1.00	0.02	0.01	0	|	rapi	0.02	0.02	0	|	95.0	0.02(95)	0.02(95)	|	1024	
694	641	ok	|	0.02	1.00	1.00	0.02	0.01	0	|	rapi	0.02	0.02	0	|	95.0	0.02(95)	0.02(95)	|	1024	
694	642	ok	|	0.02	1.00	1.00	0.02	0.01	0	|	rapi	0.02	0.02	0	|	95.0	0.02(95)	0.02(95)	|	1024	
694	643	ok	|	0.02	1.00	1.00	0.02	0.01	0	|	rapi	0.02	0.02	0	|	95.0	0.02(95)	0.02(95)	|	1024	
694	644	ok	|	0.02	1.00	1.00	0.02	0.01	0	|	rapi	0.02	0.02	0	|	95.0	0.02(95)	0.02(95)	|	1024	
694	645	ok	|	0.03	1.00	1.00	0.03	0.02	0	|	rapi	0.03	0.03	0	|	95.0	0.03(95)	0.03(95)	|	1024	
694	646	ok	|	0.02	1.00	1.00	0.02	0.01	0	|	rapi	0.02	0.02	0	|	95.0	0.02(95)	0.02(95)	|	1024	
694	647	ok	|	0.03	1.00	1.00	0.03	0.01	0	|	rapi	0.03	0.03	0	|	95.0	0.03(95)	0.03(95)	|	1024	
694	648	ok	|	0.02	1.00	1.00	0.02	0.01	0	|	rapi	0.02	0.02	0	|	95.0	0.02(95)	0.02(95)	|	1024	
694	649	ok	|	0.03	1.00	1.00	0.03	0.01	0	|	rapi	0.03	0.03	0	|	95.0	0.03(95)	0.03(95)	|	1024	
694	650	ok	|	0.02	1.00	1.00	0.02	0.01	0	|	rapi	0.02	0.02	0	|	95.0	0.02(95)	0.02(95)	|	1024	
694	651	ok	|	0.02	1.00	1.00	0.02	0.01	0	|	rapi	0.02	0.02	0	|	95.0	0.02(95)	0.02(95)	|	1024	
694	652	ok	|	0.02	1.00	1.00	0.02	0.01	0	|	rapi	0.02	0.02	0	|	95.0	0.02(95)	0.02(95)	|	1024	
694	653	ok	|	0.03	1.00	1.00	0.03	0.01	0	|	rapi	0.03	0.03	0	|	95.0	0.03(95)	0.03(95)	|	1024	
694	654	ok	|	0.03	1.00	1.00	0.03	0.01	0	|	rapi	0.03	0.03	0	|	95.0	0.03(95)	0.03(95)	|	1024	
694	655	ok	|	0.02	1.00	1.00	0.02	0.01	0	|	rapi	0.02	0.02	0	|	95.0	0.02(95)	0.02(95)	|	1024	
694	656	ok	|	0.02	1.00	1.00	0.02	0.01	0	|	rapi	0.02	0.02	0	|	95.0	0.02(95)	0.02(95)	|	1024	
694	657	ok	|	0.01	1.00	1.00	0.01	0.01	0	|	rapi	0.01	0.01	0	|	95.0	0.01(95)	0.01(95)	|	1024	
694	658	ok	|	0.01	1.00	1.00	0.01	0.01	0	|	rapi	0.01	0.01	0	|	95.0	0.01(95)	0.01(95)	|	1024	
694	659	ok	|	0.01	1.00	1.00	0.01	0.01	0	|	rapi	0.01	0.01	0	|	95.0	0.01(95)	0.01(95)	|	1024	
694	660	ok	|	0.01	1.00	1.00	0.01	0.01	0	|	rapi	0.01	0.01	0	|	95.0	0.01(95)	0.01(95)	|	1024	
694	661	ok	|	0.02	1.00	1.00	0.02	0.01	0	|	rapi	0.02	0.02	0	|	95.0	0.02(95)	0.02(95)	|	1024	
694	662	ok	|	0.02	1.00	1.00	0.02	0.01	0	|	rapi	0.02	0.02	0	|	95.0	0.02(95)	0.02(95)	|	1024	
694	663	ok	|	0.03	1.00	1.00	0.03	0.01	0	|	rapi	0.03	0.03	0	|	95.0	0.03(95)	0.03(95)	|	1024	
694	664	ok	|	0.02	1.00	1.00	0.02	0.01	0	|	rapi	0.02	0.02	0	|	95.0	0.02(95)	0.02(95)	|	1024	
694	665	ok	|	0.02	1.00	1.00	0.02	0.01	0	|	rapi	0.02	0.02	0	|	95.0	0.02(95)	0.02(95)	|	1024	
694	666	ok	|	0.03	1.00	1.00	0.03	0.01	0	|	rapi	0.03	0.03	0	|	95.0	0.03(95)	0.03(95)	|	1024	
694	667	ok	|	0.03	1.00	1.00	0.03	0.02	0	|	rapi	0.03	0.03	0	|	95.0	0.03(95)	0.03(95)	|	1024	
694	668	ok	|	0.04	1.00	1.00	0.04	0.02	0	|	rapi	0.04	0.04	0	|	95.0	0.04(95)	0.04(95)	|	1024	
694	669	ok	|	0.03	1.00	1.00	0.03	0.02	0	|	rapi	0.03	0.03	0	|	95.0	0.03(95)	0.03(95)	|	1024	
694	670	ok	|	0.03	1.00	1.00	0.03	0.01	0	|	rapi	0.03	0.03	0	|	95.0	0.03(95)	0.03(95)	|	1024	
694	671	ok	|	0.02	1.00	1.00	0.02	0.01	0	|	rapi	0.02	0.02	0	|	95.0	0.02(95)	0.02(95)	|	1024	
694	672	ok	|	0.02	1.00	1.00	0.02	0.01	0	|	rapi	0.02	0.02	0	|	95.0	0.02(95)	0.02(95)	|	1024	
694	673	ok	|	0.02	1.00	1.00	0.02	0.01	0	|	rapi	0.02	0.02	0	|	95.0	0.02(95)	0.02(95)	|	1024	
694	674	ok	|	0.03	1.00	1.00	0.03	0.01	0	|	rapi	0.03	0.03	0	|	95.0	0.03(95)	0.03(95)	|	1024	
694	675	ok	|	0.02	1.00	1.00	0.02	0.01	0	|	rapi	0.02	0.02	0	|	95.0	0.02(95)	0.02(95)	|	1024	
694	676	ok	|	0.02	1.00	1.00	0.02	0.01	0	|	rapi	0.02	0.02	0	|	95.0	0.02(95)	0.02(95)	|	1024	
694	677	ok	|	0.03	1.00	1.00	0.03	0.01	0	|	rapi	0.03	0.03	0	|	95.0	0.03(95)	0.03(95)	|	1024	
694	678	ok	|	0.02	1.00	1.00	0.02	0.01	0	|	rapi	0.02	0.02	0	|	95.0	0.02(95)	0.02(95)	|	1024	
694	679	ok	|	0.02	1.00	1.00	0.02	0.01	0	|	rapi	0.02	0.02	0	|	95.0	0.02(95)	0.02(95)	|	1024	
694	680	ok	|	0.02	1.00	1.00	0.02	0.01	0	|	rapi	0.02	0.02	0	|	95.0	0.02(95)	0.02(95)	|	1024	
694	681	ok	|	0.01	1.00	1.00	0.01	0.01	0	|	rapi	0.01	0.01	0	|	95.0	0.01(95)	0.01(95)	|	1024	
694	682	ok	|	0.01	1.00	1.00	0.01	0.00	0	|	rapi	0.01	0.01	0	|	95.0	0.01(95)	0.01(95)	|	1024	
694	683	ok	|	0.01	1.00	1.00	0.01	0.01	0	|	rapi	0.01	0.01	0	|	95.0	0.01(95)	0.01(95)	|	1024	
694	684	ok	|	0.01	1.00	1.00	0.01	0.01	0	|	rapi	0.01	0.01	0	|	95.0	0.01(95)	0.01(95)	|	1024	
694	685	ok	|	0.01	1.00	1.00	0.01	0.01	0	|	rapi	0.01	0.01	0	|	95.0	0.01(95)	0.01(95)	|	1024	
694	686	ok	|	0.01	1.00	1.00	0.01	0.01	0	|	rapi	0.01	0.01	0	|	95.0	0.01(95)	0.01(95)	|	1024	
694	687	ok	|	0.01	1.00	1.00	0.01	0.01	0	|	rapi	0.01	0.01	0	|	95.0	0.01(95)	0.01(95)	|	1024	
694	688	ok	|	0.01	1.00	1.00	0.01	0.01	0	|	rapi	0.01	0.01	0	|	95.0	0.01(95)	0.01(95)	|	1024	
694	689	ok	|	0.01	1.00	1.00	0.01	0.01	0	|	rapi	0.01	0.01	0	|	95.0	0.01(95)	0.01(95)	|	1024	
694	690	ok	|	0.01	1.00	1.00	0.01	0.00	0	|	rapi	0.01	0.01	0	|	95.0	0.01(95)	0.01(95)	|	1024	
694	691	ok	|	0.01	1.00	1.00	0.01	0.00	0	|	rapi	0.01	0.01	0	|	95.0	0.01(95)	0.01(95)	|	1024	
694	692	ok	|	0.00	1.00	1.00	0.00	0.00	0	|	rapi	0.00	0.00	0	|	95.0	0.00(95)	0.00(95)	|	1024	
694	693	ok	|	0.00	1.00	1.00	0.00	0.00	0	|	rapi	0.00	0.00	0	|	95.0	0.00(95)	0.00(95)	|	1024	
694	694	ok	|	0.00	1.00	1.00	0.00	0.00	0	|	rapi	0.00	0.00	0	|	95.0	0.00(95)	0.00(95)	|	1024	
694	695	ok	|	0.00	1.00	1.00	0.00	0.00	0	|	rapi	0.00	0.00	0	|	95.0	0.00(95)	0.00(95)	|	1024	
694	696	ok	|	0.00	1.00	1.00	0.00	0.00	0	|	rapi	0.00	0.00	0	|	95.0	0.00(95)	0.00(95)	|	1024	
694	697	ok	|	0.00	1.00	1.00	0.00	0.00	0	|	rapi	0.00	0.00	0	|	95.0	0.00(95)	0.00(95)	|	1024	
694	698	ok	|	0.00	1.00	1.00	0.00	0.00	0	|	rapi	0.00	0.00	0	|	95.0	0.00(95)	0.00(95)	|	1024	
694	699	ok	|	0.00	1.00	1.00	0.00	0.00	0	|	rapi	0.00	0.00	0	|	95.0	0.00(95)	0.00(95)	|	1024	
694	700	ok	|	0.00	1.00	1.00	0.00	0.00	0	|	rapi	0.00	0.00	0	|	95.0	0.00(95)	0.00(95)	|	1024	
694	701	ok	|	0.00	1.00	1.00	0.00	0.00	0	|	rapi	0.00	0.00	0	|	95.0	0.00(95)	0.00(95)	|	1024	
694	702	ok	|	0.00	1.00	1.00	0.00	0.00	0	|	rapi	0.00	0.00	0	|	95.0	0.00(95)	0.00(95)	|	1024	
694	703	ok	|	0.00	1.00	1.00	0.00	0.00	0	|	rapi	0.00	0.00	0	|	95.0	0.00(95)	0.00(95)	|	1024	
694	704	ok	|	0.00	1.00	1.00	0.00	0.00	0	|	rapi	0.00	0.00	0	|	95.0	0.00(95)	0.00(95)	|	1024	
694	705	ok	|	0.00	1.00	1.00	0.00	0.00	0	|	rapi	0.00	0.00	0	|	95.0	0.00(95)	0.00(95)	|	1024	
694	706	fail-0	|	0.00	1.00	1.00	0.00	NaN	0	|	rapi	0.00	0.00	0	|	NaN			|	1024	
