6964	0	ok	|	0.09	1.00	1.00	0.10	0.00	0	|	rapi	0.00	0.00	0	|	-60.0	0.10(-60)		|	3	
6964	1	ok	|	0.10	1.00	1.00	0.13	0.00	0	|	rapi	0.00	0.00	0	|	-60.0	0.13(-60)		|	3	
6964	2	ok	|	0.11	1.00	1.00	0.13	0.00	0	|	rapi	0.00	0.00	0	|	-60.0	0.13(-60)		|	3	
6964	3	ok	|	0.12	1.00	1.00	0.15	0.00	0	|	rapi	0.00	0.00	0	|	-60.0	0.15(-60)		|	3	
6964	4	ok	|	0.12	1.00	1.00	0.17	0.00	0	|	rapi	0.00	0.00	0	|	-60.0	0.17(-60)		|	3	
6964	5	ok	|	0.15	1.00	1.00	0.23	0.00	0	|	rapi	0.00	0.00	0	|	-60.0	0.23(-60)		|	3	
6964	6	ok	|	0.19	1.00	1.00	0.31	0.00	0	|	rapi	0.00	0.00	0	|	-60.0	0.31(-60)		|	3	
6964	7	ok	|	0.23	1.00	1.00	0.37	0.00	0	|	rapi	0.00	0.00	0	|	-60.0	0.37(-60)		|	3	
6964	8	ok	|	0.26	1.00	1.00	0.40	0.00	0	|	rapi	0.00	0.00	0	|	-60.0	0.40(-60)		|	3	
6964	9	ok	|	0.30	1.00	1.00	0.50	0.00	0	|	rapi	0.00	0.00	0	|	-60.0	0.50(-60)		|	3	
6964	10	ok	|	0.34	0.99	0.99	0.57	0.00	0	|	rapi	0.00	0.00	0	|	-60.0	0.57(-60)		|	3	
6964	11	ok	|	0.39	0.99	0.99	0.64	0.00	0	|	rapi	0.00	0.00	0	|	-60.0	0.64(-60)		|	3	
6964	12	ok	|	0.43	0.99	0.99	0.78	0.00	0	|	rapi	0.00	0.00	0	|	-60.0	0.78(-60)		|	3	
6964	13	ok	|	0.50	0.99	0.99	0.87	0.00	0	|	rapi	0.00	0.00	0	|	-60.0	0.87(-60)		|	3	
6964	14	ok	|	0.55	0.99	0.99	1.02	0.00	0	|	rapi	0.00	0.00	0	|	-60.0	1.02(-60)		|	3	
6964	15	ok	|	0.62	0.99	0.99	1.27	0.00	0	|	rapi	0.00	0.00	0	|	-60.0	1.27(-60)		|	3	
6964	16	ok	|	0.67	0.99	0.99	1.48	0.00	0	|	rapi	0.00	0.00	0	|	-60.0	1.48(-60)		|	3	
6964	17	ok	|	0.73	0.98	0.98	1.74	0.00	0	|	rapi	0.00	0.00	0	|	-60.0	1.74(-60)		|	3	
6964	18	ok	|	0.80	0.98	0.98	2.09	0.00	0	|	rapi	0.00	0.00	0	|	-60.0	2.09(-60)		|	3	
6964	19	ok	|	0.83	0.98	0.98	2.44	0.00	0	|	rapi	0.00	0.00	0	|	-60.0	2.44(-60)		|	3	
6964	20	ok	|	0.88	0.97	0.97	2.99	0.00	0	|	rapi	0.00	0.00	0	|	-60.0	2.99(-60)		|	3	
6964	21	ok	|	0.92	0.96	0.96	3.58	0.00	0	|	rapi	0.00	0.00	0	|	-60.0	3.58(-60)		|	3	
6964	22	ok	|	0.94	0.96	0.96	4.29	0.00	0	|	rapi	0.00	0.00	0	|	-60.0	4.29(-60)		|	3	
6964	23	ok	|	0.97	0.95	0.95	5.03	0.00	0	|	rapi	0.00	0.00	0	|	-60.0	5.03(-60)		|	3	
6964	24	ok	|	0.98	0.94	0.94	6.01	0.00	0	|	rapi	0.00	0.00	0	|	-60.0	6.01(-60)		|	3	
6964	25	ok	|	0.99	0.93	0.93	7.17	0.00	0	|	rapi	0.00	0.00	0	|	-60.0	7.17(-60)		|	3	
6964	26	ok	|	1.00	0.92	0.92	8.42	0.00	0	|	rapi	0.00	0.00	0	|	-60.0	8.42(-60)		|	3	
6964	27	ok	|	1.00	0.90	0.90	10.08	0.00	0	|	rapi	0.00	0.00	0	|	-60.0	10.08(-60)		|	3	
6964	28	ok	|	1.00	0.88	0.88	11.72	0.00	0	|	rapi	0.00	0.00	0	|	-60.0	11.72(-60)		|	3	
6964	29	ok	|	1.00	0.86	0.86	13.88	0.00	0	|	rapi	0.00	0.00	0	|	-60.0	13.88(-60)		|	3	
6964	30	ok	|	1.00	0.83	0.83	16.52	0.00	0	|	rapi	0.00	0.00	0	|	-60.0	16.52(-60)		|	3	
6964	31	ok	|	1.00	0.81	0.81	19.38	0.00	0	|	rapi	0.00	0.00	0	|	-60.0	19.38(-60)		|	3	
6964	32	ok	|	1.00	0.77	0.77	22.98	0.00	0	|	rapi	0.00	0.00	0	|	-60.0	22.98(-60)		|	3	
6964	33	ok	|	1.00	0.73	0.73	27.35	0.00	0	|	rapi	0.00	0.00	0	|	-60.0	27.35(-60)		|	3	
6964	34	ok	|	1.00	0.68	0.68	32.46	0.00	0	|	rapi	0.00	0.00	0	|	-60.0	32.46(-60)		|	3	
6964	35	ok	|	1.00	0.62	0.62	38.08	0.00	0	|	rapi	0.00	0.00	0	|	-60.0	38.08(-60)		|	3	
6964	36	ok	|	1.00	0.55	0.55	44.82	0.00	0	|	rapi	0.00	0.00	0	|	-60.0	44.82(-60)	0.00(-60)	|	3	
6964	37	ok	|	1.00	0.48	0.48	52.03	0.00	0	|	rapi	0.00	0.00	0	|	-60.0	52.03(-60)	0.00(-60)	|	3	
6964	38	ok	|	1.00	0.39	0.39	60.80	0.00	0	|	rapi	0.00	0.00	0	|	-60.0	60.80(-60)	0.00(-60)	|	3	
6964	39	ok	|	1.00	0.30	0.30	69.92	0.00	0	|	rapi	0.00	0.00	0	|	-60.0	69.92(-60)	0.00(-60)	|	3	
6964	40	ok	|	1.00	0.20	0.20	80.47	0.00	0	|	rapi	0.00	0.00	0	|	-60.0	80.47(-60)	0.00(-60)	|	3	
6964	41	ok	|	1.00	0.12	0.12	89.37	0.00	0	|	rapi	0.00	0.00	0	|	-60.0	89.37(-60)	0.00(-60)	|	3	
6964	42	fail-w	|	1.00	0.06	0.06	97.34	0.00	0	|	rapi	0.02	0.02	0	|	-60.0	97.34(-60)	0.02(-60)	|	3	
