7056	0	ok	|	0.09	1.00	1.00	0.10	0.00	0	|	rapi	0.08	0.09	0	|	73.0	0.10(73)	0.09(73)	|	7311	
7056	1	ok	|	0.11	1.00	1.00	0.11	0.00	0	|	rapi	0.10	0.11	0	|	73.0	0.11(73)	0.11(73)	|	7311	
7056	2	ok	|	0.09	1.00	1.00	0.10	0.00	0	|	rapi	0.09	0.09	0	|	73.0	0.10(73)	0.09(73)	|	7311	
7056	3	ok	|	0.10	1.00	1.00	0.11	0.00	0	|	rapi	0.10	0.10	0	|	73.0	0.11(73)	0.10(73)	|	7311	
7056	4	ok	|	0.11	1.00	1.00	0.12	0.00	0	|	rapi	0.11	0.12	0	|	73.0	0.12(73)	0.12(73)	|	7311	
7056	5	ok	|	0.13	1.00	1.00	0.13	0.00	0	|	rapi	0.12	0.13	0	|	73.0	0.13(73)	0.13(73)	|	7311	
7056	6	ok	|	0.12	1.00	1.00	0.12	0.00	0	|	rapi	0.12	0.12	0	|	73.0	0.12(73)	0.12(73)	|	7311	
7056	7	ok	|	0.11	1.00	1.00	0.12	0.00	0	|	rapi	0.11	0.12	0	|	73.0	0.12(73)	0.12(73)	|	7311	
7056	8	ok	|	0.12	1.00	1.00	0.13	0.00	0	|	rapi	0.12	0.13	0	|	73.0	0.13(73)	0.13(73)	|	7311	
7056	9	ok	|	0.13	1.00	1.00	0.14	0.00	0	|	rapi	0.12	0.13	0	|	73.0	0.14(73)	0.13(73)	|	7311	
7056	10	ok	|	0.14	1.00	1.00	0.14	0.00	0	|	rapi	0.13	0.14	0	|	73.0	0.14(73)	0.14(73)	|	7311	
7056	11	ok	|	0.14	1.00	1.00	0.14	0.00	0	|	rapi	0.13	0.14	0	|	73.0	0.14(73)	0.14(73)	|	7311	
7056	12	ok	|	0.13	1.00	1.00	0.14	0.00	0	|	rapi	0.13	0.14	0	|	73.0	0.14(73)	0.14(73)	|	7311	
7056	13	ok	|	0.13	1.00	1.00	0.14	0.00	0	|	rapi	0.13	0.14	0	|	73.0	0.14(73)	0.14(73)	|	7311	
7056	14	ok	|	0.12	1.00	1.00	0.13	0.00	0	|	rapi	0.11	0.13	0	|	73.0	0.13(73)	0.13(73)	|	7311	
7056	15	ok	|	0.12	1.00	1.00	0.13	0.00	0	|	rapi	0.12	0.12	0	|	73.0	0.13(73)	0.12(73)	|	7311	
7056	16	ok	|	0.12	1.00	1.00	0.13	0.00	0	|	rapi	0.12	0.13	0	|	73.0	0.13(73)	0.13(73)	|	7311	
7056	17	ok	|	0.13	1.00	1.00	0.15	0.01	0	|	rapi	0.13	0.15	0	|	73.0	0.15(73)	0.15(73)	|	7311	
7056	18	ok	|	0.15	1.00	1.00	0.17	0.01	0	|	rapi	0.15	0.17	0	|	73.0	0.17(73)	0.17(73)	|	7311	
7056	19	ok	|	0.15	1.00	1.00	0.16	0.01	0	|	rapi	0.15	0.16	0	|	73.0	0.16(73)	0.16(73)	|	7311	
7056	20	ok	|	0.15	1.00	1.00	0.17	0.01	0	|	rapi	0.15	0.17	0	|	73.0	0.17(73)	0.17(73)	|	7311	
7056	21	ok	|	0.16	1.00	1.00	0.17	0.01	0	|	rapi	0.16	0.17	0	|	73.0	0.17(73)	0.17(73)	|	7311	
7056	22	ok	|	0.18	1.00	1.00	0.20	0.01	0	|	rapi	0.18	0.20	0	|	73.0	0.20(73)	0.20(73)	|	7311	
7056	23	ok	|	0.17	1.00	1.00	0.19	0.01	0	|	rapi	0.17	0.19	0	|	73.0	0.19(73)	0.19(73)	|	7311	
7056	24	ok	|	0.18	1.00	1.00	0.20	0.01	0	|	rapi	0.18	0.20	0	|	73.0	0.20(73)	0.20(73)	|	7311	
7056	25	ok	|	0.16	1.00	1.00	0.17	0.01	0	|	rapi	0.16	0.17	0	|	73.0	0.17(73)	0.17(73)	|	7311	
7056	26	ok	|	0.14	1.00	1.00	0.16	0.01	0	|	rapi	0.14	0.16	0	|	73.0	0.16(73)	0.16(73)	|	7311	
7056	27	ok	|	0.15	1.00	1.00	0.18	0.01	0	|	rapi	0.15	0.18	0	|	73.0	0.18(73)	0.18(73)	|	7311	
7056	28	ok	|	0.16	1.00	1.00	0.19	0.01	0	|	rapi	0.16	0.19	0	|	73.0	0.19(73)	0.19(73)	|	7311	
7056	29	ok	|	0.16	1.00	1.00	0.18	0.01	0	|	rapi	0.16	0.18	0	|	73.0	0.18(73)	0.18(73)	|	7311	
7056	30	ok	|	0.16	1.00	1.00	0.17	0.01	0	|	rapi	0.16	0.17	0	|	73.0	0.17(73)	0.17(73)	|	7311	
7056	31	ok	|	0.14	1.00	1.00	0.15	0.01	0	|	rapi	0.14	0.15	0	|	73.0	0.15(73)	0.15(73)	|	7311	
7056	32	ok	|	0.15	1.00	1.00	0.16	0.01	0	|	rapi	0.15	0.16	0	|	73.0	0.16(73)	0.16(73)	|	7311	
7056	33	ok	|	0.15	1.00	1.00	0.16	0.01	0	|	rapi	0.15	0.16	0	|	73.0	0.16(73)	0.16(73)	|	7311	
7056	34	ok	|	0.16	1.00	1.00	0.17	0.01	0	|	rapi	0.16	0.17	0	|	73.0	0.17(73)	0.17(73)	|	7311	
7056	35	ok	|	0.18	1.00	1.00	0.19	0.01	0	|	rapi	0.18	0.19	0	|	73.0	0.19(73)	0.19(73)	|	7311	
7056	36	ok	|	0.18	1.00	1.00	0.20	0.01	0	|	rapi	0.18	0.20	0	|	73.0	0.20(73)	0.20(73)	|	7311	
7056	37	ok	|	0.17	1.00	1.00	0.20	0.01	0	|	rapi	0.17	0.20	0	|	73.0	0.20(73)	0.20(73)	|	7311	
7056	38	ok	|	0.17	1.00	1.00	0.19	0.01	0	|	rapi	0.17	0.19	0	|	73.0	0.19(73)	0.19(73)	|	7311	
7056	39	ok	|	0.19	1.00	1.00	0.21	0.01	0	|	rapi	0.19	0.21	0	|	73.0	0.21(73)	0.21(73)	|	7311	
7056	40	ok	|	0.18	1.00	1.00	0.20	0.01	0	|	rapi	0.18	0.20	0	|	73.0	0.20(73)	0.20(73)	|	7311	
7056	41	ok	|	0.16	1.00	1.00	0.18	0.01	0	|	rapi	0.16	0.18	0	|	73.0	0.18(73)	0.18(73)	|	7311	
7056	42	ok	|	0.18	1.00	1.00	0.20	0.01	0	|	rapi	0.18	0.20	0	|	73.0	0.20(73)	0.20(73)	|	7311	
7056	43	ok	|	0.20	1.00	1.00	0.22	0.01	0	|	rapi	0.20	0.22	0	|	73.0	0.22(73)	0.22(73)	|	7311	
7056	44	ok	|	0.16	1.00	1.00	0.18	0.01	0	|	rapi	0.16	0.18	0	|	73.0	0.18(73)	0.18(73)	|	7311	
7056	45	ok	|	0.15	1.00	1.00	0.17	0.01	0	|	rapi	0.15	0.17	0	|	73.0	0.17(73)	0.17(73)	|	7311	
7056	46	ok	|	0.14	1.00	1.00	0.15	0.01	0	|	rapi	0.14	0.15	0	|	73.0	0.15(73)	0.15(73)	|	7311	
7056	47	ok	|	0.15	1.00	1.00	0.16	0.01	0	|	rapi	0.15	0.16	0	|	73.0	0.16(73)	0.16(73)	|	7311	
7056	48	ok	|	0.16	1.00	1.00	0.18	0.01	0	|	rapi	0.16	0.18	0	|	73.0	0.18(73)	0.18(73)	|	7311	
7056	49	ok	|	0.17	1.00	1.00	0.19	0.01	0	|	rapi	0.17	0.19	0	|	73.0	0.19(73)	0.19(73)	|	7311	
7056	50	ok	|	0.15	1.00	1.00	0.16	0.01	0	|	rapi	0.15	0.16	0	|	73.0	0.16(73)	0.16(73)	|	7311	
7056	51	ok	|	0.17	1.00	1.00	0.18	0.01	0	|	rapi	0.17	0.18	0	|	73.0	0.18(73)	0.18(73)	|	7311	
7056	52	ok	|	0.17	1.00	1.00	0.18	0.01	0	|	rapi	0.17	0.18	0	|	73.0	0.18(73)	0.18(73)	|	7311	
7056	53	ok	|	0.17	1.00	1.00	0.18	0.01	0	|	rapi	0.17	0.18	0	|	73.0	0.18(73)	0.18(73)	|	7311	
7056	54	ok	|	0.18	1.00	1.00	0.20	0.01	0	|	rapi	0.18	0.20	0	|	73.0	0.20(73)	0.20(73)	|	7311	
7056	55	ok	|	0.15	1.00	1.00	0.17	0.01	0	|	rapi	0.15	0.17	0	|	73.0	0.17(73)	0.17(73)	|	7311	
7056	56	ok	|	0.13	1.00	1.00	0.15	0.01	0	|	rapi	0.13	0.15	0	|	73.0	0.15(73)	0.15(73)	|	7311	
7056	57	ok	|	0.14	1.00	1.00	0.15	0.01	0	|	rapi	0.14	0.15	0	|	73.0	0.15(73)	0.15(73)	|	7311	
7056	58	ok	|	0.14	1.00	1.00	0.15	0.01	0	|	rapi	0.14	0.15	0	|	73.0	0.15(73)	0.15(73)	|	7311	
7056	59	ok	|	0.14	1.00	1.00	0.15	0.01	0	|	rapi	0.14	0.15	0	|	73.0	0.15(73)	0.15(73)	|	7311	
7056	60	ok	|	0.14	1.00	1.00	0.16	0.01	0	|	rapi	0.14	0.16	0	|	73.0	0.16(73)	0.16(73)	|	7311	
7056	61	ok	|	0.12	1.00	1.00	0.13	0.01	0	|	rapi	0.12	0.13	0	|	73.0	0.13(73)	0.13(73)	|	7311	
7056	62	ok	|	0.12	1.00	1.00	0.12	0.01	0	|	rapi	0.12	0.12	0	|	73.0	0.12(73)	0.12(73)	|	7311	
7056	63	ok	|	0.11	1.00	1.00	0.11	0.01	0	|	rapi	0.11	0.11	0	|	73.0	0.11(73)	0.11(73)	|	7311	
7056	64	ok	|	0.12	1.00	1.00	0.12	0.01	0	|	rapi	0.12	0.12	0	|	73.0	0.12(73)	0.12(73)	|	7311	
7056	65	ok	|	0.11	1.00	1.00	0.12	0.01	0	|	rapi	0.11	0.12	0	|	73.0	0.12(73)	0.12(73)	|	7311	
7056	66	ok	|	0.11	1.00	1.00	0.12	0.01	0	|	rapi	0.11	0.12	0	|	73.0	0.12(73)	0.12(73)	|	7311	
7056	67	ok	|	0.10	1.00	1.00	0.10	0.01	0	|	rapi	0.10	0.10	0	|	73.0	0.10(73)	0.10(73)	|	7311	
7056	68	ok	|	0.09	1.00	1.00	0.09	0.01	0	|	rapi	0.09	0.09	0	|	73.0	0.09(73)	0.09(73)	|	7311	
7056	69	ok	|	0.09	1.00	1.00	0.10	0.01	0	|	rapi	0.09	0.10	0	|	73.0	0.10(73)	0.10(73)	|	7311	
7056	70	ok	|	0.09	1.00	1.00	0.09	0.01	0	|	rapi	0.09	0.09	0	|	73.0	0.09(73)	0.09(73)	|	7311	
7056	71	ok	|	0.09	1.00	1.00	0.09	0.01	0	|	rapi	0.09	0.09	0	|	73.0	0.09(73)	0.09(73)	|	7311	
7056	72	ok	|	0.09	1.00	1.00	0.09	0.01	0	|	rapi	0.09	0.09	0	|	73.0	0.09(73)	0.09(73)	|	7311	
7056	73	ok	|	0.09	1.00	1.00	0.10	0.01	0	|	rapi	0.09	0.10	0	|	73.0	0.10(73)	0.10(73)	|	7311	
7056	74	ok	|	0.11	1.00	1.00	0.12	0.01	0	|	rapi	0.11	0.12	0	|	73.0	0.12(73)	0.12(73)	|	7311	
7056	75	ok	|	0.11	1.00	1.00	0.11	0.01	0	|	rapi	0.11	0.11	0	|	73.0	0.11(73)	0.11(73)	|	7311	
7056	76	ok	|	0.11	1.00	1.00	0.12	0.01	0	|	rapi	0.11	0.12	0	|	73.0	0.12(73)	0.12(73)	|	7311	
7056	77	ok	|	0.10	1.00	1.00	0.11	0.01	0	|	rapi	0.10	0.11	0	|	73.0	0.11(73)	0.11(73)	|	7311	
7056	78	ok	|	0.13	1.00	1.00	0.14	0.01	0	|	rapi	0.13	0.14	0	|	73.0	0.14(73)	0.14(73)	|	7311	
7056	79	ok	|	0.13	1.00	1.00	0.13	0.01	0	|	rapi	0.13	0.13	0	|	73.0	0.13(73)	0.13(73)	|	7311	
7056	80	ok	|	0.10	1.00	1.00	0.10	0.01	0	|	rapi	0.10	0.10	0	|	73.0	0.10(73)	0.10(73)	|	7311	
7056	81	ok	|	0.09	1.00	1.00	0.09	0.01	0	|	rapi	0.09	0.09	0	|	73.0	0.09(73)	0.09(73)	|	7311	
7056	82	ok	|	0.09	1.00	1.00	0.09	0.01	0	|	rapi	0.09	0.09	0	|	73.0	0.09(73)	0.09(73)	|	7311	
7056	83	ok	|	0.09	1.00	1.00	0.09	0.01	0	|	rapi	0.09	0.09	0	|	73.0	0.09(73)	0.09(73)	|	7311	
7056	84	ok	|	0.08	1.00	1.00	0.09	0.01	0	|	rapi	0.08	0.09	0	|	73.0	0.09(73)	0.09(73)	|	7311	
7056	85	ok	|	0.08	1.00	1.00	0.08	0.01	0	|	rapi	0.08	0.08	0	|	73.0	0.08(73)	0.08(73)	|	7311	
7056	86	ok	|	0.08	1.00	1.00	0.09	0.01	0	|	rapi	0.08	0.09	0	|	73.0	0.09(73)	0.09(73)	|	7311	
7056	87	ok	|	0.09	1.00	1.00	0.10	0.01	0	|	rapi	0.09	0.10	0	|	73.0	0.10(73)	0.10(73)	|	7311	
7056	88	ok	|	0.10	1.00	1.00	0.10	0.01	0	|	rapi	0.10	0.10	0	|	73.0	0.10(73)	0.10(73)	|	7311	
7056	89	ok	|	0.08	1.00	1.00	0.08	0.01	0	|	rapi	0.08	0.08	0	|	73.0	0.08(73)	0.08(73)	|	7311	
7056	90	ok	|	0.07	1.00	1.00	0.07	0.01	0	|	rapi	0.07	0.07	0	|	73.0	0.07(73)	0.07(73)	|	7311	
7056	91	ok	|	0.08	1.00	1.00	0.09	0.01	0	|	rapi	0.08	0.09	0	|	73.0	0.09(73)	0.09(73)	|	7311	
7056	92	ok	|	0.08	1.00	1.00	0.08	0.01	0	|	rapi	0.08	0.08	0	|	73.0	0.08(73)	0.08(73)	|	7311	
7056	93	ok	|	0.09	1.00	1.00	0.09	0.02	0	|	rapi	0.09	0.09	0	|	73.0	0.09(73)	0.09(73)	|	7311	
7056	94	ok	|	0.09	1.00	1.00	0.10	0.02	0	|	rapi	0.09	0.10	0	|	73.0	0.10(73)	0.10(73)	|	7311	
7056	95	ok	|	0.10	1.00	1.00	0.10	0.02	0	|	rapi	0.10	0.10	0	|	73.0	0.10(73)	0.10(73)	|	7311	
7056	96	ok	|	0.09	1.00	1.00	0.09	0.02	0	|	rapi	0.09	0.09	0	|	73.0	0.09(73)	0.09(73)	|	7311	
7056	97	ok	|	0.10	1.00	1.00	0.11	0.02	0	|	rapi	0.10	0.11	0	|	73.0	0.11(73)	0.11(73)	|	7311	
7056	98	ok	|	0.13	1.00	1.00	0.14	0.02	0	|	rapi	0.13	0.14	0	|	73.0	0.14(73)	0.14(73)	|	7311	
7056	99	ok	|	0.14	1.00	1.00	0.14	0.02	0	|	rapi	0.14	0.14	0	|	73.0	0.14(73)	0.14(73)	|	7311	
7056	100	ok	|	0.14	1.00	1.00	0.14	0.02	0	|	rapi	0.14	0.14	0	|	73.0	0.14(73)	0.14(73)	|	7311	
7056	101	ok	|	0.12	1.00	1.00	0.12	0.02	0	|	rapi	0.12	0.12	0	|	73.0	0.12(73)	0.12(73)	|	7311	
7056	102	ok	|	0.10	1.00	1.00	0.11	0.02	0	|	rapi	0.10	0.11	0	|	73.0	0.11(73)	0.11(73)	|	7311	
7056	103	ok	|	0.11	1.00	1.00	0.12	0.02	0	|	rapi	0.11	0.12	0	|	73.0	0.12(73)	0.12(73)	|	7311	
7056	104	ok	|	0.11	1.00	1.00	0.11	0.02	0	|	rapi	0.11	0.11	0	|	73.0	0.11(73)	0.11(73)	|	7311	
7056	105	ok	|	0.09	1.00	1.00	0.10	0.02	0	|	rapi	0.09	0.10	0	|	73.0	0.10(73)	0.10(73)	|	7311	
7056	106	ok	|	0.10	1.00	1.00	0.10	0.02	0	|	rapi	0.10	0.10	0	|	73.0	0.10(73)	0.10(73)	|	7311	
7056	107	ok	|	0.10	1.00	1.00	0.10	0.03	0	|	rapi	0.10	0.10	0	|	73.0	0.10(73)	0.10(73)	|	7311	
7056	108	ok	|	0.09	1.00	1.00	0.09	0.02	0	|	rapi	0.09	0.09	0	|	73.0	0.09(73)	0.09(73)	|	7311	
7056	109	ok	|	0.09	1.00	1.00	0.09	0.02	0	|	rapi	0.09	0.09	0	|	73.0	0.09(73)	0.09(73)	|	7311	
7056	110	ok	|	0.08	1.00	1.00	0.08	0.02	0	|	rapi	0.08	0.08	0	|	73.0	0.08(73)	0.08(73)	|	7311	
7056	111	ok	|	0.09	1.00	1.00	0.09	0.02	0	|	rapi	0.09	0.09	0	|	73.0	0.09(73)	0.09(73)	|	7311	
7056	112	ok	|	0.09	1.00	1.00	0.09	0.02	0	|	rapi	0.09	0.09	0	|	73.0	0.09(73)	0.09(73)	|	7311	
7056	113	ok	|	0.08	1.00	1.00	0.08	0.02	0	|	rapi	0.08	0.08	0	|	73.0	0.08(73)	0.08(73)	|	7311	
7056	114	ok	|	0.07	1.00	1.00	0.07	0.02	0	|	rapi	0.07	0.07	0	|	73.0	0.07(73)	0.07(73)	|	7311	
7056	115	ok	|	0.06	1.00	1.00	0.06	0.02	0	|	rapi	0.06	0.06	0	|	73.0	0.06(73)	0.06(73)	|	7311	
7056	116	ok	|	0.06	1.00	1.00	0.06	0.02	0	|	rapi	0.06	0.06	0	|	73.0	0.06(73)	0.06(73)	|	7311	
7056	117	ok	|	0.06	1.00	1.00	0.06	0.01	0	|	rapi	0.06	0.06	0	|	73.0	0.06(73)	0.06(73)	|	7311	
7056	118	ok	|	0.05	1.00	1.00	0.05	0.01	0	|	rapi	0.05	0.05	0	|	73.0	0.05(73)	0.05(73)	|	7311	
7056	119	ok	|	0.04	1.00	1.00	0.04	0.01	0	|	rapi	0.04	0.04	0	|	73.0	0.04(73)	0.04(73)	|	7311	
7056	120	ok	|	0.04	1.00	1.00	0.04	0.01	0	|	rapi	0.04	0.04	0	|	73.0	0.04(73)	0.04(73)	|	7311	
7056	121	ok	|	0.05	1.00	1.00	0.05	0.01	0	|	rapi	0.05	0.05	0	|	73.0	0.05(73)	0.05(73)	|	7311	
7056	122	ok	|	0.03	1.00	1.00	0.03	0.01	0	|	rapi	0.03	0.03	0	|	73.0	0.03(73)	0.03(73)	|	7311	
7056	123	ok	|	0.03	1.00	1.00	0.03	0.01	0	|	rapi	0.03	0.03	0	|	73.0	0.03(73)	0.03(73)	|	7311	
7056	124	ok	|	0.03	1.00	1.00	0.03	0.01	0	|	rapi	0.03	0.03	0	|	73.0	0.03(73)	0.03(73)	|	7311	
7056	125	ok	|	0.02	1.00	1.00	0.02	0.00	0	|	rapi	0.02	0.02	0	|	73.0	0.02(73)	0.02(73)	|	7311	
7056	126	ok	|	0.01	1.00	1.00	0.01	0.00	0	|	rapi	0.01	0.01	0	|	73.0	0.01(73)	0.01(73)	|	7311	
7056	127	ok	|	0.01	1.00	1.00	0.01	0.00	0	|	rapi	0.01	0.01	0	|	73.0	0.01(73)	0.01(73)	|	7311	
7056	128	ok	|	0.01	1.00	1.00	0.01	0.00	0	|	rapi	0.01	0.01	0	|	73.0	0.01(73)	0.01(73)	|	7311	
7056	129	ok	|	0.01	1.00	1.00	0.01	0.00	0	|	rapi	0.01	0.01	0	|	73.0	0.01(73)	0.01(73)	|	7311	
7056	130	ok	|	0.01	1.00	1.00	0.01	0.00	0	|	rapi	0.01	0.01	0	|	73.0	0.01(73)	0.01(73)	|	7311	
7056	131	ok	|	0.01	1.00	1.00	0.01	0.00	0	|	rapi	0.01	0.01	0	|	73.0	0.01(73)	0.01(73)	|	7311	
7056	132	ok	|	0.01	1.00	1.00	0.01	0.00	0	|	rapi	0.01	0.01	0	|	73.0	0.01(73)	0.01(73)	|	7311	
7056	133	ok	|	0.01	1.00	1.00	0.01	0.00	0	|	rapi	0.01	0.01	0	|	73.0	0.01(73)	0.01(73)	|	7311	
7056	134	ok	|	0.01	1.00	1.00	0.01	0.00	0	|	rapi	0.01	0.01	0	|	73.0	0.01(73)	0.01(73)	|	7311	
7056	135	ok	|	0.01	1.00	1.00	0.01	0.00	0	|	rapi	0.01	0.01	0	|	73.0	0.01(73)	0.01(73)	|	7311	
7056	136	ok	|	0.01	1.00	1.00	0.01	0.01	0	|	rapi	0.01	0.01	0	|	73.0	0.01(73)	0.01(73)	|	7311	
7056	137	ok	|	0.01	1.00	1.00	0.02	0.01	0	|	rapi	0.01	0.02	0	|	73.0	0.02(73)	0.02(73)	|	7311	
7056	138	ok	|	0.02	1.00	1.00	0.02	0.01	0	|	rapi	0.02	0.02	0	|	73.0	0.02(73)	0.02(73)	|	7311	
7056	139	ok	|	0.02	1.00	1.00	0.02	0.01	0	|	rapi	0.02	0.02	0	|	73.0	0.02(73)	0.02(73)	|	7311	
7056	140	ok	|	0.03	1.00	1.00	0.03	0.01	0	|	rapi	0.03	0.03	0	|	73.0	0.03(73)	0.03(73)	|	7311	
7056	141	ok	|	0.02	1.00	1.00	0.02	0.01	0	|	rapi	0.02	0.02	0	|	73.0	0.02(73)	0.02(73)	|	7311	
7056	142	ok	|	0.02	1.00	1.00	0.02	0.01	0	|	rapi	0.02	0.02	0	|	73.0	0.02(73)	0.02(73)	|	7311	
7056	143	ok	|	0.02	1.00	1.00	0.02	0.01	0	|	rapi	0.02	0.02	0	|	73.0	0.02(73)	0.02(73)	|	7311	
7056	144	ok	|	0.02	1.00	1.00	0.02	0.01	0	|	rapi	0.02	0.02	0	|	73.0	0.02(73)	0.02(73)	|	7311	
7056	145	ok	|	0.03	1.00	1.00	0.03	0.01	0	|	rapi	0.03	0.03	0	|	73.0	0.03(73)	0.03(73)	|	7311	
7056	146	ok	|	0.02	1.00	1.00	0.02	0.01	0	|	rapi	0.02	0.02	0	|	73.0	0.02(73)	0.02(73)	|	7311	
7056	147	ok	|	0.03	1.00	1.00	0.03	0.02	0	|	rapi	0.03	0.03	0	|	73.0	0.03(73)	0.03(73)	|	7311	
7056	148	ok	|	0.03	1.00	1.00	0.03	0.02	0	|	rapi	0.03	0.03	0	|	73.0	0.03(73)	0.03(73)	|	7311	
7056	149	ok	|	0.02	1.00	1.00	0.02	0.01	0	|	rapi	0.02	0.02	0	|	73.0	0.02(73)	0.02(73)	|	7311	
7056	150	ok	|	0.02	1.00	1.00	0.02	0.01	0	|	rapi	0.02	0.02	0	|	73.0	0.02(73)	0.02(73)	|	7311	
7056	151	ok	|	0.02	1.00	1.00	0.02	0.01	0	|	rapi	0.02	0.02	0	|	73.0	0.02(73)	0.02(73)	|	7311	
7056	152	ok	|	0.02	1.00	1.00	0.02	0.01	0	|	rapi	0.02	0.02	0	|	73.0	0.02(73)	0.02(73)	|	7311	
7056	153	ok	|	0.02	1.00	1.00	0.02	0.01	0	|	rapi	0.02	0.02	0	|	73.0	0.02(73)	0.02(73)	|	7311	
7056	154	ok	|	0.02	1.00	1.00	0.02	0.01	0	|	rapi	0.02	0.02	0	|	73.0	0.02(73)	0.02(73)	|	7311	
7056	155	ok	|	0.02	1.00	1.00	0.02	0.01	0	|	rapi	0.02	0.02	0	|	73.0	0.02(73)	0.02(73)	|	7311	
7056	156	ok	|	0.03	1.00	1.00	0.03	0.01	0	|	rapi	0.03	0.03	0	|	73.0	0.03(73)	0.03(73)	|	7311	
7056	157	ok	|	0.02	1.00	1.00	0.02	0.01	0	|	rapi	0.02	0.02	0	|	73.0	0.02(73)	0.02(73)	|	7311	
7056	158	ok	|	0.02	1.00	1.00	0.02	0.01	0	|	rapi	0.02	0.02	0	|	73.0	0.02(73)	0.02(73)	|	7311	
7056	159	ok	|	0.01	1.00	1.00	0.01	0.01	0	|	rapi	0.01	0.01	0	|	73.0	0.01(73)	0.01(73)	|	7311	
7056	160	ok	|	0.01	1.00	1.00	0.01	0.00	0	|	rapi	0.01	0.01	0	|	73.0	0.01(73)	0.01(73)	|	7311	
7056	161	ok	|	0.01	1.00	1.00	0.01	0.01	0	|	rapi	0.01	0.01	0	|	73.0	0.01(73)	0.01(73)	|	7311	
7056	162	ok	|	0.01	1.00	1.00	0.01	0.00	0	|	rapi	0.01	0.01	0	|	73.0	0.01(73)	0.01(73)	|	7311	
7056	163	ok	|	0.01	1.00	1.00	0.01	0.00	0	|	rapi	0.01	0.01	0	|	73.0	0.01(73)	0.01(73)	|	7311	
7056	164	ok	|	0.01	1.00	1.00	0.01	0.00	0	|	rapi	0.01	0.01	0	|	73.0	0.01(73)	0.01(73)	|	7311	
7056	165	ok	|	0.01	1.00	1.00	0.01	0.01	0	|	rapi	0.01	0.01	0	|	73.0	0.01(73)	0.01(73)	|	7311	
7056	166	ok	|	0.01	1.00	1.00	0.01	0.01	0	|	rapi	0.01	0.01	0	|	73.0	0.01(73)	0.01(73)	|	7311	
7056	167	ok	|	0.01	1.00	1.00	0.01	0.01	0	|	rapi	0.01	0.01	0	|	73.0	0.01(73)	0.01(73)	|	7311	
7056	168	ok	|	0.01	1.00	1.00	0.01	0.00	0	|	rapi	0.01	0.01	0	|	73.0	0.01(73)	0.01(73)	|	7311	
7056	169	ok	|	0.00	1.00	1.00	0.00	0.00	0	|	rapi	0.00	0.00	0	|	73.0	0.00(73)	0.00(73)	|	7311	
7056	170	ok	|	0.00	1.00	1.00	0.00	0.00	0	|	rapi	0.00	0.00	0	|	73.0	0.00(73)	0.00(73)	|	7311	
7056	171	ok	|	0.00	1.00	1.00	0.00	0.00	0	|	rapi	0.00	0.00	0	|	73.0	0.00(73)	0.00(73)	|	7311	
7056	172	ok	|	0.00	1.00	1.00	0.00	0.00	0	|	rapi	0.00	0.00	0	|	73.0	0.00(73)	0.00(73)	|	7311	
7056	173	fail-0	|	0.00	1.00	1.00	0.00	NaN	0	|	rapi	0.00	0.00	0	|	NaN			|	7311	
