7085	0	ok	|	0.09	1.00	1.00	0.10	0.00	0	|	rapi	0.09	0.10	0	|	79.0	0.10(79)	0.10(79)	|	9599	
7085	1	ok	|	0.10	1.00	1.00	0.10	0.00	0	|	rapi	0.10	0.10	0	|	79.0	0.10(79)	0.10(79)	|	9599	
7085	2	ok	|	0.11	1.00	1.00	0.11	0.00	0	|	rapi	0.11	0.11	0	|	79.0	0.11(79)	0.11(79)	|	9599	
7085	3	ok	|	0.10	1.00	1.00	0.11	0.00	0	|	rapi	0.10	0.11	0	|	79.0	0.11(79)	0.11(79)	|	9599	
7085	4	ok	|	0.09	1.00	1.00	0.10	0.00	0	|	rapi	0.09	0.10	0	|	79.0	0.10(79)	0.10(79)	|	9599	
7085	5	ok	|	0.07	1.00	1.00	0.08	0.00	0	|	rapi	0.07	0.08	0	|	79.0	0.08(79)	0.08(79)	|	9599	
7085	6	ok	|	0.07	1.00	1.00	0.08	0.00	0	|	rapi	0.07	0.08	0	|	79.0	0.08(79)	0.08(79)	|	9599	
7085	7	ok	|	0.08	1.00	1.00	0.08	0.00	0	|	rapi	0.08	0.08	0	|	79.0	0.08(79)	0.08(79)	|	9599	
7085	8	ok	|	0.07	1.00	1.00	0.07	0.00	0	|	rapi	0.07	0.07	0	|	79.0	0.07(79)	0.07(79)	|	9599	
7085	9	ok	|	0.06	1.00	1.00	0.06	0.00	0	|	rapi	0.06	0.06	0	|	79.0	0.06(79)	0.06(79)	|	9599	
7085	10	ok	|	0.05	1.00	1.00	0.05	0.00	0	|	rapi	0.05	0.05	0	|	79.0	0.05(79)	0.05(79)	|	9599	
7085	11	ok	|	0.06	1.00	1.00	0.07	0.00	0	|	rapi	0.06	0.07	0	|	79.0	0.07(79)	0.07(79)	|	9599	
7085	12	ok	|	0.05	1.00	1.00	0.05	0.00	0	|	rapi	0.05	0.05	0	|	79.0	0.05(79)	0.05(79)	|	9599	
7085	13	ok	|	0.05	1.00	1.00	0.05	0.00	0	|	rapi	0.05	0.05	0	|	79.0	0.05(79)	0.05(79)	|	9599	
7085	14	ok	|	0.06	1.00	1.00	0.06	0.00	0	|	rapi	0.06	0.06	0	|	79.0	0.06(79)	0.06(79)	|	9599	
7085	15	ok	|	0.05	1.00	1.00	0.05	0.00	0	|	rapi	0.05	0.05	0	|	79.0	0.05(79)	0.05(79)	|	9599	
7085	16	ok	|	0.05	1.00	1.00	0.05	0.00	0	|	rapi	0.05	0.05	0	|	79.0	0.05(79)	0.05(79)	|	9599	
7085	17	ok	|	0.06	1.00	1.00	0.06	0.00	0	|	rapi	0.06	0.06	0	|	79.0	0.06(79)	0.06(79)	|	9599	
7085	18	ok	|	0.06	1.00	1.00	0.06	0.00	0	|	rapi	0.06	0.06	0	|	79.0	0.06(79)	0.06(79)	|	9599	
7085	19	ok	|	0.06	1.00	1.00	0.06	0.00	0	|	rapi	0.06	0.06	0	|	79.0	0.06(79)	0.06(79)	|	9599	
7085	20	ok	|	0.07	1.00	1.00	0.07	0.01	0	|	rapi	0.07	0.07	0	|	79.0	0.07(79)	0.07(79)	|	9599	
7085	21	ok	|	0.06	1.00	1.00	0.06	0.00	0	|	rapi	0.06	0.06	0	|	79.0	0.06(79)	0.06(79)	|	9599	
7085	22	ok	|	0.06	1.00	1.00	0.06	0.01	0	|	rapi	0.06	0.06	0	|	79.0	0.06(79)	0.06(79)	|	9599	
7085	23	ok	|	0.07	1.00	1.00	0.07	0.01	0	|	rapi	0.07	0.07	0	|	79.0	0.07(79)	0.07(79)	|	9599	
7085	24	ok	|	0.07	1.00	1.00	0.07	0.01	0	|	rapi	0.07	0.07	0	|	79.0	0.07(79)	0.07(79)	|	9599	
7085	25	ok	|	0.07	1.00	1.00	0.07	0.01	0	|	rapi	0.07	0.07	0	|	79.0	0.07(79)	0.07(79)	|	9599	
7085	26	ok	|	0.07	1.00	1.00	0.07	0.01	0	|	rapi	0.07	0.07	0	|	79.0	0.07(79)	0.07(79)	|	9599	
7085	27	ok	|	0.06	1.00	1.00	0.07	0.01	0	|	rapi	0.06	0.07	0	|	79.0	0.07(79)	0.07(79)	|	9599	
7085	28	ok	|	0.06	1.00	1.00	0.06	0.01	0	|	rapi	0.06	0.06	0	|	79.0	0.06(79)	0.06(79)	|	9599	
7085	29	ok	|	0.06	1.00	1.00	0.07	0.01	0	|	rapi	0.06	0.07	0	|	79.0	0.07(79)	0.07(79)	|	9599	
7085	30	ok	|	0.06	1.00	1.00	0.06	0.01	0	|	rapi	0.06	0.06	0	|	79.0	0.06(79)	0.06(79)	|	9599	
7085	31	ok	|	0.06	1.00	1.00	0.07	0.01	0	|	rapi	0.06	0.07	0	|	79.0	0.07(79)	0.07(79)	|	9599	
7085	32	ok	|	0.07	1.00	1.00	0.07	0.01	0	|	rapi	0.07	0.07	0	|	79.0	0.07(79)	0.07(79)	|	9599	
7085	33	ok	|	0.09	1.00	1.00	0.09	0.01	0	|	rapi	0.09	0.09	0	|	79.0	0.09(79)	0.09(79)	|	9599	
7085	34	ok	|	0.08	1.00	1.00	0.08	0.01	0	|	rapi	0.08	0.08	0	|	79.0	0.08(79)	0.08(79)	|	9599	
7085	35	ok	|	0.08	1.00	1.00	0.08	0.01	0	|	rapi	0.08	0.08	0	|	79.0	0.08(79)	0.08(79)	|	9599	
7085	36	ok	|	0.09	1.00	1.00	0.09	0.01	0	|	rapi	0.09	0.09	0	|	79.0	0.09(79)	0.09(79)	|	9599	
7085	37	ok	|	0.08	1.00	1.00	0.09	0.01	0	|	rapi	0.08	0.09	0	|	79.0	0.09(79)	0.09(79)	|	9599	
7085	38	ok	|	0.08	1.00	1.00	0.08	0.01	0	|	rapi	0.08	0.08	0	|	79.0	0.08(79)	0.08(79)	|	9599	
7085	39	ok	|	0.07	1.00	1.00	0.07	0.01	0	|	rapi	0.07	0.07	0	|	79.0	0.07(79)	0.07(79)	|	9599	
7085	40	ok	|	0.07	1.00	1.00	0.07	0.01	0	|	rapi	0.07	0.07	0	|	79.0	0.07(79)	0.07(79)	|	9599	
7085	41	ok	|	0.07	1.00	1.00	0.07	0.01	0	|	rapi	0.07	0.07	0	|	79.0	0.07(79)	0.07(79)	|	9599	
7085	42	ok	|	0.06	1.00	1.00	0.07	0.01	0	|	rapi	0.06	0.07	0	|	79.0	0.07(79)	0.07(79)	|	9599	
7085	43	ok	|	0.06	1.00	1.00	0.06	0.01	0	|	rapi	0.06	0.06	0	|	79.0	0.06(79)	0.06(79)	|	9599	
7085	44	ok	|	0.05	1.00	1.00	0.06	0.01	0	|	rapi	0.05	0.06	0	|	79.0	0.06(79)	0.06(79)	|	9599	
7085	45	ok	|	0.06	1.00	1.00	0.07	0.01	0	|	rapi	0.06	0.07	0	|	79.0	0.07(79)	0.07(79)	|	9599	
7085	46	ok	|	0.07	1.00	1.00	0.07	0.01	0	|	rapi	0.07	0.07	0	|	79.0	0.07(79)	0.07(79)	|	9599	
7085	47	ok	|	0.08	1.00	1.00	0.08	0.01	0	|	rapi	0.08	0.08	0	|	79.0	0.08(79)	0.08(79)	|	9599	
7085	48	ok	|	0.08	1.00	1.00	0.08	0.01	0	|	rapi	0.08	0.08	0	|	79.0	0.08(79)	0.08(79)	|	9599	
7085	49	ok	|	0.06	1.00	1.00	0.06	0.01	0	|	rapi	0.06	0.06	0	|	79.0	0.06(79)	0.06(79)	|	9599	
7085	50	ok	|	0.06	1.00	1.00	0.06	0.01	0	|	rapi	0.06	0.06	0	|	79.0	0.06(79)	0.06(79)	|	9599	
7085	51	ok	|	0.05	1.00	1.00	0.05	0.01	0	|	rapi	0.05	0.05	0	|	79.0	0.05(79)	0.05(79)	|	9599	
7085	52	ok	|	0.05	1.00	1.00	0.05	0.01	0	|	rapi	0.05	0.05	0	|	79.0	0.05(79)	0.05(79)	|	9599	
7085	53	ok	|	0.04	1.00	1.00	0.05	0.01	0	|	rapi	0.04	0.05	0	|	79.0	0.05(79)	0.05(79)	|	9599	
7085	54	ok	|	0.04	1.00	1.00	0.04	0.01	0	|	rapi	0.04	0.04	0	|	79.0	0.04(79)	0.04(79)	|	9599	
7085	55	ok	|	0.04	1.00	1.00	0.04	0.01	0	|	rapi	0.04	0.04	0	|	79.0	0.04(79)	0.04(79)	|	9599	
7085	56	ok	|	0.04	1.00	1.00	0.04	0.01	0	|	rapi	0.04	0.04	0	|	79.0	0.04(79)	0.04(79)	|	9599	
7085	57	ok	|	0.04	1.00	1.00	0.04	0.02	0	|	rapi	0.04	0.04	0	|	79.0	0.04(79)	0.04(79)	|	9599	
7085	58	ok	|	0.04	1.00	1.00	0.04	0.02	0	|	rapi	0.04	0.04	0	|	79.0	0.04(79)	0.04(79)	|	9599	
7085	59	ok	|	0.04	1.00	1.00	0.04	0.02	0	|	rapi	0.04	0.04	0	|	79.0	0.04(79)	0.04(79)	|	9599	
7085	60	ok	|	0.04	1.00	1.00	0.04	0.02	0	|	rapi	0.04	0.04	0	|	79.0	0.04(79)	0.04(79)	|	9599	
7085	61	ok	|	0.03	1.00	1.00	0.04	0.02	0	|	rapi	0.03	0.04	0	|	79.0	0.04(79)	0.04(79)	|	9599	
7085	62	ok	|	0.04	1.00	1.00	0.04	0.02	0	|	rapi	0.04	0.04	0	|	79.0	0.04(79)	0.04(79)	|	9599	
7085	63	ok	|	0.03	1.00	1.00	0.03	0.02	0	|	rapi	0.03	0.03	0	|	79.0	0.03(79)	0.03(79)	|	9599	
7085	64	ok	|	0.03	1.00	1.00	0.03	0.01	0	|	rapi	0.03	0.03	0	|	79.0	0.03(79)	0.03(79)	|	9599	
7085	65	ok	|	0.04	1.00	1.00	0.04	0.02	0	|	rapi	0.04	0.04	0	|	79.0	0.04(79)	0.04(79)	|	9599	
7085	66	ok	|	0.04	1.00	1.00	0.04	0.02	0	|	rapi	0.04	0.04	0	|	79.0	0.04(79)	0.04(79)	|	9599	
7085	67	ok	|	0.03	1.00	1.00	0.03	0.01	0	|	rapi	0.03	0.03	0	|	79.0	0.03(79)	0.03(79)	|	9599	
7085	68	ok	|	0.02	1.00	1.00	0.02	0.01	0	|	rapi	0.02	0.02	0	|	79.0	0.02(79)	0.02(79)	|	9599	
7085	69	ok	|	0.03	1.00	1.00	0.03	0.01	0	|	rapi	0.03	0.03	0	|	79.0	0.03(79)	0.03(79)	|	9599	
7085	70	ok	|	0.02	1.00	1.00	0.02	0.01	0	|	rapi	0.02	0.02	0	|	79.0	0.02(79)	0.02(79)	|	9599	
7085	71	ok	|	0.01	1.00	1.00	0.02	0.01	0	|	rapi	0.01	0.02	0	|	79.0	0.02(79)	0.02(79)	|	9599	
7085	72	ok	|	0.02	1.00	1.00	0.02	0.01	0	|	rapi	0.02	0.02	0	|	79.0	0.02(79)	0.02(79)	|	9599	
7085	73	ok	|	0.02	1.00	1.00	0.02	0.01	0	|	rapi	0.02	0.02	0	|	79.0	0.02(79)	0.02(79)	|	9599	
7085	74	ok	|	0.01	1.00	1.00	0.01	0.01	0	|	rapi	0.01	0.01	0	|	79.0	0.01(79)	0.01(79)	|	9599	
7085	75	ok	|	0.01	1.00	1.00	0.01	0.01	0	|	rapi	0.01	0.01	0	|	79.0	0.01(79)	0.01(79)	|	9599	
7085	76	ok	|	0.01	1.00	1.00	0.01	0.01	0	|	rapi	0.01	0.01	0	|	79.0	0.01(79)	0.01(79)	|	9599	
7085	77	ok	|	0.01	1.00	1.00	0.01	0.01	0	|	rapi	0.01	0.01	0	|	79.0	0.01(79)	0.01(79)	|	9599	
7085	78	ok	|	0.01	1.00	1.00	0.01	0.01	0	|	rapi	0.01	0.01	0	|	79.0	0.01(79)	0.01(79)	|	9599	
7085	79	ok	|	0.01	1.00	1.00	0.01	0.00	0	|	rapi	0.01	0.01	0	|	79.0	0.01(79)	0.01(79)	|	9599	
7085	80	ok	|	0.01	1.00	1.00	0.01	0.01	0	|	rapi	0.01	0.01	0	|	79.0	0.01(79)	0.01(79)	|	9599	
7085	81	ok	|	0.01	1.00	1.00	0.01	0.01	0	|	rapi	0.01	0.01	0	|	79.0	0.01(79)	0.01(79)	|	9599	
7085	82	ok	|	0.01	1.00	1.00	0.01	0.00	0	|	rapi	0.01	0.01	0	|	79.0	0.01(79)	0.01(79)	|	9599	
7085	83	ok	|	0.01	1.00	1.00	0.01	0.01	0	|	rapi	0.01	0.01	0	|	79.0	0.01(79)	0.01(79)	|	9599	
7085	84	ok	|	0.01	1.00	1.00	0.01	0.00	0	|	rapi	0.01	0.01	0	|	79.0	0.01(79)	0.01(79)	|	9599	
7085	85	ok	|	0.00	1.00	1.00	0.00	0.00	0	|	rapi	0.00	0.00	0	|	79.0	0.00(79)	0.00(79)	|	9599	
7085	86	ok	|	0.00	1.00	1.00	0.00	0.00	0	|	rapi	0.00	0.00	0	|	79.0	0.00(79)	0.00(79)	|	9599	
7085	87	ok	|	0.01	1.00	1.00	0.01	0.00	0	|	rapi	0.01	0.01	0	|	79.0	0.01(79)	0.01(79)	|	9599	
7085	88	ok	|	0.00	1.00	1.00	0.00	0.00	0	|	rapi	0.00	0.00	0	|	79.0	0.00(79)	0.00(79)	|	9599	
7085	89	ok	|	0.01	1.00	1.00	0.01	0.00	0	|	rapi	0.01	0.01	0	|	79.0	0.01(79)	0.01(79)	|	9599	
7085	90	ok	|	0.01	1.00	1.00	0.01	0.01	0	|	rapi	0.01	0.01	0	|	79.0	0.01(79)	0.01(79)	|	9599	
7085	91	ok	|	0.01	1.00	1.00	0.01	0.00	0	|	rapi	0.01	0.01	0	|	79.0	0.01(79)	0.01(79)	|	9599	
7085	92	ok	|	0.00	1.00	1.00	0.00	0.00	0	|	rapi	0.00	0.00	0	|	79.0	0.00(79)	0.00(79)	|	9599	
7085	93	ok	|	0.00	1.00	1.00	0.00	0.00	0	|	rapi	0.00	0.00	0	|	79.0	0.00(79)	0.00(79)	|	9599	
7085	94	ok	|	0.00	1.00	1.00	0.00	0.00	0	|	rapi	0.00	0.00	0	|	79.0	0.00(79)	0.00(79)	|	9599	
7085	95	ok	|	0.01	1.00	1.00	0.01	0.00	0	|	rapi	0.01	0.01	0	|	79.0	0.01(79)	0.01(79)	|	9599	
7085	96	ok	|	0.01	1.00	1.00	0.01	0.00	0	|	rapi	0.01	0.01	0	|	79.0	0.01(79)	0.01(79)	|	9599	
7085	97	ok	|	0.00	1.00	1.00	0.00	0.00	0	|	rapi	0.00	0.00	0	|	79.0	0.00(79)	0.00(79)	|	9599	
7085	98	ok	|	0.00	1.00	1.00	0.00	0.00	0	|	rapi	0.00	0.00	0	|	79.0	0.00(79)	0.00(79)	|	9599	
7085	99	fail-0	|	0.00	1.00	1.00	0.00	NaN	0	|	rapi	0.00	0.00	0	|	NaN			|	9599	
