7096	0	ok	|	0.10	1.00	1.00	0.10	0.00	0	|	rapi	0.00	0.00	0	|	-36.0	0.10(-36)		|	6	
7096	1	ok	|	0.11	1.00	1.00	0.12	0.00	0	|	rapi	0.00	0.00	0	|	-36.0	0.12(-36)		|	6	
7096	2	ok	|	0.11	1.00	1.00	0.13	0.00	0	|	rapi	0.00	0.00	0	|	-36.0	0.13(-36)		|	6	
7096	3	ok	|	0.11	1.00	1.00	0.15	0.00	0	|	rapi	0.00	0.00	0	|	-36.0	0.15(-36)		|	6	
7096	4	ok	|	0.12	1.00	1.00	0.15	0.00	0	|	rapi	0.00	0.00	0	|	-36.0	0.15(-36)		|	6	
7096	5	ok	|	0.14	1.00	1.00	0.18	0.00	0	|	rapi	0.00	0.00	0	|	-36.0	0.18(-36)		|	6	
7096	6	ok	|	0.17	1.00	1.00	0.22	0.00	0	|	rapi	0.00	0.00	0	|	-36.0	0.22(-36)		|	6	
7096	7	ok	|	0.19	1.00	1.00	0.25	0.00	0	|	rapi	0.00	0.00	0	|	-36.0	0.25(-36)		|	6	
7096	8	ok	|	0.22	1.00	1.00	0.31	0.00	0	|	rapi	0.00	0.00	0	|	-36.0	0.31(-36)		|	6	
7096	9	ok	|	0.27	1.00	1.00	0.38	0.00	0	|	rapi	0.00	0.00	0	|	-36.0	0.38(-36)		|	6	
7096	10	ok	|	0.29	1.00	1.00	0.43	0.00	0	|	rapi	0.00	0.00	0	|	-36.0	0.43(-36)		|	6	
7096	11	ok	|	0.34	0.99	0.99	0.53	0.00	0	|	rapi	0.00	0.00	0	|	-36.0	0.53(-36)	0.00(-36)	|	6	
7096	12	ok	|	0.38	0.99	0.99	0.60	0.00	0	|	rapi	0.00	0.00	0	|	-36.0	0.60(-36)		|	6	
7096	13	ok	|	0.41	0.99	0.99	0.68	0.00	0	|	rapi	0.00	0.00	0	|	-36.0	0.68(-36)		|	6	
7096	14	ok	|	0.45	0.99	0.99	0.78	0.00	0	|	rapi	0.00	0.00	0	|	-36.0	0.78(-36)		|	6	
7096	15	ok	|	0.51	0.99	0.99	0.94	0.00	0	|	rapi	0.00	0.00	0	|	-36.0	0.94(-36)		|	6	
7096	16	ok	|	0.57	0.99	0.99	1.12	0.00	0	|	rapi	0.00	0.00	0	|	-36.0	1.12(-36)		|	6	
7096	17	ok	|	0.62	0.99	0.99	1.33	0.00	0	|	rapi	0.00	0.00	0	|	-36.0	1.33(-36)		|	6	
7096	18	ok	|	0.69	0.98	0.98	1.57	0.00	0	|	rapi	0.00	0.00	0	|	-36.0	1.57(-36)		|	6	
7096	19	ok	|	0.74	0.98	0.98	1.84	0.00	0	|	rapi	0.00	0.00	0	|	-36.0	1.84(-36)		|	6	
7096	20	ok	|	0.78	0.98	0.98	2.10	0.00	0	|	rapi	0.00	0.00	0	|	-36.0	2.10(-36)	0.00(-36)	|	6	
7096	21	ok	|	0.83	0.98	0.98	2.44	0.00	0	|	rapi	0.00	0.00	0	|	-36.0	2.44(-36)		|	6	
7096	22	ok	|	0.87	0.97	0.97	2.97	0.00	0	|	rapi	0.00	0.00	0	|	-36.0	2.97(-36)		|	6	
7096	23	ok	|	0.92	0.96	0.96	3.61	0.00	0	|	rapi	0.00	0.00	0	|	-36.0	3.61(-36)		|	6	
7096	24	ok	|	0.95	0.96	0.96	4.32	0.00	0	|	rapi	0.00	0.00	0	|	-36.0	4.32(-36)		|	6	
7096	25	ok	|	0.97	0.95	0.95	4.95	0.00	0	|	rapi	0.00	0.00	0	|	-36.0	4.95(-36)		|	6	
7096	26	ok	|	0.98	0.94	0.94	5.86	0.00	0	|	rapi	0.00	0.00	0	|	-36.0	5.86(-36)	0.00(-36)	|	6	
7096	27	ok	|	0.99	0.93	0.93	6.91	0.00	0	|	rapi	0.00	0.00	0	|	-36.0	6.91(-36)	0.00(-36)	|	6	
7096	28	ok	|	1.00	0.92	0.92	7.88	0.00	0	|	rapi	0.00	0.00	0	|	-36.0	7.88(-36)	0.00(-36)	|	6	
7096	29	ok	|	1.00	0.91	0.91	9.17	0.00	0	|	rapi	0.00	0.00	0	|	-36.0	9.17(-36)	0.00(-36)	|	6	
7096	30	ok	|	1.00	0.89	0.89	10.69	0.00	0	|	rapi	0.00	0.00	0	|	-36.0	10.69(-36)	0.00(-36)	|	6	
7096	31	ok	|	1.00	0.88	0.88	12.48	0.00	0	|	rapi	0.00	0.00	0	|	-36.0	12.48(-36)	0.00(-36)	|	6	
7096	32	ok	|	1.00	0.85	0.85	14.51	0.00	0	|	rapi	0.00	0.00	0	|	-36.0	14.51(-36)	0.00(-36)	|	6	
7096	33	ok	|	1.00	0.83	0.83	17.26	0.00	0	|	rapi	0.01	0.01	0	|	-36.0	17.26(-36)	0.01(-36)	|	6	
7096	34	ok	|	1.00	0.80	0.80	20.19	0.00	0	|	rapi	0.01	0.01	0	|	-36.0	20.19(-36)	0.01(-36)	|	6	
7096	35	ok	|	1.00	0.76	0.76	23.95	0.00	0	|	rapi	0.01	0.01	0	|	-36.0	23.95(-36)	0.01(-36)	|	6	
7096	36	ok	|	1.00	0.72	0.72	28.18	0.00	0	|	rapi	0.01	0.01	0	|	-36.0	28.18(-36)	0.01(-36)	|	6	
7096	37	ok	|	1.00	0.67	0.67	33.08	0.00	0	|	rapi	0.01	0.01	0	|	-36.0	33.08(-36)	0.01(-36)	|	6	
7096	38	ok	|	1.00	0.62	0.62	38.48	0.00	0	|	rapi	0.01	0.01	0	|	-36.0	38.48(-36)	0.01(-36)	|	6	
7096	39	ok	|	1.00	0.55	0.55	45.01	0.00	0	|	rapi	0.01	0.01	0	|	-36.0	45.01(-36)	0.01(-36)	|	6	
7096	40	ok	|	1.00	0.48	0.48	52.11	0.00	0	|	rapi	0.02	0.02	0	|	-36.0	52.11(-36)	0.02(-36)	|	6	
7096	41	ok	|	1.00	0.39	0.39	60.72	0.00	0	|	rapi	0.02	0.02	0	|	-36.0	60.72(-36)	0.02(-36)	|	6	
7096	42	ok	|	1.00	0.31	0.31	69.41	0.00	0	|	rapi	0.03	0.03	0	|	-36.0	69.41(-36)	0.03(-36)	|	6	
7096	43	ok	|	1.00	0.22	0.22	77.97	0.00	0	|	rapi	0.04	0.04	0	|	-36.0	77.97(-36)	0.04(-36)	|	6	
7096	44	ok	|	1.00	0.15	0.15	85.70	0.00	0	|	rapi	0.07	0.07	0	|	-36.0	85.70(-36)	0.07(-36)	|	6	
7096	45	fail-w	|	1.00	0.10	0.10	91.83	0.00	0	|	rapi	0.10	0.11	0	|	-36.0	91.83(-36)	0.11(-36)	|	6	
