7153	0	ok	|	0.10	1.00	1.00	0.10	0.00	0	|	rapi	0.00	0.00	0	|	-6.0	0.10(-6)		|	1	
7153	1	ok	|	0.11	1.00	1.00	0.13	0.00	0	|	rapi	0.00	0.00	0	|	-6.0	0.13(-6)		|	1	
7153	2	ok	|	0.14	1.00	1.00	0.17	0.00	0	|	rapi	0.00	0.00	0	|	-6.0	0.17(-6)		|	1	
7153	3	ok	|	0.17	1.00	1.00	0.21	0.00	0	|	rapi	0.00	0.00	0	|	-6.0	0.21(-6)		|	1	
7153	4	ok	|	0.18	1.00	1.00	0.22	0.00	0	|	rapi	0.00	0.00	0	|	-6.0	0.22(-6)		|	1	
7153	5	ok	|	0.21	1.00	1.00	0.28	0.00	0	|	rapi	0.00	0.00	0	|	-6.0	0.28(-6)		|	1	
7153	6	ok	|	0.26	1.00	1.00	0.36	0.00	0	|	rapi	0.00	0.00	0	|	-6.0	0.36(-6)		|	1	
7153	7	ok	|	0.29	1.00	1.00	0.43	0.00	0	|	rapi	0.00	0.00	0	|	-6.0	0.43(-6)		|	1	
7153	8	ok	|	0.29	1.00	1.00	0.45	0.00	0	|	rapi	0.00	0.00	0	|	-6.0	0.45(-6)		|	1	
7153	9	ok	|	0.34	0.99	0.99	0.52	0.00	0	|	rapi	0.00	0.00	0	|	-6.0	0.52(-6)		|	1	
7153	10	ok	|	0.37	0.99	0.99	0.57	0.00	0	|	rapi	0.00	0.00	0	|	-6.0	0.57(-6)		|	1	
7153	11	ok	|	0.42	0.99	0.99	0.67	0.00	0	|	rapi	0.00	0.00	0	|	-6.0	0.67(-6)		|	1	
7153	12	ok	|	0.46	0.99	0.99	0.78	0.00	0	|	rapi	0.00	0.00	0	|	-6.0	0.78(-6)	0.00(-6)	|	1	
7153	13	ok	|	0.52	0.99	0.99	0.92	0.00	0	|	rapi	0.00	0.00	0	|	-6.0	0.92(-6)	0.00(-6)	|	1	
7153	14	ok	|	0.58	0.99	0.99	1.10	0.00	0	|	rapi	0.00	0.00	0	|	-6.0	1.10(-6)	0.00(-6)	|	1	
7153	15	ok	|	0.66	0.99	0.99	1.33	0.00	0	|	rapi	0.00	0.00	0	|	-6.0	1.33(-6)	0.00(-6)	|	1	
7153	16	ok	|	0.70	0.99	0.99	1.49	0.00	0	|	rapi	0.00	0.00	0	|	-6.0	1.49(-6)	0.00(-6)	|	1	
7153	17	ok	|	0.76	0.98	0.98	1.82	0.00	0	|	rapi	0.00	0.00	0	|	-6.0	1.82(-6)	0.00(-6)	|	1	
7153	18	ok	|	0.83	0.98	0.98	2.21	0.00	0	|	rapi	0.01	0.01	0	|	-6.0	2.21(-6)	0.01(-6)	|	1	
7153	19	ok	|	0.88	0.97	0.97	2.59	0.00	0	|	rapi	0.00	0.00	0	|	-6.0	2.59(-6)	0.00(-6)	|	1	
7153	20	ok	|	0.91	0.97	0.97	2.87	0.00	0	|	rapi	0.00	0.00	0	|	-6.0	2.87(-6)	0.00(-6)	|	1	
7153	21	ok	|	0.94	0.97	0.97	3.44	0.00	0	|	rapi	0.01	0.01	0	|	-6.0	3.44(-6)	0.01(-6)	|	1	
7153	22	ok	|	0.96	0.96	0.96	4.08	0.00	0	|	rapi	0.00	0.00	0	|	-6.0	4.08(-6)	0.00(-6)	|	1	
7153	23	ok	|	0.98	0.95	0.95	4.81	0.00	0	|	rapi	0.00	0.00	0	|	-6.0	4.81(-6)	0.00(-6)	|	1	
7153	24	ok	|	0.99	0.95	0.95	5.47	0.00	0	|	rapi	0.00	0.00	0	|	-6.0	5.47(-6)	0.00(-6)	|	1	
7153	25	ok	|	0.99	0.94	0.94	6.27	0.00	0	|	rapi	0.00	0.00	0	|	-6.0	6.27(-6)	0.00(-6)	|	1	
7153	26	ok	|	1.00	0.93	0.93	7.46	0.00	0	|	rapi	0.00	0.00	0	|	-6.0	7.46(-6)	0.00(-6)	|	1	
7153	27	ok	|	1.00	0.91	0.91	8.72	0.00	0	|	rapi	0.01	0.01	0	|	-6.0	8.72(-6)	0.01(-6)	|	1	
7153	28	ok	|	1.00	0.90	0.90	10.26	0.00	0	|	rapi	0.01	0.01	0	|	-6.0	10.26(-6)	0.01(-6)	|	1	
7153	29	ok	|	1.00	0.88	0.88	11.85	0.00	0	|	rapi	0.01	0.01	0	|	-6.0	11.85(-6)	0.01(-6)	|	1	
7153	30	ok	|	1.00	0.86	0.86	14.13	0.00	0	|	rapi	0.01	0.01	0	|	-6.0	14.13(-6)	0.01(-6)	|	1	
7153	31	ok	|	1.00	0.83	0.83	16.80	0.00	0	|	rapi	0.01	0.01	0	|	-6.0	16.80(-6)	0.01(-6)	|	1	
7153	32	ok	|	1.00	0.80	0.80	19.78	0.00	0	|	rapi	0.01	0.01	0	|	-6.0	19.78(-6)	0.01(-6)	|	1	
7153	33	ok	|	1.00	0.77	0.77	23.25	0.00	0	|	rapi	0.01	0.01	0	|	-6.0	23.25(-6)	0.01(-6)	|	1	
7153	34	ok	|	1.00	0.73	0.73	27.21	0.00	0	|	rapi	0.01	0.01	0	|	-6.0	27.21(-6)	0.01(-6)	|	1	
7153	35	ok	|	1.00	0.69	0.69	31.48	0.00	0	|	rapi	0.02	0.02	0	|	-6.0	31.48(-6)	0.02(-6)	|	1	
7153	36	ok	|	1.00	0.63	0.63	36.60	0.00	0	|	rapi	0.01	0.01	0	|	-6.0	36.60(-6)	0.01(-6)	|	1	
7153	37	ok	|	1.00	0.57	0.57	43.08	0.00	0	|	rapi	0.01	0.01	0	|	-6.0	43.08(-6)	0.01(-6)	|	1	
7153	38	ok	|	1.00	0.50	0.50	50.30	0.00	0	|	rapi	0.01	0.01	0	|	-6.0	50.30(-6)	0.01(-6)	|	1	
7153	39	ok	|	1.00	0.42	0.42	58.38	0.00	0	|	rapi	0.01	0.01	0	|	-6.0	58.38(-6)	0.01(-6)	|	1	
7153	40	ok	|	1.00	0.32	0.32	67.59	0.00	0	|	rapi	0.02	0.02	0	|	-6.0	67.59(-6)	0.02(-6)	|	1	
7153	41	ok	|	1.00	0.23	0.23	76.66	0.00	0	|	rapi	0.03	0.03	0	|	-6.0	76.66(-6)	0.03(-6)	|	1	
7153	42	ok	|	1.00	0.15	0.15	85.33	0.00	0	|	rapi	0.04	0.04	0	|	-6.0	85.33(-6)	0.04(-6)	|	1	
7153	43	fail-w	|	1.00	0.09	0.09	92.35	0.00	0	|	rapi	0.07	0.07	0	|	-6.0	92.35(-6)	0.07(-6)	|	1	
