718	0	ok	|	0.10	1.00	1.00	0.10	0.00	0	|	rapi	0.00	0.00	0	|	-90.0	0.10(-90)		|	2	
718	1	ok	|	0.11	1.00	1.00	0.12	0.00	0	|	rapi	0.00	0.00	0	|	-90.0	0.12(-90)		|	2	
718	2	ok	|	0.11	1.00	1.00	0.15	0.00	0	|	rapi	0.00	0.00	0	|	-90.0	0.15(-90)		|	2	
718	3	ok	|	0.13	1.00	1.00	0.19	0.00	0	|	rapi	0.00	0.00	0	|	-90.0	0.19(-90)		|	2	
718	4	ok	|	0.17	1.00	1.00	0.24	0.00	0	|	rapi	0.00	0.00	0	|	-90.0	0.24(-90)		|	2	
718	5	ok	|	0.19	1.00	1.00	0.27	0.00	0	|	rapi	0.00	0.00	0	|	-90.0	0.27(-90)		|	2	
718	6	ok	|	0.20	1.00	1.00	0.29	0.00	0	|	rapi	0.00	0.00	0	|	-90.0	0.29(-90)		|	2	
718	7	ok	|	0.21	1.00	1.00	0.33	0.00	0	|	rapi	0.00	0.00	0	|	-90.0	0.33(-90)		|	2	
718	8	ok	|	0.24	1.00	1.00	0.39	0.00	0	|	rapi	0.00	0.00	0	|	-90.0	0.39(-90)		|	2	
718	9	ok	|	0.27	1.00	1.00	0.45	0.00	0	|	rapi	0.00	0.00	0	|	-90.0	0.45(-90)		|	2	
718	10	ok	|	0.31	0.99	0.99	0.53	0.00	0	|	rapi	0.00	0.00	0	|	-90.0	0.53(-90)		|	2	
718	11	ok	|	0.35	0.99	0.99	0.61	0.00	0	|	rapi	0.00	0.00	0	|	-90.0	0.61(-90)		|	2	
718	12	ok	|	0.42	0.99	0.99	0.77	0.00	0	|	rapi	0.00	0.00	0	|	-90.0	0.77(-90)		|	2	
718	13	ok	|	0.50	0.99	0.99	0.92	0.00	0	|	rapi	0.00	0.00	0	|	-90.0	0.92(-90)		|	2	
718	14	ok	|	0.56	0.99	0.99	1.09	0.00	0	|	rapi	0.00	0.00	0	|	-90.0	1.09(-90)		|	2	
718	15	ok	|	0.59	0.99	0.99	1.15	0.00	0	|	rapi	0.00	0.00	0	|	-90.0	1.15(-90)		|	2	
718	16	ok	|	0.65	0.99	0.99	1.36	0.00	0	|	rapi	0.00	0.00	0	|	-90.0	1.36(-90)		|	2	
718	17	ok	|	0.72	0.98	0.98	1.62	0.00	0	|	rapi	0.00	0.00	0	|	-90.0	1.62(-90)		|	2	
718	18	ok	|	0.77	0.98	0.98	1.96	0.00	0	|	rapi	0.00	0.00	0	|	-90.0	1.96(-90)		|	2	
718	19	ok	|	0.83	0.98	0.98	2.31	0.00	0	|	rapi	0.00	0.00	0	|	-90.0	2.31(-90)		|	2	
718	20	ok	|	0.87	0.97	0.97	2.79	0.00	0	|	rapi	0.00	0.00	0	|	-90.0	2.79(-90)		|	2	
718	21	ok	|	0.90	0.97	0.97	3.17	0.00	0	|	rapi	0.00	0.00	0	|	-90.0	3.17(-90)		|	2	
718	22	ok	|	0.92	0.96	0.96	3.81	0.00	0	|	rapi	0.00	0.00	0	|	-90.0	3.81(-90)		|	2	
718	23	ok	|	0.96	0.96	0.96	4.40	0.00	0	|	rapi	0.00	0.00	0	|	-90.0	4.40(-90)		|	2	
718	24	ok	|	0.97	0.95	0.95	5.24	0.00	0	|	rapi	0.00	0.00	0	|	-90.0	5.24(-90)		|	2	
718	25	ok	|	0.99	0.94	0.94	6.05	0.00	0	|	rapi	0.00	0.00	0	|	-90.0	6.05(-90)		|	2	
718	26	ok	|	0.99	0.93	0.93	7.29	0.00	0	|	rapi	0.00	0.00	0	|	-90.0	7.29(-90)		|	2	
718	27	ok	|	1.00	0.91	0.91	8.56	0.00	0	|	rapi	0.00	0.00	0	|	-90.0	8.56(-90)		|	2	
718	28	ok	|	1.00	0.90	0.90	10.06	0.00	0	|	rapi	0.00	0.00	0	|	-90.0	10.06(-90)		|	2	
718	29	ok	|	1.00	0.89	0.89	11.49	0.00	0	|	rapi	0.00	0.00	0	|	-90.0	11.49(-90)		|	2	
718	30	ok	|	1.00	0.86	0.86	13.60	0.00	0	|	rapi	0.00	0.00	0	|	-90.0	13.60(-90)		|	2	
718	31	ok	|	1.00	0.84	0.84	16.18	0.00	0	|	rapi	0.00	0.00	0	|	-90.0	16.18(-90)		|	2	
718	32	ok	|	1.00	0.81	0.81	18.98	0.00	0	|	rapi	0.00	0.00	0	|	-90.0	18.98(-90)		|	2	
718	33	ok	|	1.00	0.78	0.78	22.31	0.00	0	|	rapi	0.00	0.00	0	|	-90.0	22.31(-90)		|	2	
718	34	ok	|	1.00	0.74	0.74	26.04	0.00	0	|	rapi	0.00	0.00	0	|	-90.0	26.04(-90)		|	2	
718	35	ok	|	1.00	0.70	0.70	30.27	0.00	0	|	rapi	0.00	0.00	0	|	-90.0	30.27(-90)		|	2	
718	36	ok	|	1.00	0.64	0.64	35.53	0.00	0	|	rapi	0.00	0.00	0	|	-90.0	35.53(-90)		|	2	
718	37	ok	|	1.00	0.58	0.58	41.51	0.00	0	|	rapi	0.00	0.00	0	|	-90.0	41.51(-90)		|	2	
718	38	ok	|	1.00	0.51	0.51	48.56	0.00	0	|	rapi	0.00	0.00	0	|	-90.0	48.56(-90)		|	2	
718	39	ok	|	1.00	0.44	0.44	55.56	0.00	0	|	rapi	0.00	0.00	0	|	-90.0	55.56(-90)		|	2	
718	40	ok	|	1.00	0.36	0.36	64.41	0.00	0	|	rapi	0.00	0.00	0	|	-90.0	64.41(-90)		|	2	
718	41	ok	|	1.00	0.26	0.26	74.50	0.00	0	|	rapi	0.00	0.00	0	|	-90.0	74.50(-90)		|	2	
718	42	ok	|	1.00	0.16	0.16	84.61	0.00	0	|	rapi	0.00	0.00	0	|	-90.0	84.61(-90)	0.00(-90)	|	2	
718	43	fail-w	|	1.00	0.08	0.08	93.49	0.00	0	|	rapi	0.00	0.00	0	|	-90.0	93.49(-90)		|	2	
