7245	0	ok	|	0.09	1.00	1.00	0.10	0.00	0	|	rapi	0.00	0.00	0	|	-80.0	0.10(-80)		|	1	
7245	1	ok	|	0.10	1.00	1.00	0.12	0.00	0	|	rapi	0.00	0.00	0	|	-80.0	0.12(-80)		|	1	
7245	2	ok	|	0.12	1.00	1.00	0.14	0.00	0	|	rapi	0.00	0.00	0	|	-80.0	0.14(-80)		|	1	
7245	3	ok	|	0.16	1.00	1.00	0.19	0.00	0	|	rapi	0.00	0.00	0	|	-80.0	0.19(-80)		|	1	
7245	4	ok	|	0.20	1.00	1.00	0.25	0.00	0	|	rapi	0.00	0.00	0	|	-80.0	0.25(-80)		|	1	
7245	5	ok	|	0.22	1.00	1.00	0.29	0.00	0	|	rapi	0.00	0.00	0	|	-80.0	0.29(-80)		|	1	
7245	6	ok	|	0.25	1.00	1.00	0.34	0.00	0	|	rapi	0.00	0.00	0	|	-80.0	0.34(-80)		|	1	
7245	7	ok	|	0.32	1.00	1.00	0.49	0.00	0	|	rapi	0.00	0.00	0	|	-80.0	0.49(-80)		|	1	
7245	8	ok	|	0.38	0.99	0.99	0.58	0.00	0	|	rapi	0.00	0.00	0	|	-80.0	0.58(-80)		|	1	
7245	9	ok	|	0.43	0.99	0.99	0.68	0.00	0	|	rapi	0.00	0.00	0	|	-80.0	0.68(-80)		|	1	
7245	10	ok	|	0.48	0.99	0.99	0.78	0.00	0	|	rapi	0.00	0.00	0	|	-80.0	0.78(-80)		|	1	
7245	11	ok	|	0.55	0.99	0.99	0.95	0.00	0	|	rapi	0.00	0.00	0	|	-80.0	0.95(-80)		|	1	
7245	12	ok	|	0.56	0.99	0.99	1.09	0.00	0	|	rapi	0.00	0.00	0	|	-80.0	1.09(-80)		|	1	
7245	13	ok	|	0.62	0.99	0.99	1.24	0.00	0	|	rapi	0.00	0.00	0	|	-80.0	1.24(-80)		|	1	
7245	14	ok	|	0.68	0.99	0.99	1.46	0.00	0	|	rapi	0.00	0.00	0	|	-80.0	1.46(-80)		|	1	
7245	15	ok	|	0.75	0.98	0.98	1.72	0.00	0	|	rapi	0.00	0.00	0	|	-80.0	1.72(-80)		|	1	
7245	16	ok	|	0.81	0.98	0.98	2.03	0.00	0	|	rapi	0.00	0.00	0	|	-80.0	2.03(-80)		|	1	
7245	17	ok	|	0.85	0.98	0.98	2.44	0.00	0	|	rapi	0.00	0.00	0	|	-80.0	2.44(-80)		|	1	
7245	18	ok	|	0.89	0.97	0.97	2.87	0.00	0	|	rapi	0.00	0.00	0	|	-80.0	2.87(-80)		|	1	
7245	19	ok	|	0.93	0.97	0.97	3.42	0.00	0	|	rapi	0.00	0.00	0	|	-80.0	3.42(-80)		|	1	
7245	20	ok	|	0.95	0.96	0.96	4.07	0.00	0	|	rapi	0.00	0.00	0	|	-80.0	4.07(-80)		|	1	
7245	21	ok	|	0.98	0.95	0.95	4.78	0.00	0	|	rapi	0.00	0.00	0	|	-80.0	4.78(-80)		|	1	
7245	22	ok	|	0.99	0.94	0.94	5.77	0.00	0	|	rapi	0.00	0.00	0	|	-80.0	5.77(-80)		|	1	
7245	23	ok	|	1.00	0.93	0.93	6.81	0.00	0	|	rapi	0.00	0.00	0	|	-80.0	6.81(-80)		|	1	
7245	24	ok	|	0.99	0.92	0.92	7.88	0.00	0	|	rapi	0.00	0.00	0	|	-80.0	7.88(-80)		|	1	
7245	25	ok	|	1.00	0.90	0.90	9.59	0.00	0	|	rapi	0.00	0.00	0	|	-80.0	9.59(-80)		|	1	
7245	26	ok	|	1.00	0.89	0.89	11.41	0.00	0	|	rapi	0.00	0.00	0	|	-80.0	11.41(-80)		|	1	
7245	27	ok	|	1.00	0.86	0.86	13.56	0.00	0	|	rapi	0.00	0.00	0	|	-80.0	13.56(-80)		|	1	
7245	28	ok	|	1.00	0.84	0.84	16.19	0.00	0	|	rapi	0.00	0.00	0	|	-80.0	16.19(-80)	0.00(-80)	|	1	
7245	29	ok	|	1.00	0.81	0.81	19.15	0.00	0	|	rapi	0.00	0.00	0	|	-80.0	19.15(-80)	0.00(-80)	|	1	
7245	30	ok	|	1.00	0.77	0.77	22.60	0.00	0	|	rapi	0.00	0.00	0	|	-80.0	22.60(-80)	0.00(-80)	|	1	
7245	31	ok	|	1.00	0.73	0.73	26.63	0.00	0	|	rapi	0.00	0.00	0	|	-80.0	26.63(-80)		|	1	
7245	32	ok	|	1.00	0.68	0.68	31.55	0.00	0	|	rapi	0.00	0.00	0	|	-80.0	31.55(-80)		|	1	
7245	33	ok	|	1.00	0.63	0.63	36.91	0.00	0	|	rapi	0.00	0.00	0	|	-80.0	36.91(-80)	0.00(-80)	|	1	
7245	34	ok	|	1.00	0.57	0.57	43.24	0.00	0	|	rapi	0.00	0.00	0	|	-80.0	43.24(-80)	0.00(-80)	|	1	
7245	35	ok	|	1.00	0.50	0.50	50.12	0.00	0	|	rapi	0.01	0.01	0	|	-80.0	50.12(-80)	0.01(-80)	|	1	
7245	36	ok	|	1.00	0.42	0.42	57.87	0.00	0	|	rapi	0.01	0.01	0	|	-80.0	57.87(-80)	0.01(-80)	|	1	
7245	37	ok	|	1.00	0.34	0.34	66.42	0.00	0	|	rapi	0.01	0.01	0	|	-80.0	66.42(-80)	0.01(-80)	|	1	
7245	38	ok	|	1.00	0.24	0.24	75.68	0.00	0	|	rapi	0.02	0.02	0	|	-80.0	75.68(-80)	0.02(-80)	|	1	
7245	39	ok	|	1.00	0.16	0.16	84.46	0.00	0	|	rapi	0.03	0.03	0	|	-80.0	84.46(-80)	0.03(-80)	|	1	
7245	40	fail-w	|	1.00	0.09	0.09	92.08	0.00	0	|	rapi	0.05	0.05	0	|	-80.0	92.08(-80)	0.05(-80)	|	1	
