7304	0	ok	|	0.10	1.00	1.00	0.10	0.00	0	|	rapi	0.00	0.00	0	|	-26.0	0.10(-26)		|	6	
7304	1	ok	|	0.10	1.00	1.00	0.11	0.00	0	|	rapi	0.00	0.00	0	|	-26.0	0.11(-26)		|	6	
7304	2	ok	|	0.12	1.00	1.00	0.15	0.00	0	|	rapi	0.00	0.00	0	|	-26.0	0.15(-26)		|	6	
7304	3	ok	|	0.13	1.00	1.00	0.18	0.00	0	|	rapi	0.00	0.00	0	|	-26.0	0.18(-26)		|	6	
7304	4	ok	|	0.14	1.00	1.00	0.19	0.00	0	|	rapi	0.00	0.00	0	|	-26.0	0.19(-26)		|	6	
7304	5	ok	|	0.17	1.00	1.00	0.23	0.00	0	|	rapi	0.00	0.00	0	|	-26.0	0.23(-26)		|	6	
7304	6	ok	|	0.20	1.00	1.00	0.28	0.00	0	|	rapi	0.00	0.00	0	|	-26.0	0.28(-26)		|	6	
7304	7	ok	|	0.22	1.00	1.00	0.31	0.00	0	|	rapi	0.00	0.00	0	|	-26.0	0.31(-26)		|	6	
7304	8	ok	|	0.25	1.00	1.00	0.37	0.00	0	|	rapi	0.00	0.00	0	|	-26.0	0.37(-26)		|	6	
7304	9	ok	|	0.30	1.00	1.00	0.48	0.00	0	|	rapi	0.00	0.00	0	|	-26.0	0.48(-26)		|	6	
7304	10	ok	|	0.33	0.99	0.99	0.54	0.00	0	|	rapi	0.00	0.00	0	|	-26.0	0.54(-26)		|	6	
7304	11	ok	|	0.39	0.99	0.99	0.66	0.00	0	|	rapi	0.00	0.00	0	|	-26.0	0.66(-26)		|	6	
7304	12	ok	|	0.43	0.99	0.99	0.76	0.00	0	|	rapi	0.00	0.00	0	|	-26.0	0.76(-26)		|	6	
7304	13	ok	|	0.49	0.99	0.99	0.87	0.00	0	|	rapi	0.00	0.00	0	|	-26.0	0.87(-26)		|	6	
7304	14	ok	|	0.51	0.99	0.99	0.96	0.00	0	|	rapi	0.00	0.00	0	|	-26.0	0.96(-26)	0.00(-26)	|	6	
7304	15	ok	|	0.58	0.99	0.99	1.14	0.00	0	|	rapi	0.00	0.00	0	|	-26.0	1.14(-26)	0.00(-26)	|	6	
7304	16	ok	|	0.65	0.99	0.99	1.36	0.00	0	|	rapi	0.00	0.00	0	|	-26.0	1.36(-26)	0.00(-26)	|	6	
7304	17	ok	|	0.74	0.98	0.98	1.72	0.00	0	|	rapi	0.00	0.00	0	|	-26.0	1.72(-26)	0.00(-26)	|	6	
7304	18	ok	|	0.79	0.98	0.98	2.07	0.00	0	|	rapi	0.00	0.00	0	|	-26.0	2.07(-26)	0.00(-26)	|	6	
7304	19	ok	|	0.83	0.98	0.98	2.43	0.00	0	|	rapi	0.01	0.01	0	|	-26.0	2.43(-26)	0.01(-26)	|	6	
7304	20	ok	|	0.87	0.97	0.97	2.76	0.00	0	|	rapi	0.00	0.00	0	|	-26.0	2.76(-26)	0.00(-26)	|	6	
7304	21	ok	|	0.92	0.97	0.97	3.29	0.00	0	|	rapi	0.01	0.01	0	|	-26.0	3.29(-26)	0.01(-26)	|	6	
7304	22	ok	|	0.94	0.96	0.96	3.90	0.00	0	|	rapi	0.01	0.01	0	|	-26.0	3.90(-26)	0.01(-26)	|	6	
7304	23	ok	|	0.96	0.95	0.95	4.65	0.00	0	|	rapi	0.02	0.02	0	|	-26.0	4.65(-26)	0.02(-26)	|	6	
7304	24	ok	|	0.98	0.95	0.95	5.40	0.00	0	|	rapi	0.02	0.02	0	|	-26.0	5.40(-26)	0.02(-26)	|	6	
7304	25	ok	|	0.99	0.94	0.94	6.33	0.00	0	|	rapi	0.01	0.01	0	|	-26.0	6.33(-26)	0.01(-26)	|	6	
7304	26	ok	|	1.00	0.93	0.93	7.42	0.00	0	|	rapi	0.01	0.01	0	|	-26.0	7.42(-26)	0.01(-26)	|	6	
7304	27	ok	|	1.00	0.91	0.91	8.67	0.00	0	|	rapi	0.01	0.01	0	|	-26.0	8.67(-26)	0.01(-26)	|	6	
7304	28	ok	|	1.00	0.90	0.90	10.19	0.00	0	|	rapi	0.01	0.01	0	|	-26.0	10.19(-26)	0.01(-26)	|	6	
7304	29	ok	|	1.00	0.88	0.88	11.97	0.00	0	|	rapi	0.00	0.00	0	|	-26.0	11.97(-26)	0.00(-26)	|	6	
7304	30	ok	|	1.00	0.86	0.86	14.22	0.00	0	|	rapi	0.00	0.00	0	|	-26.0	14.22(-26)	0.00(-26)	|	6	
7304	31	ok	|	1.00	0.83	0.83	16.71	0.00	0	|	rapi	0.00	0.00	0	|	-26.0	16.71(-26)	0.00(-26)	|	6	
7304	32	ok	|	1.00	0.81	0.81	19.27	0.00	0	|	rapi	0.01	0.01	0	|	-26.0	19.27(-26)	0.01(-26)	|	6	
7304	33	ok	|	1.00	0.77	0.77	22.64	0.00	0	|	rapi	0.01	0.01	0	|	-26.0	22.64(-26)	0.01(-26)	|	6	
7304	34	ok	|	1.00	0.74	0.74	26.32	0.00	0	|	rapi	0.01	0.01	0	|	-26.0	26.32(-26)	0.01(-26)	|	6	
7304	35	ok	|	1.00	0.69	0.69	30.88	0.00	0	|	rapi	0.01	0.01	0	|	-26.0	30.88(-26)	0.01(-26)	|	6	
7304	36	ok	|	1.00	0.64	0.64	35.95	0.00	0	|	rapi	0.02	0.02	0	|	-26.0	35.95(-26)	0.02(-26)	|	6	
7304	37	ok	|	1.00	0.58	0.58	41.62	0.00	0	|	rapi	0.03	0.03	0	|	-26.0	41.62(-26)	0.03(-26)	|	6	
7304	38	ok	|	1.00	0.51	0.51	48.90	0.00	0	|	rapi	0.04	0.04	0	|	-26.0	48.90(-26)	0.04(-26)	|	6	
7304	39	ok	|	1.00	0.44	0.44	56.40	0.00	0	|	rapi	0.04	0.04	0	|	-26.0	56.40(-26)	0.04(-26)	|	6	
7304	40	ok	|	1.00	0.35	0.35	64.88	0.00	0	|	rapi	0.05	0.05	0	|	-26.0	64.88(-26)	0.05(-26)	|	6	
7304	41	ok	|	1.00	0.27	0.27	73.30	0.00	0	|	rapi	0.07	0.07	0	|	-26.0	73.30(-26)	0.07(-26)	|	6	
7304	42	ok	|	1.00	0.19	0.19	81.54	0.00	0	|	rapi	0.08	0.08	0	|	-26.0	81.54(-26)	0.08(-26)	|	6	
7304	43	ok	|	1.00	0.12	0.12	88.76	0.00	0	|	rapi	0.11	0.12	0	|	-26.0	88.76(-26)	0.12(-26)	|	6	
7304	44	fail-w	|	1.00	0.10	0.10	92.48	0.00	0	|	rapi	0.21	0.22	0	|	-26.0	92.48(-26)	0.22(-26)	|	6	
