7317	0	ok	|	0.10	1.00	1.00	0.10	0.00	0	|	rapi	0.00	0.00	0	|	-54.0	0.10(-54)		|	1	
7317	1	ok	|	0.11	1.00	1.00	0.12	0.00	0	|	rapi	0.00	0.00	0	|	-54.0	0.12(-54)		|	1	
7317	2	ok	|	0.12	1.00	1.00	0.14	0.00	0	|	rapi	0.00	0.00	0	|	-54.0	0.14(-54)		|	1	
7317	3	ok	|	0.15	1.00	1.00	0.19	0.00	0	|	rapi	0.00	0.00	0	|	-54.0	0.19(-54)		|	1	
7317	4	ok	|	0.18	1.00	1.00	0.24	0.00	0	|	rapi	0.00	0.00	0	|	-54.0	0.24(-54)		|	1	
7317	5	ok	|	0.20	1.00	1.00	0.27	0.00	0	|	rapi	0.00	0.00	0	|	-54.0	0.27(-54)		|	1	
7317	6	ok	|	0.23	1.00	1.00	0.33	0.00	0	|	rapi	0.00	0.00	0	|	-54.0	0.33(-54)		|	1	
7317	7	ok	|	0.27	1.00	1.00	0.38	0.00	0	|	rapi	0.00	0.00	0	|	-54.0	0.38(-54)		|	1	
7317	8	ok	|	0.30	1.00	1.00	0.47	0.00	0	|	rapi	0.00	0.00	0	|	-54.0	0.47(-54)		|	1	
7317	9	ok	|	0.35	0.99	0.99	0.58	0.00	0	|	rapi	0.00	0.00	0	|	-54.0	0.58(-54)		|	1	
7317	10	ok	|	0.40	0.99	0.99	0.64	0.00	0	|	rapi	0.00	0.00	0	|	-54.0	0.64(-54)		|	1	
7317	11	ok	|	0.42	0.99	0.99	0.72	0.00	0	|	rapi	0.00	0.00	0	|	-54.0	0.72(-54)		|	1	
7317	12	ok	|	0.47	0.99	0.99	0.86	0.00	0	|	rapi	0.00	0.00	0	|	-54.0	0.86(-54)		|	1	
7317	13	ok	|	0.53	0.99	0.99	0.97	0.00	0	|	rapi	0.00	0.00	0	|	-54.0	0.97(-54)		|	1	
7317	14	ok	|	0.55	0.99	0.99	1.06	0.00	0	|	rapi	0.00	0.00	0	|	-54.0	1.06(-54)		|	1	
7317	15	ok	|	0.62	0.99	0.99	1.25	0.00	0	|	rapi	0.00	0.00	0	|	-54.0	1.25(-54)		|	1	
7317	16	ok	|	0.68	0.99	0.99	1.43	0.00	0	|	rapi	0.00	0.00	0	|	-54.0	1.43(-54)		|	1	
7317	17	ok	|	0.75	0.98	0.98	1.70	0.00	0	|	rapi	0.00	0.00	0	|	-54.0	1.70(-54)		|	1	
7317	18	ok	|	0.80	0.98	0.98	1.93	0.00	0	|	rapi	0.00	0.00	0	|	-54.0	1.93(-54)		|	1	
7317	19	ok	|	0.85	0.98	0.98	2.32	0.00	0	|	rapi	0.00	0.00	0	|	-54.0	2.32(-54)		|	1	
7317	20	ok	|	0.88	0.97	0.97	2.71	0.00	0	|	rapi	0.00	0.00	0	|	-54.0	2.71(-54)		|	1	
7317	21	ok	|	0.92	0.97	0.97	3.22	0.00	0	|	rapi	0.00	0.00	0	|	-54.0	3.22(-54)		|	1	
7317	22	ok	|	0.95	0.96	0.96	4.01	0.00	0	|	rapi	0.00	0.00	0	|	-54.0	4.01(-54)		|	1	
7317	23	ok	|	0.97	0.95	0.95	4.71	0.00	0	|	rapi	0.00	0.00	0	|	-54.0	4.71(-54)		|	1	
7317	24	ok	|	0.99	0.94	0.94	5.56	0.00	0	|	rapi	0.00	0.00	0	|	-54.0	5.56(-54)		|	1	
7317	25	ok	|	0.99	0.93	0.93	6.59	0.00	0	|	rapi	0.00	0.00	0	|	-54.0	6.59(-54)		|	1	
7317	26	ok	|	0.99	0.92	0.92	7.86	0.00	0	|	rapi	0.00	0.00	0	|	-54.0	7.86(-54)		|	1	
7317	27	ok	|	1.00	0.91	0.91	9.21	0.00	0	|	rapi	0.00	0.00	0	|	-54.0	9.21(-54)		|	1	
7317	28	ok	|	1.00	0.89	0.89	10.98	0.00	0	|	rapi	0.00	0.00	0	|	-54.0	10.98(-54)		|	1	
7317	29	ok	|	1.00	0.87	0.87	12.89	0.00	0	|	rapi	0.00	0.00	0	|	-54.0	12.89(-54)		|	1	
7317	30	ok	|	1.00	0.85	0.85	15.03	0.00	0	|	rapi	0.00	0.00	0	|	-54.0	15.03(-54)		|	1	
7317	31	ok	|	1.00	0.82	0.82	17.52	0.00	0	|	rapi	0.00	0.00	0	|	-54.0	17.52(-54)		|	1	
7317	32	ok	|	1.00	0.79	0.79	20.66	0.00	0	|	rapi	0.00	0.00	0	|	-54.0	20.66(-54)		|	1	
7317	33	ok	|	1.00	0.76	0.76	24.47	0.00	0	|	rapi	0.00	0.00	0	|	-54.0	24.47(-54)		|	1	
7317	34	ok	|	1.00	0.71	0.71	28.79	0.00	0	|	rapi	0.00	0.00	0	|	-54.0	28.79(-54)	0.00(-54)	|	1	
7317	35	ok	|	1.00	0.66	0.66	33.74	0.00	0	|	rapi	0.00	0.00	0	|	-54.0	33.74(-54)	0.00(-54)	|	1	
7317	36	ok	|	1.00	0.61	0.61	39.47	0.00	0	|	rapi	0.00	0.00	0	|	-54.0	39.47(-54)	0.00(-54)	|	1	
7317	37	ok	|	1.00	0.54	0.54	45.81	0.00	0	|	rapi	0.01	0.01	0	|	-54.0	45.81(-54)	0.01(-54)	|	1	
7317	38	ok	|	1.00	0.46	0.46	53.60	0.00	0	|	rapi	0.01	0.01	0	|	-54.0	53.60(-54)	0.01(-54)	|	1	
7317	39	ok	|	1.00	0.38	0.38	61.92	0.00	0	|	rapi	0.01	0.01	0	|	-54.0	61.92(-54)	0.01(-54)	|	1	
7317	40	ok	|	1.00	0.29	0.29	70.93	0.00	0	|	rapi	0.01	0.01	0	|	-54.0	70.93(-54)	0.01(-54)	|	1	
7317	41	ok	|	1.00	0.20	0.20	80.39	0.00	0	|	rapi	0.02	0.02	0	|	-54.0	80.39(-54)	0.02(-54)	|	1	
7317	42	ok	|	1.00	0.12	0.12	88.69	0.00	0	|	rapi	0.03	0.03	0	|	-54.0	88.69(-54)	0.03(-54)	|	1	
7317	43	fail-w	|	1.00	0.06	0.06	96.32	0.00	0	|	rapi	0.04	0.04	0	|	-54.0	96.32(-54)	0.04(-54)	|	1	
