736	0	ok	|	0.09	1.00	1.00	0.10	0.00	0	|	rapi	0.09	0.09	0	|	50.0	0.10(50)	0.09(50)	|	8883	
736	1	ok	|	0.10	1.00	1.00	0.10	0.00	0	|	rapi	0.09	0.10	0	|	50.0	0.10(50)	0.10(50)	|	8883	
736	2	ok	|	0.09	1.00	1.00	0.10	0.00	0	|	rapi	0.09	0.09	0	|	50.0	0.10(50)	0.09(50)	|	8883	
736	3	ok	|	0.09	1.00	1.00	0.09	0.00	0	|	rapi	0.09	0.09	0	|	50.0	0.09(50)	0.09(50)	|	8883	
736	4	ok	|	0.08	1.00	1.00	0.09	0.00	0	|	rapi	0.08	0.09	0	|	50.0	0.09(50)	0.09(50)	|	8883	
736	5	ok	|	0.08	1.00	1.00	0.09	0.00	0	|	rapi	0.08	0.09	0	|	50.0	0.09(50)	0.09(50)	|	8883	
736	6	ok	|	0.08	1.00	1.00	0.09	0.00	0	|	rapi	0.08	0.09	0	|	50.0	0.09(50)	0.09(50)	|	8883	
736	7	ok	|	0.08	1.00	1.00	0.08	0.00	0	|	rapi	0.08	0.08	0	|	50.0	0.08(50)	0.08(50)	|	8883	
736	8	ok	|	0.10	1.00	1.00	0.10	0.00	0	|	rapi	0.10	0.10	0	|	50.0	0.10(50)	0.10(50)	|	8883	
736	9	ok	|	0.09	1.00	1.00	0.10	0.00	0	|	rapi	0.09	0.10	0	|	50.0	0.10(50)	0.10(50)	|	8883	
736	10	ok	|	0.09	1.00	1.00	0.09	0.00	0	|	rapi	0.09	0.09	0	|	50.0	0.09(50)	0.09(50)	|	8883	
736	11	ok	|	0.07	1.00	1.00	0.07	0.00	0	|	rapi	0.07	0.07	0	|	50.0	0.07(50)	0.07(50)	|	8883	
736	12	ok	|	0.07	1.00	1.00	0.07	0.00	0	|	rapi	0.07	0.07	0	|	50.0	0.07(50)	0.07(50)	|	8883	
736	13	ok	|	0.06	1.00	1.00	0.07	0.00	0	|	rapi	0.06	0.07	0	|	50.0	0.07(50)	0.07(50)	|	8883	
736	14	ok	|	0.06	1.00	1.00	0.07	0.00	0	|	rapi	0.06	0.07	0	|	50.0	0.07(50)	0.07(50)	|	8883	
736	15	ok	|	0.06	1.00	1.00	0.06	0.00	0	|	rapi	0.06	0.06	0	|	50.0	0.06(50)	0.06(50)	|	8883	
736	16	ok	|	0.06	1.00	1.00	0.06	0.00	0	|	rapi	0.06	0.06	0	|	50.0	0.06(50)	0.06(50)	|	8883	
736	17	ok	|	0.05	1.00	1.00	0.05	0.00	0	|	rapi	0.05	0.05	0	|	50.0	0.05(50)	0.05(50)	|	8883	
736	18	ok	|	0.06	1.00	1.00	0.06	0.01	0	|	rapi	0.06	0.06	0	|	50.0	0.06(50)	0.06(50)	|	8883	
736	19	ok	|	0.05	1.00	1.00	0.05	0.01	0	|	rapi	0.05	0.05	0	|	50.0	0.05(50)	0.05(50)	|	8883	
736	20	ok	|	0.05	1.00	1.00	0.05	0.01	0	|	rapi	0.05	0.05	0	|	50.0	0.05(50)	0.05(50)	|	8883	
736	21	ok	|	0.04	1.00	1.00	0.04	0.01	0	|	rapi	0.04	0.04	0	|	50.0	0.04(50)	0.04(50)	|	8883	
736	22	ok	|	0.05	1.00	1.00	0.05	0.01	0	|	rapi	0.05	0.05	0	|	50.0	0.05(50)	0.05(50)	|	8883	
736	23	ok	|	0.05	1.00	1.00	0.05	0.01	0	|	rapi	0.05	0.05	0	|	50.0	0.05(50)	0.05(50)	|	8883	
736	24	ok	|	0.05	1.00	1.00	0.05	0.01	0	|	rapi	0.05	0.05	0	|	50.0	0.05(50)	0.05(50)	|	8883	
736	25	ok	|	0.05	1.00	1.00	0.05	0.01	0	|	rapi	0.05	0.05	0	|	50.0	0.05(50)	0.05(50)	|	8883	
736	26	ok	|	0.05	1.00	1.00	0.05	0.01	0	|	rapi	0.05	0.05	0	|	50.0	0.05(50)	0.05(50)	|	8883	
736	27	ok	|	0.04	1.00	1.00	0.04	0.01	0	|	rapi	0.04	0.04	0	|	50.0	0.04(50)	0.04(50)	|	8883	
736	28	ok	|	0.05	1.00	1.00	0.06	0.01	0	|	rapi	0.05	0.06	0	|	50.0	0.06(50)	0.06(50)	|	8883	
736	29	ok	|	0.06	1.00	1.00	0.06	0.01	0	|	rapi	0.06	0.06	0	|	50.0	0.06(50)	0.06(50)	|	8883	
736	30	ok	|	0.06	1.00	1.00	0.06	0.01	0	|	rapi	0.06	0.06	0	|	50.0	0.06(50)	0.06(50)	|	8883	
736	31	ok	|	0.05	1.00	1.00	0.06	0.01	0	|	rapi	0.05	0.06	0	|	50.0	0.06(50)	0.06(50)	|	8883	
736	32	ok	|	0.05	1.00	1.00	0.05	0.01	0	|	rapi	0.05	0.05	0	|	50.0	0.05(50)	0.05(50)	|	8883	
736	33	ok	|	0.04	1.00	1.00	0.05	0.01	0	|	rapi	0.04	0.05	0	|	50.0	0.05(50)	0.05(50)	|	8883	
736	34	ok	|	0.05	1.00	1.00	0.05	0.01	0	|	rapi	0.05	0.05	0	|	50.0	0.05(50)	0.05(50)	|	8883	
736	35	ok	|	0.06	1.00	1.00	0.06	0.02	0	|	rapi	0.06	0.06	0	|	50.0	0.06(50)	0.06(50)	|	8883	
736	36	ok	|	0.07	1.00	1.00	0.07	0.02	0	|	rapi	0.07	0.07	0	|	50.0	0.07(50)	0.07(50)	|	8883	
736	37	ok	|	0.07	1.00	1.00	0.07	0.02	0	|	rapi	0.07	0.07	0	|	50.0	0.07(50)	0.07(50)	|	8883	
736	38	ok	|	0.08	1.00	1.00	0.08	0.02	0	|	rapi	0.08	0.08	0	|	50.0	0.08(50)	0.08(50)	|	8883	
736	39	ok	|	0.08	1.00	1.00	0.08	0.02	0	|	rapi	0.08	0.08	0	|	50.0	0.08(50)	0.08(50)	|	8883	
736	40	ok	|	0.09	1.00	1.00	0.09	0.02	0	|	rapi	0.09	0.09	0	|	50.0	0.09(50)	0.09(50)	|	8883	
736	41	ok	|	0.09	1.00	1.00	0.10	0.03	0	|	rapi	0.09	0.10	0	|	50.0	0.10(50)	0.10(50)	|	8883	
736	42	ok	|	0.11	1.00	1.00	0.11	0.03	0	|	rapi	0.11	0.11	0	|	50.0	0.11(50)	0.11(50)	|	8883	
736	43	ok	|	0.12	1.00	1.00	0.12	0.03	0	|	rapi	0.12	0.12	0	|	50.0	0.12(50)	0.12(50)	|	8883	
736	44	ok	|	0.12	1.00	1.00	0.12	0.03	0	|	rapi	0.12	0.12	0	|	50.0	0.12(50)	0.12(50)	|	8883	
736	45	ok	|	0.12	1.00	1.00	0.13	0.03	0	|	rapi	0.12	0.13	0	|	50.0	0.13(50)	0.13(50)	|	8883	
736	46	ok	|	0.12	1.00	1.00	0.13	0.03	0	|	rapi	0.12	0.13	0	|	50.0	0.13(50)	0.13(50)	|	8883	
736	47	ok	|	0.14	1.00	1.00	0.15	0.04	0	|	rapi	0.14	0.15	0	|	50.0	0.15(50)	0.15(50)	|	8883	
736	48	ok	|	0.14	1.00	1.00	0.16	0.04	0	|	rapi	0.14	0.16	0	|	50.0	0.16(50)	0.16(50)	|	8883	
736	49	ok	|	0.15	1.00	1.00	0.17	0.04	0	|	rapi	0.15	0.17	0	|	50.0	0.17(50)	0.17(50)	|	8883	
736	50	ok	|	0.16	1.00	1.00	0.17	0.04	0	|	rapi	0.16	0.17	0	|	50.0	0.17(50)	0.17(50)	|	8883	
736	51	ok	|	0.17	1.00	1.00	0.18	0.04	0	|	rapi	0.17	0.18	0	|	50.0	0.18(50)	0.18(50)	|	8883	
736	52	ok	|	0.14	1.00	1.00	0.16	0.04	0	|	rapi	0.14	0.16	0	|	50.0	0.16(50)	0.16(50)	|	8883	
736	53	ok	|	0.15	1.00	1.00	0.16	0.04	0	|	rapi	0.15	0.16	0	|	50.0	0.16(50)	0.16(50)	|	8883	
736	54	ok	|	0.15	1.00	1.00	0.16	0.04	0	|	rapi	0.15	0.16	0	|	50.0	0.16(50)	0.16(50)	|	8883	
736	55	ok	|	0.15	1.00	1.00	0.16	0.04	0	|	rapi	0.15	0.16	0	|	50.0	0.16(50)	0.16(50)	|	8883	
736	56	ok	|	0.16	1.00	1.00	0.17	0.04	0	|	rapi	0.16	0.17	0	|	50.0	0.17(50)	0.17(50)	|	8883	
736	57	ok	|	0.15	1.00	1.00	0.16	0.04	0	|	rapi	0.15	0.16	0	|	50.0	0.16(50)	0.16(50)	|	8883	
736	58	ok	|	0.14	1.00	1.00	0.15	0.04	0	|	rapi	0.14	0.15	0	|	50.0	0.15(50)	0.15(50)	|	8883	
736	59	ok	|	0.14	1.00	1.00	0.15	0.04	0	|	rapi	0.14	0.15	0	|	50.0	0.15(50)	0.15(50)	|	8883	
736	60	ok	|	0.14	1.00	1.00	0.15	0.04	0	|	rapi	0.14	0.15	0	|	50.0	0.15(50)	0.15(50)	|	8883	
736	61	ok	|	0.14	1.00	1.00	0.15	0.04	0	|	rapi	0.14	0.15	0	|	50.0	0.15(50)	0.15(50)	|	8883	
736	62	ok	|	0.14	1.00	1.00	0.15	0.04	0	|	rapi	0.14	0.15	0	|	50.0	0.15(50)	0.15(50)	|	8883	
736	63	ok	|	0.15	1.00	1.00	0.16	0.04	0	|	rapi	0.15	0.16	0	|	50.0	0.16(50)	0.16(50)	|	8883	
736	64	ok	|	0.16	1.00	1.00	0.17	0.04	0	|	rapi	0.16	0.17	0	|	50.0	0.17(50)	0.17(50)	|	8883	
736	65	ok	|	0.16	1.00	1.00	0.16	0.04	0	|	rapi	0.16	0.16	0	|	50.0	0.16(50)	0.16(50)	|	8883	
736	66	ok	|	0.16	1.00	1.00	0.17	0.04	0	|	rapi	0.16	0.17	0	|	50.0	0.17(50)	0.17(50)	|	8883	
736	67	ok	|	0.16	1.00	1.00	0.17	0.04	0	|	rapi	0.16	0.17	0	|	50.0	0.17(50)	0.17(50)	|	8883	
736	68	ok	|	0.15	1.00	1.00	0.15	0.04	0	|	rapi	0.15	0.15	0	|	50.0	0.15(50)	0.15(50)	|	8883	
736	69	ok	|	0.13	1.00	1.00	0.14	0.03	0	|	rapi	0.13	0.14	0	|	50.0	0.14(50)	0.14(50)	|	8883	
736	70	ok	|	0.14	1.00	1.00	0.15	0.04	0	|	rapi	0.14	0.15	0	|	50.0	0.15(50)	0.15(50)	|	8883	
736	71	ok	|	0.15	1.00	1.00	0.15	0.04	0	|	rapi	0.15	0.15	0	|	50.0	0.15(50)	0.15(50)	|	8883	
736	72	ok	|	0.13	1.00	1.00	0.14	0.04	0	|	rapi	0.13	0.14	0	|	50.0	0.14(50)	0.14(50)	|	8883	
736	73	ok	|	0.12	1.00	1.00	0.12	0.03	0	|	rapi	0.12	0.12	0	|	50.0	0.12(50)	0.12(50)	|	8883	
736	74	ok	|	0.14	1.00	1.00	0.14	0.03	0	|	rapi	0.14	0.14	0	|	50.0	0.14(50)	0.14(50)	|	8883	
736	75	ok	|	0.14	1.00	1.00	0.15	0.04	0	|	rapi	0.14	0.15	0	|	50.0	0.15(50)	0.15(50)	|	8883	
736	76	ok	|	0.15	1.00	1.00	0.15	0.04	0	|	rapi	0.15	0.15	0	|	50.0	0.15(50)	0.15(50)	|	8883	
736	77	ok	|	0.16	1.00	1.00	0.17	0.04	0	|	rapi	0.16	0.17	0	|	50.0	0.17(50)	0.17(50)	|	8883	
736	78	ok	|	0.14	1.00	1.00	0.15	0.04	0	|	rapi	0.14	0.15	0	|	50.0	0.15(50)	0.15(50)	|	8883	
736	79	ok	|	0.15	1.00	1.00	0.15	0.04	0	|	rapi	0.15	0.15	0	|	50.0	0.15(50)	0.15(50)	|	8883	
736	80	ok	|	0.14	1.00	1.00	0.15	0.04	0	|	rapi	0.14	0.15	0	|	50.0	0.15(50)	0.15(50)	|	8883	
736	81	ok	|	0.14	1.00	1.00	0.15	0.04	0	|	rapi	0.14	0.15	0	|	50.0	0.15(50)	0.15(50)	|	8883	
736	82	ok	|	0.14	1.00	1.00	0.15	0.04	0	|	rapi	0.14	0.15	0	|	50.0	0.15(50)	0.15(50)	|	8883	
736	83	ok	|	0.16	1.00	1.00	0.16	0.04	0	|	rapi	0.16	0.16	0	|	50.0	0.16(50)	0.16(50)	|	8883	
736	84	ok	|	0.16	1.00	1.00	0.16	0.04	0	|	rapi	0.16	0.16	0	|	50.0	0.16(50)	0.16(50)	|	8883	
736	85	ok	|	0.14	1.00	1.00	0.14	0.03	0	|	rapi	0.14	0.14	0	|	50.0	0.14(50)	0.14(50)	|	8883	
736	86	ok	|	0.15	1.00	1.00	0.15	0.04	0	|	rapi	0.15	0.15	0	|	50.0	0.15(50)	0.15(50)	|	8883	
736	87	ok	|	0.14	1.00	1.00	0.15	0.04	0	|	rapi	0.14	0.15	0	|	50.0	0.15(50)	0.15(50)	|	8883	
736	88	ok	|	0.17	1.00	1.00	0.17	0.04	0	|	rapi	0.17	0.17	0	|	50.0	0.17(50)	0.17(50)	|	8883	
736	89	ok	|	0.15	1.00	1.00	0.16	0.04	0	|	rapi	0.15	0.16	0	|	50.0	0.16(50)	0.16(50)	|	8883	
736	90	ok	|	0.15	1.00	1.00	0.16	0.04	0	|	rapi	0.15	0.16	0	|	50.0	0.16(50)	0.16(50)	|	8883	
736	91	ok	|	0.14	1.00	1.00	0.15	0.04	0	|	rapi	0.14	0.15	0	|	50.0	0.15(50)	0.15(50)	|	8883	
736	92	ok	|	0.13	1.00	1.00	0.14	0.03	0	|	rapi	0.13	0.14	0	|	50.0	0.14(50)	0.14(50)	|	8883	
736	93	ok	|	0.13	1.00	1.00	0.14	0.03	0	|	rapi	0.13	0.14	0	|	50.0	0.14(50)	0.14(50)	|	8883	
736	94	ok	|	0.13	1.00	1.00	0.13	0.03	0	|	rapi	0.13	0.13	0	|	50.0	0.13(50)	0.13(50)	|	8883	
736	95	ok	|	0.12	1.00	1.00	0.12	0.03	0	|	rapi	0.12	0.12	0	|	50.0	0.12(50)	0.12(50)	|	8883	
736	96	ok	|	0.11	1.00	1.00	0.11	0.03	0	|	rapi	0.11	0.11	0	|	50.0	0.11(50)	0.11(50)	|	8883	
736	97	ok	|	0.11	1.00	1.00	0.12	0.03	0	|	rapi	0.11	0.12	0	|	50.0	0.12(50)	0.12(50)	|	8883	
736	98	ok	|	0.11	1.00	1.00	0.11	0.03	0	|	rapi	0.11	0.11	0	|	50.0	0.11(50)	0.11(50)	|	8883	
736	99	ok	|	0.09	1.00	1.00	0.09	0.02	0	|	rapi	0.09	0.09	0	|	50.0	0.09(50)	0.09(50)	|	8883	
736	100	ok	|	0.08	1.00	1.00	0.08	0.02	0	|	rapi	0.08	0.08	0	|	50.0	0.08(50)	0.08(50)	|	8883	
736	101	ok	|	0.06	1.00	1.00	0.07	0.02	0	|	rapi	0.06	0.07	0	|	50.0	0.07(50)	0.07(50)	|	8883	
736	102	ok	|	0.06	1.00	1.00	0.06	0.02	0	|	rapi	0.06	0.06	0	|	50.0	0.06(50)	0.06(50)	|	8883	
736	103	ok	|	0.07	1.00	1.00	0.07	0.02	0	|	rapi	0.07	0.07	0	|	50.0	0.07(50)	0.07(50)	|	8883	
736	104	ok	|	0.06	1.00	1.00	0.06	0.02	0	|	rapi	0.06	0.06	0	|	50.0	0.06(50)	0.06(50)	|	8883	
736	105	ok	|	0.07	1.00	1.00	0.07	0.02	0	|	rapi	0.07	0.07	0	|	50.0	0.07(50)	0.07(50)	|	8883	
736	106	ok	|	0.06	1.00	1.00	0.06	0.02	0	|	rapi	0.06	0.06	0	|	50.0	0.06(50)	0.06(50)	|	8883	
736	107	ok	|	0.07	1.00	1.00	0.08	0.02	0	|	rapi	0.07	0.08	0	|	50.0	0.08(50)	0.08(50)	|	8883	
736	108	ok	|	0.07	1.00	1.00	0.07	0.02	0	|	rapi	0.07	0.07	0	|	50.0	0.07(50)	0.07(50)	|	8883	
736	109	ok	|	0.06	1.00	1.00	0.06	0.02	0	|	rapi	0.06	0.06	0	|	50.0	0.06(50)	0.06(50)	|	8883	
736	110	ok	|	0.07	1.00	1.00	0.07	0.02	0	|	rapi	0.07	0.07	0	|	50.0	0.07(50)	0.07(50)	|	8883	
736	111	ok	|	0.07	1.00	1.00	0.08	0.02	0	|	rapi	0.07	0.08	0	|	50.0	0.08(50)	0.08(50)	|	8883	
736	112	ok	|	0.08	1.00	1.00	0.08	0.02	0	|	rapi	0.08	0.08	0	|	50.0	0.08(50)	0.08(50)	|	8883	
736	113	ok	|	0.08	1.00	1.00	0.08	0.02	0	|	rapi	0.08	0.08	0	|	50.0	0.08(50)	0.08(50)	|	8883	
736	114	ok	|	0.08	1.00	1.00	0.08	0.02	0	|	rapi	0.08	0.08	0	|	50.0	0.08(50)	0.08(50)	|	8883	
736	115	ok	|	0.08	1.00	1.00	0.08	0.02	0	|	rapi	0.08	0.08	0	|	50.0	0.08(50)	0.08(50)	|	8883	
736	116	ok	|	0.08	1.00	1.00	0.08	0.02	0	|	rapi	0.08	0.08	0	|	50.0	0.08(50)	0.08(50)	|	8883	
736	117	ok	|	0.08	1.00	1.00	0.08	0.02	0	|	rapi	0.08	0.08	0	|	50.0	0.08(50)	0.08(50)	|	8883	
736	118	ok	|	0.09	1.00	1.00	0.09	0.02	0	|	rapi	0.09	0.09	0	|	50.0	0.09(50)	0.09(50)	|	8883	
736	119	ok	|	0.08	1.00	1.00	0.08	0.02	0	|	rapi	0.08	0.08	0	|	50.0	0.08(50)	0.08(50)	|	8883	
736	120	ok	|	0.08	1.00	1.00	0.08	0.02	0	|	rapi	0.08	0.08	0	|	50.0	0.08(50)	0.08(50)	|	8883	
736	121	ok	|	0.07	1.00	1.00	0.07	0.02	0	|	rapi	0.07	0.07	0	|	50.0	0.07(50)	0.07(50)	|	8883	
736	122	ok	|	0.07	1.00	1.00	0.07	0.02	0	|	rapi	0.07	0.07	0	|	50.0	0.07(50)	0.07(50)	|	8883	
736	123	ok	|	0.07	1.00	1.00	0.07	0.02	0	|	rapi	0.07	0.07	0	|	50.0	0.07(50)	0.07(50)	|	8883	
736	124	ok	|	0.07	1.00	1.00	0.07	0.02	0	|	rapi	0.07	0.07	0	|	50.0	0.07(50)	0.07(50)	|	8883	
736	125	ok	|	0.07	1.00	1.00	0.08	0.02	0	|	rapi	0.07	0.08	0	|	50.0	0.08(50)	0.08(50)	|	8883	
736	126	ok	|	0.07	1.00	1.00	0.08	0.02	0	|	rapi	0.07	0.08	0	|	50.0	0.08(50)	0.08(50)	|	8883	
736	127	ok	|	0.08	1.00	1.00	0.08	0.02	0	|	rapi	0.08	0.08	0	|	50.0	0.08(50)	0.08(50)	|	8883	
736	128	ok	|	0.10	1.00	1.00	0.10	0.02	0	|	rapi	0.10	0.10	0	|	50.0	0.10(50)	0.10(50)	|	8883	
736	129	ok	|	0.09	1.00	1.00	0.09	0.02	0	|	rapi	0.09	0.09	0	|	50.0	0.09(50)	0.09(50)	|	8883	
736	130	ok	|	0.10	1.00	1.00	0.10	0.02	0	|	rapi	0.10	0.10	0	|	50.0	0.10(50)	0.10(50)	|	8883	
736	131	ok	|	0.09	1.00	1.00	0.09	0.02	0	|	rapi	0.09	0.09	0	|	50.0	0.09(50)	0.09(50)	|	8883	
736	132	ok	|	0.09	1.00	1.00	0.09	0.02	0	|	rapi	0.09	0.09	0	|	50.0	0.09(50)	0.09(50)	|	8883	
736	133	ok	|	0.09	1.00	1.00	0.09	0.02	0	|	rapi	0.09	0.09	0	|	50.0	0.09(50)	0.09(50)	|	8883	
736	134	ok	|	0.07	1.00	1.00	0.07	0.02	0	|	rapi	0.07	0.07	0	|	50.0	0.07(50)	0.07(50)	|	8883	
736	135	ok	|	0.07	1.00	1.00	0.08	0.02	0	|	rapi	0.07	0.08	0	|	50.0	0.08(50)	0.08(50)	|	8883	
736	136	ok	|	0.08	1.00	1.00	0.08	0.02	0	|	rapi	0.08	0.08	0	|	50.0	0.08(50)	0.08(50)	|	8883	
736	137	ok	|	0.08	1.00	1.00	0.08	0.02	0	|	rapi	0.08	0.08	0	|	50.0	0.08(50)	0.08(50)	|	8883	
736	138	ok	|	0.08	1.00	1.00	0.08	0.02	0	|	rapi	0.08	0.08	0	|	50.0	0.08(50)	0.08(50)	|	8883	
736	139	ok	|	0.07	1.00	1.00	0.07	0.04	0	|	rapi	0.07	0.07	0	|	50.0	0.07(50)	0.07(50)	|	8883	
736	140	ok	|	0.07	1.00	1.00	0.07	0.04	0	|	rapi	0.07	0.07	0	|	50.0	0.07(50)	0.07(50)	|	8883	
736	141	ok	|	0.07	1.00	1.00	0.07	0.03	0	|	rapi	0.07	0.07	0	|	50.0	0.07(50)	0.07(50)	|	8883	
736	142	ok	|	0.07	1.00	1.00	0.07	0.04	0	|	rapi	0.07	0.07	0	|	50.0	0.07(50)	0.07(50)	|	8883	
736	143	ok	|	0.06	1.00	1.00	0.06	0.03	0	|	rapi	0.06	0.06	0	|	50.0	0.06(50)	0.06(50)	|	8883	
736	144	ok	|	0.09	1.00	1.00	0.09	0.04	0	|	rapi	0.09	0.09	0	|	50.0	0.09(50)	0.09(50)	|	8883	
736	145	ok	|	0.08	1.00	1.00	0.08	0.04	0	|	rapi	0.08	0.08	0	|	50.0	0.08(50)	0.08(50)	|	8883	
736	146	ok	|	0.09	1.00	1.00	0.09	0.04	0	|	rapi	0.09	0.09	0	|	50.0	0.09(50)	0.09(50)	|	8883	
736	147	ok	|	0.08	1.00	1.00	0.08	0.04	0	|	rapi	0.08	0.08	0	|	50.0	0.08(50)	0.08(50)	|	8883	
736	148	ok	|	0.06	1.00	1.00	0.06	0.03	0	|	rapi	0.06	0.06	0	|	50.0	0.06(50)	0.06(50)	|	8883	
736	149	ok	|	0.06	1.00	1.00	0.06	0.03	0	|	rapi	0.06	0.06	0	|	50.0	0.06(50)	0.06(50)	|	8883	
736	150	ok	|	0.06	1.00	1.00	0.06	0.03	0	|	rapi	0.06	0.06	0	|	50.0	0.06(50)	0.06(50)	|	8883	
736	151	ok	|	0.06	1.00	1.00	0.06	0.03	0	|	rapi	0.06	0.06	0	|	50.0	0.06(50)	0.06(50)	|	8883	
736	152	ok	|	0.08	1.00	1.00	0.08	0.04	0	|	rapi	0.08	0.08	0	|	50.0	0.08(50)	0.08(50)	|	8883	
736	153	ok	|	0.09	1.00	1.00	0.09	0.05	0	|	rapi	0.09	0.09	0	|	50.0	0.09(50)	0.09(50)	|	8883	
736	154	ok	|	0.11	1.00	1.00	0.11	0.05	0	|	rapi	0.11	0.11	0	|	50.0	0.11(50)	0.11(50)	|	8883	
736	155	ok	|	0.10	1.00	1.00	0.10	0.05	0	|	rapi	0.10	0.10	0	|	50.0	0.10(50)	0.10(50)	|	8883	
736	156	ok	|	0.10	1.00	1.00	0.10	0.05	0	|	rapi	0.10	0.10	0	|	50.0	0.10(50)	0.10(50)	|	8883	
736	157	ok	|	0.10	1.00	1.00	0.10	0.05	0	|	rapi	0.10	0.10	0	|	50.0	0.10(50)	0.10(50)	|	8883	
736	158	ok	|	0.10	1.00	1.00	0.11	0.06	0	|	rapi	0.10	0.11	0	|	50.0	0.11(50)	0.11(50)	|	8883	
736	159	ok	|	0.09	1.00	1.00	0.09	0.05	0	|	rapi	0.09	0.09	0	|	50.0	0.09(50)	0.09(50)	|	8883	
736	160	ok	|	0.08	1.00	1.00	0.08	0.04	0	|	rapi	0.08	0.08	0	|	50.0	0.08(50)	0.08(50)	|	8883	
736	161	ok	|	0.09	1.00	1.00	0.10	0.05	0	|	rapi	0.09	0.10	0	|	50.0	0.10(50)	0.10(50)	|	8883	
736	162	ok	|	0.09	1.00	1.00	0.10	0.05	0	|	rapi	0.09	0.10	0	|	50.0	0.10(50)	0.10(50)	|	8883	
736	163	ok	|	0.09	1.00	1.00	0.09	0.05	0	|	rapi	0.09	0.09	0	|	50.0	0.09(50)	0.09(50)	|	8883	
736	164	ok	|	0.09	1.00	1.00	0.10	0.05	0	|	rapi	0.09	0.10	0	|	50.0	0.10(50)	0.10(50)	|	8883	
736	165	ok	|	0.10	1.00	1.00	0.10	0.05	0	|	rapi	0.10	0.10	0	|	50.0	0.10(50)	0.10(50)	|	8883	
736	166	ok	|	0.11	1.00	1.00	0.12	0.06	0	|	rapi	0.11	0.12	0	|	50.0	0.12(50)	0.12(50)	|	8883	
736	167	ok	|	0.11	1.00	1.00	0.11	0.06	0	|	rapi	0.11	0.11	0	|	50.0	0.11(50)	0.11(50)	|	8883	
736	168	ok	|	0.10	1.00	1.00	0.10	0.05	0	|	rapi	0.10	0.10	0	|	50.0	0.10(50)	0.10(50)	|	8883	
736	169	ok	|	0.10	1.00	1.00	0.11	0.05	0	|	rapi	0.10	0.11	0	|	50.0	0.11(50)	0.11(50)	|	8883	
736	170	ok	|	0.11	1.00	1.00	0.11	0.05	0	|	rapi	0.11	0.11	0	|	50.0	0.11(50)	0.11(50)	|	8883	
736	171	ok	|	0.10	1.00	1.00	0.10	0.05	0	|	rapi	0.10	0.10	0	|	50.0	0.10(50)	0.10(50)	|	8883	
736	172	ok	|	0.09	1.00	1.00	0.09	0.04	0	|	rapi	0.09	0.09	0	|	50.0	0.09(50)	0.09(50)	|	8883	
736	173	ok	|	0.09	1.00	1.00	0.09	0.04	0	|	rapi	0.09	0.09	0	|	50.0	0.09(50)	0.09(50)	|	8883	
736	174	ok	|	0.10	1.00	1.00	0.10	0.05	0	|	rapi	0.10	0.10	0	|	50.0	0.10(50)	0.10(50)	|	8883	
736	175	ok	|	0.10	1.00	1.00	0.10	0.05	0	|	rapi	0.10	0.10	0	|	50.0	0.10(50)	0.10(50)	|	8883	
736	176	ok	|	0.11	1.00	1.00	0.11	0.06	0	|	rapi	0.11	0.11	0	|	50.0	0.11(50)	0.11(50)	|	8883	
736	177	ok	|	0.09	1.00	1.00	0.09	0.05	0	|	rapi	0.09	0.09	0	|	50.0	0.09(50)	0.09(50)	|	8883	
736	178	ok	|	0.12	1.00	1.00	0.12	0.06	0	|	rapi	0.12	0.12	0	|	50.0	0.12(50)	0.12(50)	|	8883	
736	179	ok	|	0.11	1.00	1.00	0.12	0.06	0	|	rapi	0.11	0.12	0	|	50.0	0.12(50)	0.12(50)	|	8883	
736	180	ok	|	0.09	1.00	1.00	0.09	0.05	0	|	rapi	0.09	0.09	0	|	50.0	0.09(50)	0.09(50)	|	8883	
736	181	ok	|	0.09	1.00	1.00	0.09	0.05	0	|	rapi	0.09	0.09	0	|	50.0	0.09(50)	0.09(50)	|	8883	
736	182	ok	|	0.08	1.00	1.00	0.08	0.04	0	|	rapi	0.08	0.08	0	|	50.0	0.08(50)	0.08(50)	|	8883	
736	183	ok	|	0.09	1.00	1.00	0.09	0.04	0	|	rapi	0.09	0.09	0	|	50.0	0.09(50)	0.09(50)	|	8883	
736	184	ok	|	0.08	1.00	1.00	0.08	0.04	0	|	rapi	0.08	0.08	0	|	50.0	0.08(50)	0.08(50)	|	8883	
736	185	ok	|	0.09	1.00	1.00	0.09	0.04	0	|	rapi	0.09	0.09	0	|	50.0	0.09(50)	0.09(50)	|	8883	
736	186	ok	|	0.10	1.00	1.00	0.10	0.05	0	|	rapi	0.10	0.10	0	|	50.0	0.10(50)	0.10(50)	|	8883	
736	187	ok	|	0.10	1.00	1.00	0.10	0.05	0	|	rapi	0.10	0.10	0	|	50.0	0.10(50)	0.10(50)	|	8883	
736	188	ok	|	0.09	1.00	1.00	0.10	0.05	0	|	rapi	0.09	0.10	0	|	50.0	0.10(50)	0.10(50)	|	8883	
736	189	ok	|	0.10	1.00	1.00	0.11	0.05	0	|	rapi	0.10	0.11	0	|	50.0	0.11(50)	0.11(50)	|	8883	
736	190	ok	|	0.11	1.00	1.00	0.11	0.05	0	|	rapi	0.11	0.11	0	|	50.0	0.11(50)	0.11(50)	|	8883	
736	191	ok	|	0.12	1.00	1.00	0.13	0.06	0	|	rapi	0.12	0.13	0	|	50.0	0.13(50)	0.13(50)	|	8883	
736	192	ok	|	0.13	1.00	1.00	0.14	0.07	0	|	rapi	0.13	0.14	0	|	50.0	0.14(50)	0.14(50)	|	8883	
736	193	ok	|	0.11	1.00	1.00	0.11	0.06	0	|	rapi	0.11	0.11	0	|	50.0	0.11(50)	0.11(50)	|	8883	
736	194	ok	|	0.11	1.00	1.00	0.11	0.06	0	|	rapi	0.11	0.11	0	|	50.0	0.11(50)	0.11(50)	|	8883	
736	195	ok	|	0.11	1.00	1.00	0.11	0.05	0	|	rapi	0.11	0.11	0	|	50.0	0.11(50)	0.11(50)	|	8883	
736	196	ok	|	0.09	1.00	1.00	0.10	0.05	0	|	rapi	0.09	0.10	0	|	50.0	0.10(50)	0.10(50)	|	8883	
736	197	ok	|	0.10	1.00	1.00	0.10	0.05	0	|	rapi	0.10	0.10	0	|	50.0	0.10(50)	0.10(50)	|	8883	
736	198	ok	|	0.08	1.00	1.00	0.09	0.04	0	|	rapi	0.08	0.09	0	|	50.0	0.09(50)	0.09(50)	|	8883	
736	199	ok	|	0.07	1.00	1.00	0.07	0.04	0	|	rapi	0.07	0.07	0	|	50.0	0.07(50)	0.07(50)	|	8883	
736	200	ok	|	0.07	1.00	1.00	0.07	0.04	0	|	rapi	0.07	0.07	0	|	50.0	0.07(50)	0.07(50)	|	8883	
736	201	ok	|	0.07	1.00	1.00	0.07	0.03	0	|	rapi	0.07	0.07	0	|	50.0	0.07(50)	0.07(50)	|	8883	
736	202	ok	|	0.07	1.00	1.00	0.07	0.03	0	|	rapi	0.07	0.07	0	|	50.0	0.07(50)	0.07(50)	|	8883	
736	203	ok	|	0.05	1.00	1.00	0.05	0.03	0	|	rapi	0.05	0.05	0	|	50.0	0.05(50)	0.05(50)	|	8883	
736	204	ok	|	0.04	1.00	1.00	0.04	0.02	0	|	rapi	0.04	0.04	0	|	50.0	0.04(50)	0.04(50)	|	8883	
736	205	ok	|	0.05	1.00	1.00	0.05	0.03	0	|	rapi	0.05	0.05	0	|	50.0	0.05(50)	0.05(50)	|	8883	
736	206	ok	|	0.04	1.00	1.00	0.05	0.02	0	|	rapi	0.04	0.05	0	|	50.0	0.05(50)	0.05(50)	|	8883	
736	207	ok	|	0.04	1.00	1.00	0.04	0.02	0	|	rapi	0.04	0.04	0	|	50.0	0.04(50)	0.04(50)	|	8883	
736	208	ok	|	0.05	1.00	1.00	0.05	0.03	0	|	rapi	0.05	0.05	0	|	50.0	0.05(50)	0.05(50)	|	8883	
736	209	ok	|	0.06	1.00	1.00	0.06	0.03	0	|	rapi	0.06	0.06	0	|	50.0	0.06(50)	0.06(50)	|	8883	
736	210	ok	|	0.05	1.00	1.00	0.05	0.02	0	|	rapi	0.05	0.05	0	|	50.0	0.05(50)	0.05(50)	|	8883	
736	211	ok	|	0.04	1.00	1.00	0.05	0.02	0	|	rapi	0.04	0.05	0	|	50.0	0.05(50)	0.05(50)	|	8883	
736	212	ok	|	0.04	1.00	1.00	0.04	0.02	0	|	rapi	0.04	0.04	0	|	50.0	0.04(50)	0.04(50)	|	8883	
736	213	ok	|	0.05	1.00	1.00	0.05	0.02	0	|	rapi	0.05	0.05	0	|	50.0	0.05(50)	0.05(50)	|	8883	
736	214	ok	|	0.04	1.00	1.00	0.04	0.02	0	|	rapi	0.04	0.04	0	|	50.0	0.04(50)	0.04(50)	|	8883	
736	215	ok	|	0.04	1.00	1.00	0.04	0.02	0	|	rapi	0.04	0.04	0	|	50.0	0.04(50)	0.04(50)	|	8883	
736	216	ok	|	0.03	1.00	1.00	0.03	0.01	0	|	rapi	0.03	0.03	0	|	50.0	0.03(50)	0.03(50)	|	8883	
736	217	ok	|	0.03	1.00	1.00	0.03	0.01	0	|	rapi	0.03	0.03	0	|	50.0	0.03(50)	0.03(50)	|	8883	
736	218	ok	|	0.03	1.00	1.00	0.03	0.01	0	|	rapi	0.03	0.03	0	|	50.0	0.03(50)	0.03(50)	|	8883	
736	219	ok	|	0.02	1.00	1.00	0.02	0.01	0	|	rapi	0.02	0.02	0	|	50.0	0.02(50)	0.02(50)	|	8883	
736	220	ok	|	0.03	1.00	1.00	0.03	0.01	0	|	rapi	0.03	0.03	0	|	50.0	0.03(50)	0.03(50)	|	8883	
736	221	ok	|	0.02	1.00	1.00	0.02	0.01	0	|	rapi	0.02	0.02	0	|	50.0	0.02(50)	0.02(50)	|	8883	
736	222	ok	|	0.03	1.00	1.00	0.03	0.01	0	|	rapi	0.03	0.03	0	|	50.0	0.03(50)	0.03(50)	|	8883	
736	223	ok	|	0.03	1.00	1.00	0.03	0.01	0	|	rapi	0.03	0.03	0	|	50.0	0.03(50)	0.03(50)	|	8883	
736	224	ok	|	0.03	1.00	1.00	0.03	0.01	0	|	rapi	0.03	0.03	0	|	50.0	0.03(50)	0.03(50)	|	8883	
736	225	ok	|	0.02	1.00	1.00	0.02	0.01	0	|	rapi	0.02	0.02	0	|	50.0	0.02(50)	0.02(50)	|	8883	
736	226	ok	|	0.02	1.00	1.00	0.02	0.01	0	|	rapi	0.02	0.02	0	|	50.0	0.02(50)	0.02(50)	|	8883	
736	227	ok	|	0.02	1.00	1.00	0.02	0.01	0	|	rapi	0.02	0.02	0	|	50.0	0.02(50)	0.02(50)	|	8883	
736	228	ok	|	0.02	1.00	1.00	0.02	0.01	0	|	rapi	0.02	0.02	0	|	50.0	0.02(50)	0.02(50)	|	8883	
736	229	ok	|	0.02	1.00	1.00	0.03	0.01	0	|	rapi	0.02	0.03	0	|	50.0	0.03(50)	0.03(50)	|	8883	
736	230	ok	|	0.03	1.00	1.00	0.03	0.02	0	|	rapi	0.03	0.03	0	|	50.0	0.03(50)	0.03(50)	|	8883	
736	231	ok	|	0.04	1.00	1.00	0.04	0.02	0	|	rapi	0.04	0.04	0	|	50.0	0.04(50)	0.04(50)	|	8883	
736	232	ok	|	0.03	1.00	1.00	0.03	0.02	0	|	rapi	0.03	0.03	0	|	50.0	0.03(50)	0.03(50)	|	8883	
736	233	ok	|	0.03	1.00	1.00	0.03	0.01	0	|	rapi	0.03	0.03	0	|	50.0	0.03(50)	0.03(50)	|	8883	
736	234	ok	|	0.03	1.00	1.00	0.03	0.02	0	|	rapi	0.03	0.03	0	|	50.0	0.03(50)	0.03(50)	|	8883	
736	235	ok	|	0.04	1.00	1.00	0.04	0.02	0	|	rapi	0.04	0.04	0	|	50.0	0.04(50)	0.04(50)	|	8883	
736	236	ok	|	0.04	1.00	1.00	0.04	0.02	0	|	rapi	0.04	0.04	0	|	50.0	0.04(50)	0.04(50)	|	8883	
736	237	ok	|	0.04	1.00	1.00	0.04	0.02	0	|	rapi	0.04	0.04	0	|	50.0	0.04(50)	0.04(50)	|	8883	
736	238	ok	|	0.03	1.00	1.00	0.03	0.02	0	|	rapi	0.03	0.03	0	|	50.0	0.03(50)	0.03(50)	|	8883	
736	239	ok	|	0.04	1.00	1.00	0.04	0.02	0	|	rapi	0.04	0.04	0	|	50.0	0.04(50)	0.04(50)	|	8883	
736	240	ok	|	0.05	1.00	1.00	0.05	0.03	0	|	rapi	0.05	0.05	0	|	50.0	0.05(50)	0.05(50)	|	8883	
736	241	ok	|	0.05	1.00	1.00	0.05	0.02	0	|	rapi	0.05	0.05	0	|	50.0	0.05(50)	0.05(50)	|	8883	
736	242	ok	|	0.04	1.00	1.00	0.04	0.02	0	|	rapi	0.04	0.04	0	|	50.0	0.04(50)	0.04(50)	|	8883	
736	243	ok	|	0.04	1.00	1.00	0.04	0.02	0	|	rapi	0.04	0.04	0	|	50.0	0.04(50)	0.04(50)	|	8883	
736	244	ok	|	0.03	1.00	1.00	0.03	0.02	0	|	rapi	0.03	0.03	0	|	50.0	0.03(50)	0.03(50)	|	8883	
736	245	ok	|	0.03	1.00	1.00	0.03	0.01	0	|	rapi	0.03	0.03	0	|	50.0	0.03(50)	0.03(50)	|	8883	
736	246	ok	|	0.03	1.00	1.00	0.03	0.01	0	|	rapi	0.03	0.03	0	|	50.0	0.03(50)	0.03(50)	|	8883	
736	247	ok	|	0.03	1.00	1.00	0.03	0.01	0	|	rapi	0.03	0.03	0	|	50.0	0.03(50)	0.03(50)	|	8883	
736	248	ok	|	0.02	1.00	1.00	0.02	0.01	0	|	rapi	0.02	0.02	0	|	50.0	0.02(50)	0.02(50)	|	8883	
736	249	ok	|	0.01	1.00	1.00	0.01	0.01	0	|	rapi	0.01	0.01	0	|	50.0	0.01(50)	0.01(50)	|	8883	
736	250	ok	|	0.01	1.00	1.00	0.01	0.01	0	|	rapi	0.01	0.01	0	|	50.0	0.01(50)	0.01(50)	|	8883	
736	251	ok	|	0.01	1.00	1.00	0.01	0.01	0	|	rapi	0.01	0.01	0	|	50.0	0.01(50)	0.01(50)	|	8883	
736	252	ok	|	0.01	1.00	1.00	0.01	0.01	0	|	rapi	0.01	0.01	0	|	50.0	0.01(50)	0.01(50)	|	8883	
736	253	ok	|	0.01	1.00	1.00	0.01	0.00	0	|	rapi	0.01	0.01	0	|	50.0	0.01(50)	0.01(50)	|	8883	
736	254	ok	|	0.01	1.00	1.00	0.01	0.00	0	|	rapi	0.01	0.01	0	|	50.0	0.01(50)	0.01(50)	|	8883	
736	255	ok	|	0.01	1.00	1.00	0.01	0.00	0	|	rapi	0.01	0.01	0	|	50.0	0.01(50)	0.01(50)	|	8883	
736	256	ok	|	0.01	1.00	1.00	0.01	0.00	0	|	rapi	0.01	0.01	0	|	50.0	0.01(50)	0.01(50)	|	8883	
736	257	ok	|	0.01	1.00	1.00	0.01	0.00	0	|	rapi	0.01	0.01	0	|	50.0	0.01(50)	0.01(50)	|	8883	
736	258	ok	|	0.00	1.00	1.00	0.00	0.00	0	|	rapi	0.00	0.00	0	|	50.0	0.00(50)	0.00(50)	|	8883	
736	259	ok	|	0.00	1.00	1.00	0.00	0.00	0	|	rapi	0.00	0.00	0	|	50.0	0.00(50)	0.00(50)	|	8883	
736	260	ok	|	0.01	1.00	1.00	0.01	0.00	0	|	rapi	0.01	0.01	0	|	50.0	0.01(50)	0.01(50)	|	8883	
736	261	ok	|	0.01	1.00	1.00	0.01	0.01	0	|	rapi	0.01	0.01	0	|	50.0	0.01(50)	0.01(50)	|	8883	
736	262	ok	|	0.01	1.00	1.00	0.01	0.01	0	|	rapi	0.01	0.01	0	|	50.0	0.01(50)	0.01(50)	|	8883	
736	263	ok	|	0.01	1.00	1.00	0.01	0.01	0	|	rapi	0.01	0.01	0	|	50.0	0.01(50)	0.01(50)	|	8883	
736	264	ok	|	0.02	1.00	1.00	0.02	0.01	0	|	rapi	0.02	0.02	0	|	50.0	0.02(50)	0.02(50)	|	8883	
736	265	ok	|	0.02	1.00	1.00	0.02	0.01	0	|	rapi	0.02	0.02	0	|	50.0	0.02(50)	0.02(50)	|	8883	
736	266	ok	|	0.02	1.00	1.00	0.02	0.01	0	|	rapi	0.02	0.02	0	|	50.0	0.02(50)	0.02(50)	|	8883	
736	267	ok	|	0.02	1.00	1.00	0.02	0.01	0	|	rapi	0.02	0.02	0	|	50.0	0.02(50)	0.02(50)	|	8883	
736	268	ok	|	0.02	1.00	1.00	0.02	0.01	0	|	rapi	0.02	0.02	0	|	50.0	0.02(50)	0.02(50)	|	8883	
736	269	ok	|	0.01	1.00	1.00	0.01	0.01	0	|	rapi	0.01	0.01	0	|	50.0	0.01(50)	0.01(50)	|	8883	
736	270	ok	|	0.01	1.00	1.00	0.01	0.01	0	|	rapi	0.01	0.01	0	|	50.0	0.01(50)	0.01(50)	|	8883	
736	271	ok	|	0.02	1.00	1.00	0.02	0.01	0	|	rapi	0.02	0.02	0	|	50.0	0.02(50)	0.02(50)	|	8883	
736	272	ok	|	0.02	1.00	1.00	0.02	0.01	0	|	rapi	0.02	0.02	0	|	50.0	0.02(50)	0.02(50)	|	8883	
736	273	ok	|	0.02	1.00	1.00	0.02	0.01	0	|	rapi	0.02	0.02	0	|	50.0	0.02(50)	0.02(50)	|	8883	
736	274	ok	|	0.02	1.00	1.00	0.02	0.01	0	|	rapi	0.02	0.02	0	|	50.0	0.02(50)	0.02(50)	|	8883	
736	275	ok	|	0.01	1.00	1.00	0.01	0.01	0	|	rapi	0.01	0.01	0	|	50.0	0.01(50)	0.01(50)	|	8883	
736	276	ok	|	0.01	1.00	1.00	0.01	0.01	0	|	rapi	0.01	0.01	0	|	50.0	0.01(50)	0.01(50)	|	8883	
736	277	ok	|	0.01	1.00	1.00	0.01	0.00	0	|	rapi	0.01	0.01	0	|	50.0	0.01(50)	0.01(50)	|	8883	
736	278	ok	|	0.01	1.00	1.00	0.01	0.00	0	|	rapi	0.01	0.01	0	|	50.0	0.01(50)	0.01(50)	|	8883	
736	279	ok	|	0.00	1.00	1.00	0.00	0.00	0	|	rapi	0.00	0.00	0	|	50.0	0.00(50)	0.00(50)	|	8883	
736	280	ok	|	0.00	1.00	1.00	0.00	0.00	0	|	rapi	0.00	0.00	0	|	50.0	0.00(50)	0.00(50)	|	8883	
736	281	ok	|	0.00	1.00	1.00	0.00	0.00	0	|	rapi	0.00	0.00	0	|	50.0	0.00(50)	0.00(50)	|	8883	
736	282	ok	|	0.00	1.00	1.00	0.00	0.00	0	|	rapi	0.00	0.00	0	|	50.0	0.00(50)	0.00(50)	|	8883	
736	283	ok	|	0.00	1.00	1.00	0.00	0.00	0	|	rapi	0.00	0.00	0	|	50.0	0.00(50)	0.00(50)	|	8883	
736	284	ok	|	0.00	1.00	1.00	0.00	0.00	0	|	rapi	0.00	0.00	0	|	50.0	0.00(50)	0.00(50)	|	8883	
736	285	fail-0	|	0.00	1.00	1.00	0.00	NaN	0	|	rapi	0.00	0.00	0	|	NaN			|	8883	
