7380	0	ok	|	0.09	1.00	1.00	0.10	0.00	0	|	rapi	0.00	0.00	0	|	-64.0	0.10(-64)		|	2	
7380	1	ok	|	0.11	1.00	1.00	0.12	0.00	0	|	rapi	0.00	0.00	0	|	-64.0	0.12(-64)		|	2	
7380	2	ok	|	0.11	1.00	1.00	0.14	0.00	0	|	rapi	0.00	0.00	0	|	-64.0	0.14(-64)		|	2	
7380	3	ok	|	0.12	1.00	1.00	0.17	0.00	0	|	rapi	0.00	0.00	0	|	-64.0	0.17(-64)		|	2	
7380	4	ok	|	0.14	1.00	1.00	0.20	0.00	0	|	rapi	0.00	0.00	0	|	-64.0	0.20(-64)		|	2	
7380	5	ok	|	0.15	1.00	1.00	0.22	0.00	0	|	rapi	0.00	0.00	0	|	-64.0	0.22(-64)		|	2	
7380	6	ok	|	0.19	1.00	1.00	0.28	0.00	0	|	rapi	0.00	0.00	0	|	-64.0	0.28(-64)		|	2	
7380	7	ok	|	0.24	1.00	1.00	0.41	0.00	0	|	rapi	0.00	0.00	0	|	-64.0	0.41(-64)		|	2	
7380	8	ok	|	0.25	1.00	1.00	0.42	0.00	0	|	rapi	0.00	0.00	0	|	-64.0	0.42(-64)		|	2	
7380	9	ok	|	0.29	1.00	1.00	0.49	0.00	0	|	rapi	0.00	0.00	0	|	-64.0	0.49(-64)		|	2	
7380	10	ok	|	0.30	0.99	0.99	0.51	0.00	0	|	rapi	0.00	0.00	0	|	-64.0	0.51(-64)		|	2	
7380	11	ok	|	0.36	0.99	0.99	0.57	0.00	0	|	rapi	0.00	0.00	0	|	-64.0	0.57(-64)		|	2	
7380	12	ok	|	0.44	0.99	0.99	0.73	0.00	0	|	rapi	0.00	0.00	0	|	-64.0	0.73(-64)		|	2	
7380	13	ok	|	0.52	0.99	0.99	0.93	0.00	0	|	rapi	0.00	0.00	0	|	-64.0	0.93(-64)		|	2	
7380	14	ok	|	0.54	0.99	0.99	1.10	0.00	0	|	rapi	0.00	0.00	0	|	-64.0	1.10(-64)		|	2	
7380	15	ok	|	0.61	0.99	0.99	1.29	0.00	0	|	rapi	0.00	0.00	0	|	-64.0	1.29(-64)		|	2	
7380	16	ok	|	0.70	0.98	0.98	1.53	0.00	0	|	rapi	0.00	0.00	0	|	-64.0	1.53(-64)		|	2	
7380	17	ok	|	0.74	0.98	0.98	1.85	0.00	0	|	rapi	0.00	0.00	0	|	-64.0	1.85(-64)		|	2	
7380	18	ok	|	0.79	0.98	0.98	2.14	0.00	0	|	rapi	0.00	0.00	0	|	-64.0	2.14(-64)		|	2	
7380	19	ok	|	0.83	0.97	0.97	2.52	0.00	0	|	rapi	0.00	0.00	0	|	-64.0	2.52(-64)		|	2	
7380	20	ok	|	0.88	0.97	0.97	3.08	0.00	0	|	rapi	0.00	0.00	0	|	-64.0	3.08(-64)		|	2	
7380	21	ok	|	0.94	0.96	0.96	3.60	0.00	0	|	rapi	0.00	0.00	0	|	-64.0	3.60(-64)		|	2	
7380	22	ok	|	0.97	0.96	0.96	4.17	0.00	0	|	rapi	0.00	0.00	0	|	-64.0	4.17(-64)		|	2	
7380	23	ok	|	0.98	0.95	0.95	4.83	0.00	0	|	rapi	0.00	0.00	0	|	-64.0	4.83(-64)		|	2	
7380	24	ok	|	0.99	0.94	0.94	5.76	0.00	0	|	rapi	0.00	0.00	0	|	-64.0	5.76(-64)		|	2	
7380	25	ok	|	1.00	0.93	0.93	6.75	0.00	0	|	rapi	0.00	0.00	0	|	-64.0	6.75(-64)		|	2	
7380	26	ok	|	1.00	0.92	0.92	7.70	0.00	0	|	rapi	0.00	0.00	0	|	-64.0	7.70(-64)		|	2	
7380	27	ok	|	1.00	0.91	0.91	9.31	0.00	0	|	rapi	0.00	0.00	0	|	-64.0	9.31(-64)		|	2	
7380	28	ok	|	1.00	0.89	0.89	10.84	0.00	0	|	rapi	0.00	0.00	0	|	-64.0	10.84(-64)		|	2	
7380	29	ok	|	1.00	0.87	0.87	12.67	0.00	0	|	rapi	0.00	0.00	0	|	-64.0	12.67(-64)		|	2	
7380	30	ok	|	1.00	0.85	0.85	14.77	0.00	0	|	rapi	0.00	0.00	0	|	-64.0	14.77(-64)		|	2	
7380	31	ok	|	1.00	0.83	0.83	17.34	0.00	0	|	rapi	0.00	0.00	0	|	-64.0	17.34(-64)		|	2	
7380	32	ok	|	1.00	0.80	0.80	20.50	0.00	0	|	rapi	0.00	0.00	0	|	-64.0	20.50(-64)		|	2	
7380	33	ok	|	1.00	0.76	0.76	24.48	0.00	0	|	rapi	0.00	0.00	0	|	-64.0	24.48(-64)		|	2	
7380	34	ok	|	1.00	0.71	0.71	28.68	0.00	0	|	rapi	0.00	0.00	0	|	-64.0	28.68(-64)		|	2	
7380	35	ok	|	1.00	0.66	0.66	33.75	0.00	0	|	rapi	0.00	0.00	0	|	-64.0	33.75(-64)		|	2	
7380	36	ok	|	1.00	0.61	0.61	39.40	0.00	0	|	rapi	0.00	0.00	0	|	-64.0	39.40(-64)		|	2	
7380	37	ok	|	1.00	0.54	0.54	46.41	0.00	0	|	rapi	0.00	0.00	0	|	-64.0	46.41(-64)	0.00(-64)	|	2	
7380	38	ok	|	1.00	0.46	0.46	54.41	0.00	0	|	rapi	0.00	0.00	0	|	-64.0	54.41(-64)		|	2	
7380	39	ok	|	1.00	0.38	0.38	62.50	0.00	0	|	rapi	0.00	0.00	0	|	-64.0	62.50(-64)		|	2	
7380	40	ok	|	1.00	0.29	0.29	71.17	0.00	0	|	rapi	0.00	0.00	0	|	-64.0	71.17(-64)		|	2	
7380	41	ok	|	1.00	0.19	0.19	81.03	0.00	0	|	rapi	0.00	0.00	0	|	-64.0	81.03(-64)	0.00(-64)	|	2	
7380	42	ok	|	1.00	0.11	0.11	89.79	0.00	0	|	rapi	0.00	0.00	0	|	-64.0	89.79(-64)	0.00(-64)	|	2	
7380	43	fail-w	|	1.00	0.06	0.06	97.71	0.00	0	|	rapi	0.00	0.00	0	|	-64.0	97.71(-64)	0.00(-64)	|	2	
