7387	0	ok	|	0.10	1.00	1.00	0.10	0.00	0	|	rapi	0.00	0.00	0	|	39.0	0.10(39)		|	1	
7387	1	ok	|	0.09	1.00	1.00	0.11	0.00	0	|	rapi	0.00	0.00	0	|	39.0	0.11(39)		|	1	
7387	2	ok	|	0.09	1.00	1.00	0.11	0.00	0	|	rapi	0.00	0.00	0	|	39.0	0.11(39)		|	1	
7387	3	ok	|	0.12	1.00	1.00	0.15	0.00	0	|	rapi	0.00	0.00	0	|	39.0	0.15(39)		|	1	
7387	4	ok	|	0.14	1.00	1.00	0.18	0.00	0	|	rapi	0.00	0.00	0	|	39.0	0.18(39)		|	1	
7387	5	ok	|	0.18	1.00	1.00	0.24	0.00	0	|	rapi	0.00	0.00	0	|	39.0	0.24(39)		|	1	
7387	6	ok	|	0.22	1.00	1.00	0.30	0.00	0	|	rapi	0.00	0.00	0	|	39.0	0.30(39)		|	1	
7387	7	ok	|	0.21	1.00	1.00	0.30	0.00	0	|	rapi	0.00	0.00	0	|	39.0	0.30(39)		|	1	
7387	8	ok	|	0.27	1.00	1.00	0.38	0.00	0	|	rapi	0.00	0.00	0	|	39.0	0.38(39)		|	1	
7387	9	ok	|	0.31	1.00	1.00	0.48	0.00	0	|	rapi	0.00	0.00	0	|	39.0	0.48(39)		|	1	
7387	10	ok	|	0.34	0.99	0.99	0.58	0.00	0	|	rapi	0.00	0.00	0	|	39.0	0.58(39)		|	1	
7387	11	ok	|	0.41	0.99	0.99	0.71	0.00	0	|	rapi	0.00	0.00	0	|	39.0	0.71(39)		|	1	
7387	12	ok	|	0.45	0.99	0.99	0.81	0.00	0	|	rapi	0.00	0.00	0	|	39.0	0.81(39)		|	1	
7387	13	ok	|	0.52	0.99	0.99	0.94	0.00	0	|	rapi	0.00	0.00	0	|	39.0	0.94(39)		|	1	
7387	14	ok	|	0.61	0.99	0.99	1.10	0.00	0	|	rapi	0.00	0.00	0	|	39.0	1.10(39)		|	1	
7387	15	ok	|	0.67	0.99	0.99	1.37	0.00	0	|	rapi	0.00	0.00	0	|	39.0	1.37(39)		|	1	
7387	16	ok	|	0.72	0.98	0.98	1.60	0.00	0	|	rapi	0.00	0.00	0	|	39.0	1.60(39)		|	1	
7387	17	ok	|	0.77	0.98	0.98	1.87	0.00	0	|	rapi	0.00	0.00	0	|	39.0	1.87(39)		|	1	
7387	18	ok	|	0.81	0.98	0.98	2.17	0.00	0	|	rapi	0.00	0.00	0	|	39.0	2.17(39)		|	1	
7387	19	ok	|	0.86	0.97	0.97	2.60	0.00	0	|	rapi	0.00	0.00	0	|	39.0	2.60(39)		|	1	
7387	20	ok	|	0.91	0.97	0.97	2.99	0.00	0	|	rapi	0.00	0.00	0	|	39.0	2.99(39)		|	1	
7387	21	ok	|	0.93	0.96	0.96	3.54	0.00	0	|	rapi	0.00	0.00	0	|	39.0	3.54(39)		|	1	
7387	22	ok	|	0.96	0.96	0.96	4.22	0.00	0	|	rapi	0.00	0.00	0	|	39.0	4.22(39)		|	1	
7387	23	ok	|	0.97	0.95	0.95	5.00	0.00	0	|	rapi	0.00	0.00	0	|	39.0	5.00(39)	0.00(39)	|	1	
7387	24	ok	|	0.98	0.94	0.94	5.88	0.00	0	|	rapi	0.00	0.00	0	|	39.0	5.88(39)		|	1	
7387	25	ok	|	0.99	0.93	0.93	7.01	0.00	0	|	rapi	0.00	0.00	0	|	39.0	7.01(39)	0.00(39)	|	1	
7387	26	ok	|	1.00	0.92	0.92	8.29	0.00	0	|	rapi	0.00	0.00	0	|	39.0	8.29(39)	0.00(39)	|	1	
7387	27	ok	|	1.00	0.90	0.90	9.78	0.00	0	|	rapi	0.00	0.00	0	|	39.0	9.78(39)	0.00(39)	|	1	
7387	28	ok	|	1.00	0.88	0.88	11.51	0.00	0	|	rapi	0.00	0.00	0	|	39.0	11.51(39)		|	1	
7387	29	ok	|	1.00	0.86	0.86	13.71	0.00	0	|	rapi	0.00	0.00	0	|	39.0	13.71(39)	0.00(39)	|	1	
7387	30	ok	|	1.00	0.84	0.84	16.33	0.00	0	|	rapi	0.01	0.01	0	|	39.0	16.33(39)	0.01(39)	|	1	
7387	31	ok	|	1.00	0.81	0.81	19.24	0.00	0	|	rapi	0.01	0.01	0	|	39.0	19.24(39)	0.01(39)	|	1	
7387	32	ok	|	1.00	0.77	0.77	22.52	0.00	0	|	rapi	0.01	0.01	0	|	39.0	22.52(39)	0.01(39)	|	1	
7387	33	ok	|	1.00	0.73	0.73	26.54	0.00	0	|	rapi	0.01	0.01	0	|	39.0	26.54(39)	0.01(39)	|	1	
7387	34	ok	|	1.00	0.69	0.69	30.82	0.00	0	|	rapi	0.01	0.01	0	|	39.0	30.82(39)	0.01(39)	|	1	
7387	35	ok	|	1.00	0.64	0.64	36.13	0.00	0	|	rapi	0.01	0.01	0	|	39.0	36.13(39)	0.01(39)	|	1	
7387	36	ok	|	1.00	0.58	0.58	42.39	0.00	0	|	rapi	0.01	0.01	0	|	39.0	42.39(39)	0.01(39)	|	1	
7387	37	ok	|	1.00	0.51	0.51	49.11	0.00	0	|	rapi	0.02	0.02	0	|	39.0	49.11(39)	0.02(39)	|	1	
7387	38	ok	|	1.00	0.43	0.43	56.72	0.00	0	|	rapi	0.02	0.02	0	|	39.0	56.72(39)	0.02(39)	|	1	
7387	39	ok	|	1.00	0.35	0.35	64.82	0.00	0	|	rapi	0.02	0.02	0	|	39.0	64.82(39)	0.02(39)	|	1	
7387	40	ok	|	1.00	0.27	0.27	73.56	0.00	0	|	rapi	0.04	0.04	0	|	39.0	73.56(39)	0.04(39)	|	1	
7387	41	ok	|	1.00	0.17	0.17	83.11	0.00	0	|	rapi	0.05	0.05	0	|	39.0	83.11(39)	0.05(39)	|	1	
7387	42	ok	|	1.00	0.11	0.11	91.16	0.00	0	|	rapi	0.08	0.08	0	|	39.0	91.16(39)	0.08(39)	|	1	
7387	43	fail-w	|	1.00	0.09	0.09	93.80	0.00	0	|	rapi	0.19	0.20	0	|	39.0	93.80(39)	0.20(39)	|	1	
