7407	0	ok	|	0.10	1.00	1.00	0.10	0.00	0	|	rapi	0.00	0.00	0	|	-93.0	0.10(-93)		|	14	
7407	1	ok	|	0.08	1.00	1.00	0.08	0.00	0	|	rapi	0.00	0.00	0	|	-93.0	0.08(-93)		|	14	
7407	2	ok	|	0.08	1.00	1.00	0.09	0.00	0	|	rapi	0.00	0.00	0	|	-93.0	0.09(-93)		|	14	
7407	3	ok	|	0.08	1.00	1.00	0.10	0.00	0	|	rapi	0.00	0.00	0	|	-93.0	0.10(-93)		|	14	
7407	4	ok	|	0.10	1.00	1.00	0.12	0.00	0	|	rapi	0.00	0.00	0	|	-93.0	0.12(-93)		|	14	
7407	5	ok	|	0.12	1.00	1.00	0.14	0.00	0	|	rapi	0.00	0.00	0	|	-93.0	0.14(-93)		|	14	
7407	6	ok	|	0.14	1.00	1.00	0.18	0.00	0	|	rapi	0.00	0.00	0	|	-93.0	0.18(-93)		|	14	
7407	7	ok	|	0.18	1.00	1.00	0.23	0.00	0	|	rapi	0.00	0.00	0	|	-93.0	0.23(-93)		|	14	
7407	8	ok	|	0.19	1.00	1.00	0.26	0.00	0	|	rapi	0.00	0.00	0	|	-93.0	0.26(-93)		|	14	
7407	9	ok	|	0.19	1.00	1.00	0.27	0.00	0	|	rapi	0.00	0.00	0	|	-93.0	0.27(-93)		|	14	
7407	10	ok	|	0.22	1.00	1.00	0.30	0.00	0	|	rapi	0.00	0.00	0	|	-93.0	0.30(-93)		|	14	
7407	11	ok	|	0.24	1.00	1.00	0.34	0.00	0	|	rapi	0.00	0.00	0	|	-93.0	0.34(-93)		|	14	
7407	12	ok	|	0.28	1.00	1.00	0.41	0.00	0	|	rapi	0.00	0.00	0	|	-93.0	0.41(-93)		|	14	
7407	13	ok	|	0.32	1.00	1.00	0.48	0.00	0	|	rapi	0.00	0.00	0	|	-93.0	0.48(-93)		|	14	
7407	14	ok	|	0.34	0.99	0.99	0.59	0.00	0	|	rapi	0.00	0.00	0	|	-93.0	0.59(-93)		|	14	
7407	15	ok	|	0.42	0.99	0.99	0.73	0.00	0	|	rapi	0.00	0.00	0	|	-93.0	0.73(-93)		|	14	
7407	16	ok	|	0.48	0.99	0.99	0.87	0.00	0	|	rapi	0.00	0.00	0	|	-93.0	0.87(-93)		|	14	
7407	17	ok	|	0.54	0.99	0.99	1.05	0.00	0	|	rapi	0.00	0.00	0	|	-93.0	1.05(-93)		|	14	
7407	18	ok	|	0.57	0.99	0.99	1.21	0.00	0	|	rapi	0.00	0.00	0	|	-93.0	1.21(-93)		|	14	
7407	19	ok	|	0.64	0.99	0.99	1.45	0.00	0	|	rapi	0.00	0.00	0	|	-93.0	1.45(-93)		|	14	
7407	20	ok	|	0.69	0.98	0.98	1.63	0.00	0	|	rapi	0.00	0.00	0	|	-93.0	1.63(-93)		|	14	
7407	21	ok	|	0.77	0.98	0.98	1.93	0.00	0	|	rapi	0.00	0.00	0	|	-93.0	1.93(-93)		|	14	
7407	22	ok	|	0.80	0.98	0.98	2.17	0.00	0	|	rapi	0.00	0.00	0	|	-93.0	2.17(-93)		|	14	
7407	23	ok	|	0.86	0.97	0.97	2.60	0.00	0	|	rapi	0.00	0.00	0	|	-93.0	2.60(-93)		|	14	
7407	24	ok	|	0.91	0.97	0.97	3.03	0.00	0	|	rapi	0.00	0.00	0	|	-93.0	3.03(-93)		|	14	
7407	25	ok	|	0.94	0.96	0.96	3.57	0.00	0	|	rapi	0.00	0.00	0	|	-93.0	3.57(-93)		|	14	
7407	26	ok	|	0.96	0.96	0.96	4.18	0.00	0	|	rapi	0.00	0.00	0	|	-93.0	4.18(-93)		|	14	
7407	27	ok	|	0.97	0.95	0.95	4.96	0.00	0	|	rapi	0.00	0.00	0	|	-93.0	4.96(-93)		|	14	
7407	28	ok	|	0.98	0.94	0.94	5.83	0.00	0	|	rapi	0.00	0.00	0	|	-93.0	5.83(-93)		|	14	
7407	29	ok	|	0.99	0.93	0.93	6.79	0.00	0	|	rapi	0.00	0.00	0	|	-93.0	6.79(-93)		|	14	
7407	30	ok	|	1.00	0.92	0.92	8.08	0.00	0	|	rapi	0.00	0.00	0	|	-93.0	8.08(-93)		|	14	
7407	31	ok	|	1.00	0.91	0.91	9.38	0.00	0	|	rapi	0.00	0.00	0	|	-93.0	9.38(-93)		|	14	
7407	32	ok	|	1.00	0.89	0.89	11.08	0.00	0	|	rapi	0.00	0.00	0	|	-93.0	11.08(-93)		|	14	
7407	33	ok	|	1.00	0.87	0.87	13.17	0.00	0	|	rapi	0.00	0.00	0	|	-93.0	13.17(-93)		|	14	
7407	34	ok	|	1.00	0.84	0.84	15.92	0.00	0	|	rapi	0.00	0.00	0	|	-93.0	15.92(-93)		|	14	
7407	35	ok	|	1.00	0.81	0.81	18.79	0.00	0	|	rapi	0.00	0.00	0	|	-93.0	18.79(-93)		|	14	
7407	36	ok	|	1.00	0.78	0.78	21.96	0.00	0	|	rapi	0.00	0.00	0	|	-93.0	21.96(-93)		|	14	
7407	37	ok	|	1.00	0.74	0.74	25.99	0.00	0	|	rapi	0.00	0.00	0	|	-93.0	25.99(-93)		|	14	
7407	38	ok	|	1.00	0.69	0.69	30.71	0.00	0	|	rapi	0.00	0.00	0	|	-93.0	30.71(-93)		|	14	
7407	39	ok	|	1.00	0.64	0.64	36.02	0.00	0	|	rapi	0.00	0.00	0	|	-93.0	36.02(-93)		|	14	
7407	40	ok	|	1.00	0.58	0.58	42.30	0.00	0	|	rapi	0.00	0.00	0	|	-93.0	42.30(-93)		|	14	
7407	41	ok	|	1.00	0.50	0.50	49.55	0.00	0	|	rapi	0.00	0.00	0	|	-93.0	49.55(-93)	0.00(-93)	|	14	
7407	42	ok	|	1.00	0.43	0.43	57.15	0.00	0	|	rapi	0.01	0.01	0	|	-93.0	57.15(-93)	0.01(-93)	|	14	
7407	43	ok	|	1.00	0.33	0.33	66.78	0.00	0	|	rapi	0.01	0.01	0	|	-93.0	66.78(-93)	0.01(-93)	|	14	
7407	44	ok	|	1.00	0.24	0.24	76.11	0.00	0	|	rapi	0.01	0.01	0	|	-93.0	76.11(-93)	0.01(-93)	|	14	
7407	45	ok	|	1.00	0.15	0.15	85.38	0.00	0	|	rapi	0.01	0.01	0	|	-93.0	85.38(-93)	0.01(-93)	|	14	
7407	46	fail-w	|	1.00	0.08	0.08	93.84	0.00	0	|	rapi	0.02	0.02	0	|	-93.0	93.84(-93)	0.02(-93)	|	14	
