7459	0	ok	|	0.10	1.00	1.00	0.10	0.00	0	|	rapi	0.00	0.00	0	|	-10.0	0.10(-10)		|	3	
7459	1	ok	|	0.11	1.00	1.00	0.13	0.00	0	|	rapi	0.00	0.00	0	|	-10.0	0.13(-10)		|	3	
7459	2	ok	|	0.11	1.00	1.00	0.13	0.00	0	|	rapi	0.00	0.00	0	|	-10.0	0.13(-10)		|	3	
7459	3	ok	|	0.12	1.00	1.00	0.15	0.00	0	|	rapi	0.00	0.00	0	|	-10.0	0.15(-10)		|	3	
7459	4	ok	|	0.13	1.00	1.00	0.16	0.00	0	|	rapi	0.00	0.00	0	|	-10.0	0.16(-10)		|	3	
7459	5	ok	|	0.12	1.00	1.00	0.16	0.00	0	|	rapi	0.00	0.00	0	|	-10.0	0.16(-10)		|	3	
7459	6	ok	|	0.14	1.00	1.00	0.20	0.00	0	|	rapi	0.00	0.00	0	|	-10.0	0.20(-10)		|	3	
7459	7	ok	|	0.15	1.00	1.00	0.22	0.00	0	|	rapi	0.00	0.00	0	|	-10.0	0.22(-10)		|	3	
7459	8	ok	|	0.19	1.00	1.00	0.29	0.00	0	|	rapi	0.00	0.00	0	|	-10.0	0.29(-10)		|	3	
7459	9	ok	|	0.23	1.00	1.00	0.35	0.00	0	|	rapi	0.00	0.00	0	|	-10.0	0.35(-10)		|	3	
7459	10	ok	|	0.29	1.00	1.00	0.47	0.00	0	|	rapi	0.00	0.00	0	|	-10.0	0.47(-10)		|	3	
7459	11	ok	|	0.34	0.99	0.99	0.53	0.00	0	|	rapi	0.00	0.00	0	|	-10.0	0.53(-10)		|	3	
7459	12	ok	|	0.36	0.99	0.99	0.56	0.00	0	|	rapi	0.00	0.00	0	|	-10.0	0.56(-10)		|	3	
7459	13	ok	|	0.38	0.99	0.99	0.62	0.00	0	|	rapi	0.00	0.00	0	|	-10.0	0.62(-10)		|	3	
7459	14	ok	|	0.45	0.99	0.99	0.77	0.00	0	|	rapi	0.00	0.00	0	|	-10.0	0.77(-10)		|	3	
7459	15	ok	|	0.48	0.99	0.99	0.87	0.00	0	|	rapi	0.00	0.00	0	|	-10.0	0.87(-10)		|	3	
7459	16	ok	|	0.55	0.99	0.99	1.06	0.00	0	|	rapi	0.00	0.00	0	|	-10.0	1.06(-10)		|	3	
7459	17	ok	|	0.62	0.99	0.99	1.27	0.00	0	|	rapi	0.00	0.00	0	|	-10.0	1.27(-10)		|	3	
7459	18	ok	|	0.69	0.98	0.98	1.53	0.00	0	|	rapi	0.00	0.00	0	|	-10.0	1.53(-10)		|	3	
7459	19	ok	|	0.74	0.98	0.98	1.73	0.00	0	|	rapi	0.00	0.00	0	|	-10.0	1.73(-10)		|	3	
7459	20	ok	|	0.81	0.98	0.98	2.10	0.00	0	|	rapi	0.00	0.00	0	|	-10.0	2.10(-10)	0.00(-10)	|	3	
7459	21	ok	|	0.85	0.98	0.98	2.47	0.00	0	|	rapi	0.00	0.00	0	|	-10.0	2.47(-10)		|	3	
7459	22	ok	|	0.89	0.97	0.97	2.96	0.00	0	|	rapi	0.00	0.00	0	|	-10.0	2.96(-10)		|	3	
7459	23	ok	|	0.94	0.97	0.97	3.48	0.00	0	|	rapi	0.00	0.00	0	|	-10.0	3.48(-10)	0.00(-10)	|	3	
7459	24	ok	|	0.97	0.96	0.96	4.03	0.00	0	|	rapi	0.00	0.00	0	|	-10.0	4.03(-10)		|	3	
7459	25	ok	|	0.98	0.95	0.95	4.66	0.00	0	|	rapi	0.00	0.00	0	|	-10.0	4.66(-10)	0.00(-10)	|	3	
7459	26	ok	|	0.99	0.94	0.94	5.53	0.00	0	|	rapi	0.00	0.00	0	|	-10.0	5.53(-10)		|	3	
7459	27	ok	|	0.99	0.94	0.94	6.34	0.00	0	|	rapi	0.00	0.00	0	|	-10.0	6.34(-10)		|	3	
7459	28	ok	|	1.00	0.93	0.93	7.48	0.00	0	|	rapi	0.00	0.00	0	|	-10.0	7.48(-10)	0.00(-10)	|	3	
7459	29	ok	|	1.00	0.91	0.91	8.88	0.00	0	|	rapi	0.00	0.00	0	|	-10.0	8.88(-10)	0.00(-10)	|	3	
7459	30	ok	|	1.00	0.90	0.90	10.44	0.00	0	|	rapi	0.00	0.00	0	|	-10.0	10.44(-10)		|	3	
7459	31	ok	|	1.00	0.88	0.88	12.10	0.00	0	|	rapi	0.00	0.00	0	|	-10.0	12.10(-10)	0.00(-10)	|	3	
7459	32	ok	|	1.00	0.86	0.86	14.31	0.00	0	|	rapi	0.00	0.00	0	|	-10.0	14.31(-10)	0.00(-10)	|	3	
7459	33	ok	|	1.00	0.83	0.83	17.03	0.00	0	|	rapi	0.01	0.01	0	|	-10.0	17.03(-10)	0.01(-10)	|	3	
7459	34	ok	|	1.00	0.80	0.80	19.81	0.00	0	|	rapi	0.01	0.01	0	|	-10.0	19.81(-10)	0.01(-10)	|	3	
7459	35	ok	|	1.00	0.77	0.77	23.27	0.00	0	|	rapi	0.01	0.01	0	|	-10.0	23.27(-10)	0.01(-10)	|	3	
7459	36	ok	|	1.00	0.73	0.73	27.33	0.00	0	|	rapi	0.01	0.01	0	|	-10.0	27.33(-10)	0.01(-10)	|	3	
7459	37	ok	|	1.00	0.68	0.68	31.95	0.00	0	|	rapi	0.01	0.01	0	|	-10.0	31.95(-10)	0.01(-10)	|	3	
7459	38	ok	|	1.00	0.62	0.62	37.67	0.00	0	|	rapi	0.01	0.01	0	|	-10.0	37.67(-10)	0.01(-10)	|	3	
7459	39	ok	|	1.00	0.55	0.55	44.59	0.00	0	|	rapi	0.01	0.01	0	|	-10.0	44.59(-10)	0.01(-10)	|	3	
7459	40	ok	|	1.00	0.48	0.48	52.14	0.00	0	|	rapi	0.01	0.01	0	|	-10.0	52.14(-10)	0.01(-10)	|	3	
7459	41	ok	|	1.00	0.40	0.40	60.38	0.00	0	|	rapi	0.01	0.01	0	|	-10.0	60.38(-10)	0.01(-10)	|	3	
7459	42	ok	|	1.00	0.30	0.30	69.92	0.00	0	|	rapi	0.03	0.03	0	|	-10.0	69.92(-10)	0.03(-10)	|	3	
7459	43	ok	|	1.00	0.21	0.21	78.96	0.00	0	|	rapi	0.03	0.03	0	|	-10.0	78.96(-10)	0.03(-10)	|	3	
7459	44	ok	|	1.00	0.13	0.13	87.43	0.00	0	|	rapi	0.05	0.05	0	|	-10.0	87.43(-10)	0.05(-10)	|	3	
7459	45	fail-w	|	1.00	0.08	0.08	94.00	0.00	0	|	rapi	0.07	0.07	0	|	-10.0	94.00(-10)	0.07(-10)	|	3	
