7473	0	ok	|	0.10	1.00	1.00	0.10	0.00	0	|	rapi	0.09	0.09	0	|	80.0	0.10(80)	0.09(80)	|	4328	
7473	1	ok	|	0.09	1.00	1.00	0.10	0.00	0	|	rapi	0.08	0.08	0	|	80.0	0.10(80)	0.08(80)	|	4328	
7473	2	ok	|	0.08	1.00	1.00	0.09	0.00	0	|	rapi	0.07	0.07	0	|	80.0	0.09(80)	0.07(80)	|	4328	
7473	3	ok	|	0.09	1.00	1.00	0.10	0.00	0	|	rapi	0.08	0.09	0	|	80.0	0.10(80)	0.09(80)	|	4328	
7473	4	ok	|	0.08	1.00	1.00	0.09	0.00	0	|	rapi	0.07	0.07	0	|	80.0	0.09(80)	0.07(80)	|	4328	
7473	5	ok	|	0.10	1.00	1.00	0.12	0.00	0	|	rapi	0.07	0.08	0	|	80.0	0.12(80)	0.08(80)	|	4328	
7473	6	ok	|	0.10	1.00	1.00	0.10	0.00	0	|	rapi	0.07	0.07	0	|	80.0	0.10(80)	0.07(80)	|	4328	
7473	7	ok	|	0.09	1.00	1.00	0.10	0.00	0	|	rapi	0.07	0.08	0	|	80.0	0.10(80)	0.08(80)	|	4328	
7473	8	ok	|	0.09	1.00	1.00	0.09	0.00	0	|	rapi	0.07	0.07	0	|	80.0	0.09(80)	0.07(80)	|	4328	
7473	9	ok	|	0.09	1.00	1.00	0.10	0.00	0	|	rapi	0.07	0.07	0	|	80.0	0.10(80)	0.07(80)	|	4328	
7473	10	ok	|	0.10	1.00	1.00	0.11	0.00	0	|	rapi	0.07	0.07	0	|	80.0	0.11(80)	0.07(80)	|	4328	
7473	11	ok	|	0.10	1.00	1.00	0.11	0.00	0	|	rapi	0.07	0.08	0	|	80.0	0.11(80)	0.08(80)	|	4328	
7473	12	ok	|	0.10	1.00	1.00	0.11	0.00	0	|	rapi	0.07	0.08	0	|	80.0	0.11(80)	0.08(80)	|	4328	
7473	13	ok	|	0.10	1.00	1.00	0.10	0.00	0	|	rapi	0.07	0.07	0	|	80.0	0.10(80)	0.07(80)	|	4328	
7473	14	ok	|	0.10	1.00	1.00	0.11	0.00	0	|	rapi	0.07	0.07	0	|	80.0	0.11(80)	0.07(80)	|	4328	
7473	15	ok	|	0.12	1.00	1.00	0.13	0.00	0	|	rapi	0.09	0.09	0	|	80.0	0.13(80)	0.09(80)	|	4328	
7473	16	ok	|	0.12	1.00	1.00	0.13	0.00	0	|	rapi	0.09	0.09	0	|	80.0	0.13(80)	0.09(80)	|	4328	
7473	17	ok	|	0.13	1.00	1.00	0.14	0.00	0	|	rapi	0.10	0.10	0	|	80.0	0.14(80)	0.10(80)	|	4328	
7473	18	ok	|	0.12	1.00	1.00	0.13	0.00	0	|	rapi	0.10	0.10	0	|	80.0	0.13(80)	0.10(80)	|	4328	
7473	19	ok	|	0.14	1.00	1.00	0.15	0.00	0	|	rapi	0.10	0.11	0	|	80.0	0.15(80)	0.11(80)	|	4328	
7473	20	ok	|	0.13	1.00	1.00	0.14	0.00	0	|	rapi	0.11	0.11	0	|	80.0	0.14(80)	0.11(80)	|	4328	
7473	21	ok	|	0.13	1.00	1.00	0.14	0.00	0	|	rapi	0.10	0.11	0	|	80.0	0.14(80)	0.11(80)	|	4328	
7473	22	ok	|	0.10	1.00	1.00	0.11	0.00	0	|	rapi	0.08	0.09	0	|	80.0	0.11(80)	0.09(80)	|	4328	
7473	23	ok	|	0.10	1.00	1.00	0.10	0.00	0	|	rapi	0.09	0.09	0	|	80.0	0.10(80)	0.09(80)	|	4328	
7473	24	ok	|	0.10	1.00	1.00	0.10	0.00	0	|	rapi	0.08	0.08	0	|	80.0	0.10(80)	0.08(80)	|	4328	
7473	25	ok	|	0.10	1.00	1.00	0.11	0.00	0	|	rapi	0.09	0.09	0	|	80.0	0.11(80)	0.09(80)	|	4328	
7473	26	ok	|	0.11	1.00	1.00	0.12	0.00	0	|	rapi	0.10	0.10	0	|	80.0	0.12(80)	0.10(80)	|	4328	
7473	27	ok	|	0.10	1.00	1.00	0.12	0.00	0	|	rapi	0.10	0.10	0	|	80.0	0.12(80)	0.10(80)	|	4328	
7473	28	ok	|	0.10	1.00	1.00	0.11	0.00	0	|	rapi	0.09	0.10	0	|	80.0	0.11(80)	0.10(80)	|	4328	
7473	29	ok	|	0.10	1.00	1.00	0.10	0.00	0	|	rapi	0.09	0.09	0	|	80.0	0.10(80)	0.09(80)	|	4328	
7473	30	ok	|	0.10	1.00	1.00	0.10	0.00	0	|	rapi	0.09	0.09	0	|	80.0	0.10(80)	0.09(80)	|	4328	
7473	31	ok	|	0.09	1.00	1.00	0.10	0.00	0	|	rapi	0.08	0.09	0	|	80.0	0.10(80)	0.09(80)	|	4328	
7473	32	ok	|	0.11	1.00	1.00	0.11	0.00	0	|	rapi	0.09	0.09	0	|	80.0	0.11(80)	0.09(80)	|	4328	
7473	33	ok	|	0.10	1.00	1.00	0.11	0.00	0	|	rapi	0.08	0.09	0	|	80.0	0.11(80)	0.09(80)	|	4328	
7473	34	ok	|	0.10	1.00	1.00	0.11	0.00	0	|	rapi	0.08	0.08	0	|	80.0	0.11(80)	0.08(80)	|	4328	
7473	35	ok	|	0.11	1.00	1.00	0.12	0.00	0	|	rapi	0.10	0.10	0	|	80.0	0.12(80)	0.10(80)	|	4328	
7473	36	ok	|	0.13	1.00	1.00	0.14	0.00	0	|	rapi	0.11	0.12	0	|	80.0	0.14(80)	0.12(80)	|	4328	
7473	37	ok	|	0.14	1.00	1.00	0.16	0.00	0	|	rapi	0.12	0.13	0	|	80.0	0.16(80)	0.13(80)	|	4328	
7473	38	ok	|	0.16	1.00	1.00	0.18	0.00	0	|	rapi	0.14	0.15	0	|	80.0	0.18(80)	0.15(80)	|	4328	
7473	39	ok	|	0.14	1.00	1.00	0.16	0.00	0	|	rapi	0.12	0.13	0	|	80.0	0.16(80)	0.13(80)	|	4328	
7473	40	ok	|	0.14	1.00	1.00	0.15	0.00	0	|	rapi	0.12	0.12	0	|	80.0	0.15(80)	0.12(80)	|	4328	
7473	41	ok	|	0.13	1.00	1.00	0.14	0.00	0	|	rapi	0.11	0.12	0	|	80.0	0.14(80)	0.12(80)	|	4328	
7473	42	ok	|	0.12	1.00	1.00	0.14	0.00	0	|	rapi	0.10	0.11	0	|	80.0	0.14(80)	0.11(80)	|	4328	
7473	43	ok	|	0.11	1.00	1.00	0.13	0.00	0	|	rapi	0.10	0.11	0	|	80.0	0.13(80)	0.11(80)	|	4328	
7473	44	ok	|	0.11	1.00	1.00	0.14	0.00	0	|	rapi	0.10	0.11	0	|	80.0	0.14(80)	0.11(80)	|	4328	
7473	45	ok	|	0.12	1.00	1.00	0.14	0.00	0	|	rapi	0.11	0.12	0	|	80.0	0.14(80)	0.12(80)	|	4328	
7473	46	ok	|	0.12	1.00	1.00	0.14	0.00	0	|	rapi	0.11	0.12	0	|	80.0	0.14(80)	0.12(80)	|	4328	
7473	47	ok	|	0.13	1.00	1.00	0.14	0.00	0	|	rapi	0.11	0.12	0	|	80.0	0.14(80)	0.12(80)	|	4328	
7473	48	ok	|	0.13	1.00	1.00	0.14	0.00	0	|	rapi	0.11	0.12	0	|	80.0	0.14(80)	0.12(80)	|	4328	
7473	49	ok	|	0.12	1.00	1.00	0.14	0.00	0	|	rapi	0.11	0.12	0	|	80.0	0.14(80)	0.12(80)	|	4328	
7473	50	ok	|	0.11	1.00	1.00	0.13	0.00	0	|	rapi	0.10	0.11	0	|	80.0	0.13(80)	0.11(80)	|	4328	
7473	51	ok	|	0.12	1.00	1.00	0.14	0.00	0	|	rapi	0.11	0.12	0	|	80.0	0.14(80)	0.12(80)	|	4328	
7473	52	ok	|	0.14	1.00	1.00	0.15	0.00	0	|	rapi	0.12	0.13	0	|	80.0	0.15(80)	0.13(80)	|	4328	
7473	53	ok	|	0.14	1.00	1.00	0.16	0.00	0	|	rapi	0.12	0.13	0	|	80.0	0.16(80)	0.13(80)	|	4328	
7473	54	ok	|	0.16	1.00	1.00	0.18	0.00	0	|	rapi	0.14	0.14	0	|	80.0	0.18(80)	0.14(80)	|	4328	
7473	55	ok	|	0.17	1.00	1.00	0.19	0.00	0	|	rapi	0.15	0.16	0	|	80.0	0.19(80)	0.16(80)	|	4328	
7473	56	ok	|	0.17	1.00	1.00	0.19	0.00	0	|	rapi	0.15	0.16	0	|	80.0	0.19(80)	0.16(80)	|	4328	
7473	57	ok	|	0.17	1.00	1.00	0.19	0.00	0	|	rapi	0.14	0.15	0	|	80.0	0.19(80)	0.15(80)	|	4328	
7473	58	ok	|	0.19	1.00	1.00	0.22	0.00	0	|	rapi	0.16	0.17	0	|	80.0	0.22(80)	0.17(80)	|	4328	
7473	59	ok	|	0.18	1.00	1.00	0.21	0.00	0	|	rapi	0.15	0.16	0	|	80.0	0.21(80)	0.16(80)	|	4328	
7473	60	ok	|	0.18	1.00	1.00	0.20	0.00	0	|	rapi	0.16	0.17	0	|	80.0	0.20(80)	0.17(80)	|	4328	
7473	61	ok	|	0.19	1.00	1.00	0.21	0.00	0	|	rapi	0.16	0.17	0	|	80.0	0.21(80)	0.17(80)	|	4328	
7473	62	ok	|	0.19	1.00	1.00	0.21	0.00	0	|	rapi	0.16	0.17	0	|	80.0	0.21(80)	0.17(80)	|	4328	
7473	63	ok	|	0.19	1.00	1.00	0.21	0.00	0	|	rapi	0.17	0.18	0	|	80.0	0.21(80)	0.18(80)	|	4328	
7473	64	ok	|	0.21	1.00	1.00	0.24	0.00	0	|	rapi	0.18	0.20	0	|	80.0	0.24(80)	0.20(80)	|	4328	
7473	65	ok	|	0.20	1.00	1.00	0.23	0.00	0	|	rapi	0.18	0.20	0	|	80.0	0.23(80)	0.20(80)	|	4328	
7473	66	ok	|	0.19	1.00	1.00	0.21	0.00	0	|	rapi	0.17	0.18	0	|	80.0	0.21(80)	0.18(80)	|	4328	
7473	67	ok	|	0.19	1.00	1.00	0.22	0.00	0	|	rapi	0.17	0.18	0	|	80.0	0.22(80)	0.18(80)	|	4328	
7473	68	ok	|	0.20	1.00	1.00	0.23	0.00	0	|	rapi	0.17	0.19	0	|	80.0	0.23(80)	0.19(80)	|	4328	
7473	69	ok	|	0.19	1.00	1.00	0.23	0.00	0	|	rapi	0.17	0.18	0	|	80.0	0.23(80)	0.18(80)	|	4328	
7473	70	ok	|	0.19	1.00	1.00	0.22	0.00	0	|	rapi	0.16	0.17	0	|	80.0	0.22(80)	0.17(80)	|	4328	
7473	71	ok	|	0.20	1.00	1.00	0.23	0.00	0	|	rapi	0.17	0.18	0	|	80.0	0.23(80)	0.18(80)	|	4328	
7473	72	ok	|	0.21	1.00	1.00	0.24	0.00	0	|	rapi	0.17	0.19	0	|	80.0	0.24(80)	0.19(80)	|	4328	
7473	73	ok	|	0.20	1.00	1.00	0.24	0.00	0	|	rapi	0.16	0.17	0	|	80.0	0.24(80)	0.17(80)	|	4328	
7473	74	ok	|	0.20	1.00	1.00	0.24	0.00	0	|	rapi	0.16	0.17	0	|	80.0	0.24(80)	0.17(80)	|	4328	
7473	75	ok	|	0.19	1.00	1.00	0.22	0.00	0	|	rapi	0.16	0.17	0	|	80.0	0.22(80)	0.17(80)	|	4328	
7473	76	ok	|	0.22	1.00	1.00	0.26	0.00	0	|	rapi	0.19	0.20	0	|	80.0	0.26(80)	0.20(80)	|	4328	
7473	77	ok	|	0.23	1.00	1.00	0.27	0.00	0	|	rapi	0.19	0.21	0	|	80.0	0.27(80)	0.21(80)	|	4328	
7473	78	ok	|	0.25	1.00	1.00	0.30	0.00	0	|	rapi	0.20	0.23	0	|	80.0	0.30(80)	0.23(80)	|	4328	
7473	79	ok	|	0.25	1.00	1.00	0.29	0.00	0	|	rapi	0.22	0.23	0	|	80.0	0.29(80)	0.23(80)	|	4328	
7473	80	ok	|	0.23	1.00	1.00	0.28	0.00	0	|	rapi	0.20	0.23	0	|	80.0	0.28(80)	0.23(80)	|	4328	
7473	81	ok	|	0.22	1.00	1.00	0.26	0.00	0	|	rapi	0.19	0.21	0	|	80.0	0.26(80)	0.21(80)	|	4328	
7473	82	ok	|	0.21	1.00	1.00	0.24	0.00	0	|	rapi	0.19	0.20	0	|	80.0	0.24(80)	0.20(80)	|	4328	
7473	83	ok	|	0.21	1.00	1.00	0.24	0.00	0	|	rapi	0.18	0.20	0	|	80.0	0.24(80)	0.20(80)	|	4328	
7473	84	ok	|	0.22	1.00	1.00	0.24	0.00	0	|	rapi	0.19	0.20	0	|	80.0	0.24(80)	0.20(80)	|	4328	
7473	85	ok	|	0.21	1.00	1.00	0.23	0.00	0	|	rapi	0.17	0.19	0	|	80.0	0.23(80)	0.19(80)	|	4328	
7473	86	ok	|	0.19	1.00	1.00	0.21	0.00	0	|	rapi	0.16	0.17	0	|	80.0	0.21(80)	0.17(80)	|	4328	
7473	87	ok	|	0.17	1.00	1.00	0.19	0.00	0	|	rapi	0.15	0.16	0	|	80.0	0.19(80)	0.16(80)	|	4328	
7473	88	ok	|	0.16	1.00	1.00	0.17	0.00	0	|	rapi	0.14	0.14	0	|	80.0	0.17(80)	0.14(80)	|	4328	
7473	89	ok	|	0.15	1.00	1.00	0.17	0.00	0	|	rapi	0.14	0.15	0	|	80.0	0.17(80)	0.15(80)	|	4328	
7473	90	ok	|	0.13	1.00	1.00	0.14	0.00	0	|	rapi	0.12	0.12	0	|	80.0	0.14(80)	0.12(80)	|	4328	
7473	91	ok	|	0.14	1.00	1.00	0.15	0.00	0	|	rapi	0.12	0.13	0	|	80.0	0.15(80)	0.13(80)	|	4328	
7473	92	ok	|	0.15	1.00	1.00	0.16	0.00	0	|	rapi	0.13	0.13	0	|	80.0	0.16(80)	0.13(80)	|	4328	
7473	93	ok	|	0.17	1.00	1.00	0.19	0.00	0	|	rapi	0.16	0.16	0	|	80.0	0.19(80)	0.16(80)	|	4328	
7473	94	ok	|	0.16	1.00	1.00	0.18	0.00	0	|	rapi	0.15	0.16	0	|	80.0	0.18(80)	0.16(80)	|	4328	
7473	95	ok	|	0.18	1.00	1.00	0.19	0.00	0	|	rapi	0.16	0.17	0	|	80.0	0.19(80)	0.17(80)	|	4328	
7473	96	ok	|	0.17	1.00	1.00	0.20	0.00	0	|	rapi	0.17	0.18	0	|	80.0	0.20(80)	0.18(80)	|	4328	
7473	97	ok	|	0.20	1.00	1.00	0.23	0.00	0	|	rapi	0.20	0.22	0	|	80.0	0.23(80)	0.22(80)	|	4328	
7473	98	ok	|	0.20	1.00	1.00	0.22	0.01	0	|	rapi	0.19	0.21	0	|	80.0	0.22(80)	0.21(80)	|	4328	
7473	99	ok	|	0.21	1.00	1.00	0.24	0.01	0	|	rapi	0.20	0.22	0	|	80.0	0.24(80)	0.22(80)	|	4328	
7473	100	ok	|	0.20	1.00	1.00	0.21	0.01	0	|	rapi	0.19	0.20	0	|	80.0	0.21(80)	0.20(80)	|	4328	
7473	101	ok	|	0.19	1.00	1.00	0.20	0.01	0	|	rapi	0.18	0.19	0	|	80.0	0.20(80)	0.19(80)	|	4328	
7473	102	ok	|	0.20	1.00	1.00	0.22	0.01	0	|	rapi	0.20	0.21	0	|	80.0	0.22(80)	0.21(80)	|	4328	
7473	103	ok	|	0.21	1.00	1.00	0.23	0.01	0	|	rapi	0.20	0.22	0	|	80.0	0.23(80)	0.22(80)	|	4328	
7473	104	ok	|	0.23	1.00	1.00	0.26	0.01	0	|	rapi	0.22	0.24	0	|	80.0	0.26(80)	0.24(80)	|	4328	
7473	105	ok	|	0.20	1.00	1.00	0.22	0.01	0	|	rapi	0.19	0.21	0	|	80.0	0.22(80)	0.21(80)	|	4328	
7473	106	ok	|	0.20	1.00	1.00	0.23	0.01	0	|	rapi	0.20	0.21	0	|	80.0	0.23(80)	0.21(80)	|	4328	
7473	107	ok	|	0.21	1.00	1.00	0.24	0.01	0	|	rapi	0.21	0.23	0	|	80.0	0.24(80)	0.23(80)	|	4328	
7473	108	ok	|	0.21	1.00	1.00	0.24	0.01	0	|	rapi	0.21	0.23	0	|	80.0	0.24(80)	0.23(80)	|	4328	
7473	109	ok	|	0.20	1.00	1.00	0.22	0.01	0	|	rapi	0.19	0.21	0	|	80.0	0.22(80)	0.21(80)	|	4328	
7473	110	ok	|	0.20	1.00	1.00	0.22	0.01	0	|	rapi	0.20	0.21	0	|	80.0	0.22(80)	0.21(80)	|	4328	
7473	111	ok	|	0.18	1.00	1.00	0.20	0.00	0	|	rapi	0.18	0.19	0	|	80.0	0.20(80)	0.19(80)	|	4328	
7473	112	ok	|	0.18	1.00	1.00	0.19	0.01	0	|	rapi	0.17	0.19	0	|	80.0	0.19(80)	0.19(80)	|	4328	
7473	113	ok	|	0.18	1.00	1.00	0.20	0.01	0	|	rapi	0.18	0.19	0	|	80.0	0.20(80)	0.19(80)	|	4328	
7473	114	ok	|	0.17	1.00	1.00	0.18	0.01	0	|	rapi	0.17	0.18	0	|	80.0	0.18(80)	0.18(80)	|	4328	
7473	115	ok	|	0.15	1.00	1.00	0.16	0.01	0	|	rapi	0.15	0.16	0	|	80.0	0.16(80)	0.16(80)	|	4328	
7473	116	ok	|	0.14	1.00	1.00	0.14	0.01	0	|	rapi	0.14	0.14	0	|	80.0	0.14(80)	0.14(80)	|	4328	
7473	117	ok	|	0.15	1.00	1.00	0.16	0.01	0	|	rapi	0.15	0.16	0	|	80.0	0.16(80)	0.16(80)	|	4328	
7473	118	ok	|	0.15	1.00	1.00	0.16	0.01	0	|	rapi	0.15	0.16	0	|	80.0	0.16(80)	0.16(80)	|	4328	
7473	119	ok	|	0.15	1.00	1.00	0.16	0.01	0	|	rapi	0.15	0.16	0	|	80.0	0.16(80)	0.16(80)	|	4328	
7473	120	ok	|	0.13	1.00	1.00	0.14	0.01	0	|	rapi	0.13	0.14	0	|	80.0	0.14(80)	0.14(80)	|	4328	
7473	121	ok	|	0.12	1.00	1.00	0.13	0.01	0	|	rapi	0.12	0.13	0	|	80.0	0.13(80)	0.13(80)	|	4328	
7473	122	ok	|	0.13	1.00	1.00	0.14	0.01	0	|	rapi	0.13	0.14	0	|	80.0	0.14(80)	0.14(80)	|	4328	
7473	123	ok	|	0.12	1.00	1.00	0.13	0.01	0	|	rapi	0.12	0.13	0	|	80.0	0.13(80)	0.13(80)	|	4328	
7473	124	ok	|	0.11	1.00	1.00	0.12	0.01	0	|	rapi	0.11	0.12	0	|	80.0	0.12(80)	0.12(80)	|	4328	
7473	125	ok	|	0.10	1.00	1.00	0.10	0.01	0	|	rapi	0.10	0.10	0	|	80.0	0.10(80)	0.10(80)	|	4328	
7473	126	ok	|	0.10	1.00	1.00	0.11	0.01	0	|	rapi	0.10	0.11	0	|	80.0	0.11(80)	0.11(80)	|	4328	
7473	127	ok	|	0.10	1.00	1.00	0.11	0.01	0	|	rapi	0.10	0.11	0	|	80.0	0.11(80)	0.11(80)	|	4328	
7473	128	ok	|	0.11	1.00	1.00	0.11	0.01	0	|	rapi	0.11	0.11	0	|	80.0	0.11(80)	0.11(80)	|	4328	
7473	129	ok	|	0.11	1.00	1.00	0.12	0.01	0	|	rapi	0.11	0.12	0	|	80.0	0.12(80)	0.12(80)	|	4328	
7473	130	ok	|	0.12	1.00	1.00	0.13	0.01	0	|	rapi	0.12	0.13	0	|	80.0	0.13(80)	0.13(80)	|	4328	
7473	131	ok	|	0.12	1.00	1.00	0.13	0.01	0	|	rapi	0.12	0.13	0	|	80.0	0.13(80)	0.13(80)	|	4328	
7473	132	ok	|	0.12	1.00	1.00	0.12	0.01	0	|	rapi	0.12	0.12	0	|	80.0	0.12(80)	0.12(80)	|	4328	
7473	133	ok	|	0.12	1.00	1.00	0.14	0.01	0	|	rapi	0.12	0.14	0	|	80.0	0.14(80)	0.14(80)	|	4328	
7473	134	ok	|	0.15	1.00	1.00	0.16	0.01	0	|	rapi	0.15	0.16	0	|	80.0	0.16(80)	0.16(80)	|	4328	
7473	135	ok	|	0.16	1.00	1.00	0.17	0.01	0	|	rapi	0.16	0.17	0	|	80.0	0.17(80)	0.17(80)	|	4328	
7473	136	ok	|	0.15	1.00	1.00	0.17	0.01	0	|	rapi	0.15	0.17	0	|	80.0	0.17(80)	0.17(80)	|	4328	
7473	137	ok	|	0.15	1.00	1.00	0.16	0.01	0	|	rapi	0.15	0.16	0	|	80.0	0.16(80)	0.16(80)	|	4328	
7473	138	ok	|	0.16	1.00	1.00	0.17	0.01	0	|	rapi	0.16	0.17	0	|	80.0	0.17(80)	0.17(80)	|	4328	
7473	139	ok	|	0.15	1.00	1.00	0.17	0.01	0	|	rapi	0.15	0.17	0	|	80.0	0.17(80)	0.17(80)	|	4328	
7473	140	ok	|	0.15	1.00	1.00	0.16	0.01	0	|	rapi	0.15	0.16	0	|	80.0	0.16(80)	0.16(80)	|	4328	
7473	141	ok	|	0.16	1.00	1.00	0.18	0.02	0	|	rapi	0.16	0.18	0	|	80.0	0.18(80)	0.18(80)	|	4328	
7473	142	ok	|	0.20	1.00	1.00	0.21	0.02	0	|	rapi	0.20	0.21	0	|	80.0	0.21(80)	0.21(80)	|	4328	
7473	143	ok	|	0.19	1.00	1.00	0.21	0.02	0	|	rapi	0.19	0.21	0	|	80.0	0.21(80)	0.21(80)	|	4328	
7473	144	ok	|	0.17	1.00	1.00	0.20	0.02	0	|	rapi	0.17	0.20	0	|	80.0	0.20(80)	0.20(80)	|	4328	
7473	145	ok	|	0.17	1.00	1.00	0.18	0.02	0	|	rapi	0.17	0.18	0	|	80.0	0.18(80)	0.18(80)	|	4328	
7473	146	ok	|	0.16	1.00	1.00	0.17	0.01	0	|	rapi	0.16	0.17	0	|	80.0	0.17(80)	0.17(80)	|	4328	
7473	147	ok	|	0.17	1.00	1.00	0.18	0.02	0	|	rapi	0.17	0.18	0	|	80.0	0.18(80)	0.18(80)	|	4328	
7473	148	ok	|	0.17	1.00	1.00	0.19	0.02	0	|	rapi	0.17	0.19	0	|	80.0	0.19(80)	0.19(80)	|	4328	
7473	149	ok	|	0.16	1.00	1.00	0.19	0.02	0	|	rapi	0.16	0.19	0	|	80.0	0.19(80)	0.19(80)	|	4328	
7473	150	ok	|	0.16	1.00	1.00	0.17	0.02	0	|	rapi	0.16	0.17	0	|	80.0	0.17(80)	0.17(80)	|	4328	
7473	151	ok	|	0.16	1.00	1.00	0.17	0.02	0	|	rapi	0.16	0.17	0	|	80.0	0.17(80)	0.17(80)	|	4328	
7473	152	ok	|	0.16	1.00	1.00	0.18	0.02	0	|	rapi	0.16	0.18	0	|	80.0	0.18(80)	0.18(80)	|	4328	
7473	153	ok	|	0.18	1.00	1.00	0.20	0.02	0	|	rapi	0.18	0.20	0	|	80.0	0.20(80)	0.20(80)	|	4328	
7473	154	ok	|	0.19	1.00	1.00	0.20	0.02	0	|	rapi	0.19	0.20	0	|	80.0	0.20(80)	0.20(80)	|	4328	
7473	155	ok	|	0.21	1.00	1.00	0.23	0.02	0	|	rapi	0.21	0.23	0	|	80.0	0.23(80)	0.23(80)	|	4328	
7473	156	ok	|	0.19	1.00	1.00	0.22	0.02	0	|	rapi	0.19	0.22	0	|	80.0	0.22(80)	0.22(80)	|	4328	
7473	157	ok	|	0.20	1.00	1.00	0.23	0.02	0	|	rapi	0.20	0.23	0	|	80.0	0.23(80)	0.23(80)	|	4328	
7473	158	ok	|	0.22	1.00	1.00	0.25	0.02	0	|	rapi	0.22	0.25	0	|	80.0	0.25(80)	0.25(80)	|	4328	
7473	159	ok	|	0.23	1.00	1.00	0.25	0.03	0	|	rapi	0.23	0.25	0	|	80.0	0.25(80)	0.25(80)	|	4328	
7473	160	ok	|	0.21	1.00	1.00	0.23	0.02	0	|	rapi	0.21	0.23	0	|	80.0	0.23(80)	0.23(80)	|	4328	
7473	161	ok	|	0.21	1.00	1.00	0.23	0.02	0	|	rapi	0.21	0.23	0	|	80.0	0.23(80)	0.23(80)	|	4328	
7473	162	ok	|	0.22	1.00	1.00	0.24	0.02	0	|	rapi	0.22	0.24	0	|	80.0	0.24(80)	0.24(80)	|	4328	
7473	163	ok	|	0.24	1.00	1.00	0.26	0.03	0	|	rapi	0.24	0.26	0	|	80.0	0.26(80)	0.26(80)	|	4328	
7473	164	ok	|	0.24	1.00	1.00	0.26	0.03	0	|	rapi	0.24	0.26	0	|	80.0	0.26(80)	0.26(80)	|	4328	
7473	165	ok	|	0.23	1.00	1.00	0.26	0.03	0	|	rapi	0.23	0.26	0	|	80.0	0.26(80)	0.26(80)	|	4328	
7473	166	ok	|	0.23	1.00	1.00	0.26	0.03	0	|	rapi	0.23	0.26	0	|	80.0	0.26(80)	0.26(80)	|	4328	
7473	167	ok	|	0.25	1.00	1.00	0.28	0.03	0	|	rapi	0.25	0.28	0	|	80.0	0.28(80)	0.28(80)	|	4328	
7473	168	ok	|	0.26	1.00	1.00	0.29	0.03	0	|	rapi	0.26	0.29	0	|	80.0	0.29(80)	0.29(80)	|	4328	
7473	169	ok	|	0.24	1.00	1.00	0.28	0.03	0	|	rapi	0.24	0.28	0	|	80.0	0.28(80)	0.28(80)	|	4328	
7473	170	ok	|	0.25	1.00	1.00	0.29	0.03	0	|	rapi	0.25	0.29	0	|	80.0	0.29(80)	0.29(80)	|	4328	
7473	171	ok	|	0.28	1.00	1.00	0.31	0.03	0	|	rapi	0.28	0.31	0	|	80.0	0.31(80)	0.31(80)	|	4328	
7473	172	ok	|	0.26	1.00	1.00	0.29	0.03	0	|	rapi	0.26	0.29	0	|	80.0	0.29(80)	0.29(80)	|	4328	
7473	173	ok	|	0.28	1.00	1.00	0.32	0.03	0	|	rapi	0.28	0.32	0	|	80.0	0.32(80)	0.32(80)	|	4328	
7473	174	ok	|	0.29	1.00	1.00	0.33	0.03	0	|	rapi	0.29	0.33	0	|	80.0	0.33(80)	0.33(80)	|	4328	
7473	175	ok	|	0.27	1.00	1.00	0.32	0.03	0	|	rapi	0.27	0.32	0	|	80.0	0.32(80)	0.32(80)	|	4328	
7473	176	ok	|	0.29	1.00	1.00	0.33	0.03	0	|	rapi	0.29	0.33	0	|	80.0	0.33(80)	0.33(80)	|	4328	
7473	177	ok	|	0.30	1.00	1.00	0.34	0.03	0	|	rapi	0.30	0.34	0	|	80.0	0.34(80)	0.34(80)	|	4328	
7473	178	ok	|	0.30	1.00	1.00	0.34	0.03	0	|	rapi	0.30	0.34	0	|	80.0	0.34(80)	0.34(80)	|	4328	
7473	179	ok	|	0.31	1.00	1.00	0.36	0.04	0	|	rapi	0.31	0.36	0	|	80.0	0.36(80)	0.36(80)	|	4328	
7473	180	ok	|	0.30	1.00	1.00	0.34	0.03	0	|	rapi	0.30	0.34	0	|	80.0	0.34(80)	0.34(80)	|	4328	
7473	181	ok	|	0.28	1.00	1.00	0.32	0.03	0	|	rapi	0.28	0.32	0	|	80.0	0.32(80)	0.32(80)	|	4328	
7473	182	ok	|	0.27	1.00	1.00	0.31	0.03	0	|	rapi	0.27	0.31	0	|	80.0	0.31(80)	0.31(80)	|	4328	
7473	183	ok	|	0.29	1.00	1.00	0.33	0.03	0	|	rapi	0.29	0.33	0	|	80.0	0.33(80)	0.33(80)	|	4328	
7473	184	ok	|	0.26	1.00	1.00	0.30	0.03	0	|	rapi	0.26	0.30	0	|	80.0	0.30(80)	0.30(80)	|	4328	
7473	185	ok	|	0.24	1.00	1.00	0.28	0.03	0	|	rapi	0.24	0.28	0	|	80.0	0.28(80)	0.28(80)	|	4328	
7473	186	ok	|	0.26	1.00	1.00	0.30	0.03	0	|	rapi	0.26	0.30	0	|	80.0	0.30(80)	0.30(80)	|	4328	
7473	187	ok	|	0.25	1.00	1.00	0.28	0.03	0	|	rapi	0.25	0.28	0	|	80.0	0.28(80)	0.28(80)	|	4328	
7473	188	ok	|	0.25	1.00	1.00	0.28	0.03	0	|	rapi	0.25	0.28	0	|	80.0	0.28(80)	0.28(80)	|	4328	
7473	189	ok	|	0.23	1.00	1.00	0.25	0.03	0	|	rapi	0.23	0.25	0	|	80.0	0.25(80)	0.25(80)	|	4328	
7473	190	ok	|	0.24	1.00	1.00	0.26	0.03	0	|	rapi	0.24	0.26	0	|	80.0	0.26(80)	0.26(80)	|	4328	
7473	191	ok	|	0.22	1.00	1.00	0.24	0.02	0	|	rapi	0.22	0.24	0	|	80.0	0.24(80)	0.24(80)	|	4328	
7473	192	ok	|	0.23	1.00	1.00	0.25	0.02	0	|	rapi	0.23	0.25	0	|	80.0	0.25(80)	0.25(80)	|	4328	
7473	193	ok	|	0.21	1.00	1.00	0.23	0.02	0	|	rapi	0.21	0.23	0	|	80.0	0.23(80)	0.23(80)	|	4328	
7473	194	ok	|	0.21	1.00	1.00	0.23	0.02	0	|	rapi	0.21	0.23	0	|	80.0	0.23(80)	0.23(80)	|	4328	
7473	195	ok	|	0.19	1.00	1.00	0.20	0.02	0	|	rapi	0.19	0.20	0	|	80.0	0.20(80)	0.20(80)	|	4328	
7473	196	ok	|	0.21	1.00	1.00	0.23	0.02	0	|	rapi	0.21	0.23	0	|	80.0	0.23(80)	0.23(80)	|	4328	
7473	197	ok	|	0.20	1.00	1.00	0.23	0.02	0	|	rapi	0.20	0.23	0	|	80.0	0.23(80)	0.23(80)	|	4328	
7473	198	ok	|	0.19	1.00	1.00	0.22	0.02	0	|	rapi	0.19	0.22	0	|	80.0	0.22(80)	0.22(80)	|	4328	
7473	199	ok	|	0.20	1.00	1.00	0.23	0.02	0	|	rapi	0.20	0.23	0	|	80.0	0.23(80)	0.23(80)	|	4328	
7473	200	ok	|	0.20	1.00	1.00	0.21	0.02	0	|	rapi	0.20	0.21	0	|	80.0	0.21(80)	0.21(80)	|	4328	
7473	201	ok	|	0.17	1.00	1.00	0.19	0.02	0	|	rapi	0.17	0.19	0	|	80.0	0.19(80)	0.19(80)	|	4328	
7473	202	ok	|	0.15	1.00	1.00	0.17	0.02	0	|	rapi	0.15	0.17	0	|	80.0	0.17(80)	0.17(80)	|	4328	
7473	203	ok	|	0.15	1.00	1.00	0.16	0.02	0	|	rapi	0.15	0.16	0	|	80.0	0.16(80)	0.16(80)	|	4328	
7473	204	ok	|	0.16	1.00	1.00	0.17	0.02	0	|	rapi	0.16	0.17	0	|	80.0	0.17(80)	0.17(80)	|	4328	
7473	205	ok	|	0.15	1.00	1.00	0.15	0.02	0	|	rapi	0.15	0.15	0	|	80.0	0.15(80)	0.15(80)	|	4328	
7473	206	ok	|	0.15	1.00	1.00	0.16	0.02	0	|	rapi	0.15	0.16	0	|	80.0	0.16(80)	0.16(80)	|	4328	
7473	207	ok	|	0.17	1.00	1.00	0.18	0.02	0	|	rapi	0.17	0.18	0	|	80.0	0.18(80)	0.18(80)	|	4328	
7473	208	ok	|	0.15	1.00	1.00	0.16	0.02	0	|	rapi	0.15	0.16	0	|	80.0	0.16(80)	0.16(80)	|	4328	
7473	209	ok	|	0.15	1.00	1.00	0.17	0.02	0	|	rapi	0.15	0.17	0	|	80.0	0.17(80)	0.17(80)	|	4328	
7473	210	ok	|	0.15	1.00	1.00	0.17	0.02	0	|	rapi	0.15	0.17	0	|	80.0	0.17(80)	0.17(80)	|	4328	
7473	211	ok	|	0.14	1.00	1.00	0.15	0.02	0	|	rapi	0.14	0.15	0	|	80.0	0.15(80)	0.15(80)	|	4328	
7473	212	ok	|	0.16	1.00	1.00	0.17	0.02	0	|	rapi	0.16	0.17	0	|	80.0	0.17(80)	0.17(80)	|	4328	
7473	213	ok	|	0.16	1.00	1.00	0.18	0.02	0	|	rapi	0.16	0.18	0	|	80.0	0.18(80)	0.18(80)	|	4328	
7473	214	ok	|	0.16	1.00	1.00	0.18	0.02	0	|	rapi	0.16	0.18	0	|	80.0	0.18(80)	0.18(80)	|	4328	
7473	215	ok	|	0.18	1.00	1.00	0.20	0.02	0	|	rapi	0.18	0.20	0	|	80.0	0.20(80)	0.20(80)	|	4328	
7473	216	ok	|	0.19	1.00	1.00	0.19	0.02	0	|	rapi	0.19	0.19	0	|	80.0	0.19(80)	0.19(80)	|	4328	
7473	217	ok	|	0.18	1.00	1.00	0.19	0.02	0	|	rapi	0.18	0.19	0	|	80.0	0.19(80)	0.19(80)	|	4328	
7473	218	ok	|	0.17	1.00	1.00	0.19	0.02	0	|	rapi	0.17	0.19	0	|	80.0	0.19(80)	0.19(80)	|	4328	
7473	219	ok	|	0.16	1.00	1.00	0.17	0.02	0	|	rapi	0.16	0.17	0	|	80.0	0.17(80)	0.17(80)	|	4328	
7473	220	ok	|	0.17	1.00	1.00	0.18	0.02	0	|	rapi	0.17	0.18	0	|	80.0	0.18(80)	0.18(80)	|	4328	
7473	221	ok	|	0.16	1.00	1.00	0.18	0.02	0	|	rapi	0.16	0.18	0	|	80.0	0.18(80)	0.18(80)	|	4328	
7473	222	ok	|	0.17	1.00	1.00	0.19	0.02	0	|	rapi	0.17	0.19	0	|	80.0	0.19(80)	0.19(80)	|	4328	
7473	223	ok	|	0.18	1.00	1.00	0.19	0.02	0	|	rapi	0.18	0.19	0	|	80.0	0.19(80)	0.19(80)	|	4328	
7473	224	ok	|	0.20	1.00	1.00	0.21	0.03	0	|	rapi	0.20	0.21	0	|	80.0	0.21(80)	0.21(80)	|	4328	
7473	225	ok	|	0.19	1.00	1.00	0.21	0.03	0	|	rapi	0.19	0.21	0	|	80.0	0.21(80)	0.21(80)	|	4328	
7473	226	ok	|	0.20	1.00	1.00	0.21	0.03	0	|	rapi	0.20	0.21	0	|	80.0	0.21(80)	0.21(80)	|	4328	
7473	227	ok	|	0.20	1.00	1.00	0.22	0.03	0	|	rapi	0.20	0.22	0	|	80.0	0.22(80)	0.22(80)	|	4328	
7473	228	ok	|	0.20	1.00	1.00	0.21	0.03	0	|	rapi	0.20	0.21	0	|	80.0	0.21(80)	0.21(80)	|	4328	
7473	229	ok	|	0.18	1.00	1.00	0.20	0.02	0	|	rapi	0.18	0.20	0	|	80.0	0.20(80)	0.20(80)	|	4328	
7473	230	ok	|	0.18	1.00	1.00	0.20	0.02	0	|	rapi	0.18	0.20	0	|	80.0	0.20(80)	0.20(80)	|	4328	
7473	231	ok	|	0.17	1.00	1.00	0.18	0.02	0	|	rapi	0.17	0.18	0	|	80.0	0.18(80)	0.18(80)	|	4328	
7473	232	ok	|	0.16	1.00	1.00	0.17	0.02	0	|	rapi	0.16	0.17	0	|	80.0	0.17(80)	0.17(80)	|	4328	
7473	233	ok	|	0.15	1.00	1.00	0.16	0.02	0	|	rapi	0.15	0.16	0	|	80.0	0.16(80)	0.16(80)	|	4328	
7473	234	ok	|	0.14	1.00	1.00	0.15	0.02	0	|	rapi	0.14	0.15	0	|	80.0	0.15(80)	0.15(80)	|	4328	
7473	235	ok	|	0.14	1.00	1.00	0.14	0.02	0	|	rapi	0.14	0.14	0	|	80.0	0.14(80)	0.14(80)	|	4328	
7473	236	ok	|	0.12	1.00	1.00	0.13	0.02	0	|	rapi	0.12	0.13	0	|	80.0	0.13(80)	0.13(80)	|	4328	
7473	237	ok	|	0.12	1.00	1.00	0.13	0.02	0	|	rapi	0.12	0.13	0	|	80.0	0.13(80)	0.13(80)	|	4328	
7473	238	ok	|	0.13	1.00	1.00	0.15	0.02	0	|	rapi	0.13	0.15	0	|	80.0	0.15(80)	0.15(80)	|	4328	
7473	239	ok	|	0.14	1.00	1.00	0.15	0.02	0	|	rapi	0.14	0.15	0	|	80.0	0.15(80)	0.15(80)	|	4328	
7473	240	ok	|	0.14	1.00	1.00	0.15	0.02	0	|	rapi	0.14	0.15	0	|	80.0	0.15(80)	0.15(80)	|	4328	
7473	241	ok	|	0.14	1.00	1.00	0.15	0.02	0	|	rapi	0.14	0.15	0	|	80.0	0.15(80)	0.15(80)	|	4328	
7473	242	ok	|	0.15	1.00	1.00	0.16	0.02	0	|	rapi	0.15	0.16	0	|	80.0	0.16(80)	0.16(80)	|	4328	
7473	243	ok	|	0.14	1.00	1.00	0.15	0.02	0	|	rapi	0.14	0.15	0	|	80.0	0.15(80)	0.15(80)	|	4328	
7473	244	ok	|	0.14	1.00	1.00	0.15	0.02	0	|	rapi	0.14	0.15	0	|	80.0	0.15(80)	0.15(80)	|	4328	
7473	245	ok	|	0.14	1.00	1.00	0.15	0.02	0	|	rapi	0.14	0.15	0	|	80.0	0.15(80)	0.15(80)	|	4328	
7473	246	ok	|	0.14	1.00	1.00	0.16	0.03	0	|	rapi	0.14	0.16	0	|	80.0	0.16(80)	0.16(80)	|	4328	
7473	247	ok	|	0.14	1.00	1.00	0.15	0.02	0	|	rapi	0.14	0.15	0	|	80.0	0.15(80)	0.15(80)	|	4328	
7473	248	ok	|	0.15	1.00	1.00	0.16	0.03	0	|	rapi	0.15	0.16	0	|	80.0	0.16(80)	0.16(80)	|	4328	
7473	249	ok	|	0.16	1.00	1.00	0.17	0.03	0	|	rapi	0.16	0.17	0	|	80.0	0.17(80)	0.17(80)	|	4328	
7473	250	ok	|	0.15	1.00	1.00	0.17	0.03	0	|	rapi	0.15	0.17	0	|	80.0	0.17(80)	0.17(80)	|	4328	
7473	251	ok	|	0.16	1.00	1.00	0.17	0.03	0	|	rapi	0.16	0.17	0	|	80.0	0.17(80)	0.17(80)	|	4328	
7473	252	ok	|	0.17	1.00	1.00	0.19	0.03	0	|	rapi	0.17	0.19	0	|	80.0	0.19(80)	0.19(80)	|	4328	
7473	253	ok	|	0.18	1.00	1.00	0.18	0.03	0	|	rapi	0.18	0.18	0	|	80.0	0.18(80)	0.18(80)	|	4328	
7473	254	ok	|	0.17	1.00	1.00	0.18	0.03	0	|	rapi	0.17	0.18	0	|	80.0	0.18(80)	0.18(80)	|	4328	
7473	255	ok	|	0.15	1.00	1.00	0.17	0.03	0	|	rapi	0.15	0.17	0	|	80.0	0.17(80)	0.17(80)	|	4328	
7473	256	ok	|	0.17	1.00	1.00	0.19	0.03	0	|	rapi	0.17	0.19	0	|	80.0	0.19(80)	0.19(80)	|	4328	
7473	257	ok	|	0.17	1.00	1.00	0.19	0.03	0	|	rapi	0.17	0.19	0	|	80.0	0.19(80)	0.19(80)	|	4328	
7473	258	ok	|	0.19	1.00	1.00	0.20	0.03	0	|	rapi	0.19	0.20	0	|	80.0	0.20(80)	0.20(80)	|	4328	
7473	259	ok	|	0.20	1.00	1.00	0.21	0.03	0	|	rapi	0.20	0.21	0	|	80.0	0.21(80)	0.21(80)	|	4328	
7473	260	ok	|	0.20	1.00	1.00	0.22	0.04	0	|	rapi	0.20	0.22	0	|	80.0	0.22(80)	0.22(80)	|	4328	
7473	261	ok	|	0.21	1.00	1.00	0.22	0.04	0	|	rapi	0.21	0.22	0	|	80.0	0.22(80)	0.22(80)	|	4328	
7473	262	ok	|	0.22	1.00	1.00	0.23	0.04	0	|	rapi	0.22	0.23	0	|	80.0	0.23(80)	0.23(80)	|	4328	
7473	263	ok	|	0.21	1.00	1.00	0.22	0.04	0	|	rapi	0.21	0.22	0	|	80.0	0.22(80)	0.22(80)	|	4328	
7473	264	ok	|	0.22	1.00	1.00	0.23	0.04	0	|	rapi	0.22	0.23	0	|	80.0	0.23(80)	0.23(80)	|	4328	
7473	265	ok	|	0.22	1.00	1.00	0.23	0.04	0	|	rapi	0.22	0.23	0	|	80.0	0.23(80)	0.23(80)	|	4328	
7473	266	ok	|	0.22	1.00	1.00	0.23	0.04	0	|	rapi	0.22	0.23	0	|	80.0	0.23(80)	0.23(80)	|	4328	
7473	267	ok	|	0.23	1.00	1.00	0.24	0.04	0	|	rapi	0.23	0.24	0	|	80.0	0.24(80)	0.24(80)	|	4328	
7473	268	ok	|	0.21	1.00	1.00	0.22	0.04	0	|	rapi	0.21	0.22	0	|	80.0	0.22(80)	0.22(80)	|	4328	
7473	269	ok	|	0.20	1.00	1.00	0.21	0.04	0	|	rapi	0.20	0.21	0	|	80.0	0.21(80)	0.21(80)	|	4328	
7473	270	ok	|	0.20	1.00	1.00	0.21	0.04	0	|	rapi	0.20	0.21	0	|	80.0	0.21(80)	0.21(80)	|	4328	
7473	271	ok	|	0.22	1.00	1.00	0.23	0.04	0	|	rapi	0.22	0.23	0	|	80.0	0.23(80)	0.23(80)	|	4328	
7473	272	ok	|	0.19	1.00	1.00	0.20	0.03	0	|	rapi	0.19	0.20	0	|	80.0	0.20(80)	0.20(80)	|	4328	
7473	273	ok	|	0.20	1.00	1.00	0.22	0.04	0	|	rapi	0.20	0.22	0	|	80.0	0.22(80)	0.22(80)	|	4328	
7473	274	ok	|	0.20	1.00	1.00	0.22	0.04	0	|	rapi	0.20	0.22	0	|	80.0	0.22(80)	0.22(80)	|	4328	
7473	275	ok	|	0.22	1.00	1.00	0.23	0.04	0	|	rapi	0.22	0.23	0	|	80.0	0.23(80)	0.23(80)	|	4328	
7473	276	ok	|	0.20	1.00	1.00	0.22	0.04	0	|	rapi	0.20	0.22	0	|	80.0	0.22(80)	0.22(80)	|	4328	
7473	277	ok	|	0.21	1.00	1.00	0.22	0.04	0	|	rapi	0.21	0.22	0	|	80.0	0.22(80)	0.22(80)	|	4328	
7473	278	ok	|	0.21	1.00	1.00	0.24	0.04	0	|	rapi	0.21	0.24	0	|	80.0	0.24(80)	0.24(80)	|	4328	
7473	279	ok	|	0.25	1.00	1.00	0.28	0.05	0	|	rapi	0.25	0.28	0	|	80.0	0.28(80)	0.28(80)	|	4328	
7473	280	ok	|	0.24	1.00	1.00	0.27	0.05	0	|	rapi	0.24	0.27	0	|	80.0	0.27(80)	0.27(80)	|	4328	
7473	281	ok	|	0.27	1.00	1.00	0.30	0.05	0	|	rapi	0.27	0.30	0	|	80.0	0.30(80)	0.30(80)	|	4328	
7473	282	ok	|	0.27	1.00	1.00	0.29	0.05	0	|	rapi	0.27	0.29	0	|	80.0	0.29(80)	0.29(80)	|	4328	
7473	283	ok	|	0.27	1.00	1.00	0.30	0.07	0	|	rapi	0.27	0.30	0	|	80.0	0.30(80)	0.30(80)	|	4328	
7473	284	ok	|	0.27	1.00	1.00	0.29	0.07	0	|	rapi	0.27	0.29	0	|	80.0	0.29(80)	0.29(80)	|	4328	
7473	285	ok	|	0.25	1.00	1.00	0.29	0.07	0	|	rapi	0.25	0.29	0	|	80.0	0.29(80)	0.29(80)	|	4328	
7473	286	ok	|	0.26	1.00	1.00	0.30	0.07	0	|	rapi	0.26	0.30	0	|	80.0	0.30(80)	0.30(80)	|	4328	
7473	287	ok	|	0.27	1.00	1.00	0.30	0.07	0	|	rapi	0.27	0.30	0	|	80.0	0.30(80)	0.30(80)	|	4328	
7473	288	ok	|	0.28	1.00	1.00	0.32	0.08	0	|	rapi	0.28	0.32	0	|	80.0	0.32(80)	0.32(80)	|	4328	
7473	289	ok	|	0.29	1.00	1.00	0.31	0.08	0	|	rapi	0.29	0.31	0	|	80.0	0.31(80)	0.31(80)	|	4328	
7473	290	ok	|	0.26	1.00	1.00	0.29	0.07	0	|	rapi	0.26	0.29	0	|	80.0	0.29(80)	0.29(80)	|	4328	
7473	291	ok	|	0.24	1.00	1.00	0.28	0.07	0	|	rapi	0.24	0.28	0	|	80.0	0.28(80)	0.28(80)	|	4328	
7473	292	ok	|	0.26	1.00	1.00	0.29	0.07	0	|	rapi	0.26	0.29	0	|	80.0	0.29(80)	0.29(80)	|	4328	
7473	293	ok	|	0.26	1.00	1.00	0.29	0.07	0	|	rapi	0.26	0.29	0	|	80.0	0.29(80)	0.29(80)	|	4328	
7473	294	ok	|	0.25	1.00	1.00	0.28	0.07	0	|	rapi	0.25	0.28	0	|	80.0	0.28(80)	0.28(80)	|	4328	
7473	295	ok	|	0.24	1.00	1.00	0.27	0.07	0	|	rapi	0.24	0.27	0	|	80.0	0.27(80)	0.27(80)	|	4328	
7473	296	ok	|	0.24	1.00	1.00	0.28	0.07	0	|	rapi	0.24	0.28	0	|	80.0	0.28(80)	0.28(80)	|	4328	
7473	297	ok	|	0.26	1.00	1.00	0.29	0.07	0	|	rapi	0.26	0.29	0	|	80.0	0.29(80)	0.29(80)	|	4328	
7473	298	ok	|	0.26	1.00	1.00	0.29	0.07	0	|	rapi	0.26	0.29	0	|	80.0	0.29(80)	0.29(80)	|	4328	
7473	299	ok	|	0.27	1.00	1.00	0.30	0.07	0	|	rapi	0.27	0.30	0	|	80.0	0.30(80)	0.30(80)	|	4328	
7473	300	ok	|	0.26	1.00	1.00	0.29	0.07	0	|	rapi	0.26	0.29	0	|	80.0	0.29(80)	0.29(80)	|	4328	
7473	301	ok	|	0.28	1.00	1.00	0.31	0.08	0	|	rapi	0.28	0.31	0	|	80.0	0.31(80)	0.31(80)	|	4328	
7473	302	ok	|	0.26	1.00	1.00	0.28	0.07	0	|	rapi	0.26	0.28	0	|	80.0	0.28(80)	0.28(80)	|	4328	
7473	303	ok	|	0.25	1.00	1.00	0.28	0.07	0	|	rapi	0.25	0.28	0	|	80.0	0.28(80)	0.28(80)	|	4328	
7473	304	ok	|	0.23	1.00	1.00	0.26	0.06	0	|	rapi	0.23	0.26	0	|	80.0	0.26(80)	0.26(80)	|	4328	
7473	305	ok	|	0.23	1.00	1.00	0.24	0.06	0	|	rapi	0.23	0.24	0	|	80.0	0.24(80)	0.24(80)	|	4328	
7473	306	ok	|	0.23	1.00	1.00	0.25	0.06	0	|	rapi	0.23	0.25	0	|	80.0	0.25(80)	0.25(80)	|	4328	
7473	307	ok	|	0.22	1.00	1.00	0.24	0.06	0	|	rapi	0.22	0.24	0	|	80.0	0.24(80)	0.24(80)	|	4328	
7473	308	ok	|	0.22	1.00	1.00	0.24	0.06	0	|	rapi	0.22	0.24	0	|	80.0	0.24(80)	0.24(80)	|	4328	
7473	309	ok	|	0.21	1.00	1.00	0.24	0.06	0	|	rapi	0.21	0.24	0	|	80.0	0.24(80)	0.24(80)	|	4328	
7473	310	ok	|	0.20	1.00	1.00	0.24	0.06	0	|	rapi	0.20	0.24	0	|	80.0	0.24(80)	0.24(80)	|	4328	
7473	311	ok	|	0.21	1.00	1.00	0.24	0.06	0	|	rapi	0.21	0.24	0	|	80.0	0.24(80)	0.24(80)	|	4328	
7473	312	ok	|	0.19	1.00	1.00	0.20	0.05	0	|	rapi	0.19	0.20	0	|	80.0	0.20(80)	0.20(80)	|	4328	
7473	313	ok	|	0.20	1.00	1.00	0.22	0.05	0	|	rapi	0.20	0.22	0	|	80.0	0.22(80)	0.22(80)	|	4328	
7473	314	ok	|	0.18	1.00	1.00	0.20	0.05	0	|	rapi	0.18	0.20	0	|	80.0	0.20(80)	0.20(80)	|	4328	
7473	315	ok	|	0.24	1.00	1.00	0.26	0.06	0	|	rapi	0.24	0.26	0	|	80.0	0.26(80)	0.26(80)	|	4328	
7473	316	ok	|	0.20	1.00	1.00	0.22	0.06	0	|	rapi	0.20	0.22	0	|	80.0	0.22(80)	0.22(80)	|	4328	
7473	317	ok	|	0.19	1.00	1.00	0.21	0.05	0	|	rapi	0.19	0.21	0	|	80.0	0.21(80)	0.21(80)	|	4328	
7473	318	ok	|	0.21	1.00	1.00	0.22	0.06	0	|	rapi	0.21	0.22	0	|	80.0	0.22(80)	0.22(80)	|	4328	
7473	319	ok	|	0.21	1.00	1.00	0.24	0.06	0	|	rapi	0.21	0.24	0	|	80.0	0.24(80)	0.24(80)	|	4328	
7473	320	ok	|	0.23	1.00	1.00	0.26	0.06	0	|	rapi	0.23	0.26	0	|	80.0	0.26(80)	0.26(80)	|	4328	
7473	321	ok	|	0.22	1.00	1.00	0.23	0.06	0	|	rapi	0.22	0.23	0	|	80.0	0.23(80)	0.23(80)	|	4328	
7473	322	ok	|	0.21	1.00	1.00	0.22	0.05	0	|	rapi	0.21	0.22	0	|	80.0	0.22(80)	0.22(80)	|	4328	
7473	323	ok	|	0.19	1.00	1.00	0.21	0.05	0	|	rapi	0.19	0.21	0	|	80.0	0.21(80)	0.21(80)	|	4328	
7473	324	ok	|	0.19	1.00	1.00	0.20	0.05	0	|	rapi	0.19	0.20	0	|	80.0	0.20(80)	0.20(80)	|	4328	
7473	325	ok	|	0.20	1.00	1.00	0.21	0.05	0	|	rapi	0.20	0.21	0	|	80.0	0.21(80)	0.21(80)	|	4328	
7473	326	ok	|	0.20	1.00	1.00	0.21	0.05	0	|	rapi	0.20	0.21	0	|	80.0	0.21(80)	0.21(80)	|	4328	
7473	327	ok	|	0.22	1.00	1.00	0.24	0.06	0	|	rapi	0.22	0.24	0	|	80.0	0.24(80)	0.24(80)	|	4328	
7473	328	ok	|	0.23	1.00	1.00	0.24	0.06	0	|	rapi	0.23	0.24	0	|	80.0	0.24(80)	0.24(80)	|	4328	
7473	329	ok	|	0.21	1.00	1.00	0.22	0.06	0	|	rapi	0.21	0.22	0	|	80.0	0.22(80)	0.22(80)	|	4328	
7473	330	ok	|	0.20	1.00	1.00	0.22	0.05	0	|	rapi	0.20	0.22	0	|	80.0	0.22(80)	0.22(80)	|	4328	
7473	331	ok	|	0.20	1.00	1.00	0.21	0.05	0	|	rapi	0.20	0.21	0	|	80.0	0.21(80)	0.21(80)	|	4328	
7473	332	ok	|	0.19	1.00	1.00	0.21	0.05	0	|	rapi	0.19	0.21	0	|	80.0	0.21(80)	0.21(80)	|	4328	
7473	333	ok	|	0.20	1.00	1.00	0.22	0.05	0	|	rapi	0.20	0.22	0	|	80.0	0.22(80)	0.22(80)	|	4328	
7473	334	ok	|	0.22	1.00	1.00	0.23	0.06	0	|	rapi	0.22	0.23	0	|	80.0	0.23(80)	0.23(80)	|	4328	
7473	335	ok	|	0.22	1.00	1.00	0.24	0.06	0	|	rapi	0.22	0.24	0	|	80.0	0.24(80)	0.24(80)	|	4328	
7473	336	ok	|	0.21	1.00	1.00	0.23	0.06	0	|	rapi	0.21	0.23	0	|	80.0	0.23(80)	0.23(80)	|	4328	
7473	337	ok	|	0.22	1.00	1.00	0.24	0.06	0	|	rapi	0.22	0.24	0	|	80.0	0.24(80)	0.24(80)	|	4328	
7473	338	ok	|	0.24	1.00	1.00	0.25	0.06	0	|	rapi	0.24	0.25	0	|	80.0	0.25(80)	0.25(80)	|	4328	
7473	339	ok	|	0.24	1.00	1.00	0.27	0.07	0	|	rapi	0.24	0.27	0	|	80.0	0.27(80)	0.27(80)	|	4328	
7473	340	ok	|	0.23	1.00	1.00	0.26	0.06	0	|	rapi	0.23	0.26	0	|	80.0	0.26(80)	0.26(80)	|	4328	
7473	341	ok	|	0.20	1.00	1.00	0.23	0.06	0	|	rapi	0.20	0.23	0	|	80.0	0.23(80)	0.23(80)	|	4328	
7473	342	ok	|	0.21	1.00	1.00	0.22	0.06	0	|	rapi	0.21	0.22	0	|	80.0	0.22(80)	0.22(80)	|	4328	
7473	343	ok	|	0.20	1.00	1.00	0.23	0.06	0	|	rapi	0.20	0.23	0	|	80.0	0.23(80)	0.23(80)	|	4328	
7473	344	ok	|	0.21	1.00	1.00	0.23	0.06	0	|	rapi	0.21	0.23	0	|	80.0	0.23(80)	0.23(80)	|	4328	
7473	345	ok	|	0.23	1.00	1.00	0.25	0.06	0	|	rapi	0.23	0.25	0	|	80.0	0.25(80)	0.25(80)	|	4328	
7473	346	ok	|	0.22	1.00	1.00	0.25	0.06	0	|	rapi	0.22	0.25	0	|	80.0	0.25(80)	0.25(80)	|	4328	
7473	347	ok	|	0.24	1.00	1.00	0.27	0.07	0	|	rapi	0.24	0.27	0	|	80.0	0.27(80)	0.27(80)	|	4328	
7473	348	ok	|	0.25	1.00	1.00	0.28	0.07	0	|	rapi	0.25	0.28	0	|	80.0	0.28(80)	0.28(80)	|	4328	
7473	349	ok	|	0.29	1.00	1.00	0.32	0.08	0	|	rapi	0.29	0.32	0	|	80.0	0.32(80)	0.32(80)	|	4328	
7473	350	ok	|	0.29	1.00	1.00	0.32	0.08	0	|	rapi	0.29	0.32	0	|	80.0	0.32(80)	0.32(80)	|	4328	
7473	351	ok	|	0.28	1.00	1.00	0.31	0.08	0	|	rapi	0.28	0.31	0	|	80.0	0.31(80)	0.31(80)	|	4328	
7473	352	ok	|	0.29	1.00	1.00	0.32	0.08	0	|	rapi	0.29	0.32	0	|	80.0	0.32(80)	0.32(80)	|	4328	
7473	353	ok	|	0.30	1.00	1.00	0.33	0.08	0	|	rapi	0.30	0.33	0	|	80.0	0.33(80)	0.33(80)	|	4328	
7473	354	ok	|	0.30	1.00	1.00	0.34	0.08	0	|	rapi	0.30	0.34	0	|	80.0	0.34(80)	0.34(80)	|	4328	
7473	355	ok	|	0.27	1.00	1.00	0.30	0.07	0	|	rapi	0.27	0.30	0	|	80.0	0.30(80)	0.30(80)	|	4328	
7473	356	ok	|	0.27	1.00	1.00	0.31	0.08	0	|	rapi	0.27	0.31	0	|	80.0	0.31(80)	0.31(80)	|	4328	
7473	357	ok	|	0.26	1.00	1.00	0.29	0.07	0	|	rapi	0.26	0.29	0	|	80.0	0.29(80)	0.29(80)	|	4328	
7473	358	ok	|	0.25	1.00	1.00	0.28	0.07	0	|	rapi	0.25	0.28	0	|	80.0	0.28(80)	0.28(80)	|	4328	
7473	359	ok	|	0.28	1.00	1.00	0.33	0.08	0	|	rapi	0.28	0.33	0	|	80.0	0.33(80)	0.33(80)	|	4328	
7473	360	ok	|	0.30	1.00	1.00	0.34	0.09	0	|	rapi	0.30	0.34	0	|	80.0	0.34(80)	0.34(80)	|	4328	
7473	361	ok	|	0.34	1.00	1.00	0.39	0.10	0	|	rapi	0.34	0.39	0	|	80.0	0.39(80)	0.39(80)	|	4328	
7473	362	ok	|	0.35	1.00	1.00	0.39	0.10	0	|	rapi	0.35	0.39	0	|	80.0	0.39(80)	0.39(80)	|	4328	
7473	363	ok	|	0.39	1.00	1.00	0.44	0.11	0	|	rapi	0.39	0.44	0	|	80.0	0.44(80)	0.44(80)	|	4328	
7473	364	ok	|	0.39	1.00	1.00	0.43	0.11	0	|	rapi	0.39	0.43	0	|	80.0	0.43(80)	0.43(80)	|	4328	
7473	365	ok	|	0.36	1.00	1.00	0.41	0.10	0	|	rapi	0.36	0.41	0	|	80.0	0.41(80)	0.41(80)	|	4328	
7473	366	ok	|	0.36	1.00	1.00	0.41	0.10	0	|	rapi	0.36	0.41	0	|	80.0	0.41(80)	0.41(80)	|	4328	
7473	367	ok	|	0.36	1.00	1.00	0.42	0.11	0	|	rapi	0.36	0.42	0	|	80.0	0.42(80)	0.42(80)	|	4328	
7473	368	ok	|	0.37	1.00	1.00	0.43	0.11	0	|	rapi	0.37	0.43	0	|	80.0	0.43(80)	0.43(80)	|	4328	
7473	369	ok	|	0.37	1.00	1.00	0.42	0.11	0	|	rapi	0.37	0.42	0	|	80.0	0.42(80)	0.42(80)	|	4328	
7473	370	ok	|	0.38	1.00	1.00	0.42	0.11	0	|	rapi	0.38	0.42	0	|	80.0	0.42(80)	0.42(80)	|	4328	
7473	371	ok	|	0.37	1.00	1.00	0.43	0.11	0	|	rapi	0.37	0.43	0	|	80.0	0.43(80)	0.43(80)	|	4328	
7473	372	ok	|	0.40	1.00	1.00	0.45	0.11	0	|	rapi	0.40	0.45	0	|	80.0	0.45(80)	0.45(80)	|	4328	
7473	373	ok	|	0.39	1.00	1.00	0.43	0.11	0	|	rapi	0.39	0.43	0	|	80.0	0.43(80)	0.43(80)	|	4328	
7473	374	ok	|	0.36	1.00	1.00	0.41	0.10	0	|	rapi	0.36	0.41	0	|	80.0	0.41(80)	0.41(80)	|	4328	
7473	375	ok	|	0.38	1.00	1.00	0.43	0.11	0	|	rapi	0.38	0.43	0	|	80.0	0.43(80)	0.43(80)	|	4328	
7473	376	ok	|	0.39	1.00	1.00	0.44	0.11	0	|	rapi	0.39	0.44	0	|	80.0	0.44(80)	0.44(80)	|	4328	
7473	377	ok	|	0.39	1.00	1.00	0.43	0.11	0	|	rapi	0.39	0.43	0	|	80.0	0.43(80)	0.43(80)	|	4328	
7473	378	ok	|	0.38	1.00	1.00	0.44	0.11	0	|	rapi	0.38	0.44	0	|	80.0	0.44(80)	0.44(80)	|	4328	
7473	379	ok	|	0.38	1.00	1.00	0.44	0.11	0	|	rapi	0.38	0.44	0	|	80.0	0.44(80)	0.44(80)	|	4328	
7473	380	ok	|	0.38	1.00	1.00	0.44	0.11	0	|	rapi	0.38	0.44	0	|	80.0	0.44(80)	0.44(80)	|	4328	
7473	381	ok	|	0.37	1.00	1.00	0.42	0.11	0	|	rapi	0.37	0.42	0	|	80.0	0.42(80)	0.42(80)	|	4328	
7473	382	ok	|	0.36	1.00	1.00	0.41	0.10	0	|	rapi	0.36	0.41	0	|	80.0	0.41(80)	0.41(80)	|	4328	
7473	383	ok	|	0.34	1.00	1.00	0.39	0.10	0	|	rapi	0.34	0.39	0	|	80.0	0.39(80)	0.39(80)	|	4328	
7473	384	ok	|	0.36	1.00	1.00	0.41	0.10	0	|	rapi	0.36	0.41	0	|	80.0	0.41(80)	0.41(80)	|	4328	
7473	385	ok	|	0.35	1.00	1.00	0.40	0.10	0	|	rapi	0.35	0.40	0	|	80.0	0.40(80)	0.40(80)	|	4328	
7473	386	ok	|	0.35	1.00	1.00	0.39	0.10	0	|	rapi	0.35	0.39	0	|	80.0	0.39(80)	0.39(80)	|	4328	
7473	387	ok	|	0.35	1.00	1.00	0.40	0.10	0	|	rapi	0.35	0.40	0	|	80.0	0.40(80)	0.40(80)	|	4328	
7473	388	ok	|	0.36	1.00	1.00	0.40	0.10	0	|	rapi	0.36	0.40	0	|	80.0	0.40(80)	0.40(80)	|	4328	
7473	389	ok	|	0.34	1.00	1.00	0.39	0.10	0	|	rapi	0.34	0.39	0	|	80.0	0.39(80)	0.39(80)	|	4328	
7473	390	ok	|	0.35	1.00	1.00	0.38	0.10	0	|	rapi	0.35	0.38	0	|	80.0	0.38(80)	0.38(80)	|	4328	
7473	391	ok	|	0.33	1.00	1.00	0.37	0.09	0	|	rapi	0.33	0.37	0	|	80.0	0.37(80)	0.37(80)	|	4328	
7473	392	ok	|	0.34	1.00	1.00	0.37	0.09	0	|	rapi	0.34	0.37	0	|	80.0	0.37(80)	0.37(80)	|	4328	
7473	393	ok	|	0.35	1.00	1.00	0.40	0.10	0	|	rapi	0.35	0.40	0	|	80.0	0.40(80)	0.40(80)	|	4328	
7473	394	ok	|	0.34	1.00	1.00	0.38	0.10	0	|	rapi	0.34	0.38	0	|	80.0	0.38(80)	0.38(80)	|	4328	
7473	395	ok	|	0.36	1.00	1.00	0.41	0.10	0	|	rapi	0.36	0.41	0	|	80.0	0.41(80)	0.41(80)	|	4328	
7473	396	ok	|	0.36	1.00	1.00	0.42	0.10	0	|	rapi	0.36	0.42	0	|	80.0	0.42(80)	0.42(80)	|	4328	
7473	397	ok	|	0.35	1.00	1.00	0.40	0.10	0	|	rapi	0.35	0.40	0	|	80.0	0.40(80)	0.40(80)	|	4328	
7473	398	ok	|	0.37	1.00	1.00	0.42	0.10	0	|	rapi	0.37	0.42	0	|	80.0	0.42(80)	0.42(80)	|	4328	
7473	399	ok	|	0.35	1.00	1.00	0.41	0.10	0	|	rapi	0.35	0.41	0	|	80.0	0.41(80)	0.41(80)	|	4328	
7473	400	ok	|	0.34	1.00	1.00	0.38	0.10	0	|	rapi	0.34	0.38	0	|	80.0	0.38(80)	0.38(80)	|	4328	
7473	401	ok	|	0.35	1.00	1.00	0.39	0.10	0	|	rapi	0.35	0.39	0	|	80.0	0.39(80)	0.39(80)	|	4328	
7473	402	ok	|	0.35	1.00	1.00	0.40	0.10	0	|	rapi	0.35	0.40	0	|	80.0	0.40(80)	0.40(80)	|	4328	
7473	403	ok	|	0.35	1.00	1.00	0.38	0.10	0	|	rapi	0.35	0.38	0	|	80.0	0.38(80)	0.38(80)	|	4328	
7473	404	ok	|	0.32	1.00	1.00	0.36	0.09	0	|	rapi	0.32	0.36	0	|	80.0	0.36(80)	0.36(80)	|	4328	
7473	405	ok	|	0.34	1.00	1.00	0.38	0.10	0	|	rapi	0.34	0.38	0	|	80.0	0.38(80)	0.38(80)	|	4328	
7473	406	ok	|	0.35	1.00	1.00	0.39	0.10	0	|	rapi	0.35	0.39	0	|	80.0	0.39(80)	0.39(80)	|	4328	
7473	407	ok	|	0.36	1.00	1.00	0.41	0.10	0	|	rapi	0.36	0.41	0	|	80.0	0.41(80)	0.41(80)	|	4328	
7473	408	ok	|	0.37	1.00	1.00	0.42	0.11	0	|	rapi	0.37	0.42	0	|	80.0	0.42(80)	0.42(80)	|	4328	
7473	409	ok	|	0.37	1.00	1.00	0.42	0.11	0	|	rapi	0.37	0.42	0	|	80.0	0.42(80)	0.42(80)	|	4328	
7473	410	ok	|	0.36	1.00	1.00	0.41	0.10	0	|	rapi	0.36	0.41	0	|	80.0	0.41(80)	0.41(80)	|	4328	
7473	411	ok	|	0.37	1.00	1.00	0.42	0.10	0	|	rapi	0.37	0.42	0	|	80.0	0.42(80)	0.42(80)	|	4328	
7473	412	ok	|	0.36	1.00	1.00	0.41	0.10	0	|	rapi	0.36	0.41	0	|	80.0	0.41(80)	0.41(80)	|	4328	
7473	413	ok	|	0.34	1.00	1.00	0.39	0.10	0	|	rapi	0.34	0.39	0	|	80.0	0.39(80)	0.39(80)	|	4328	
7473	414	ok	|	0.36	1.00	1.00	0.41	0.10	0	|	rapi	0.36	0.41	0	|	80.0	0.41(80)	0.41(80)	|	4328	
7473	415	ok	|	0.36	1.00	1.00	0.41	0.10	0	|	rapi	0.36	0.41	0	|	80.0	0.41(80)	0.41(80)	|	4328	
7473	416	ok	|	0.34	1.00	1.00	0.39	0.10	0	|	rapi	0.34	0.39	0	|	80.0	0.39(80)	0.39(80)	|	4328	
7473	417	ok	|	0.33	1.00	1.00	0.38	0.10	0	|	rapi	0.33	0.38	0	|	80.0	0.38(80)	0.38(80)	|	4328	
7473	418	ok	|	0.35	1.00	1.00	0.41	0.10	0	|	rapi	0.35	0.41	0	|	80.0	0.41(80)	0.41(80)	|	4328	
7473	419	ok	|	0.36	1.00	1.00	0.41	0.10	0	|	rapi	0.36	0.41	0	|	80.0	0.41(80)	0.41(80)	|	4328	
7473	420	ok	|	0.39	1.00	1.00	0.43	0.11	0	|	rapi	0.39	0.43	0	|	80.0	0.43(80)	0.43(80)	|	4328	
7473	421	ok	|	0.34	1.00	1.00	0.38	0.10	0	|	rapi	0.34	0.38	0	|	80.0	0.38(80)	0.38(80)	|	4328	
7473	422	ok	|	0.34	1.00	1.00	0.39	0.10	0	|	rapi	0.34	0.39	0	|	80.0	0.39(80)	0.39(80)	|	4328	
7473	423	ok	|	0.33	1.00	1.00	0.36	0.09	0	|	rapi	0.33	0.36	0	|	80.0	0.36(80)	0.36(80)	|	4328	
7473	424	ok	|	0.33	1.00	1.00	0.36	0.09	0	|	rapi	0.33	0.36	0	|	80.0	0.36(80)	0.36(80)	|	4328	
7473	425	ok	|	0.34	1.00	1.00	0.38	0.09	0	|	rapi	0.34	0.38	0	|	80.0	0.38(80)	0.38(80)	|	4328	
7473	426	ok	|	0.33	1.00	1.00	0.37	0.09	0	|	rapi	0.33	0.37	0	|	80.0	0.37(80)	0.37(80)	|	4328	
7473	427	ok	|	0.31	1.00	1.00	0.35	0.09	0	|	rapi	0.31	0.35	0	|	80.0	0.35(80)	0.35(80)	|	4328	
7473	428	ok	|	0.31	1.00	1.00	0.34	0.09	0	|	rapi	0.31	0.34	0	|	80.0	0.34(80)	0.34(80)	|	4328	
7473	429	ok	|	0.31	1.00	1.00	0.34	0.09	0	|	rapi	0.31	0.34	0	|	80.0	0.34(80)	0.34(80)	|	4328	
7473	430	ok	|	0.33	1.00	1.00	0.37	0.09	0	|	rapi	0.33	0.37	0	|	80.0	0.37(80)	0.37(80)	|	4328	
7473	431	ok	|	0.31	1.00	1.00	0.35	0.09	0	|	rapi	0.31	0.35	0	|	80.0	0.35(80)	0.35(80)	|	4328	
7473	432	ok	|	0.30	1.00	1.00	0.33	0.08	0	|	rapi	0.30	0.33	0	|	80.0	0.33(80)	0.33(80)	|	4328	
7473	433	ok	|	0.29	1.00	1.00	0.33	0.08	0	|	rapi	0.29	0.33	0	|	80.0	0.33(80)	0.33(80)	|	4328	
7473	434	ok	|	0.29	1.00	1.00	0.32	0.08	0	|	rapi	0.29	0.32	0	|	80.0	0.32(80)	0.32(80)	|	4328	
7473	435	ok	|	0.28	1.00	1.00	0.31	0.08	0	|	rapi	0.28	0.31	0	|	80.0	0.31(80)	0.31(80)	|	4328	
7473	436	ok	|	0.30	1.00	1.00	0.33	0.08	0	|	rapi	0.30	0.33	0	|	80.0	0.33(80)	0.33(80)	|	4328	
7473	437	ok	|	0.31	1.00	1.00	0.34	0.09	0	|	rapi	0.31	0.34	0	|	80.0	0.34(80)	0.34(80)	|	4328	
7473	438	ok	|	0.31	1.00	1.00	0.34	0.09	0	|	rapi	0.31	0.34	0	|	80.0	0.34(80)	0.34(80)	|	4328	
7473	439	ok	|	0.31	1.00	1.00	0.33	0.08	0	|	rapi	0.31	0.33	0	|	80.0	0.33(80)	0.33(80)	|	4328	
7473	440	ok	|	0.32	1.00	1.00	0.35	0.09	0	|	rapi	0.32	0.35	0	|	80.0	0.35(80)	0.35(80)	|	4328	
7473	441	ok	|	0.33	1.00	1.00	0.36	0.09	0	|	rapi	0.33	0.36	0	|	80.0	0.36(80)	0.36(80)	|	4328	
7473	442	ok	|	0.34	1.00	1.00	0.38	0.09	0	|	rapi	0.34	0.38	0	|	80.0	0.38(80)	0.38(80)	|	4328	
7473	443	ok	|	0.34	1.00	1.00	0.38	0.09	0	|	rapi	0.34	0.38	0	|	80.0	0.38(80)	0.38(80)	|	4328	
7473	444	ok	|	0.33	1.00	1.00	0.37	0.09	0	|	rapi	0.33	0.37	0	|	80.0	0.37(80)	0.37(80)	|	4328	
7473	445	ok	|	0.30	1.00	1.00	0.35	0.09	0	|	rapi	0.30	0.35	0	|	80.0	0.35(80)	0.35(80)	|	4328	
7473	446	ok	|	0.29	1.00	1.00	0.32	0.08	0	|	rapi	0.29	0.32	0	|	80.0	0.32(80)	0.32(80)	|	4328	
7473	447	ok	|	0.28	1.00	1.00	0.31	0.08	0	|	rapi	0.28	0.31	0	|	80.0	0.31(80)	0.31(80)	|	4328	
7473	448	ok	|	0.30	1.00	1.00	0.33	0.08	0	|	rapi	0.30	0.33	0	|	80.0	0.33(80)	0.33(80)	|	4328	
7473	449	ok	|	0.29	1.00	1.00	0.32	0.08	0	|	rapi	0.29	0.32	0	|	80.0	0.32(80)	0.32(80)	|	4328	
7473	450	ok	|	0.27	1.00	1.00	0.30	0.07	0	|	rapi	0.27	0.30	0	|	80.0	0.30(80)	0.30(80)	|	4328	
7473	451	ok	|	0.24	1.00	1.00	0.27	0.07	0	|	rapi	0.24	0.27	0	|	80.0	0.27(80)	0.27(80)	|	4328	
7473	452	ok	|	0.25	1.00	1.00	0.27	0.07	0	|	rapi	0.25	0.27	0	|	80.0	0.27(80)	0.27(80)	|	4328	
7473	453	ok	|	0.26	1.00	1.00	0.28	0.07	0	|	rapi	0.26	0.28	0	|	80.0	0.28(80)	0.28(80)	|	4328	
7473	454	ok	|	0.26	1.00	1.00	0.28	0.07	0	|	rapi	0.26	0.28	0	|	80.0	0.28(80)	0.28(80)	|	4328	
7473	455	ok	|	0.26	1.00	1.00	0.29	0.07	0	|	rapi	0.26	0.29	0	|	80.0	0.29(80)	0.29(80)	|	4328	
7473	456	ok	|	0.26	1.00	1.00	0.29	0.07	0	|	rapi	0.26	0.29	0	|	80.0	0.29(80)	0.29(80)	|	4328	
7473	457	ok	|	0.25	1.00	1.00	0.28	0.07	0	|	rapi	0.25	0.28	0	|	80.0	0.28(80)	0.28(80)	|	4328	
7473	458	ok	|	0.25	1.00	1.00	0.27	0.07	0	|	rapi	0.25	0.27	0	|	80.0	0.27(80)	0.27(80)	|	4328	
7473	459	ok	|	0.26	1.00	1.00	0.29	0.07	0	|	rapi	0.26	0.29	0	|	80.0	0.29(80)	0.29(80)	|	4328	
7473	460	ok	|	0.26	1.00	1.00	0.29	0.07	0	|	rapi	0.26	0.29	0	|	80.0	0.29(80)	0.29(80)	|	4328	
7473	461	ok	|	0.28	1.00	1.00	0.31	0.08	0	|	rapi	0.28	0.31	0	|	80.0	0.31(80)	0.31(80)	|	4328	
7473	462	ok	|	0.27	1.00	1.00	0.29	0.07	0	|	rapi	0.27	0.29	0	|	80.0	0.29(80)	0.29(80)	|	4328	
7473	463	ok	|	0.25	1.00	1.00	0.28	0.07	0	|	rapi	0.25	0.28	0	|	80.0	0.28(80)	0.28(80)	|	4328	
7473	464	ok	|	0.25	1.00	1.00	0.28	0.07	0	|	rapi	0.25	0.28	0	|	80.0	0.28(80)	0.28(80)	|	4328	
7473	465	ok	|	0.25	1.00	1.00	0.27	0.07	0	|	rapi	0.25	0.27	0	|	80.0	0.27(80)	0.27(80)	|	4328	
7473	466	ok	|	0.25	1.00	1.00	0.26	0.07	0	|	rapi	0.25	0.26	0	|	80.0	0.26(80)	0.26(80)	|	4328	
7473	467	ok	|	0.24	1.00	1.00	0.26	0.07	0	|	rapi	0.24	0.26	0	|	80.0	0.26(80)	0.26(80)	|	4328	
7473	468	ok	|	0.25	1.00	1.00	0.27	0.07	0	|	rapi	0.25	0.27	0	|	80.0	0.27(80)	0.27(80)	|	4328	
7473	469	ok	|	0.27	1.00	1.00	0.28	0.07	0	|	rapi	0.27	0.28	0	|	80.0	0.28(80)	0.28(80)	|	4328	
7473	470	ok	|	0.27	1.00	1.00	0.29	0.07	0	|	rapi	0.27	0.29	0	|	80.0	0.29(80)	0.29(80)	|	4328	
7473	471	ok	|	0.29	1.00	1.00	0.32	0.08	0	|	rapi	0.29	0.32	0	|	80.0	0.32(80)	0.32(80)	|	4328	
7473	472	ok	|	0.29	1.00	1.00	0.32	0.08	0	|	rapi	0.29	0.32	0	|	80.0	0.32(80)	0.32(80)	|	4328	
7473	473	ok	|	0.29	1.00	1.00	0.33	0.08	0	|	rapi	0.29	0.33	0	|	80.0	0.33(80)	0.33(80)	|	4328	
7473	474	ok	|	0.29	1.00	1.00	0.33	0.08	0	|	rapi	0.29	0.33	0	|	80.0	0.33(80)	0.33(80)	|	4328	
7473	475	ok	|	0.30	1.00	1.00	0.35	0.09	0	|	rapi	0.30	0.35	0	|	80.0	0.35(80)	0.35(80)	|	4328	
7473	476	ok	|	0.31	1.00	1.00	0.35	0.09	0	|	rapi	0.31	0.35	0	|	80.0	0.35(80)	0.35(80)	|	4328	
7473	477	ok	|	0.29	1.00	1.00	0.33	0.08	0	|	rapi	0.29	0.33	0	|	80.0	0.33(80)	0.33(80)	|	4328	
7473	478	ok	|	0.30	1.00	1.00	0.34	0.08	0	|	rapi	0.30	0.34	0	|	80.0	0.34(80)	0.34(80)	|	4328	
7473	479	ok	|	0.28	1.00	1.00	0.32	0.08	0	|	rapi	0.28	0.32	0	|	80.0	0.32(80)	0.32(80)	|	4328	
7473	480	ok	|	0.27	1.00	1.00	0.30	0.08	0	|	rapi	0.27	0.30	0	|	80.0	0.30(80)	0.30(80)	|	4328	
7473	481	ok	|	0.29	1.00	1.00	0.32	0.08	0	|	rapi	0.29	0.32	0	|	80.0	0.32(80)	0.32(80)	|	4328	
7473	482	ok	|	0.30	1.00	1.00	0.35	0.09	0	|	rapi	0.30	0.35	0	|	80.0	0.35(80)	0.35(80)	|	4328	
7473	483	ok	|	0.31	1.00	1.00	0.36	0.09	0	|	rapi	0.31	0.36	0	|	80.0	0.36(80)	0.36(80)	|	4328	
7473	484	ok	|	0.34	1.00	1.00	0.38	0.10	0	|	rapi	0.34	0.38	0	|	80.0	0.38(80)	0.38(80)	|	4328	
7473	485	ok	|	0.36	1.00	1.00	0.42	0.10	0	|	rapi	0.36	0.42	0	|	80.0	0.42(80)	0.42(80)	|	4328	
7473	486	ok	|	0.36	1.00	1.00	0.41	0.10	0	|	rapi	0.36	0.41	0	|	80.0	0.41(80)	0.41(80)	|	4328	
7473	487	ok	|	0.38	1.00	1.00	0.43	0.11	0	|	rapi	0.38	0.43	0	|	80.0	0.43(80)	0.43(80)	|	4328	
7473	488	ok	|	0.36	1.00	1.00	0.40	0.10	0	|	rapi	0.36	0.40	0	|	80.0	0.40(80)	0.40(80)	|	4328	
7473	489	ok	|	0.38	1.00	1.00	0.42	0.11	0	|	rapi	0.38	0.42	0	|	80.0	0.42(80)	0.42(80)	|	4328	
7473	490	ok	|	0.36	1.00	1.00	0.41	0.10	0	|	rapi	0.36	0.41	0	|	80.0	0.41(80)	0.41(80)	|	4328	
7473	491	ok	|	0.35	1.00	1.00	0.39	0.10	0	|	rapi	0.35	0.39	0	|	80.0	0.39(80)	0.39(80)	|	4328	
7473	492	ok	|	0.34	1.00	1.00	0.39	0.10	0	|	rapi	0.34	0.39	0	|	80.0	0.39(80)	0.39(80)	|	4328	
7473	493	ok	|	0.34	1.00	1.00	0.39	0.10	0	|	rapi	0.34	0.39	0	|	80.0	0.39(80)	0.39(80)	|	4328	
7473	494	ok	|	0.31	1.00	1.00	0.35	0.09	0	|	rapi	0.31	0.35	0	|	80.0	0.35(80)	0.35(80)	|	4328	
7473	495	ok	|	0.32	1.00	1.00	0.35	0.09	0	|	rapi	0.32	0.35	0	|	80.0	0.35(80)	0.35(80)	|	4328	
7473	496	ok	|	0.31	1.00	1.00	0.34	0.08	0	|	rapi	0.31	0.34	0	|	80.0	0.34(80)	0.34(80)	|	4328	
7473	497	ok	|	0.29	1.00	1.00	0.33	0.08	0	|	rapi	0.29	0.33	0	|	80.0	0.33(80)	0.33(80)	|	4328	
7473	498	ok	|	0.32	1.00	1.00	0.35	0.09	0	|	rapi	0.32	0.35	0	|	80.0	0.35(80)	0.35(80)	|	4328	
7473	499	ok	|	0.30	1.00	1.00	0.36	0.09	0	|	rapi	0.30	0.36	0	|	80.0	0.36(80)	0.36(80)	|	4328	
7473	500	ok	|	0.30	1.00	1.00	0.35	0.09	0	|	rapi	0.30	0.35	0	|	80.0	0.35(80)	0.35(80)	|	4328	
7473	501	ok	|	0.30	1.00	1.00	0.34	0.09	0	|	rapi	0.30	0.34	0	|	80.0	0.34(80)	0.34(80)	|	4328	
7473	502	ok	|	0.29	1.00	1.00	0.34	0.08	0	|	rapi	0.29	0.34	0	|	80.0	0.34(80)	0.34(80)	|	4328	
7473	503	ok	|	0.30	1.00	1.00	0.35	0.09	0	|	rapi	0.30	0.35	0	|	80.0	0.35(80)	0.35(80)	|	4328	
7473	504	ok	|	0.30	1.00	1.00	0.34	0.09	0	|	rapi	0.30	0.34	0	|	80.0	0.34(80)	0.34(80)	|	4328	
7473	505	ok	|	0.32	1.00	1.00	0.35	0.09	0	|	rapi	0.32	0.35	0	|	80.0	0.35(80)	0.35(80)	|	4328	
7473	506	ok	|	0.31	1.00	1.00	0.35	0.09	0	|	rapi	0.31	0.35	0	|	80.0	0.35(80)	0.35(80)	|	4328	
7473	507	ok	|	0.30	1.00	1.00	0.34	0.08	0	|	rapi	0.30	0.34	0	|	80.0	0.34(80)	0.34(80)	|	4328	
7473	508	ok	|	0.31	1.00	1.00	0.34	0.09	0	|	rapi	0.31	0.34	0	|	80.0	0.34(80)	0.34(80)	|	4328	
7473	509	ok	|	0.29	1.00	1.00	0.32	0.08	0	|	rapi	0.29	0.32	0	|	80.0	0.32(80)	0.32(80)	|	4328	
7473	510	ok	|	0.29	1.00	1.00	0.33	0.08	0	|	rapi	0.29	0.33	0	|	80.0	0.33(80)	0.33(80)	|	4328	
7473	511	ok	|	0.28	1.00	1.00	0.32	0.08	0	|	rapi	0.28	0.32	0	|	80.0	0.32(80)	0.32(80)	|	4328	
7473	512	ok	|	0.30	1.00	1.00	0.33	0.08	0	|	rapi	0.30	0.33	0	|	80.0	0.33(80)	0.33(80)	|	4328	
7473	513	ok	|	0.29	1.00	1.00	0.33	0.08	0	|	rapi	0.29	0.33	0	|	80.0	0.33(80)	0.33(80)	|	4328	
7473	514	ok	|	0.28	1.00	1.00	0.31	0.08	0	|	rapi	0.28	0.31	0	|	80.0	0.31(80)	0.31(80)	|	4328	
7473	515	ok	|	0.28	1.00	1.00	0.32	0.08	0	|	rapi	0.28	0.32	0	|	80.0	0.32(80)	0.32(80)	|	4328	
7473	516	ok	|	0.30	1.00	1.00	0.33	0.08	0	|	rapi	0.30	0.33	0	|	80.0	0.33(80)	0.33(80)	|	4328	
7473	517	ok	|	0.29	1.00	1.00	0.33	0.08	0	|	rapi	0.29	0.33	0	|	80.0	0.33(80)	0.33(80)	|	4328	
7473	518	ok	|	0.28	1.00	1.00	0.30	0.07	0	|	rapi	0.28	0.30	0	|	80.0	0.30(80)	0.30(80)	|	4328	
7473	519	ok	|	0.28	1.00	1.00	0.30	0.08	0	|	rapi	0.28	0.30	0	|	80.0	0.30(80)	0.30(80)	|	4328	
7473	520	ok	|	0.28	1.00	1.00	0.31	0.08	0	|	rapi	0.28	0.31	0	|	80.0	0.31(80)	0.31(80)	|	4328	
7473	521	ok	|	0.28	1.00	1.00	0.31	0.08	0	|	rapi	0.28	0.31	0	|	80.0	0.31(80)	0.31(80)	|	4328	
7473	522	ok	|	0.26	1.00	1.00	0.30	0.07	0	|	rapi	0.26	0.30	0	|	80.0	0.30(80)	0.30(80)	|	4328	
7473	523	ok	|	0.25	1.00	1.00	0.28	0.07	0	|	rapi	0.25	0.28	0	|	80.0	0.28(80)	0.28(80)	|	4328	
7473	524	ok	|	0.24	1.00	1.00	0.27	0.07	0	|	rapi	0.24	0.27	0	|	80.0	0.27(80)	0.27(80)	|	4328	
7473	525	ok	|	0.25	1.00	1.00	0.27	0.07	0	|	rapi	0.25	0.27	0	|	80.0	0.27(80)	0.27(80)	|	4328	
7473	526	ok	|	0.26	1.00	1.00	0.28	0.07	0	|	rapi	0.26	0.28	0	|	80.0	0.28(80)	0.28(80)	|	4328	
7473	527	ok	|	0.27	1.00	1.00	0.29	0.07	0	|	rapi	0.27	0.29	0	|	80.0	0.29(80)	0.29(80)	|	4328	
7473	528	ok	|	0.26	1.00	1.00	0.29	0.07	0	|	rapi	0.26	0.29	0	|	80.0	0.29(80)	0.29(80)	|	4328	
7473	529	ok	|	0.28	1.00	1.00	0.31	0.08	0	|	rapi	0.28	0.31	0	|	80.0	0.31(80)	0.31(80)	|	4328	
7473	530	ok	|	0.28	1.00	1.00	0.32	0.08	0	|	rapi	0.28	0.32	0	|	80.0	0.32(80)	0.32(80)	|	4328	
7473	531	ok	|	0.29	1.00	1.00	0.32	0.08	0	|	rapi	0.29	0.32	0	|	80.0	0.32(80)	0.32(80)	|	4328	
7473	532	ok	|	0.26	1.00	1.00	0.28	0.07	0	|	rapi	0.26	0.28	0	|	80.0	0.28(80)	0.28(80)	|	4328	
7473	533	ok	|	0.25	1.00	1.00	0.28	0.07	0	|	rapi	0.25	0.28	0	|	80.0	0.28(80)	0.28(80)	|	4328	
7473	534	ok	|	0.24	1.00	1.00	0.26	0.07	0	|	rapi	0.24	0.26	0	|	80.0	0.26(80)	0.26(80)	|	4328	
7473	535	ok	|	0.23	1.00	1.00	0.26	0.07	0	|	rapi	0.23	0.26	0	|	80.0	0.26(80)	0.26(80)	|	4328	
7473	536	ok	|	0.23	1.00	1.00	0.25	0.06	0	|	rapi	0.23	0.25	0	|	80.0	0.25(80)	0.25(80)	|	4328	
7473	537	ok	|	0.25	1.00	1.00	0.28	0.07	0	|	rapi	0.25	0.28	0	|	80.0	0.28(80)	0.28(80)	|	4328	
7473	538	ok	|	0.26	1.00	1.00	0.28	0.07	0	|	rapi	0.26	0.28	0	|	80.0	0.28(80)	0.28(80)	|	4328	
7473	539	ok	|	0.27	1.00	1.00	0.30	0.08	0	|	rapi	0.27	0.30	0	|	80.0	0.30(80)	0.30(80)	|	4328	
7473	540	ok	|	0.30	1.00	1.00	0.34	0.09	0	|	rapi	0.30	0.34	0	|	80.0	0.34(80)	0.34(80)	|	4328	
7473	541	ok	|	0.32	1.00	1.00	0.37	0.09	0	|	rapi	0.32	0.37	0	|	80.0	0.37(80)	0.37(80)	|	4328	
7473	542	ok	|	0.32	1.00	1.00	0.36	0.09	0	|	rapi	0.32	0.36	0	|	80.0	0.36(80)	0.36(80)	|	4328	
7473	543	ok	|	0.32	1.00	1.00	0.36	0.09	0	|	rapi	0.32	0.36	0	|	80.0	0.36(80)	0.36(80)	|	4328	
7473	544	ok	|	0.32	1.00	1.00	0.37	0.09	0	|	rapi	0.32	0.37	0	|	80.0	0.37(80)	0.37(80)	|	4328	
7473	545	ok	|	0.29	1.00	1.00	0.34	0.09	0	|	rapi	0.29	0.34	0	|	80.0	0.34(80)	0.34(80)	|	4328	
7473	546	ok	|	0.28	1.00	1.00	0.32	0.08	0	|	rapi	0.28	0.32	0	|	80.0	0.32(80)	0.32(80)	|	4328	
7473	547	ok	|	0.28	1.00	1.00	0.33	0.08	0	|	rapi	0.28	0.33	0	|	80.0	0.33(80)	0.33(80)	|	4328	
7473	548	ok	|	0.29	1.00	1.00	0.33	0.08	0	|	rapi	0.29	0.33	0	|	80.0	0.33(80)	0.33(80)	|	4328	
7473	549	ok	|	0.30	1.00	1.00	0.33	0.08	0	|	rapi	0.30	0.33	0	|	80.0	0.33(80)	0.33(80)	|	4328	
7473	550	ok	|	0.29	1.00	1.00	0.32	0.08	0	|	rapi	0.29	0.32	0	|	80.0	0.32(80)	0.32(80)	|	4328	
7473	551	ok	|	0.32	1.00	1.00	0.36	0.09	0	|	rapi	0.32	0.36	0	|	80.0	0.36(80)	0.36(80)	|	4328	
7473	552	ok	|	0.32	1.00	1.00	0.36	0.09	0	|	rapi	0.32	0.36	0	|	80.0	0.36(80)	0.36(80)	|	4328	
7473	553	ok	|	0.30	1.00	1.00	0.34	0.08	0	|	rapi	0.30	0.34	0	|	80.0	0.34(80)	0.34(80)	|	4328	
7473	554	ok	|	0.29	1.00	1.00	0.33	0.08	0	|	rapi	0.29	0.33	0	|	80.0	0.33(80)	0.33(80)	|	4328	
7473	555	ok	|	0.29	1.00	1.00	0.34	0.09	0	|	rapi	0.29	0.34	0	|	80.0	0.34(80)	0.34(80)	|	4328	
7473	556	ok	|	0.28	1.00	1.00	0.33	0.08	0	|	rapi	0.28	0.33	0	|	80.0	0.33(80)	0.33(80)	|	4328	
7473	557	ok	|	0.27	1.00	1.00	0.30	0.07	0	|	rapi	0.27	0.30	0	|	80.0	0.30(80)	0.30(80)	|	4328	
7473	558	ok	|	0.25	1.00	1.00	0.28	0.07	0	|	rapi	0.25	0.28	0	|	80.0	0.28(80)	0.28(80)	|	4328	
7473	559	ok	|	0.26	1.00	1.00	0.28	0.07	0	|	rapi	0.26	0.28	0	|	80.0	0.28(80)	0.28(80)	|	4328	
7473	560	ok	|	0.30	1.00	1.00	0.34	0.08	0	|	rapi	0.30	0.34	0	|	80.0	0.34(80)	0.34(80)	|	4328	
7473	561	ok	|	0.30	1.00	1.00	0.34	0.08	0	|	rapi	0.30	0.34	0	|	80.0	0.34(80)	0.34(80)	|	4328	
7473	562	ok	|	0.30	1.00	1.00	0.34	0.09	0	|	rapi	0.30	0.34	0	|	80.0	0.34(80)	0.34(80)	|	4328	
7473	563	ok	|	0.29	1.00	1.00	0.33	0.08	0	|	rapi	0.29	0.33	0	|	80.0	0.33(80)	0.33(80)	|	4328	
7473	564	ok	|	0.31	1.00	1.00	0.34	0.09	0	|	rapi	0.31	0.34	0	|	80.0	0.34(80)	0.34(80)	|	4328	
7473	565	ok	|	0.32	1.00	1.00	0.36	0.09	0	|	rapi	0.32	0.36	0	|	80.0	0.36(80)	0.36(80)	|	4328	
7473	566	ok	|	0.32	1.00	1.00	0.35	0.09	0	|	rapi	0.32	0.35	0	|	80.0	0.35(80)	0.35(80)	|	4328	
7473	567	ok	|	0.30	1.00	1.00	0.32	0.08	0	|	rapi	0.30	0.32	0	|	80.0	0.32(80)	0.32(80)	|	4328	
7473	568	ok	|	0.28	1.00	1.00	0.31	0.08	0	|	rapi	0.28	0.31	0	|	80.0	0.31(80)	0.31(80)	|	4328	
7473	569	ok	|	0.28	1.00	1.00	0.30	0.08	0	|	rapi	0.28	0.30	0	|	80.0	0.30(80)	0.30(80)	|	4328	
7473	570	ok	|	0.28	1.00	1.00	0.31	0.08	0	|	rapi	0.28	0.31	0	|	80.0	0.31(80)	0.31(80)	|	4328	
7473	571	ok	|	0.29	1.00	1.00	0.34	0.08	0	|	rapi	0.29	0.34	0	|	80.0	0.34(80)	0.34(80)	|	4328	
7473	572	ok	|	0.32	1.00	1.00	0.37	0.09	0	|	rapi	0.32	0.37	0	|	80.0	0.37(80)	0.37(80)	|	4328	
7473	573	ok	|	0.33	1.00	1.00	0.37	0.09	0	|	rapi	0.33	0.37	0	|	80.0	0.37(80)	0.37(80)	|	4328	
7473	574	ok	|	0.29	1.00	1.00	0.32	0.08	0	|	rapi	0.29	0.32	0	|	80.0	0.32(80)	0.32(80)	|	4328	
7473	575	ok	|	0.27	1.00	1.00	0.30	0.08	0	|	rapi	0.27	0.30	0	|	80.0	0.30(80)	0.30(80)	|	4328	
7473	576	ok	|	0.26	1.00	1.00	0.29	0.07	0	|	rapi	0.26	0.29	0	|	80.0	0.29(80)	0.29(80)	|	4328	
7473	577	ok	|	0.26	1.00	1.00	0.29	0.07	0	|	rapi	0.26	0.29	0	|	80.0	0.29(80)	0.29(80)	|	4328	
7473	578	ok	|	0.28	1.00	1.00	0.31	0.08	0	|	rapi	0.28	0.31	0	|	80.0	0.31(80)	0.31(80)	|	4328	
7473	579	ok	|	0.28	1.00	1.00	0.31	0.08	0	|	rapi	0.28	0.31	0	|	80.0	0.31(80)	0.31(80)	|	4328	
7473	580	ok	|	0.28	1.00	1.00	0.31	0.08	0	|	rapi	0.28	0.31	0	|	80.0	0.31(80)	0.31(80)	|	4328	
7473	581	ok	|	0.29	1.00	1.00	0.33	0.08	0	|	rapi	0.29	0.33	0	|	80.0	0.33(80)	0.33(80)	|	4328	
7473	582	ok	|	0.26	1.00	1.00	0.30	0.07	0	|	rapi	0.26	0.30	0	|	80.0	0.30(80)	0.30(80)	|	4328	
7473	583	ok	|	0.28	1.00	1.00	0.31	0.08	0	|	rapi	0.28	0.31	0	|	80.0	0.31(80)	0.31(80)	|	4328	
7473	584	ok	|	0.28	1.00	1.00	0.32	0.08	0	|	rapi	0.28	0.32	0	|	80.0	0.32(80)	0.32(80)	|	4328	
7473	585	ok	|	0.27	1.00	1.00	0.31	0.08	0	|	rapi	0.27	0.31	0	|	80.0	0.31(80)	0.31(80)	|	4328	
7473	586	ok	|	0.27	1.00	1.00	0.30	0.08	0	|	rapi	0.27	0.30	0	|	80.0	0.30(80)	0.30(80)	|	4328	
7473	587	ok	|	0.25	1.00	1.00	0.28	0.07	0	|	rapi	0.25	0.28	0	|	80.0	0.28(80)	0.28(80)	|	4328	
7473	588	ok	|	0.25	1.00	1.00	0.29	0.07	0	|	rapi	0.25	0.29	0	|	80.0	0.29(80)	0.29(80)	|	4328	
7473	589	ok	|	0.23	1.00	1.00	0.26	0.06	0	|	rapi	0.23	0.26	0	|	80.0	0.26(80)	0.26(80)	|	4328	
7473	590	ok	|	0.22	1.00	1.00	0.25	0.06	0	|	rapi	0.22	0.25	0	|	80.0	0.25(80)	0.25(80)	|	4328	
7473	591	ok	|	0.22	1.00	1.00	0.24	0.06	0	|	rapi	0.22	0.24	0	|	80.0	0.24(80)	0.24(80)	|	4328	
7473	592	ok	|	0.20	1.00	1.00	0.21	0.05	0	|	rapi	0.20	0.21	0	|	80.0	0.21(80)	0.21(80)	|	4328	
7473	593	ok	|	0.19	1.00	1.00	0.20	0.05	0	|	rapi	0.19	0.20	0	|	80.0	0.20(80)	0.20(80)	|	4328	
7473	594	ok	|	0.21	1.00	1.00	0.22	0.06	0	|	rapi	0.21	0.22	0	|	80.0	0.22(80)	0.22(80)	|	4328	
7473	595	ok	|	0.20	1.00	1.00	0.21	0.05	0	|	rapi	0.20	0.21	0	|	80.0	0.21(80)	0.21(80)	|	4328	
7473	596	ok	|	0.20	1.00	1.00	0.22	0.05	0	|	rapi	0.20	0.22	0	|	80.0	0.22(80)	0.22(80)	|	4328	
7473	597	ok	|	0.18	1.00	1.00	0.19	0.05	0	|	rapi	0.18	0.19	0	|	80.0	0.19(80)	0.19(80)	|	4328	
7473	598	ok	|	0.19	1.00	1.00	0.20	0.05	0	|	rapi	0.19	0.20	0	|	80.0	0.20(80)	0.20(80)	|	4328	
7473	599	ok	|	0.19	1.00	1.00	0.21	0.05	0	|	rapi	0.19	0.21	0	|	80.0	0.21(80)	0.21(80)	|	4328	
7473	600	ok	|	0.20	1.00	1.00	0.21	0.05	0	|	rapi	0.20	0.21	0	|	80.0	0.21(80)	0.21(80)	|	4328	
7473	601	ok	|	0.19	1.00	1.00	0.22	0.06	0	|	rapi	0.19	0.22	0	|	80.0	0.22(80)	0.22(80)	|	4328	
7473	602	ok	|	0.20	1.00	1.00	0.23	0.06	0	|	rapi	0.20	0.23	0	|	80.0	0.23(80)	0.23(80)	|	4328	
7473	603	ok	|	0.20	1.00	1.00	0.22	0.06	0	|	rapi	0.20	0.22	0	|	80.0	0.22(80)	0.22(80)	|	4328	
7473	604	ok	|	0.21	1.00	1.00	0.23	0.06	0	|	rapi	0.21	0.23	0	|	80.0	0.23(80)	0.23(80)	|	4328	
7473	605	ok	|	0.20	1.00	1.00	0.22	0.05	0	|	rapi	0.20	0.22	0	|	80.0	0.22(80)	0.22(80)	|	4328	
7473	606	ok	|	0.20	1.00	1.00	0.22	0.05	0	|	rapi	0.20	0.22	0	|	80.0	0.22(80)	0.22(80)	|	4328	
7473	607	ok	|	0.21	1.00	1.00	0.24	0.06	0	|	rapi	0.21	0.24	0	|	80.0	0.24(80)	0.24(80)	|	4328	
7473	608	ok	|	0.21	1.00	1.00	0.23	0.06	0	|	rapi	0.21	0.23	0	|	80.0	0.23(80)	0.23(80)	|	4328	
7473	609	ok	|	0.22	1.00	1.00	0.24	0.06	0	|	rapi	0.22	0.24	0	|	80.0	0.24(80)	0.24(80)	|	4328	
7473	610	ok	|	0.24	1.00	1.00	0.27	0.07	0	|	rapi	0.24	0.27	0	|	80.0	0.27(80)	0.27(80)	|	4328	
7473	611	ok	|	0.25	1.00	1.00	0.28	0.07	0	|	rapi	0.25	0.28	0	|	80.0	0.28(80)	0.28(80)	|	4328	
7473	612	ok	|	0.27	1.00	1.00	0.30	0.08	0	|	rapi	0.27	0.30	0	|	80.0	0.30(80)	0.30(80)	|	4328	
7473	613	ok	|	0.30	1.00	1.00	0.33	0.08	0	|	rapi	0.30	0.33	0	|	80.0	0.33(80)	0.33(80)	|	4328	
7473	614	ok	|	0.30	1.00	1.00	0.33	0.08	0	|	rapi	0.30	0.33	0	|	80.0	0.33(80)	0.33(80)	|	4328	
7473	615	ok	|	0.30	1.00	1.00	0.34	0.08	0	|	rapi	0.30	0.34	0	|	80.0	0.34(80)	0.34(80)	|	4328	
7473	616	ok	|	0.32	1.00	1.00	0.35	0.09	0	|	rapi	0.32	0.35	0	|	80.0	0.35(80)	0.35(80)	|	4328	
7473	617	ok	|	0.32	1.00	1.00	0.36	0.09	0	|	rapi	0.32	0.36	0	|	80.0	0.36(80)	0.36(80)	|	4328	
7473	618	ok	|	0.31	1.00	1.00	0.34	0.09	0	|	rapi	0.31	0.34	0	|	80.0	0.34(80)	0.34(80)	|	4328	
7473	619	ok	|	0.31	1.00	1.00	0.35	0.09	0	|	rapi	0.31	0.35	0	|	80.0	0.35(80)	0.35(80)	|	4328	
7473	620	ok	|	0.29	1.00	1.00	0.34	0.08	0	|	rapi	0.29	0.34	0	|	80.0	0.34(80)	0.34(80)	|	4328	
7473	621	ok	|	0.29	1.00	1.00	0.33	0.08	0	|	rapi	0.29	0.33	0	|	80.0	0.33(80)	0.33(80)	|	4328	
7473	622	ok	|	0.27	1.00	1.00	0.29	0.07	0	|	rapi	0.27	0.29	0	|	80.0	0.29(80)	0.29(80)	|	4328	
7473	623	ok	|	0.26	1.00	1.00	0.30	0.08	0	|	rapi	0.26	0.30	0	|	80.0	0.30(80)	0.30(80)	|	4328	
7473	624	ok	|	0.25	1.00	1.00	0.28	0.07	0	|	rapi	0.25	0.28	0	|	80.0	0.28(80)	0.28(80)	|	4328	
7473	625	ok	|	0.26	1.00	1.00	0.28	0.07	0	|	rapi	0.26	0.28	0	|	80.0	0.28(80)	0.28(80)	|	4328	
7473	626	ok	|	0.26	1.00	1.00	0.29	0.07	0	|	rapi	0.26	0.29	0	|	80.0	0.29(80)	0.29(80)	|	4328	
7473	627	ok	|	0.27	1.00	1.00	0.30	0.08	0	|	rapi	0.27	0.30	0	|	80.0	0.30(80)	0.30(80)	|	4328	
7473	628	ok	|	0.26	1.00	1.00	0.28	0.07	0	|	rapi	0.26	0.28	0	|	80.0	0.28(80)	0.28(80)	|	4328	
7473	629	ok	|	0.24	1.00	1.00	0.26	0.07	0	|	rapi	0.24	0.26	0	|	80.0	0.26(80)	0.26(80)	|	4328	
7473	630	ok	|	0.24	1.00	1.00	0.27	0.07	0	|	rapi	0.24	0.27	0	|	80.0	0.27(80)	0.27(80)	|	4328	
7473	631	ok	|	0.24	1.00	1.00	0.26	0.06	0	|	rapi	0.24	0.26	0	|	80.0	0.26(80)	0.26(80)	|	4328	
7473	632	ok	|	0.23	1.00	1.00	0.26	0.06	0	|	rapi	0.23	0.26	0	|	80.0	0.26(80)	0.26(80)	|	4328	
7473	633	ok	|	0.25	1.00	1.00	0.28	0.07	0	|	rapi	0.25	0.28	0	|	80.0	0.28(80)	0.28(80)	|	4328	
7473	634	ok	|	0.25	1.00	1.00	0.28	0.07	0	|	rapi	0.25	0.28	0	|	80.0	0.28(80)	0.28(80)	|	4328	
7473	635	ok	|	0.26	1.00	1.00	0.29	0.07	0	|	rapi	0.26	0.29	0	|	80.0	0.29(80)	0.29(80)	|	4328	
7473	636	ok	|	0.27	1.00	1.00	0.31	0.08	0	|	rapi	0.27	0.31	0	|	80.0	0.31(80)	0.31(80)	|	4328	
7473	637	ok	|	0.27	1.00	1.00	0.30	0.08	0	|	rapi	0.27	0.30	0	|	80.0	0.30(80)	0.30(80)	|	4328	
7473	638	ok	|	0.27	1.00	1.00	0.29	0.07	0	|	rapi	0.27	0.29	0	|	80.0	0.29(80)	0.29(80)	|	4328	
7473	639	ok	|	0.25	1.00	1.00	0.28	0.07	0	|	rapi	0.25	0.28	0	|	80.0	0.28(80)	0.28(80)	|	4328	
7473	640	ok	|	0.25	1.00	1.00	0.28	0.07	0	|	rapi	0.25	0.28	0	|	80.0	0.28(80)	0.28(80)	|	4328	
7473	641	ok	|	0.26	1.00	1.00	0.28	0.07	0	|	rapi	0.26	0.28	0	|	80.0	0.28(80)	0.28(80)	|	4328	
7473	642	ok	|	0.27	1.00	1.00	0.30	0.08	0	|	rapi	0.27	0.30	0	|	80.0	0.30(80)	0.30(80)	|	4328	
7473	643	ok	|	0.27	1.00	1.00	0.30	0.07	0	|	rapi	0.27	0.30	0	|	80.0	0.30(80)	0.30(80)	|	4328	
7473	644	ok	|	0.28	1.00	1.00	0.31	0.08	0	|	rapi	0.28	0.31	0	|	80.0	0.31(80)	0.31(80)	|	4328	
7473	645	ok	|	0.30	1.00	1.00	0.32	0.08	0	|	rapi	0.30	0.32	0	|	80.0	0.32(80)	0.32(80)	|	4328	
7473	646	ok	|	0.27	1.00	1.00	0.29	0.07	0	|	rapi	0.27	0.29	0	|	80.0	0.29(80)	0.29(80)	|	4328	
7473	647	ok	|	0.27	1.00	1.00	0.30	0.07	0	|	rapi	0.27	0.30	0	|	80.0	0.30(80)	0.30(80)	|	4328	
7473	648	ok	|	0.27	1.00	1.00	0.30	0.07	0	|	rapi	0.27	0.30	0	|	80.0	0.30(80)	0.30(80)	|	4328	
7473	649	ok	|	0.28	1.00	1.00	0.32	0.08	0	|	rapi	0.28	0.32	0	|	80.0	0.32(80)	0.32(80)	|	4328	
7473	650	ok	|	0.28	1.00	1.00	0.30	0.07	0	|	rapi	0.28	0.30	0	|	80.0	0.30(80)	0.30(80)	|	4328	
7473	651	ok	|	0.25	1.00	1.00	0.27	0.07	0	|	rapi	0.25	0.27	0	|	80.0	0.27(80)	0.27(80)	|	4328	
7473	652	ok	|	0.25	1.00	1.00	0.28	0.07	0	|	rapi	0.25	0.28	0	|	80.0	0.28(80)	0.28(80)	|	4328	
7473	653	ok	|	0.26	1.00	1.00	0.28	0.07	0	|	rapi	0.26	0.28	0	|	80.0	0.28(80)	0.28(80)	|	4328	
7473	654	ok	|	0.25	1.00	1.00	0.28	0.07	0	|	rapi	0.25	0.28	0	|	80.0	0.28(80)	0.28(80)	|	4328	
7473	655	ok	|	0.21	1.00	1.00	0.23	0.06	0	|	rapi	0.21	0.23	0	|	80.0	0.23(80)	0.23(80)	|	4328	
7473	656	ok	|	0.20	1.00	1.00	0.21	0.05	0	|	rapi	0.20	0.21	0	|	80.0	0.21(80)	0.21(80)	|	4328	
7473	657	ok	|	0.20	1.00	1.00	0.21	0.05	0	|	rapi	0.20	0.21	0	|	80.0	0.21(80)	0.21(80)	|	4328	
7473	658	ok	|	0.20	1.00	1.00	0.21	0.05	0	|	rapi	0.20	0.21	0	|	80.0	0.21(80)	0.21(80)	|	4328	
7473	659	ok	|	0.21	1.00	1.00	0.23	0.06	0	|	rapi	0.21	0.23	0	|	80.0	0.23(80)	0.23(80)	|	4328	
7473	660	ok	|	0.22	1.00	1.00	0.23	0.06	0	|	rapi	0.22	0.23	0	|	80.0	0.23(80)	0.23(80)	|	4328	
7473	661	ok	|	0.23	1.00	1.00	0.25	0.06	0	|	rapi	0.23	0.25	0	|	80.0	0.25(80)	0.25(80)	|	4328	
7473	662	ok	|	0.24	1.00	1.00	0.26	0.06	0	|	rapi	0.24	0.26	0	|	80.0	0.26(80)	0.26(80)	|	4328	
7473	663	ok	|	0.21	1.00	1.00	0.23	0.06	0	|	rapi	0.21	0.23	0	|	80.0	0.23(80)	0.23(80)	|	4328	
7473	664	ok	|	0.20	1.00	1.00	0.22	0.05	0	|	rapi	0.20	0.22	0	|	80.0	0.22(80)	0.22(80)	|	4328	
7473	665	ok	|	0.22	1.00	1.00	0.23	0.06	0	|	rapi	0.22	0.23	0	|	80.0	0.23(80)	0.23(80)	|	4328	
7473	666	ok	|	0.21	1.00	1.00	0.23	0.06	0	|	rapi	0.21	0.23	0	|	80.0	0.23(80)	0.23(80)	|	4328	
7473	667	ok	|	0.21	1.00	1.00	0.22	0.06	0	|	rapi	0.21	0.22	0	|	80.0	0.22(80)	0.22(80)	|	4328	
7473	668	ok	|	0.23	1.00	1.00	0.25	0.06	0	|	rapi	0.23	0.25	0	|	80.0	0.25(80)	0.25(80)	|	4328	
7473	669	ok	|	0.23	1.00	1.00	0.25	0.06	0	|	rapi	0.23	0.25	0	|	80.0	0.25(80)	0.25(80)	|	4328	
7473	670	ok	|	0.25	1.00	1.00	0.27	0.07	0	|	rapi	0.25	0.27	0	|	80.0	0.27(80)	0.27(80)	|	4328	
7473	671	ok	|	0.28	1.00	1.00	0.31	0.08	0	|	rapi	0.28	0.31	0	|	80.0	0.31(80)	0.31(80)	|	4328	
7473	672	ok	|	0.28	1.00	1.00	0.31	0.08	0	|	rapi	0.28	0.31	0	|	80.0	0.31(80)	0.31(80)	|	4328	
7473	673	ok	|	0.28	1.00	1.00	0.31	0.08	0	|	rapi	0.28	0.31	0	|	80.0	0.31(80)	0.31(80)	|	4328	
7473	674	ok	|	0.29	1.00	1.00	0.32	0.08	0	|	rapi	0.29	0.32	0	|	80.0	0.32(80)	0.32(80)	|	4328	
7473	675	ok	|	0.28	1.00	1.00	0.31	0.08	0	|	rapi	0.28	0.31	0	|	80.0	0.31(80)	0.31(80)	|	4328	
7473	676	ok	|	0.24	1.00	1.00	0.25	0.06	0	|	rapi	0.24	0.25	0	|	80.0	0.25(80)	0.25(80)	|	4328	
7473	677	ok	|	0.24	1.00	1.00	0.26	0.06	0	|	rapi	0.24	0.26	0	|	80.0	0.26(80)	0.26(80)	|	4328	
7473	678	ok	|	0.22	1.00	1.00	0.24	0.06	0	|	rapi	0.22	0.24	0	|	80.0	0.24(80)	0.24(80)	|	4328	
7473	679	ok	|	0.24	1.00	1.00	0.26	0.06	0	|	rapi	0.24	0.26	0	|	80.0	0.26(80)	0.26(80)	|	4328	
7473	680	ok	|	0.24	1.00	1.00	0.25	0.06	0	|	rapi	0.24	0.25	0	|	80.0	0.25(80)	0.25(80)	|	4328	
7473	681	ok	|	0.23	1.00	1.00	0.24	0.06	0	|	rapi	0.23	0.24	0	|	80.0	0.24(80)	0.24(80)	|	4328	
7473	682	ok	|	0.21	1.00	1.00	0.22	0.06	0	|	rapi	0.21	0.22	0	|	80.0	0.22(80)	0.22(80)	|	4328	
7473	683	ok	|	0.21	1.00	1.00	0.23	0.06	0	|	rapi	0.21	0.23	0	|	80.0	0.23(80)	0.23(80)	|	4328	
7473	684	ok	|	0.21	1.00	1.00	0.23	0.06	0	|	rapi	0.21	0.23	0	|	80.0	0.23(80)	0.23(80)	|	4328	
7473	685	ok	|	0.23	1.00	1.00	0.24	0.06	0	|	rapi	0.23	0.24	0	|	80.0	0.24(80)	0.24(80)	|	4328	
7473	686	ok	|	0.22	1.00	1.00	0.24	0.06	0	|	rapi	0.22	0.24	0	|	80.0	0.24(80)	0.24(80)	|	4328	
7473	687	ok	|	0.23	1.00	1.00	0.25	0.06	0	|	rapi	0.23	0.25	0	|	80.0	0.25(80)	0.25(80)	|	4328	
7473	688	ok	|	0.23	1.00	1.00	0.25	0.06	0	|	rapi	0.23	0.25	0	|	80.0	0.25(80)	0.25(80)	|	4328	
7473	689	ok	|	0.20	1.00	1.00	0.22	0.05	0	|	rapi	0.20	0.22	0	|	80.0	0.22(80)	0.22(80)	|	4328	
7473	690	ok	|	0.21	1.00	1.00	0.22	0.05	0	|	rapi	0.21	0.22	0	|	80.0	0.22(80)	0.22(80)	|	4328	
7473	691	ok	|	0.22	1.00	1.00	0.23	0.06	0	|	rapi	0.22	0.23	0	|	80.0	0.23(80)	0.23(80)	|	4328	
7473	692	ok	|	0.21	1.00	1.00	0.22	0.06	0	|	rapi	0.21	0.22	0	|	80.0	0.22(80)	0.22(80)	|	4328	
7473	693	ok	|	0.22	1.00	1.00	0.23	0.06	0	|	rapi	0.22	0.23	0	|	80.0	0.23(80)	0.23(80)	|	4328	
7473	694	ok	|	0.21	1.00	1.00	0.23	0.06	0	|	rapi	0.21	0.23	0	|	80.0	0.23(80)	0.23(80)	|	4328	
7473	695	ok	|	0.20	1.00	1.00	0.21	0.05	0	|	rapi	0.20	0.21	0	|	80.0	0.21(80)	0.21(80)	|	4328	
7473	696	ok	|	0.20	1.00	1.00	0.20	0.05	0	|	rapi	0.20	0.20	0	|	80.0	0.20(80)	0.20(80)	|	4328	
7473	697	ok	|	0.20	1.00	1.00	0.20	0.05	0	|	rapi	0.20	0.20	0	|	80.0	0.20(80)	0.20(80)	|	4328	
7473	698	ok	|	0.22	1.00	1.00	0.23	0.06	0	|	rapi	0.22	0.23	0	|	80.0	0.23(80)	0.23(80)	|	4328	
7473	699	ok	|	0.21	1.00	1.00	0.22	0.06	0	|	rapi	0.21	0.22	0	|	80.0	0.22(80)	0.22(80)	|	4328	
7473	700	ok	|	0.21	1.00	1.00	0.22	0.06	0	|	rapi	0.21	0.22	0	|	80.0	0.22(80)	0.22(80)	|	4328	
7473	701	ok	|	0.23	1.00	1.00	0.24	0.06	0	|	rapi	0.23	0.24	0	|	80.0	0.24(80)	0.24(80)	|	4328	
7473	702	ok	|	0.24	1.00	1.00	0.25	0.06	0	|	rapi	0.24	0.25	0	|	80.0	0.25(80)	0.25(80)	|	4328	
7473	703	ok	|	0.26	1.00	1.00	0.28	0.07	0	|	rapi	0.26	0.28	0	|	80.0	0.28(80)	0.28(80)	|	4328	
7473	704	ok	|	0.24	1.00	1.00	0.26	0.07	0	|	rapi	0.24	0.26	0	|	80.0	0.26(80)	0.26(80)	|	4328	
7473	705	ok	|	0.21	1.00	1.00	0.23	0.06	0	|	rapi	0.21	0.23	0	|	80.0	0.23(80)	0.23(80)	|	4328	
7473	706	ok	|	0.20	1.00	1.00	0.22	0.05	0	|	rapi	0.20	0.22	0	|	80.0	0.22(80)	0.22(80)	|	4328	
7473	707	ok	|	0.21	1.00	1.00	0.22	0.11	0	|	rapi	0.21	0.22	0	|	80.0	0.22(80)	0.22(80)	|	4328	
7473	708	ok	|	0.20	1.00	1.00	0.21	0.11	0	|	rapi	0.20	0.21	0	|	80.0	0.21(80)	0.21(80)	|	4328	
7473	709	ok	|	0.19	1.00	1.00	0.21	0.10	0	|	rapi	0.19	0.21	0	|	80.0	0.21(80)	0.21(80)	|	4328	
7473	710	ok	|	0.18	1.00	1.00	0.19	0.10	0	|	rapi	0.18	0.19	0	|	80.0	0.19(80)	0.19(80)	|	4328	
7473	711	ok	|	0.17	1.00	1.00	0.18	0.09	0	|	rapi	0.17	0.18	0	|	80.0	0.18(80)	0.18(80)	|	4328	
7473	712	ok	|	0.15	1.00	1.00	0.16	0.08	0	|	rapi	0.15	0.16	0	|	80.0	0.16(80)	0.16(80)	|	4328	
7473	713	ok	|	0.15	1.00	1.00	0.16	0.08	0	|	rapi	0.15	0.16	0	|	80.0	0.16(80)	0.16(80)	|	4328	
7473	714	ok	|	0.16	1.00	1.00	0.16	0.08	0	|	rapi	0.16	0.16	0	|	80.0	0.16(80)	0.16(80)	|	4328	
7473	715	ok	|	0.16	1.00	1.00	0.17	0.08	0	|	rapi	0.16	0.17	0	|	80.0	0.17(80)	0.17(80)	|	4328	
7473	716	ok	|	0.18	1.00	1.00	0.19	0.09	0	|	rapi	0.18	0.19	0	|	80.0	0.19(80)	0.19(80)	|	4328	
7473	717	ok	|	0.18	1.00	1.00	0.19	0.09	0	|	rapi	0.18	0.19	0	|	80.0	0.19(80)	0.19(80)	|	4328	
7473	718	ok	|	0.20	1.00	1.00	0.20	0.10	0	|	rapi	0.20	0.20	0	|	80.0	0.20(80)	0.20(80)	|	4328	
7473	719	ok	|	0.19	1.00	1.00	0.19	0.10	0	|	rapi	0.19	0.19	0	|	80.0	0.19(80)	0.19(80)	|	4328	
7473	720	ok	|	0.18	1.00	1.00	0.18	0.09	0	|	rapi	0.18	0.18	0	|	80.0	0.18(80)	0.18(80)	|	4328	
7473	721	ok	|	0.17	1.00	1.00	0.18	0.09	0	|	rapi	0.17	0.18	0	|	80.0	0.18(80)	0.18(80)	|	4328	
7473	722	ok	|	0.17	1.00	1.00	0.18	0.09	0	|	rapi	0.17	0.18	0	|	80.0	0.18(80)	0.18(80)	|	4328	
7473	723	ok	|	0.19	1.00	1.00	0.20	0.10	0	|	rapi	0.19	0.20	0	|	80.0	0.20(80)	0.20(80)	|	4328	
7473	724	ok	|	0.18	1.00	1.00	0.19	0.10	0	|	rapi	0.18	0.19	0	|	80.0	0.19(80)	0.19(80)	|	4328	
7473	725	ok	|	0.20	1.00	1.00	0.21	0.10	0	|	rapi	0.20	0.21	0	|	80.0	0.21(80)	0.21(80)	|	4328	
7473	726	ok	|	0.19	1.00	1.00	0.21	0.10	0	|	rapi	0.19	0.21	0	|	80.0	0.21(80)	0.21(80)	|	4328	
7473	727	ok	|	0.17	1.00	1.00	0.18	0.09	0	|	rapi	0.17	0.18	0	|	80.0	0.18(80)	0.18(80)	|	4328	
7473	728	ok	|	0.18	1.00	1.00	0.19	0.09	0	|	rapi	0.18	0.19	0	|	80.0	0.19(80)	0.19(80)	|	4328	
7473	729	ok	|	0.20	1.00	1.00	0.21	0.10	0	|	rapi	0.20	0.21	0	|	80.0	0.21(80)	0.21(80)	|	4328	
7473	730	ok	|	0.18	1.00	1.00	0.20	0.10	0	|	rapi	0.18	0.20	0	|	80.0	0.20(80)	0.20(80)	|	4328	
7473	731	ok	|	0.19	1.00	1.00	0.20	0.10	0	|	rapi	0.19	0.20	0	|	80.0	0.20(80)	0.20(80)	|	4328	
7473	732	ok	|	0.18	1.00	1.00	0.19	0.09	0	|	rapi	0.18	0.19	0	|	80.0	0.19(80)	0.19(80)	|	4328	
7473	733	ok	|	0.18	1.00	1.00	0.19	0.10	0	|	rapi	0.18	0.19	0	|	80.0	0.19(80)	0.19(80)	|	4328	
7473	734	ok	|	0.17	1.00	1.00	0.18	0.09	0	|	rapi	0.17	0.18	0	|	80.0	0.18(80)	0.18(80)	|	4328	
7473	735	ok	|	0.19	1.00	1.00	0.19	0.10	0	|	rapi	0.19	0.19	0	|	80.0	0.19(80)	0.19(80)	|	4328	
7473	736	ok	|	0.18	1.00	1.00	0.19	0.09	0	|	rapi	0.18	0.19	0	|	80.0	0.19(80)	0.19(80)	|	4328	
7473	737	ok	|	0.18	1.00	1.00	0.20	0.10	0	|	rapi	0.18	0.20	0	|	80.0	0.20(80)	0.20(80)	|	4328	
7473	738	ok	|	0.19	1.00	1.00	0.20	0.10	0	|	rapi	0.19	0.20	0	|	80.0	0.20(80)	0.20(80)	|	4328	
7473	739	ok	|	0.20	1.00	1.00	0.21	0.11	0	|	rapi	0.20	0.21	0	|	80.0	0.21(80)	0.21(80)	|	4328	
7473	740	ok	|	0.23	1.00	1.00	0.24	0.12	0	|	rapi	0.23	0.24	0	|	80.0	0.24(80)	0.24(80)	|	4328	
7473	741	ok	|	0.23	1.00	1.00	0.24	0.12	0	|	rapi	0.23	0.24	0	|	80.0	0.24(80)	0.24(80)	|	4328	
7473	742	ok	|	0.23	1.00	1.00	0.24	0.12	0	|	rapi	0.23	0.24	0	|	80.0	0.24(80)	0.24(80)	|	4328	
7473	743	ok	|	0.24	1.00	1.00	0.26	0.13	0	|	rapi	0.24	0.26	0	|	80.0	0.26(80)	0.26(80)	|	4328	
7473	744	ok	|	0.25	1.00	1.00	0.27	0.14	0	|	rapi	0.25	0.27	0	|	80.0	0.27(80)	0.27(80)	|	4328	
7473	745	ok	|	0.26	1.00	1.00	0.27	0.14	0	|	rapi	0.26	0.27	0	|	80.0	0.27(80)	0.27(80)	|	4328	
7473	746	ok	|	0.24	1.00	1.00	0.26	0.13	0	|	rapi	0.24	0.26	0	|	80.0	0.26(80)	0.26(80)	|	4328	
7473	747	ok	|	0.22	1.00	1.00	0.24	0.12	0	|	rapi	0.22	0.24	0	|	80.0	0.24(80)	0.24(80)	|	4328	
7473	748	ok	|	0.25	1.00	1.00	0.27	0.13	0	|	rapi	0.25	0.27	0	|	80.0	0.27(80)	0.27(80)	|	4328	
7473	749	ok	|	0.26	1.00	1.00	0.28	0.14	0	|	rapi	0.26	0.28	0	|	80.0	0.28(80)	0.28(80)	|	4328	
7473	750	ok	|	0.24	1.00	1.00	0.26	0.13	0	|	rapi	0.24	0.26	0	|	80.0	0.26(80)	0.26(80)	|	4328	
7473	751	ok	|	0.24	1.00	1.00	0.26	0.13	0	|	rapi	0.24	0.26	0	|	80.0	0.26(80)	0.26(80)	|	4328	
7473	752	ok	|	0.23	1.00	1.00	0.25	0.13	0	|	rapi	0.23	0.25	0	|	80.0	0.25(80)	0.25(80)	|	4328	
7473	753	ok	|	0.22	1.00	1.00	0.25	0.12	0	|	rapi	0.22	0.25	0	|	80.0	0.25(80)	0.25(80)	|	4328	
7473	754	ok	|	0.23	1.00	1.00	0.24	0.12	0	|	rapi	0.23	0.24	0	|	80.0	0.24(80)	0.24(80)	|	4328	
7473	755	ok	|	0.22	1.00	1.00	0.24	0.12	0	|	rapi	0.22	0.24	0	|	80.0	0.24(80)	0.24(80)	|	4328	
7473	756	ok	|	0.21	1.00	1.00	0.22	0.11	0	|	rapi	0.21	0.22	0	|	80.0	0.22(80)	0.22(80)	|	4328	
7473	757	ok	|	0.22	1.00	1.00	0.24	0.12	0	|	rapi	0.22	0.24	0	|	80.0	0.24(80)	0.24(80)	|	4328	
7473	758	ok	|	0.22	1.00	1.00	0.25	0.12	0	|	rapi	0.22	0.25	0	|	80.0	0.25(80)	0.25(80)	|	4328	
7473	759	ok	|	0.25	1.00	1.00	0.26	0.13	0	|	rapi	0.25	0.26	0	|	80.0	0.26(80)	0.26(80)	|	4328	
7473	760	ok	|	0.22	1.00	1.00	0.25	0.12	0	|	rapi	0.22	0.25	0	|	80.0	0.25(80)	0.25(80)	|	4328	
7473	761	ok	|	0.24	1.00	1.00	0.26	0.13	0	|	rapi	0.24	0.26	0	|	80.0	0.26(80)	0.26(80)	|	4328	
7473	762	ok	|	0.24	1.00	1.00	0.25	0.13	0	|	rapi	0.24	0.25	0	|	80.0	0.25(80)	0.25(80)	|	4328	
7473	763	ok	|	0.24	1.00	1.00	0.25	0.12	0	|	rapi	0.24	0.25	0	|	80.0	0.25(80)	0.25(80)	|	4328	
7473	764	ok	|	0.22	1.00	1.00	0.24	0.12	0	|	rapi	0.22	0.24	0	|	80.0	0.24(80)	0.24(80)	|	4328	
7473	765	ok	|	0.24	1.00	1.00	0.26	0.13	0	|	rapi	0.24	0.26	0	|	80.0	0.26(80)	0.26(80)	|	4328	
7473	766	ok	|	0.24	1.00	1.00	0.25	0.12	0	|	rapi	0.24	0.25	0	|	80.0	0.25(80)	0.25(80)	|	4328	
7473	767	ok	|	0.23	1.00	1.00	0.24	0.12	0	|	rapi	0.23	0.24	0	|	80.0	0.24(80)	0.24(80)	|	4328	
7473	768	ok	|	0.21	1.00	1.00	0.23	0.11	0	|	rapi	0.21	0.23	0	|	80.0	0.23(80)	0.23(80)	|	4328	
7473	769	ok	|	0.22	1.00	1.00	0.24	0.12	0	|	rapi	0.22	0.24	0	|	80.0	0.24(80)	0.24(80)	|	4328	
7473	770	ok	|	0.23	1.00	1.00	0.24	0.12	0	|	rapi	0.23	0.24	0	|	80.0	0.24(80)	0.24(80)	|	4328	
7473	771	ok	|	0.23	1.00	1.00	0.24	0.12	0	|	rapi	0.23	0.24	0	|	80.0	0.24(80)	0.24(80)	|	4328	
7473	772	ok	|	0.25	1.00	1.00	0.27	0.14	0	|	rapi	0.25	0.27	0	|	80.0	0.27(80)	0.27(80)	|	4328	
7473	773	ok	|	0.25	1.00	1.00	0.27	0.14	0	|	rapi	0.25	0.27	0	|	80.0	0.27(80)	0.27(80)	|	4328	
7473	774	ok	|	0.26	1.00	1.00	0.28	0.14	0	|	rapi	0.26	0.28	0	|	80.0	0.28(80)	0.28(80)	|	4328	
7473	775	ok	|	0.27	1.00	1.00	0.28	0.14	0	|	rapi	0.27	0.28	0	|	80.0	0.28(80)	0.28(80)	|	4328	
7473	776	ok	|	0.27	1.00	1.00	0.28	0.14	0	|	rapi	0.27	0.28	0	|	80.0	0.28(80)	0.28(80)	|	4328	
7473	777	ok	|	0.28	1.00	1.00	0.30	0.15	0	|	rapi	0.28	0.30	0	|	80.0	0.30(80)	0.30(80)	|	4328	
7473	778	ok	|	0.29	1.00	1.00	0.31	0.15	0	|	rapi	0.29	0.31	0	|	80.0	0.31(80)	0.31(80)	|	4328	
7473	779	ok	|	0.26	1.00	1.00	0.28	0.14	0	|	rapi	0.26	0.28	0	|	80.0	0.28(80)	0.28(80)	|	4328	
7473	780	ok	|	0.26	1.00	1.00	0.27	0.14	0	|	rapi	0.26	0.27	0	|	80.0	0.27(80)	0.27(80)	|	4328	
7473	781	ok	|	0.26	1.00	1.00	0.28	0.14	0	|	rapi	0.26	0.28	0	|	80.0	0.28(80)	0.28(80)	|	4328	
7473	782	ok	|	0.24	1.00	1.00	0.25	0.13	0	|	rapi	0.24	0.25	0	|	80.0	0.25(80)	0.25(80)	|	4328	
7473	783	ok	|	0.25	1.00	1.00	0.27	0.14	0	|	rapi	0.25	0.27	0	|	80.0	0.27(80)	0.27(80)	|	4328	
7473	784	ok	|	0.25	1.00	1.00	0.27	0.13	0	|	rapi	0.25	0.27	0	|	80.0	0.27(80)	0.27(80)	|	4328	
7473	785	ok	|	0.25	1.00	1.00	0.26	0.13	0	|	rapi	0.25	0.26	0	|	80.0	0.26(80)	0.26(80)	|	4328	
7473	786	ok	|	0.25	1.00	1.00	0.26	0.13	0	|	rapi	0.25	0.26	0	|	80.0	0.26(80)	0.26(80)	|	4328	
7473	787	ok	|	0.25	1.00	1.00	0.27	0.13	0	|	rapi	0.25	0.27	0	|	80.0	0.27(80)	0.27(80)	|	4328	
7473	788	ok	|	0.22	1.00	1.00	0.23	0.12	0	|	rapi	0.22	0.23	0	|	80.0	0.23(80)	0.23(80)	|	4328	
7473	789	ok	|	0.19	1.00	1.00	0.20	0.10	0	|	rapi	0.19	0.20	0	|	80.0	0.20(80)	0.20(80)	|	4328	
7473	790	ok	|	0.20	1.00	1.00	0.22	0.11	0	|	rapi	0.20	0.22	0	|	80.0	0.22(80)	0.22(80)	|	4328	
7473	791	ok	|	0.20	1.00	1.00	0.21	0.11	0	|	rapi	0.20	0.21	0	|	80.0	0.21(80)	0.21(80)	|	4328	
7473	792	ok	|	0.19	1.00	1.00	0.20	0.10	0	|	rapi	0.19	0.20	0	|	80.0	0.20(80)	0.20(80)	|	4328	
7473	793	ok	|	0.17	1.00	1.00	0.18	0.09	0	|	rapi	0.17	0.18	0	|	80.0	0.18(80)	0.18(80)	|	4328	
7473	794	ok	|	0.18	1.00	1.00	0.19	0.10	0	|	rapi	0.18	0.19	0	|	80.0	0.19(80)	0.19(80)	|	4328	
7473	795	ok	|	0.18	1.00	1.00	0.19	0.10	0	|	rapi	0.18	0.19	0	|	80.0	0.19(80)	0.19(80)	|	4328	
7473	796	ok	|	0.16	1.00	1.00	0.17	0.08	0	|	rapi	0.16	0.17	0	|	80.0	0.17(80)	0.17(80)	|	4328	
7473	797	ok	|	0.19	1.00	1.00	0.20	0.10	0	|	rapi	0.19	0.20	0	|	80.0	0.20(80)	0.20(80)	|	4328	
7473	798	ok	|	0.19	1.00	1.00	0.20	0.10	0	|	rapi	0.19	0.20	0	|	80.0	0.20(80)	0.20(80)	|	4328	
7473	799	ok	|	0.19	1.00	1.00	0.20	0.10	0	|	rapi	0.19	0.20	0	|	80.0	0.20(80)	0.20(80)	|	4328	
7473	800	ok	|	0.17	1.00	1.00	0.18	0.09	0	|	rapi	0.17	0.18	0	|	80.0	0.18(80)	0.18(80)	|	4328	
7473	801	ok	|	0.16	1.00	1.00	0.17	0.09	0	|	rapi	0.16	0.17	0	|	80.0	0.17(80)	0.17(80)	|	4328	
7473	802	ok	|	0.16	1.00	1.00	0.17	0.08	0	|	rapi	0.16	0.17	0	|	80.0	0.17(80)	0.17(80)	|	4328	
7473	803	ok	|	0.19	1.00	1.00	0.20	0.10	0	|	rapi	0.19	0.20	0	|	80.0	0.20(80)	0.20(80)	|	4328	
7473	804	ok	|	0.20	1.00	1.00	0.21	0.10	0	|	rapi	0.20	0.21	0	|	80.0	0.21(80)	0.21(80)	|	4328	
7473	805	ok	|	0.19	1.00	1.00	0.20	0.10	0	|	rapi	0.19	0.20	0	|	80.0	0.20(80)	0.20(80)	|	4328	
7473	806	ok	|	0.17	1.00	1.00	0.18	0.09	0	|	rapi	0.17	0.18	0	|	80.0	0.18(80)	0.18(80)	|	4328	
7473	807	ok	|	0.19	1.00	1.00	0.20	0.10	0	|	rapi	0.19	0.20	0	|	80.0	0.20(80)	0.20(80)	|	4328	
7473	808	ok	|	0.16	1.00	1.00	0.17	0.09	0	|	rapi	0.16	0.17	0	|	80.0	0.17(80)	0.17(80)	|	4328	
7473	809	ok	|	0.15	1.00	1.00	0.16	0.08	0	|	rapi	0.15	0.16	0	|	80.0	0.16(80)	0.16(80)	|	4328	
7473	810	ok	|	0.15	1.00	1.00	0.15	0.08	0	|	rapi	0.15	0.15	0	|	80.0	0.15(80)	0.15(80)	|	4328	
7473	811	ok	|	0.17	1.00	1.00	0.18	0.09	0	|	rapi	0.17	0.18	0	|	80.0	0.18(80)	0.18(80)	|	4328	
7473	812	ok	|	0.16	1.00	1.00	0.17	0.08	0	|	rapi	0.16	0.17	0	|	80.0	0.17(80)	0.17(80)	|	4328	
7473	813	ok	|	0.15	1.00	1.00	0.16	0.08	0	|	rapi	0.15	0.16	0	|	80.0	0.16(80)	0.16(80)	|	4328	
7473	814	ok	|	0.15	1.00	1.00	0.16	0.08	0	|	rapi	0.15	0.16	0	|	80.0	0.16(80)	0.16(80)	|	4328	
7473	815	ok	|	0.14	1.00	1.00	0.15	0.07	0	|	rapi	0.14	0.15	0	|	80.0	0.15(80)	0.15(80)	|	4328	
7473	816	ok	|	0.14	1.00	1.00	0.14	0.07	0	|	rapi	0.14	0.14	0	|	80.0	0.14(80)	0.14(80)	|	4328	
7473	817	ok	|	0.15	1.00	1.00	0.15	0.07	0	|	rapi	0.15	0.15	0	|	80.0	0.15(80)	0.15(80)	|	4328	
7473	818	ok	|	0.15	1.00	1.00	0.15	0.08	0	|	rapi	0.15	0.15	0	|	80.0	0.15(80)	0.15(80)	|	4328	
7473	819	ok	|	0.15	1.00	1.00	0.15	0.08	0	|	rapi	0.15	0.15	0	|	80.0	0.15(80)	0.15(80)	|	4328	
7473	820	ok	|	0.15	1.00	1.00	0.15	0.08	0	|	rapi	0.15	0.15	0	|	80.0	0.15(80)	0.15(80)	|	4328	
7473	821	ok	|	0.14	1.00	1.00	0.14	0.07	0	|	rapi	0.14	0.14	0	|	80.0	0.14(80)	0.14(80)	|	4328	
7473	822	ok	|	0.12	1.00	1.00	0.13	0.07	0	|	rapi	0.12	0.13	0	|	80.0	0.13(80)	0.13(80)	|	4328	
7473	823	ok	|	0.12	1.00	1.00	0.12	0.06	0	|	rapi	0.12	0.12	0	|	80.0	0.12(80)	0.12(80)	|	4328	
7473	824	ok	|	0.13	1.00	1.00	0.13	0.06	0	|	rapi	0.13	0.13	0	|	80.0	0.13(80)	0.13(80)	|	4328	
7473	825	ok	|	0.13	1.00	1.00	0.13	0.07	0	|	rapi	0.13	0.13	0	|	80.0	0.13(80)	0.13(80)	|	4328	
7473	826	ok	|	0.13	1.00	1.00	0.13	0.07	0	|	rapi	0.13	0.13	0	|	80.0	0.13(80)	0.13(80)	|	4328	
7473	827	ok	|	0.15	1.00	1.00	0.16	0.08	0	|	rapi	0.15	0.16	0	|	80.0	0.16(80)	0.16(80)	|	4328	
7473	828	ok	|	0.15	1.00	1.00	0.15	0.08	0	|	rapi	0.15	0.15	0	|	80.0	0.15(80)	0.15(80)	|	4328	
7473	829	ok	|	0.15	1.00	1.00	0.16	0.08	0	|	rapi	0.15	0.16	0	|	80.0	0.16(80)	0.16(80)	|	4328	
7473	830	ok	|	0.14	1.00	1.00	0.15	0.07	0	|	rapi	0.14	0.15	0	|	80.0	0.15(80)	0.15(80)	|	4328	
7473	831	ok	|	0.15	1.00	1.00	0.15	0.08	0	|	rapi	0.15	0.15	0	|	80.0	0.15(80)	0.15(80)	|	4328	
7473	832	ok	|	0.14	1.00	1.00	0.14	0.07	0	|	rapi	0.14	0.14	0	|	80.0	0.14(80)	0.14(80)	|	4328	
7473	833	ok	|	0.14	1.00	1.00	0.14	0.07	0	|	rapi	0.14	0.14	0	|	80.0	0.14(80)	0.14(80)	|	4328	
7473	834	ok	|	0.15	1.00	1.00	0.16	0.08	0	|	rapi	0.15	0.16	0	|	80.0	0.16(80)	0.16(80)	|	4328	
7473	835	ok	|	0.15	1.00	1.00	0.15	0.08	0	|	rapi	0.15	0.15	0	|	80.0	0.15(80)	0.15(80)	|	4328	
7473	836	ok	|	0.15	1.00	1.00	0.16	0.08	0	|	rapi	0.15	0.16	0	|	80.0	0.16(80)	0.16(80)	|	4328	
7473	837	ok	|	0.15	1.00	1.00	0.15	0.08	0	|	rapi	0.15	0.15	0	|	80.0	0.15(80)	0.15(80)	|	4328	
7473	838	ok	|	0.14	1.00	1.00	0.14	0.07	0	|	rapi	0.14	0.14	0	|	80.0	0.14(80)	0.14(80)	|	4328	
7473	839	ok	|	0.15	1.00	1.00	0.15	0.08	0	|	rapi	0.15	0.15	0	|	80.0	0.15(80)	0.15(80)	|	4328	
7473	840	ok	|	0.14	1.00	1.00	0.14	0.07	0	|	rapi	0.14	0.14	0	|	80.0	0.14(80)	0.14(80)	|	4328	
7473	841	ok	|	0.14	1.00	1.00	0.15	0.07	0	|	rapi	0.14	0.15	0	|	80.0	0.15(80)	0.15(80)	|	4328	
7473	842	ok	|	0.14	1.00	1.00	0.15	0.07	0	|	rapi	0.14	0.15	0	|	80.0	0.15(80)	0.15(80)	|	4328	
7473	843	ok	|	0.15	1.00	1.00	0.15	0.07	0	|	rapi	0.15	0.15	0	|	80.0	0.15(80)	0.15(80)	|	4328	
7473	844	ok	|	0.13	1.00	1.00	0.13	0.07	0	|	rapi	0.13	0.13	0	|	80.0	0.13(80)	0.13(80)	|	4328	
7473	845	ok	|	0.13	1.00	1.00	0.13	0.07	0	|	rapi	0.13	0.13	0	|	80.0	0.13(80)	0.13(80)	|	4328	
7473	846	ok	|	0.12	1.00	1.00	0.12	0.06	0	|	rapi	0.12	0.12	0	|	80.0	0.12(80)	0.12(80)	|	4328	
7473	847	ok	|	0.13	1.00	1.00	0.13	0.07	0	|	rapi	0.13	0.13	0	|	80.0	0.13(80)	0.13(80)	|	4328	
7473	848	ok	|	0.14	1.00	1.00	0.14	0.07	0	|	rapi	0.14	0.14	0	|	80.0	0.14(80)	0.14(80)	|	4328	
7473	849	ok	|	0.14	1.00	1.00	0.14	0.07	0	|	rapi	0.14	0.14	0	|	80.0	0.14(80)	0.14(80)	|	4328	
7473	850	ok	|	0.12	1.00	1.00	0.13	0.06	0	|	rapi	0.12	0.13	0	|	80.0	0.13(80)	0.13(80)	|	4328	
7473	851	ok	|	0.12	1.00	1.00	0.12	0.06	0	|	rapi	0.12	0.12	0	|	80.0	0.12(80)	0.12(80)	|	4328	
7473	852	ok	|	0.13	1.00	1.00	0.13	0.07	0	|	rapi	0.13	0.13	0	|	80.0	0.13(80)	0.13(80)	|	4328	
7473	853	ok	|	0.14	1.00	1.00	0.15	0.07	0	|	rapi	0.14	0.15	0	|	80.0	0.15(80)	0.15(80)	|	4328	
7473	854	ok	|	0.14	1.00	1.00	0.14	0.07	0	|	rapi	0.14	0.14	0	|	80.0	0.14(80)	0.14(80)	|	4328	
7473	855	ok	|	0.13	1.00	1.00	0.14	0.07	0	|	rapi	0.13	0.14	0	|	80.0	0.14(80)	0.14(80)	|	4328	
7473	856	ok	|	0.13	1.00	1.00	0.14	0.07	0	|	rapi	0.13	0.14	0	|	80.0	0.14(80)	0.14(80)	|	4328	
7473	857	ok	|	0.13	1.00	1.00	0.13	0.07	0	|	rapi	0.13	0.13	0	|	80.0	0.13(80)	0.13(80)	|	4328	
7473	858	ok	|	0.11	1.00	1.00	0.12	0.06	0	|	rapi	0.11	0.12	0	|	80.0	0.12(80)	0.12(80)	|	4328	
7473	859	ok	|	0.11	1.00	1.00	0.11	0.06	0	|	rapi	0.11	0.11	0	|	80.0	0.11(80)	0.11(80)	|	4328	
7473	860	ok	|	0.10	1.00	1.00	0.10	0.05	0	|	rapi	0.10	0.10	0	|	80.0	0.10(80)	0.10(80)	|	4328	
7473	861	ok	|	0.10	1.00	1.00	0.10	0.05	0	|	rapi	0.10	0.10	0	|	80.0	0.10(80)	0.10(80)	|	4328	
7473	862	ok	|	0.10	1.00	1.00	0.10	0.05	0	|	rapi	0.10	0.10	0	|	80.0	0.10(80)	0.10(80)	|	4328	
7473	863	ok	|	0.12	1.00	1.00	0.12	0.06	0	|	rapi	0.12	0.12	0	|	80.0	0.12(80)	0.12(80)	|	4328	
7473	864	ok	|	0.10	1.00	1.00	0.11	0.05	0	|	rapi	0.10	0.11	0	|	80.0	0.11(80)	0.11(80)	|	4328	
7473	865	ok	|	0.09	1.00	1.00	0.09	0.05	0	|	rapi	0.09	0.09	0	|	80.0	0.09(80)	0.09(80)	|	4328	
7473	866	ok	|	0.09	1.00	1.00	0.09	0.05	0	|	rapi	0.09	0.09	0	|	80.0	0.09(80)	0.09(80)	|	4328	
7473	867	ok	|	0.08	1.00	1.00	0.09	0.04	0	|	rapi	0.08	0.09	0	|	80.0	0.09(80)	0.09(80)	|	4328	
7473	868	ok	|	0.09	1.00	1.00	0.09	0.05	0	|	rapi	0.09	0.09	0	|	80.0	0.09(80)	0.09(80)	|	4328	
7473	869	ok	|	0.09	1.00	1.00	0.09	0.04	0	|	rapi	0.09	0.09	0	|	80.0	0.09(80)	0.09(80)	|	4328	
7473	870	ok	|	0.08	1.00	1.00	0.09	0.04	0	|	rapi	0.08	0.09	0	|	80.0	0.09(80)	0.09(80)	|	4328	
7473	871	ok	|	0.08	1.00	1.00	0.08	0.04	0	|	rapi	0.08	0.08	0	|	80.0	0.08(80)	0.08(80)	|	4328	
7473	872	ok	|	0.08	1.00	1.00	0.08	0.04	0	|	rapi	0.08	0.08	0	|	80.0	0.08(80)	0.08(80)	|	4328	
7473	873	ok	|	0.08	1.00	1.00	0.08	0.04	0	|	rapi	0.08	0.08	0	|	80.0	0.08(80)	0.08(80)	|	4328	
7473	874	ok	|	0.08	1.00	1.00	0.08	0.04	0	|	rapi	0.08	0.08	0	|	80.0	0.08(80)	0.08(80)	|	4328	
7473	875	ok	|	0.07	1.00	1.00	0.07	0.03	0	|	rapi	0.07	0.07	0	|	80.0	0.07(80)	0.07(80)	|	4328	
7473	876	ok	|	0.07	1.00	1.00	0.07	0.04	0	|	rapi	0.07	0.07	0	|	80.0	0.07(80)	0.07(80)	|	4328	
7473	877	ok	|	0.07	1.00	1.00	0.07	0.03	0	|	rapi	0.07	0.07	0	|	80.0	0.07(80)	0.07(80)	|	4328	
7473	878	ok	|	0.07	1.00	1.00	0.07	0.04	0	|	rapi	0.07	0.07	0	|	80.0	0.07(80)	0.07(80)	|	4328	
7473	879	ok	|	0.07	1.00	1.00	0.07	0.04	0	|	rapi	0.07	0.07	0	|	80.0	0.07(80)	0.07(80)	|	4328	
7473	880	ok	|	0.06	1.00	1.00	0.06	0.03	0	|	rapi	0.06	0.06	0	|	80.0	0.06(80)	0.06(80)	|	4328	
7473	881	ok	|	0.07	1.00	1.00	0.07	0.03	0	|	rapi	0.07	0.07	0	|	80.0	0.07(80)	0.07(80)	|	4328	
7473	882	ok	|	0.06	1.00	1.00	0.06	0.03	0	|	rapi	0.06	0.06	0	|	80.0	0.06(80)	0.06(80)	|	4328	
7473	883	ok	|	0.06	1.00	1.00	0.06	0.03	0	|	rapi	0.06	0.06	0	|	80.0	0.06(80)	0.06(80)	|	4328	
7473	884	ok	|	0.07	1.00	1.00	0.07	0.04	0	|	rapi	0.07	0.07	0	|	80.0	0.07(80)	0.07(80)	|	4328	
7473	885	ok	|	0.08	1.00	1.00	0.08	0.04	0	|	rapi	0.08	0.08	0	|	80.0	0.08(80)	0.08(80)	|	4328	
7473	886	ok	|	0.08	1.00	1.00	0.08	0.04	0	|	rapi	0.08	0.08	0	|	80.0	0.08(80)	0.08(80)	|	4328	
7473	887	ok	|	0.09	1.00	1.00	0.09	0.04	0	|	rapi	0.09	0.09	0	|	80.0	0.09(80)	0.09(80)	|	4328	
7473	888	ok	|	0.09	1.00	1.00	0.09	0.05	0	|	rapi	0.09	0.09	0	|	80.0	0.09(80)	0.09(80)	|	4328	
7473	889	ok	|	0.08	1.00	1.00	0.08	0.04	0	|	rapi	0.08	0.08	0	|	80.0	0.08(80)	0.08(80)	|	4328	
7473	890	ok	|	0.09	1.00	1.00	0.09	0.04	0	|	rapi	0.09	0.09	0	|	80.0	0.09(80)	0.09(80)	|	4328	
7473	891	ok	|	0.08	1.00	1.00	0.08	0.04	0	|	rapi	0.08	0.08	0	|	80.0	0.08(80)	0.08(80)	|	4328	
7473	892	ok	|	0.07	1.00	1.00	0.07	0.04	0	|	rapi	0.07	0.07	0	|	80.0	0.07(80)	0.07(80)	|	4328	
7473	893	ok	|	0.07	1.00	1.00	0.07	0.04	0	|	rapi	0.07	0.07	0	|	80.0	0.07(80)	0.07(80)	|	4328	
7473	894	ok	|	0.07	1.00	1.00	0.07	0.03	0	|	rapi	0.07	0.07	0	|	80.0	0.07(80)	0.07(80)	|	4328	
7473	895	ok	|	0.08	1.00	1.00	0.08	0.04	0	|	rapi	0.08	0.08	0	|	80.0	0.08(80)	0.08(80)	|	4328	
7473	896	ok	|	0.08	1.00	1.00	0.09	0.04	0	|	rapi	0.08	0.09	0	|	80.0	0.09(80)	0.09(80)	|	4328	
7473	897	ok	|	0.08	1.00	1.00	0.08	0.04	0	|	rapi	0.08	0.08	0	|	80.0	0.08(80)	0.08(80)	|	4328	
7473	898	ok	|	0.07	1.00	1.00	0.07	0.03	0	|	rapi	0.07	0.07	0	|	80.0	0.07(80)	0.07(80)	|	4328	
7473	899	ok	|	0.09	1.00	1.00	0.09	0.05	0	|	rapi	0.09	0.09	0	|	80.0	0.09(80)	0.09(80)	|	4328	
7473	900	ok	|	0.09	1.00	1.00	0.09	0.05	0	|	rapi	0.09	0.09	0	|	80.0	0.09(80)	0.09(80)	|	4328	
7473	901	ok	|	0.10	1.00	1.00	0.10	0.05	0	|	rapi	0.10	0.10	0	|	80.0	0.10(80)	0.10(80)	|	4328	
7473	902	ok	|	0.10	1.00	1.00	0.10	0.05	0	|	rapi	0.10	0.10	0	|	80.0	0.10(80)	0.10(80)	|	4328	
7473	903	ok	|	0.09	1.00	1.00	0.09	0.05	0	|	rapi	0.09	0.09	0	|	80.0	0.09(80)	0.09(80)	|	4328	
7473	904	ok	|	0.08	1.00	1.00	0.08	0.04	0	|	rapi	0.08	0.08	0	|	80.0	0.08(80)	0.08(80)	|	4328	
7473	905	ok	|	0.09	1.00	1.00	0.09	0.05	0	|	rapi	0.09	0.09	0	|	80.0	0.09(80)	0.09(80)	|	4328	
7473	906	ok	|	0.09	1.00	1.00	0.09	0.04	0	|	rapi	0.09	0.09	0	|	80.0	0.09(80)	0.09(80)	|	4328	
7473	907	ok	|	0.11	1.00	1.00	0.11	0.05	0	|	rapi	0.11	0.11	0	|	80.0	0.11(80)	0.11(80)	|	4328	
7473	908	ok	|	0.11	1.00	1.00	0.11	0.06	0	|	rapi	0.11	0.11	0	|	80.0	0.11(80)	0.11(80)	|	4328	
7473	909	ok	|	0.13	1.00	1.00	0.13	0.07	0	|	rapi	0.13	0.13	0	|	80.0	0.13(80)	0.13(80)	|	4328	
7473	910	ok	|	0.13	1.00	1.00	0.14	0.07	0	|	rapi	0.13	0.14	0	|	80.0	0.14(80)	0.14(80)	|	4328	
7473	911	ok	|	0.13	1.00	1.00	0.13	0.07	0	|	rapi	0.13	0.13	0	|	80.0	0.13(80)	0.13(80)	|	4328	
7473	912	ok	|	0.14	1.00	1.00	0.15	0.07	0	|	rapi	0.14	0.15	0	|	80.0	0.15(80)	0.15(80)	|	4328	
7473	913	ok	|	0.15	1.00	1.00	0.16	0.08	0	|	rapi	0.15	0.16	0	|	80.0	0.16(80)	0.16(80)	|	4328	
7473	914	ok	|	0.14	1.00	1.00	0.15	0.07	0	|	rapi	0.14	0.15	0	|	80.0	0.15(80)	0.15(80)	|	4328	
7473	915	ok	|	0.14	1.00	1.00	0.14	0.07	0	|	rapi	0.14	0.14	0	|	80.0	0.14(80)	0.14(80)	|	4328	
7473	916	ok	|	0.12	1.00	1.00	0.13	0.06	0	|	rapi	0.12	0.13	0	|	80.0	0.13(80)	0.13(80)	|	4328	
7473	917	ok	|	0.11	1.00	1.00	0.11	0.06	0	|	rapi	0.11	0.11	0	|	80.0	0.11(80)	0.11(80)	|	4328	
7473	918	ok	|	0.10	1.00	1.00	0.10	0.05	0	|	rapi	0.10	0.10	0	|	80.0	0.10(80)	0.10(80)	|	4328	
7473	919	ok	|	0.11	1.00	1.00	0.11	0.06	0	|	rapi	0.11	0.11	0	|	80.0	0.11(80)	0.11(80)	|	4328	
7473	920	ok	|	0.10	1.00	1.00	0.10	0.05	0	|	rapi	0.10	0.10	0	|	80.0	0.10(80)	0.10(80)	|	4328	
7473	921	ok	|	0.10	1.00	1.00	0.10	0.05	0	|	rapi	0.10	0.10	0	|	80.0	0.10(80)	0.10(80)	|	4328	
7473	922	ok	|	0.10	1.00	1.00	0.10	0.05	0	|	rapi	0.10	0.10	0	|	80.0	0.10(80)	0.10(80)	|	4328	
7473	923	ok	|	0.11	1.00	1.00	0.11	0.06	0	|	rapi	0.11	0.11	0	|	80.0	0.11(80)	0.11(80)	|	4328	
7473	924	ok	|	0.10	1.00	1.00	0.11	0.05	0	|	rapi	0.10	0.11	0	|	80.0	0.11(80)	0.11(80)	|	4328	
7473	925	ok	|	0.10	1.00	1.00	0.10	0.05	0	|	rapi	0.10	0.10	0	|	80.0	0.10(80)	0.10(80)	|	4328	
7473	926	ok	|	0.09	1.00	1.00	0.09	0.04	0	|	rapi	0.09	0.09	0	|	80.0	0.09(80)	0.09(80)	|	4328	
7473	927	ok	|	0.10	1.00	1.00	0.10	0.05	0	|	rapi	0.10	0.10	0	|	80.0	0.10(80)	0.10(80)	|	4328	
7473	928	ok	|	0.09	1.00	1.00	0.09	0.05	0	|	rapi	0.09	0.09	0	|	80.0	0.09(80)	0.09(80)	|	4328	
7473	929	ok	|	0.09	1.00	1.00	0.09	0.05	0	|	rapi	0.09	0.09	0	|	80.0	0.09(80)	0.09(80)	|	4328	
7473	930	ok	|	0.10	1.00	1.00	0.10	0.05	0	|	rapi	0.10	0.10	0	|	80.0	0.10(80)	0.10(80)	|	4328	
7473	931	ok	|	0.10	1.00	1.00	0.10	0.05	0	|	rapi	0.10	0.10	0	|	80.0	0.10(80)	0.10(80)	|	4328	
7473	932	ok	|	0.10	1.00	1.00	0.10	0.05	0	|	rapi	0.10	0.10	0	|	80.0	0.10(80)	0.10(80)	|	4328	
7473	933	ok	|	0.09	1.00	1.00	0.09	0.05	0	|	rapi	0.09	0.09	0	|	80.0	0.09(80)	0.09(80)	|	4328	
7473	934	ok	|	0.08	1.00	1.00	0.08	0.04	0	|	rapi	0.08	0.08	0	|	80.0	0.08(80)	0.08(80)	|	4328	
7473	935	ok	|	0.07	1.00	1.00	0.07	0.03	0	|	rapi	0.07	0.07	0	|	80.0	0.07(80)	0.07(80)	|	4328	
7473	936	ok	|	0.07	1.00	1.00	0.07	0.03	0	|	rapi	0.07	0.07	0	|	80.0	0.07(80)	0.07(80)	|	4328	
7473	937	ok	|	0.09	1.00	1.00	0.10	0.05	0	|	rapi	0.09	0.10	0	|	80.0	0.10(80)	0.10(80)	|	4328	
7473	938	ok	|	0.10	1.00	1.00	0.10	0.05	0	|	rapi	0.10	0.10	0	|	80.0	0.10(80)	0.10(80)	|	4328	
7473	939	ok	|	0.10	1.00	1.00	0.10	0.05	0	|	rapi	0.10	0.10	0	|	80.0	0.10(80)	0.10(80)	|	4328	
7473	940	ok	|	0.11	1.00	1.00	0.11	0.06	0	|	rapi	0.11	0.11	0	|	80.0	0.11(80)	0.11(80)	|	4328	
7473	941	ok	|	0.09	1.00	1.00	0.09	0.05	0	|	rapi	0.09	0.09	0	|	80.0	0.09(80)	0.09(80)	|	4328	
7473	942	ok	|	0.08	1.00	1.00	0.08	0.04	0	|	rapi	0.08	0.08	0	|	80.0	0.08(80)	0.08(80)	|	4328	
7473	943	ok	|	0.08	1.00	1.00	0.08	0.04	0	|	rapi	0.08	0.08	0	|	80.0	0.08(80)	0.08(80)	|	4328	
7473	944	ok	|	0.09	1.00	1.00	0.09	0.05	0	|	rapi	0.09	0.09	0	|	80.0	0.09(80)	0.09(80)	|	4328	
7473	945	ok	|	0.11	1.00	1.00	0.11	0.05	0	|	rapi	0.11	0.11	0	|	80.0	0.11(80)	0.11(80)	|	4328	
7473	946	ok	|	0.11	1.00	1.00	0.11	0.06	0	|	rapi	0.11	0.11	0	|	80.0	0.11(80)	0.11(80)	|	4328	
7473	947	ok	|	0.12	1.00	1.00	0.12	0.06	0	|	rapi	0.12	0.12	0	|	80.0	0.12(80)	0.12(80)	|	4328	
7473	948	ok	|	0.11	1.00	1.00	0.11	0.06	0	|	rapi	0.11	0.11	0	|	80.0	0.11(80)	0.11(80)	|	4328	
7473	949	ok	|	0.12	1.00	1.00	0.12	0.06	0	|	rapi	0.12	0.12	0	|	80.0	0.12(80)	0.12(80)	|	4328	
7473	950	ok	|	0.14	1.00	1.00	0.14	0.07	0	|	rapi	0.14	0.14	0	|	80.0	0.14(80)	0.14(80)	|	4328	
7473	951	ok	|	0.14	1.00	1.00	0.14	0.07	0	|	rapi	0.14	0.14	0	|	80.0	0.14(80)	0.14(80)	|	4328	
7473	952	ok	|	0.13	1.00	1.00	0.13	0.07	0	|	rapi	0.13	0.13	0	|	80.0	0.13(80)	0.13(80)	|	4328	
7473	953	ok	|	0.13	1.00	1.00	0.13	0.07	0	|	rapi	0.13	0.13	0	|	80.0	0.13(80)	0.13(80)	|	4328	
7473	954	ok	|	0.12	1.00	1.00	0.13	0.07	0	|	rapi	0.12	0.13	0	|	80.0	0.13(80)	0.13(80)	|	4328	
7473	955	ok	|	0.12	1.00	1.00	0.12	0.06	0	|	rapi	0.12	0.12	0	|	80.0	0.12(80)	0.12(80)	|	4328	
7473	956	ok	|	0.11	1.00	1.00	0.12	0.06	0	|	rapi	0.11	0.12	0	|	80.0	0.12(80)	0.12(80)	|	4328	
7473	957	ok	|	0.10	1.00	1.00	0.10	0.05	0	|	rapi	0.10	0.10	0	|	80.0	0.10(80)	0.10(80)	|	4328	
7473	958	ok	|	0.10	1.00	1.00	0.10	0.05	0	|	rapi	0.10	0.10	0	|	80.0	0.10(80)	0.10(80)	|	4328	
7473	959	ok	|	0.09	1.00	1.00	0.10	0.05	0	|	rapi	0.09	0.10	0	|	80.0	0.10(80)	0.10(80)	|	4328	
7473	960	ok	|	0.09	1.00	1.00	0.09	0.04	0	|	rapi	0.09	0.09	0	|	80.0	0.09(80)	0.09(80)	|	4328	
7473	961	ok	|	0.08	1.00	1.00	0.09	0.04	0	|	rapi	0.08	0.09	0	|	80.0	0.09(80)	0.09(80)	|	4328	
7473	962	ok	|	0.08	1.00	1.00	0.08	0.04	0	|	rapi	0.08	0.08	0	|	80.0	0.08(80)	0.08(80)	|	4328	
7473	963	ok	|	0.08	1.00	1.00	0.08	0.04	0	|	rapi	0.08	0.08	0	|	80.0	0.08(80)	0.08(80)	|	4328	
7473	964	ok	|	0.06	1.00	1.00	0.06	0.03	0	|	rapi	0.06	0.06	0	|	80.0	0.06(80)	0.06(80)	|	4328	
7473	965	ok	|	0.06	1.00	1.00	0.06	0.03	0	|	rapi	0.06	0.06	0	|	80.0	0.06(80)	0.06(80)	|	4328	
7473	966	ok	|	0.05	1.00	1.00	0.05	0.03	0	|	rapi	0.05	0.05	0	|	80.0	0.05(80)	0.05(80)	|	4328	
7473	967	ok	|	0.05	1.00	1.00	0.05	0.03	0	|	rapi	0.05	0.05	0	|	80.0	0.05(80)	0.05(80)	|	4328	
7473	968	ok	|	0.05	1.00	1.00	0.05	0.03	0	|	rapi	0.05	0.05	0	|	80.0	0.05(80)	0.05(80)	|	4328	
7473	969	ok	|	0.05	1.00	1.00	0.05	0.02	0	|	rapi	0.05	0.05	0	|	80.0	0.05(80)	0.05(80)	|	4328	
7473	970	ok	|	0.05	1.00	1.00	0.05	0.03	0	|	rapi	0.05	0.05	0	|	80.0	0.05(80)	0.05(80)	|	4328	
7473	971	ok	|	0.05	1.00	1.00	0.05	0.03	0	|	rapi	0.05	0.05	0	|	80.0	0.05(80)	0.05(80)	|	4328	
7473	972	ok	|	0.06	1.00	1.00	0.07	0.03	0	|	rapi	0.06	0.07	0	|	80.0	0.07(80)	0.07(80)	|	4328	
7473	973	ok	|	0.06	1.00	1.00	0.06	0.03	0	|	rapi	0.06	0.06	0	|	80.0	0.06(80)	0.06(80)	|	4328	
7473	974	ok	|	0.06	1.00	1.00	0.06	0.03	0	|	rapi	0.06	0.06	0	|	80.0	0.06(80)	0.06(80)	|	4328	
7473	975	ok	|	0.06	1.00	1.00	0.06	0.03	0	|	rapi	0.06	0.06	0	|	80.0	0.06(80)	0.06(80)	|	4328	
7473	976	ok	|	0.06	1.00	1.00	0.06	0.03	0	|	rapi	0.06	0.06	0	|	80.0	0.06(80)	0.06(80)	|	4328	
7473	977	ok	|	0.07	1.00	1.00	0.07	0.03	0	|	rapi	0.07	0.07	0	|	80.0	0.07(80)	0.07(80)	|	4328	
7473	978	ok	|	0.06	1.00	1.00	0.07	0.03	0	|	rapi	0.06	0.07	0	|	80.0	0.07(80)	0.07(80)	|	4328	
7473	979	ok	|	0.07	1.00	1.00	0.07	0.04	0	|	rapi	0.07	0.07	0	|	80.0	0.07(80)	0.07(80)	|	4328	
7473	980	ok	|	0.07	1.00	1.00	0.07	0.04	0	|	rapi	0.07	0.07	0	|	80.0	0.07(80)	0.07(80)	|	4328	
7473	981	ok	|	0.08	1.00	1.00	0.08	0.04	0	|	rapi	0.08	0.08	0	|	80.0	0.08(80)	0.08(80)	|	4328	
7473	982	ok	|	0.08	1.00	1.00	0.08	0.04	0	|	rapi	0.08	0.08	0	|	80.0	0.08(80)	0.08(80)	|	4328	
7473	983	ok	|	0.07	1.00	1.00	0.07	0.04	0	|	rapi	0.07	0.07	0	|	80.0	0.07(80)	0.07(80)	|	4328	
7473	984	ok	|	0.08	1.00	1.00	0.08	0.04	0	|	rapi	0.08	0.08	0	|	80.0	0.08(80)	0.08(80)	|	4328	
7473	985	ok	|	0.07	1.00	1.00	0.07	0.03	0	|	rapi	0.07	0.07	0	|	80.0	0.07(80)	0.07(80)	|	4328	
7473	986	ok	|	0.07	1.00	1.00	0.07	0.04	0	|	rapi	0.07	0.07	0	|	80.0	0.07(80)	0.07(80)	|	4328	
7473	987	ok	|	0.05	1.00	1.00	0.06	0.03	0	|	rapi	0.05	0.06	0	|	80.0	0.06(80)	0.06(80)	|	4328	
7473	988	ok	|	0.05	1.00	1.00	0.05	0.03	0	|	rapi	0.05	0.05	0	|	80.0	0.05(80)	0.05(80)	|	4328	
7473	989	ok	|	0.05	1.00	1.00	0.05	0.02	0	|	rapi	0.05	0.05	0	|	80.0	0.05(80)	0.05(80)	|	4328	
7473	990	ok	|	0.05	1.00	1.00	0.05	0.03	0	|	rapi	0.05	0.05	0	|	80.0	0.05(80)	0.05(80)	|	4328	
7473	991	ok	|	0.06	1.00	1.00	0.06	0.03	0	|	rapi	0.06	0.06	0	|	80.0	0.06(80)	0.06(80)	|	4328	
7473	992	ok	|	0.05	1.00	1.00	0.05	0.03	0	|	rapi	0.05	0.05	0	|	80.0	0.05(80)	0.05(80)	|	4328	
7473	993	ok	|	0.06	1.00	1.00	0.06	0.03	0	|	rapi	0.06	0.06	0	|	80.0	0.06(80)	0.06(80)	|	4328	
7473	994	ok	|	0.06	1.00	1.00	0.06	0.03	0	|	rapi	0.06	0.06	0	|	80.0	0.06(80)	0.06(80)	|	4328	
7473	995	ok	|	0.04	1.00	1.00	0.04	0.02	0	|	rapi	0.04	0.04	0	|	80.0	0.04(80)	0.04(80)	|	4328	
7473	996	ok	|	0.03	1.00	1.00	0.03	0.01	0	|	rapi	0.03	0.03	0	|	80.0	0.03(80)	0.03(80)	|	4328	
7473	997	ok	|	0.04	1.00	1.00	0.04	0.02	0	|	rapi	0.04	0.04	0	|	80.0	0.04(80)	0.04(80)	|	4328	
7473	998	ok	|	0.04	1.00	1.00	0.04	0.02	0	|	rapi	0.04	0.04	0	|	80.0	0.04(80)	0.04(80)	|	4328	
7473	999	ok	|	0.04	1.00	1.00	0.04	0.02	0	|	rapi	0.04	0.04	0	|	80.0	0.04(80)	0.04(80)	|	4328	
7473	1000	ok	|	0.04	1.00	1.00	0.04	0.02	0	|	rapi	0.04	0.04	0	|	80.0	0.04(80)	0.04(80)	|	4328	
7473	1001	ok	|	0.04	1.00	1.00	0.04	0.02	0	|	rapi	0.04	0.04	0	|	80.0	0.04(80)	0.04(80)	|	4328	
7473	1002	ok	|	0.03	1.00	1.00	0.03	0.02	0	|	rapi	0.03	0.03	0	|	80.0	0.03(80)	0.03(80)	|	4328	
7473	1003	ok	|	0.03	1.00	1.00	0.03	0.02	0	|	rapi	0.03	0.03	0	|	80.0	0.03(80)	0.03(80)	|	4328	
7473	1004	ok	|	0.03	1.00	1.00	0.03	0.02	0	|	rapi	0.03	0.03	0	|	80.0	0.03(80)	0.03(80)	|	4328	
7473	1005	ok	|	0.03	1.00	1.00	0.04	0.02	0	|	rapi	0.03	0.04	0	|	80.0	0.04(80)	0.04(80)	|	4328	
7473	1006	ok	|	0.03	1.00	1.00	0.03	0.02	0	|	rapi	0.03	0.03	0	|	80.0	0.03(80)	0.03(80)	|	4328	
7473	1007	ok	|	0.03	1.00	1.00	0.03	0.01	0	|	rapi	0.03	0.03	0	|	80.0	0.03(80)	0.03(80)	|	4328	
7473	1008	ok	|	0.03	1.00	1.00	0.03	0.02	0	|	rapi	0.03	0.03	0	|	80.0	0.03(80)	0.03(80)	|	4328	
7473	1009	ok	|	0.05	1.00	1.00	0.05	0.02	0	|	rapi	0.05	0.05	0	|	80.0	0.05(80)	0.05(80)	|	4328	
7473	1010	ok	|	0.06	1.00	1.00	0.06	0.03	0	|	rapi	0.06	0.06	0	|	80.0	0.06(80)	0.06(80)	|	4328	
7473	1011	ok	|	0.05	1.00	1.00	0.05	0.02	0	|	rapi	0.05	0.05	0	|	80.0	0.05(80)	0.05(80)	|	4328	
7473	1012	ok	|	0.03	1.00	1.00	0.03	0.02	0	|	rapi	0.03	0.03	0	|	80.0	0.03(80)	0.03(80)	|	4328	
7473	1013	ok	|	0.04	1.00	1.00	0.04	0.02	0	|	rapi	0.04	0.04	0	|	80.0	0.04(80)	0.04(80)	|	4328	
7473	1014	ok	|	0.04	1.00	1.00	0.04	0.02	0	|	rapi	0.04	0.04	0	|	80.0	0.04(80)	0.04(80)	|	4328	
7473	1015	ok	|	0.04	1.00	1.00	0.04	0.02	0	|	rapi	0.04	0.04	0	|	80.0	0.04(80)	0.04(80)	|	4328	
7473	1016	ok	|	0.03	1.00	1.00	0.04	0.02	0	|	rapi	0.03	0.04	0	|	80.0	0.04(80)	0.04(80)	|	4328	
7473	1017	ok	|	0.04	1.00	1.00	0.04	0.02	0	|	rapi	0.04	0.04	0	|	80.0	0.04(80)	0.04(80)	|	4328	
7473	1018	ok	|	0.04	1.00	1.00	0.04	0.02	0	|	rapi	0.04	0.04	0	|	80.0	0.04(80)	0.04(80)	|	4328	
7473	1019	ok	|	0.03	1.00	1.00	0.03	0.02	0	|	rapi	0.03	0.03	0	|	80.0	0.03(80)	0.03(80)	|	4328	
7473	1020	ok	|	0.04	1.00	1.00	0.04	0.02	0	|	rapi	0.04	0.04	0	|	80.0	0.04(80)	0.04(80)	|	4328	
7473	1021	ok	|	0.03	1.00	1.00	0.03	0.01	0	|	rapi	0.03	0.03	0	|	80.0	0.03(80)	0.03(80)	|	4328	
7473	1022	ok	|	0.03	1.00	1.00	0.03	0.02	0	|	rapi	0.03	0.03	0	|	80.0	0.03(80)	0.03(80)	|	4328	
7473	1023	ok	|	0.03	1.00	1.00	0.03	0.02	0	|	rapi	0.03	0.03	0	|	80.0	0.03(80)	0.03(80)	|	4328	
7473	1024	ok	|	0.03	1.00	1.00	0.03	0.02	0	|	rapi	0.03	0.03	0	|	80.0	0.03(80)	0.03(80)	|	4328	
7473	1025	ok	|	0.04	1.00	1.00	0.04	0.02	0	|	rapi	0.04	0.04	0	|	80.0	0.04(80)	0.04(80)	|	4328	
7473	1026	ok	|	0.04	1.00	1.00	0.04	0.02	0	|	rapi	0.04	0.04	0	|	80.0	0.04(80)	0.04(80)	|	4328	
7473	1027	ok	|	0.04	1.00	1.00	0.04	0.02	0	|	rapi	0.04	0.04	0	|	80.0	0.04(80)	0.04(80)	|	4328	
7473	1028	ok	|	0.04	1.00	1.00	0.04	0.02	0	|	rapi	0.04	0.04	0	|	80.0	0.04(80)	0.04(80)	|	4328	
7473	1029	ok	|	0.04	1.00	1.00	0.04	0.02	0	|	rapi	0.04	0.04	0	|	80.0	0.04(80)	0.04(80)	|	4328	
7473	1030	ok	|	0.04	1.00	1.00	0.04	0.02	0	|	rapi	0.04	0.04	0	|	80.0	0.04(80)	0.04(80)	|	4328	
7473	1031	ok	|	0.03	1.00	1.00	0.03	0.02	0	|	rapi	0.03	0.03	0	|	80.0	0.03(80)	0.03(80)	|	4328	
7473	1032	ok	|	0.04	1.00	1.00	0.04	0.02	0	|	rapi	0.04	0.04	0	|	80.0	0.04(80)	0.04(80)	|	4328	
7473	1033	ok	|	0.03	1.00	1.00	0.03	0.02	0	|	rapi	0.03	0.03	0	|	80.0	0.03(80)	0.03(80)	|	4328	
7473	1034	ok	|	0.03	1.00	1.00	0.03	0.01	0	|	rapi	0.03	0.03	0	|	80.0	0.03(80)	0.03(80)	|	4328	
7473	1035	ok	|	0.03	1.00	1.00	0.03	0.01	0	|	rapi	0.03	0.03	0	|	80.0	0.03(80)	0.03(80)	|	4328	
7473	1036	ok	|	0.03	1.00	1.00	0.03	0.01	0	|	rapi	0.03	0.03	0	|	80.0	0.03(80)	0.03(80)	|	4328	
7473	1037	ok	|	0.02	1.00	1.00	0.02	0.01	0	|	rapi	0.02	0.02	0	|	80.0	0.02(80)	0.02(80)	|	4328	
7473	1038	ok	|	0.02	1.00	1.00	0.02	0.01	0	|	rapi	0.02	0.02	0	|	80.0	0.02(80)	0.02(80)	|	4328	
7473	1039	ok	|	0.01	1.00	1.00	0.01	0.01	0	|	rapi	0.01	0.01	0	|	80.0	0.01(80)	0.01(80)	|	4328	
7473	1040	ok	|	0.01	1.00	1.00	0.01	0.01	0	|	rapi	0.01	0.01	0	|	80.0	0.01(80)	0.01(80)	|	4328	
7473	1041	ok	|	0.01	1.00	1.00	0.01	0.00	0	|	rapi	0.01	0.01	0	|	80.0	0.01(80)	0.01(80)	|	4328	
7473	1042	ok	|	0.01	1.00	1.00	0.01	0.00	0	|	rapi	0.01	0.01	0	|	80.0	0.01(80)	0.01(80)	|	4328	
7473	1043	ok	|	0.00	1.00	1.00	0.00	0.00	0	|	rapi	0.00	0.00	0	|	80.0	0.00(80)	0.00(80)	|	4328	
7473	1044	ok	|	0.00	1.00	1.00	0.00	0.00	0	|	rapi	0.00	0.00	0	|	80.0	0.00(80)	0.00(80)	|	4328	
7473	1045	ok	|	0.00	1.00	1.00	0.00	0.00	0	|	rapi	0.00	0.00	0	|	80.0	0.00(80)	0.00(80)	|	4328	
7473	1046	ok	|	0.00	1.00	1.00	0.00	0.00	0	|	rapi	0.00	0.00	0	|	80.0	0.00(80)	0.00(80)	|	4328	
7473	1047	ok	|	0.01	1.00	1.00	0.01	0.00	0	|	rapi	0.01	0.01	0	|	80.0	0.01(80)	0.01(80)	|	4328	
7473	1048	ok	|	0.00	1.00	1.00	0.00	0.00	0	|	rapi	0.00	0.00	0	|	80.0	0.00(80)	0.00(80)	|	4328	
7473	1049	ok	|	0.00	1.00	1.00	0.00	0.00	0	|	rapi	0.00	0.00	0	|	80.0	0.00(80)	0.00(80)	|	4328	
7473	1050	fail-0	|	0.00	1.00	1.00	0.00	NaN	0	|	rapi	0.00	0.00	0	|	NaN			|	4328	
