7485	0	ok	|	0.10	1.00	1.00	0.10	0.00	0	|	rapi	0.09	0.10	0	|	76.0	0.10(76)	0.10(76)	|	7775	
7485	1	ok	|	0.10	1.00	1.00	0.11	0.00	0	|	rapi	0.10	0.10	0	|	76.0	0.11(76)	0.10(76)	|	7775	
7485	2	ok	|	0.10	1.00	1.00	0.10	0.00	0	|	rapi	0.10	0.10	0	|	76.0	0.10(76)	0.10(76)	|	7775	
7485	3	ok	|	0.09	1.00	1.00	0.09	0.00	0	|	rapi	0.08	0.08	0	|	76.0	0.09(76)	0.08(76)	|	7775	
7485	4	ok	|	0.09	1.00	1.00	0.09	0.00	0	|	rapi	0.08	0.08	0	|	76.0	0.09(76)	0.08(76)	|	7775	
7485	5	ok	|	0.09	1.00	1.00	0.09	0.00	0	|	rapi	0.08	0.09	0	|	76.0	0.09(76)	0.09(76)	|	7775	
7485	6	ok	|	0.08	1.00	1.00	0.09	0.00	0	|	rapi	0.07	0.08	0	|	76.0	0.09(76)	0.08(76)	|	7775	
7485	7	ok	|	0.10	1.00	1.00	0.10	0.00	0	|	rapi	0.09	0.10	0	|	76.0	0.10(76)	0.10(76)	|	7775	
7485	8	ok	|	0.10	1.00	1.00	0.11	0.00	0	|	rapi	0.09	0.10	0	|	76.0	0.11(76)	0.10(76)	|	7775	
7485	9	ok	|	0.10	1.00	1.00	0.11	0.00	0	|	rapi	0.09	0.10	0	|	76.0	0.11(76)	0.10(76)	|	7775	
7485	10	ok	|	0.11	1.00	1.00	0.12	0.00	0	|	rapi	0.10	0.11	0	|	76.0	0.12(76)	0.11(76)	|	7775	
7485	11	ok	|	0.12	1.00	1.00	0.13	0.00	0	|	rapi	0.12	0.13	0	|	76.0	0.13(76)	0.13(76)	|	7775	
7485	12	ok	|	0.11	1.00	1.00	0.12	0.00	0	|	rapi	0.11	0.11	0	|	76.0	0.12(76)	0.11(76)	|	7775	
7485	13	ok	|	0.10	1.00	1.00	0.11	0.00	0	|	rapi	0.10	0.10	0	|	76.0	0.11(76)	0.10(76)	|	7775	
7485	14	ok	|	0.11	1.00	1.00	0.11	0.00	0	|	rapi	0.10	0.11	0	|	76.0	0.11(76)	0.11(76)	|	7775	
7485	15	ok	|	0.09	1.00	1.00	0.09	0.00	0	|	rapi	0.09	0.09	0	|	76.0	0.09(76)	0.09(76)	|	7775	
7485	16	ok	|	0.09	1.00	1.00	0.09	0.00	0	|	rapi	0.08	0.09	0	|	76.0	0.09(76)	0.09(76)	|	7775	
7485	17	ok	|	0.10	1.00	1.00	0.10	0.00	0	|	rapi	0.10	0.10	0	|	76.0	0.10(76)	0.10(76)	|	7775	
7485	18	ok	|	0.11	1.00	1.00	0.11	0.00	0	|	rapi	0.10	0.11	0	|	76.0	0.11(76)	0.11(76)	|	7775	
7485	19	ok	|	0.12	1.00	1.00	0.13	0.00	0	|	rapi	0.12	0.13	0	|	76.0	0.13(76)	0.13(76)	|	7775	
7485	20	ok	|	0.11	1.00	1.00	0.12	0.00	0	|	rapi	0.11	0.11	0	|	76.0	0.12(76)	0.11(76)	|	7775	
7485	21	ok	|	0.11	1.00	1.00	0.12	0.00	0	|	rapi	0.10	0.11	0	|	76.0	0.12(76)	0.11(76)	|	7775	
7485	22	ok	|	0.11	1.00	1.00	0.12	0.00	0	|	rapi	0.11	0.11	0	|	76.0	0.12(76)	0.11(76)	|	7775	
7485	23	ok	|	0.09	1.00	1.00	0.09	0.00	0	|	rapi	0.09	0.09	0	|	76.0	0.09(76)	0.09(76)	|	7775	
7485	24	ok	|	0.09	1.00	1.00	0.10	0.00	0	|	rapi	0.09	0.09	0	|	76.0	0.10(76)	0.09(76)	|	7775	
7485	25	ok	|	0.09	1.00	1.00	0.09	0.00	0	|	rapi	0.08	0.09	0	|	76.0	0.09(76)	0.09(76)	|	7775	
7485	26	ok	|	0.08	1.00	1.00	0.08	0.00	0	|	rapi	0.08	0.08	0	|	76.0	0.08(76)	0.08(76)	|	7775	
7485	27	ok	|	0.08	1.00	1.00	0.09	0.00	0	|	rapi	0.08	0.08	0	|	76.0	0.09(76)	0.08(76)	|	7775	
7485	28	ok	|	0.08	1.00	1.00	0.08	0.00	0	|	rapi	0.07	0.07	0	|	76.0	0.08(76)	0.07(76)	|	7775	
7485	29	ok	|	0.07	1.00	1.00	0.07	0.00	0	|	rapi	0.06	0.07	0	|	76.0	0.07(76)	0.07(76)	|	7775	
7485	30	ok	|	0.06	1.00	1.00	0.07	0.00	0	|	rapi	0.06	0.07	0	|	76.0	0.07(76)	0.07(76)	|	7775	
7485	31	ok	|	0.06	1.00	1.00	0.07	0.00	0	|	rapi	0.06	0.07	0	|	76.0	0.07(76)	0.07(76)	|	7775	
7485	32	ok	|	0.06	1.00	1.00	0.07	0.01	0	|	rapi	0.06	0.07	0	|	76.0	0.07(76)	0.07(76)	|	7775	
7485	33	ok	|	0.06	1.00	1.00	0.07	0.01	0	|	rapi	0.06	0.07	0	|	76.0	0.07(76)	0.07(76)	|	7775	
7485	34	ok	|	0.06	1.00	1.00	0.06	0.01	0	|	rapi	0.06	0.06	0	|	76.0	0.06(76)	0.06(76)	|	7775	
7485	35	ok	|	0.05	1.00	1.00	0.05	0.01	0	|	rapi	0.05	0.05	0	|	76.0	0.05(76)	0.05(76)	|	7775	
7485	36	ok	|	0.05	1.00	1.00	0.05	0.01	0	|	rapi	0.05	0.05	0	|	76.0	0.05(76)	0.05(76)	|	7775	
7485	37	ok	|	0.06	1.00	1.00	0.06	0.01	0	|	rapi	0.06	0.06	0	|	76.0	0.06(76)	0.06(76)	|	7775	
7485	38	ok	|	0.06	1.00	1.00	0.06	0.01	0	|	rapi	0.06	0.06	0	|	76.0	0.06(76)	0.06(76)	|	7775	
7485	39	ok	|	0.06	1.00	1.00	0.06	0.01	0	|	rapi	0.06	0.06	0	|	76.0	0.06(76)	0.06(76)	|	7775	
7485	40	ok	|	0.05	1.00	1.00	0.05	0.01	0	|	rapi	0.05	0.05	0	|	76.0	0.05(76)	0.05(76)	|	7775	
7485	41	ok	|	0.05	1.00	1.00	0.06	0.01	0	|	rapi	0.05	0.06	0	|	76.0	0.06(76)	0.06(76)	|	7775	
7485	42	ok	|	0.05	1.00	1.00	0.05	0.01	0	|	rapi	0.05	0.05	0	|	76.0	0.05(76)	0.05(76)	|	7775	
7485	43	ok	|	0.06	1.00	1.00	0.06	0.01	0	|	rapi	0.06	0.06	0	|	76.0	0.06(76)	0.06(76)	|	7775	
7485	44	ok	|	0.06	1.00	1.00	0.07	0.01	0	|	rapi	0.06	0.07	0	|	76.0	0.07(76)	0.07(76)	|	7775	
7485	45	ok	|	0.06	1.00	1.00	0.06	0.01	0	|	rapi	0.06	0.06	0	|	76.0	0.06(76)	0.06(76)	|	7775	
7485	46	ok	|	0.05	1.00	1.00	0.05	0.01	0	|	rapi	0.05	0.05	0	|	76.0	0.05(76)	0.05(76)	|	7775	
7485	47	ok	|	0.04	1.00	1.00	0.04	0.01	0	|	rapi	0.04	0.04	0	|	76.0	0.04(76)	0.04(76)	|	7775	
7485	48	ok	|	0.04	1.00	1.00	0.04	0.01	0	|	rapi	0.04	0.04	0	|	76.0	0.04(76)	0.04(76)	|	7775	
7485	49	ok	|	0.04	1.00	1.00	0.04	0.01	0	|	rapi	0.04	0.04	0	|	76.0	0.04(76)	0.04(76)	|	7775	
7485	50	ok	|	0.04	1.00	1.00	0.04	0.01	0	|	rapi	0.04	0.04	0	|	76.0	0.04(76)	0.04(76)	|	7775	
7485	51	ok	|	0.04	1.00	1.00	0.04	0.01	0	|	rapi	0.04	0.04	0	|	76.0	0.04(76)	0.04(76)	|	7775	
7485	52	ok	|	0.05	1.00	1.00	0.05	0.01	0	|	rapi	0.05	0.05	0	|	76.0	0.05(76)	0.05(76)	|	7775	
7485	53	ok	|	0.06	1.00	1.00	0.06	0.01	0	|	rapi	0.06	0.06	0	|	76.0	0.06(76)	0.06(76)	|	7775	
7485	54	ok	|	0.07	1.00	1.00	0.07	0.02	0	|	rapi	0.07	0.07	0	|	76.0	0.07(76)	0.07(76)	|	7775	
7485	55	ok	|	0.08	1.00	1.00	0.08	0.02	0	|	rapi	0.08	0.08	0	|	76.0	0.08(76)	0.08(76)	|	7775	
7485	56	ok	|	0.09	1.00	1.00	0.09	0.02	0	|	rapi	0.09	0.09	0	|	76.0	0.09(76)	0.09(76)	|	7775	
7485	57	ok	|	0.07	1.00	1.00	0.07	0.02	0	|	rapi	0.07	0.07	0	|	76.0	0.07(76)	0.07(76)	|	7775	
7485	58	ok	|	0.07	1.00	1.00	0.07	0.02	0	|	rapi	0.07	0.07	0	|	76.0	0.07(76)	0.07(76)	|	7775	
7485	59	ok	|	0.07	1.00	1.00	0.07	0.02	0	|	rapi	0.07	0.07	0	|	76.0	0.07(76)	0.07(76)	|	7775	
7485	60	ok	|	0.07	1.00	1.00	0.08	0.02	0	|	rapi	0.07	0.08	0	|	76.0	0.08(76)	0.08(76)	|	7775	
7485	61	ok	|	0.08	1.00	1.00	0.08	0.02	0	|	rapi	0.08	0.08	0	|	76.0	0.08(76)	0.08(76)	|	7775	
7485	62	ok	|	0.07	1.00	1.00	0.08	0.02	0	|	rapi	0.07	0.08	0	|	76.0	0.08(76)	0.08(76)	|	7775	
7485	63	ok	|	0.08	1.00	1.00	0.08	0.02	0	|	rapi	0.08	0.08	0	|	76.0	0.08(76)	0.08(76)	|	7775	
7485	64	ok	|	0.07	1.00	1.00	0.07	0.02	0	|	rapi	0.07	0.07	0	|	76.0	0.07(76)	0.07(76)	|	7775	
7485	65	ok	|	0.06	1.00	1.00	0.06	0.01	0	|	rapi	0.06	0.06	0	|	76.0	0.06(76)	0.06(76)	|	7775	
7485	66	ok	|	0.07	1.00	1.00	0.07	0.02	0	|	rapi	0.07	0.07	0	|	76.0	0.07(76)	0.07(76)	|	7775	
7485	67	ok	|	0.07	1.00	1.00	0.07	0.02	0	|	rapi	0.07	0.07	0	|	76.0	0.07(76)	0.07(76)	|	7775	
7485	68	ok	|	0.07	1.00	1.00	0.07	0.02	0	|	rapi	0.07	0.07	0	|	76.0	0.07(76)	0.07(76)	|	7775	
7485	69	ok	|	0.07	1.00	1.00	0.07	0.02	0	|	rapi	0.07	0.07	0	|	76.0	0.07(76)	0.07(76)	|	7775	
7485	70	ok	|	0.08	1.00	1.00	0.08	0.02	0	|	rapi	0.08	0.08	0	|	76.0	0.08(76)	0.08(76)	|	7775	
7485	71	ok	|	0.08	1.00	1.00	0.09	0.02	0	|	rapi	0.08	0.09	0	|	76.0	0.09(76)	0.09(76)	|	7775	
7485	72	ok	|	0.09	1.00	1.00	0.09	0.02	0	|	rapi	0.09	0.09	0	|	76.0	0.09(76)	0.09(76)	|	7775	
7485	73	ok	|	0.10	1.00	1.00	0.10	0.03	0	|	rapi	0.10	0.10	0	|	76.0	0.10(76)	0.10(76)	|	7775	
7485	74	ok	|	0.10	1.00	1.00	0.10	0.03	0	|	rapi	0.10	0.10	0	|	76.0	0.10(76)	0.10(76)	|	7775	
7485	75	ok	|	0.10	1.00	1.00	0.11	0.03	0	|	rapi	0.10	0.11	0	|	76.0	0.11(76)	0.11(76)	|	7775	
7485	76	ok	|	0.10	1.00	1.00	0.11	0.03	0	|	rapi	0.10	0.11	0	|	76.0	0.11(76)	0.11(76)	|	7775	
7485	77	ok	|	0.10	1.00	1.00	0.10	0.03	0	|	rapi	0.10	0.10	0	|	76.0	0.10(76)	0.10(76)	|	7775	
7485	78	ok	|	0.11	1.00	1.00	0.11	0.03	0	|	rapi	0.11	0.11	0	|	76.0	0.11(76)	0.11(76)	|	7775	
7485	79	ok	|	0.11	1.00	1.00	0.11	0.03	0	|	rapi	0.11	0.11	0	|	76.0	0.11(76)	0.11(76)	|	7775	
7485	80	ok	|	0.12	1.00	1.00	0.12	0.03	0	|	rapi	0.12	0.12	0	|	76.0	0.12(76)	0.12(76)	|	7775	
7485	81	ok	|	0.12	1.00	1.00	0.12	0.03	0	|	rapi	0.12	0.12	0	|	76.0	0.12(76)	0.12(76)	|	7775	
7485	82	ok	|	0.12	1.00	1.00	0.12	0.03	0	|	rapi	0.12	0.12	0	|	76.0	0.12(76)	0.12(76)	|	7775	
7485	83	ok	|	0.11	1.00	1.00	0.11	0.03	0	|	rapi	0.11	0.11	0	|	76.0	0.11(76)	0.11(76)	|	7775	
7485	84	ok	|	0.12	1.00	1.00	0.13	0.03	0	|	rapi	0.12	0.13	0	|	76.0	0.13(76)	0.13(76)	|	7775	
7485	85	ok	|	0.12	1.00	1.00	0.12	0.03	0	|	rapi	0.12	0.12	0	|	76.0	0.12(76)	0.12(76)	|	7775	
7485	86	ok	|	0.14	1.00	1.00	0.14	0.04	0	|	rapi	0.14	0.14	0	|	76.0	0.14(76)	0.14(76)	|	7775	
7485	87	ok	|	0.15	1.00	1.00	0.16	0.04	0	|	rapi	0.15	0.16	0	|	76.0	0.16(76)	0.16(76)	|	7775	
7485	88	ok	|	0.16	1.00	1.00	0.17	0.04	0	|	rapi	0.16	0.17	0	|	76.0	0.17(76)	0.17(76)	|	7775	
7485	89	ok	|	0.17	1.00	1.00	0.18	0.04	0	|	rapi	0.17	0.18	0	|	76.0	0.18(76)	0.18(76)	|	7775	
7485	90	ok	|	0.17	1.00	1.00	0.18	0.04	0	|	rapi	0.17	0.18	0	|	76.0	0.18(76)	0.18(76)	|	7775	
7485	91	ok	|	0.18	1.00	1.00	0.19	0.05	0	|	rapi	0.18	0.19	0	|	76.0	0.19(76)	0.19(76)	|	7775	
7485	92	ok	|	0.18	1.00	1.00	0.20	0.05	0	|	rapi	0.18	0.20	0	|	76.0	0.20(76)	0.20(76)	|	7775	
7485	93	ok	|	0.20	1.00	1.00	0.23	0.06	0	|	rapi	0.20	0.23	0	|	76.0	0.23(76)	0.23(76)	|	7775	
7485	94	ok	|	0.20	1.00	1.00	0.22	0.06	0	|	rapi	0.20	0.22	0	|	76.0	0.22(76)	0.22(76)	|	7775	
7485	95	ok	|	0.21	1.00	1.00	0.23	0.06	0	|	rapi	0.21	0.23	0	|	76.0	0.23(76)	0.23(76)	|	7775	
7485	96	ok	|	0.21	1.00	1.00	0.23	0.06	0	|	rapi	0.21	0.23	0	|	76.0	0.23(76)	0.23(76)	|	7775	
7485	97	ok	|	0.22	1.00	1.00	0.24	0.06	0	|	rapi	0.22	0.24	0	|	76.0	0.24(76)	0.24(76)	|	7775	
7485	98	ok	|	0.21	1.00	1.00	0.24	0.06	0	|	rapi	0.21	0.24	0	|	76.0	0.24(76)	0.24(76)	|	7775	
7485	99	ok	|	0.20	1.00	1.00	0.22	0.05	0	|	rapi	0.20	0.22	0	|	76.0	0.22(76)	0.22(76)	|	7775	
7485	100	ok	|	0.21	1.00	1.00	0.22	0.06	0	|	rapi	0.21	0.22	0	|	76.0	0.22(76)	0.22(76)	|	7775	
7485	101	ok	|	0.18	1.00	1.00	0.20	0.05	0	|	rapi	0.18	0.20	0	|	76.0	0.20(76)	0.20(76)	|	7775	
7485	102	ok	|	0.17	1.00	1.00	0.19	0.05	0	|	rapi	0.17	0.19	0	|	76.0	0.19(76)	0.19(76)	|	7775	
7485	103	ok	|	0.17	1.00	1.00	0.18	0.04	0	|	rapi	0.17	0.18	0	|	76.0	0.18(76)	0.18(76)	|	7775	
7485	104	ok	|	0.18	1.00	1.00	0.19	0.05	0	|	rapi	0.18	0.19	0	|	76.0	0.19(76)	0.19(76)	|	7775	
7485	105	ok	|	0.19	1.00	1.00	0.20	0.05	0	|	rapi	0.19	0.20	0	|	76.0	0.20(76)	0.20(76)	|	7775	
7485	106	ok	|	0.20	1.00	1.00	0.22	0.05	0	|	rapi	0.20	0.22	0	|	76.0	0.22(76)	0.22(76)	|	7775	
7485	107	ok	|	0.19	1.00	1.00	0.21	0.05	0	|	rapi	0.19	0.21	0	|	76.0	0.21(76)	0.21(76)	|	7775	
7485	108	ok	|	0.19	1.00	1.00	0.20	0.05	0	|	rapi	0.19	0.20	0	|	76.0	0.20(76)	0.20(76)	|	7775	
7485	109	ok	|	0.18	1.00	1.00	0.19	0.05	0	|	rapi	0.18	0.19	0	|	76.0	0.19(76)	0.19(76)	|	7775	
7485	110	ok	|	0.17	1.00	1.00	0.18	0.04	0	|	rapi	0.17	0.18	0	|	76.0	0.18(76)	0.18(76)	|	7775	
7485	111	ok	|	0.15	1.00	1.00	0.17	0.04	0	|	rapi	0.15	0.17	0	|	76.0	0.17(76)	0.17(76)	|	7775	
7485	112	ok	|	0.16	1.00	1.00	0.17	0.04	0	|	rapi	0.16	0.17	0	|	76.0	0.17(76)	0.17(76)	|	7775	
7485	113	ok	|	0.14	1.00	1.00	0.15	0.04	0	|	rapi	0.14	0.15	0	|	76.0	0.15(76)	0.15(76)	|	7775	
7485	114	ok	|	0.15	1.00	1.00	0.16	0.04	0	|	rapi	0.15	0.16	0	|	76.0	0.16(76)	0.16(76)	|	7775	
7485	115	ok	|	0.15	1.00	1.00	0.16	0.04	0	|	rapi	0.15	0.16	0	|	76.0	0.16(76)	0.16(76)	|	7775	
7485	116	ok	|	0.14	1.00	1.00	0.14	0.04	0	|	rapi	0.14	0.14	0	|	76.0	0.14(76)	0.14(76)	|	7775	
7485	117	ok	|	0.13	1.00	1.00	0.13	0.03	0	|	rapi	0.13	0.13	0	|	76.0	0.13(76)	0.13(76)	|	7775	
7485	118	ok	|	0.14	1.00	1.00	0.14	0.04	0	|	rapi	0.14	0.14	0	|	76.0	0.14(76)	0.14(76)	|	7775	
7485	119	ok	|	0.13	1.00	1.00	0.13	0.03	0	|	rapi	0.13	0.13	0	|	76.0	0.13(76)	0.13(76)	|	7775	
7485	120	ok	|	0.13	1.00	1.00	0.13	0.03	0	|	rapi	0.13	0.13	0	|	76.0	0.13(76)	0.13(76)	|	7775	
7485	121	ok	|	0.11	1.00	1.00	0.12	0.03	0	|	rapi	0.11	0.12	0	|	76.0	0.12(76)	0.12(76)	|	7775	
7485	122	ok	|	0.09	1.00	1.00	0.09	0.02	0	|	rapi	0.09	0.09	0	|	76.0	0.09(76)	0.09(76)	|	7775	
7485	123	ok	|	0.10	1.00	1.00	0.10	0.02	0	|	rapi	0.10	0.10	0	|	76.0	0.10(76)	0.10(76)	|	7775	
7485	124	ok	|	0.09	1.00	1.00	0.09	0.02	0	|	rapi	0.09	0.09	0	|	76.0	0.09(76)	0.09(76)	|	7775	
7485	125	ok	|	0.08	1.00	1.00	0.08	0.02	0	|	rapi	0.08	0.08	0	|	76.0	0.08(76)	0.08(76)	|	7775	
7485	126	ok	|	0.09	1.00	1.00	0.09	0.02	0	|	rapi	0.09	0.09	0	|	76.0	0.09(76)	0.09(76)	|	7775	
7485	127	ok	|	0.09	1.00	1.00	0.09	0.02	0	|	rapi	0.09	0.09	0	|	76.0	0.09(76)	0.09(76)	|	7775	
7485	128	ok	|	0.10	1.00	1.00	0.10	0.03	0	|	rapi	0.10	0.10	0	|	76.0	0.10(76)	0.10(76)	|	7775	
7485	129	ok	|	0.09	1.00	1.00	0.09	0.02	0	|	rapi	0.09	0.09	0	|	76.0	0.09(76)	0.09(76)	|	7775	
7485	130	ok	|	0.08	1.00	1.00	0.09	0.02	0	|	rapi	0.08	0.09	0	|	76.0	0.09(76)	0.09(76)	|	7775	
7485	131	ok	|	0.09	1.00	1.00	0.09	0.02	0	|	rapi	0.09	0.09	0	|	76.0	0.09(76)	0.09(76)	|	7775	
7485	132	ok	|	0.10	1.00	1.00	0.11	0.03	0	|	rapi	0.10	0.11	0	|	76.0	0.11(76)	0.11(76)	|	7775	
7485	133	ok	|	0.11	1.00	1.00	0.11	0.03	0	|	rapi	0.11	0.11	0	|	76.0	0.11(76)	0.11(76)	|	7775	
7485	134	ok	|	0.11	1.00	1.00	0.11	0.03	0	|	rapi	0.11	0.11	0	|	76.0	0.11(76)	0.11(76)	|	7775	
7485	135	ok	|	0.12	1.00	1.00	0.12	0.03	0	|	rapi	0.12	0.12	0	|	76.0	0.12(76)	0.12(76)	|	7775	
7485	136	ok	|	0.11	1.00	1.00	0.12	0.03	0	|	rapi	0.11	0.12	0	|	76.0	0.12(76)	0.12(76)	|	7775	
7485	137	ok	|	0.10	1.00	1.00	0.11	0.03	0	|	rapi	0.10	0.11	0	|	76.0	0.11(76)	0.11(76)	|	7775	
7485	138	ok	|	0.10	1.00	1.00	0.10	0.03	0	|	rapi	0.10	0.10	0	|	76.0	0.10(76)	0.10(76)	|	7775	
7485	139	ok	|	0.09	1.00	1.00	0.10	0.02	0	|	rapi	0.09	0.10	0	|	76.0	0.10(76)	0.10(76)	|	7775	
7485	140	ok	|	0.09	1.00	1.00	0.09	0.02	0	|	rapi	0.09	0.09	0	|	76.0	0.09(76)	0.09(76)	|	7775	
7485	141	ok	|	0.08	1.00	1.00	0.09	0.02	0	|	rapi	0.08	0.09	0	|	76.0	0.09(76)	0.09(76)	|	7775	
7485	142	ok	|	0.08	1.00	1.00	0.09	0.02	0	|	rapi	0.08	0.09	0	|	76.0	0.09(76)	0.09(76)	|	7775	
7485	143	ok	|	0.08	1.00	1.00	0.08	0.02	0	|	rapi	0.08	0.08	0	|	76.0	0.08(76)	0.08(76)	|	7775	
7485	144	ok	|	0.09	1.00	1.00	0.10	0.02	0	|	rapi	0.09	0.10	0	|	76.0	0.10(76)	0.10(76)	|	7775	
7485	145	ok	|	0.10	1.00	1.00	0.10	0.02	0	|	rapi	0.10	0.10	0	|	76.0	0.10(76)	0.10(76)	|	7775	
7485	146	ok	|	0.09	1.00	1.00	0.10	0.02	0	|	rapi	0.09	0.10	0	|	76.0	0.10(76)	0.10(76)	|	7775	
7485	147	ok	|	0.09	1.00	1.00	0.09	0.02	0	|	rapi	0.09	0.09	0	|	76.0	0.09(76)	0.09(76)	|	7775	
7485	148	ok	|	0.08	1.00	1.00	0.08	0.02	0	|	rapi	0.08	0.08	0	|	76.0	0.08(76)	0.08(76)	|	7775	
7485	149	ok	|	0.08	1.00	1.00	0.08	0.02	0	|	rapi	0.08	0.08	0	|	76.0	0.08(76)	0.08(76)	|	7775	
7485	150	ok	|	0.07	1.00	1.00	0.07	0.02	0	|	rapi	0.07	0.07	0	|	76.0	0.07(76)	0.07(76)	|	7775	
7485	151	ok	|	0.08	1.00	1.00	0.09	0.02	0	|	rapi	0.08	0.09	0	|	76.0	0.09(76)	0.09(76)	|	7775	
7485	152	ok	|	0.08	1.00	1.00	0.08	0.02	0	|	rapi	0.08	0.08	0	|	76.0	0.08(76)	0.08(76)	|	7775	
7485	153	ok	|	0.08	1.00	1.00	0.08	0.02	0	|	rapi	0.08	0.08	0	|	76.0	0.08(76)	0.08(76)	|	7775	
7485	154	ok	|	0.08	1.00	1.00	0.08	0.02	0	|	rapi	0.08	0.08	0	|	76.0	0.08(76)	0.08(76)	|	7775	
7485	155	ok	|	0.08	1.00	1.00	0.08	0.02	0	|	rapi	0.08	0.08	0	|	76.0	0.08(76)	0.08(76)	|	7775	
7485	156	ok	|	0.06	1.00	1.00	0.06	0.01	0	|	rapi	0.06	0.06	0	|	76.0	0.06(76)	0.06(76)	|	7775	
7485	157	ok	|	0.06	1.00	1.00	0.06	0.02	0	|	rapi	0.06	0.06	0	|	76.0	0.06(76)	0.06(76)	|	7775	
7485	158	ok	|	0.07	1.00	1.00	0.07	0.02	0	|	rapi	0.07	0.07	0	|	76.0	0.07(76)	0.07(76)	|	7775	
7485	159	ok	|	0.08	1.00	1.00	0.08	0.02	0	|	rapi	0.08	0.08	0	|	76.0	0.08(76)	0.08(76)	|	7775	
7485	160	ok	|	0.06	1.00	1.00	0.06	0.02	0	|	rapi	0.06	0.06	0	|	76.0	0.06(76)	0.06(76)	|	7775	
7485	161	ok	|	0.06	1.00	1.00	0.06	0.02	0	|	rapi	0.06	0.06	0	|	76.0	0.06(76)	0.06(76)	|	7775	
7485	162	ok	|	0.06	1.00	1.00	0.06	0.01	0	|	rapi	0.06	0.06	0	|	76.0	0.06(76)	0.06(76)	|	7775	
7485	163	ok	|	0.07	1.00	1.00	0.07	0.02	0	|	rapi	0.07	0.07	0	|	76.0	0.07(76)	0.07(76)	|	7775	
7485	164	ok	|	0.06	1.00	1.00	0.07	0.02	0	|	rapi	0.06	0.07	0	|	76.0	0.07(76)	0.07(76)	|	7775	
7485	165	ok	|	0.06	1.00	1.00	0.06	0.01	0	|	rapi	0.06	0.06	0	|	76.0	0.06(76)	0.06(76)	|	7775	
7485	166	ok	|	0.06	1.00	1.00	0.06	0.02	0	|	rapi	0.06	0.06	0	|	76.0	0.06(76)	0.06(76)	|	7775	
7485	167	ok	|	0.06	1.00	1.00	0.06	0.01	0	|	rapi	0.06	0.06	0	|	76.0	0.06(76)	0.06(76)	|	7775	
7485	168	ok	|	0.04	1.00	1.00	0.04	0.01	0	|	rapi	0.04	0.04	0	|	76.0	0.04(76)	0.04(76)	|	7775	
7485	169	ok	|	0.05	1.00	1.00	0.05	0.02	0	|	rapi	0.05	0.05	0	|	76.0	0.05(76)	0.05(76)	|	7775	
7485	170	ok	|	0.05	1.00	1.00	0.06	0.03	0	|	rapi	0.05	0.06	0	|	76.0	0.06(76)	0.06(76)	|	7775	
7485	171	ok	|	0.05	1.00	1.00	0.05	0.03	0	|	rapi	0.05	0.05	0	|	76.0	0.05(76)	0.05(76)	|	7775	
7485	172	ok	|	0.05	1.00	1.00	0.05	0.03	0	|	rapi	0.05	0.05	0	|	76.0	0.05(76)	0.05(76)	|	7775	
7485	173	ok	|	0.05	1.00	1.00	0.05	0.03	0	|	rapi	0.05	0.05	0	|	76.0	0.05(76)	0.05(76)	|	7775	
7485	174	ok	|	0.05	1.00	1.00	0.05	0.02	0	|	rapi	0.05	0.05	0	|	76.0	0.05(76)	0.05(76)	|	7775	
7485	175	ok	|	0.05	1.00	1.00	0.05	0.03	0	|	rapi	0.05	0.05	0	|	76.0	0.05(76)	0.05(76)	|	7775	
7485	176	ok	|	0.04	1.00	1.00	0.05	0.02	0	|	rapi	0.04	0.05	0	|	76.0	0.05(76)	0.05(76)	|	7775	
7485	177	ok	|	0.04	1.00	1.00	0.04	0.02	0	|	rapi	0.04	0.04	0	|	76.0	0.04(76)	0.04(76)	|	7775	
7485	178	ok	|	0.04	1.00	1.00	0.04	0.02	0	|	rapi	0.04	0.04	0	|	76.0	0.04(76)	0.04(76)	|	7775	
7485	179	ok	|	0.04	1.00	1.00	0.04	0.02	0	|	rapi	0.04	0.04	0	|	76.0	0.04(76)	0.04(76)	|	7775	
7485	180	ok	|	0.04	1.00	1.00	0.04	0.02	0	|	rapi	0.04	0.04	0	|	76.0	0.04(76)	0.04(76)	|	7775	
7485	181	ok	|	0.05	1.00	1.00	0.05	0.02	0	|	rapi	0.05	0.05	0	|	76.0	0.05(76)	0.05(76)	|	7775	
7485	182	ok	|	0.05	1.00	1.00	0.05	0.03	0	|	rapi	0.05	0.05	0	|	76.0	0.05(76)	0.05(76)	|	7775	
7485	183	ok	|	0.06	1.00	1.00	0.06	0.03	0	|	rapi	0.06	0.06	0	|	76.0	0.06(76)	0.06(76)	|	7775	
7485	184	ok	|	0.04	1.00	1.00	0.05	0.02	0	|	rapi	0.04	0.05	0	|	76.0	0.05(76)	0.05(76)	|	7775	
7485	185	ok	|	0.05	1.00	1.00	0.05	0.03	0	|	rapi	0.05	0.05	0	|	76.0	0.05(76)	0.05(76)	|	7775	
7485	186	ok	|	0.04	1.00	1.00	0.05	0.02	0	|	rapi	0.04	0.05	0	|	76.0	0.05(76)	0.05(76)	|	7775	
7485	187	ok	|	0.04	1.00	1.00	0.04	0.02	0	|	rapi	0.04	0.04	0	|	76.0	0.04(76)	0.04(76)	|	7775	
7485	188	ok	|	0.04	1.00	1.00	0.04	0.02	0	|	rapi	0.04	0.04	0	|	76.0	0.04(76)	0.04(76)	|	7775	
7485	189	ok	|	0.04	1.00	1.00	0.04	0.02	0	|	rapi	0.04	0.04	0	|	76.0	0.04(76)	0.04(76)	|	7775	
7485	190	ok	|	0.05	1.00	1.00	0.05	0.02	0	|	rapi	0.05	0.05	0	|	76.0	0.05(76)	0.05(76)	|	7775	
7485	191	ok	|	0.04	1.00	1.00	0.04	0.02	0	|	rapi	0.04	0.04	0	|	76.0	0.04(76)	0.04(76)	|	7775	
7485	192	ok	|	0.04	1.00	1.00	0.04	0.02	0	|	rapi	0.04	0.04	0	|	76.0	0.04(76)	0.04(76)	|	7775	
7485	193	ok	|	0.04	1.00	1.00	0.04	0.02	0	|	rapi	0.04	0.04	0	|	76.0	0.04(76)	0.04(76)	|	7775	
7485	194	ok	|	0.04	1.00	1.00	0.04	0.02	0	|	rapi	0.04	0.04	0	|	76.0	0.04(76)	0.04(76)	|	7775	
7485	195	ok	|	0.04	1.00	1.00	0.04	0.02	0	|	rapi	0.04	0.04	0	|	76.0	0.04(76)	0.04(76)	|	7775	
7485	196	ok	|	0.04	1.00	1.00	0.04	0.02	0	|	rapi	0.04	0.04	0	|	76.0	0.04(76)	0.04(76)	|	7775	
7485	197	ok	|	0.04	1.00	1.00	0.04	0.02	0	|	rapi	0.04	0.04	0	|	76.0	0.04(76)	0.04(76)	|	7775	
7485	198	ok	|	0.04	1.00	1.00	0.04	0.02	0	|	rapi	0.04	0.04	0	|	76.0	0.04(76)	0.04(76)	|	7775	
7485	199	ok	|	0.03	1.00	1.00	0.03	0.01	0	|	rapi	0.03	0.03	0	|	76.0	0.03(76)	0.03(76)	|	7775	
7485	200	ok	|	0.03	1.00	1.00	0.03	0.02	0	|	rapi	0.03	0.03	0	|	76.0	0.03(76)	0.03(76)	|	7775	
7485	201	ok	|	0.03	1.00	1.00	0.03	0.02	0	|	rapi	0.03	0.03	0	|	76.0	0.03(76)	0.03(76)	|	7775	
7485	202	ok	|	0.03	1.00	1.00	0.03	0.02	0	|	rapi	0.03	0.03	0	|	76.0	0.03(76)	0.03(76)	|	7775	
7485	203	ok	|	0.04	1.00	1.00	0.04	0.02	0	|	rapi	0.04	0.04	0	|	76.0	0.04(76)	0.04(76)	|	7775	
7485	204	ok	|	0.03	1.00	1.00	0.03	0.02	0	|	rapi	0.03	0.03	0	|	76.0	0.03(76)	0.03(76)	|	7775	
7485	205	ok	|	0.03	1.00	1.00	0.03	0.02	0	|	rapi	0.03	0.03	0	|	76.0	0.03(76)	0.03(76)	|	7775	
7485	206	ok	|	0.04	1.00	1.00	0.04	0.02	0	|	rapi	0.04	0.04	0	|	76.0	0.04(76)	0.04(76)	|	7775	
7485	207	ok	|	0.03	1.00	1.00	0.03	0.01	0	|	rapi	0.03	0.03	0	|	76.0	0.03(76)	0.03(76)	|	7775	
7485	208	ok	|	0.03	1.00	1.00	0.03	0.01	0	|	rapi	0.03	0.03	0	|	76.0	0.03(76)	0.03(76)	|	7775	
7485	209	ok	|	0.02	1.00	1.00	0.02	0.01	0	|	rapi	0.02	0.02	0	|	76.0	0.02(76)	0.02(76)	|	7775	
7485	210	ok	|	0.02	1.00	1.00	0.02	0.01	0	|	rapi	0.02	0.02	0	|	76.0	0.02(76)	0.02(76)	|	7775	
7485	211	ok	|	0.02	1.00	1.00	0.02	0.01	0	|	rapi	0.02	0.02	0	|	76.0	0.02(76)	0.02(76)	|	7775	
7485	212	ok	|	0.03	1.00	1.00	0.03	0.01	0	|	rapi	0.03	0.03	0	|	76.0	0.03(76)	0.03(76)	|	7775	
7485	213	ok	|	0.03	1.00	1.00	0.03	0.02	0	|	rapi	0.03	0.03	0	|	76.0	0.03(76)	0.03(76)	|	7775	
7485	214	ok	|	0.03	1.00	1.00	0.03	0.01	0	|	rapi	0.03	0.03	0	|	76.0	0.03(76)	0.03(76)	|	7775	
7485	215	ok	|	0.03	1.00	1.00	0.03	0.02	0	|	rapi	0.03	0.03	0	|	76.0	0.03(76)	0.03(76)	|	7775	
7485	216	ok	|	0.02	1.00	1.00	0.02	0.01	0	|	rapi	0.02	0.02	0	|	76.0	0.02(76)	0.02(76)	|	7775	
7485	217	ok	|	0.02	1.00	1.00	0.02	0.01	0	|	rapi	0.02	0.02	0	|	76.0	0.02(76)	0.02(76)	|	7775	
7485	218	ok	|	0.02	1.00	1.00	0.02	0.01	0	|	rapi	0.02	0.02	0	|	76.0	0.02(76)	0.02(76)	|	7775	
7485	219	ok	|	0.02	1.00	1.00	0.02	0.01	0	|	rapi	0.02	0.02	0	|	76.0	0.02(76)	0.02(76)	|	7775	
7485	220	ok	|	0.01	1.00	1.00	0.01	0.01	0	|	rapi	0.01	0.01	0	|	76.0	0.01(76)	0.01(76)	|	7775	
7485	221	ok	|	0.01	1.00	1.00	0.01	0.01	0	|	rapi	0.01	0.01	0	|	76.0	0.01(76)	0.01(76)	|	7775	
7485	222	ok	|	0.01	1.00	1.00	0.01	0.01	0	|	rapi	0.01	0.01	0	|	76.0	0.01(76)	0.01(76)	|	7775	
7485	223	ok	|	0.01	1.00	1.00	0.01	0.01	0	|	rapi	0.01	0.01	0	|	76.0	0.01(76)	0.01(76)	|	7775	
7485	224	ok	|	0.01	1.00	1.00	0.01	0.01	0	|	rapi	0.01	0.01	0	|	76.0	0.01(76)	0.01(76)	|	7775	
7485	225	ok	|	0.01	1.00	1.00	0.01	0.01	0	|	rapi	0.01	0.01	0	|	76.0	0.01(76)	0.01(76)	|	7775	
7485	226	ok	|	0.01	1.00	1.00	0.01	0.01	0	|	rapi	0.01	0.01	0	|	76.0	0.01(76)	0.01(76)	|	7775	
7485	227	ok	|	0.01	1.00	1.00	0.01	0.01	0	|	rapi	0.01	0.01	0	|	76.0	0.01(76)	0.01(76)	|	7775	
7485	228	ok	|	0.02	1.00	1.00	0.02	0.01	0	|	rapi	0.02	0.02	0	|	76.0	0.02(76)	0.02(76)	|	7775	
7485	229	ok	|	0.02	1.00	1.00	0.02	0.01	0	|	rapi	0.02	0.02	0	|	76.0	0.02(76)	0.02(76)	|	7775	
7485	230	ok	|	0.02	1.00	1.00	0.02	0.01	0	|	rapi	0.02	0.02	0	|	76.0	0.02(76)	0.02(76)	|	7775	
7485	231	ok	|	0.02	1.00	1.00	0.02	0.01	0	|	rapi	0.02	0.02	0	|	76.0	0.02(76)	0.02(76)	|	7775	
7485	232	ok	|	0.02	1.00	1.00	0.02	0.01	0	|	rapi	0.02	0.02	0	|	76.0	0.02(76)	0.02(76)	|	7775	
7485	233	ok	|	0.02	1.00	1.00	0.02	0.01	0	|	rapi	0.02	0.02	0	|	76.0	0.02(76)	0.02(76)	|	7775	
7485	234	ok	|	0.02	1.00	1.00	0.02	0.01	0	|	rapi	0.02	0.02	0	|	76.0	0.02(76)	0.02(76)	|	7775	
7485	235	ok	|	0.01	1.00	1.00	0.01	0.01	0	|	rapi	0.01	0.01	0	|	76.0	0.01(76)	0.01(76)	|	7775	
7485	236	ok	|	0.01	1.00	1.00	0.01	0.01	0	|	rapi	0.01	0.01	0	|	76.0	0.01(76)	0.01(76)	|	7775	
7485	237	ok	|	0.02	1.00	1.00	0.02	0.01	0	|	rapi	0.02	0.02	0	|	76.0	0.02(76)	0.02(76)	|	7775	
7485	238	ok	|	0.02	1.00	1.00	0.02	0.01	0	|	rapi	0.02	0.02	0	|	76.0	0.02(76)	0.02(76)	|	7775	
7485	239	ok	|	0.02	1.00	1.00	0.02	0.01	0	|	rapi	0.02	0.02	0	|	76.0	0.02(76)	0.02(76)	|	7775	
7485	240	ok	|	0.02	1.00	1.00	0.02	0.01	0	|	rapi	0.02	0.02	0	|	76.0	0.02(76)	0.02(76)	|	7775	
7485	241	ok	|	0.02	1.00	1.00	0.02	0.01	0	|	rapi	0.02	0.02	0	|	76.0	0.02(76)	0.02(76)	|	7775	
7485	242	ok	|	0.02	1.00	1.00	0.02	0.01	0	|	rapi	0.02	0.02	0	|	76.0	0.02(76)	0.02(76)	|	7775	
7485	243	ok	|	0.02	1.00	1.00	0.02	0.01	0	|	rapi	0.02	0.02	0	|	76.0	0.02(76)	0.02(76)	|	7775	
7485	244	ok	|	0.02	1.00	1.00	0.02	0.01	0	|	rapi	0.02	0.02	0	|	76.0	0.02(76)	0.02(76)	|	7775	
7485	245	ok	|	0.03	1.00	1.00	0.03	0.01	0	|	rapi	0.03	0.03	0	|	76.0	0.03(76)	0.03(76)	|	7775	
7485	246	ok	|	0.03	1.00	1.00	0.03	0.01	0	|	rapi	0.03	0.03	0	|	76.0	0.03(76)	0.03(76)	|	7775	
7485	247	ok	|	0.03	1.00	1.00	0.03	0.02	0	|	rapi	0.03	0.03	0	|	76.0	0.03(76)	0.03(76)	|	7775	
7485	248	ok	|	0.03	1.00	1.00	0.03	0.02	0	|	rapi	0.03	0.03	0	|	76.0	0.03(76)	0.03(76)	|	7775	
7485	249	ok	|	0.04	1.00	1.00	0.04	0.02	0	|	rapi	0.04	0.04	0	|	76.0	0.04(76)	0.04(76)	|	7775	
7485	250	ok	|	0.04	1.00	1.00	0.04	0.02	0	|	rapi	0.04	0.04	0	|	76.0	0.04(76)	0.04(76)	|	7775	
7485	251	ok	|	0.04	1.00	1.00	0.04	0.02	0	|	rapi	0.04	0.04	0	|	76.0	0.04(76)	0.04(76)	|	7775	
7485	252	ok	|	0.04	1.00	1.00	0.04	0.02	0	|	rapi	0.04	0.04	0	|	76.0	0.04(76)	0.04(76)	|	7775	
7485	253	ok	|	0.04	1.00	1.00	0.04	0.02	0	|	rapi	0.04	0.04	0	|	76.0	0.04(76)	0.04(76)	|	7775	
7485	254	ok	|	0.04	1.00	1.00	0.04	0.02	0	|	rapi	0.04	0.04	0	|	76.0	0.04(76)	0.04(76)	|	7775	
7485	255	ok	|	0.04	1.00	1.00	0.04	0.02	0	|	rapi	0.04	0.04	0	|	76.0	0.04(76)	0.04(76)	|	7775	
7485	256	ok	|	0.03	1.00	1.00	0.03	0.02	0	|	rapi	0.03	0.03	0	|	76.0	0.03(76)	0.03(76)	|	7775	
7485	257	ok	|	0.04	1.00	1.00	0.04	0.02	0	|	rapi	0.04	0.04	0	|	76.0	0.04(76)	0.04(76)	|	7775	
7485	258	ok	|	0.04	1.00	1.00	0.04	0.02	0	|	rapi	0.04	0.04	0	|	76.0	0.04(76)	0.04(76)	|	7775	
7485	259	ok	|	0.04	1.00	1.00	0.04	0.02	0	|	rapi	0.04	0.04	0	|	76.0	0.04(76)	0.04(76)	|	7775	
7485	260	ok	|	0.03	1.00	1.00	0.03	0.01	0	|	rapi	0.03	0.03	0	|	76.0	0.03(76)	0.03(76)	|	7775	
7485	261	ok	|	0.03	1.00	1.00	0.03	0.02	0	|	rapi	0.03	0.03	0	|	76.0	0.03(76)	0.03(76)	|	7775	
7485	262	ok	|	0.03	1.00	1.00	0.03	0.01	0	|	rapi	0.03	0.03	0	|	76.0	0.03(76)	0.03(76)	|	7775	
7485	263	ok	|	0.02	1.00	1.00	0.02	0.01	0	|	rapi	0.02	0.02	0	|	76.0	0.02(76)	0.02(76)	|	7775	
7485	264	ok	|	0.02	1.00	1.00	0.02	0.01	0	|	rapi	0.02	0.02	0	|	76.0	0.02(76)	0.02(76)	|	7775	
7485	265	ok	|	0.01	1.00	1.00	0.01	0.01	0	|	rapi	0.01	0.01	0	|	76.0	0.01(76)	0.01(76)	|	7775	
7485	266	ok	|	0.01	1.00	1.00	0.01	0.01	0	|	rapi	0.01	0.01	0	|	76.0	0.01(76)	0.01(76)	|	7775	
7485	267	ok	|	0.01	1.00	1.00	0.01	0.01	0	|	rapi	0.01	0.01	0	|	76.0	0.01(76)	0.01(76)	|	7775	
7485	268	ok	|	0.01	1.00	1.00	0.01	0.01	0	|	rapi	0.01	0.01	0	|	76.0	0.01(76)	0.01(76)	|	7775	
7485	269	ok	|	0.02	1.00	1.00	0.02	0.01	0	|	rapi	0.02	0.02	0	|	76.0	0.02(76)	0.02(76)	|	7775	
7485	270	ok	|	0.02	1.00	1.00	0.02	0.01	0	|	rapi	0.02	0.02	0	|	76.0	0.02(76)	0.02(76)	|	7775	
7485	271	ok	|	0.02	1.00	1.00	0.02	0.01	0	|	rapi	0.02	0.02	0	|	76.0	0.02(76)	0.02(76)	|	7775	
7485	272	ok	|	0.02	1.00	1.00	0.02	0.01	0	|	rapi	0.02	0.02	0	|	76.0	0.02(76)	0.02(76)	|	7775	
7485	273	ok	|	0.03	1.00	1.00	0.03	0.01	0	|	rapi	0.03	0.03	0	|	76.0	0.03(76)	0.03(76)	|	7775	
7485	274	ok	|	0.03	1.00	1.00	0.03	0.01	0	|	rapi	0.03	0.03	0	|	76.0	0.03(76)	0.03(76)	|	7775	
7485	275	ok	|	0.02	1.00	1.00	0.02	0.01	0	|	rapi	0.02	0.02	0	|	76.0	0.02(76)	0.02(76)	|	7775	
7485	276	ok	|	0.03	1.00	1.00	0.03	0.02	0	|	rapi	0.03	0.03	0	|	76.0	0.03(76)	0.03(76)	|	7775	
7485	277	ok	|	0.03	1.00	1.00	0.03	0.02	0	|	rapi	0.03	0.03	0	|	76.0	0.03(76)	0.03(76)	|	7775	
7485	278	ok	|	0.03	1.00	1.00	0.03	0.01	0	|	rapi	0.03	0.03	0	|	76.0	0.03(76)	0.03(76)	|	7775	
7485	279	ok	|	0.03	1.00	1.00	0.03	0.01	0	|	rapi	0.03	0.03	0	|	76.0	0.03(76)	0.03(76)	|	7775	
7485	280	ok	|	0.03	1.00	1.00	0.03	0.01	0	|	rapi	0.03	0.03	0	|	76.0	0.03(76)	0.03(76)	|	7775	
7485	281	ok	|	0.04	1.00	1.00	0.04	0.02	0	|	rapi	0.04	0.04	0	|	76.0	0.04(76)	0.04(76)	|	7775	
7485	282	ok	|	0.04	1.00	1.00	0.04	0.02	0	|	rapi	0.04	0.04	0	|	76.0	0.04(76)	0.04(76)	|	7775	
7485	283	ok	|	0.04	1.00	1.00	0.04	0.02	0	|	rapi	0.04	0.04	0	|	76.0	0.04(76)	0.04(76)	|	7775	
7485	284	ok	|	0.04	1.00	1.00	0.04	0.02	0	|	rapi	0.04	0.04	0	|	76.0	0.04(76)	0.04(76)	|	7775	
7485	285	ok	|	0.03	1.00	1.00	0.03	0.02	0	|	rapi	0.03	0.03	0	|	76.0	0.03(76)	0.03(76)	|	7775	
7485	286	ok	|	0.03	1.00	1.00	0.03	0.01	0	|	rapi	0.03	0.03	0	|	76.0	0.03(76)	0.03(76)	|	7775	
7485	287	ok	|	0.03	1.00	1.00	0.03	0.01	0	|	rapi	0.03	0.03	0	|	76.0	0.03(76)	0.03(76)	|	7775	
7485	288	ok	|	0.03	1.00	1.00	0.03	0.02	0	|	rapi	0.03	0.03	0	|	76.0	0.03(76)	0.03(76)	|	7775	
7485	289	ok	|	0.03	1.00	1.00	0.03	0.01	0	|	rapi	0.03	0.03	0	|	76.0	0.03(76)	0.03(76)	|	7775	
7485	290	ok	|	0.04	1.00	1.00	0.04	0.02	0	|	rapi	0.04	0.04	0	|	76.0	0.04(76)	0.04(76)	|	7775	
7485	291	ok	|	0.04	1.00	1.00	0.04	0.02	0	|	rapi	0.04	0.04	0	|	76.0	0.04(76)	0.04(76)	|	7775	
7485	292	ok	|	0.03	1.00	1.00	0.03	0.01	0	|	rapi	0.03	0.03	0	|	76.0	0.03(76)	0.03(76)	|	7775	
7485	293	ok	|	0.03	1.00	1.00	0.03	0.01	0	|	rapi	0.03	0.03	0	|	76.0	0.03(76)	0.03(76)	|	7775	
7485	294	ok	|	0.02	1.00	1.00	0.02	0.01	0	|	rapi	0.02	0.02	0	|	76.0	0.02(76)	0.02(76)	|	7775	
7485	295	ok	|	0.02	1.00	1.00	0.02	0.01	0	|	rapi	0.02	0.02	0	|	76.0	0.02(76)	0.02(76)	|	7775	
7485	296	ok	|	0.03	1.00	1.00	0.03	0.01	0	|	rapi	0.03	0.03	0	|	76.0	0.03(76)	0.03(76)	|	7775	
7485	297	ok	|	0.04	1.00	1.00	0.04	0.02	0	|	rapi	0.04	0.04	0	|	76.0	0.04(76)	0.04(76)	|	7775	
7485	298	ok	|	0.04	1.00	1.00	0.04	0.02	0	|	rapi	0.04	0.04	0	|	76.0	0.04(76)	0.04(76)	|	7775	
7485	299	ok	|	0.04	1.00	1.00	0.04	0.02	0	|	rapi	0.04	0.04	0	|	76.0	0.04(76)	0.04(76)	|	7775	
7485	300	ok	|	0.05	1.00	1.00	0.05	0.03	0	|	rapi	0.05	0.05	0	|	76.0	0.05(76)	0.05(76)	|	7775	
7485	301	ok	|	0.04	1.00	1.00	0.04	0.02	0	|	rapi	0.04	0.04	0	|	76.0	0.04(76)	0.04(76)	|	7775	
7485	302	ok	|	0.04	1.00	1.00	0.04	0.02	0	|	rapi	0.04	0.04	0	|	76.0	0.04(76)	0.04(76)	|	7775	
7485	303	ok	|	0.04	1.00	1.00	0.04	0.02	0	|	rapi	0.04	0.04	0	|	76.0	0.04(76)	0.04(76)	|	7775	
7485	304	ok	|	0.05	1.00	1.00	0.05	0.02	0	|	rapi	0.05	0.05	0	|	76.0	0.05(76)	0.05(76)	|	7775	
7485	305	ok	|	0.05	1.00	1.00	0.05	0.03	0	|	rapi	0.05	0.05	0	|	76.0	0.05(76)	0.05(76)	|	7775	
7485	306	ok	|	0.06	1.00	1.00	0.06	0.03	0	|	rapi	0.06	0.06	0	|	76.0	0.06(76)	0.06(76)	|	7775	
7485	307	ok	|	0.06	1.00	1.00	0.07	0.03	0	|	rapi	0.06	0.07	0	|	76.0	0.07(76)	0.07(76)	|	7775	
7485	308	ok	|	0.07	1.00	1.00	0.07	0.03	0	|	rapi	0.07	0.07	0	|	76.0	0.07(76)	0.07(76)	|	7775	
7485	309	ok	|	0.06	1.00	1.00	0.06	0.03	0	|	rapi	0.06	0.06	0	|	76.0	0.06(76)	0.06(76)	|	7775	
7485	310	ok	|	0.07	1.00	1.00	0.07	0.03	0	|	rapi	0.07	0.07	0	|	76.0	0.07(76)	0.07(76)	|	7775	
7485	311	ok	|	0.08	1.00	1.00	0.08	0.04	0	|	rapi	0.08	0.08	0	|	76.0	0.08(76)	0.08(76)	|	7775	
7485	312	ok	|	0.08	1.00	1.00	0.08	0.04	0	|	rapi	0.08	0.08	0	|	76.0	0.08(76)	0.08(76)	|	7775	
7485	313	ok	|	0.07	1.00	1.00	0.07	0.04	0	|	rapi	0.07	0.07	0	|	76.0	0.07(76)	0.07(76)	|	7775	
7485	314	ok	|	0.07	1.00	1.00	0.07	0.04	0	|	rapi	0.07	0.07	0	|	76.0	0.07(76)	0.07(76)	|	7775	
7485	315	ok	|	0.09	1.00	1.00	0.09	0.04	0	|	rapi	0.09	0.09	0	|	76.0	0.09(76)	0.09(76)	|	7775	
7485	316	ok	|	0.09	1.00	1.00	0.09	0.04	0	|	rapi	0.09	0.09	0	|	76.0	0.09(76)	0.09(76)	|	7775	
7485	317	ok	|	0.09	1.00	1.00	0.09	0.04	0	|	rapi	0.09	0.09	0	|	76.0	0.09(76)	0.09(76)	|	7775	
7485	318	ok	|	0.09	1.00	1.00	0.09	0.05	0	|	rapi	0.09	0.09	0	|	76.0	0.09(76)	0.09(76)	|	7775	
7485	319	ok	|	0.08	1.00	1.00	0.08	0.04	0	|	rapi	0.08	0.08	0	|	76.0	0.08(76)	0.08(76)	|	7775	
7485	320	ok	|	0.08	1.00	1.00	0.08	0.04	0	|	rapi	0.08	0.08	0	|	76.0	0.08(76)	0.08(76)	|	7775	
7485	321	ok	|	0.06	1.00	1.00	0.06	0.03	0	|	rapi	0.06	0.06	0	|	76.0	0.06(76)	0.06(76)	|	7775	
7485	322	ok	|	0.06	1.00	1.00	0.07	0.03	0	|	rapi	0.06	0.07	0	|	76.0	0.07(76)	0.07(76)	|	7775	
7485	323	ok	|	0.07	1.00	1.00	0.07	0.03	0	|	rapi	0.07	0.07	0	|	76.0	0.07(76)	0.07(76)	|	7775	
7485	324	ok	|	0.07	1.00	1.00	0.07	0.03	0	|	rapi	0.07	0.07	0	|	76.0	0.07(76)	0.07(76)	|	7775	
7485	325	ok	|	0.08	1.00	1.00	0.08	0.04	0	|	rapi	0.08	0.08	0	|	76.0	0.08(76)	0.08(76)	|	7775	
7485	326	ok	|	0.07	1.00	1.00	0.07	0.04	0	|	rapi	0.07	0.07	0	|	76.0	0.07(76)	0.07(76)	|	7775	
7485	327	ok	|	0.06	1.00	1.00	0.07	0.03	0	|	rapi	0.06	0.07	0	|	76.0	0.07(76)	0.07(76)	|	7775	
7485	328	ok	|	0.06	1.00	1.00	0.06	0.03	0	|	rapi	0.06	0.06	0	|	76.0	0.06(76)	0.06(76)	|	7775	
7485	329	ok	|	0.05	1.00	1.00	0.05	0.03	0	|	rapi	0.05	0.05	0	|	76.0	0.05(76)	0.05(76)	|	7775	
7485	330	ok	|	0.04	1.00	1.00	0.04	0.02	0	|	rapi	0.04	0.04	0	|	76.0	0.04(76)	0.04(76)	|	7775	
7485	331	ok	|	0.05	1.00	1.00	0.05	0.02	0	|	rapi	0.05	0.05	0	|	76.0	0.05(76)	0.05(76)	|	7775	
7485	332	ok	|	0.05	1.00	1.00	0.05	0.02	0	|	rapi	0.05	0.05	0	|	76.0	0.05(76)	0.05(76)	|	7775	
7485	333	ok	|	0.05	1.00	1.00	0.06	0.03	0	|	rapi	0.05	0.06	0	|	76.0	0.06(76)	0.06(76)	|	7775	
7485	334	ok	|	0.05	1.00	1.00	0.05	0.02	0	|	rapi	0.05	0.05	0	|	76.0	0.05(76)	0.05(76)	|	7775	
7485	335	ok	|	0.05	1.00	1.00	0.05	0.02	0	|	rapi	0.05	0.05	0	|	76.0	0.05(76)	0.05(76)	|	7775	
7485	336	ok	|	0.05	1.00	1.00	0.05	0.02	0	|	rapi	0.05	0.05	0	|	76.0	0.05(76)	0.05(76)	|	7775	
7485	337	ok	|	0.05	1.00	1.00	0.05	0.03	0	|	rapi	0.05	0.05	0	|	76.0	0.05(76)	0.05(76)	|	7775	
7485	338	ok	|	0.05	1.00	1.00	0.05	0.02	0	|	rapi	0.05	0.05	0	|	76.0	0.05(76)	0.05(76)	|	7775	
7485	339	ok	|	0.06	1.00	1.00	0.06	0.03	0	|	rapi	0.06	0.06	0	|	76.0	0.06(76)	0.06(76)	|	7775	
7485	340	ok	|	0.06	1.00	1.00	0.06	0.03	0	|	rapi	0.06	0.06	0	|	76.0	0.06(76)	0.06(76)	|	7775	
7485	341	ok	|	0.05	1.00	1.00	0.05	0.03	0	|	rapi	0.05	0.05	0	|	76.0	0.05(76)	0.05(76)	|	7775	
7485	342	ok	|	0.03	1.00	1.00	0.03	0.02	0	|	rapi	0.03	0.03	0	|	76.0	0.03(76)	0.03(76)	|	7775	
7485	343	ok	|	0.03	1.00	1.00	0.03	0.01	0	|	rapi	0.03	0.03	0	|	76.0	0.03(76)	0.03(76)	|	7775	
7485	344	ok	|	0.02	1.00	1.00	0.02	0.01	0	|	rapi	0.02	0.02	0	|	76.0	0.02(76)	0.02(76)	|	7775	
7485	345	ok	|	0.01	1.00	1.00	0.01	0.01	0	|	rapi	0.01	0.01	0	|	76.0	0.01(76)	0.01(76)	|	7775	
7485	346	ok	|	0.01	1.00	1.00	0.01	0.01	0	|	rapi	0.01	0.01	0	|	76.0	0.01(76)	0.01(76)	|	7775	
7485	347	ok	|	0.02	1.00	1.00	0.02	0.01	0	|	rapi	0.02	0.02	0	|	76.0	0.02(76)	0.02(76)	|	7775	
7485	348	ok	|	0.02	1.00	1.00	0.02	0.01	0	|	rapi	0.02	0.02	0	|	76.0	0.02(76)	0.02(76)	|	7775	
7485	349	ok	|	0.02	1.00	1.00	0.02	0.01	0	|	rapi	0.02	0.02	0	|	76.0	0.02(76)	0.02(76)	|	7775	
7485	350	ok	|	0.02	1.00	1.00	0.02	0.01	0	|	rapi	0.02	0.02	0	|	76.0	0.02(76)	0.02(76)	|	7775	
7485	351	ok	|	0.02	1.00	1.00	0.02	0.01	0	|	rapi	0.02	0.02	0	|	76.0	0.02(76)	0.02(76)	|	7775	
7485	352	ok	|	0.02	1.00	1.00	0.02	0.01	0	|	rapi	0.02	0.02	0	|	76.0	0.02(76)	0.02(76)	|	7775	
7485	353	ok	|	0.02	1.00	1.00	0.02	0.01	0	|	rapi	0.02	0.02	0	|	76.0	0.02(76)	0.02(76)	|	7775	
7485	354	ok	|	0.02	1.00	1.00	0.02	0.01	0	|	rapi	0.02	0.02	0	|	76.0	0.02(76)	0.02(76)	|	7775	
7485	355	ok	|	0.02	1.00	1.00	0.02	0.01	0	|	rapi	0.02	0.02	0	|	76.0	0.02(76)	0.02(76)	|	7775	
7485	356	ok	|	0.01	1.00	1.00	0.01	0.01	0	|	rapi	0.01	0.01	0	|	76.0	0.01(76)	0.01(76)	|	7775	
7485	357	ok	|	0.01	1.00	1.00	0.01	0.01	0	|	rapi	0.01	0.01	0	|	76.0	0.01(76)	0.01(76)	|	7775	
7485	358	ok	|	0.02	1.00	1.00	0.02	0.01	0	|	rapi	0.02	0.02	0	|	76.0	0.02(76)	0.02(76)	|	7775	
7485	359	ok	|	0.03	1.00	1.00	0.03	0.01	0	|	rapi	0.03	0.03	0	|	76.0	0.03(76)	0.03(76)	|	7775	
7485	360	ok	|	0.03	1.00	1.00	0.03	0.02	0	|	rapi	0.03	0.03	0	|	76.0	0.03(76)	0.03(76)	|	7775	
7485	361	ok	|	0.03	1.00	1.00	0.03	0.02	0	|	rapi	0.03	0.03	0	|	76.0	0.03(76)	0.03(76)	|	7775	
7485	362	ok	|	0.02	1.00	1.00	0.02	0.01	0	|	rapi	0.02	0.02	0	|	76.0	0.02(76)	0.02(76)	|	7775	
7485	363	ok	|	0.02	1.00	1.00	0.02	0.01	0	|	rapi	0.02	0.02	0	|	76.0	0.02(76)	0.02(76)	|	7775	
7485	364	ok	|	0.02	1.00	1.00	0.02	0.01	0	|	rapi	0.02	0.02	0	|	76.0	0.02(76)	0.02(76)	|	7775	
7485	365	ok	|	0.02	1.00	1.00	0.02	0.01	0	|	rapi	0.02	0.02	0	|	76.0	0.02(76)	0.02(76)	|	7775	
7485	366	ok	|	0.02	1.00	1.00	0.02	0.01	0	|	rapi	0.02	0.02	0	|	76.0	0.02(76)	0.02(76)	|	7775	
7485	367	ok	|	0.02	1.00	1.00	0.02	0.01	0	|	rapi	0.02	0.02	0	|	76.0	0.02(76)	0.02(76)	|	7775	
7485	368	ok	|	0.01	1.00	1.00	0.01	0.01	0	|	rapi	0.01	0.01	0	|	76.0	0.01(76)	0.01(76)	|	7775	
7485	369	ok	|	0.02	1.00	1.00	0.02	0.01	0	|	rapi	0.02	0.02	0	|	76.0	0.02(76)	0.02(76)	|	7775	
7485	370	ok	|	0.02	1.00	1.00	0.02	0.01	0	|	rapi	0.02	0.02	0	|	76.0	0.02(76)	0.02(76)	|	7775	
7485	371	ok	|	0.01	1.00	1.00	0.01	0.01	0	|	rapi	0.01	0.01	0	|	76.0	0.01(76)	0.01(76)	|	7775	
7485	372	ok	|	0.01	1.00	1.00	0.01	0.01	0	|	rapi	0.01	0.01	0	|	76.0	0.01(76)	0.01(76)	|	7775	
7485	373	ok	|	0.01	1.00	1.00	0.01	0.01	0	|	rapi	0.01	0.01	0	|	76.0	0.01(76)	0.01(76)	|	7775	
7485	374	ok	|	0.02	1.00	1.00	0.02	0.01	0	|	rapi	0.02	0.02	0	|	76.0	0.02(76)	0.02(76)	|	7775	
7485	375	ok	|	0.02	1.00	1.00	0.02	0.01	0	|	rapi	0.02	0.02	0	|	76.0	0.02(76)	0.02(76)	|	7775	
7485	376	ok	|	0.01	1.00	1.00	0.01	0.01	0	|	rapi	0.01	0.01	0	|	76.0	0.01(76)	0.01(76)	|	7775	
7485	377	ok	|	0.02	1.00	1.00	0.02	0.01	0	|	rapi	0.02	0.02	0	|	76.0	0.02(76)	0.02(76)	|	7775	
7485	378	ok	|	0.03	1.00	1.00	0.03	0.01	0	|	rapi	0.03	0.03	0	|	76.0	0.03(76)	0.03(76)	|	7775	
7485	379	ok	|	0.03	1.00	1.00	0.03	0.01	0	|	rapi	0.03	0.03	0	|	76.0	0.03(76)	0.03(76)	|	7775	
7485	380	ok	|	0.02	1.00	1.00	0.02	0.01	0	|	rapi	0.02	0.02	0	|	76.0	0.02(76)	0.02(76)	|	7775	
7485	381	ok	|	0.02	1.00	1.00	0.02	0.01	0	|	rapi	0.02	0.02	0	|	76.0	0.02(76)	0.02(76)	|	7775	
7485	382	ok	|	0.02	1.00	1.00	0.02	0.01	0	|	rapi	0.02	0.02	0	|	76.0	0.02(76)	0.02(76)	|	7775	
7485	383	ok	|	0.02	1.00	1.00	0.02	0.01	0	|	rapi	0.02	0.02	0	|	76.0	0.02(76)	0.02(76)	|	7775	
7485	384	ok	|	0.02	1.00	1.00	0.02	0.01	0	|	rapi	0.02	0.02	0	|	76.0	0.02(76)	0.02(76)	|	7775	
7485	385	ok	|	0.02	1.00	1.00	0.02	0.01	0	|	rapi	0.02	0.02	0	|	76.0	0.02(76)	0.02(76)	|	7775	
7485	386	ok	|	0.01	1.00	1.00	0.01	0.01	0	|	rapi	0.01	0.01	0	|	76.0	0.01(76)	0.01(76)	|	7775	
7485	387	ok	|	0.02	1.00	1.00	0.02	0.01	0	|	rapi	0.02	0.02	0	|	76.0	0.02(76)	0.02(76)	|	7775	
7485	388	ok	|	0.01	1.00	1.00	0.01	0.01	0	|	rapi	0.01	0.01	0	|	76.0	0.01(76)	0.01(76)	|	7775	
7485	389	ok	|	0.02	1.00	1.00	0.02	0.01	0	|	rapi	0.02	0.02	0	|	76.0	0.02(76)	0.02(76)	|	7775	
7485	390	ok	|	0.02	1.00	1.00	0.02	0.01	0	|	rapi	0.02	0.02	0	|	76.0	0.02(76)	0.02(76)	|	7775	
7485	391	ok	|	0.02	1.00	1.00	0.02	0.01	0	|	rapi	0.02	0.02	0	|	76.0	0.02(76)	0.02(76)	|	7775	
7485	392	ok	|	0.02	1.00	1.00	0.02	0.01	0	|	rapi	0.02	0.02	0	|	76.0	0.02(76)	0.02(76)	|	7775	
7485	393	ok	|	0.02	1.00	1.00	0.02	0.01	0	|	rapi	0.02	0.02	0	|	76.0	0.02(76)	0.02(76)	|	7775	
7485	394	ok	|	0.02	1.00	1.00	0.02	0.01	0	|	rapi	0.02	0.02	0	|	76.0	0.02(76)	0.02(76)	|	7775	
7485	395	ok	|	0.02	1.00	1.00	0.02	0.01	0	|	rapi	0.02	0.02	0	|	76.0	0.02(76)	0.02(76)	|	7775	
7485	396	ok	|	0.02	1.00	1.00	0.02	0.01	0	|	rapi	0.02	0.02	0	|	76.0	0.02(76)	0.02(76)	|	7775	
7485	397	ok	|	0.03	1.00	1.00	0.03	0.01	0	|	rapi	0.03	0.03	0	|	76.0	0.03(76)	0.03(76)	|	7775	
7485	398	ok	|	0.03	1.00	1.00	0.03	0.01	0	|	rapi	0.03	0.03	0	|	76.0	0.03(76)	0.03(76)	|	7775	
7485	399	ok	|	0.03	1.00	1.00	0.03	0.02	0	|	rapi	0.03	0.03	0	|	76.0	0.03(76)	0.03(76)	|	7775	
7485	400	ok	|	0.03	1.00	1.00	0.03	0.02	0	|	rapi	0.03	0.03	0	|	76.0	0.03(76)	0.03(76)	|	7775	
7485	401	ok	|	0.03	1.00	1.00	0.03	0.02	0	|	rapi	0.03	0.03	0	|	76.0	0.03(76)	0.03(76)	|	7775	
7485	402	ok	|	0.03	1.00	1.00	0.03	0.01	0	|	rapi	0.03	0.03	0	|	76.0	0.03(76)	0.03(76)	|	7775	
7485	403	ok	|	0.03	1.00	1.00	0.03	0.02	0	|	rapi	0.03	0.03	0	|	76.0	0.03(76)	0.03(76)	|	7775	
7485	404	ok	|	0.03	1.00	1.00	0.03	0.01	0	|	rapi	0.03	0.03	0	|	76.0	0.03(76)	0.03(76)	|	7775	
7485	405	ok	|	0.03	1.00	1.00	0.03	0.01	0	|	rapi	0.03	0.03	0	|	76.0	0.03(76)	0.03(76)	|	7775	
7485	406	ok	|	0.04	1.00	1.00	0.04	0.02	0	|	rapi	0.04	0.04	0	|	76.0	0.04(76)	0.04(76)	|	7775	
7485	407	ok	|	0.04	1.00	1.00	0.04	0.02	0	|	rapi	0.04	0.04	0	|	76.0	0.04(76)	0.04(76)	|	7775	
7485	408	ok	|	0.04	1.00	1.00	0.04	0.02	0	|	rapi	0.04	0.04	0	|	76.0	0.04(76)	0.04(76)	|	7775	
7485	409	ok	|	0.02	1.00	1.00	0.02	0.01	0	|	rapi	0.02	0.02	0	|	76.0	0.02(76)	0.02(76)	|	7775	
7485	410	ok	|	0.02	1.00	1.00	0.02	0.01	0	|	rapi	0.02	0.02	0	|	76.0	0.02(76)	0.02(76)	|	7775	
7485	411	ok	|	0.02	1.00	1.00	0.02	0.01	0	|	rapi	0.02	0.02	0	|	76.0	0.02(76)	0.02(76)	|	7775	
7485	412	ok	|	0.01	1.00	1.00	0.01	0.01	0	|	rapi	0.01	0.01	0	|	76.0	0.01(76)	0.01(76)	|	7775	
7485	413	ok	|	0.01	1.00	1.00	0.01	0.00	0	|	rapi	0.01	0.01	0	|	76.0	0.01(76)	0.01(76)	|	7775	
7485	414	ok	|	0.01	1.00	1.00	0.01	0.00	0	|	rapi	0.01	0.01	0	|	76.0	0.01(76)	0.01(76)	|	7775	
7485	415	ok	|	0.01	1.00	1.00	0.01	0.00	0	|	rapi	0.01	0.01	0	|	76.0	0.01(76)	0.01(76)	|	7775	
7485	416	ok	|	0.01	1.00	1.00	0.01	0.00	0	|	rapi	0.01	0.01	0	|	76.0	0.01(76)	0.01(76)	|	7775	
7485	417	ok	|	0.01	1.00	1.00	0.01	0.00	0	|	rapi	0.01	0.01	0	|	76.0	0.01(76)	0.01(76)	|	7775	
7485	418	ok	|	0.01	1.00	1.00	0.01	0.00	0	|	rapi	0.01	0.01	0	|	76.0	0.01(76)	0.01(76)	|	7775	
7485	419	ok	|	0.01	1.00	1.00	0.01	0.00	0	|	rapi	0.01	0.01	0	|	76.0	0.01(76)	0.01(76)	|	7775	
7485	420	ok	|	0.01	1.00	1.00	0.01	0.00	0	|	rapi	0.01	0.01	0	|	76.0	0.01(76)	0.01(76)	|	7775	
7485	421	ok	|	0.01	1.00	1.00	0.01	0.00	0	|	rapi	0.01	0.01	0	|	76.0	0.01(76)	0.01(76)	|	7775	
7485	422	ok	|	0.01	1.00	1.00	0.01	0.00	0	|	rapi	0.01	0.01	0	|	76.0	0.01(76)	0.01(76)	|	7775	
7485	423	ok	|	0.01	1.00	1.00	0.01	0.00	0	|	rapi	0.01	0.01	0	|	76.0	0.01(76)	0.01(76)	|	7775	
7485	424	ok	|	0.01	1.00	1.00	0.01	0.01	0	|	rapi	0.01	0.01	0	|	76.0	0.01(76)	0.01(76)	|	7775	
7485	425	ok	|	0.01	1.00	1.00	0.01	0.00	0	|	rapi	0.01	0.01	0	|	76.0	0.01(76)	0.01(76)	|	7775	
7485	426	ok	|	0.01	1.00	1.00	0.01	0.00	0	|	rapi	0.01	0.01	0	|	76.0	0.01(76)	0.01(76)	|	7775	
7485	427	ok	|	0.00	1.00	1.00	0.00	0.00	0	|	rapi	0.00	0.00	0	|	76.0	0.00(76)	0.00(76)	|	7775	
7485	428	ok	|	0.00	1.00	1.00	0.00	0.00	0	|	rapi	0.00	0.00	0	|	76.0	0.00(76)	0.00(76)	|	7775	
7485	429	ok	|	0.00	1.00	1.00	0.00	0.00	0	|	rapi	0.00	0.00	0	|	76.0	0.00(76)	0.00(76)	|	7775	
7485	430	ok	|	0.01	1.00	1.00	0.01	0.00	0	|	rapi	0.01	0.01	0	|	76.0	0.01(76)	0.01(76)	|	7775	
7485	431	ok	|	0.01	1.00	1.00	0.01	0.00	0	|	rapi	0.01	0.01	0	|	76.0	0.01(76)	0.01(76)	|	7775	
7485	432	ok	|	0.01	1.00	1.00	0.01	0.00	0	|	rapi	0.01	0.01	0	|	76.0	0.01(76)	0.01(76)	|	7775	
7485	433	ok	|	0.00	1.00	1.00	0.00	0.00	0	|	rapi	0.00	0.00	0	|	76.0	0.00(76)	0.00(76)	|	7775	
7485	434	ok	|	0.01	1.00	1.00	0.01	0.00	0	|	rapi	0.01	0.01	0	|	76.0	0.01(76)	0.01(76)	|	7775	
7485	435	ok	|	0.00	1.00	1.00	0.00	0.00	0	|	rapi	0.00	0.00	0	|	76.0	0.00(76)	0.00(76)	|	7775	
7485	436	ok	|	0.00	1.00	1.00	0.00	0.00	0	|	rapi	0.00	0.00	0	|	76.0	0.00(76)	0.00(76)	|	7775	
7485	437	ok	|	0.00	1.00	1.00	0.00	0.00	0	|	rapi	0.00	0.00	0	|	76.0	0.00(76)	0.00(76)	|	7775	
7485	438	fail-0	|	0.00	1.00	1.00	0.00	NaN	0	|	rapi	0.00	0.00	0	|	NaN			|	7775	
