7495	0	ok	|	0.09	1.00	1.00	0.10	0.00	0	|	rapi	0.00	0.00	0	|	-57.0	0.10(-57)		|	6	
7495	1	ok	|	0.10	1.00	1.00	0.12	0.00	0	|	rapi	0.00	0.00	0	|	-57.0	0.12(-57)		|	6	
7495	2	ok	|	0.14	1.00	1.00	0.16	0.00	0	|	rapi	0.00	0.00	0	|	-57.0	0.16(-57)		|	6	
7495	3	ok	|	0.16	1.00	1.00	0.20	0.00	0	|	rapi	0.00	0.00	0	|	-57.0	0.20(-57)		|	6	
7495	4	ok	|	0.18	1.00	1.00	0.22	0.00	0	|	rapi	0.00	0.00	0	|	-57.0	0.22(-57)		|	6	
7495	5	ok	|	0.19	1.00	1.00	0.26	0.00	0	|	rapi	0.00	0.00	0	|	-57.0	0.26(-57)		|	6	
7495	6	ok	|	0.21	1.00	1.00	0.29	0.00	0	|	rapi	0.00	0.00	0	|	-57.0	0.29(-57)		|	6	
7495	7	ok	|	0.26	1.00	1.00	0.36	0.00	0	|	rapi	0.00	0.00	0	|	-57.0	0.36(-57)		|	6	
7495	8	ok	|	0.30	1.00	1.00	0.44	0.00	0	|	rapi	0.00	0.00	0	|	-57.0	0.44(-57)		|	6	
7495	9	ok	|	0.34	0.99	0.99	0.50	0.00	0	|	rapi	0.00	0.00	0	|	-57.0	0.50(-57)		|	6	
7495	10	ok	|	0.38	0.99	0.99	0.60	0.00	0	|	rapi	0.00	0.00	0	|	-57.0	0.60(-57)		|	6	
7495	11	ok	|	0.44	0.99	0.99	0.75	0.00	0	|	rapi	0.00	0.00	0	|	-57.0	0.75(-57)		|	6	
7495	12	ok	|	0.50	0.99	0.99	0.92	0.00	0	|	rapi	0.00	0.00	0	|	-57.0	0.92(-57)		|	6	
7495	13	ok	|	0.56	0.99	0.99	1.18	0.00	0	|	rapi	0.00	0.00	0	|	-57.0	1.18(-57)		|	6	
7495	14	ok	|	0.66	0.99	0.99	1.40	0.00	0	|	rapi	0.00	0.00	0	|	-57.0	1.40(-57)		|	6	
7495	15	ok	|	0.72	0.98	0.98	1.62	0.00	0	|	rapi	0.00	0.00	0	|	-57.0	1.62(-57)		|	6	
7495	16	ok	|	0.78	0.98	0.98	1.85	0.00	0	|	rapi	0.00	0.00	0	|	-57.0	1.85(-57)		|	6	
7495	17	ok	|	0.81	0.98	0.98	2.13	0.00	0	|	rapi	0.00	0.00	0	|	-57.0	2.13(-57)		|	6	
7495	18	ok	|	0.87	0.98	0.98	2.38	0.00	0	|	rapi	0.00	0.00	0	|	-57.0	2.38(-57)		|	6	
7495	19	ok	|	0.89	0.97	0.97	2.90	0.00	0	|	rapi	0.00	0.00	0	|	-57.0	2.90(-57)		|	6	
7495	20	ok	|	0.93	0.97	0.97	3.49	0.00	0	|	rapi	0.00	0.00	0	|	-57.0	3.49(-57)		|	6	
7495	21	ok	|	0.95	0.96	0.96	4.02	0.00	0	|	rapi	0.00	0.00	0	|	-57.0	4.02(-57)		|	6	
7495	22	ok	|	0.97	0.95	0.95	4.62	0.00	0	|	rapi	0.00	0.00	0	|	-57.0	4.62(-57)		|	6	
7495	23	ok	|	0.98	0.95	0.95	5.45	0.00	0	|	rapi	0.00	0.00	0	|	-57.0	5.45(-57)		|	6	
7495	24	ok	|	0.99	0.94	0.94	6.18	0.00	0	|	rapi	0.00	0.00	0	|	-57.0	6.18(-57)		|	6	
7495	25	ok	|	0.99	0.93	0.93	7.24	0.00	0	|	rapi	0.00	0.00	0	|	-57.0	7.24(-57)		|	6	
7495	26	ok	|	1.00	0.91	0.91	8.56	0.00	0	|	rapi	0.00	0.00	0	|	-57.0	8.56(-57)		|	6	
7495	27	ok	|	1.00	0.90	0.90	9.95	0.00	0	|	rapi	0.00	0.00	0	|	-57.0	9.95(-57)		|	6	
7495	28	ok	|	1.00	0.89	0.89	11.49	0.00	0	|	rapi	0.00	0.00	0	|	-57.0	11.49(-57)		|	6	
7495	29	ok	|	1.00	0.87	0.87	13.24	0.00	0	|	rapi	0.00	0.00	0	|	-57.0	13.24(-57)		|	6	
7495	30	ok	|	1.00	0.84	0.84	15.70	0.00	0	|	rapi	0.00	0.00	0	|	-57.0	15.70(-57)		|	6	
7495	31	ok	|	1.00	0.81	0.81	18.57	0.00	0	|	rapi	0.00	0.00	0	|	-57.0	18.57(-57)		|	6	
7495	32	ok	|	1.00	0.78	0.78	21.91	0.00	0	|	rapi	0.00	0.00	0	|	-57.0	21.91(-57)	0.00(-57)	|	6	
7495	33	ok	|	1.00	0.74	0.74	25.89	0.00	0	|	rapi	0.00	0.00	0	|	-57.0	25.89(-57)	0.00(-57)	|	6	
7495	34	ok	|	1.00	0.70	0.70	30.48	0.00	0	|	rapi	0.00	0.00	0	|	-57.0	30.48(-57)	0.00(-57)	|	6	
7495	35	ok	|	1.00	0.64	0.64	35.92	0.00	0	|	rapi	0.00	0.00	0	|	-57.0	35.92(-57)	0.00(-57)	|	6	
7495	36	ok	|	1.00	0.58	0.58	42.09	0.00	0	|	rapi	0.00	0.00	0	|	-57.0	42.09(-57)	0.00(-57)	|	6	
7495	37	ok	|	1.00	0.51	0.51	49.33	0.00	0	|	rapi	0.01	0.01	0	|	-57.0	49.33(-57)	0.01(-57)	|	6	
7495	38	ok	|	1.00	0.43	0.43	57.13	0.00	0	|	rapi	0.01	0.01	0	|	-57.0	57.13(-57)	0.01(-57)	|	6	
7495	39	ok	|	1.00	0.34	0.34	65.86	0.00	0	|	rapi	0.02	0.02	0	|	-57.0	65.86(-57)	0.02(-57)	|	6	
7495	40	ok	|	1.00	0.25	0.25	75.05	0.00	0	|	rapi	0.03	0.03	0	|	-57.0	75.05(-57)	0.03(-57)	|	6	
7495	41	ok	|	1.00	0.18	0.18	82.27	0.00	0	|	rapi	0.05	0.05	0	|	-57.0	82.27(-57)	0.05(-57)	|	6	
7495	42	ok	|	1.00	0.11	0.11	89.96	0.00	0	|	rapi	0.09	0.10	0	|	-57.0	89.96(-57)	0.10(-57)	|	6	
7495	43	fail-w	|	1.00	0.09	0.09	93.11	0.00	0	|	rapi	0.17	0.18	0	|	-57.0	93.11(-57)	0.18(-57)	|	6	
