7508	0	ok	|	0.10	1.00	1.00	0.10	0.00	0	|	rapi	0.00	0.00	0	|	-17.0	0.10(-17)		|	1	
7508	1	ok	|	0.11	1.00	1.00	0.13	0.00	0	|	rapi	0.00	0.00	0	|	-17.0	0.13(-17)		|	1	
7508	2	ok	|	0.10	1.00	1.00	0.13	0.00	0	|	rapi	0.00	0.00	0	|	-17.0	0.13(-17)		|	1	
7508	3	ok	|	0.10	1.00	1.00	0.13	0.00	0	|	rapi	0.00	0.00	0	|	-17.0	0.13(-17)		|	1	
7508	4	ok	|	0.10	1.00	1.00	0.14	0.00	0	|	rapi	0.00	0.00	0	|	-17.0	0.14(-17)		|	1	
7508	5	ok	|	0.14	1.00	1.00	0.19	0.00	0	|	rapi	0.00	0.00	0	|	-17.0	0.19(-17)		|	1	
7508	6	ok	|	0.16	1.00	1.00	0.23	0.00	0	|	rapi	0.00	0.00	0	|	-17.0	0.23(-17)		|	1	
7508	7	ok	|	0.18	1.00	1.00	0.26	0.00	0	|	rapi	0.00	0.00	0	|	-17.0	0.26(-17)		|	1	
7508	8	ok	|	0.20	1.00	1.00	0.29	0.00	0	|	rapi	0.00	0.00	0	|	-17.0	0.29(-17)		|	1	
7508	9	ok	|	0.22	1.00	1.00	0.36	0.00	0	|	rapi	0.00	0.00	0	|	-17.0	0.36(-17)		|	1	
7508	10	ok	|	0.25	1.00	1.00	0.39	0.00	0	|	rapi	0.00	0.00	0	|	-17.0	0.39(-17)		|	1	
7508	11	ok	|	0.31	1.00	1.00	0.49	0.00	0	|	rapi	0.00	0.00	0	|	-17.0	0.49(-17)		|	1	
7508	12	ok	|	0.35	0.99	0.99	0.58	0.00	0	|	rapi	0.00	0.00	0	|	-17.0	0.58(-17)		|	1	
7508	13	ok	|	0.41	0.99	0.99	0.73	0.00	0	|	rapi	0.00	0.00	0	|	-17.0	0.73(-17)		|	1	
7508	14	ok	|	0.47	0.99	0.99	0.82	0.00	0	|	rapi	0.00	0.00	0	|	-17.0	0.82(-17)		|	1	
7508	15	ok	|	0.50	0.99	0.99	0.98	0.00	0	|	rapi	0.00	0.00	0	|	-17.0	0.98(-17)		|	1	
7508	16	ok	|	0.59	0.99	0.99	1.15	0.00	0	|	rapi	0.00	0.00	0	|	-17.0	1.15(-17)		|	1	
7508	17	ok	|	0.66	0.99	0.99	1.34	0.00	0	|	rapi	0.00	0.00	0	|	-17.0	1.34(-17)		|	1	
7508	18	ok	|	0.75	0.98	0.98	1.70	0.00	0	|	rapi	0.00	0.00	0	|	-17.0	1.70(-17)		|	1	
7508	19	ok	|	0.80	0.98	0.98	1.93	0.00	0	|	rapi	0.00	0.00	0	|	-17.0	1.93(-17)		|	1	
7508	20	ok	|	0.83	0.98	0.98	2.21	0.00	0	|	rapi	0.00	0.00	0	|	-17.0	2.21(-17)		|	1	
7508	21	ok	|	0.88	0.97	0.97	2.66	0.00	0	|	rapi	0.00	0.00	0	|	-17.0	2.66(-17)		|	1	
7508	22	ok	|	0.91	0.97	0.97	3.15	0.00	0	|	rapi	0.00	0.00	0	|	-17.0	3.15(-17)		|	1	
7508	23	ok	|	0.95	0.96	0.96	3.80	0.00	0	|	rapi	0.00	0.00	0	|	-17.0	3.80(-17)		|	1	
7508	24	ok	|	0.98	0.95	0.95	4.70	0.00	0	|	rapi	0.00	0.00	0	|	-17.0	4.70(-17)		|	1	
7508	25	ok	|	0.99	0.95	0.95	5.43	0.00	0	|	rapi	0.00	0.00	0	|	-17.0	5.43(-17)		|	1	
7508	26	ok	|	1.00	0.94	0.94	6.35	0.00	0	|	rapi	0.00	0.00	0	|	-17.0	6.35(-17)		|	1	
7508	27	ok	|	1.00	0.93	0.93	7.37	0.00	0	|	rapi	0.00	0.00	0	|	-17.0	7.37(-17)	0.00(-17)	|	1	
7508	28	ok	|	1.00	0.91	0.91	8.61	0.00	0	|	rapi	0.00	0.00	0	|	-17.0	8.61(-17)		|	1	
7508	29	ok	|	1.00	0.90	0.90	10.05	0.00	0	|	rapi	0.00	0.00	0	|	-17.0	10.05(-17)		|	1	
7508	30	ok	|	1.00	0.88	0.88	11.85	0.00	0	|	rapi	0.00	0.00	0	|	-17.0	11.85(-17)	0.00(-17)	|	1	
7508	31	ok	|	1.00	0.86	0.86	14.22	0.00	0	|	rapi	0.00	0.00	0	|	-17.0	14.22(-17)	0.00(-17)	|	1	
7508	32	ok	|	1.00	0.83	0.83	16.87	0.00	0	|	rapi	0.00	0.00	0	|	-17.0	16.87(-17)	0.00(-17)	|	1	
7508	33	ok	|	1.00	0.80	0.80	20.06	0.00	0	|	rapi	0.00	0.00	0	|	-17.0	20.06(-17)	0.00(-17)	|	1	
7508	34	ok	|	1.00	0.76	0.76	23.79	0.00	0	|	rapi	0.00	0.00	0	|	-17.0	23.79(-17)	0.00(-17)	|	1	
7508	35	ok	|	1.00	0.72	0.72	28.19	0.00	0	|	rapi	0.00	0.00	0	|	-17.0	28.19(-17)	0.00(-17)	|	1	
7508	36	ok	|	1.00	0.67	0.67	33.35	0.00	0	|	rapi	0.01	0.01	0	|	-17.0	33.35(-17)	0.01(-17)	|	1	
7508	37	ok	|	1.00	0.61	0.61	38.77	0.00	0	|	rapi	0.01	0.01	0	|	-17.0	38.77(-17)	0.01(-17)	|	1	
7508	38	ok	|	1.00	0.55	0.55	45.27	0.00	0	|	rapi	0.00	0.00	0	|	-17.0	45.27(-17)	0.00(-17)	|	1	
7508	39	ok	|	1.00	0.47	0.47	52.58	0.00	0	|	rapi	0.01	0.01	0	|	-17.0	52.58(-17)	0.01(-17)	|	1	
7508	40	ok	|	1.00	0.39	0.39	61.28	0.00	0	|	rapi	0.01	0.01	0	|	-17.0	61.28(-17)	0.01(-17)	|	1	
7508	41	ok	|	1.00	0.29	0.29	71.06	0.00	0	|	rapi	0.01	0.01	0	|	-17.0	71.06(-17)	0.01(-17)	|	1	
7508	42	ok	|	1.00	0.19	0.19	80.78	0.00	0	|	rapi	0.01	0.01	0	|	-17.0	80.78(-17)	0.01(-17)	|	1	
7508	43	ok	|	1.00	0.11	0.11	90.16	0.00	0	|	rapi	0.01	0.01	0	|	-17.0	90.16(-17)	0.01(-17)	|	1	
7508	44	fail-w	|	1.00	0.06	0.06	97.39	0.00	0	|	rapi	0.02	0.02	0	|	-17.0	97.39(-17)	0.02(-17)	|	1	
