7621	0	ok	|	0.10	1.00	1.00	0.10	0.00	0	|	rapi	0.00	0.00	0	|	-14.0	0.10(-14)		|	3	
7621	1	ok	|	0.10	1.00	1.00	0.12	0.00	0	|	rapi	0.00	0.00	0	|	-14.0	0.12(-14)		|	3	
7621	2	ok	|	0.11	1.00	1.00	0.15	0.00	0	|	rapi	0.00	0.00	0	|	-14.0	0.15(-14)		|	3	
7621	3	ok	|	0.11	1.00	1.00	0.13	0.00	0	|	rapi	0.00	0.00	0	|	-14.0	0.13(-14)		|	3	
7621	4	ok	|	0.12	1.00	1.00	0.15	0.00	0	|	rapi	0.00	0.00	0	|	-14.0	0.15(-14)		|	3	
7621	5	ok	|	0.13	1.00	1.00	0.17	0.00	0	|	rapi	0.00	0.00	0	|	-14.0	0.17(-14)		|	3	
7621	6	ok	|	0.15	1.00	1.00	0.20	0.00	0	|	rapi	0.00	0.00	0	|	-14.0	0.20(-14)		|	3	
7621	7	ok	|	0.17	1.00	1.00	0.24	0.00	0	|	rapi	0.00	0.00	0	|	-14.0	0.24(-14)		|	3	
7621	8	ok	|	0.22	1.00	1.00	0.33	0.00	0	|	rapi	0.00	0.00	0	|	-14.0	0.33(-14)		|	3	
7621	9	ok	|	0.27	1.00	1.00	0.41	0.00	0	|	rapi	0.00	0.00	0	|	-14.0	0.41(-14)		|	3	
7621	10	ok	|	0.34	0.99	0.99	0.55	0.00	0	|	rapi	0.00	0.00	0	|	-14.0	0.55(-14)		|	3	
7621	11	ok	|	0.39	0.99	0.99	0.67	0.00	0	|	rapi	0.00	0.00	0	|	-14.0	0.67(-14)		|	3	
7621	12	ok	|	0.46	0.99	0.99	0.83	0.00	0	|	rapi	0.00	0.00	0	|	-14.0	0.83(-14)		|	3	
7621	13	ok	|	0.51	0.99	0.99	1.01	0.00	0	|	rapi	0.00	0.00	0	|	-14.0	1.01(-14)		|	3	
7621	14	ok	|	0.58	0.99	0.99	1.22	0.00	0	|	rapi	0.00	0.00	0	|	-14.0	1.22(-14)		|	3	
7621	15	ok	|	0.65	0.99	0.99	1.42	0.00	0	|	rapi	0.00	0.00	0	|	-14.0	1.42(-14)		|	3	
7621	16	ok	|	0.73	0.98	0.98	1.65	0.00	0	|	rapi	0.00	0.00	0	|	-14.0	1.65(-14)		|	3	
7621	17	ok	|	0.78	0.98	0.98	2.00	0.00	0	|	rapi	0.00	0.00	0	|	-14.0	2.00(-14)		|	3	
7621	18	ok	|	0.84	0.98	0.98	2.32	0.00	0	|	rapi	0.00	0.00	0	|	-14.0	2.32(-14)		|	3	
7621	19	ok	|	0.89	0.97	0.97	2.77	0.00	0	|	rapi	0.00	0.00	0	|	-14.0	2.77(-14)		|	3	
7621	20	ok	|	0.91	0.97	0.97	3.19	0.00	0	|	rapi	0.00	0.00	0	|	-14.0	3.19(-14)		|	3	
7621	21	ok	|	0.94	0.96	0.96	3.84	0.00	0	|	rapi	0.00	0.00	0	|	-14.0	3.84(-14)		|	3	
7621	22	ok	|	0.97	0.95	0.95	4.58	0.00	0	|	rapi	0.00	0.00	0	|	-14.0	4.58(-14)	0.00(-14)	|	3	
7621	23	ok	|	0.97	0.95	0.95	5.35	0.00	0	|	rapi	0.00	0.00	0	|	-14.0	5.35(-14)	0.00(-14)	|	3	
7621	24	ok	|	0.99	0.94	0.94	6.39	0.00	0	|	rapi	0.00	0.00	0	|	-14.0	6.39(-14)		|	3	
7621	25	ok	|	1.00	0.93	0.93	7.43	0.00	0	|	rapi	0.00	0.00	0	|	-14.0	7.43(-14)	0.00(-14)	|	3	
7621	26	ok	|	1.00	0.91	0.91	8.68	0.00	0	|	rapi	0.00	0.00	0	|	-14.0	8.68(-14)	0.00(-14)	|	3	
7621	27	ok	|	1.00	0.90	0.90	10.21	0.00	0	|	rapi	0.00	0.00	0	|	-14.0	10.21(-14)	0.00(-14)	|	3	
7621	28	ok	|	1.00	0.88	0.88	12.15	0.00	0	|	rapi	0.00	0.00	0	|	-14.0	12.15(-14)	0.00(-14)	|	3	
7621	29	ok	|	1.00	0.86	0.86	14.36	0.00	0	|	rapi	0.00	0.00	0	|	-14.0	14.36(-14)	0.00(-14)	|	3	
7621	30	ok	|	1.00	0.83	0.83	16.91	0.00	0	|	rapi	0.00	0.00	0	|	-14.0	16.91(-14)	0.00(-14)	|	3	
7621	31	ok	|	1.00	0.80	0.80	19.95	0.00	0	|	rapi	0.00	0.00	0	|	-14.0	19.95(-14)	0.00(-14)	|	3	
7621	32	ok	|	1.00	0.77	0.77	23.48	0.00	0	|	rapi	0.00	0.00	0	|	-14.0	23.48(-14)	0.00(-14)	|	3	
7621	33	ok	|	1.00	0.72	0.72	28.04	0.00	0	|	rapi	0.00	0.00	0	|	-14.0	28.04(-14)	0.00(-14)	|	3	
7621	34	ok	|	1.00	0.67	0.67	32.79	0.00	0	|	rapi	0.01	0.01	0	|	-14.0	32.79(-14)	0.01(-14)	|	3	
7621	35	ok	|	1.00	0.62	0.62	38.32	0.00	0	|	rapi	0.00	0.00	0	|	-14.0	38.32(-14)	0.00(-14)	|	3	
7621	36	ok	|	1.00	0.55	0.55	44.77	0.00	0	|	rapi	0.01	0.01	0	|	-14.0	44.77(-14)	0.01(-14)	|	3	
7621	37	ok	|	1.00	0.47	0.47	52.54	0.00	0	|	rapi	0.01	0.01	0	|	-14.0	52.54(-14)	0.01(-14)	|	3	
7621	38	ok	|	1.00	0.39	0.39	60.91	0.00	0	|	rapi	0.02	0.02	0	|	-14.0	60.91(-14)	0.02(-14)	|	3	
7621	39	ok	|	1.00	0.30	0.30	69.60	0.00	0	|	rapi	0.02	0.02	0	|	-14.0	69.60(-14)	0.02(-14)	|	3	
7621	40	ok	|	1.00	0.22	0.22	78.61	0.00	0	|	rapi	0.03	0.03	0	|	-14.0	78.61(-14)	0.03(-14)	|	3	
7621	41	ok	|	1.00	0.14	0.14	87.15	0.00	0	|	rapi	0.05	0.05	0	|	-14.0	87.15(-14)	0.05(-14)	|	3	
7621	42	fail-w	|	1.00	0.09	0.09	92.92	0.00	0	|	rapi	0.09	0.09	0	|	-14.0	92.92(-14)	0.09(-14)	|	3	
