765	0	ok	|	0.09	1.00	1.00	0.10	0.00	0	|	rapi	0.00	0.00	0	|	-85.0	0.10(-85)		|	15	
765	1	ok	|	0.10	1.00	1.00	0.12	0.00	0	|	rapi	0.00	0.00	0	|	-85.0	0.12(-85)		|	15	
765	2	ok	|	0.10	1.00	1.00	0.11	0.00	0	|	rapi	0.00	0.00	0	|	-85.0	0.11(-85)		|	15	
765	3	ok	|	0.11	1.00	1.00	0.14	0.00	0	|	rapi	0.00	0.00	0	|	-85.0	0.14(-85)		|	15	
765	4	ok	|	0.12	1.00	1.00	0.15	0.00	0	|	rapi	0.00	0.00	0	|	-85.0	0.15(-85)		|	15	
765	5	ok	|	0.12	1.00	1.00	0.16	0.00	0	|	rapi	0.00	0.00	0	|	-85.0	0.16(-85)		|	15	
765	6	ok	|	0.14	1.00	1.00	0.18	0.00	0	|	rapi	0.00	0.00	0	|	-85.0	0.18(-85)		|	15	
765	7	ok	|	0.15	1.00	1.00	0.21	0.00	0	|	rapi	0.00	0.00	0	|	-85.0	0.21(-85)		|	15	
765	8	ok	|	0.17	1.00	1.00	0.24	0.00	0	|	rapi	0.00	0.00	0	|	-85.0	0.24(-85)		|	15	
765	9	ok	|	0.20	1.00	1.00	0.29	0.00	0	|	rapi	0.00	0.00	0	|	-85.0	0.29(-85)		|	15	
765	10	ok	|	0.23	1.00	1.00	0.31	0.00	0	|	rapi	0.00	0.00	0	|	-85.0	0.31(-85)		|	15	
765	11	ok	|	0.23	1.00	1.00	0.34	0.00	0	|	rapi	0.00	0.00	0	|	-85.0	0.34(-85)		|	15	
765	12	ok	|	0.28	1.00	1.00	0.44	0.00	0	|	rapi	0.00	0.00	0	|	-85.0	0.44(-85)		|	15	
765	13	ok	|	0.33	0.99	0.99	0.54	0.00	0	|	rapi	0.00	0.00	0	|	-85.0	0.54(-85)		|	15	
765	14	ok	|	0.36	0.99	0.99	0.62	0.00	0	|	rapi	0.00	0.00	0	|	-85.0	0.62(-85)		|	15	
765	15	ok	|	0.43	0.99	0.99	0.74	0.00	0	|	rapi	0.00	0.00	0	|	-85.0	0.74(-85)		|	15	
765	16	ok	|	0.52	0.99	0.99	0.94	0.00	0	|	rapi	0.00	0.00	0	|	-85.0	0.94(-85)		|	15	
765	17	ok	|	0.57	0.99	0.99	1.07	0.00	0	|	rapi	0.00	0.00	0	|	-85.0	1.07(-85)		|	15	
765	18	ok	|	0.60	0.99	0.99	1.20	0.00	0	|	rapi	0.00	0.00	0	|	-85.0	1.20(-85)		|	15	
765	19	ok	|	0.65	0.99	0.99	1.37	0.00	0	|	rapi	0.00	0.00	0	|	-85.0	1.37(-85)		|	15	
765	20	ok	|	0.71	0.98	0.98	1.57	0.00	0	|	rapi	0.00	0.00	0	|	-85.0	1.57(-85)		|	15	
765	21	ok	|	0.77	0.98	0.98	1.88	0.00	0	|	rapi	0.00	0.00	0	|	-85.0	1.88(-85)		|	15	
765	22	ok	|	0.83	0.98	0.98	2.26	0.00	0	|	rapi	0.00	0.00	0	|	-85.0	2.26(-85)		|	15	
765	23	ok	|	0.86	0.97	0.97	2.60	0.00	0	|	rapi	0.00	0.00	0	|	-85.0	2.60(-85)		|	15	
765	24	ok	|	0.90	0.97	0.97	3.14	0.00	0	|	rapi	0.00	0.00	0	|	-85.0	3.14(-85)		|	15	
765	25	ok	|	0.94	0.96	0.96	3.80	0.00	0	|	rapi	0.00	0.00	0	|	-85.0	3.80(-85)		|	15	
765	26	ok	|	0.98	0.95	0.95	4.54	0.00	0	|	rapi	0.00	0.00	0	|	-85.0	4.54(-85)	0.00(-85)	|	15	
765	27	ok	|	0.97	0.95	0.95	5.37	0.00	0	|	rapi	0.00	0.00	0	|	-85.0	5.37(-85)	0.00(-85)	|	15	
765	28	ok	|	0.99	0.94	0.94	6.49	0.00	0	|	rapi	0.01	0.01	0	|	-85.0	6.49(-85)	0.01(-85)	|	15	
765	29	ok	|	1.00	0.92	0.92	7.56	0.00	0	|	rapi	0.01	0.01	0	|	-85.0	7.56(-85)	0.01(-85)	|	15	
765	30	ok	|	1.00	0.91	0.91	8.88	0.00	0	|	rapi	0.02	0.02	0	|	-85.0	8.88(-85)	0.02(-85)	|	15	
765	31	ok	|	1.00	0.90	0.90	10.41	0.00	0	|	rapi	0.01	0.01	0	|	-85.0	10.41(-85)	0.01(-85)	|	15	
765	32	ok	|	1.00	0.88	0.88	12.30	0.00	0	|	rapi	0.01	0.01	0	|	-85.0	12.30(-85)	0.01(-85)	|	15	
765	33	ok	|	1.00	0.86	0.86	14.38	0.00	0	|	rapi	0.00	0.00	0	|	-85.0	14.38(-85)	0.00(-85)	|	15	
765	34	ok	|	1.00	0.83	0.83	16.66	0.00	0	|	rapi	0.00	0.00	0	|	-85.0	16.66(-85)	0.00(-85)	|	15	
765	35	ok	|	1.00	0.80	0.80	19.87	0.00	0	|	rapi	0.00	0.00	0	|	-85.0	19.87(-85)	0.00(-85)	|	15	
765	36	ok	|	1.00	0.77	0.77	23.42	0.00	0	|	rapi	0.00	0.00	0	|	-85.0	23.42(-85)	0.00(-85)	|	15	
765	37	ok	|	1.00	0.72	0.72	27.80	0.00	0	|	rapi	0.00	0.00	0	|	-85.0	27.80(-85)	0.00(-85)	|	15	
765	38	ok	|	1.00	0.68	0.68	32.34	0.00	0	|	rapi	0.00	0.00	0	|	-85.0	32.34(-85)	0.00(-85)	|	15	
765	39	ok	|	1.00	0.62	0.62	37.73	0.00	0	|	rapi	0.00	0.00	0	|	-85.0	37.73(-85)		|	15	
765	40	ok	|	1.00	0.56	0.56	44.02	0.00	0	|	rapi	0.00	0.00	0	|	-85.0	44.02(-85)	0.00(-85)	|	15	
765	41	ok	|	1.00	0.49	0.49	51.32	0.00	0	|	rapi	0.01	0.01	0	|	-85.0	51.32(-85)	0.01(-85)	|	15	
765	42	ok	|	1.00	0.40	0.40	60.14	0.00	0	|	rapi	0.01	0.01	0	|	-85.0	60.14(-85)	0.01(-85)	|	15	
765	43	ok	|	1.00	0.31	0.31	68.94	0.00	0	|	rapi	0.01	0.01	0	|	-85.0	68.94(-85)	0.01(-85)	|	15	
765	44	ok	|	1.00	0.21	0.21	78.67	0.00	0	|	rapi	0.01	0.01	0	|	-85.0	78.67(-85)	0.01(-85)	|	15	
765	45	ok	|	1.00	0.13	0.13	87.31	0.00	0	|	rapi	0.01	0.01	0	|	-85.0	87.31(-85)	0.01(-85)	|	15	
765	46	fail-w	|	1.00	0.07	0.07	94.81	0.00	0	|	rapi	0.01	0.01	0	|	-85.0	94.81(-85)	0.01(-85)	|	15	
