7785	0	ok	|	0.10	1.00	1.00	0.10	0.00	0	|	rapi	0.00	0.00	0	|	-93.0	0.10(-93)		|	17	
7785	1	ok	|	0.10	1.00	1.00	0.11	0.00	0	|	rapi	0.00	0.00	0	|	-93.0	0.11(-93)		|	17	
7785	2	ok	|	0.12	1.00	1.00	0.14	0.00	0	|	rapi	0.00	0.00	0	|	-93.0	0.14(-93)		|	17	
7785	3	ok	|	0.13	1.00	1.00	0.16	0.00	0	|	rapi	0.00	0.00	0	|	-93.0	0.16(-93)		|	17	
7785	4	ok	|	0.16	1.00	1.00	0.20	0.00	0	|	rapi	0.00	0.00	0	|	-93.0	0.20(-93)		|	17	
7785	5	ok	|	0.19	1.00	1.00	0.24	0.00	0	|	rapi	0.00	0.00	0	|	-93.0	0.24(-93)		|	17	
7785	6	ok	|	0.21	1.00	1.00	0.28	0.00	0	|	rapi	0.00	0.00	0	|	-93.0	0.28(-93)		|	17	
7785	7	ok	|	0.26	1.00	1.00	0.36	0.00	0	|	rapi	0.00	0.00	0	|	-93.0	0.36(-93)		|	17	
7785	8	ok	|	0.28	1.00	1.00	0.42	0.00	0	|	rapi	0.00	0.00	0	|	-93.0	0.42(-93)		|	17	
7785	9	ok	|	0.31	0.99	0.99	0.50	0.00	0	|	rapi	0.00	0.00	0	|	-93.0	0.50(-93)		|	17	
7785	10	ok	|	0.34	0.99	0.99	0.59	0.00	0	|	rapi	0.00	0.00	0	|	-93.0	0.59(-93)		|	17	
7785	11	ok	|	0.38	0.99	0.99	0.61	0.00	0	|	rapi	0.00	0.00	0	|	-93.0	0.61(-93)		|	17	
7785	12	ok	|	0.42	0.99	0.99	0.71	0.00	0	|	rapi	0.00	0.00	0	|	-93.0	0.71(-93)		|	17	
7785	13	ok	|	0.49	0.99	0.99	0.86	0.00	0	|	rapi	0.00	0.00	0	|	-93.0	0.86(-93)		|	17	
7785	14	ok	|	0.54	0.99	0.99	0.99	0.00	0	|	rapi	0.00	0.00	0	|	-93.0	0.99(-93)		|	17	
7785	15	ok	|	0.60	0.99	0.99	1.18	0.00	0	|	rapi	0.00	0.00	0	|	-93.0	1.18(-93)		|	17	
7785	16	ok	|	0.68	0.99	0.99	1.44	0.00	0	|	rapi	0.00	0.00	0	|	-93.0	1.44(-93)		|	17	
7785	17	ok	|	0.76	0.98	0.98	1.73	0.00	0	|	rapi	0.00	0.00	0	|	-93.0	1.73(-93)		|	17	
7785	18	ok	|	0.82	0.98	0.98	2.08	0.00	0	|	rapi	0.00	0.00	0	|	-93.0	2.08(-93)		|	17	
7785	19	ok	|	0.85	0.97	0.97	2.50	0.00	0	|	rapi	0.00	0.00	0	|	-93.0	2.50(-93)		|	17	
7785	20	ok	|	0.91	0.97	0.97	2.96	0.00	0	|	rapi	0.00	0.00	0	|	-93.0	2.96(-93)		|	17	
7785	21	ok	|	0.94	0.97	0.97	3.45	0.00	0	|	rapi	0.00	0.00	0	|	-93.0	3.45(-93)		|	17	
7785	22	ok	|	0.96	0.96	0.96	4.08	0.00	0	|	rapi	0.00	0.00	0	|	-93.0	4.08(-93)		|	17	
7785	23	ok	|	0.97	0.95	0.95	4.83	0.00	0	|	rapi	0.00	0.00	0	|	-93.0	4.83(-93)		|	17	
7785	24	ok	|	0.99	0.94	0.94	5.58	0.00	0	|	rapi	0.00	0.00	0	|	-93.0	5.58(-93)		|	17	
7785	25	ok	|	0.99	0.93	0.93	6.57	0.00	0	|	rapi	0.00	0.00	0	|	-93.0	6.57(-93)		|	17	
7785	26	ok	|	1.00	0.92	0.92	7.97	0.00	0	|	rapi	0.00	0.00	0	|	-93.0	7.97(-93)		|	17	
7785	27	ok	|	1.00	0.91	0.91	9.46	0.00	0	|	rapi	0.00	0.00	0	|	-93.0	9.46(-93)		|	17	
7785	28	ok	|	1.00	0.89	0.89	11.05	0.00	0	|	rapi	0.00	0.00	0	|	-93.0	11.05(-93)		|	17	
7785	29	ok	|	1.00	0.87	0.87	12.83	0.00	0	|	rapi	0.00	0.00	0	|	-93.0	12.83(-93)		|	17	
7785	30	ok	|	1.00	0.85	0.85	14.89	0.00	0	|	rapi	0.00	0.00	0	|	-93.0	14.89(-93)		|	17	
7785	31	ok	|	1.00	0.82	0.82	17.82	0.00	0	|	rapi	0.00	0.00	0	|	-93.0	17.82(-93)		|	17	
7785	32	ok	|	1.00	0.79	0.79	20.79	0.00	0	|	rapi	0.00	0.00	0	|	-93.0	20.79(-93)		|	17	
7785	33	ok	|	1.00	0.75	0.75	24.56	0.00	0	|	rapi	0.00	0.00	0	|	-93.0	24.56(-93)		|	17	
7785	34	ok	|	1.00	0.72	0.72	28.36	0.00	0	|	rapi	0.00	0.00	0	|	-93.0	28.36(-93)		|	17	
7785	35	ok	|	1.00	0.67	0.67	32.65	0.00	0	|	rapi	0.00	0.00	0	|	-93.0	32.65(-93)	0.00(-93)	|	17	
7785	36	ok	|	1.00	0.62	0.62	38.15	0.00	0	|	rapi	0.01	0.01	0	|	-93.0	38.15(-93)	0.01(-93)	|	17	
7785	37	ok	|	1.00	0.55	0.55	44.53	0.00	0	|	rapi	0.01	0.01	0	|	-93.0	44.53(-93)	0.01(-93)	|	17	
7785	38	ok	|	1.00	0.48	0.48	52.20	0.00	0	|	rapi	0.01	0.01	0	|	-93.0	52.20(-93)	0.01(-93)	|	17	
7785	39	ok	|	1.00	0.39	0.39	60.60	0.00	0	|	rapi	0.01	0.01	0	|	-93.0	60.60(-93)	0.01(-93)	|	17	
7785	40	ok	|	1.00	0.30	0.30	69.88	0.00	0	|	rapi	0.01	0.01	0	|	-93.0	69.88(-93)	0.01(-93)	|	17	
7785	41	ok	|	1.00	0.21	0.21	79.25	0.00	0	|	rapi	0.01	0.01	0	|	-93.0	79.25(-93)	0.01(-93)	|	17	
7785	42	ok	|	1.00	0.12	0.12	88.41	0.00	0	|	rapi	0.02	0.02	0	|	-93.0	88.41(-93)	0.02(-93)	|	17	
7785	43	fail-w	|	1.00	0.06	0.06	96.38	0.00	0	|	rapi	0.03	0.03	0	|	-93.0	96.38(-93)	0.03(-93)	|	17	
