7887	0	ok	|	0.10	1.00	1.00	0.10	0.00	0	|	rapi	0.00	0.00	0	|	-97.0	0.10(-97)		|	13	
7887	1	ok	|	0.10	1.00	1.00	0.11	0.00	0	|	rapi	0.00	0.00	0	|	-97.0	0.11(-97)		|	13	
7887	2	ok	|	0.12	1.00	1.00	0.15	0.00	0	|	rapi	0.00	0.00	0	|	-97.0	0.15(-97)		|	13	
7887	3	ok	|	0.12	1.00	1.00	0.16	0.00	0	|	rapi	0.00	0.00	0	|	-97.0	0.16(-97)		|	13	
7887	4	ok	|	0.11	1.00	1.00	0.14	0.00	0	|	rapi	0.00	0.00	0	|	-97.0	0.14(-97)		|	13	
7887	5	ok	|	0.12	1.00	1.00	0.16	0.00	0	|	rapi	0.00	0.00	0	|	-97.0	0.16(-97)		|	13	
7887	6	ok	|	0.17	1.00	1.00	0.22	0.00	0	|	rapi	0.00	0.00	0	|	-97.0	0.22(-97)		|	13	
7887	7	ok	|	0.18	1.00	1.00	0.26	0.00	0	|	rapi	0.00	0.00	0	|	-97.0	0.26(-97)		|	13	
7887	8	ok	|	0.22	1.00	1.00	0.34	0.00	0	|	rapi	0.00	0.00	0	|	-97.0	0.34(-97)		|	13	
7887	9	ok	|	0.25	1.00	1.00	0.37	0.00	0	|	rapi	0.00	0.00	0	|	-97.0	0.37(-97)		|	13	
7887	10	ok	|	0.27	1.00	1.00	0.42	0.00	0	|	rapi	0.00	0.00	0	|	-97.0	0.42(-97)		|	13	
7887	11	ok	|	0.29	1.00	1.00	0.46	0.00	0	|	rapi	0.00	0.00	0	|	-97.0	0.46(-97)		|	13	
7887	12	ok	|	0.33	0.99	0.99	0.53	0.00	0	|	rapi	0.00	0.00	0	|	-97.0	0.53(-97)		|	13	
7887	13	ok	|	0.37	0.99	0.99	0.61	0.00	0	|	rapi	0.00	0.00	0	|	-97.0	0.61(-97)		|	13	
7887	14	ok	|	0.43	0.99	0.99	0.75	0.00	0	|	rapi	0.00	0.00	0	|	-97.0	0.75(-97)		|	13	
7887	15	ok	|	0.51	0.99	0.99	0.94	0.00	0	|	rapi	0.00	0.00	0	|	-97.0	0.94(-97)		|	13	
7887	16	ok	|	0.56	0.99	0.99	1.15	0.00	0	|	rapi	0.00	0.00	0	|	-97.0	1.15(-97)		|	13	
7887	17	ok	|	0.65	0.99	0.99	1.29	0.00	0	|	rapi	0.00	0.00	0	|	-97.0	1.29(-97)		|	13	
7887	18	ok	|	0.69	0.98	0.98	1.58	0.00	0	|	rapi	0.00	0.00	0	|	-97.0	1.58(-97)		|	13	
7887	19	ok	|	0.76	0.98	0.98	1.80	0.00	0	|	rapi	0.00	0.00	0	|	-97.0	1.80(-97)		|	13	
7887	20	ok	|	0.82	0.98	0.98	2.11	0.00	0	|	rapi	0.00	0.00	0	|	-97.0	2.11(-97)		|	13	
7887	21	ok	|	0.87	0.97	0.97	2.56	0.00	0	|	rapi	0.00	0.00	0	|	-97.0	2.56(-97)		|	13	
7887	22	ok	|	0.92	0.97	0.97	3.07	0.00	0	|	rapi	0.00	0.00	0	|	-97.0	3.07(-97)		|	13	
7887	23	ok	|	0.94	0.96	0.96	3.56	0.00	0	|	rapi	0.00	0.00	0	|	-97.0	3.56(-97)		|	13	
7887	24	ok	|	0.97	0.96	0.96	4.31	0.00	0	|	rapi	0.00	0.00	0	|	-97.0	4.31(-97)		|	13	
7887	25	ok	|	0.97	0.95	0.95	5.13	0.00	0	|	rapi	0.00	0.00	0	|	-97.0	5.13(-97)		|	13	
7887	26	ok	|	0.99	0.94	0.94	5.83	0.00	0	|	rapi	0.00	0.00	0	|	-97.0	5.83(-97)		|	13	
7887	27	ok	|	1.00	0.93	0.93	6.91	0.00	0	|	rapi	0.00	0.00	0	|	-97.0	6.91(-97)		|	13	
7887	28	ok	|	1.00	0.92	0.92	8.23	0.00	0	|	rapi	0.00	0.00	0	|	-97.0	8.23(-97)		|	13	
7887	29	ok	|	1.00	0.90	0.90	9.61	0.00	0	|	rapi	0.00	0.00	0	|	-97.0	9.61(-97)		|	13	
7887	30	ok	|	1.00	0.89	0.89	11.22	0.00	0	|	rapi	0.00	0.00	0	|	-97.0	11.22(-97)		|	13	
7887	31	ok	|	1.00	0.87	0.87	13.21	0.00	0	|	rapi	0.00	0.00	0	|	-97.0	13.21(-97)		|	13	
7887	32	ok	|	1.00	0.84	0.84	15.69	0.00	0	|	rapi	0.00	0.00	0	|	-97.0	15.69(-97)		|	13	
7887	33	ok	|	1.00	0.81	0.81	18.79	0.00	0	|	rapi	0.00	0.00	0	|	-97.0	18.79(-97)		|	13	
7887	34	ok	|	1.00	0.78	0.78	22.26	0.00	0	|	rapi	0.00	0.00	0	|	-97.0	22.26(-97)		|	13	
7887	35	ok	|	1.00	0.73	0.73	26.52	0.00	0	|	rapi	0.00	0.00	0	|	-97.0	26.52(-97)		|	13	
7887	36	ok	|	1.00	0.69	0.69	31.21	0.00	0	|	rapi	0.00	0.00	0	|	-97.0	31.21(-97)		|	13	
7887	37	ok	|	1.00	0.63	0.63	36.55	0.00	0	|	rapi	0.00	0.00	0	|	-97.0	36.55(-97)	0.00(-97)	|	13	
7887	38	ok	|	1.00	0.57	0.57	43.04	0.00	0	|	rapi	0.00	0.00	0	|	-97.0	43.04(-97)		|	13	
7887	39	ok	|	1.00	0.49	0.49	50.61	0.00	0	|	rapi	0.00	0.00	0	|	-97.0	50.61(-97)		|	13	
7887	40	ok	|	1.00	0.41	0.41	58.84	0.00	0	|	rapi	0.00	0.00	0	|	-97.0	58.84(-97)		|	13	
7887	41	ok	|	1.00	0.32	0.32	67.69	0.00	0	|	rapi	0.00	0.00	0	|	-97.0	67.69(-97)		|	13	
7887	42	ok	|	1.00	0.23	0.23	77.53	0.00	0	|	rapi	0.00	0.00	0	|	-97.0	77.53(-97)		|	13	
7887	43	ok	|	1.00	0.13	0.13	87.74	0.00	0	|	rapi	0.00	0.00	0	|	-97.0	87.74(-97)	0.00(-97)	|	13	
7887	44	fail-w	|	1.00	0.06	0.06	96.25	0.00	0	|	rapi	0.00	0.00	0	|	-97.0	96.25(-97)	0.00(-97)	|	13	
