7927	0	ok	|	0.09	1.00	1.00	0.10	0.00	0	|	rapi	0.00	0.00	0	|	-99.0	0.10(-99)		|	572	
7927	1	ok	|	0.09	1.00	1.00	0.11	0.00	0	|	rapi	0.00	0.00	0	|	-99.0	0.11(-99)		|	572	
7927	2	ok	|	0.10	1.00	1.00	0.13	0.00	0	|	rapi	0.00	0.00	0	|	-99.0	0.13(-99)		|	572	
7927	3	ok	|	0.12	1.00	1.00	0.15	0.00	0	|	rapi	0.00	0.00	0	|	-99.0	0.15(-99)		|	572	
7927	4	ok	|	0.13	1.00	1.00	0.15	0.00	0	|	rapi	0.00	0.00	0	|	-99.0	0.15(-99)		|	572	
7927	5	ok	|	0.15	1.00	1.00	0.20	0.00	0	|	rapi	0.00	0.00	0	|	-99.0	0.20(-99)		|	572	
7927	6	ok	|	0.16	1.00	1.00	0.22	0.00	0	|	rapi	0.00	0.00	0	|	-99.0	0.22(-99)		|	572	
7927	7	ok	|	0.16	1.00	1.00	0.23	0.00	0	|	rapi	0.00	0.00	0	|	-99.0	0.23(-99)		|	572	
7927	8	ok	|	0.19	1.00	1.00	0.28	0.00	0	|	rapi	0.00	0.00	0	|	-99.0	0.28(-99)		|	572	
7927	9	ok	|	0.22	1.00	1.00	0.31	0.00	0	|	rapi	0.00	0.00	0	|	-99.0	0.31(-99)		|	572	
7927	10	ok	|	0.26	1.00	1.00	0.36	0.00	0	|	rapi	0.00	0.00	0	|	-99.0	0.36(-99)		|	572	
7927	11	ok	|	0.28	1.00	1.00	0.41	0.00	0	|	rapi	0.00	0.00	0	|	-99.0	0.41(-99)		|	572	
7927	12	ok	|	0.32	1.00	1.00	0.48	0.00	0	|	rapi	0.00	0.00	0	|	-99.0	0.48(-99)		|	572	
7927	13	ok	|	0.35	0.99	0.99	0.54	0.00	0	|	rapi	0.00	0.00	0	|	-99.0	0.54(-99)		|	572	
7927	14	ok	|	0.41	0.99	0.99	0.65	0.00	0	|	rapi	0.00	0.00	0	|	-99.0	0.65(-99)		|	572	
7927	15	ok	|	0.47	0.99	0.99	0.76	0.00	0	|	rapi	0.00	0.00	0	|	-99.0	0.76(-99)		|	572	
7927	16	ok	|	0.52	0.99	0.99	0.91	0.00	0	|	rapi	0.00	0.00	0	|	-99.0	0.91(-99)	0.00(-99)	|	572	
7927	17	ok	|	0.57	0.99	0.99	1.06	0.00	0	|	rapi	0.00	0.00	0	|	-99.0	1.06(-99)		|	572	
7927	18	ok	|	0.61	0.99	0.99	1.18	0.00	0	|	rapi	0.00	0.00	0	|	-99.0	1.18(-99)		|	572	
7927	19	ok	|	0.66	0.99	0.99	1.38	0.00	0	|	rapi	0.00	0.00	0	|	-99.0	1.38(-99)		|	572	
7927	20	ok	|	0.70	0.98	0.98	1.56	0.00	0	|	rapi	0.00	0.00	0	|	-99.0	1.56(-99)		|	572	
7927	21	ok	|	0.76	0.98	0.98	1.87	0.00	0	|	rapi	0.00	0.00	0	|	-99.0	1.87(-99)		|	572	
7927	22	ok	|	0.81	0.98	0.98	2.21	0.00	0	|	rapi	0.00	0.00	0	|	-99.0	2.21(-99)		|	572	
7927	23	ok	|	0.87	0.97	0.97	2.65	0.00	0	|	rapi	0.00	0.00	0	|	-99.0	2.65(-99)		|	572	
7927	24	ok	|	0.91	0.97	0.97	3.12	0.00	0	|	rapi	0.00	0.00	0	|	-99.0	3.12(-99)	0.00(-99)	|	572	
7927	25	ok	|	0.95	0.96	0.96	3.67	0.00	0	|	rapi	0.00	0.00	0	|	-99.0	3.67(-99)		|	572	
7927	26	ok	|	0.96	0.96	0.96	4.23	0.00	0	|	rapi	0.00	0.00	0	|	-99.0	4.23(-99)		|	572	
7927	27	ok	|	0.98	0.95	0.95	5.07	0.00	0	|	rapi	0.00	0.00	0	|	-99.0	5.07(-99)		|	572	
7927	28	ok	|	0.99	0.94	0.94	5.93	0.00	0	|	rapi	0.00	0.00	0	|	-99.0	5.93(-99)	0.00(-99)	|	572	
7927	29	ok	|	0.99	0.93	0.93	7.02	0.00	0	|	rapi	0.00	0.00	0	|	-99.0	7.02(-99)	0.00(-99)	|	572	
7927	30	ok	|	1.00	0.92	0.92	8.23	0.00	0	|	rapi	0.00	0.00	0	|	-99.0	8.23(-99)	0.00(-99)	|	572	
7927	31	ok	|	1.00	0.90	0.90	9.79	0.00	0	|	rapi	0.00	0.00	0	|	-99.0	9.79(-99)		|	572	
7927	32	ok	|	1.00	0.88	0.88	11.62	0.00	0	|	rapi	0.00	0.00	0	|	-99.0	11.62(-99)		|	572	
7927	33	ok	|	1.00	0.87	0.87	13.44	0.00	0	|	rapi	0.00	0.00	0	|	-99.0	13.44(-99)		|	572	
7927	34	ok	|	1.00	0.84	0.84	15.85	0.00	0	|	rapi	0.00	0.00	0	|	-99.0	15.85(-99)	0.00(-99)	|	572	
7927	35	ok	|	1.00	0.81	0.81	18.65	0.00	0	|	rapi	0.00	0.00	0	|	-99.0	18.65(-99)	0.00(-99)	|	572	
7927	36	ok	|	1.00	0.78	0.78	21.81	0.00	0	|	rapi	0.00	0.00	0	|	-99.0	21.81(-99)	0.00(-99)	|	572	
7927	37	ok	|	1.00	0.74	0.74	26.07	0.00	0	|	rapi	0.00	0.00	0	|	-99.0	26.07(-99)	0.00(-99)	|	572	
7927	38	ok	|	1.00	0.70	0.70	30.46	0.00	0	|	rapi	0.00	0.00	0	|	-99.0	30.46(-99)	0.00(-99)	|	572	
7927	39	ok	|	1.00	0.64	0.64	35.75	0.00	0	|	rapi	0.00	0.00	0	|	-99.0	35.75(-99)	0.00(-99)	|	572	
7927	40	ok	|	1.00	0.58	0.58	41.91	0.00	0	|	rapi	0.01	0.01	0	|	-99.0	41.91(-99)	0.01(-99)	|	572	
7927	41	ok	|	1.00	0.51	0.51	48.94	0.00	0	|	rapi	0.01	0.01	0	|	-99.0	48.94(-99)	0.01(-99)	|	572	
7927	42	ok	|	1.00	0.44	0.44	56.50	0.00	0	|	rapi	0.01	0.01	0	|	-99.0	56.50(-99)	0.01(-99)	|	572	
7927	43	ok	|	1.00	0.36	0.36	64.43	0.00	0	|	rapi	0.01	0.01	0	|	-99.0	64.43(-99)	0.01(-99)	|	572	
7927	44	ok	|	1.00	0.27	0.27	73.52	0.00	0	|	rapi	0.02	0.02	0	|	-99.0	73.52(-99)	0.02(-99)	|	572	
7927	45	ok	|	1.00	0.17	0.17	82.89	0.00	0	|	rapi	0.03	0.03	0	|	-99.0	82.89(-99)	0.03(-99)	|	572	
7927	46	ok	|	1.00	0.11	0.11	89.90	0.00	0	|	rapi	0.03	0.03	0	|	-99.0	89.90(-99)	0.03(-99)	|	572	
7927	47	fail-w	|	1.00	0.07	0.07	95.45	0.00	0	|	rapi	0.06	0.07	0	|	-99.0	95.45(-99)	0.07(-99)	|	572	
