7943	0	ok	|	0.09	1.00	1.00	0.10	0.00	0	|	rapi	0.00	0.00	0	|	-6.0	0.10(-6)		|	2	
7943	1	ok	|	0.09	1.00	1.00	0.10	0.00	0	|	rapi	0.00	0.00	0	|	-6.0	0.10(-6)		|	2	
7943	2	ok	|	0.09	1.00	1.00	0.11	0.00	0	|	rapi	0.00	0.00	0	|	-6.0	0.11(-6)		|	2	
7943	3	ok	|	0.10	1.00	1.00	0.13	0.00	0	|	rapi	0.00	0.00	0	|	-6.0	0.13(-6)		|	2	
7943	4	ok	|	0.12	1.00	1.00	0.17	0.00	0	|	rapi	0.00	0.00	0	|	-6.0	0.17(-6)		|	2	
7943	5	ok	|	0.15	1.00	1.00	0.21	0.00	0	|	rapi	0.00	0.00	0	|	-6.0	0.21(-6)		|	2	
7943	6	ok	|	0.17	1.00	1.00	0.25	0.00	0	|	rapi	0.00	0.00	0	|	-6.0	0.25(-6)		|	2	
7943	7	ok	|	0.20	1.00	1.00	0.31	0.00	0	|	rapi	0.00	0.00	0	|	-6.0	0.31(-6)		|	2	
7943	8	ok	|	0.23	1.00	1.00	0.35	0.00	0	|	rapi	0.00	0.00	0	|	-6.0	0.35(-6)		|	2	
7943	9	ok	|	0.29	1.00	1.00	0.43	0.00	0	|	rapi	0.00	0.00	0	|	-6.0	0.43(-6)		|	2	
7943	10	ok	|	0.32	1.00	1.00	0.50	0.00	0	|	rapi	0.00	0.00	0	|	-6.0	0.50(-6)		|	2	
7943	11	ok	|	0.36	0.99	0.99	0.58	0.00	0	|	rapi	0.00	0.00	0	|	-6.0	0.58(-6)		|	2	
7943	12	ok	|	0.44	0.99	0.99	0.72	0.00	0	|	rapi	0.00	0.00	0	|	-6.0	0.72(-6)		|	2	
7943	13	ok	|	0.50	0.99	0.99	0.92	0.00	0	|	rapi	0.00	0.00	0	|	-6.0	0.92(-6)		|	2	
7943	14	ok	|	0.57	0.99	0.99	1.13	0.00	0	|	rapi	0.00	0.00	0	|	-6.0	1.13(-6)		|	2	
7943	15	ok	|	0.63	0.99	0.99	1.38	0.00	0	|	rapi	0.00	0.00	0	|	-6.0	1.38(-6)		|	2	
7943	16	ok	|	0.68	0.98	0.98	1.58	0.00	0	|	rapi	0.00	0.00	0	|	-6.0	1.58(-6)		|	2	
7943	17	ok	|	0.72	0.98	0.98	1.73	0.00	0	|	rapi	0.00	0.00	0	|	-6.0	1.73(-6)		|	2	
7943	18	ok	|	0.77	0.98	0.98	1.98	0.00	0	|	rapi	0.00	0.00	0	|	-6.0	1.98(-6)		|	2	
7943	19	ok	|	0.82	0.98	0.98	2.29	0.00	0	|	rapi	0.00	0.00	0	|	-6.0	2.29(-6)	0.00(-6)	|	2	
7943	20	ok	|	0.87	0.97	0.97	2.68	0.00	0	|	rapi	0.00	0.00	0	|	-6.0	2.68(-6)	0.00(-6)	|	2	
7943	21	ok	|	0.91	0.97	0.97	3.16	0.00	0	|	rapi	0.00	0.00	0	|	-6.0	3.16(-6)	0.00(-6)	|	2	
7943	22	ok	|	0.94	0.96	0.96	3.73	0.00	0	|	rapi	0.00	0.00	0	|	-6.0	3.73(-6)	0.00(-6)	|	2	
7943	23	ok	|	0.96	0.96	0.96	4.42	0.00	0	|	rapi	0.00	0.00	0	|	-6.0	4.42(-6)	0.00(-6)	|	2	
7943	24	ok	|	0.99	0.95	0.95	5.43	0.00	0	|	rapi	0.00	0.00	0	|	-6.0	5.43(-6)		|	2	
7943	25	ok	|	0.99	0.94	0.94	6.49	0.00	0	|	rapi	0.00	0.00	0	|	-6.0	6.49(-6)	0.00(-6)	|	2	
7943	26	ok	|	1.00	0.92	0.92	7.57	0.00	0	|	rapi	0.00	0.00	0	|	-6.0	7.57(-6)	0.00(-6)	|	2	
7943	27	ok	|	1.00	0.91	0.91	8.82	0.00	0	|	rapi	0.00	0.00	0	|	-6.0	8.82(-6)		|	2	
7943	28	ok	|	1.00	0.90	0.90	10.24	0.00	0	|	rapi	0.00	0.00	0	|	-6.0	10.24(-6)		|	2	
7943	29	ok	|	1.00	0.88	0.88	12.12	0.00	0	|	rapi	0.00	0.00	0	|	-6.0	12.12(-6)		|	2	
7943	30	ok	|	1.00	0.86	0.86	14.38	0.00	0	|	rapi	0.00	0.00	0	|	-6.0	14.38(-6)	0.00(-6)	|	2	
7943	31	ok	|	1.00	0.83	0.83	17.17	0.00	0	|	rapi	0.00	0.00	0	|	-6.0	17.17(-6)	0.00(-6)	|	2	
7943	32	ok	|	1.00	0.80	0.80	20.41	0.00	0	|	rapi	0.00	0.00	0	|	-6.0	20.41(-6)	0.00(-6)	|	2	
7943	33	ok	|	1.00	0.76	0.76	24.20	0.00	0	|	rapi	0.01	0.01	0	|	-6.0	24.20(-6)	0.01(-6)	|	2	
7943	34	ok	|	1.00	0.72	0.72	28.19	0.00	0	|	rapi	0.01	0.01	0	|	-6.0	28.19(-6)	0.01(-6)	|	2	
7943	35	ok	|	1.00	0.67	0.67	33.06	0.00	0	|	rapi	0.01	0.01	0	|	-6.0	33.06(-6)	0.01(-6)	|	2	
7943	36	ok	|	1.00	0.61	0.61	38.54	0.00	0	|	rapi	0.01	0.01	0	|	-6.0	38.54(-6)	0.01(-6)	|	2	
7943	37	ok	|	1.00	0.55	0.55	45.26	0.00	0	|	rapi	0.01	0.01	0	|	-6.0	45.26(-6)	0.01(-6)	|	2	
7943	38	ok	|	1.00	0.48	0.48	52.40	0.00	0	|	rapi	0.01	0.01	0	|	-6.0	52.40(-6)	0.01(-6)	|	2	
7943	39	ok	|	1.00	0.39	0.39	60.53	0.00	0	|	rapi	0.01	0.01	0	|	-6.0	60.53(-6)	0.01(-6)	|	2	
7943	40	ok	|	1.00	0.30	0.30	69.84	0.00	0	|	rapi	0.01	0.01	0	|	-6.0	69.84(-6)	0.01(-6)	|	2	
7943	41	ok	|	1.00	0.22	0.22	78.64	0.00	0	|	rapi	0.02	0.02	0	|	-6.0	78.64(-6)	0.02(-6)	|	2	
7943	42	ok	|	1.00	0.13	0.13	88.01	0.00	0	|	rapi	0.04	0.05	0	|	-6.0	88.01(-6)	0.05(-6)	|	2	
7943	43	fail-w	|	1.00	0.08	0.08	93.98	0.00	0	|	rapi	0.11	0.11	0	|	-6.0	93.98(-6)	0.11(-6)	|	2	
