7964	0	ok	|	0.10	1.00	1.00	0.10	0.00	0	|	rapi	0.00	0.00	0	|	-82.0	0.10(-82)		|	7	
7964	1	ok	|	0.12	1.00	1.00	0.13	0.00	0	|	rapi	0.00	0.00	0	|	-82.0	0.13(-82)		|	7	
7964	2	ok	|	0.13	1.00	1.00	0.16	0.00	0	|	rapi	0.00	0.00	0	|	-82.0	0.16(-82)		|	7	
7964	3	ok	|	0.15	1.00	1.00	0.19	0.00	0	|	rapi	0.00	0.00	0	|	-82.0	0.19(-82)		|	7	
7964	4	ok	|	0.17	1.00	1.00	0.23	0.00	0	|	rapi	0.00	0.00	0	|	-82.0	0.23(-82)		|	7	
7964	5	ok	|	0.18	1.00	1.00	0.24	0.00	0	|	rapi	0.00	0.00	0	|	-82.0	0.24(-82)		|	7	
7964	6	ok	|	0.20	1.00	1.00	0.27	0.00	0	|	rapi	0.00	0.00	0	|	-82.0	0.27(-82)		|	7	
7964	7	ok	|	0.21	1.00	1.00	0.28	0.00	0	|	rapi	0.00	0.00	0	|	-82.0	0.28(-82)		|	7	
7964	8	ok	|	0.24	1.00	1.00	0.35	0.00	0	|	rapi	0.00	0.00	0	|	-82.0	0.35(-82)		|	7	
7964	9	ok	|	0.27	1.00	1.00	0.39	0.00	0	|	rapi	0.00	0.00	0	|	-82.0	0.39(-82)		|	7	
7964	10	ok	|	0.31	1.00	1.00	0.47	0.00	0	|	rapi	0.00	0.00	0	|	-82.0	0.47(-82)		|	7	
7964	11	ok	|	0.37	0.99	0.99	0.57	0.00	0	|	rapi	0.00	0.00	0	|	-82.0	0.57(-82)		|	7	
7964	12	ok	|	0.43	0.99	0.99	0.72	0.00	0	|	rapi	0.00	0.00	0	|	-82.0	0.72(-82)		|	7	
7964	13	ok	|	0.48	0.99	0.99	0.83	0.00	0	|	rapi	0.00	0.00	0	|	-82.0	0.83(-82)		|	7	
7964	14	ok	|	0.51	0.99	0.99	0.96	0.00	0	|	rapi	0.00	0.00	0	|	-82.0	0.96(-82)		|	7	
7964	15	ok	|	0.58	0.99	0.99	1.14	0.00	0	|	rapi	0.00	0.00	0	|	-82.0	1.14(-82)		|	7	
7964	16	ok	|	0.63	0.99	0.99	1.31	0.00	0	|	rapi	0.00	0.00	0	|	-82.0	1.31(-82)		|	7	
7964	17	ok	|	0.72	0.98	0.98	1.58	0.00	0	|	rapi	0.00	0.00	0	|	-82.0	1.58(-82)		|	7	
7964	18	ok	|	0.77	0.98	0.98	1.83	0.00	0	|	rapi	0.00	0.00	0	|	-82.0	1.83(-82)		|	7	
7964	19	ok	|	0.81	0.98	0.98	2.18	0.00	0	|	rapi	0.00	0.00	0	|	-82.0	2.18(-82)		|	7	
7964	20	ok	|	0.87	0.97	0.97	2.71	0.00	0	|	rapi	0.00	0.00	0	|	-82.0	2.71(-82)		|	7	
7964	21	ok	|	0.93	0.97	0.97	3.23	0.00	0	|	rapi	0.00	0.00	0	|	-82.0	3.23(-82)	0.00(-82)	|	7	
7964	22	ok	|	0.95	0.96	0.96	3.82	0.00	0	|	rapi	0.00	0.00	0	|	-82.0	3.82(-82)	0.00(-82)	|	7	
7964	23	ok	|	0.97	0.95	0.95	4.62	0.00	0	|	rapi	0.00	0.00	0	|	-82.0	4.62(-82)	0.00(-82)	|	7	
7964	24	ok	|	0.99	0.94	0.94	5.53	0.00	0	|	rapi	0.00	0.00	0	|	-82.0	5.53(-82)	0.00(-82)	|	7	
7964	25	ok	|	1.00	0.93	0.93	6.61	0.00	0	|	rapi	0.00	0.00	0	|	-82.0	6.61(-82)	0.00(-82)	|	7	
7964	26	ok	|	1.00	0.92	0.92	7.90	0.00	0	|	rapi	0.00	0.00	0	|	-82.0	7.90(-82)		|	7	
7964	27	ok	|	1.00	0.91	0.91	9.34	0.00	0	|	rapi	0.00	0.00	0	|	-82.0	9.34(-82)		|	7	
7964	28	ok	|	1.00	0.89	0.89	11.06	0.00	0	|	rapi	0.00	0.00	0	|	-82.0	11.06(-82)		|	7	
7964	29	ok	|	1.00	0.87	0.87	13.16	0.00	0	|	rapi	0.00	0.00	0	|	-82.0	13.16(-82)		|	7	
7964	30	ok	|	1.00	0.85	0.85	15.48	0.00	0	|	rapi	0.00	0.00	0	|	-82.0	15.48(-82)		|	7	
7964	31	ok	|	1.00	0.82	0.82	18.13	0.00	0	|	rapi	0.00	0.00	0	|	-82.0	18.13(-82)		|	7	
7964	32	ok	|	1.00	0.79	0.79	21.41	0.00	0	|	rapi	0.00	0.00	0	|	-82.0	21.41(-82)		|	7	
7964	33	ok	|	1.00	0.75	0.75	25.06	0.00	0	|	rapi	0.00	0.00	0	|	-82.0	25.06(-82)		|	7	
7964	34	ok	|	1.00	0.70	0.70	29.88	0.00	0	|	rapi	0.00	0.00	0	|	-82.0	29.88(-82)		|	7	
7964	35	ok	|	1.00	0.65	0.65	35.36	0.00	0	|	rapi	0.00	0.00	0	|	-82.0	35.36(-82)		|	7	
7964	36	ok	|	1.00	0.59	0.59	41.47	0.00	0	|	rapi	0.00	0.00	0	|	-82.0	41.47(-82)		|	7	
7964	37	ok	|	1.00	0.52	0.52	48.32	0.00	0	|	rapi	0.00	0.00	0	|	-82.0	48.32(-82)	0.00(-82)	|	7	
7964	38	ok	|	1.00	0.44	0.44	56.05	0.00	0	|	rapi	0.00	0.00	0	|	-82.0	56.05(-82)		|	7	
7964	39	ok	|	1.00	0.36	0.36	64.49	0.00	0	|	rapi	0.00	0.00	0	|	-82.0	64.49(-82)		|	7	
7964	40	ok	|	1.00	0.26	0.26	73.79	0.00	0	|	rapi	0.00	0.00	0	|	-82.0	73.79(-82)	0.00(-82)	|	7	
7964	41	ok	|	1.00	0.16	0.16	84.04	0.00	0	|	rapi	0.00	0.00	0	|	-82.0	84.04(-82)	0.00(-82)	|	7	
7964	42	fail-w	|	1.00	0.08	0.08	93.50	0.00	0	|	rapi	0.00	0.00	0	|	-82.0	93.50(-82)	0.00(-82)	|	7	
