7978	0	ok	|	0.10	1.00	1.00	0.10	0.00	0	|	rapi	0.10	0.10	0	|	100.0	0.10(100)	0.10(100)	|	1	
7978	1	ok	|	0.10	1.00	1.00	0.10	0.00	0	|	rapi	0.10	0.10	0	|	100.0	0.10(100)	0.10(100)	|	1	
7978	2	ok	|	0.10	1.00	1.00	0.10	0.00	0	|	rapi	0.10	0.10	0	|	100.0	0.10(100)	0.10(100)	|	1	
7978	3	ok	|	0.11	1.00	1.00	0.12	0.00	0	|	rapi	0.11	0.12	0	|	100.0	0.12(100)	0.12(100)	|	1	
7978	4	ok	|	0.12	1.00	1.00	0.13	0.00	0	|	rapi	0.12	0.13	0	|	100.0	0.13(100)	0.13(100)	|	1	
7978	5	ok	|	0.10	1.00	1.00	0.10	0.00	0	|	rapi	0.10	0.10	0	|	100.0	0.10(100)	0.10(100)	|	1	
7978	6	ok	|	0.09	1.00	1.00	0.09	0.00	0	|	rapi	0.09	0.09	0	|	100.0	0.09(100)	0.09(100)	|	1	
7978	7	ok	|	0.10	1.00	1.00	0.11	0.00	0	|	rapi	0.10	0.11	0	|	100.0	0.11(100)	0.11(100)	|	1	
7978	8	ok	|	0.10	1.00	1.00	0.10	0.00	0	|	rapi	0.10	0.10	0	|	100.0	0.10(100)	0.10(100)	|	1	
7978	9	ok	|	0.09	1.00	1.00	0.09	0.00	0	|	rapi	0.09	0.09	0	|	100.0	0.09(100)	0.09(100)	|	1	
7978	10	ok	|	0.09	1.00	1.00	0.10	0.00	0	|	rapi	0.09	0.10	0	|	100.0	0.10(100)	0.10(100)	|	1	
7978	11	ok	|	0.11	1.00	1.00	0.12	0.00	0	|	rapi	0.11	0.12	0	|	100.0	0.12(100)	0.12(100)	|	1	
7978	12	ok	|	0.11	1.00	1.00	0.11	0.00	0	|	rapi	0.11	0.11	0	|	100.0	0.11(100)	0.11(100)	|	1	
7978	13	ok	|	0.12	1.00	1.00	0.12	0.00	0	|	rapi	0.12	0.12	0	|	100.0	0.12(100)	0.12(100)	|	1	
7978	14	ok	|	0.12	1.00	1.00	0.13	0.00	0	|	rapi	0.12	0.13	0	|	100.0	0.13(100)	0.13(100)	|	1	
7978	15	ok	|	0.11	1.00	1.00	0.11	0.00	0	|	rapi	0.11	0.11	0	|	100.0	0.11(100)	0.11(100)	|	1	
7978	16	ok	|	0.12	1.00	1.00	0.12	0.01	0	|	rapi	0.12	0.12	0	|	100.0	0.12(100)	0.12(100)	|	1	
7978	17	ok	|	0.12	1.00	1.00	0.12	0.01	0	|	rapi	0.12	0.12	0	|	100.0	0.12(100)	0.12(100)	|	1	
7978	18	ok	|	0.11	1.00	1.00	0.12	0.01	0	|	rapi	0.11	0.12	0	|	100.0	0.12(100)	0.12(100)	|	1	
7978	19	ok	|	0.11	1.00	1.00	0.11	0.01	0	|	rapi	0.11	0.11	0	|	100.0	0.11(100)	0.11(100)	|	1	
7978	20	ok	|	0.12	1.00	1.00	0.13	0.01	0	|	rapi	0.12	0.13	0	|	100.0	0.13(100)	0.13(100)	|	1	
7978	21	ok	|	0.11	1.00	1.00	0.12	0.01	0	|	rapi	0.11	0.12	0	|	100.0	0.12(100)	0.12(100)	|	1	
7978	22	ok	|	0.10	1.00	1.00	0.10	0.01	0	|	rapi	0.10	0.10	0	|	100.0	0.10(100)	0.10(100)	|	1	
7978	23	ok	|	0.10	1.00	1.00	0.10	0.01	0	|	rapi	0.10	0.10	0	|	100.0	0.10(100)	0.10(100)	|	1	
7978	24	ok	|	0.11	1.00	1.00	0.11	0.01	0	|	rapi	0.11	0.11	0	|	100.0	0.11(100)	0.11(100)	|	1	
7978	25	ok	|	0.12	1.00	1.00	0.12	0.01	0	|	rapi	0.12	0.12	0	|	100.0	0.12(100)	0.12(100)	|	1	
7978	26	ok	|	0.10	1.00	1.00	0.10	0.01	0	|	rapi	0.10	0.10	0	|	100.0	0.10(100)	0.10(100)	|	1	
7978	27	ok	|	0.11	1.00	1.00	0.11	0.01	0	|	rapi	0.11	0.11	0	|	100.0	0.11(100)	0.11(100)	|	1	
7978	28	ok	|	0.12	1.00	1.00	0.12	0.01	0	|	rapi	0.12	0.12	0	|	100.0	0.12(100)	0.12(100)	|	1	
7978	29	ok	|	0.12	1.00	1.00	0.12	0.01	0	|	rapi	0.12	0.12	0	|	100.0	0.12(100)	0.12(100)	|	1	
7978	30	ok	|	0.12	1.00	1.00	0.14	0.01	0	|	rapi	0.12	0.14	0	|	100.0	0.14(100)	0.14(100)	|	1	
7978	31	ok	|	0.13	1.00	1.00	0.14	0.01	0	|	rapi	0.13	0.14	0	|	100.0	0.14(100)	0.14(100)	|	1	
7978	32	ok	|	0.12	1.00	1.00	0.13	0.01	0	|	rapi	0.12	0.13	0	|	100.0	0.13(100)	0.13(100)	|	1	
7978	33	ok	|	0.11	1.00	1.00	0.11	0.01	0	|	rapi	0.11	0.11	0	|	100.0	0.11(100)	0.11(100)	|	1	
7978	34	ok	|	0.10	1.00	1.00	0.10	0.01	0	|	rapi	0.10	0.10	0	|	100.0	0.10(100)	0.10(100)	|	1	
7978	35	ok	|	0.08	1.00	1.00	0.09	0.01	0	|	rapi	0.08	0.09	0	|	100.0	0.09(100)	0.09(100)	|	1	
7978	36	ok	|	0.08	1.00	1.00	0.09	0.01	0	|	rapi	0.08	0.09	0	|	100.0	0.09(100)	0.09(100)	|	1	
7978	37	ok	|	0.07	1.00	1.00	0.07	0.01	0	|	rapi	0.07	0.07	0	|	100.0	0.07(100)	0.07(100)	|	1	
7978	38	ok	|	0.06	1.00	1.00	0.06	0.01	0	|	rapi	0.06	0.06	0	|	100.0	0.06(100)	0.06(100)	|	1	
7978	39	ok	|	0.05	1.00	1.00	0.06	0.01	0	|	rapi	0.05	0.06	0	|	100.0	0.06(100)	0.06(100)	|	1	
7978	40	ok	|	0.05	1.00	1.00	0.05	0.01	0	|	rapi	0.05	0.05	0	|	100.0	0.05(100)	0.05(100)	|	1	
7978	41	ok	|	0.06	1.00	1.00	0.06	0.01	0	|	rapi	0.06	0.06	0	|	100.0	0.06(100)	0.06(100)	|	1	
7978	42	ok	|	0.06	1.00	1.00	0.06	0.01	0	|	rapi	0.06	0.06	0	|	100.0	0.06(100)	0.06(100)	|	1	
7978	43	ok	|	0.06	1.00	1.00	0.06	0.01	0	|	rapi	0.06	0.06	0	|	100.0	0.06(100)	0.06(100)	|	1	
7978	44	ok	|	0.07	1.00	1.00	0.07	0.01	0	|	rapi	0.07	0.07	0	|	100.0	0.07(100)	0.07(100)	|	1	
7978	45	ok	|	0.08	1.00	1.00	0.08	0.01	0	|	rapi	0.08	0.08	0	|	100.0	0.08(100)	0.08(100)	|	1	
7978	46	ok	|	0.09	1.00	1.00	0.09	0.02	0	|	rapi	0.09	0.09	0	|	100.0	0.09(100)	0.09(100)	|	1	
7978	47	ok	|	0.09	1.00	1.00	0.10	0.02	0	|	rapi	0.09	0.10	0	|	100.0	0.10(100)	0.10(100)	|	1	
7978	48	ok	|	0.10	1.00	1.00	0.10	0.02	0	|	rapi	0.10	0.10	0	|	100.0	0.10(100)	0.10(100)	|	1	
7978	49	ok	|	0.09	1.00	1.00	0.10	0.02	0	|	rapi	0.09	0.10	0	|	100.0	0.10(100)	0.10(100)	|	1	
7978	50	ok	|	0.08	1.00	1.00	0.09	0.02	0	|	rapi	0.08	0.09	0	|	100.0	0.09(100)	0.09(100)	|	1	
7978	51	ok	|	0.09	1.00	1.00	0.10	0.02	0	|	rapi	0.09	0.10	0	|	100.0	0.10(100)	0.10(100)	|	1	
7978	52	ok	|	0.09	1.00	1.00	0.09	0.02	0	|	rapi	0.09	0.09	0	|	100.0	0.09(100)	0.09(100)	|	1	
7978	53	ok	|	0.09	1.00	1.00	0.09	0.02	0	|	rapi	0.09	0.09	0	|	100.0	0.09(100)	0.09(100)	|	1	
7978	54	ok	|	0.09	1.00	1.00	0.09	0.02	0	|	rapi	0.09	0.09	0	|	100.0	0.09(100)	0.09(100)	|	1	
7978	55	ok	|	0.09	1.00	1.00	0.10	0.02	0	|	rapi	0.09	0.10	0	|	100.0	0.10(100)	0.10(100)	|	1	
7978	56	ok	|	0.09	1.00	1.00	0.09	0.02	0	|	rapi	0.09	0.09	0	|	100.0	0.09(100)	0.09(100)	|	1	
7978	57	ok	|	0.09	1.00	1.00	0.09	0.02	0	|	rapi	0.09	0.09	0	|	100.0	0.09(100)	0.09(100)	|	1	
7978	58	ok	|	0.10	1.00	1.00	0.10	0.03	0	|	rapi	0.10	0.10	0	|	100.0	0.10(100)	0.10(100)	|	1	
7978	59	ok	|	0.08	1.00	1.00	0.08	0.02	0	|	rapi	0.08	0.08	0	|	100.0	0.08(100)	0.08(100)	|	1	
7978	60	ok	|	0.07	1.00	1.00	0.07	0.02	0	|	rapi	0.07	0.07	0	|	100.0	0.07(100)	0.07(100)	|	1	
7978	61	ok	|	0.05	1.00	1.00	0.05	0.01	0	|	rapi	0.05	0.05	0	|	100.0	0.05(100)	0.05(100)	|	1	
7978	62	ok	|	0.05	1.00	1.00	0.05	0.01	0	|	rapi	0.05	0.05	0	|	100.0	0.05(100)	0.05(100)	|	1	
7978	63	ok	|	0.05	1.00	1.00	0.05	0.01	0	|	rapi	0.05	0.05	0	|	100.0	0.05(100)	0.05(100)	|	1	
7978	64	ok	|	0.04	1.00	1.00	0.04	0.01	0	|	rapi	0.04	0.04	0	|	100.0	0.04(100)	0.04(100)	|	1	
7978	65	ok	|	0.04	1.00	1.00	0.04	0.01	0	|	rapi	0.04	0.04	0	|	100.0	0.04(100)	0.04(100)	|	1	
7978	66	ok	|	0.03	1.00	1.00	0.03	0.01	0	|	rapi	0.03	0.03	0	|	100.0	0.03(100)	0.03(100)	|	1	
7978	67	ok	|	0.03	1.00	1.00	0.03	0.01	0	|	rapi	0.03	0.03	0	|	100.0	0.03(100)	0.03(100)	|	1	
7978	68	ok	|	0.03	1.00	1.00	0.03	0.01	0	|	rapi	0.03	0.03	0	|	100.0	0.03(100)	0.03(100)	|	1	
7978	69	ok	|	0.03	1.00	1.00	0.03	0.01	0	|	rapi	0.03	0.03	0	|	100.0	0.03(100)	0.03(100)	|	1	
7978	70	ok	|	0.03	1.00	1.00	0.04	0.02	0	|	rapi	0.03	0.04	0	|	100.0	0.04(100)	0.04(100)	|	1	
7978	71	ok	|	0.04	1.00	1.00	0.04	0.02	0	|	rapi	0.04	0.04	0	|	100.0	0.04(100)	0.04(100)	|	1	
7978	72	ok	|	0.04	1.00	1.00	0.04	0.02	0	|	rapi	0.04	0.04	0	|	100.0	0.04(100)	0.04(100)	|	1	
7978	73	ok	|	0.04	1.00	1.00	0.04	0.02	0	|	rapi	0.04	0.04	0	|	100.0	0.04(100)	0.04(100)	|	1	
7978	74	ok	|	0.05	1.00	1.00	0.05	0.02	0	|	rapi	0.05	0.05	0	|	100.0	0.05(100)	0.05(100)	|	1	
7978	75	ok	|	0.05	1.00	1.00	0.05	0.02	0	|	rapi	0.05	0.05	0	|	100.0	0.05(100)	0.05(100)	|	1	
7978	76	ok	|	0.04	1.00	1.00	0.04	0.02	0	|	rapi	0.04	0.04	0	|	100.0	0.04(100)	0.04(100)	|	1	
7978	77	ok	|	0.04	1.00	1.00	0.04	0.02	0	|	rapi	0.04	0.04	0	|	100.0	0.04(100)	0.04(100)	|	1	
7978	78	ok	|	0.05	1.00	1.00	0.05	0.03	0	|	rapi	0.05	0.05	0	|	100.0	0.05(100)	0.05(100)	|	1	
7978	79	ok	|	0.04	1.00	1.00	0.05	0.02	0	|	rapi	0.04	0.05	0	|	100.0	0.05(100)	0.05(100)	|	1	
7978	80	ok	|	0.05	1.00	1.00	0.05	0.03	0	|	rapi	0.05	0.05	0	|	100.0	0.05(100)	0.05(100)	|	1	
7978	81	ok	|	0.04	1.00	1.00	0.04	0.02	0	|	rapi	0.04	0.04	0	|	100.0	0.04(100)	0.04(100)	|	1	
7978	82	ok	|	0.04	1.00	1.00	0.04	0.02	0	|	rapi	0.04	0.04	0	|	100.0	0.04(100)	0.04(100)	|	1	
7978	83	ok	|	0.04	1.00	1.00	0.04	0.02	0	|	rapi	0.04	0.04	0	|	100.0	0.04(100)	0.04(100)	|	1	
7978	84	ok	|	0.04	1.00	1.00	0.04	0.02	0	|	rapi	0.04	0.04	0	|	100.0	0.04(100)	0.04(100)	|	1	
7978	85	ok	|	0.03	1.00	1.00	0.03	0.02	0	|	rapi	0.03	0.03	0	|	100.0	0.03(100)	0.03(100)	|	1	
7978	86	ok	|	0.03	1.00	1.00	0.03	0.01	0	|	rapi	0.03	0.03	0	|	100.0	0.03(100)	0.03(100)	|	1	
7978	87	ok	|	0.02	1.00	1.00	0.02	0.01	0	|	rapi	0.02	0.02	0	|	100.0	0.02(100)	0.02(100)	|	1	
7978	88	ok	|	0.02	1.00	1.00	0.02	0.01	0	|	rapi	0.02	0.02	0	|	100.0	0.02(100)	0.02(100)	|	1	
7978	89	ok	|	0.03	1.00	1.00	0.03	0.01	0	|	rapi	0.03	0.03	0	|	100.0	0.03(100)	0.03(100)	|	1	
7978	90	ok	|	0.02	1.00	1.00	0.02	0.01	0	|	rapi	0.02	0.02	0	|	100.0	0.02(100)	0.02(100)	|	1	
7978	91	ok	|	0.02	1.00	1.00	0.02	0.01	0	|	rapi	0.02	0.02	0	|	100.0	0.02(100)	0.02(100)	|	1	
7978	92	ok	|	0.03	1.00	1.00	0.03	0.01	0	|	rapi	0.03	0.03	0	|	100.0	0.03(100)	0.03(100)	|	1	
7978	93	ok	|	0.03	1.00	1.00	0.03	0.01	0	|	rapi	0.03	0.03	0	|	100.0	0.03(100)	0.03(100)	|	1	
7978	94	ok	|	0.03	1.00	1.00	0.03	0.01	0	|	rapi	0.03	0.03	0	|	100.0	0.03(100)	0.03(100)	|	1	
7978	95	ok	|	0.03	1.00	1.00	0.03	0.02	0	|	rapi	0.03	0.03	0	|	100.0	0.03(100)	0.03(100)	|	1	
7978	96	ok	|	0.03	1.00	1.00	0.03	0.01	0	|	rapi	0.03	0.03	0	|	100.0	0.03(100)	0.03(100)	|	1	
7978	97	ok	|	0.02	1.00	1.00	0.02	0.01	0	|	rapi	0.02	0.02	0	|	100.0	0.02(100)	0.02(100)	|	1	
7978	98	ok	|	0.01	1.00	1.00	0.01	0.01	0	|	rapi	0.01	0.01	0	|	100.0	0.01(100)	0.01(100)	|	1	
7978	99	ok	|	0.01	1.00	1.00	0.01	0.01	0	|	rapi	0.01	0.01	0	|	100.0	0.01(100)	0.01(100)	|	1	
7978	100	ok	|	0.01	1.00	1.00	0.01	0.01	0	|	rapi	0.01	0.01	0	|	100.0	0.01(100)	0.01(100)	|	1	
7978	101	ok	|	0.01	1.00	1.00	0.01	0.00	0	|	rapi	0.01	0.01	0	|	100.0	0.01(100)	0.01(100)	|	1	
7978	102	ok	|	0.01	1.00	1.00	0.01	0.00	0	|	rapi	0.01	0.01	0	|	100.0	0.01(100)	0.01(100)	|	1	
7978	103	ok	|	0.01	1.00	1.00	0.01	0.00	0	|	rapi	0.01	0.01	0	|	100.0	0.01(100)	0.01(100)	|	1	
7978	104	ok	|	0.01	1.00	1.00	0.01	0.00	0	|	rapi	0.01	0.01	0	|	100.0	0.01(100)	0.01(100)	|	1	
7978	105	ok	|	0.01	1.00	1.00	0.01	0.01	0	|	rapi	0.01	0.01	0	|	100.0	0.01(100)	0.01(100)	|	1	
7978	106	ok	|	0.01	1.00	1.00	0.01	0.01	0	|	rapi	0.01	0.01	0	|	100.0	0.01(100)	0.01(100)	|	1	
7978	107	ok	|	0.01	1.00	1.00	0.01	0.01	0	|	rapi	0.01	0.01	0	|	100.0	0.01(100)	0.01(100)	|	1	
7978	108	ok	|	0.01	1.00	1.00	0.01	0.01	0	|	rapi	0.01	0.01	0	|	100.0	0.01(100)	0.01(100)	|	1	
7978	109	ok	|	0.01	1.00	1.00	0.01	0.00	0	|	rapi	0.01	0.01	0	|	100.0	0.01(100)	0.01(100)	|	1	
7978	110	ok	|	0.01	1.00	1.00	0.01	0.01	0	|	rapi	0.01	0.01	0	|	100.0	0.01(100)	0.01(100)	|	1	
7978	111	ok	|	0.01	1.00	1.00	0.01	0.00	0	|	rapi	0.01	0.01	0	|	100.0	0.01(100)	0.01(100)	|	1	
7978	112	ok	|	0.01	1.00	1.00	0.01	0.00	0	|	rapi	0.01	0.01	0	|	100.0	0.01(100)	0.01(100)	|	1	
7978	113	ok	|	0.01	1.00	1.00	0.01	0.00	0	|	rapi	0.01	0.01	0	|	100.0	0.01(100)	0.01(100)	|	1	
7978	114	ok	|	0.00	1.00	1.00	0.00	0.00	0	|	rapi	0.00	0.00	0	|	100.0	0.00(100)	0.00(100)	|	1	
7978	115	ok	|	0.00	1.00	1.00	0.00	0.00	0	|	rapi	0.00	0.00	0	|	100.0	0.00(100)	0.00(100)	|	1	
7978	116	ok	|	0.00	1.00	1.00	0.00	0.00	0	|	rapi	0.00	0.00	0	|	100.0	0.00(100)	0.00(100)	|	1	
7978	117	ok	|	0.00	1.00	1.00	0.00	0.00	0	|	rapi	0.00	0.00	0	|	100.0	0.00(100)	0.00(100)	|	1	
7978	118	ok	|	0.00	1.00	1.00	0.00	0.00	0	|	rapi	0.00	0.00	0	|	100.0	0.00(100)	0.00(100)	|	1	
7978	119	ok	|	0.00	1.00	1.00	0.00	0.00	0	|	rapi	0.00	0.00	0	|	100.0	0.00(100)	0.00(100)	|	1	
7978	120	ok	|	0.00	1.00	1.00	0.00	0.00	0	|	rapi	0.00	0.00	0	|	100.0	0.00(100)	0.00(100)	|	1	
7978	121	ok	|	0.00	1.00	1.00	0.00	0.00	0	|	rapi	0.00	0.00	0	|	100.0	0.00(100)	0.00(100)	|	1	
7978	122	ok	|	0.01	1.00	1.00	0.01	0.00	0	|	rapi	0.01	0.01	0	|	100.0	0.01(100)	0.01(100)	|	1	
7978	123	ok	|	0.01	1.00	1.00	0.01	0.00	0	|	rapi	0.01	0.01	0	|	100.0	0.01(100)	0.01(100)	|	1	
7978	124	ok	|	0.01	1.00	1.00	0.01	0.00	0	|	rapi	0.01	0.01	0	|	100.0	0.01(100)	0.01(100)	|	1	
7978	125	ok	|	0.01	1.00	1.00	0.01	0.00	0	|	rapi	0.01	0.01	0	|	100.0	0.01(100)	0.01(100)	|	1	
7978	126	ok	|	0.00	1.00	1.00	0.00	0.00	0	|	rapi	0.00	0.00	0	|	100.0	0.00(100)	0.00(100)	|	1	
7978	127	ok	|	0.00	1.00	1.00	0.00	0.00	0	|	rapi	0.00	0.00	0	|	100.0	0.00(100)	0.00(100)	|	1	
7978	128	fail-0	|	0.00	1.00	1.00	0.00	NaN	0	|	rapi	0.00	0.00	0	|	NaN			|	1	
