8066	0	ok	|	0.09	1.00	1.00	0.10	0.00	0	|	rapi	0.00	0.00	0	|	-43.0	0.10(-43)		|	1	
8066	1	ok	|	0.11	1.00	1.00	0.13	0.00	0	|	rapi	0.00	0.00	0	|	-43.0	0.13(-43)		|	1	
8066	2	ok	|	0.13	1.00	1.00	0.17	0.00	0	|	rapi	0.00	0.00	0	|	-43.0	0.17(-43)		|	1	
8066	3	ok	|	0.13	1.00	1.00	0.18	0.00	0	|	rapi	0.00	0.00	0	|	-43.0	0.18(-43)		|	1	
8066	4	ok	|	0.17	1.00	1.00	0.24	0.00	0	|	rapi	0.00	0.00	0	|	-43.0	0.24(-43)		|	1	
8066	5	ok	|	0.21	1.00	1.00	0.29	0.00	0	|	rapi	0.00	0.00	0	|	-43.0	0.29(-43)		|	1	
8066	6	ok	|	0.23	1.00	1.00	0.32	0.00	0	|	rapi	0.00	0.00	0	|	-43.0	0.32(-43)		|	1	
8066	7	ok	|	0.25	1.00	1.00	0.35	0.00	0	|	rapi	0.00	0.00	0	|	-43.0	0.35(-43)		|	1	
8066	8	ok	|	0.27	1.00	1.00	0.36	0.00	0	|	rapi	0.00	0.00	0	|	-43.0	0.36(-43)		|	1	
8066	9	ok	|	0.27	1.00	1.00	0.39	0.00	0	|	rapi	0.00	0.00	0	|	-43.0	0.39(-43)		|	1	
8066	10	ok	|	0.28	1.00	1.00	0.42	0.00	0	|	rapi	0.00	0.00	0	|	-43.0	0.42(-43)		|	1	
8066	11	ok	|	0.33	1.00	1.00	0.48	0.00	0	|	rapi	0.00	0.00	0	|	-43.0	0.48(-43)		|	1	
8066	12	ok	|	0.38	0.99	0.99	0.57	0.00	0	|	rapi	0.00	0.00	0	|	-43.0	0.57(-43)		|	1	
8066	13	ok	|	0.42	0.99	0.99	0.63	0.00	0	|	rapi	0.00	0.00	0	|	-43.0	0.63(-43)		|	1	
8066	14	ok	|	0.47	0.99	0.99	0.75	0.00	0	|	rapi	0.00	0.00	0	|	-43.0	0.75(-43)		|	1	
8066	15	ok	|	0.53	0.99	0.99	0.90	0.00	0	|	rapi	0.00	0.00	0	|	-43.0	0.90(-43)		|	1	
8066	16	ok	|	0.61	0.99	0.99	1.18	0.00	0	|	rapi	0.00	0.00	0	|	-43.0	1.18(-43)		|	1	
8066	17	ok	|	0.67	0.99	0.99	1.41	0.00	0	|	rapi	0.00	0.00	0	|	-43.0	1.41(-43)		|	1	
8066	18	ok	|	0.72	0.98	0.98	1.61	0.00	0	|	rapi	0.00	0.00	0	|	-43.0	1.61(-43)		|	1	
8066	19	ok	|	0.77	0.98	0.98	1.92	0.00	0	|	rapi	0.00	0.00	0	|	-43.0	1.92(-43)		|	1	
8066	20	ok	|	0.80	0.98	0.98	2.22	0.00	0	|	rapi	0.00	0.00	0	|	-43.0	2.22(-43)		|	1	
8066	21	ok	|	0.87	0.97	0.97	2.65	0.00	0	|	rapi	0.00	0.00	0	|	-43.0	2.65(-43)		|	1	
8066	22	ok	|	0.92	0.97	0.97	3.10	0.00	0	|	rapi	0.00	0.00	0	|	-43.0	3.10(-43)		|	1	
8066	23	ok	|	0.93	0.96	0.96	3.70	0.00	0	|	rapi	0.00	0.00	0	|	-43.0	3.70(-43)		|	1	
8066	24	ok	|	0.97	0.96	0.96	4.30	0.00	0	|	rapi	0.00	0.00	0	|	-43.0	4.30(-43)		|	1	
8066	25	ok	|	0.97	0.95	0.95	5.15	0.00	0	|	rapi	0.00	0.00	0	|	-43.0	5.15(-43)	0.00(-43)	|	1	
8066	26	ok	|	0.99	0.94	0.94	6.02	0.00	0	|	rapi	0.00	0.00	0	|	-43.0	6.02(-43)	0.00(-43)	|	1	
8066	27	ok	|	0.99	0.93	0.93	7.00	0.00	0	|	rapi	0.00	0.00	0	|	-43.0	7.00(-43)	0.00(-43)	|	1	
8066	28	ok	|	0.99	0.92	0.92	8.11	0.00	0	|	rapi	0.01	0.01	0	|	-43.0	8.11(-43)	0.01(-43)	|	1	
8066	29	ok	|	1.00	0.90	0.90	9.71	0.00	0	|	rapi	0.01	0.01	0	|	-43.0	9.71(-43)	0.01(-43)	|	1	
8066	30	ok	|	1.00	0.88	0.88	11.72	0.00	0	|	rapi	0.01	0.01	0	|	-43.0	11.72(-43)	0.01(-43)	|	1	
8066	31	ok	|	1.00	0.86	0.86	13.66	0.00	0	|	rapi	0.01	0.01	0	|	-43.0	13.66(-43)	0.01(-43)	|	1	
8066	32	ok	|	1.00	0.84	0.84	16.06	0.00	0	|	rapi	0.01	0.01	0	|	-43.0	16.06(-43)	0.01(-43)	|	1	
8066	33	ok	|	1.00	0.81	0.81	18.93	0.00	0	|	rapi	0.00	0.00	0	|	-43.0	18.93(-43)	0.00(-43)	|	1	
8066	34	ok	|	1.00	0.78	0.78	21.92	0.00	0	|	rapi	0.00	0.00	0	|	-43.0	21.92(-43)	0.00(-43)	|	1	
8066	35	ok	|	1.00	0.74	0.74	25.70	0.00	0	|	rapi	0.00	0.00	0	|	-43.0	25.70(-43)	0.00(-43)	|	1	
8066	36	ok	|	1.00	0.69	0.69	30.65	0.00	0	|	rapi	0.00	0.00	0	|	-43.0	30.65(-43)	0.00(-43)	|	1	
8066	37	ok	|	1.00	0.64	0.64	36.07	0.00	0	|	rapi	0.01	0.01	0	|	-43.0	36.07(-43)	0.01(-43)	|	1	
8066	38	ok	|	1.00	0.58	0.58	41.91	0.00	0	|	rapi	0.01	0.01	0	|	-43.0	41.91(-43)	0.01(-43)	|	1	
8066	39	ok	|	1.00	0.52	0.52	48.30	0.00	0	|	rapi	0.00	0.00	0	|	-43.0	48.30(-43)	0.00(-43)	|	1	
8066	40	ok	|	1.00	0.44	0.44	56.11	0.00	0	|	rapi	0.00	0.00	0	|	-43.0	56.11(-43)	0.00(-43)	|	1	
8066	41	ok	|	1.00	0.35	0.35	65.23	0.00	0	|	rapi	0.00	0.00	0	|	-43.0	65.23(-43)		|	1	
8066	42	ok	|	1.00	0.25	0.25	75.27	0.00	0	|	rapi	0.00	0.00	0	|	-43.0	75.27(-43)	0.00(-43)	|	1	
8066	43	ok	|	1.00	0.15	0.15	85.30	0.00	0	|	rapi	0.00	0.00	0	|	-43.0	85.30(-43)	0.00(-43)	|	1	
8066	44	fail-w	|	1.00	0.08	0.08	93.80	0.00	0	|	rapi	0.00	0.00	0	|	-43.0	93.80(-43)	0.00(-43)	|	1	
