8220	0	ok	|	0.10	1.00	1.00	0.10	0.00	0	|	rapi	0.09	0.10	0	|	89.0	0.10(89)	0.10(89)	|	7231	
8220	1	ok	|	0.10	1.00	1.00	0.10	0.00	0	|	rapi	0.10	0.10	0	|	89.0	0.10(89)	0.10(89)	|	7231	
8220	2	ok	|	0.10	1.00	1.00	0.10	0.00	0	|	rapi	0.10	0.10	0	|	89.0	0.10(89)	0.10(89)	|	7231	
8220	3	ok	|	0.10	1.00	1.00	0.10	0.00	0	|	rapi	0.10	0.10	0	|	89.0	0.10(89)	0.10(89)	|	7231	
8220	4	ok	|	0.09	1.00	1.00	0.10	0.00	0	|	rapi	0.09	0.10	0	|	89.0	0.10(89)	0.10(89)	|	7231	
8220	5	ok	|	0.09	1.00	1.00	0.09	0.00	0	|	rapi	0.09	0.09	0	|	89.0	0.09(89)	0.09(89)	|	7231	
8220	6	ok	|	0.08	1.00	1.00	0.08	0.00	0	|	rapi	0.08	0.08	0	|	89.0	0.08(89)	0.08(89)	|	7231	
8220	7	ok	|	0.07	1.00	1.00	0.07	0.00	0	|	rapi	0.07	0.07	0	|	89.0	0.07(89)	0.07(89)	|	7231	
8220	8	ok	|	0.07	1.00	1.00	0.07	0.00	0	|	rapi	0.07	0.07	0	|	89.0	0.07(89)	0.07(89)	|	7231	
8220	9	ok	|	0.08	1.00	1.00	0.08	0.00	0	|	rapi	0.08	0.08	0	|	89.0	0.08(89)	0.08(89)	|	7231	
8220	10	ok	|	0.09	1.00	1.00	0.09	0.00	0	|	rapi	0.09	0.09	0	|	89.0	0.09(89)	0.09(89)	|	7231	
8220	11	ok	|	0.08	1.00	1.00	0.08	0.00	0	|	rapi	0.08	0.08	0	|	89.0	0.08(89)	0.08(89)	|	7231	
8220	12	ok	|	0.07	1.00	1.00	0.08	0.00	0	|	rapi	0.07	0.08	0	|	89.0	0.08(89)	0.08(89)	|	7231	
8220	13	ok	|	0.07	1.00	1.00	0.07	0.00	0	|	rapi	0.07	0.07	0	|	89.0	0.07(89)	0.07(89)	|	7231	
8220	14	ok	|	0.06	1.00	1.00	0.06	0.00	0	|	rapi	0.06	0.06	0	|	89.0	0.06(89)	0.06(89)	|	7231	
8220	15	ok	|	0.06	1.00	1.00	0.06	0.00	0	|	rapi	0.06	0.06	0	|	89.0	0.06(89)	0.06(89)	|	7231	
8220	16	ok	|	0.05	1.00	1.00	0.06	0.00	0	|	rapi	0.05	0.06	0	|	89.0	0.06(89)	0.06(89)	|	7231	
8220	17	ok	|	0.05	1.00	1.00	0.05	0.00	0	|	rapi	0.05	0.05	0	|	89.0	0.05(89)	0.05(89)	|	7231	
8220	18	ok	|	0.05	1.00	1.00	0.05	0.00	0	|	rapi	0.05	0.05	0	|	89.0	0.05(89)	0.05(89)	|	7231	
8220	19	ok	|	0.05	1.00	1.00	0.05	0.00	0	|	rapi	0.05	0.05	0	|	89.0	0.05(89)	0.05(89)	|	7231	
8220	20	ok	|	0.05	1.00	1.00	0.05	0.01	0	|	rapi	0.05	0.05	0	|	89.0	0.05(89)	0.05(89)	|	7231	
8220	21	ok	|	0.06	1.00	1.00	0.06	0.01	0	|	rapi	0.06	0.06	0	|	89.0	0.06(89)	0.06(89)	|	7231	
8220	22	ok	|	0.06	1.00	1.00	0.07	0.01	0	|	rapi	0.06	0.07	0	|	89.0	0.07(89)	0.07(89)	|	7231	
8220	23	ok	|	0.07	1.00	1.00	0.07	0.01	0	|	rapi	0.07	0.07	0	|	89.0	0.07(89)	0.07(89)	|	7231	
8220	24	ok	|	0.06	1.00	1.00	0.06	0.01	0	|	rapi	0.06	0.06	0	|	89.0	0.06(89)	0.06(89)	|	7231	
8220	25	ok	|	0.06	1.00	1.00	0.06	0.01	0	|	rapi	0.06	0.06	0	|	89.0	0.06(89)	0.06(89)	|	7231	
8220	26	ok	|	0.04	1.00	1.00	0.04	0.01	0	|	rapi	0.04	0.04	0	|	89.0	0.04(89)	0.04(89)	|	7231	
8220	27	ok	|	0.03	1.00	1.00	0.04	0.01	0	|	rapi	0.03	0.04	0	|	89.0	0.04(89)	0.04(89)	|	7231	
8220	28	ok	|	0.04	1.00	1.00	0.04	0.01	0	|	rapi	0.04	0.04	0	|	89.0	0.04(89)	0.04(89)	|	7231	
8220	29	ok	|	0.04	1.00	1.00	0.04	0.01	0	|	rapi	0.04	0.04	0	|	89.0	0.04(89)	0.04(89)	|	7231	
8220	30	ok	|	0.05	1.00	1.00	0.05	0.01	0	|	rapi	0.05	0.05	0	|	89.0	0.05(89)	0.05(89)	|	7231	
8220	31	ok	|	0.05	1.00	1.00	0.05	0.01	0	|	rapi	0.05	0.05	0	|	89.0	0.05(89)	0.05(89)	|	7231	
8220	32	ok	|	0.04	1.00	1.00	0.05	0.01	0	|	rapi	0.04	0.05	0	|	89.0	0.05(89)	0.05(89)	|	7231	
8220	33	ok	|	0.05	1.00	1.00	0.05	0.01	0	|	rapi	0.05	0.05	0	|	89.0	0.05(89)	0.05(89)	|	7231	
8220	34	ok	|	0.05	1.00	1.00	0.05	0.01	0	|	rapi	0.05	0.05	0	|	89.0	0.05(89)	0.05(89)	|	7231	
8220	35	ok	|	0.05	1.00	1.00	0.05	0.01	0	|	rapi	0.05	0.05	0	|	89.0	0.05(89)	0.05(89)	|	7231	
8220	36	ok	|	0.04	1.00	1.00	0.04	0.01	0	|	rapi	0.04	0.04	0	|	89.0	0.04(89)	0.04(89)	|	7231	
8220	37	ok	|	0.04	1.00	1.00	0.04	0.01	0	|	rapi	0.04	0.04	0	|	89.0	0.04(89)	0.04(89)	|	7231	
8220	38	ok	|	0.04	1.00	1.00	0.04	0.01	0	|	rapi	0.04	0.04	0	|	89.0	0.04(89)	0.04(89)	|	7231	
8220	39	ok	|	0.04	1.00	1.00	0.04	0.01	0	|	rapi	0.04	0.04	0	|	89.0	0.04(89)	0.04(89)	|	7231	
8220	40	ok	|	0.05	1.00	1.00	0.05	0.01	0	|	rapi	0.05	0.05	0	|	89.0	0.05(89)	0.05(89)	|	7231	
8220	41	ok	|	0.04	1.00	1.00	0.04	0.01	0	|	rapi	0.04	0.04	0	|	89.0	0.04(89)	0.04(89)	|	7231	
8220	42	ok	|	0.04	1.00	1.00	0.04	0.01	0	|	rapi	0.04	0.04	0	|	89.0	0.04(89)	0.04(89)	|	7231	
8220	43	ok	|	0.04	1.00	1.00	0.04	0.01	0	|	rapi	0.04	0.04	0	|	89.0	0.04(89)	0.04(89)	|	7231	
8220	44	ok	|	0.04	1.00	1.00	0.04	0.01	0	|	rapi	0.04	0.04	0	|	89.0	0.04(89)	0.04(89)	|	7231	
8220	45	ok	|	0.03	1.00	1.00	0.03	0.01	0	|	rapi	0.03	0.03	0	|	89.0	0.03(89)	0.03(89)	|	7231	
8220	46	ok	|	0.02	1.00	1.00	0.02	0.00	0	|	rapi	0.02	0.02	0	|	89.0	0.02(89)	0.02(89)	|	7231	
8220	47	ok	|	0.02	1.00	1.00	0.02	0.00	0	|	rapi	0.02	0.02	0	|	89.0	0.02(89)	0.02(89)	|	7231	
8220	48	ok	|	0.03	1.00	1.00	0.03	0.00	0	|	rapi	0.03	0.03	0	|	89.0	0.03(89)	0.03(89)	|	7231	
8220	49	ok	|	0.04	1.00	1.00	0.04	0.01	0	|	rapi	0.04	0.04	0	|	89.0	0.04(89)	0.04(89)	|	7231	
8220	50	ok	|	0.04	1.00	1.00	0.04	0.01	0	|	rapi	0.04	0.04	0	|	89.0	0.04(89)	0.04(89)	|	7231	
8220	51	ok	|	0.04	1.00	1.00	0.04	0.01	0	|	rapi	0.04	0.04	0	|	89.0	0.04(89)	0.04(89)	|	7231	
8220	52	ok	|	0.04	1.00	1.00	0.04	0.01	0	|	rapi	0.04	0.04	0	|	89.0	0.04(89)	0.04(89)	|	7231	
8220	53	ok	|	0.03	1.00	1.00	0.03	0.01	0	|	rapi	0.03	0.03	0	|	89.0	0.03(89)	0.03(89)	|	7231	
8220	54	ok	|	0.05	1.00	1.00	0.05	0.01	0	|	rapi	0.05	0.05	0	|	89.0	0.05(89)	0.05(89)	|	7231	
8220	55	ok	|	0.04	1.00	1.00	0.04	0.01	0	|	rapi	0.04	0.04	0	|	89.0	0.04(89)	0.04(89)	|	7231	
8220	56	ok	|	0.06	1.00	1.00	0.06	0.01	0	|	rapi	0.06	0.06	0	|	89.0	0.06(89)	0.06(89)	|	7231	
8220	57	ok	|	0.05	1.00	1.00	0.05	0.01	0	|	rapi	0.05	0.05	0	|	89.0	0.05(89)	0.05(89)	|	7231	
8220	58	ok	|	0.05	1.00	1.00	0.05	0.01	0	|	rapi	0.05	0.05	0	|	89.0	0.05(89)	0.05(89)	|	7231	
8220	59	ok	|	0.04	1.00	1.00	0.04	0.01	0	|	rapi	0.04	0.04	0	|	89.0	0.04(89)	0.04(89)	|	7231	
8220	60	ok	|	0.04	1.00	1.00	0.04	0.01	0	|	rapi	0.04	0.04	0	|	89.0	0.04(89)	0.04(89)	|	7231	
8220	61	ok	|	0.04	1.00	1.00	0.04	0.01	0	|	rapi	0.04	0.04	0	|	89.0	0.04(89)	0.04(89)	|	7231	
8220	62	ok	|	0.03	1.00	1.00	0.03	0.01	0	|	rapi	0.03	0.03	0	|	89.0	0.03(89)	0.03(89)	|	7231	
8220	63	ok	|	0.04	1.00	1.00	0.04	0.01	0	|	rapi	0.04	0.04	0	|	89.0	0.04(89)	0.04(89)	|	7231	
8220	64	ok	|	0.03	1.00	1.00	0.03	0.01	0	|	rapi	0.03	0.03	0	|	89.0	0.03(89)	0.03(89)	|	7231	
8220	65	ok	|	0.03	1.00	1.00	0.03	0.01	0	|	rapi	0.03	0.03	0	|	89.0	0.03(89)	0.03(89)	|	7231	
8220	66	ok	|	0.02	1.00	1.00	0.02	0.01	0	|	rapi	0.02	0.02	0	|	89.0	0.02(89)	0.02(89)	|	7231	
8220	67	ok	|	0.02	1.00	1.00	0.02	0.01	0	|	rapi	0.02	0.02	0	|	89.0	0.02(89)	0.02(89)	|	7231	
8220	68	ok	|	0.02	1.00	1.00	0.02	0.01	0	|	rapi	0.02	0.02	0	|	89.0	0.02(89)	0.02(89)	|	7231	
8220	69	ok	|	0.01	1.00	1.00	0.01	0.00	0	|	rapi	0.01	0.01	0	|	89.0	0.01(89)	0.01(89)	|	7231	
8220	70	ok	|	0.01	1.00	1.00	0.01	0.01	0	|	rapi	0.01	0.01	0	|	89.0	0.01(89)	0.01(89)	|	7231	
8220	71	ok	|	0.00	1.00	1.00	0.00	0.00	0	|	rapi	0.00	0.00	0	|	89.0	0.00(89)	0.00(89)	|	7231	
8220	72	ok	|	0.00	1.00	1.00	0.00	0.00	0	|	rapi	0.00	0.00	0	|	89.0	0.00(89)	0.00(89)	|	7231	
8220	73	ok	|	0.00	1.00	1.00	0.00	0.00	0	|	rapi	0.00	0.00	0	|	89.0	0.00(89)	0.00(89)	|	7231	
8220	74	ok	|	0.00	1.00	1.00	0.00	0.00	0	|	rapi	0.00	0.00	0	|	89.0	0.00(89)	0.00(89)	|	7231	
8220	75	ok	|	0.00	1.00	1.00	0.00	0.00	0	|	rapi	0.00	0.00	0	|	89.0	0.00(89)	0.00(89)	|	7231	
8220	76	ok	|	0.00	1.00	1.00	0.00	0.00	0	|	rapi	0.00	0.00	0	|	89.0	0.00(89)	0.00(89)	|	7231	
8220	77	ok	|	0.00	1.00	1.00	0.00	0.00	0	|	rapi	0.00	0.00	0	|	89.0	0.00(89)	0.00(89)	|	7231	
8220	78	ok	|	0.00	1.00	1.00	0.00	0.00	0	|	rapi	0.00	0.00	0	|	89.0	0.00(89)	0.00(89)	|	7231	
8220	79	ok	|	0.00	1.00	1.00	0.00	0.00	0	|	rapi	0.00	0.00	0	|	89.0	0.00(89)	0.00(89)	|	7231	
8220	80	fail-0	|	0.00	1.00	1.00	0.00	NaN	0	|	rapi	0.00	0.00	0	|	NaN			|	7231	
