8247	0	ok	|	0.09	1.00	1.00	0.10	0.00	0	|	rapi	0.00	0.00	0	|	18.0	0.10(18)		|	1	
8247	1	ok	|	0.10	1.00	1.00	0.12	0.00	0	|	rapi	0.00	0.00	0	|	18.0	0.12(18)		|	1	
8247	2	ok	|	0.11	1.00	1.00	0.12	0.00	0	|	rapi	0.00	0.00	0	|	18.0	0.12(18)		|	1	
8247	3	ok	|	0.12	1.00	1.00	0.15	0.00	0	|	rapi	0.00	0.00	0	|	18.0	0.15(18)		|	1	
8247	4	ok	|	0.13	1.00	1.00	0.16	0.00	0	|	rapi	0.00	0.00	0	|	18.0	0.16(18)		|	1	
8247	5	ok	|	0.14	1.00	1.00	0.18	0.00	0	|	rapi	0.00	0.00	0	|	18.0	0.18(18)		|	1	
8247	6	ok	|	0.14	1.00	1.00	0.19	0.00	0	|	rapi	0.00	0.00	0	|	18.0	0.19(18)		|	1	
8247	7	ok	|	0.16	1.00	1.00	0.22	0.00	0	|	rapi	0.00	0.00	0	|	18.0	0.22(18)		|	1	
8247	8	ok	|	0.17	1.00	1.00	0.23	0.00	0	|	rapi	0.00	0.00	0	|	18.0	0.23(18)		|	1	
8247	9	ok	|	0.19	1.00	1.00	0.27	0.00	0	|	rapi	0.00	0.00	0	|	18.0	0.27(18)		|	1	
8247	10	ok	|	0.22	1.00	1.00	0.31	0.00	0	|	rapi	0.00	0.00	0	|	18.0	0.31(18)		|	1	
8247	11	ok	|	0.26	1.00	1.00	0.38	0.00	0	|	rapi	0.00	0.00	0	|	18.0	0.38(18)		|	1	
8247	12	ok	|	0.29	1.00	1.00	0.46	0.00	0	|	rapi	0.00	0.00	0	|	18.0	0.46(18)		|	1	
8247	13	ok	|	0.34	0.99	0.99	0.54	0.00	0	|	rapi	0.00	0.00	0	|	18.0	0.54(18)		|	1	
8247	14	ok	|	0.38	0.99	0.99	0.64	0.00	0	|	rapi	0.00	0.00	0	|	18.0	0.64(18)		|	1	
8247	15	ok	|	0.44	0.99	0.99	0.78	0.00	0	|	rapi	0.00	0.00	0	|	18.0	0.78(18)		|	1	
8247	16	ok	|	0.51	0.99	0.99	0.93	0.00	0	|	rapi	0.00	0.00	0	|	18.0	0.93(18)		|	1	
8247	17	ok	|	0.54	0.99	0.99	1.08	0.00	0	|	rapi	0.00	0.00	0	|	18.0	1.08(18)		|	1	
8247	18	ok	|	0.58	0.99	0.99	1.23	0.00	0	|	rapi	0.00	0.00	0	|	18.0	1.23(18)		|	1	
8247	19	ok	|	0.62	0.99	0.99	1.39	0.00	0	|	rapi	0.00	0.00	0	|	18.0	1.39(18)		|	1	
8247	20	ok	|	0.68	0.99	0.99	1.49	0.00	0	|	rapi	0.00	0.00	0	|	18.0	1.49(18)		|	1	
8247	21	ok	|	0.73	0.98	0.98	1.74	0.00	0	|	rapi	0.00	0.00	0	|	18.0	1.74(18)		|	1	
8247	22	ok	|	0.79	0.98	0.98	1.99	0.00	0	|	rapi	0.00	0.00	0	|	18.0	1.99(18)		|	1	
8247	23	ok	|	0.84	0.98	0.98	2.35	0.00	0	|	rapi	0.00	0.00	0	|	18.0	2.35(18)		|	1	
8247	24	ok	|	0.88	0.97	0.97	2.70	0.00	0	|	rapi	0.00	0.00	0	|	18.0	2.70(18)		|	1	
8247	25	ok	|	0.92	0.97	0.97	3.28	0.00	0	|	rapi	0.00	0.00	0	|	18.0	3.28(18)		|	1	
8247	26	ok	|	0.94	0.96	0.96	3.79	0.00	0	|	rapi	0.00	0.00	0	|	18.0	3.79(18)		|	1	
8247	27	ok	|	0.95	0.96	0.96	4.46	0.00	0	|	rapi	0.00	0.00	0	|	18.0	4.46(18)	0.00(18)	|	1	
8247	28	ok	|	0.97	0.95	0.95	5.11	0.00	0	|	rapi	0.00	0.00	0	|	18.0	5.11(18)	0.00(18)	|	1	
8247	29	ok	|	0.99	0.94	0.94	6.04	0.00	0	|	rapi	0.00	0.00	0	|	18.0	6.04(18)	0.00(18)	|	1	
8247	30	ok	|	0.99	0.93	0.93	7.18	0.00	0	|	rapi	0.00	0.00	0	|	18.0	7.18(18)	0.00(18)	|	1	
8247	31	ok	|	1.00	0.92	0.92	8.27	0.00	0	|	rapi	0.00	0.00	0	|	18.0	8.27(18)	0.00(18)	|	1	
8247	32	ok	|	1.00	0.90	0.90	9.92	0.00	0	|	rapi	0.00	0.00	0	|	18.0	9.92(18)	0.00(18)	|	1	
8247	33	ok	|	1.00	0.88	0.88	11.67	0.00	0	|	rapi	0.00	0.00	0	|	18.0	11.67(18)	0.00(18)	|	1	
8247	34	ok	|	1.00	0.86	0.86	13.74	0.00	0	|	rapi	0.00	0.00	0	|	18.0	13.74(18)		|	1	
8247	35	ok	|	1.00	0.84	0.84	16.28	0.00	0	|	rapi	0.00	0.00	0	|	18.0	16.28(18)		|	1	
8247	36	ok	|	1.00	0.81	0.81	19.38	0.00	0	|	rapi	0.00	0.00	0	|	18.0	19.38(18)	0.00(18)	|	1	
8247	37	ok	|	1.00	0.77	0.77	22.94	0.00	0	|	rapi	0.00	0.00	0	|	18.0	22.94(18)	0.00(18)	|	1	
8247	38	ok	|	1.00	0.73	0.73	26.91	0.00	0	|	rapi	0.00	0.00	0	|	18.0	26.91(18)	0.00(18)	|	1	
8247	39	ok	|	1.00	0.68	0.68	31.68	0.00	0	|	rapi	0.01	0.01	0	|	18.0	31.68(18)	0.01(18)	|	1	
8247	40	ok	|	1.00	0.63	0.63	37.16	0.00	0	|	rapi	0.01	0.01	0	|	18.0	37.16(18)	0.01(18)	|	1	
8247	41	ok	|	1.00	0.56	0.56	43.65	0.00	0	|	rapi	0.02	0.02	0	|	18.0	43.65(18)	0.02(18)	|	1	
8247	42	ok	|	1.00	0.49	0.49	50.90	0.00	0	|	rapi	0.02	0.02	0	|	18.0	50.90(18)	0.02(18)	|	1	
8247	43	ok	|	1.00	0.41	0.41	58.98	0.00	0	|	rapi	0.03	0.03	0	|	18.0	58.98(18)	0.03(18)	|	1	
8247	44	ok	|	1.00	0.32	0.32	67.87	0.00	0	|	rapi	0.03	0.03	0	|	18.0	67.87(18)	0.03(18)	|	1	
8247	45	ok	|	1.00	0.24	0.24	76.50	0.00	0	|	rapi	0.07	0.07	0	|	18.0	76.50(18)	0.07(18)	|	1	
8247	46	ok	|	1.00	0.16	0.16	84.33	0.00	0	|	rapi	0.08	0.09	0	|	18.0	84.33(18)	0.09(18)	|	1	
8247	47	ok	|	1.00	0.11	0.11	90.23	0.00	0	|	rapi	0.12	0.12	0	|	18.0	90.23(18)	0.12(18)	|	1	
8247	48	fail-w	|	1.00	0.09	0.09	92.87	0.00	0	|	rapi	0.20	0.22	0	|	18.0	92.87(18)	0.22(18)	|	1	
