8408	0	ok	|	0.10	1.00	1.00	0.10	0.00	0	|	rapi	0.00	0.00	0	|	-58.0	0.10(-58)		|	1	
8408	1	ok	|	0.11	1.00	1.00	0.14	0.00	0	|	rapi	0.00	0.00	0	|	-58.0	0.14(-58)		|	1	
8408	2	ok	|	0.14	1.00	1.00	0.18	0.00	0	|	rapi	0.00	0.00	0	|	-58.0	0.18(-58)		|	1	
8408	3	ok	|	0.16	1.00	1.00	0.21	0.00	0	|	rapi	0.00	0.00	0	|	-58.0	0.21(-58)		|	1	
8408	4	ok	|	0.19	1.00	1.00	0.26	0.00	0	|	rapi	0.00	0.00	0	|	-58.0	0.26(-58)		|	1	
8408	5	ok	|	0.22	1.00	1.00	0.30	0.00	0	|	rapi	0.00	0.00	0	|	-58.0	0.30(-58)		|	1	
8408	6	ok	|	0.26	1.00	1.00	0.35	0.00	0	|	rapi	0.00	0.00	0	|	-58.0	0.35(-58)		|	1	
8408	7	ok	|	0.31	1.00	1.00	0.47	0.00	0	|	rapi	0.00	0.00	0	|	-58.0	0.47(-58)		|	1	
8408	8	ok	|	0.37	0.99	0.99	0.57	0.00	0	|	rapi	0.00	0.00	0	|	-58.0	0.57(-58)		|	1	
8408	9	ok	|	0.40	0.99	0.99	0.69	0.00	0	|	rapi	0.00	0.00	0	|	-58.0	0.69(-58)		|	1	
8408	10	ok	|	0.49	0.99	0.99	0.86	0.00	0	|	rapi	0.00	0.00	0	|	-58.0	0.86(-58)		|	1	
8408	11	ok	|	0.56	0.99	0.99	1.04	0.00	0	|	rapi	0.00	0.00	0	|	-58.0	1.04(-58)		|	1	
8408	12	ok	|	0.61	0.99	0.99	1.27	0.00	0	|	rapi	0.00	0.00	0	|	-58.0	1.27(-58)		|	1	
8408	13	ok	|	0.67	0.98	0.98	1.55	0.00	0	|	rapi	0.00	0.00	0	|	-58.0	1.55(-58)		|	1	
8408	14	ok	|	0.78	0.98	0.98	1.80	0.00	0	|	rapi	0.00	0.00	0	|	-58.0	1.80(-58)		|	1	
8408	15	ok	|	0.80	0.98	0.98	2.10	0.00	0	|	rapi	0.00	0.00	0	|	-58.0	2.10(-58)		|	1	
8408	16	ok	|	0.85	0.98	0.98	2.36	0.00	0	|	rapi	0.00	0.00	0	|	-58.0	2.36(-58)		|	1	
8408	17	ok	|	0.89	0.97	0.97	2.85	0.00	0	|	rapi	0.00	0.00	0	|	-58.0	2.85(-58)		|	1	
8408	18	ok	|	0.93	0.97	0.97	3.44	0.00	0	|	rapi	0.00	0.00	0	|	-58.0	3.44(-58)		|	1	
8408	19	ok	|	0.94	0.96	0.96	4.02	0.00	0	|	rapi	0.00	0.00	0	|	-58.0	4.02(-58)		|	1	
8408	20	ok	|	0.96	0.95	0.95	4.64	0.00	0	|	rapi	0.00	0.00	0	|	-58.0	4.64(-58)		|	1	
8408	21	ok	|	0.98	0.95	0.95	5.42	0.00	0	|	rapi	0.00	0.00	0	|	-58.0	5.42(-58)		|	1	
8408	22	ok	|	0.99	0.94	0.94	6.26	0.00	0	|	rapi	0.00	0.00	0	|	-58.0	6.26(-58)		|	1	
8408	23	ok	|	1.00	0.93	0.93	7.31	0.00	0	|	rapi	0.00	0.00	0	|	-58.0	7.31(-58)		|	1	
8408	24	ok	|	1.00	0.91	0.91	8.58	0.00	0	|	rapi	0.00	0.00	0	|	-58.0	8.58(-58)		|	1	
8408	25	ok	|	1.00	0.90	0.90	10.22	0.00	0	|	rapi	0.00	0.00	0	|	-58.0	10.22(-58)		|	1	
8408	26	ok	|	1.00	0.88	0.88	11.97	0.00	0	|	rapi	0.00	0.00	0	|	-58.0	11.97(-58)		|	1	
8408	27	ok	|	1.00	0.86	0.86	14.09	0.00	0	|	rapi	0.00	0.00	0	|	-58.0	14.09(-58)		|	1	
8408	28	ok	|	1.00	0.83	0.83	16.68	0.00	0	|	rapi	0.00	0.00	0	|	-58.0	16.68(-58)		|	1	
8408	29	ok	|	1.00	0.80	0.80	19.62	0.00	0	|	rapi	0.00	0.00	0	|	-58.0	19.62(-58)		|	1	
8408	30	ok	|	1.00	0.77	0.77	23.01	0.00	0	|	rapi	0.00	0.00	0	|	-58.0	23.01(-58)	0.00(-58)	|	1	
8408	31	ok	|	1.00	0.73	0.73	27.35	0.00	0	|	rapi	0.00	0.00	0	|	-58.0	27.35(-58)		|	1	
8408	32	ok	|	1.00	0.68	0.68	32.05	0.00	0	|	rapi	0.00	0.00	0	|	-58.0	32.05(-58)		|	1	
8408	33	ok	|	1.00	0.63	0.63	37.42	0.00	0	|	rapi	0.00	0.00	0	|	-58.0	37.42(-58)		|	1	
8408	34	ok	|	1.00	0.56	0.56	43.76	0.00	0	|	rapi	0.00	0.00	0	|	-58.0	43.76(-58)	0.00(-58)	|	1	
8408	35	ok	|	1.00	0.49	0.49	51.33	0.00	0	|	rapi	0.00	0.00	0	|	-58.0	51.33(-58)	0.00(-58)	|	1	
8408	36	ok	|	1.00	0.41	0.41	59.13	0.00	0	|	rapi	0.00	0.00	0	|	-58.0	59.13(-58)	0.00(-58)	|	1	
8408	37	ok	|	1.00	0.32	0.32	68.19	0.00	0	|	rapi	0.00	0.00	0	|	-58.0	68.19(-58)	0.00(-58)	|	1	
8408	38	ok	|	1.00	0.22	0.22	77.75	0.00	0	|	rapi	0.01	0.01	0	|	-58.0	77.75(-58)	0.01(-58)	|	1	
8408	39	ok	|	1.00	0.14	0.14	86.93	0.00	0	|	rapi	0.01	0.01	0	|	-58.0	86.93(-58)	0.01(-58)	|	1	
8408	40	fail-w	|	1.00	0.07	0.07	94.75	0.00	0	|	rapi	0.01	0.01	0	|	-58.0	94.75(-58)	0.01(-58)	|	1	
