843	0	ok	|	0.09	1.00	1.00	0.10	0.00	0	|	rapi	0.09	0.09	0	|	71.0	0.10(71)	0.09(71)	|	6645	
843	1	ok	|	0.09	1.00	1.00	0.10	0.00	0	|	rapi	0.09	0.09	0	|	71.0	0.10(71)	0.09(71)	|	6645	
843	2	ok	|	0.10	1.00	1.00	0.11	0.00	0	|	rapi	0.09	0.10	0	|	71.0	0.11(71)	0.10(71)	|	6645	
843	3	ok	|	0.10	1.00	1.00	0.10	0.00	0	|	rapi	0.09	0.09	0	|	71.0	0.10(71)	0.09(71)	|	6645	
843	4	ok	|	0.09	1.00	1.00	0.09	0.00	0	|	rapi	0.08	0.08	0	|	71.0	0.09(71)	0.08(71)	|	6645	
843	5	ok	|	0.07	1.00	1.00	0.07	0.00	0	|	rapi	0.07	0.07	0	|	71.0	0.07(71)	0.07(71)	|	6645	
843	6	ok	|	0.07	1.00	1.00	0.07	0.00	0	|	rapi	0.06	0.07	0	|	71.0	0.07(71)	0.07(71)	|	6645	
843	7	ok	|	0.07	1.00	1.00	0.07	0.00	0	|	rapi	0.06	0.06	0	|	71.0	0.07(71)	0.06(71)	|	6645	
843	8	ok	|	0.07	1.00	1.00	0.07	0.00	0	|	rapi	0.06	0.07	0	|	71.0	0.07(71)	0.07(71)	|	6645	
843	9	ok	|	0.08	1.00	1.00	0.08	0.00	0	|	rapi	0.07	0.07	0	|	71.0	0.08(71)	0.07(71)	|	6645	
843	10	ok	|	0.07	1.00	1.00	0.07	0.00	0	|	rapi	0.07	0.07	0	|	71.0	0.07(71)	0.07(71)	|	6645	
843	11	ok	|	0.06	1.00	1.00	0.07	0.00	0	|	rapi	0.06	0.07	0	|	71.0	0.07(71)	0.07(71)	|	6645	
843	12	ok	|	0.08	1.00	1.00	0.08	0.00	0	|	rapi	0.08	0.08	0	|	71.0	0.08(71)	0.08(71)	|	6645	
843	13	ok	|	0.08	1.00	1.00	0.08	0.00	0	|	rapi	0.08	0.08	0	|	71.0	0.08(71)	0.08(71)	|	6645	
843	14	ok	|	0.08	1.00	1.00	0.09	0.00	0	|	rapi	0.08	0.09	0	|	71.0	0.09(71)	0.09(71)	|	6645	
843	15	ok	|	0.07	1.00	1.00	0.07	0.00	0	|	rapi	0.07	0.07	0	|	71.0	0.07(71)	0.07(71)	|	6645	
843	16	ok	|	0.07	1.00	1.00	0.07	0.00	0	|	rapi	0.07	0.07	0	|	71.0	0.07(71)	0.07(71)	|	6645	
843	17	ok	|	0.07	1.00	1.00	0.07	0.00	0	|	rapi	0.07	0.07	0	|	71.0	0.07(71)	0.07(71)	|	6645	
843	18	ok	|	0.07	1.00	1.00	0.07	0.00	0	|	rapi	0.07	0.07	0	|	71.0	0.07(71)	0.07(71)	|	6645	
843	19	ok	|	0.07	1.00	1.00	0.07	0.00	0	|	rapi	0.07	0.07	0	|	71.0	0.07(71)	0.07(71)	|	6645	
843	20	ok	|	0.06	1.00	1.00	0.07	0.00	0	|	rapi	0.06	0.07	0	|	71.0	0.07(71)	0.07(71)	|	6645	
843	21	ok	|	0.07	1.00	1.00	0.07	0.01	0	|	rapi	0.07	0.07	0	|	71.0	0.07(71)	0.07(71)	|	6645	
843	22	ok	|	0.07	1.00	1.00	0.07	0.00	0	|	rapi	0.07	0.07	0	|	71.0	0.07(71)	0.07(71)	|	6645	
843	23	ok	|	0.05	1.00	1.00	0.05	0.00	0	|	rapi	0.05	0.05	0	|	71.0	0.05(71)	0.05(71)	|	6645	
843	24	ok	|	0.05	1.00	1.00	0.05	0.00	0	|	rapi	0.05	0.05	0	|	71.0	0.05(71)	0.05(71)	|	6645	
843	25	ok	|	0.06	1.00	1.00	0.06	0.00	0	|	rapi	0.06	0.06	0	|	71.0	0.06(71)	0.06(71)	|	6645	
843	26	ok	|	0.07	1.00	1.00	0.07	0.01	0	|	rapi	0.07	0.07	0	|	71.0	0.07(71)	0.07(71)	|	6645	
843	27	ok	|	0.06	1.00	1.00	0.06	0.01	0	|	rapi	0.06	0.06	0	|	71.0	0.06(71)	0.06(71)	|	6645	
843	28	ok	|	0.06	1.00	1.00	0.07	0.01	0	|	rapi	0.06	0.07	0	|	71.0	0.07(71)	0.07(71)	|	6645	
843	29	ok	|	0.07	1.00	1.00	0.07	0.01	0	|	rapi	0.07	0.07	0	|	71.0	0.07(71)	0.07(71)	|	6645	
843	30	ok	|	0.07	1.00	1.00	0.07	0.01	0	|	rapi	0.07	0.07	0	|	71.0	0.07(71)	0.07(71)	|	6645	
843	31	ok	|	0.07	1.00	1.00	0.07	0.01	0	|	rapi	0.07	0.07	0	|	71.0	0.07(71)	0.07(71)	|	6645	
843	32	ok	|	0.07	1.00	1.00	0.07	0.01	0	|	rapi	0.07	0.07	0	|	71.0	0.07(71)	0.07(71)	|	6645	
843	33	ok	|	0.07	1.00	1.00	0.07	0.01	0	|	rapi	0.07	0.07	0	|	71.0	0.07(71)	0.07(71)	|	6645	
843	34	ok	|	0.06	1.00	1.00	0.06	0.01	0	|	rapi	0.06	0.06	0	|	71.0	0.06(71)	0.06(71)	|	6645	
843	35	ok	|	0.06	1.00	1.00	0.06	0.01	0	|	rapi	0.06	0.06	0	|	71.0	0.06(71)	0.06(71)	|	6645	
843	36	ok	|	0.05	1.00	1.00	0.05	0.01	0	|	rapi	0.05	0.05	0	|	71.0	0.05(71)	0.05(71)	|	6645	
843	37	ok	|	0.05	1.00	1.00	0.05	0.01	0	|	rapi	0.05	0.05	0	|	71.0	0.05(71)	0.05(71)	|	6645	
843	38	ok	|	0.05	1.00	1.00	0.05	0.01	0	|	rapi	0.05	0.05	0	|	71.0	0.05(71)	0.05(71)	|	6645	
843	39	ok	|	0.05	1.00	1.00	0.05	0.01	0	|	rapi	0.05	0.05	0	|	71.0	0.05(71)	0.05(71)	|	6645	
843	40	ok	|	0.06	1.00	1.00	0.06	0.01	0	|	rapi	0.06	0.06	0	|	71.0	0.06(71)	0.06(71)	|	6645	
843	41	ok	|	0.07	1.00	1.00	0.07	0.02	0	|	rapi	0.07	0.07	0	|	71.0	0.07(71)	0.07(71)	|	6645	
843	42	ok	|	0.09	1.00	1.00	0.09	0.02	0	|	rapi	0.09	0.09	0	|	71.0	0.09(71)	0.09(71)	|	6645	
843	43	ok	|	0.10	1.00	1.00	0.10	0.02	0	|	rapi	0.10	0.10	0	|	71.0	0.10(71)	0.10(71)	|	6645	
843	44	ok	|	0.09	1.00	1.00	0.09	0.02	0	|	rapi	0.09	0.09	0	|	71.0	0.09(71)	0.09(71)	|	6645	
843	45	ok	|	0.09	1.00	1.00	0.09	0.02	0	|	rapi	0.09	0.09	0	|	71.0	0.09(71)	0.09(71)	|	6645	
843	46	ok	|	0.09	1.00	1.00	0.09	0.02	0	|	rapi	0.09	0.09	0	|	71.0	0.09(71)	0.09(71)	|	6645	
843	47	ok	|	0.08	1.00	1.00	0.08	0.02	0	|	rapi	0.08	0.08	0	|	71.0	0.08(71)	0.08(71)	|	6645	
843	48	ok	|	0.09	1.00	1.00	0.09	0.02	0	|	rapi	0.09	0.09	0	|	71.0	0.09(71)	0.09(71)	|	6645	
843	49	ok	|	0.08	1.00	1.00	0.08	0.02	0	|	rapi	0.08	0.08	0	|	71.0	0.08(71)	0.08(71)	|	6645	
843	50	ok	|	0.07	1.00	1.00	0.07	0.02	0	|	rapi	0.07	0.07	0	|	71.0	0.07(71)	0.07(71)	|	6645	
843	51	ok	|	0.07	1.00	1.00	0.07	0.02	0	|	rapi	0.07	0.07	0	|	71.0	0.07(71)	0.07(71)	|	6645	
843	52	ok	|	0.06	1.00	1.00	0.06	0.01	0	|	rapi	0.06	0.06	0	|	71.0	0.06(71)	0.06(71)	|	6645	
843	53	ok	|	0.06	1.00	1.00	0.06	0.01	0	|	rapi	0.06	0.06	0	|	71.0	0.06(71)	0.06(71)	|	6645	
843	54	ok	|	0.05	1.00	1.00	0.05	0.01	0	|	rapi	0.05	0.05	0	|	71.0	0.05(71)	0.05(71)	|	6645	
843	55	ok	|	0.04	1.00	1.00	0.04	0.01	0	|	rapi	0.04	0.04	0	|	71.0	0.04(71)	0.04(71)	|	6645	
843	56	ok	|	0.04	1.00	1.00	0.04	0.01	0	|	rapi	0.04	0.04	0	|	71.0	0.04(71)	0.04(71)	|	6645	
843	57	ok	|	0.03	1.00	1.00	0.03	0.01	0	|	rapi	0.03	0.03	0	|	71.0	0.03(71)	0.03(71)	|	6645	
843	58	ok	|	0.02	1.00	1.00	0.02	0.00	0	|	rapi	0.02	0.02	0	|	71.0	0.02(71)	0.02(71)	|	6645	
843	59	ok	|	0.02	1.00	1.00	0.02	0.00	0	|	rapi	0.02	0.02	0	|	71.0	0.02(71)	0.02(71)	|	6645	
843	60	ok	|	0.02	1.00	1.00	0.02	0.00	0	|	rapi	0.02	0.02	0	|	71.0	0.02(71)	0.02(71)	|	6645	
843	61	ok	|	0.02	1.00	1.00	0.02	0.01	0	|	rapi	0.02	0.02	0	|	71.0	0.02(71)	0.02(71)	|	6645	
843	62	ok	|	0.01	1.00	1.00	0.01	0.01	0	|	rapi	0.01	0.01	0	|	71.0	0.01(71)	0.01(71)	|	6645	
843	63	ok	|	0.01	1.00	1.00	0.01	0.01	0	|	rapi	0.01	0.01	0	|	71.0	0.01(71)	0.01(71)	|	6645	
843	64	ok	|	0.02	1.00	1.00	0.02	0.01	0	|	rapi	0.02	0.02	0	|	71.0	0.02(71)	0.02(71)	|	6645	
843	65	ok	|	0.01	1.00	1.00	0.01	0.01	0	|	rapi	0.01	0.01	0	|	71.0	0.01(71)	0.01(71)	|	6645	
843	66	ok	|	0.01	1.00	1.00	0.01	0.01	0	|	rapi	0.01	0.01	0	|	71.0	0.01(71)	0.01(71)	|	6645	
843	67	ok	|	0.02	1.00	1.00	0.02	0.01	0	|	rapi	0.02	0.02	0	|	71.0	0.02(71)	0.02(71)	|	6645	
843	68	ok	|	0.02	1.00	1.00	0.02	0.01	0	|	rapi	0.02	0.02	0	|	71.0	0.02(71)	0.02(71)	|	6645	
843	69	ok	|	0.03	1.00	1.00	0.03	0.01	0	|	rapi	0.03	0.03	0	|	71.0	0.03(71)	0.03(71)	|	6645	
843	70	ok	|	0.02	1.00	1.00	0.02	0.01	0	|	rapi	0.02	0.02	0	|	71.0	0.02(71)	0.02(71)	|	6645	
843	71	ok	|	0.02	1.00	1.00	0.02	0.01	0	|	rapi	0.02	0.02	0	|	71.0	0.02(71)	0.02(71)	|	6645	
843	72	ok	|	0.02	1.00	1.00	0.02	0.01	0	|	rapi	0.02	0.02	0	|	71.0	0.02(71)	0.02(71)	|	6645	
843	73	ok	|	0.03	1.00	1.00	0.03	0.01	0	|	rapi	0.03	0.03	0	|	71.0	0.03(71)	0.03(71)	|	6645	
843	74	ok	|	0.04	1.00	1.00	0.04	0.02	0	|	rapi	0.04	0.04	0	|	71.0	0.04(71)	0.04(71)	|	6645	
843	75	ok	|	0.06	1.00	1.00	0.06	0.03	0	|	rapi	0.06	0.06	0	|	71.0	0.06(71)	0.06(71)	|	6645	
843	76	ok	|	0.07	1.00	1.00	0.07	0.03	0	|	rapi	0.07	0.07	0	|	71.0	0.07(71)	0.07(71)	|	6645	
843	77	ok	|	0.07	1.00	1.00	0.07	0.04	0	|	rapi	0.07	0.07	0	|	71.0	0.07(71)	0.07(71)	|	6645	
843	78	ok	|	0.08	1.00	1.00	0.08	0.04	0	|	rapi	0.08	0.08	0	|	71.0	0.08(71)	0.08(71)	|	6645	
843	79	ok	|	0.07	1.00	1.00	0.07	0.04	0	|	rapi	0.07	0.07	0	|	71.0	0.07(71)	0.07(71)	|	6645	
843	80	ok	|	0.08	1.00	1.00	0.08	0.04	0	|	rapi	0.08	0.08	0	|	71.0	0.08(71)	0.08(71)	|	6645	
843	81	ok	|	0.09	1.00	1.00	0.09	0.05	0	|	rapi	0.09	0.09	0	|	71.0	0.09(71)	0.09(71)	|	6645	
843	82	ok	|	0.10	1.00	1.00	0.10	0.05	0	|	rapi	0.10	0.10	0	|	71.0	0.10(71)	0.10(71)	|	6645	
843	83	ok	|	0.09	1.00	1.00	0.09	0.04	0	|	rapi	0.09	0.09	0	|	71.0	0.09(71)	0.09(71)	|	6645	
843	84	ok	|	0.10	1.00	1.00	0.10	0.05	0	|	rapi	0.10	0.10	0	|	71.0	0.10(71)	0.10(71)	|	6645	
843	85	ok	|	0.10	1.00	1.00	0.10	0.05	0	|	rapi	0.10	0.10	0	|	71.0	0.10(71)	0.10(71)	|	6645	
843	86	ok	|	0.10	1.00	1.00	0.10	0.05	0	|	rapi	0.10	0.10	0	|	71.0	0.10(71)	0.10(71)	|	6645	
843	87	ok	|	0.09	1.00	1.00	0.10	0.05	0	|	rapi	0.09	0.10	0	|	71.0	0.10(71)	0.10(71)	|	6645	
843	88	ok	|	0.10	1.00	1.00	0.10	0.05	0	|	rapi	0.10	0.10	0	|	71.0	0.10(71)	0.10(71)	|	6645	
843	89	ok	|	0.08	1.00	1.00	0.09	0.04	0	|	rapi	0.08	0.09	0	|	71.0	0.09(71)	0.09(71)	|	6645	
843	90	ok	|	0.09	1.00	1.00	0.09	0.04	0	|	rapi	0.09	0.09	0	|	71.0	0.09(71)	0.09(71)	|	6645	
843	91	ok	|	0.09	1.00	1.00	0.09	0.05	0	|	rapi	0.09	0.09	0	|	71.0	0.09(71)	0.09(71)	|	6645	
843	92	ok	|	0.08	1.00	1.00	0.08	0.04	0	|	rapi	0.08	0.08	0	|	71.0	0.08(71)	0.08(71)	|	6645	
843	93	ok	|	0.08	1.00	1.00	0.09	0.04	0	|	rapi	0.08	0.09	0	|	71.0	0.09(71)	0.09(71)	|	6645	
843	94	ok	|	0.08	1.00	1.00	0.08	0.04	0	|	rapi	0.08	0.08	0	|	71.0	0.08(71)	0.08(71)	|	6645	
843	95	ok	|	0.08	1.00	1.00	0.08	0.04	0	|	rapi	0.08	0.08	0	|	71.0	0.08(71)	0.08(71)	|	6645	
843	96	ok	|	0.08	1.00	1.00	0.08	0.04	0	|	rapi	0.08	0.08	0	|	71.0	0.08(71)	0.08(71)	|	6645	
843	97	ok	|	0.08	1.00	1.00	0.09	0.04	0	|	rapi	0.08	0.09	0	|	71.0	0.09(71)	0.09(71)	|	6645	
843	98	ok	|	0.09	1.00	1.00	0.09	0.05	0	|	rapi	0.09	0.09	0	|	71.0	0.09(71)	0.09(71)	|	6645	
843	99	ok	|	0.10	1.00	1.00	0.10	0.05	0	|	rapi	0.10	0.10	0	|	71.0	0.10(71)	0.10(71)	|	6645	
843	100	ok	|	0.09	1.00	1.00	0.09	0.04	0	|	rapi	0.09	0.09	0	|	71.0	0.09(71)	0.09(71)	|	6645	
843	101	ok	|	0.10	1.00	1.00	0.10	0.05	0	|	rapi	0.10	0.10	0	|	71.0	0.10(71)	0.10(71)	|	6645	
843	102	ok	|	0.08	1.00	1.00	0.09	0.04	0	|	rapi	0.08	0.09	0	|	71.0	0.09(71)	0.09(71)	|	6645	
843	103	ok	|	0.09	1.00	1.00	0.10	0.05	0	|	rapi	0.09	0.10	0	|	71.0	0.10(71)	0.10(71)	|	6645	
843	104	ok	|	0.11	1.00	1.00	0.11	0.05	0	|	rapi	0.11	0.11	0	|	71.0	0.11(71)	0.11(71)	|	6645	
843	105	ok	|	0.10	1.00	1.00	0.11	0.05	0	|	rapi	0.10	0.11	0	|	71.0	0.11(71)	0.11(71)	|	6645	
843	106	ok	|	0.11	1.00	1.00	0.12	0.06	0	|	rapi	0.11	0.12	0	|	71.0	0.12(71)	0.12(71)	|	6645	
843	107	ok	|	0.11	1.00	1.00	0.11	0.05	0	|	rapi	0.11	0.11	0	|	71.0	0.11(71)	0.11(71)	|	6645	
843	108	ok	|	0.07	1.00	1.00	0.08	0.04	0	|	rapi	0.07	0.08	0	|	71.0	0.08(71)	0.08(71)	|	6645	
843	109	ok	|	0.07	1.00	1.00	0.07	0.04	0	|	rapi	0.07	0.07	0	|	71.0	0.07(71)	0.07(71)	|	6645	
843	110	ok	|	0.07	1.00	1.00	0.07	0.04	0	|	rapi	0.07	0.07	0	|	71.0	0.07(71)	0.07(71)	|	6645	
843	111	ok	|	0.06	1.00	1.00	0.07	0.03	0	|	rapi	0.06	0.07	0	|	71.0	0.07(71)	0.07(71)	|	6645	
843	112	ok	|	0.07	1.00	1.00	0.07	0.04	0	|	rapi	0.07	0.07	0	|	71.0	0.07(71)	0.07(71)	|	6645	
843	113	ok	|	0.07	1.00	1.00	0.07	0.04	0	|	rapi	0.07	0.07	0	|	71.0	0.07(71)	0.07(71)	|	6645	
843	114	ok	|	0.07	1.00	1.00	0.07	0.04	0	|	rapi	0.07	0.07	0	|	71.0	0.07(71)	0.07(71)	|	6645	
843	115	ok	|	0.07	1.00	1.00	0.07	0.04	0	|	rapi	0.07	0.07	0	|	71.0	0.07(71)	0.07(71)	|	6645	
843	116	ok	|	0.08	1.00	1.00	0.08	0.04	0	|	rapi	0.08	0.08	0	|	71.0	0.08(71)	0.08(71)	|	6645	
843	117	ok	|	0.06	1.00	1.00	0.06	0.03	0	|	rapi	0.06	0.06	0	|	71.0	0.06(71)	0.06(71)	|	6645	
843	118	ok	|	0.06	1.00	1.00	0.06	0.03	0	|	rapi	0.06	0.06	0	|	71.0	0.06(71)	0.06(71)	|	6645	
843	119	ok	|	0.06	1.00	1.00	0.06	0.03	0	|	rapi	0.06	0.06	0	|	71.0	0.06(71)	0.06(71)	|	6645	
843	120	ok	|	0.06	1.00	1.00	0.07	0.03	0	|	rapi	0.06	0.07	0	|	71.0	0.07(71)	0.07(71)	|	6645	
843	121	ok	|	0.09	1.00	1.00	0.09	0.04	0	|	rapi	0.09	0.09	0	|	71.0	0.09(71)	0.09(71)	|	6645	
843	122	ok	|	0.10	1.00	1.00	0.10	0.05	0	|	rapi	0.10	0.10	0	|	71.0	0.10(71)	0.10(71)	|	6645	
843	123	ok	|	0.10	1.00	1.00	0.10	0.05	0	|	rapi	0.10	0.10	0	|	71.0	0.10(71)	0.10(71)	|	6645	
843	124	ok	|	0.09	1.00	1.00	0.09	0.04	0	|	rapi	0.09	0.09	0	|	71.0	0.09(71)	0.09(71)	|	6645	
843	125	ok	|	0.08	1.00	1.00	0.09	0.04	0	|	rapi	0.08	0.09	0	|	71.0	0.09(71)	0.09(71)	|	6645	
843	126	ok	|	0.08	1.00	1.00	0.08	0.04	0	|	rapi	0.08	0.08	0	|	71.0	0.08(71)	0.08(71)	|	6645	
843	127	ok	|	0.10	1.00	1.00	0.10	0.05	0	|	rapi	0.10	0.10	0	|	71.0	0.10(71)	0.10(71)	|	6645	
843	128	ok	|	0.10	1.00	1.00	0.10	0.05	0	|	rapi	0.10	0.10	0	|	71.0	0.10(71)	0.10(71)	|	6645	
843	129	ok	|	0.10	1.00	1.00	0.10	0.05	0	|	rapi	0.10	0.10	0	|	71.0	0.10(71)	0.10(71)	|	6645	
843	130	ok	|	0.10	1.00	1.00	0.10	0.05	0	|	rapi	0.10	0.10	0	|	71.0	0.10(71)	0.10(71)	|	6645	
843	131	ok	|	0.08	1.00	1.00	0.09	0.04	0	|	rapi	0.08	0.09	0	|	71.0	0.09(71)	0.09(71)	|	6645	
843	132	ok	|	0.08	1.00	1.00	0.08	0.04	0	|	rapi	0.08	0.08	0	|	71.0	0.08(71)	0.08(71)	|	6645	
843	133	ok	|	0.07	1.00	1.00	0.07	0.04	0	|	rapi	0.07	0.07	0	|	71.0	0.07(71)	0.07(71)	|	6645	
843	134	ok	|	0.07	1.00	1.00	0.07	0.04	0	|	rapi	0.07	0.07	0	|	71.0	0.07(71)	0.07(71)	|	6645	
843	135	ok	|	0.07	1.00	1.00	0.07	0.04	0	|	rapi	0.07	0.07	0	|	71.0	0.07(71)	0.07(71)	|	6645	
843	136	ok	|	0.08	1.00	1.00	0.08	0.04	0	|	rapi	0.08	0.08	0	|	71.0	0.08(71)	0.08(71)	|	6645	
843	137	ok	|	0.09	1.00	1.00	0.09	0.04	0	|	rapi	0.09	0.09	0	|	71.0	0.09(71)	0.09(71)	|	6645	
843	138	ok	|	0.10	1.00	1.00	0.10	0.05	0	|	rapi	0.10	0.10	0	|	71.0	0.10(71)	0.10(71)	|	6645	
843	139	ok	|	0.10	1.00	1.00	0.10	0.05	0	|	rapi	0.10	0.10	0	|	71.0	0.10(71)	0.10(71)	|	6645	
843	140	ok	|	0.09	1.00	1.00	0.09	0.04	0	|	rapi	0.09	0.09	0	|	71.0	0.09(71)	0.09(71)	|	6645	
843	141	ok	|	0.07	1.00	1.00	0.07	0.04	0	|	rapi	0.07	0.07	0	|	71.0	0.07(71)	0.07(71)	|	6645	
843	142	ok	|	0.07	1.00	1.00	0.07	0.04	0	|	rapi	0.07	0.07	0	|	71.0	0.07(71)	0.07(71)	|	6645	
843	143	ok	|	0.08	1.00	1.00	0.08	0.04	0	|	rapi	0.08	0.08	0	|	71.0	0.08(71)	0.08(71)	|	6645	
843	144	ok	|	0.10	1.00	1.00	0.10	0.05	0	|	rapi	0.10	0.10	0	|	71.0	0.10(71)	0.10(71)	|	6645	
843	145	ok	|	0.07	1.00	1.00	0.07	0.04	0	|	rapi	0.07	0.07	0	|	71.0	0.07(71)	0.07(71)	|	6645	
843	146	ok	|	0.07	1.00	1.00	0.07	0.04	0	|	rapi	0.07	0.07	0	|	71.0	0.07(71)	0.07(71)	|	6645	
843	147	ok	|	0.06	1.00	1.00	0.06	0.03	0	|	rapi	0.06	0.06	0	|	71.0	0.06(71)	0.06(71)	|	6645	
843	148	ok	|	0.06	1.00	1.00	0.06	0.03	0	|	rapi	0.06	0.06	0	|	71.0	0.06(71)	0.06(71)	|	6645	
843	149	ok	|	0.06	1.00	1.00	0.06	0.03	0	|	rapi	0.06	0.06	0	|	71.0	0.06(71)	0.06(71)	|	6645	
843	150	ok	|	0.05	1.00	1.00	0.06	0.03	0	|	rapi	0.05	0.06	0	|	71.0	0.06(71)	0.06(71)	|	6645	
843	151	ok	|	0.06	1.00	1.00	0.06	0.03	0	|	rapi	0.06	0.06	0	|	71.0	0.06(71)	0.06(71)	|	6645	
843	152	ok	|	0.07	1.00	1.00	0.07	0.04	0	|	rapi	0.07	0.07	0	|	71.0	0.07(71)	0.07(71)	|	6645	
843	153	ok	|	0.06	1.00	1.00	0.06	0.03	0	|	rapi	0.06	0.06	0	|	71.0	0.06(71)	0.06(71)	|	6645	
843	154	ok	|	0.06	1.00	1.00	0.06	0.03	0	|	rapi	0.06	0.06	0	|	71.0	0.06(71)	0.06(71)	|	6645	
843	155	ok	|	0.06	1.00	1.00	0.06	0.03	0	|	rapi	0.06	0.06	0	|	71.0	0.06(71)	0.06(71)	|	6645	
843	156	ok	|	0.06	1.00	1.00	0.06	0.03	0	|	rapi	0.06	0.06	0	|	71.0	0.06(71)	0.06(71)	|	6645	
843	157	ok	|	0.06	1.00	1.00	0.06	0.03	0	|	rapi	0.06	0.06	0	|	71.0	0.06(71)	0.06(71)	|	6645	
843	158	ok	|	0.05	1.00	1.00	0.05	0.03	0	|	rapi	0.05	0.05	0	|	71.0	0.05(71)	0.05(71)	|	6645	
843	159	ok	|	0.05	1.00	1.00	0.05	0.03	0	|	rapi	0.05	0.05	0	|	71.0	0.05(71)	0.05(71)	|	6645	
843	160	ok	|	0.05	1.00	1.00	0.05	0.02	0	|	rapi	0.05	0.05	0	|	71.0	0.05(71)	0.05(71)	|	6645	
843	161	ok	|	0.04	1.00	1.00	0.04	0.02	0	|	rapi	0.04	0.04	0	|	71.0	0.04(71)	0.04(71)	|	6645	
843	162	ok	|	0.03	1.00	1.00	0.03	0.01	0	|	rapi	0.03	0.03	0	|	71.0	0.03(71)	0.03(71)	|	6645	
843	163	ok	|	0.03	1.00	1.00	0.03	0.02	0	|	rapi	0.03	0.03	0	|	71.0	0.03(71)	0.03(71)	|	6645	
843	164	ok	|	0.03	1.00	1.00	0.03	0.02	0	|	rapi	0.03	0.03	0	|	71.0	0.03(71)	0.03(71)	|	6645	
843	165	ok	|	0.03	1.00	1.00	0.03	0.01	0	|	rapi	0.03	0.03	0	|	71.0	0.03(71)	0.03(71)	|	6645	
843	166	ok	|	0.03	1.00	1.00	0.03	0.01	0	|	rapi	0.03	0.03	0	|	71.0	0.03(71)	0.03(71)	|	6645	
843	167	ok	|	0.03	1.00	1.00	0.03	0.01	0	|	rapi	0.03	0.03	0	|	71.0	0.03(71)	0.03(71)	|	6645	
843	168	ok	|	0.02	1.00	1.00	0.02	0.01	0	|	rapi	0.02	0.02	0	|	71.0	0.02(71)	0.02(71)	|	6645	
843	169	ok	|	0.01	1.00	1.00	0.01	0.00	0	|	rapi	0.01	0.01	0	|	71.0	0.01(71)	0.01(71)	|	6645	
843	170	ok	|	0.01	1.00	1.00	0.01	0.00	0	|	rapi	0.01	0.01	0	|	71.0	0.01(71)	0.01(71)	|	6645	
843	171	ok	|	0.01	1.00	1.00	0.01	0.00	0	|	rapi	0.01	0.01	0	|	71.0	0.01(71)	0.01(71)	|	6645	
843	172	ok	|	0.01	1.00	1.00	0.01	0.00	0	|	rapi	0.01	0.01	0	|	71.0	0.01(71)	0.01(71)	|	6645	
843	173	ok	|	0.00	1.00	1.00	0.00	0.00	0	|	rapi	0.00	0.00	0	|	71.0	0.00(71)	0.00(71)	|	6645	
843	174	ok	|	0.00	1.00	1.00	0.00	0.00	0	|	rapi	0.00	0.00	0	|	71.0	0.00(71)	0.00(71)	|	6645	
843	175	ok	|	0.00	1.00	1.00	0.00	0.00	0	|	rapi	0.00	0.00	0	|	71.0	0.00(71)	0.00(71)	|	6645	
843	176	ok	|	0.00	1.00	1.00	0.00	0.00	0	|	rapi	0.00	0.00	0	|	71.0	0.00(71)	0.00(71)	|	6645	
843	177	ok	|	0.01	1.00	1.00	0.01	0.00	0	|	rapi	0.01	0.01	0	|	71.0	0.01(71)	0.01(71)	|	6645	
843	178	ok	|	0.01	1.00	1.00	0.01	0.00	0	|	rapi	0.01	0.01	0	|	71.0	0.01(71)	0.01(71)	|	6645	
843	179	ok	|	0.00	1.00	1.00	0.00	0.00	0	|	rapi	0.00	0.00	0	|	71.0	0.00(71)	0.00(71)	|	6645	
843	180	ok	|	0.00	1.00	1.00	0.00	0.00	0	|	rapi	0.00	0.00	0	|	71.0	0.00(71)	0.00(71)	|	6645	
843	181	ok	|	0.00	1.00	1.00	0.00	0.00	0	|	rapi	0.00	0.00	0	|	71.0	0.00(71)	0.00(71)	|	6645	
843	182	ok	|	0.00	1.00	1.00	0.00	0.00	0	|	rapi	0.00	0.00	0	|	71.0	0.00(71)	0.00(71)	|	6645	
843	183	ok	|	0.00	1.00	1.00	0.00	0.00	0	|	rapi	0.00	0.00	0	|	71.0	0.00(71)	0.00(71)	|	6645	
843	184	ok	|	0.00	1.00	1.00	0.00	0.00	0	|	rapi	0.00	0.00	0	|	71.0	0.00(71)	0.00(71)	|	6645	
843	185	ok	|	0.00	1.00	1.00	0.00	0.00	0	|	rapi	0.00	0.00	0	|	71.0	0.00(71)	0.00(71)	|	6645	
843	186	ok	|	0.00	1.00	1.00	0.00	0.00	0	|	rapi	0.00	0.00	0	|	71.0	0.00(71)	0.00(71)	|	6645	
843	187	ok	|	0.00	1.00	1.00	0.00	0.00	0	|	rapi	0.00	0.00	0	|	71.0	0.00(71)	0.00(71)	|	6645	
843	188	ok	|	0.00	1.00	1.00	0.00	0.00	0	|	rapi	0.00	0.00	0	|	71.0	0.00(71)	0.00(71)	|	6645	
843	189	fail-0	|	0.00	1.00	1.00	0.00	NaN	0	|	rapi	0.00	0.00	0	|	NaN			|	6645	
