8497	0	ok	|	0.09	1.00	1.00	0.10	0.00	0	|	rapi	0.00	0.00	0	|	-98.0	0.10(-98)		|	142	
8497	1	ok	|	0.10	1.00	1.00	0.13	0.00	0	|	rapi	0.00	0.00	0	|	-98.0	0.13(-98)		|	142	
8497	2	ok	|	0.11	1.00	1.00	0.14	0.00	0	|	rapi	0.00	0.00	0	|	-98.0	0.14(-98)		|	142	
8497	3	ok	|	0.13	1.00	1.00	0.16	0.00	0	|	rapi	0.00	0.00	0	|	-98.0	0.16(-98)		|	142	
8497	4	ok	|	0.14	1.00	1.00	0.20	0.00	0	|	rapi	0.00	0.00	0	|	-98.0	0.20(-98)		|	142	
8497	5	ok	|	0.16	1.00	1.00	0.23	0.00	0	|	rapi	0.00	0.00	0	|	-98.0	0.23(-98)		|	142	
8497	6	ok	|	0.20	1.00	1.00	0.30	0.00	0	|	rapi	0.00	0.00	0	|	-98.0	0.30(-98)		|	142	
8497	7	ok	|	0.24	1.00	1.00	0.37	0.00	0	|	rapi	0.00	0.00	0	|	-98.0	0.37(-98)		|	142	
8497	8	ok	|	0.25	1.00	1.00	0.39	0.00	0	|	rapi	0.00	0.00	0	|	-98.0	0.39(-98)		|	142	
8497	9	ok	|	0.30	1.00	1.00	0.47	0.00	0	|	rapi	0.00	0.00	0	|	-98.0	0.47(-98)		|	142	
8497	10	ok	|	0.35	0.99	0.99	0.55	0.00	0	|	rapi	0.00	0.00	0	|	-98.0	0.55(-98)		|	142	
8497	11	ok	|	0.39	0.99	0.99	0.68	0.00	0	|	rapi	0.00	0.00	0	|	-98.0	0.68(-98)		|	142	
8497	12	ok	|	0.44	0.99	0.99	0.80	0.00	0	|	rapi	0.00	0.00	0	|	-98.0	0.80(-98)		|	142	
8497	13	ok	|	0.51	0.99	0.99	0.93	0.00	0	|	rapi	0.00	0.00	0	|	-98.0	0.93(-98)		|	142	
8497	14	ok	|	0.57	0.99	0.99	1.10	0.00	0	|	rapi	0.00	0.00	0	|	-98.0	1.10(-98)	0.00(-98)	|	142	
8497	15	ok	|	0.60	0.99	0.99	1.19	0.00	0	|	rapi	0.00	0.00	0	|	-98.0	1.19(-98)	0.00(-98)	|	142	
8497	16	ok	|	0.65	0.99	0.99	1.36	0.00	0	|	rapi	0.00	0.00	0	|	-98.0	1.36(-98)	0.00(-98)	|	142	
8497	17	ok	|	0.73	0.98	0.98	1.71	0.00	0	|	rapi	0.00	0.00	0	|	-98.0	1.71(-98)	0.00(-98)	|	142	
8497	18	ok	|	0.80	0.98	0.98	2.06	0.00	0	|	rapi	0.00	0.00	0	|	-98.0	2.06(-98)	0.00(-98)	|	142	
8497	19	ok	|	0.86	0.98	0.98	2.44	0.00	0	|	rapi	0.00	0.00	0	|	-98.0	2.44(-98)	0.00(-98)	|	142	
8497	20	ok	|	0.92	0.97	0.97	2.93	0.00	0	|	rapi	0.00	0.00	0	|	-98.0	2.93(-98)	0.00(-98)	|	142	
8497	21	ok	|	0.93	0.96	0.96	3.54	0.00	0	|	rapi	0.00	0.00	0	|	-98.0	3.54(-98)	0.00(-98)	|	142	
8497	22	ok	|	0.96	0.96	0.96	4.12	0.00	0	|	rapi	0.00	0.00	0	|	-98.0	4.12(-98)	0.00(-98)	|	142	
8497	23	ok	|	0.98	0.95	0.95	4.86	0.00	0	|	rapi	0.00	0.00	0	|	-98.0	4.86(-98)	0.00(-98)	|	142	
8497	24	ok	|	0.99	0.94	0.94	5.89	0.00	0	|	rapi	0.00	0.00	0	|	-98.0	5.89(-98)	0.00(-98)	|	142	
8497	25	ok	|	0.99	0.93	0.93	6.88	0.00	0	|	rapi	0.00	0.00	0	|	-98.0	6.88(-98)	0.00(-98)	|	142	
8497	26	ok	|	1.00	0.92	0.92	8.28	0.00	0	|	rapi	0.00	0.00	0	|	-98.0	8.28(-98)	0.00(-98)	|	142	
8497	27	ok	|	1.00	0.90	0.90	9.78	0.00	0	|	rapi	0.00	0.00	0	|	-98.0	9.78(-98)	0.00(-98)	|	142	
8497	28	ok	|	1.00	0.88	0.88	11.52	0.00	0	|	rapi	0.00	0.00	0	|	-98.0	11.52(-98)	0.00(-98)	|	142	
8497	29	ok	|	1.00	0.87	0.87	13.38	0.00	0	|	rapi	0.00	0.00	0	|	-98.0	13.38(-98)	0.00(-98)	|	142	
8497	30	ok	|	1.00	0.84	0.84	15.97	0.00	0	|	rapi	0.00	0.00	0	|	-98.0	15.97(-98)	0.00(-98)	|	142	
8497	31	ok	|	1.00	0.81	0.81	18.63	0.00	0	|	rapi	0.00	0.00	0	|	-98.0	18.63(-98)	0.00(-98)	|	142	
8497	32	ok	|	1.00	0.78	0.78	22.03	0.00	0	|	rapi	0.00	0.00	0	|	-98.0	22.03(-98)	0.00(-98)	|	142	
8497	33	ok	|	1.00	0.74	0.74	25.75	0.00	0	|	rapi	0.01	0.01	0	|	-98.0	25.75(-98)	0.01(-98)	|	142	
8497	34	ok	|	1.00	0.70	0.70	29.66	0.00	0	|	rapi	0.01	0.01	0	|	-98.0	29.66(-98)	0.01(-98)	|	142	
8497	35	ok	|	1.00	0.65	0.65	34.67	0.00	0	|	rapi	0.01	0.01	0	|	-98.0	34.67(-98)	0.01(-98)	|	142	
8497	36	ok	|	1.00	0.60	0.60	40.29	0.00	0	|	rapi	0.00	0.00	0	|	-98.0	40.29(-98)	0.00(-98)	|	142	
8497	37	ok	|	1.00	0.53	0.53	47.22	0.00	0	|	rapi	0.01	0.01	0	|	-98.0	47.22(-98)	0.01(-98)	|	142	
8497	38	ok	|	1.00	0.45	0.45	55.06	0.00	0	|	rapi	0.01	0.01	0	|	-98.0	55.06(-98)	0.01(-98)	|	142	
8497	39	ok	|	1.00	0.36	0.36	64.22	0.00	0	|	rapi	0.01	0.01	0	|	-98.0	64.22(-98)	0.01(-98)	|	142	
8497	40	ok	|	1.00	0.26	0.26	73.68	0.00	0	|	rapi	0.01	0.01	0	|	-98.0	73.68(-98)	0.01(-98)	|	142	
8497	41	ok	|	1.00	0.18	0.18	82.79	0.00	0	|	rapi	0.01	0.01	0	|	-98.0	82.79(-98)	0.01(-98)	|	142	
8497	42	ok	|	1.00	0.11	0.11	90.64	0.00	0	|	rapi	0.01	0.01	0	|	-98.0	90.64(-98)	0.01(-98)	|	142	
8497	43	fail-w	|	1.00	0.05	0.05	97.94	0.00	0	|	rapi	0.01	0.01	0	|	-98.0	97.94(-98)	0.01(-98)	|	142	
