8571	0	ok	|	0.10	1.00	1.00	0.10	0.00	0	|	rapi	0.00	0.00	0	|	10.0	0.10(10)		|	2	
8571	1	ok	|	0.10	1.00	1.00	0.10	0.00	0	|	rapi	0.00	0.00	0	|	10.0	0.10(10)		|	2	
8571	2	ok	|	0.11	1.00	1.00	0.12	0.00	0	|	rapi	0.00	0.00	0	|	10.0	0.12(10)		|	2	
8571	3	ok	|	0.13	1.00	1.00	0.16	0.00	0	|	rapi	0.00	0.00	0	|	10.0	0.16(10)		|	2	
8571	4	ok	|	0.14	1.00	1.00	0.19	0.00	0	|	rapi	0.00	0.00	0	|	10.0	0.19(10)		|	2	
8571	5	ok	|	0.17	1.00	1.00	0.24	0.00	0	|	rapi	0.00	0.00	0	|	10.0	0.24(10)		|	2	
8571	6	ok	|	0.20	1.00	1.00	0.27	0.00	0	|	rapi	0.00	0.00	0	|	10.0	0.27(10)		|	2	
8571	7	ok	|	0.21	1.00	1.00	0.29	0.00	0	|	rapi	0.00	0.00	0	|	10.0	0.29(10)		|	2	
8571	8	ok	|	0.26	1.00	1.00	0.36	0.00	0	|	rapi	0.00	0.00	0	|	10.0	0.36(10)		|	2	
8571	9	ok	|	0.30	1.00	1.00	0.43	0.00	0	|	rapi	0.00	0.00	0	|	10.0	0.43(10)		|	2	
8571	10	ok	|	0.34	0.99	0.99	0.51	0.00	0	|	rapi	0.00	0.00	0	|	10.0	0.51(10)		|	2	
8571	11	ok	|	0.38	0.99	0.99	0.57	0.00	0	|	rapi	0.00	0.00	0	|	10.0	0.57(10)		|	2	
8571	12	ok	|	0.43	0.99	0.99	0.69	0.00	0	|	rapi	0.00	0.00	0	|	10.0	0.69(10)		|	2	
8571	13	ok	|	0.47	0.99	0.99	0.80	0.00	0	|	rapi	0.00	0.00	0	|	10.0	0.80(10)		|	2	
8571	14	ok	|	0.54	0.99	0.99	0.93	0.00	0	|	rapi	0.00	0.00	0	|	10.0	0.93(10)		|	2	
8571	15	ok	|	0.59	0.99	0.99	1.16	0.00	0	|	rapi	0.00	0.00	0	|	10.0	1.16(10)		|	2	
8571	16	ok	|	0.65	0.99	0.99	1.37	0.00	0	|	rapi	0.00	0.00	0	|	10.0	1.37(10)		|	2	
8571	17	ok	|	0.69	0.98	0.98	1.62	0.00	0	|	rapi	0.00	0.00	0	|	10.0	1.62(10)		|	2	
8571	18	ok	|	0.74	0.98	0.98	1.96	0.00	0	|	rapi	0.00	0.00	0	|	10.0	1.96(10)		|	2	
8571	19	ok	|	0.82	0.98	0.98	2.27	0.00	0	|	rapi	0.00	0.00	0	|	10.0	2.27(10)		|	2	
8571	20	ok	|	0.86	0.97	0.97	2.67	0.00	0	|	rapi	0.00	0.00	0	|	10.0	2.67(10)		|	2	
8571	21	ok	|	0.92	0.97	0.97	3.24	0.00	0	|	rapi	0.00	0.00	0	|	10.0	3.24(10)		|	2	
8571	22	ok	|	0.95	0.96	0.96	3.87	0.00	0	|	rapi	0.00	0.00	0	|	10.0	3.87(10)		|	2	
8571	23	ok	|	0.98	0.95	0.95	4.68	0.00	0	|	rapi	0.00	0.00	0	|	10.0	4.68(10)	0.00(10)	|	2	
8571	24	ok	|	0.98	0.94	0.94	5.62	0.00	0	|	rapi	0.00	0.00	0	|	10.0	5.62(10)		|	2	
8571	25	ok	|	0.99	0.93	0.93	6.71	0.00	0	|	rapi	0.00	0.00	0	|	10.0	6.71(10)		|	2	
8571	26	ok	|	1.00	0.92	0.92	8.03	0.00	0	|	rapi	0.00	0.00	0	|	10.0	8.03(10)		|	2	
8571	27	ok	|	1.00	0.91	0.91	9.38	0.00	0	|	rapi	0.00	0.00	0	|	10.0	9.38(10)		|	2	
8571	28	ok	|	1.00	0.89	0.89	11.00	0.00	0	|	rapi	0.00	0.00	0	|	10.0	11.00(10)		|	2	
8571	29	ok	|	1.00	0.87	0.87	13.12	0.00	0	|	rapi	0.00	0.00	0	|	10.0	13.12(10)	0.00(10)	|	2	
8571	30	ok	|	1.00	0.84	0.84	15.51	0.00	0	|	rapi	0.01	0.01	0	|	10.0	15.51(10)	0.01(10)	|	2	
8571	31	ok	|	1.00	0.82	0.82	18.30	0.00	0	|	rapi	0.00	0.00	0	|	10.0	18.30(10)	0.00(10)	|	2	
8571	32	ok	|	1.00	0.79	0.79	21.38	0.00	0	|	rapi	0.00	0.00	0	|	10.0	21.38(10)	0.00(10)	|	2	
8571	33	ok	|	1.00	0.75	0.75	25.03	0.00	0	|	rapi	0.01	0.01	0	|	10.0	25.03(10)	0.01(10)	|	2	
8571	34	ok	|	1.00	0.70	0.70	29.55	0.00	0	|	rapi	0.01	0.01	0	|	10.0	29.55(10)	0.01(10)	|	2	
8571	35	ok	|	1.00	0.65	0.65	34.55	0.00	0	|	rapi	0.01	0.01	0	|	10.0	34.55(10)	0.01(10)	|	2	
8571	36	ok	|	1.00	0.60	0.60	39.95	0.00	0	|	rapi	0.01	0.01	0	|	10.0	39.95(10)	0.01(10)	|	2	
8571	37	ok	|	1.00	0.53	0.53	46.53	0.00	0	|	rapi	0.01	0.01	0	|	10.0	46.53(10)	0.01(10)	|	2	
8571	38	ok	|	1.00	0.45	0.45	54.60	0.00	0	|	rapi	0.01	0.01	0	|	10.0	54.60(10)	0.01(10)	|	2	
8571	39	ok	|	1.00	0.37	0.37	62.87	0.00	0	|	rapi	0.01	0.01	0	|	10.0	62.87(10)	0.01(10)	|	2	
8571	40	ok	|	1.00	0.28	0.28	72.18	0.00	0	|	rapi	0.01	0.01	0	|	10.0	72.18(10)	0.01(10)	|	2	
8571	41	ok	|	1.00	0.18	0.18	81.86	0.00	0	|	rapi	0.02	0.02	0	|	10.0	81.86(10)	0.02(10)	|	2	
8571	42	ok	|	1.00	0.10	0.10	90.81	0.00	0	|	rapi	0.02	0.02	0	|	10.0	90.81(10)	0.02(10)	|	2	
8571	43	fail-w	|	1.00	0.06	0.06	97.69	0.00	0	|	rapi	0.03	0.03	0	|	10.0	97.69(10)	0.03(10)	|	2	
