8684	0	ok	|	0.10	1.00	1.00	0.10	0.00	0	|	rapi	0.00	0.00	0	|	-92.0	0.10(-92)		|	175	
8684	1	ok	|	0.11	1.00	1.00	0.14	0.00	0	|	rapi	0.00	0.00	0	|	-92.0	0.14(-92)		|	175	
8684	2	ok	|	0.13	1.00	1.00	0.17	0.00	0	|	rapi	0.00	0.00	0	|	-92.0	0.17(-92)		|	175	
8684	3	ok	|	0.15	1.00	1.00	0.18	0.00	0	|	rapi	0.00	0.00	0	|	-92.0	0.18(-92)		|	175	
8684	4	ok	|	0.17	1.00	1.00	0.21	0.00	0	|	rapi	0.00	0.00	0	|	-92.0	0.21(-92)		|	175	
8684	5	ok	|	0.20	1.00	1.00	0.27	0.00	0	|	rapi	0.00	0.00	0	|	-92.0	0.27(-92)		|	175	
8684	6	ok	|	0.23	1.00	1.00	0.31	0.00	0	|	rapi	0.00	0.00	0	|	-92.0	0.31(-92)		|	175	
8684	7	ok	|	0.26	1.00	1.00	0.40	0.00	0	|	rapi	0.00	0.00	0	|	-92.0	0.40(-92)	0.00(-92)	|	175	
8684	8	ok	|	0.29	1.00	1.00	0.46	0.00	0	|	rapi	0.00	0.00	0	|	-92.0	0.46(-92)	0.00(-92)	|	175	
8684	9	ok	|	0.34	0.99	0.99	0.56	0.00	0	|	rapi	0.01	0.01	0	|	-92.0	0.56(-92)	0.01(-92)	|	175	
8684	10	ok	|	0.40	0.99	0.99	0.70	0.00	0	|	rapi	0.01	0.01	0	|	-92.0	0.70(-92)	0.01(-92)	|	175	
8684	11	ok	|	0.44	0.99	0.99	0.82	0.00	0	|	rapi	0.01	0.01	0	|	-92.0	0.82(-92)	0.01(-92)	|	175	
8684	12	ok	|	0.47	0.99	0.99	0.92	0.00	0	|	rapi	0.01	0.01	0	|	-92.0	0.92(-92)	0.01(-92)	|	175	
8684	13	ok	|	0.53	0.99	0.99	1.03	0.00	0	|	rapi	0.00	0.00	0	|	-92.0	1.03(-92)	0.00(-92)	|	175	
8684	14	ok	|	0.60	0.99	0.99	1.16	0.00	0	|	rapi	0.01	0.01	0	|	-92.0	1.16(-92)	0.01(-92)	|	175	
8684	15	ok	|	0.65	0.99	0.99	1.35	0.00	0	|	rapi	0.01	0.01	0	|	-92.0	1.35(-92)	0.01(-92)	|	175	
8684	16	ok	|	0.70	0.98	0.98	1.61	0.00	0	|	rapi	0.00	0.00	0	|	-92.0	1.61(-92)	0.00(-92)	|	175	
8684	17	ok	|	0.76	0.98	0.98	1.87	0.00	0	|	rapi	0.00	0.00	0	|	-92.0	1.87(-92)	0.00(-92)	|	175	
8684	18	ok	|	0.83	0.98	0.98	2.22	0.00	0	|	rapi	0.00	0.00	0	|	-92.0	2.22(-92)	0.00(-92)	|	175	
8684	19	ok	|	0.86	0.97	0.97	2.58	0.00	0	|	rapi	0.00	0.00	0	|	-92.0	2.58(-92)	0.00(-92)	|	175	
8684	20	ok	|	0.89	0.97	0.97	3.00	0.00	0	|	rapi	0.00	0.00	0	|	-92.0	3.00(-92)	0.00(-92)	|	175	
8684	21	ok	|	0.94	0.96	0.96	3.65	0.00	0	|	rapi	0.00	0.00	0	|	-92.0	3.65(-92)		|	175	
8684	22	ok	|	0.97	0.95	0.95	4.51	0.00	0	|	rapi	0.00	0.00	0	|	-92.0	4.51(-92)	0.00(-92)	|	175	
8684	23	ok	|	0.97	0.95	0.95	5.30	0.00	0	|	rapi	0.01	0.01	0	|	-92.0	5.30(-92)	0.01(-92)	|	175	
8684	24	ok	|	0.99	0.94	0.94	5.95	0.00	0	|	rapi	0.00	0.00	0	|	-92.0	5.95(-92)	0.00(-92)	|	175	
8684	25	ok	|	0.99	0.93	0.93	7.17	0.00	0	|	rapi	0.00	0.00	0	|	-92.0	7.17(-92)	0.00(-92)	|	175	
8684	26	ok	|	1.00	0.92	0.92	8.35	0.00	0	|	rapi	0.00	0.00	0	|	-92.0	8.35(-92)	0.00(-92)	|	175	
8684	27	ok	|	1.00	0.90	0.90	9.65	0.00	0	|	rapi	0.01	0.01	0	|	-92.0	9.65(-92)	0.01(-92)	|	175	
8684	28	ok	|	1.00	0.88	0.88	11.52	0.00	0	|	rapi	0.01	0.01	0	|	-92.0	11.52(-92)	0.01(-92)	|	175	
8684	29	ok	|	1.00	0.86	0.86	13.65	0.00	0	|	rapi	0.01	0.01	0	|	-92.0	13.65(-92)	0.01(-92)	|	175	
8684	30	ok	|	1.00	0.84	0.84	16.02	0.00	0	|	rapi	0.01	0.01	0	|	-92.0	16.02(-92)	0.01(-92)	|	175	
8684	31	ok	|	1.00	0.81	0.81	18.94	0.00	0	|	rapi	0.01	0.01	0	|	-92.0	18.94(-92)	0.01(-92)	|	175	
8684	32	ok	|	1.00	0.78	0.78	22.43	0.00	0	|	rapi	0.01	0.01	0	|	-92.0	22.43(-92)	0.01(-92)	|	175	
8684	33	ok	|	1.00	0.74	0.74	26.16	0.00	0	|	rapi	0.01	0.01	0	|	-92.0	26.16(-92)	0.01(-92)	|	175	
8684	34	ok	|	1.00	0.70	0.70	30.46	0.00	0	|	rapi	0.01	0.01	0	|	-92.0	30.46(-92)	0.01(-92)	|	175	
8684	35	ok	|	1.00	0.64	0.64	35.91	0.00	0	|	rapi	0.02	0.02	0	|	-92.0	35.91(-92)	0.02(-92)	|	175	
8684	36	ok	|	1.00	0.58	0.58	42.06	0.00	0	|	rapi	0.03	0.03	0	|	-92.0	42.06(-92)	0.03(-92)	|	175	
8684	37	ok	|	1.00	0.51	0.51	49.14	0.00	0	|	rapi	0.03	0.03	0	|	-92.0	49.14(-92)	0.03(-92)	|	175	
8684	38	ok	|	1.00	0.44	0.44	56.33	0.00	0	|	rapi	0.03	0.03	0	|	-92.0	56.33(-92)	0.03(-92)	|	175	
8684	39	ok	|	1.00	0.35	0.35	64.76	0.00	0	|	rapi	0.03	0.03	0	|	-92.0	64.76(-92)	0.03(-92)	|	175	
8684	40	ok	|	1.00	0.26	0.26	73.62	0.00	0	|	rapi	0.05	0.05	0	|	-92.0	73.62(-92)	0.05(-92)	|	175	
8684	41	ok	|	1.00	0.18	0.18	82.40	0.00	0	|	rapi	0.07	0.07	0	|	-92.0	82.40(-92)	0.07(-92)	|	175	
8684	42	ok	|	1.00	0.11	0.11	90.20	0.00	0	|	rapi	0.10	0.11	0	|	-92.0	90.20(-92)	0.11(-92)	|	175	
8684	43	fail-w	|	1.00	0.09	0.09	93.81	0.00	0	|	rapi	0.19	0.22	0	|	-92.0	93.81(-92)	0.22(-92)	|	175	
