873	0	ok	|	0.10	1.00	1.00	0.10	0.00	0	|	rapi	0.00	0.00	0	|	-7.0	0.10(-7)		|	3	
873	1	ok	|	0.11	1.00	1.00	0.12	0.00	0	|	rapi	0.00	0.00	0	|	-7.0	0.12(-7)		|	3	
873	2	ok	|	0.09	1.00	1.00	0.12	0.00	0	|	rapi	0.00	0.00	0	|	-7.0	0.12(-7)		|	3	
873	3	ok	|	0.11	1.00	1.00	0.13	0.00	0	|	rapi	0.00	0.00	0	|	-7.0	0.13(-7)		|	3	
873	4	ok	|	0.12	1.00	1.00	0.15	0.00	0	|	rapi	0.00	0.00	0	|	-7.0	0.15(-7)		|	3	
873	5	ok	|	0.14	1.00	1.00	0.19	0.00	0	|	rapi	0.00	0.00	0	|	-7.0	0.19(-7)		|	3	
873	6	ok	|	0.17	1.00	1.00	0.23	0.00	0	|	rapi	0.00	0.00	0	|	-7.0	0.23(-7)		|	3	
873	7	ok	|	0.19	1.00	1.00	0.26	0.00	0	|	rapi	0.00	0.00	0	|	-7.0	0.26(-7)		|	3	
873	8	ok	|	0.18	1.00	1.00	0.27	0.00	0	|	rapi	0.00	0.00	0	|	-7.0	0.27(-7)		|	3	
873	9	ok	|	0.17	1.00	1.00	0.26	0.00	0	|	rapi	0.00	0.00	0	|	-7.0	0.26(-7)		|	3	
873	10	ok	|	0.22	1.00	1.00	0.32	0.00	0	|	rapi	0.00	0.00	0	|	-7.0	0.32(-7)		|	3	
873	11	ok	|	0.24	1.00	1.00	0.40	0.00	0	|	rapi	0.00	0.00	0	|	-7.0	0.40(-7)		|	3	
873	12	ok	|	0.29	1.00	1.00	0.48	0.00	0	|	rapi	0.00	0.00	0	|	-7.0	0.48(-7)		|	3	
873	13	ok	|	0.36	0.99	0.99	0.59	0.00	0	|	rapi	0.00	0.00	0	|	-7.0	0.59(-7)		|	3	
873	14	ok	|	0.41	0.99	0.99	0.68	0.00	0	|	rapi	0.00	0.00	0	|	-7.0	0.68(-7)		|	3	
873	15	ok	|	0.43	0.99	0.99	0.75	0.00	0	|	rapi	0.00	0.00	0	|	-7.0	0.75(-7)		|	3	
873	16	ok	|	0.46	0.99	0.99	0.83	0.00	0	|	rapi	0.00	0.00	0	|	-7.0	0.83(-7)		|	3	
873	17	ok	|	0.53	0.99	0.99	1.01	0.00	0	|	rapi	0.00	0.00	0	|	-7.0	1.01(-7)		|	3	
873	18	ok	|	0.61	0.99	0.99	1.24	0.00	0	|	rapi	0.00	0.00	0	|	-7.0	1.24(-7)		|	3	
873	19	ok	|	0.68	0.99	0.99	1.44	0.00	0	|	rapi	0.00	0.00	0	|	-7.0	1.44(-7)	0.00(-7)	|	3	
873	20	ok	|	0.75	0.98	0.98	1.75	0.00	0	|	rapi	0.00	0.00	0	|	-7.0	1.75(-7)	0.00(-7)	|	3	
873	21	ok	|	0.78	0.98	0.98	1.94	0.00	0	|	rapi	0.00	0.00	0	|	-7.0	1.94(-7)	0.00(-7)	|	3	
873	22	ok	|	0.83	0.98	0.98	2.29	0.00	0	|	rapi	0.00	0.00	0	|	-7.0	2.29(-7)	0.00(-7)	|	3	
873	23	ok	|	0.88	0.97	0.97	2.71	0.00	0	|	rapi	0.00	0.00	0	|	-7.0	2.71(-7)	0.00(-7)	|	3	
873	24	ok	|	0.91	0.97	0.97	3.19	0.00	0	|	rapi	0.00	0.00	0	|	-7.0	3.19(-7)	0.00(-7)	|	3	
873	25	ok	|	0.93	0.96	0.96	3.84	0.00	0	|	rapi	0.00	0.00	0	|	-7.0	3.84(-7)		|	3	
873	26	ok	|	0.97	0.95	0.95	4.60	0.00	0	|	rapi	0.00	0.00	0	|	-7.0	4.60(-7)		|	3	
873	27	ok	|	0.99	0.95	0.95	5.49	0.00	0	|	rapi	0.00	0.00	0	|	-7.0	5.49(-7)	0.00(-7)	|	3	
873	28	ok	|	0.99	0.94	0.94	6.40	0.00	0	|	rapi	0.00	0.00	0	|	-7.0	6.40(-7)	0.00(-7)	|	3	
873	29	ok	|	1.00	0.93	0.93	7.43	0.00	0	|	rapi	0.00	0.00	0	|	-7.0	7.43(-7)	0.00(-7)	|	3	
873	30	ok	|	1.00	0.91	0.91	8.57	0.00	0	|	rapi	0.00	0.00	0	|	-7.0	8.57(-7)	0.00(-7)	|	3	
873	31	ok	|	1.00	0.90	0.90	9.90	0.00	0	|	rapi	0.00	0.00	0	|	-7.0	9.90(-7)	0.00(-7)	|	3	
873	32	ok	|	1.00	0.88	0.88	11.67	0.00	0	|	rapi	0.00	0.00	0	|	-7.0	11.67(-7)	0.00(-7)	|	3	
873	33	ok	|	1.00	0.86	0.86	13.69	0.00	0	|	rapi	0.00	0.00	0	|	-7.0	13.69(-7)	0.00(-7)	|	3	
873	34	ok	|	1.00	0.84	0.84	16.29	0.00	0	|	rapi	0.00	0.00	0	|	-7.0	16.29(-7)	0.00(-7)	|	3	
873	35	ok	|	1.00	0.81	0.81	19.25	0.00	0	|	rapi	0.00	0.00	0	|	-7.0	19.25(-7)	0.00(-7)	|	3	
873	36	ok	|	1.00	0.77	0.77	22.59	0.00	0	|	rapi	0.00	0.00	0	|	-7.0	22.59(-7)	0.00(-7)	|	3	
873	37	ok	|	1.00	0.74	0.74	26.16	0.00	0	|	rapi	0.00	0.00	0	|	-7.0	26.16(-7)	0.00(-7)	|	3	
873	38	ok	|	1.00	0.69	0.69	30.89	0.00	0	|	rapi	0.01	0.01	0	|	-7.0	30.89(-7)	0.01(-7)	|	3	
873	39	ok	|	1.00	0.64	0.64	36.19	0.00	0	|	rapi	0.00	0.00	0	|	-7.0	36.19(-7)	0.00(-7)	|	3	
873	40	ok	|	1.00	0.58	0.58	42.30	0.00	0	|	rapi	0.00	0.00	0	|	-7.0	42.30(-7)	0.00(-7)	|	3	
873	41	ok	|	1.00	0.51	0.51	49.36	0.00	0	|	rapi	0.01	0.01	0	|	-7.0	49.36(-7)	0.01(-7)	|	3	
873	42	ok	|	1.00	0.43	0.43	56.75	0.00	0	|	rapi	0.02	0.02	0	|	-7.0	56.75(-7)	0.02(-7)	|	3	
873	43	ok	|	1.00	0.35	0.35	65.45	0.00	0	|	rapi	0.03	0.03	0	|	-7.0	65.45(-7)	0.03(-7)	|	3	
873	44	ok	|	1.00	0.26	0.26	74.32	0.00	0	|	rapi	0.04	0.04	0	|	-7.0	74.32(-7)	0.04(-7)	|	3	
873	45	ok	|	1.00	0.17	0.17	83.44	0.00	0	|	rapi	0.06	0.06	0	|	-7.0	83.44(-7)	0.06(-7)	|	3	
873	46	ok	|	1.00	0.11	0.11	90.56	0.00	0	|	rapi	0.10	0.10	0	|	-7.0	90.56(-7)	0.10(-7)	|	3	
873	47	fail-w	|	1.00	0.09	0.09	93.50	0.00	0	|	rapi	0.18	0.19	0	|	-7.0	93.50(-7)	0.19(-7)	|	3	
