8765	0	ok	|	0.09	1.00	1.00	0.10	0.00	0	|	rapi	0.00	0.00	0	|	-62.0	0.10(-62)		|	4	
8765	1	ok	|	0.10	1.00	1.00	0.12	0.00	0	|	rapi	0.00	0.00	0	|	-62.0	0.12(-62)		|	4	
8765	2	ok	|	0.12	1.00	1.00	0.14	0.00	0	|	rapi	0.00	0.00	0	|	-62.0	0.14(-62)		|	4	
8765	3	ok	|	0.14	1.00	1.00	0.19	0.00	0	|	rapi	0.00	0.00	0	|	-62.0	0.19(-62)		|	4	
8765	4	ok	|	0.16	1.00	1.00	0.22	0.00	0	|	rapi	0.00	0.00	0	|	-62.0	0.22(-62)		|	4	
8765	5	ok	|	0.18	1.00	1.00	0.25	0.00	0	|	rapi	0.00	0.00	0	|	-62.0	0.25(-62)		|	4	
8765	6	ok	|	0.20	1.00	1.00	0.29	0.00	0	|	rapi	0.00	0.00	0	|	-62.0	0.29(-62)		|	4	
8765	7	ok	|	0.24	1.00	1.00	0.35	0.00	0	|	rapi	0.00	0.00	0	|	-62.0	0.35(-62)		|	4	
8765	8	ok	|	0.28	1.00	1.00	0.43	0.00	0	|	rapi	0.00	0.00	0	|	-62.0	0.43(-62)		|	4	
8765	9	ok	|	0.33	0.99	0.99	0.54	0.00	0	|	rapi	0.00	0.00	0	|	-62.0	0.54(-62)		|	4	
8765	10	ok	|	0.37	0.99	0.99	0.65	0.00	0	|	rapi	0.00	0.00	0	|	-62.0	0.65(-62)		|	4	
8765	11	ok	|	0.42	0.99	0.99	0.78	0.00	0	|	rapi	0.00	0.00	0	|	-62.0	0.78(-62)		|	4	
8765	12	ok	|	0.47	0.99	0.99	0.87	0.00	0	|	rapi	0.00	0.00	0	|	-62.0	0.87(-62)		|	4	
8765	13	ok	|	0.54	0.99	0.99	1.09	0.00	0	|	rapi	0.00	0.00	0	|	-62.0	1.09(-62)		|	4	
8765	14	ok	|	0.61	0.99	0.99	1.23	0.00	0	|	rapi	0.00	0.00	0	|	-62.0	1.23(-62)		|	4	
8765	15	ok	|	0.67	0.99	0.99	1.44	0.00	0	|	rapi	0.00	0.00	0	|	-62.0	1.44(-62)		|	4	
8765	16	ok	|	0.75	0.98	0.98	1.74	0.00	0	|	rapi	0.00	0.00	0	|	-62.0	1.74(-62)		|	4	
8765	17	ok	|	0.81	0.98	0.98	2.18	0.00	0	|	rapi	0.00	0.00	0	|	-62.0	2.18(-62)		|	4	
8765	18	ok	|	0.86	0.97	0.97	2.57	0.00	0	|	rapi	0.00	0.00	0	|	-62.0	2.57(-62)		|	4	
8765	19	ok	|	0.90	0.97	0.97	3.05	0.00	0	|	rapi	0.00	0.00	0	|	-62.0	3.05(-62)		|	4	
8765	20	ok	|	0.93	0.96	0.96	3.54	0.00	0	|	rapi	0.00	0.00	0	|	-62.0	3.54(-62)		|	4	
8765	21	ok	|	0.96	0.96	0.96	4.43	0.00	0	|	rapi	0.00	0.00	0	|	-62.0	4.43(-62)		|	4	
8765	22	ok	|	0.98	0.95	0.95	5.15	0.00	0	|	rapi	0.00	0.00	0	|	-62.0	5.15(-62)		|	4	
8765	23	ok	|	0.98	0.94	0.94	6.15	0.00	0	|	rapi	0.00	0.00	0	|	-62.0	6.15(-62)		|	4	
8765	24	ok	|	0.99	0.93	0.93	7.31	0.00	0	|	rapi	0.00	0.00	0	|	-62.0	7.31(-62)		|	4	
8765	25	ok	|	1.00	0.91	0.91	8.74	0.00	0	|	rapi	0.00	0.00	0	|	-62.0	8.74(-62)		|	4	
8765	26	ok	|	1.00	0.90	0.90	10.30	0.00	0	|	rapi	0.00	0.00	0	|	-62.0	10.30(-62)		|	4	
8765	27	ok	|	1.00	0.88	0.88	12.15	0.00	0	|	rapi	0.00	0.00	0	|	-62.0	12.15(-62)		|	4	
8765	28	ok	|	1.00	0.86	0.86	14.27	0.00	0	|	rapi	0.00	0.00	0	|	-62.0	14.27(-62)		|	4	
8765	29	ok	|	1.00	0.83	0.83	16.54	0.00	0	|	rapi	0.00	0.00	0	|	-62.0	16.54(-62)	0.00(-62)	|	4	
8765	30	ok	|	1.00	0.80	0.80	19.63	0.00	0	|	rapi	0.00	0.00	0	|	-62.0	19.63(-62)	0.00(-62)	|	4	
8765	31	ok	|	1.00	0.77	0.77	23.00	0.00	0	|	rapi	0.00	0.00	0	|	-62.0	23.00(-62)	0.00(-62)	|	4	
8765	32	ok	|	1.00	0.73	0.73	26.93	0.00	0	|	rapi	0.00	0.00	0	|	-62.0	26.93(-62)	0.00(-62)	|	4	
8765	33	ok	|	1.00	0.68	0.68	31.53	0.00	0	|	rapi	0.00	0.00	0	|	-62.0	31.53(-62)	0.00(-62)	|	4	
8765	34	ok	|	1.00	0.63	0.63	36.93	0.00	0	|	rapi	0.01	0.01	0	|	-62.0	36.93(-62)	0.01(-62)	|	4	
8765	35	ok	|	1.00	0.57	0.57	43.19	0.00	0	|	rapi	0.01	0.01	0	|	-62.0	43.19(-62)	0.01(-62)	|	4	
8765	36	ok	|	1.00	0.50	0.50	49.71	0.00	0	|	rapi	0.01	0.01	0	|	-62.0	49.71(-62)	0.01(-62)	|	4	
8765	37	ok	|	1.00	0.42	0.42	58.17	0.00	0	|	rapi	0.01	0.01	0	|	-62.0	58.17(-62)	0.01(-62)	|	4	
8765	38	ok	|	1.00	0.33	0.33	66.55	0.00	0	|	rapi	0.02	0.02	0	|	-62.0	66.55(-62)	0.02(-62)	|	4	
8765	39	ok	|	1.00	0.24	0.24	76.00	0.00	0	|	rapi	0.02	0.02	0	|	-62.0	76.00(-62)	0.02(-62)	|	4	
8765	40	ok	|	1.00	0.15	0.15	85.18	0.00	0	|	rapi	0.04	0.04	0	|	-62.0	85.18(-62)	0.04(-62)	|	4	
8765	41	fail-w	|	1.00	0.10	0.10	92.05	0.00	0	|	rapi	0.08	0.09	0	|	-62.0	92.05(-62)	0.09(-62)	|	4	
