8782	0	ok	|	0.10	1.00	1.00	0.10	0.00	0	|	rapi	0.00	0.00	0	|	50.0	0.10(50)		|	1	
8782	1	ok	|	0.10	1.00	1.00	0.12	0.00	0	|	rapi	0.00	0.00	0	|	50.0	0.12(50)		|	1	
8782	2	ok	|	0.11	1.00	1.00	0.14	0.00	0	|	rapi	0.00	0.00	0	|	50.0	0.14(50)		|	1	
8782	3	ok	|	0.13	1.00	1.00	0.16	0.00	0	|	rapi	0.00	0.00	0	|	50.0	0.16(50)		|	1	
8782	4	ok	|	0.15	1.00	1.00	0.19	0.00	0	|	rapi	0.00	0.00	0	|	50.0	0.19(50)		|	1	
8782	5	ok	|	0.16	1.00	1.00	0.22	0.00	0	|	rapi	0.00	0.00	0	|	50.0	0.22(50)		|	1	
8782	6	ok	|	0.18	1.00	1.00	0.24	0.00	0	|	rapi	0.00	0.00	0	|	50.0	0.24(50)		|	1	
8782	7	ok	|	0.19	1.00	1.00	0.27	0.00	0	|	rapi	0.00	0.00	0	|	50.0	0.27(50)		|	1	
8782	8	ok	|	0.23	1.00	1.00	0.33	0.00	0	|	rapi	0.00	0.00	0	|	50.0	0.33(50)		|	1	
8782	9	ok	|	0.26	1.00	1.00	0.37	0.00	0	|	rapi	0.00	0.00	0	|	50.0	0.37(50)		|	1	
8782	10	ok	|	0.30	1.00	1.00	0.47	0.00	0	|	rapi	0.00	0.00	0	|	50.0	0.47(50)		|	1	
8782	11	ok	|	0.36	0.99	0.99	0.58	0.00	0	|	rapi	0.00	0.00	0	|	50.0	0.58(50)		|	1	
8782	12	ok	|	0.41	0.99	0.99	0.68	0.00	0	|	rapi	0.00	0.00	0	|	50.0	0.68(50)		|	1	
8782	13	ok	|	0.45	0.99	0.99	0.77	0.00	0	|	rapi	0.00	0.00	0	|	50.0	0.77(50)		|	1	
8782	14	ok	|	0.52	0.99	0.99	0.93	0.00	0	|	rapi	0.00	0.00	0	|	50.0	0.93(50)		|	1	
8782	15	ok	|	0.59	0.99	0.99	1.10	0.00	0	|	rapi	0.00	0.00	0	|	50.0	1.10(50)		|	1	
8782	16	ok	|	0.66	0.99	0.99	1.33	0.00	0	|	rapi	0.00	0.00	0	|	50.0	1.33(50)		|	1	
8782	17	ok	|	0.72	0.98	0.98	1.55	0.00	0	|	rapi	0.00	0.00	0	|	50.0	1.55(50)		|	1	
8782	18	ok	|	0.77	0.98	0.98	1.93	0.00	0	|	rapi	0.00	0.00	0	|	50.0	1.93(50)		|	1	
8782	19	ok	|	0.84	0.98	0.98	2.42	0.00	0	|	rapi	0.00	0.00	0	|	50.0	2.42(50)		|	1	
8782	20	ok	|	0.88	0.97	0.97	2.83	0.00	0	|	rapi	0.00	0.00	0	|	50.0	2.83(50)	0.00(50)	|	1	
8782	21	ok	|	0.91	0.97	0.97	3.28	0.00	0	|	rapi	0.00	0.00	0	|	50.0	3.28(50)	0.00(50)	|	1	
8782	22	ok	|	0.94	0.96	0.96	3.94	0.00	0	|	rapi	0.00	0.00	0	|	50.0	3.94(50)	0.00(50)	|	1	
8782	23	ok	|	0.97	0.95	0.95	4.74	0.00	0	|	rapi	0.01	0.01	0	|	50.0	4.74(50)	0.01(50)	|	1	
8782	24	ok	|	0.97	0.95	0.95	5.35	0.00	0	|	rapi	0.00	0.00	0	|	50.0	5.35(50)	0.00(50)	|	1	
8782	25	ok	|	0.99	0.93	0.93	6.54	0.00	0	|	rapi	0.01	0.01	0	|	50.0	6.54(50)	0.01(50)	|	1	
8782	26	ok	|	0.99	0.92	0.92	7.56	0.00	0	|	rapi	0.00	0.00	0	|	50.0	7.56(50)	0.00(50)	|	1	
8782	27	ok	|	1.00	0.91	0.91	8.79	0.00	0	|	rapi	0.00	0.00	0	|	50.0	8.79(50)	0.00(50)	|	1	
8782	28	ok	|	1.00	0.90	0.90	10.37	0.00	0	|	rapi	0.01	0.01	0	|	50.0	10.37(50)	0.01(50)	|	1	
8782	29	ok	|	1.00	0.88	0.88	12.19	0.00	0	|	rapi	0.00	0.00	0	|	50.0	12.19(50)	0.00(50)	|	1	
8782	30	ok	|	1.00	0.85	0.85	14.53	0.00	0	|	rapi	0.00	0.00	0	|	50.0	14.53(50)	0.00(50)	|	1	
8782	31	ok	|	1.00	0.83	0.83	17.27	0.00	0	|	rapi	0.00	0.00	0	|	50.0	17.27(50)	0.00(50)	|	1	
8782	32	ok	|	1.00	0.80	0.80	20.16	0.00	0	|	rapi	0.01	0.01	0	|	50.0	20.16(50)	0.01(50)	|	1	
8782	33	ok	|	1.00	0.76	0.76	23.57	0.00	0	|	rapi	0.01	0.01	0	|	50.0	23.57(50)	0.01(50)	|	1	
8782	34	ok	|	1.00	0.72	0.72	27.60	0.00	0	|	rapi	0.01	0.01	0	|	50.0	27.60(50)	0.01(50)	|	1	
8782	35	ok	|	1.00	0.68	0.68	32.33	0.00	0	|	rapi	0.01	0.01	0	|	50.0	32.33(50)	0.01(50)	|	1	
8782	36	ok	|	1.00	0.62	0.62	37.83	0.00	0	|	rapi	0.02	0.02	0	|	50.0	37.83(50)	0.02(50)	|	1	
8782	37	ok	|	1.00	0.56	0.56	43.82	0.00	0	|	rapi	0.02	0.02	0	|	50.0	43.82(50)	0.02(50)	|	1	
8782	38	ok	|	1.00	0.49	0.49	50.68	0.00	0	|	rapi	0.03	0.03	0	|	50.0	50.68(50)	0.03(50)	|	1	
8782	39	ok	|	1.00	0.41	0.41	58.69	0.00	0	|	rapi	0.03	0.03	0	|	50.0	58.69(50)	0.03(50)	|	1	
8782	40	ok	|	1.00	0.33	0.33	67.50	0.00	0	|	rapi	0.04	0.04	0	|	50.0	67.50(50)	0.04(50)	|	1	
8782	41	ok	|	1.00	0.23	0.23	76.82	0.00	0	|	rapi	0.04	0.04	0	|	50.0	76.82(50)	0.04(50)	|	1	
8782	42	ok	|	1.00	0.16	0.16	84.86	0.00	0	|	rapi	0.07	0.07	0	|	50.0	84.86(50)	0.07(50)	|	1	
8782	43	ok	|	1.00	0.11	0.11	90.65	0.00	0	|	rapi	0.09	0.09	0	|	50.0	90.65(50)	0.09(50)	|	1	
8782	44	fail-w	|	1.00	0.09	0.09	93.00	0.00	0	|	rapi	0.17	0.18	0	|	50.0	93.00(50)	0.18(50)	|	1	
