8840	0	ok	|	0.10	1.00	1.00	0.10	0.00	0	|	rapi	0.09	0.10	0	|	67.0	0.10(67)	0.10(67)	|	8723	
8840	1	ok	|	0.09	1.00	1.00	0.09	0.00	0	|	rapi	0.09	0.09	0	|	67.0	0.09(67)	0.09(67)	|	8723	
8840	2	ok	|	0.09	1.00	1.00	0.09	0.00	0	|	rapi	0.09	0.09	0	|	67.0	0.09(67)	0.09(67)	|	8723	
8840	3	ok	|	0.07	1.00	1.00	0.08	0.00	0	|	rapi	0.07	0.08	0	|	67.0	0.08(67)	0.08(67)	|	8723	
8840	4	ok	|	0.08	1.00	1.00	0.08	0.00	0	|	rapi	0.08	0.08	0	|	67.0	0.08(67)	0.08(67)	|	8723	
8840	5	ok	|	0.07	1.00	1.00	0.07	0.00	0	|	rapi	0.07	0.07	0	|	67.0	0.07(67)	0.07(67)	|	8723	
8840	6	ok	|	0.06	1.00	1.00	0.06	0.00	0	|	rapi	0.06	0.06	0	|	67.0	0.06(67)	0.06(67)	|	8723	
8840	7	ok	|	0.06	1.00	1.00	0.06	0.00	0	|	rapi	0.06	0.06	0	|	67.0	0.06(67)	0.06(67)	|	8723	
8840	8	ok	|	0.07	1.00	1.00	0.07	0.00	0	|	rapi	0.07	0.07	0	|	67.0	0.07(67)	0.07(67)	|	8723	
8840	9	ok	|	0.07	1.00	1.00	0.07	0.00	0	|	rapi	0.07	0.07	0	|	67.0	0.07(67)	0.07(67)	|	8723	
8840	10	ok	|	0.07	1.00	1.00	0.07	0.00	0	|	rapi	0.07	0.07	0	|	67.0	0.07(67)	0.07(67)	|	8723	
8840	11	ok	|	0.08	1.00	1.00	0.08	0.00	0	|	rapi	0.08	0.08	0	|	67.0	0.08(67)	0.08(67)	|	8723	
8840	12	ok	|	0.07	1.00	1.00	0.08	0.00	0	|	rapi	0.07	0.08	0	|	67.0	0.08(67)	0.08(67)	|	8723	
8840	13	ok	|	0.07	1.00	1.00	0.08	0.00	0	|	rapi	0.07	0.08	0	|	67.0	0.08(67)	0.08(67)	|	8723	
8840	14	ok	|	0.07	1.00	1.00	0.08	0.00	0	|	rapi	0.07	0.08	0	|	67.0	0.08(67)	0.08(67)	|	8723	
8840	15	ok	|	0.08	1.00	1.00	0.08	0.00	0	|	rapi	0.08	0.08	0	|	67.0	0.08(67)	0.08(67)	|	8723	
8840	16	ok	|	0.08	1.00	1.00	0.09	0.00	0	|	rapi	0.08	0.09	0	|	67.0	0.09(67)	0.09(67)	|	8723	
8840	17	ok	|	0.09	1.00	1.00	0.09	0.01	0	|	rapi	0.09	0.09	0	|	67.0	0.09(67)	0.09(67)	|	8723	
8840	18	ok	|	0.09	1.00	1.00	0.09	0.01	0	|	rapi	0.09	0.09	0	|	67.0	0.09(67)	0.09(67)	|	8723	
8840	19	ok	|	0.10	1.00	1.00	0.11	0.01	0	|	rapi	0.10	0.11	0	|	67.0	0.11(67)	0.11(67)	|	8723	
8840	20	ok	|	0.11	1.00	1.00	0.11	0.01	0	|	rapi	0.11	0.11	0	|	67.0	0.11(67)	0.11(67)	|	8723	
8840	21	ok	|	0.10	1.00	1.00	0.10	0.01	0	|	rapi	0.10	0.10	0	|	67.0	0.10(67)	0.10(67)	|	8723	
8840	22	ok	|	0.10	1.00	1.00	0.10	0.01	0	|	rapi	0.10	0.10	0	|	67.0	0.10(67)	0.10(67)	|	8723	
8840	23	ok	|	0.10	1.00	1.00	0.10	0.01	0	|	rapi	0.10	0.10	0	|	67.0	0.10(67)	0.10(67)	|	8723	
8840	24	ok	|	0.11	1.00	1.00	0.11	0.01	0	|	rapi	0.11	0.11	0	|	67.0	0.11(67)	0.11(67)	|	8723	
8840	25	ok	|	0.10	1.00	1.00	0.10	0.01	0	|	rapi	0.10	0.10	0	|	67.0	0.10(67)	0.10(67)	|	8723	
8840	26	ok	|	0.10	1.00	1.00	0.10	0.01	0	|	rapi	0.10	0.10	0	|	67.0	0.10(67)	0.10(67)	|	8723	
8840	27	ok	|	0.10	1.00	1.00	0.10	0.01	0	|	rapi	0.10	0.10	0	|	67.0	0.10(67)	0.10(67)	|	8723	
8840	28	ok	|	0.10	1.00	1.00	0.10	0.01	0	|	rapi	0.10	0.10	0	|	67.0	0.10(67)	0.10(67)	|	8723	
8840	29	ok	|	0.07	1.00	1.00	0.08	0.01	0	|	rapi	0.07	0.08	0	|	67.0	0.08(67)	0.08(67)	|	8723	
8840	30	ok	|	0.07	1.00	1.00	0.08	0.01	0	|	rapi	0.07	0.08	0	|	67.0	0.08(67)	0.08(67)	|	8723	
8840	31	ok	|	0.10	1.00	1.00	0.10	0.01	0	|	rapi	0.10	0.10	0	|	67.0	0.10(67)	0.10(67)	|	8723	
8840	32	ok	|	0.09	1.00	1.00	0.09	0.01	0	|	rapi	0.09	0.09	0	|	67.0	0.09(67)	0.09(67)	|	8723	
8840	33	ok	|	0.10	1.00	1.00	0.10	0.01	0	|	rapi	0.10	0.10	0	|	67.0	0.10(67)	0.10(67)	|	8723	
8840	34	ok	|	0.11	1.00	1.00	0.11	0.01	0	|	rapi	0.11	0.11	0	|	67.0	0.11(67)	0.11(67)	|	8723	
8840	35	ok	|	0.10	1.00	1.00	0.11	0.01	0	|	rapi	0.10	0.11	0	|	67.0	0.11(67)	0.11(67)	|	8723	
8840	36	ok	|	0.09	1.00	1.00	0.09	0.01	0	|	rapi	0.09	0.09	0	|	67.0	0.09(67)	0.09(67)	|	8723	
8840	37	ok	|	0.09	1.00	1.00	0.10	0.01	0	|	rapi	0.09	0.10	0	|	67.0	0.10(67)	0.10(67)	|	8723	
8840	38	ok	|	0.10	1.00	1.00	0.11	0.01	0	|	rapi	0.10	0.11	0	|	67.0	0.11(67)	0.11(67)	|	8723	
8840	39	ok	|	0.11	1.00	1.00	0.12	0.01	0	|	rapi	0.11	0.12	0	|	67.0	0.12(67)	0.12(67)	|	8723	
8840	40	ok	|	0.11	1.00	1.00	0.11	0.01	0	|	rapi	0.11	0.11	0	|	67.0	0.11(67)	0.11(67)	|	8723	
8840	41	ok	|	0.09	1.00	1.00	0.10	0.01	0	|	rapi	0.09	0.10	0	|	67.0	0.10(67)	0.10(67)	|	8723	
8840	42	ok	|	0.09	1.00	1.00	0.10	0.01	0	|	rapi	0.09	0.10	0	|	67.0	0.10(67)	0.10(67)	|	8723	
8840	43	ok	|	0.10	1.00	1.00	0.11	0.01	0	|	rapi	0.10	0.11	0	|	67.0	0.11(67)	0.11(67)	|	8723	
8840	44	ok	|	0.10	1.00	1.00	0.10	0.01	0	|	rapi	0.10	0.10	0	|	67.0	0.10(67)	0.10(67)	|	8723	
8840	45	ok	|	0.10	1.00	1.00	0.10	0.02	0	|	rapi	0.10	0.10	0	|	67.0	0.10(67)	0.10(67)	|	8723	
8840	46	ok	|	0.09	1.00	1.00	0.10	0.02	0	|	rapi	0.09	0.10	0	|	67.0	0.10(67)	0.10(67)	|	8723	
8840	47	ok	|	0.10	1.00	1.00	0.10	0.02	0	|	rapi	0.10	0.10	0	|	67.0	0.10(67)	0.10(67)	|	8723	
8840	48	ok	|	0.11	1.00	1.00	0.11	0.02	0	|	rapi	0.11	0.11	0	|	67.0	0.11(67)	0.11(67)	|	8723	
8840	49	ok	|	0.10	1.00	1.00	0.11	0.02	0	|	rapi	0.10	0.11	0	|	67.0	0.11(67)	0.11(67)	|	8723	
8840	50	ok	|	0.11	1.00	1.00	0.12	0.03	0	|	rapi	0.11	0.12	0	|	67.0	0.12(67)	0.12(67)	|	8723	
8840	51	ok	|	0.11	1.00	1.00	0.11	0.03	0	|	rapi	0.11	0.11	0	|	67.0	0.11(67)	0.11(67)	|	8723	
8840	52	ok	|	0.09	1.00	1.00	0.10	0.02	0	|	rapi	0.09	0.10	0	|	67.0	0.10(67)	0.10(67)	|	8723	
8840	53	ok	|	0.10	1.00	1.00	0.10	0.02	0	|	rapi	0.10	0.10	0	|	67.0	0.10(67)	0.10(67)	|	8723	
8840	54	ok	|	0.11	1.00	1.00	0.11	0.03	0	|	rapi	0.11	0.11	0	|	67.0	0.11(67)	0.11(67)	|	8723	
8840	55	ok	|	0.11	1.00	1.00	0.11	0.03	0	|	rapi	0.11	0.11	0	|	67.0	0.11(67)	0.11(67)	|	8723	
8840	56	ok	|	0.11	1.00	1.00	0.11	0.03	0	|	rapi	0.11	0.11	0	|	67.0	0.11(67)	0.11(67)	|	8723	
8840	57	ok	|	0.11	1.00	1.00	0.12	0.03	0	|	rapi	0.11	0.12	0	|	67.0	0.12(67)	0.12(67)	|	8723	
8840	58	ok	|	0.11	1.00	1.00	0.11	0.03	0	|	rapi	0.11	0.11	0	|	67.0	0.11(67)	0.11(67)	|	8723	
8840	59	ok	|	0.10	1.00	1.00	0.11	0.03	0	|	rapi	0.10	0.11	0	|	67.0	0.11(67)	0.11(67)	|	8723	
8840	60	ok	|	0.09	1.00	1.00	0.10	0.02	0	|	rapi	0.09	0.10	0	|	67.0	0.10(67)	0.10(67)	|	8723	
8840	61	ok	|	0.10	1.00	1.00	0.10	0.03	0	|	rapi	0.10	0.10	0	|	67.0	0.10(67)	0.10(67)	|	8723	
8840	62	ok	|	0.10	1.00	1.00	0.11	0.03	0	|	rapi	0.10	0.11	0	|	67.0	0.11(67)	0.11(67)	|	8723	
8840	63	ok	|	0.10	1.00	1.00	0.11	0.03	0	|	rapi	0.10	0.11	0	|	67.0	0.11(67)	0.11(67)	|	8723	
8840	64	ok	|	0.08	1.00	1.00	0.08	0.02	0	|	rapi	0.08	0.08	0	|	67.0	0.08(67)	0.08(67)	|	8723	
8840	65	ok	|	0.08	1.00	1.00	0.08	0.02	0	|	rapi	0.08	0.08	0	|	67.0	0.08(67)	0.08(67)	|	8723	
8840	66	ok	|	0.08	1.00	1.00	0.08	0.02	0	|	rapi	0.08	0.08	0	|	67.0	0.08(67)	0.08(67)	|	8723	
8840	67	ok	|	0.08	1.00	1.00	0.08	0.02	0	|	rapi	0.08	0.08	0	|	67.0	0.08(67)	0.08(67)	|	8723	
8840	68	ok	|	0.07	1.00	1.00	0.07	0.02	0	|	rapi	0.07	0.07	0	|	67.0	0.07(67)	0.07(67)	|	8723	
8840	69	ok	|	0.06	1.00	1.00	0.06	0.02	0	|	rapi	0.06	0.06	0	|	67.0	0.06(67)	0.06(67)	|	8723	
8840	70	ok	|	0.06	1.00	1.00	0.06	0.01	0	|	rapi	0.06	0.06	0	|	67.0	0.06(67)	0.06(67)	|	8723	
8840	71	ok	|	0.05	1.00	1.00	0.06	0.01	0	|	rapi	0.05	0.06	0	|	67.0	0.06(67)	0.06(67)	|	8723	
8840	72	ok	|	0.06	1.00	1.00	0.06	0.01	0	|	rapi	0.06	0.06	0	|	67.0	0.06(67)	0.06(67)	|	8723	
8840	73	ok	|	0.06	1.00	1.00	0.06	0.02	0	|	rapi	0.06	0.06	0	|	67.0	0.06(67)	0.06(67)	|	8723	
8840	74	ok	|	0.06	1.00	1.00	0.06	0.02	0	|	rapi	0.06	0.06	0	|	67.0	0.06(67)	0.06(67)	|	8723	
8840	75	ok	|	0.06	1.00	1.00	0.06	0.02	0	|	rapi	0.06	0.06	0	|	67.0	0.06(67)	0.06(67)	|	8723	
8840	76	ok	|	0.05	1.00	1.00	0.05	0.01	0	|	rapi	0.05	0.05	0	|	67.0	0.05(67)	0.05(67)	|	8723	
8840	77	ok	|	0.05	1.00	1.00	0.05	0.01	0	|	rapi	0.05	0.05	0	|	67.0	0.05(67)	0.05(67)	|	8723	
8840	78	ok	|	0.04	1.00	1.00	0.04	0.01	0	|	rapi	0.04	0.04	0	|	67.0	0.04(67)	0.04(67)	|	8723	
8840	79	ok	|	0.05	1.00	1.00	0.06	0.01	0	|	rapi	0.05	0.06	0	|	67.0	0.06(67)	0.06(67)	|	8723	
8840	80	ok	|	0.05	1.00	1.00	0.05	0.01	0	|	rapi	0.05	0.05	0	|	67.0	0.05(67)	0.05(67)	|	8723	
8840	81	ok	|	0.06	1.00	1.00	0.06	0.02	0	|	rapi	0.06	0.06	0	|	67.0	0.06(67)	0.06(67)	|	8723	
8840	82	ok	|	0.07	1.00	1.00	0.07	0.02	0	|	rapi	0.07	0.07	0	|	67.0	0.07(67)	0.07(67)	|	8723	
8840	83	ok	|	0.09	1.00	1.00	0.09	0.02	0	|	rapi	0.09	0.09	0	|	67.0	0.09(67)	0.09(67)	|	8723	
8840	84	ok	|	0.08	1.00	1.00	0.09	0.02	0	|	rapi	0.08	0.09	0	|	67.0	0.09(67)	0.09(67)	|	8723	
8840	85	ok	|	0.08	1.00	1.00	0.08	0.02	0	|	rapi	0.08	0.08	0	|	67.0	0.08(67)	0.08(67)	|	8723	
8840	86	ok	|	0.08	1.00	1.00	0.09	0.02	0	|	rapi	0.08	0.09	0	|	67.0	0.09(67)	0.09(67)	|	8723	
8840	87	ok	|	0.07	1.00	1.00	0.07	0.02	0	|	rapi	0.07	0.07	0	|	67.0	0.07(67)	0.07(67)	|	8723	
8840	88	ok	|	0.07	1.00	1.00	0.08	0.02	0	|	rapi	0.07	0.08	0	|	67.0	0.08(67)	0.08(67)	|	8723	
8840	89	ok	|	0.06	1.00	1.00	0.07	0.02	0	|	rapi	0.06	0.07	0	|	67.0	0.07(67)	0.07(67)	|	8723	
8840	90	ok	|	0.06	1.00	1.00	0.07	0.02	0	|	rapi	0.06	0.07	0	|	67.0	0.07(67)	0.07(67)	|	8723	
8840	91	ok	|	0.05	1.00	1.00	0.06	0.01	0	|	rapi	0.05	0.06	0	|	67.0	0.06(67)	0.06(67)	|	8723	
8840	92	ok	|	0.05	1.00	1.00	0.05	0.01	0	|	rapi	0.05	0.05	0	|	67.0	0.05(67)	0.05(67)	|	8723	
8840	93	ok	|	0.06	1.00	1.00	0.06	0.01	0	|	rapi	0.06	0.06	0	|	67.0	0.06(67)	0.06(67)	|	8723	
8840	94	ok	|	0.05	1.00	1.00	0.05	0.01	0	|	rapi	0.05	0.05	0	|	67.0	0.05(67)	0.05(67)	|	8723	
8840	95	ok	|	0.04	1.00	1.00	0.04	0.01	0	|	rapi	0.04	0.04	0	|	67.0	0.04(67)	0.04(67)	|	8723	
8840	96	ok	|	0.04	1.00	1.00	0.04	0.01	0	|	rapi	0.04	0.04	0	|	67.0	0.04(67)	0.04(67)	|	8723	
8840	97	ok	|	0.03	1.00	1.00	0.04	0.02	0	|	rapi	0.03	0.04	0	|	67.0	0.04(67)	0.04(67)	|	8723	
8840	98	ok	|	0.02	1.00	1.00	0.02	0.01	0	|	rapi	0.02	0.02	0	|	67.0	0.02(67)	0.02(67)	|	8723	
8840	99	ok	|	0.02	1.00	1.00	0.02	0.01	0	|	rapi	0.02	0.02	0	|	67.0	0.02(67)	0.02(67)	|	8723	
8840	100	ok	|	0.02	1.00	1.00	0.02	0.01	0	|	rapi	0.02	0.02	0	|	67.0	0.02(67)	0.02(67)	|	8723	
8840	101	ok	|	0.02	1.00	1.00	0.02	0.01	0	|	rapi	0.02	0.02	0	|	67.0	0.02(67)	0.02(67)	|	8723	
8840	102	ok	|	0.03	1.00	1.00	0.03	0.01	0	|	rapi	0.03	0.03	0	|	67.0	0.03(67)	0.03(67)	|	8723	
8840	103	ok	|	0.03	1.00	1.00	0.03	0.01	0	|	rapi	0.03	0.03	0	|	67.0	0.03(67)	0.03(67)	|	8723	
8840	104	ok	|	0.02	1.00	1.00	0.02	0.01	0	|	rapi	0.02	0.02	0	|	67.0	0.02(67)	0.02(67)	|	8723	
8840	105	ok	|	0.03	1.00	1.00	0.03	0.01	0	|	rapi	0.03	0.03	0	|	67.0	0.03(67)	0.03(67)	|	8723	
8840	106	ok	|	0.03	1.00	1.00	0.03	0.01	0	|	rapi	0.03	0.03	0	|	67.0	0.03(67)	0.03(67)	|	8723	
8840	107	ok	|	0.03	1.00	1.00	0.03	0.01	0	|	rapi	0.03	0.03	0	|	67.0	0.03(67)	0.03(67)	|	8723	
8840	108	ok	|	0.03	1.00	1.00	0.03	0.01	0	|	rapi	0.03	0.03	0	|	67.0	0.03(67)	0.03(67)	|	8723	
8840	109	ok	|	0.03	1.00	1.00	0.03	0.01	0	|	rapi	0.03	0.03	0	|	67.0	0.03(67)	0.03(67)	|	8723	
8840	110	ok	|	0.02	1.00	1.00	0.02	0.01	0	|	rapi	0.02	0.02	0	|	67.0	0.02(67)	0.02(67)	|	8723	
8840	111	ok	|	0.03	1.00	1.00	0.03	0.01	0	|	rapi	0.03	0.03	0	|	67.0	0.03(67)	0.03(67)	|	8723	
8840	112	ok	|	0.04	1.00	1.00	0.04	0.02	0	|	rapi	0.04	0.04	0	|	67.0	0.04(67)	0.04(67)	|	8723	
8840	113	ok	|	0.03	1.00	1.00	0.03	0.01	0	|	rapi	0.03	0.03	0	|	67.0	0.03(67)	0.03(67)	|	8723	
8840	114	ok	|	0.02	1.00	1.00	0.02	0.01	0	|	rapi	0.02	0.02	0	|	67.0	0.02(67)	0.02(67)	|	8723	
8840	115	ok	|	0.02	1.00	1.00	0.02	0.01	0	|	rapi	0.02	0.02	0	|	67.0	0.02(67)	0.02(67)	|	8723	
8840	116	ok	|	0.02	1.00	1.00	0.02	0.01	0	|	rapi	0.02	0.02	0	|	67.0	0.02(67)	0.02(67)	|	8723	
8840	117	ok	|	0.02	1.00	1.00	0.02	0.01	0	|	rapi	0.02	0.02	0	|	67.0	0.02(67)	0.02(67)	|	8723	
8840	118	ok	|	0.02	1.00	1.00	0.02	0.01	0	|	rapi	0.02	0.02	0	|	67.0	0.02(67)	0.02(67)	|	8723	
8840	119	ok	|	0.01	1.00	1.00	0.01	0.01	0	|	rapi	0.01	0.01	0	|	67.0	0.01(67)	0.01(67)	|	8723	
8840	120	ok	|	0.03	1.00	1.00	0.03	0.01	0	|	rapi	0.03	0.03	0	|	67.0	0.03(67)	0.03(67)	|	8723	
8840	121	ok	|	0.04	1.00	1.00	0.04	0.02	0	|	rapi	0.04	0.04	0	|	67.0	0.04(67)	0.04(67)	|	8723	
8840	122	ok	|	0.04	1.00	1.00	0.04	0.02	0	|	rapi	0.04	0.04	0	|	67.0	0.04(67)	0.04(67)	|	8723	
8840	123	ok	|	0.03	1.00	1.00	0.03	0.02	0	|	rapi	0.03	0.03	0	|	67.0	0.03(67)	0.03(67)	|	8723	
8840	124	ok	|	0.03	1.00	1.00	0.03	0.01	0	|	rapi	0.03	0.03	0	|	67.0	0.03(67)	0.03(67)	|	8723	
8840	125	ok	|	0.02	1.00	1.00	0.02	0.01	0	|	rapi	0.02	0.02	0	|	67.0	0.02(67)	0.02(67)	|	8723	
8840	126	ok	|	0.03	1.00	1.00	0.03	0.01	0	|	rapi	0.03	0.03	0	|	67.0	0.03(67)	0.03(67)	|	8723	
8840	127	ok	|	0.02	1.00	1.00	0.02	0.01	0	|	rapi	0.02	0.02	0	|	67.0	0.02(67)	0.02(67)	|	8723	
8840	128	ok	|	0.02	1.00	1.00	0.03	0.01	0	|	rapi	0.02	0.03	0	|	67.0	0.03(67)	0.03(67)	|	8723	
8840	129	ok	|	0.03	1.00	1.00	0.03	0.01	0	|	rapi	0.03	0.03	0	|	67.0	0.03(67)	0.03(67)	|	8723	
8840	130	ok	|	0.02	1.00	1.00	0.02	0.01	0	|	rapi	0.02	0.02	0	|	67.0	0.02(67)	0.02(67)	|	8723	
8840	131	ok	|	0.02	1.00	1.00	0.02	0.01	0	|	rapi	0.02	0.02	0	|	67.0	0.02(67)	0.02(67)	|	8723	
8840	132	ok	|	0.01	1.00	1.00	0.01	0.00	0	|	rapi	0.01	0.01	0	|	67.0	0.01(67)	0.01(67)	|	8723	
8840	133	ok	|	0.01	1.00	1.00	0.01	0.00	0	|	rapi	0.01	0.01	0	|	67.0	0.01(67)	0.01(67)	|	8723	
8840	134	ok	|	0.01	1.00	1.00	0.01	0.01	0	|	rapi	0.01	0.01	0	|	67.0	0.01(67)	0.01(67)	|	8723	
8840	135	ok	|	0.01	1.00	1.00	0.01	0.01	0	|	rapi	0.01	0.01	0	|	67.0	0.01(67)	0.01(67)	|	8723	
8840	136	ok	|	0.01	1.00	1.00	0.01	0.01	0	|	rapi	0.01	0.01	0	|	67.0	0.01(67)	0.01(67)	|	8723	
8840	137	ok	|	0.01	1.00	1.00	0.01	0.01	0	|	rapi	0.01	0.01	0	|	67.0	0.01(67)	0.01(67)	|	8723	
8840	138	ok	|	0.01	1.00	1.00	0.01	0.01	0	|	rapi	0.01	0.01	0	|	67.0	0.01(67)	0.01(67)	|	8723	
8840	139	ok	|	0.01	1.00	1.00	0.01	0.01	0	|	rapi	0.01	0.01	0	|	67.0	0.01(67)	0.01(67)	|	8723	
8840	140	ok	|	0.02	1.00	1.00	0.02	0.01	0	|	rapi	0.02	0.02	0	|	67.0	0.02(67)	0.02(67)	|	8723	
8840	141	ok	|	0.01	1.00	1.00	0.01	0.01	0	|	rapi	0.01	0.01	0	|	67.0	0.01(67)	0.01(67)	|	8723	
8840	142	ok	|	0.01	1.00	1.00	0.01	0.00	0	|	rapi	0.01	0.01	0	|	67.0	0.01(67)	0.01(67)	|	8723	
8840	143	ok	|	0.01	1.00	1.00	0.01	0.00	0	|	rapi	0.01	0.01	0	|	67.0	0.01(67)	0.01(67)	|	8723	
8840	144	ok	|	0.01	1.00	1.00	0.01	0.00	0	|	rapi	0.01	0.01	0	|	67.0	0.01(67)	0.01(67)	|	8723	
8840	145	ok	|	0.01	1.00	1.00	0.01	0.00	0	|	rapi	0.01	0.01	0	|	67.0	0.01(67)	0.01(67)	|	8723	
8840	146	ok	|	0.01	1.00	1.00	0.01	0.00	0	|	rapi	0.01	0.01	0	|	67.0	0.01(67)	0.01(67)	|	8723	
8840	147	ok	|	0.00	1.00	1.00	0.00	0.00	0	|	rapi	0.00	0.00	0	|	67.0	0.00(67)	0.00(67)	|	8723	
8840	148	ok	|	0.01	1.00	1.00	0.01	0.00	0	|	rapi	0.01	0.01	0	|	67.0	0.01(67)	0.01(67)	|	8723	
8840	149	ok	|	0.00	1.00	1.00	0.00	0.00	0	|	rapi	0.00	0.00	0	|	67.0	0.00(67)	0.00(67)	|	8723	
8840	150	ok	|	0.01	1.00	1.00	0.01	0.00	0	|	rapi	0.01	0.01	0	|	67.0	0.01(67)	0.01(67)	|	8723	
8840	151	ok	|	0.01	1.00	1.00	0.01	0.00	0	|	rapi	0.01	0.01	0	|	67.0	0.01(67)	0.01(67)	|	8723	
8840	152	ok	|	0.00	1.00	1.00	0.00	0.00	0	|	rapi	0.00	0.00	0	|	67.0	0.00(67)	0.00(67)	|	8723	
8840	153	fail-0	|	0.00	1.00	1.00	0.00	NaN	0	|	rapi	0.00	0.00	0	|	NaN			|	8723	
