8956	0	ok	|	0.09	1.00	1.00	0.10	0.00	0	|	rapi	0.09	0.10	0	|	94.0	0.10(94)	0.10(94)	|	8087	
8956	1	ok	|	0.10	1.00	1.00	0.11	0.00	0	|	rapi	0.10	0.11	0	|	94.0	0.11(94)	0.11(94)	|	8087	
8956	2	ok	|	0.10	1.00	1.00	0.12	0.00	0	|	rapi	0.10	0.12	0	|	94.0	0.12(94)	0.12(94)	|	8087	
8956	3	ok	|	0.11	1.00	1.00	0.12	0.00	0	|	rapi	0.11	0.12	0	|	94.0	0.12(94)	0.12(94)	|	8087	
8956	4	ok	|	0.11	1.00	1.00	0.12	0.00	0	|	rapi	0.11	0.12	0	|	94.0	0.12(94)	0.12(94)	|	8087	
8956	5	ok	|	0.11	1.00	1.00	0.12	0.00	0	|	rapi	0.11	0.12	0	|	94.0	0.12(94)	0.12(94)	|	8087	
8956	6	ok	|	0.12	1.00	1.00	0.12	0.00	0	|	rapi	0.12	0.12	0	|	94.0	0.12(94)	0.12(94)	|	8087	
8956	7	ok	|	0.14	1.00	1.00	0.15	0.00	0	|	rapi	0.14	0.15	0	|	94.0	0.15(94)	0.15(94)	|	8087	
8956	8	ok	|	0.14	1.00	1.00	0.15	0.00	0	|	rapi	0.14	0.15	0	|	94.0	0.15(94)	0.15(94)	|	8087	
8956	9	ok	|	0.15	1.00	1.00	0.16	0.00	0	|	rapi	0.15	0.16	0	|	94.0	0.16(94)	0.16(94)	|	8087	
8956	10	ok	|	0.17	1.00	1.00	0.19	0.00	0	|	rapi	0.17	0.19	0	|	94.0	0.19(94)	0.19(94)	|	8087	
8956	11	ok	|	0.17	1.00	1.00	0.19	0.00	0	|	rapi	0.17	0.19	0	|	94.0	0.19(94)	0.19(94)	|	8087	
8956	12	ok	|	0.17	1.00	1.00	0.18	0.00	0	|	rapi	0.17	0.18	0	|	94.0	0.18(94)	0.18(94)	|	8087	
8956	13	ok	|	0.16	1.00	1.00	0.17	0.00	0	|	rapi	0.16	0.17	0	|	94.0	0.17(94)	0.17(94)	|	8087	
8956	14	ok	|	0.15	1.00	1.00	0.16	0.00	0	|	rapi	0.15	0.16	0	|	94.0	0.16(94)	0.16(94)	|	8087	
8956	15	ok	|	0.14	1.00	1.00	0.15	0.00	0	|	rapi	0.14	0.15	0	|	94.0	0.15(94)	0.15(94)	|	8087	
8956	16	ok	|	0.17	1.00	1.00	0.18	0.01	0	|	rapi	0.17	0.18	0	|	94.0	0.18(94)	0.18(94)	|	8087	
8956	17	ok	|	0.18	1.00	1.00	0.20	0.01	0	|	rapi	0.18	0.20	0	|	94.0	0.20(94)	0.20(94)	|	8087	
8956	18	ok	|	0.18	1.00	1.00	0.20	0.01	0	|	rapi	0.18	0.20	0	|	94.0	0.20(94)	0.20(94)	|	8087	
8956	19	ok	|	0.21	1.00	1.00	0.22	0.01	0	|	rapi	0.21	0.22	0	|	94.0	0.22(94)	0.22(94)	|	8087	
8956	20	ok	|	0.20	1.00	1.00	0.22	0.01	0	|	rapi	0.20	0.22	0	|	94.0	0.22(94)	0.22(94)	|	8087	
8956	21	ok	|	0.21	1.00	1.00	0.23	0.01	0	|	rapi	0.21	0.23	0	|	94.0	0.23(94)	0.23(94)	|	8087	
8956	22	ok	|	0.21	1.00	1.00	0.23	0.01	0	|	rapi	0.21	0.23	0	|	94.0	0.23(94)	0.23(94)	|	8087	
8956	23	ok	|	0.21	1.00	1.00	0.23	0.01	0	|	rapi	0.21	0.23	0	|	94.0	0.23(94)	0.23(94)	|	8087	
8956	24	ok	|	0.21	1.00	1.00	0.23	0.01	0	|	rapi	0.21	0.23	0	|	94.0	0.23(94)	0.23(94)	|	8087	
8956	25	ok	|	0.20	1.00	1.00	0.23	0.01	0	|	rapi	0.20	0.23	0	|	94.0	0.23(94)	0.23(94)	|	8087	
8956	26	ok	|	0.18	1.00	1.00	0.20	0.01	0	|	rapi	0.18	0.20	0	|	94.0	0.20(94)	0.20(94)	|	8087	
8956	27	ok	|	0.16	1.00	1.00	0.18	0.01	0	|	rapi	0.16	0.18	0	|	94.0	0.18(94)	0.18(94)	|	8087	
8956	28	ok	|	0.17	1.00	1.00	0.19	0.01	0	|	rapi	0.17	0.19	0	|	94.0	0.19(94)	0.19(94)	|	8087	
8956	29	ok	|	0.15	1.00	1.00	0.16	0.01	0	|	rapi	0.15	0.16	0	|	94.0	0.16(94)	0.16(94)	|	8087	
8956	30	ok	|	0.15	1.00	1.00	0.16	0.01	0	|	rapi	0.15	0.16	0	|	94.0	0.16(94)	0.16(94)	|	8087	
8956	31	ok	|	0.15	1.00	1.00	0.16	0.01	0	|	rapi	0.15	0.16	0	|	94.0	0.16(94)	0.16(94)	|	8087	
8956	32	ok	|	0.14	1.00	1.00	0.14	0.01	0	|	rapi	0.14	0.14	0	|	94.0	0.14(94)	0.14(94)	|	8087	
8956	33	ok	|	0.13	1.00	1.00	0.13	0.01	0	|	rapi	0.13	0.13	0	|	94.0	0.13(94)	0.13(94)	|	8087	
8956	34	ok	|	0.13	1.00	1.00	0.13	0.01	0	|	rapi	0.13	0.13	0	|	94.0	0.13(94)	0.13(94)	|	8087	
8956	35	ok	|	0.11	1.00	1.00	0.12	0.01	0	|	rapi	0.11	0.12	0	|	94.0	0.12(94)	0.12(94)	|	8087	
8956	36	ok	|	0.12	1.00	1.00	0.12	0.01	0	|	rapi	0.12	0.12	0	|	94.0	0.12(94)	0.12(94)	|	8087	
8956	37	ok	|	0.13	1.00	1.00	0.14	0.01	0	|	rapi	0.13	0.14	0	|	94.0	0.14(94)	0.14(94)	|	8087	
8956	38	ok	|	0.13	1.00	1.00	0.14	0.01	0	|	rapi	0.13	0.14	0	|	94.0	0.14(94)	0.14(94)	|	8087	
8956	39	ok	|	0.14	1.00	1.00	0.14	0.01	0	|	rapi	0.14	0.14	0	|	94.0	0.14(94)	0.14(94)	|	8087	
8956	40	ok	|	0.17	1.00	1.00	0.17	0.01	0	|	rapi	0.17	0.17	0	|	94.0	0.17(94)	0.17(94)	|	8087	
8956	41	ok	|	0.15	1.00	1.00	0.16	0.01	0	|	rapi	0.15	0.16	0	|	94.0	0.16(94)	0.16(94)	|	8087	
8956	42	ok	|	0.15	1.00	1.00	0.16	0.01	0	|	rapi	0.15	0.16	0	|	94.0	0.16(94)	0.16(94)	|	8087	
8956	43	ok	|	0.15	1.00	1.00	0.17	0.01	0	|	rapi	0.15	0.17	0	|	94.0	0.17(94)	0.17(94)	|	8087	
8956	44	ok	|	0.15	1.00	1.00	0.17	0.01	0	|	rapi	0.15	0.17	0	|	94.0	0.17(94)	0.17(94)	|	8087	
8956	45	ok	|	0.15	1.00	1.00	0.16	0.01	0	|	rapi	0.15	0.16	0	|	94.0	0.16(94)	0.16(94)	|	8087	
8956	46	ok	|	0.14	1.00	1.00	0.16	0.01	0	|	rapi	0.14	0.16	0	|	94.0	0.16(94)	0.16(94)	|	8087	
8956	47	ok	|	0.15	1.00	1.00	0.16	0.01	0	|	rapi	0.15	0.16	0	|	94.0	0.16(94)	0.16(94)	|	8087	
8956	48	ok	|	0.14	1.00	1.00	0.15	0.01	0	|	rapi	0.14	0.15	0	|	94.0	0.15(94)	0.15(94)	|	8087	
8956	49	ok	|	0.14	1.00	1.00	0.15	0.01	0	|	rapi	0.14	0.15	0	|	94.0	0.15(94)	0.15(94)	|	8087	
8956	50	ok	|	0.12	1.00	1.00	0.12	0.01	0	|	rapi	0.12	0.12	0	|	94.0	0.12(94)	0.12(94)	|	8087	
8956	51	ok	|	0.12	1.00	1.00	0.12	0.01	0	|	rapi	0.12	0.12	0	|	94.0	0.12(94)	0.12(94)	|	8087	
8956	52	ok	|	0.10	1.00	1.00	0.10	0.01	0	|	rapi	0.10	0.10	0	|	94.0	0.10(94)	0.10(94)	|	8087	
8956	53	ok	|	0.10	1.00	1.00	0.10	0.01	0	|	rapi	0.10	0.10	0	|	94.0	0.10(94)	0.10(94)	|	8087	
8956	54	ok	|	0.09	1.00	1.00	0.10	0.01	0	|	rapi	0.09	0.10	0	|	94.0	0.10(94)	0.10(94)	|	8087	
8956	55	ok	|	0.09	1.00	1.00	0.09	0.01	0	|	rapi	0.09	0.09	0	|	94.0	0.09(94)	0.09(94)	|	8087	
8956	56	ok	|	0.07	1.00	1.00	0.07	0.01	0	|	rapi	0.07	0.07	0	|	94.0	0.07(94)	0.07(94)	|	8087	
8956	57	ok	|	0.06	1.00	1.00	0.06	0.01	0	|	rapi	0.06	0.06	0	|	94.0	0.06(94)	0.06(94)	|	8087	
8956	58	ok	|	0.07	1.00	1.00	0.07	0.01	0	|	rapi	0.07	0.07	0	|	94.0	0.07(94)	0.07(94)	|	8087	
8956	59	ok	|	0.06	1.00	1.00	0.06	0.01	0	|	rapi	0.06	0.06	0	|	94.0	0.06(94)	0.06(94)	|	8087	
8956	60	ok	|	0.07	1.00	1.00	0.07	0.01	0	|	rapi	0.07	0.07	0	|	94.0	0.07(94)	0.07(94)	|	8087	
8956	61	ok	|	0.08	1.00	1.00	0.08	0.01	0	|	rapi	0.08	0.08	0	|	94.0	0.08(94)	0.08(94)	|	8087	
8956	62	ok	|	0.07	1.00	1.00	0.08	0.01	0	|	rapi	0.07	0.08	0	|	94.0	0.08(94)	0.08(94)	|	8087	
8956	63	ok	|	0.08	1.00	1.00	0.08	0.01	0	|	rapi	0.08	0.08	0	|	94.0	0.08(94)	0.08(94)	|	8087	
8956	64	ok	|	0.07	1.00	1.00	0.08	0.01	0	|	rapi	0.07	0.08	0	|	94.0	0.08(94)	0.08(94)	|	8087	
8956	65	ok	|	0.09	1.00	1.00	0.09	0.01	0	|	rapi	0.09	0.09	0	|	94.0	0.09(94)	0.09(94)	|	8087	
8956	66	ok	|	0.09	1.00	1.00	0.09	0.01	0	|	rapi	0.09	0.09	0	|	94.0	0.09(94)	0.09(94)	|	8087	
8956	67	ok	|	0.08	1.00	1.00	0.08	0.01	0	|	rapi	0.08	0.08	0	|	94.0	0.08(94)	0.08(94)	|	8087	
8956	68	ok	|	0.10	1.00	1.00	0.10	0.01	0	|	rapi	0.10	0.10	0	|	94.0	0.10(94)	0.10(94)	|	8087	
8956	69	ok	|	0.09	1.00	1.00	0.09	0.01	0	|	rapi	0.09	0.09	0	|	94.0	0.09(94)	0.09(94)	|	8087	
8956	70	ok	|	0.10	1.00	1.00	0.10	0.01	0	|	rapi	0.10	0.10	0	|	94.0	0.10(94)	0.10(94)	|	8087	
8956	71	ok	|	0.09	1.00	1.00	0.09	0.01	0	|	rapi	0.09	0.09	0	|	94.0	0.09(94)	0.09(94)	|	8087	
8956	72	ok	|	0.10	1.00	1.00	0.10	0.01	0	|	rapi	0.10	0.10	0	|	94.0	0.10(94)	0.10(94)	|	8087	
8956	73	ok	|	0.10	1.00	1.00	0.10	0.01	0	|	rapi	0.10	0.10	0	|	94.0	0.10(94)	0.10(94)	|	8087	
8956	74	ok	|	0.09	1.00	1.00	0.10	0.01	0	|	rapi	0.09	0.10	0	|	94.0	0.10(94)	0.10(94)	|	8087	
8956	75	ok	|	0.11	1.00	1.00	0.11	0.01	0	|	rapi	0.11	0.11	0	|	94.0	0.11(94)	0.11(94)	|	8087	
8956	76	ok	|	0.12	1.00	1.00	0.12	0.01	0	|	rapi	0.12	0.12	0	|	94.0	0.12(94)	0.12(94)	|	8087	
8956	77	ok	|	0.11	1.00	1.00	0.11	0.01	0	|	rapi	0.11	0.11	0	|	94.0	0.11(94)	0.11(94)	|	8087	
8956	78	ok	|	0.11	1.00	1.00	0.12	0.01	0	|	rapi	0.11	0.12	0	|	94.0	0.12(94)	0.12(94)	|	8087	
8956	79	ok	|	0.12	1.00	1.00	0.12	0.01	0	|	rapi	0.12	0.12	0	|	94.0	0.12(94)	0.12(94)	|	8087	
8956	80	ok	|	0.12	1.00	1.00	0.13	0.01	0	|	rapi	0.12	0.13	0	|	94.0	0.13(94)	0.13(94)	|	8087	
8956	81	ok	|	0.12	1.00	1.00	0.13	0.01	0	|	rapi	0.12	0.13	0	|	94.0	0.13(94)	0.13(94)	|	8087	
8956	82	ok	|	0.12	1.00	1.00	0.13	0.01	0	|	rapi	0.12	0.13	0	|	94.0	0.13(94)	0.13(94)	|	8087	
8956	83	ok	|	0.14	1.00	1.00	0.15	0.01	0	|	rapi	0.14	0.15	0	|	94.0	0.15(94)	0.15(94)	|	8087	
8956	84	ok	|	0.15	1.00	1.00	0.16	0.02	0	|	rapi	0.15	0.16	0	|	94.0	0.16(94)	0.16(94)	|	8087	
8956	85	ok	|	0.14	1.00	1.00	0.14	0.01	0	|	rapi	0.14	0.14	0	|	94.0	0.14(94)	0.14(94)	|	8087	
8956	86	ok	|	0.14	1.00	1.00	0.14	0.01	0	|	rapi	0.14	0.14	0	|	94.0	0.14(94)	0.14(94)	|	8087	
8956	87	ok	|	0.12	1.00	1.00	0.13	0.01	0	|	rapi	0.12	0.13	0	|	94.0	0.13(94)	0.13(94)	|	8087	
8956	88	ok	|	0.12	1.00	1.00	0.12	0.01	0	|	rapi	0.12	0.12	0	|	94.0	0.12(94)	0.12(94)	|	8087	
8956	89	ok	|	0.13	1.00	1.00	0.14	0.02	0	|	rapi	0.13	0.14	0	|	94.0	0.14(94)	0.14(94)	|	8087	
8956	90	ok	|	0.12	1.00	1.00	0.13	0.02	0	|	rapi	0.12	0.13	0	|	94.0	0.13(94)	0.13(94)	|	8087	
8956	91	ok	|	0.13	1.00	1.00	0.14	0.02	0	|	rapi	0.13	0.14	0	|	94.0	0.14(94)	0.14(94)	|	8087	
8956	92	ok	|	0.12	1.00	1.00	0.12	0.02	0	|	rapi	0.12	0.12	0	|	94.0	0.12(94)	0.12(94)	|	8087	
8956	93	ok	|	0.12	1.00	1.00	0.12	0.02	0	|	rapi	0.12	0.12	0	|	94.0	0.12(94)	0.12(94)	|	8087	
8956	94	ok	|	0.12	1.00	1.00	0.12	0.02	0	|	rapi	0.12	0.12	0	|	94.0	0.12(94)	0.12(94)	|	8087	
8956	95	ok	|	0.11	1.00	1.00	0.12	0.02	0	|	rapi	0.11	0.12	0	|	94.0	0.12(94)	0.12(94)	|	8087	
8956	96	ok	|	0.12	1.00	1.00	0.13	0.02	0	|	rapi	0.12	0.13	0	|	94.0	0.13(94)	0.13(94)	|	8087	
8956	97	ok	|	0.12	1.00	1.00	0.12	0.02	0	|	rapi	0.12	0.12	0	|	94.0	0.12(94)	0.12(94)	|	8087	
8956	98	ok	|	0.11	1.00	1.00	0.12	0.02	0	|	rapi	0.11	0.12	0	|	94.0	0.12(94)	0.12(94)	|	8087	
8956	99	ok	|	0.12	1.00	1.00	0.12	0.02	0	|	rapi	0.12	0.12	0	|	94.0	0.12(94)	0.12(94)	|	8087	
8956	100	ok	|	0.12	1.00	1.00	0.13	0.02	0	|	rapi	0.12	0.13	0	|	94.0	0.13(94)	0.13(94)	|	8087	
8956	101	ok	|	0.12	1.00	1.00	0.13	0.02	0	|	rapi	0.12	0.13	0	|	94.0	0.13(94)	0.13(94)	|	8087	
8956	102	ok	|	0.11	1.00	1.00	0.12	0.02	0	|	rapi	0.11	0.12	0	|	94.0	0.12(94)	0.12(94)	|	8087	
8956	103	ok	|	0.12	1.00	1.00	0.13	0.03	0	|	rapi	0.12	0.13	0	|	94.0	0.13(94)	0.13(94)	|	8087	
8956	104	ok	|	0.13	1.00	1.00	0.14	0.03	0	|	rapi	0.13	0.14	0	|	94.0	0.14(94)	0.14(94)	|	8087	
8956	105	ok	|	0.13	1.00	1.00	0.13	0.03	0	|	rapi	0.13	0.13	0	|	94.0	0.13(94)	0.13(94)	|	8087	
8956	106	ok	|	0.12	1.00	1.00	0.13	0.03	0	|	rapi	0.12	0.13	0	|	94.0	0.13(94)	0.13(94)	|	8087	
8956	107	ok	|	0.12	1.00	1.00	0.13	0.03	0	|	rapi	0.12	0.13	0	|	94.0	0.13(94)	0.13(94)	|	8087	
8956	108	ok	|	0.11	1.00	1.00	0.11	0.03	0	|	rapi	0.11	0.11	0	|	94.0	0.11(94)	0.11(94)	|	8087	
8956	109	ok	|	0.11	1.00	1.00	0.12	0.03	0	|	rapi	0.11	0.12	0	|	94.0	0.12(94)	0.12(94)	|	8087	
8956	110	ok	|	0.11	1.00	1.00	0.11	0.03	0	|	rapi	0.11	0.11	0	|	94.0	0.11(94)	0.11(94)	|	8087	
8956	111	ok	|	0.11	1.00	1.00	0.12	0.03	0	|	rapi	0.11	0.12	0	|	94.0	0.12(94)	0.12(94)	|	8087	
8956	112	ok	|	0.12	1.00	1.00	0.13	0.03	0	|	rapi	0.12	0.13	0	|	94.0	0.13(94)	0.13(94)	|	8087	
8956	113	ok	|	0.12	1.00	1.00	0.13	0.03	0	|	rapi	0.12	0.13	0	|	94.0	0.13(94)	0.13(94)	|	8087	
8956	114	ok	|	0.11	1.00	1.00	0.11	0.03	0	|	rapi	0.11	0.11	0	|	94.0	0.11(94)	0.11(94)	|	8087	
8956	115	ok	|	0.11	1.00	1.00	0.12	0.03	0	|	rapi	0.11	0.12	0	|	94.0	0.12(94)	0.12(94)	|	8087	
8956	116	ok	|	0.11	1.00	1.00	0.12	0.03	0	|	rapi	0.11	0.12	0	|	94.0	0.12(94)	0.12(94)	|	8087	
8956	117	ok	|	0.11	1.00	1.00	0.11	0.03	0	|	rapi	0.11	0.11	0	|	94.0	0.11(94)	0.11(94)	|	8087	
8956	118	ok	|	0.12	1.00	1.00	0.12	0.03	0	|	rapi	0.12	0.12	0	|	94.0	0.12(94)	0.12(94)	|	8087	
8956	119	ok	|	0.11	1.00	1.00	0.11	0.03	0	|	rapi	0.11	0.11	0	|	94.0	0.11(94)	0.11(94)	|	8087	
8956	120	ok	|	0.11	1.00	1.00	0.12	0.03	0	|	rapi	0.11	0.12	0	|	94.0	0.12(94)	0.12(94)	|	8087	
8956	121	ok	|	0.12	1.00	1.00	0.13	0.03	0	|	rapi	0.12	0.13	0	|	94.0	0.13(94)	0.13(94)	|	8087	
8956	122	ok	|	0.12	1.00	1.00	0.14	0.03	0	|	rapi	0.12	0.14	0	|	94.0	0.14(94)	0.14(94)	|	8087	
8956	123	ok	|	0.14	1.00	1.00	0.15	0.04	0	|	rapi	0.14	0.15	0	|	94.0	0.15(94)	0.15(94)	|	8087	
8956	124	ok	|	0.15	1.00	1.00	0.17	0.04	0	|	rapi	0.15	0.17	0	|	94.0	0.17(94)	0.17(94)	|	8087	
8956	125	ok	|	0.15	1.00	1.00	0.16	0.04	0	|	rapi	0.15	0.16	0	|	94.0	0.16(94)	0.16(94)	|	8087	
8956	126	ok	|	0.15	1.00	1.00	0.16	0.04	0	|	rapi	0.15	0.16	0	|	94.0	0.16(94)	0.16(94)	|	8087	
8956	127	ok	|	0.15	1.00	1.00	0.16	0.04	0	|	rapi	0.15	0.16	0	|	94.0	0.16(94)	0.16(94)	|	8087	
8956	128	ok	|	0.15	1.00	1.00	0.16	0.04	0	|	rapi	0.15	0.16	0	|	94.0	0.16(94)	0.16(94)	|	8087	
8956	129	ok	|	0.15	1.00	1.00	0.16	0.04	0	|	rapi	0.15	0.16	0	|	94.0	0.16(94)	0.16(94)	|	8087	
8956	130	ok	|	0.15	1.00	1.00	0.16	0.04	0	|	rapi	0.15	0.16	0	|	94.0	0.16(94)	0.16(94)	|	8087	
8956	131	ok	|	0.14	1.00	1.00	0.15	0.04	0	|	rapi	0.14	0.15	0	|	94.0	0.15(94)	0.15(94)	|	8087	
8956	132	ok	|	0.13	1.00	1.00	0.15	0.04	0	|	rapi	0.13	0.15	0	|	94.0	0.15(94)	0.15(94)	|	8087	
8956	133	ok	|	0.13	1.00	1.00	0.14	0.03	0	|	rapi	0.13	0.14	0	|	94.0	0.14(94)	0.14(94)	|	8087	
8956	134	ok	|	0.11	1.00	1.00	0.11	0.03	0	|	rapi	0.11	0.11	0	|	94.0	0.11(94)	0.11(94)	|	8087	
8956	135	ok	|	0.11	1.00	1.00	0.12	0.03	0	|	rapi	0.11	0.12	0	|	94.0	0.12(94)	0.12(94)	|	8087	
8956	136	ok	|	0.11	1.00	1.00	0.11	0.03	0	|	rapi	0.11	0.11	0	|	94.0	0.11(94)	0.11(94)	|	8087	
8956	137	ok	|	0.09	1.00	1.00	0.10	0.02	0	|	rapi	0.09	0.10	0	|	94.0	0.10(94)	0.10(94)	|	8087	
8956	138	ok	|	0.11	1.00	1.00	0.11	0.03	0	|	rapi	0.11	0.11	0	|	94.0	0.11(94)	0.11(94)	|	8087	
8956	139	ok	|	0.09	1.00	1.00	0.09	0.02	0	|	rapi	0.09	0.09	0	|	94.0	0.09(94)	0.09(94)	|	8087	
8956	140	ok	|	0.09	1.00	1.00	0.09	0.02	0	|	rapi	0.09	0.09	0	|	94.0	0.09(94)	0.09(94)	|	8087	
8956	141	ok	|	0.08	1.00	1.00	0.09	0.02	0	|	rapi	0.08	0.09	0	|	94.0	0.09(94)	0.09(94)	|	8087	
8956	142	ok	|	0.07	1.00	1.00	0.07	0.02	0	|	rapi	0.07	0.07	0	|	94.0	0.07(94)	0.07(94)	|	8087	
8956	143	ok	|	0.07	1.00	1.00	0.07	0.02	0	|	rapi	0.07	0.07	0	|	94.0	0.07(94)	0.07(94)	|	8087	
8956	144	ok	|	0.08	1.00	1.00	0.08	0.02	0	|	rapi	0.08	0.08	0	|	94.0	0.08(94)	0.08(94)	|	8087	
8956	145	ok	|	0.08	1.00	1.00	0.08	0.02	0	|	rapi	0.08	0.08	0	|	94.0	0.08(94)	0.08(94)	|	8087	
8956	146	ok	|	0.08	1.00	1.00	0.08	0.02	0	|	rapi	0.08	0.08	0	|	94.0	0.08(94)	0.08(94)	|	8087	
8956	147	ok	|	0.09	1.00	1.00	0.09	0.02	0	|	rapi	0.09	0.09	0	|	94.0	0.09(94)	0.09(94)	|	8087	
8956	148	ok	|	0.08	1.00	1.00	0.08	0.02	0	|	rapi	0.08	0.08	0	|	94.0	0.08(94)	0.08(94)	|	8087	
8956	149	ok	|	0.10	1.00	1.00	0.10	0.03	0	|	rapi	0.10	0.10	0	|	94.0	0.10(94)	0.10(94)	|	8087	
8956	150	ok	|	0.10	1.00	1.00	0.10	0.03	0	|	rapi	0.10	0.10	0	|	94.0	0.10(94)	0.10(94)	|	8087	
8956	151	ok	|	0.09	1.00	1.00	0.09	0.02	0	|	rapi	0.09	0.09	0	|	94.0	0.09(94)	0.09(94)	|	8087	
8956	152	ok	|	0.11	1.00	1.00	0.12	0.03	0	|	rapi	0.11	0.12	0	|	94.0	0.12(94)	0.12(94)	|	8087	
8956	153	ok	|	0.12	1.00	1.00	0.13	0.03	0	|	rapi	0.12	0.13	0	|	94.0	0.13(94)	0.13(94)	|	8087	
8956	154	ok	|	0.12	1.00	1.00	0.13	0.03	0	|	rapi	0.12	0.13	0	|	94.0	0.13(94)	0.13(94)	|	8087	
8956	155	ok	|	0.11	1.00	1.00	0.11	0.03	0	|	rapi	0.11	0.11	0	|	94.0	0.11(94)	0.11(94)	|	8087	
8956	156	ok	|	0.12	1.00	1.00	0.13	0.03	0	|	rapi	0.12	0.13	0	|	94.0	0.13(94)	0.13(94)	|	8087	
8956	157	ok	|	0.13	1.00	1.00	0.13	0.03	0	|	rapi	0.13	0.13	0	|	94.0	0.13(94)	0.13(94)	|	8087	
8956	158	ok	|	0.13	1.00	1.00	0.13	0.03	0	|	rapi	0.13	0.13	0	|	94.0	0.13(94)	0.13(94)	|	8087	
8956	159	ok	|	0.13	1.00	1.00	0.14	0.03	0	|	rapi	0.13	0.14	0	|	94.0	0.14(94)	0.14(94)	|	8087	
8956	160	ok	|	0.12	1.00	1.00	0.12	0.03	0	|	rapi	0.12	0.12	0	|	94.0	0.12(94)	0.12(94)	|	8087	
8956	161	ok	|	0.11	1.00	1.00	0.12	0.03	0	|	rapi	0.11	0.12	0	|	94.0	0.12(94)	0.12(94)	|	8087	
8956	162	ok	|	0.11	1.00	1.00	0.12	0.03	0	|	rapi	0.11	0.12	0	|	94.0	0.12(94)	0.12(94)	|	8087	
8956	163	ok	|	0.10	1.00	1.00	0.11	0.03	0	|	rapi	0.10	0.11	0	|	94.0	0.11(94)	0.11(94)	|	8087	
8956	164	ok	|	0.11	1.00	1.00	0.11	0.03	0	|	rapi	0.11	0.11	0	|	94.0	0.11(94)	0.11(94)	|	8087	
8956	165	ok	|	0.11	1.00	1.00	0.12	0.03	0	|	rapi	0.11	0.12	0	|	94.0	0.12(94)	0.12(94)	|	8087	
8956	166	ok	|	0.11	1.00	1.00	0.12	0.03	0	|	rapi	0.11	0.12	0	|	94.0	0.12(94)	0.12(94)	|	8087	
8956	167	ok	|	0.12	1.00	1.00	0.13	0.03	0	|	rapi	0.12	0.13	0	|	94.0	0.13(94)	0.13(94)	|	8087	
8956	168	ok	|	0.12	1.00	1.00	0.13	0.03	0	|	rapi	0.12	0.13	0	|	94.0	0.13(94)	0.13(94)	|	8087	
8956	169	ok	|	0.13	1.00	1.00	0.13	0.03	0	|	rapi	0.13	0.13	0	|	94.0	0.13(94)	0.13(94)	|	8087	
8956	170	ok	|	0.12	1.00	1.00	0.12	0.03	0	|	rapi	0.12	0.12	0	|	94.0	0.12(94)	0.12(94)	|	8087	
8956	171	ok	|	0.13	1.00	1.00	0.14	0.03	0	|	rapi	0.13	0.14	0	|	94.0	0.14(94)	0.14(94)	|	8087	
8956	172	ok	|	0.14	1.00	1.00	0.14	0.04	0	|	rapi	0.14	0.14	0	|	94.0	0.14(94)	0.14(94)	|	8087	
8956	173	ok	|	0.14	1.00	1.00	0.15	0.04	0	|	rapi	0.14	0.15	0	|	94.0	0.15(94)	0.15(94)	|	8087	
8956	174	ok	|	0.14	1.00	1.00	0.15	0.04	0	|	rapi	0.14	0.15	0	|	94.0	0.15(94)	0.15(94)	|	8087	
8956	175	ok	|	0.13	1.00	1.00	0.15	0.04	0	|	rapi	0.13	0.15	0	|	94.0	0.15(94)	0.15(94)	|	8087	
8956	176	ok	|	0.13	1.00	1.00	0.14	0.03	0	|	rapi	0.13	0.14	0	|	94.0	0.14(94)	0.14(94)	|	8087	
8956	177	ok	|	0.14	1.00	1.00	0.15	0.04	0	|	rapi	0.14	0.15	0	|	94.0	0.15(94)	0.15(94)	|	8087	
8956	178	ok	|	0.14	1.00	1.00	0.14	0.04	0	|	rapi	0.14	0.14	0	|	94.0	0.14(94)	0.14(94)	|	8087	
8956	179	ok	|	0.14	1.00	1.00	0.14	0.04	0	|	rapi	0.14	0.14	0	|	94.0	0.14(94)	0.14(94)	|	8087	
8956	180	ok	|	0.15	1.00	1.00	0.15	0.04	0	|	rapi	0.15	0.15	0	|	94.0	0.15(94)	0.15(94)	|	8087	
8956	181	ok	|	0.13	1.00	1.00	0.14	0.03	0	|	rapi	0.13	0.14	0	|	94.0	0.14(94)	0.14(94)	|	8087	
8956	182	ok	|	0.13	1.00	1.00	0.14	0.04	0	|	rapi	0.13	0.14	0	|	94.0	0.14(94)	0.14(94)	|	8087	
8956	183	ok	|	0.15	1.00	1.00	0.16	0.04	0	|	rapi	0.15	0.16	0	|	94.0	0.16(94)	0.16(94)	|	8087	
8956	184	ok	|	0.15	1.00	1.00	0.15	0.04	0	|	rapi	0.15	0.15	0	|	94.0	0.15(94)	0.15(94)	|	8087	
8956	185	ok	|	0.14	1.00	1.00	0.14	0.04	0	|	rapi	0.14	0.14	0	|	94.0	0.14(94)	0.14(94)	|	8087	
8956	186	ok	|	0.13	1.00	1.00	0.14	0.03	0	|	rapi	0.13	0.14	0	|	94.0	0.14(94)	0.14(94)	|	8087	
8956	187	ok	|	0.13	1.00	1.00	0.14	0.03	0	|	rapi	0.13	0.14	0	|	94.0	0.14(94)	0.14(94)	|	8087	
8956	188	ok	|	0.14	1.00	1.00	0.15	0.04	0	|	rapi	0.14	0.15	0	|	94.0	0.15(94)	0.15(94)	|	8087	
8956	189	ok	|	0.15	1.00	1.00	0.16	0.04	0	|	rapi	0.15	0.16	0	|	94.0	0.16(94)	0.16(94)	|	8087	
8956	190	ok	|	0.16	1.00	1.00	0.16	0.04	0	|	rapi	0.16	0.16	0	|	94.0	0.16(94)	0.16(94)	|	8087	
8956	191	ok	|	0.16	1.00	1.00	0.17	0.04	0	|	rapi	0.16	0.17	0	|	94.0	0.17(94)	0.17(94)	|	8087	
8956	192	ok	|	0.16	1.00	1.00	0.17	0.04	0	|	rapi	0.16	0.17	0	|	94.0	0.17(94)	0.17(94)	|	8087	
8956	193	ok	|	0.15	1.00	1.00	0.17	0.04	0	|	rapi	0.15	0.17	0	|	94.0	0.17(94)	0.17(94)	|	8087	
8956	194	ok	|	0.17	1.00	1.00	0.18	0.04	0	|	rapi	0.17	0.18	0	|	94.0	0.18(94)	0.18(94)	|	8087	
8956	195	ok	|	0.17	1.00	1.00	0.18	0.04	0	|	rapi	0.17	0.18	0	|	94.0	0.18(94)	0.18(94)	|	8087	
8956	196	ok	|	0.18	1.00	1.00	0.19	0.05	0	|	rapi	0.18	0.19	0	|	94.0	0.19(94)	0.19(94)	|	8087	
8956	197	ok	|	0.16	1.00	1.00	0.17	0.04	0	|	rapi	0.16	0.17	0	|	94.0	0.17(94)	0.17(94)	|	8087	
8956	198	ok	|	0.17	1.00	1.00	0.17	0.04	0	|	rapi	0.17	0.17	0	|	94.0	0.17(94)	0.17(94)	|	8087	
8956	199	ok	|	0.15	1.00	1.00	0.15	0.04	0	|	rapi	0.15	0.15	0	|	94.0	0.15(94)	0.15(94)	|	8087	
8956	200	ok	|	0.16	1.00	1.00	0.17	0.04	0	|	rapi	0.16	0.17	0	|	94.0	0.17(94)	0.17(94)	|	8087	
8956	201	ok	|	0.14	1.00	1.00	0.15	0.04	0	|	rapi	0.14	0.15	0	|	94.0	0.15(94)	0.15(94)	|	8087	
8956	202	ok	|	0.16	1.00	1.00	0.16	0.04	0	|	rapi	0.16	0.16	0	|	94.0	0.16(94)	0.16(94)	|	8087	
8956	203	ok	|	0.17	1.00	1.00	0.17	0.04	0	|	rapi	0.17	0.17	0	|	94.0	0.17(94)	0.17(94)	|	8087	
8956	204	ok	|	0.15	1.00	1.00	0.17	0.04	0	|	rapi	0.15	0.17	0	|	94.0	0.17(94)	0.17(94)	|	8087	
8956	205	ok	|	0.15	1.00	1.00	0.15	0.04	0	|	rapi	0.15	0.15	0	|	94.0	0.15(94)	0.15(94)	|	8087	
8956	206	ok	|	0.14	1.00	1.00	0.15	0.04	0	|	rapi	0.14	0.15	0	|	94.0	0.15(94)	0.15(94)	|	8087	
8956	207	ok	|	0.17	1.00	1.00	0.17	0.04	0	|	rapi	0.17	0.17	0	|	94.0	0.17(94)	0.17(94)	|	8087	
8956	208	ok	|	0.16	1.00	1.00	0.17	0.04	0	|	rapi	0.16	0.17	0	|	94.0	0.17(94)	0.17(94)	|	8087	
8956	209	ok	|	0.16	1.00	1.00	0.17	0.04	0	|	rapi	0.16	0.17	0	|	94.0	0.17(94)	0.17(94)	|	8087	
8956	210	ok	|	0.17	1.00	1.00	0.18	0.09	0	|	rapi	0.17	0.18	0	|	94.0	0.18(94)	0.18(94)	|	8087	
8956	211	ok	|	0.19	1.00	1.00	0.20	0.10	0	|	rapi	0.19	0.20	0	|	94.0	0.20(94)	0.20(94)	|	8087	
8956	212	ok	|	0.18	1.00	1.00	0.18	0.09	0	|	rapi	0.18	0.18	0	|	94.0	0.18(94)	0.18(94)	|	8087	
8956	213	ok	|	0.18	1.00	1.00	0.19	0.10	0	|	rapi	0.18	0.19	0	|	94.0	0.19(94)	0.19(94)	|	8087	
8956	214	ok	|	0.20	1.00	1.00	0.21	0.10	0	|	rapi	0.20	0.21	0	|	94.0	0.21(94)	0.21(94)	|	8087	
8956	215	ok	|	0.21	1.00	1.00	0.22	0.11	0	|	rapi	0.21	0.22	0	|	94.0	0.22(94)	0.22(94)	|	8087	
8956	216	ok	|	0.22	1.00	1.00	0.23	0.11	0	|	rapi	0.22	0.23	0	|	94.0	0.23(94)	0.23(94)	|	8087	
8956	217	ok	|	0.22	1.00	1.00	0.24	0.12	0	|	rapi	0.22	0.24	0	|	94.0	0.24(94)	0.24(94)	|	8087	
8956	218	ok	|	0.20	1.00	1.00	0.21	0.11	0	|	rapi	0.20	0.21	0	|	94.0	0.21(94)	0.21(94)	|	8087	
8956	219	ok	|	0.19	1.00	1.00	0.20	0.10	0	|	rapi	0.19	0.20	0	|	94.0	0.20(94)	0.20(94)	|	8087	
8956	220	ok	|	0.18	1.00	1.00	0.19	0.09	0	|	rapi	0.18	0.19	0	|	94.0	0.19(94)	0.19(94)	|	8087	
8956	221	ok	|	0.19	1.00	1.00	0.20	0.10	0	|	rapi	0.19	0.20	0	|	94.0	0.20(94)	0.20(94)	|	8087	
8956	222	ok	|	0.19	1.00	1.00	0.20	0.10	0	|	rapi	0.19	0.20	0	|	94.0	0.20(94)	0.20(94)	|	8087	
8956	223	ok	|	0.17	1.00	1.00	0.18	0.09	0	|	rapi	0.17	0.18	0	|	94.0	0.18(94)	0.18(94)	|	8087	
8956	224	ok	|	0.17	1.00	1.00	0.17	0.09	0	|	rapi	0.17	0.17	0	|	94.0	0.17(94)	0.17(94)	|	8087	
8956	225	ok	|	0.17	1.00	1.00	0.18	0.09	0	|	rapi	0.17	0.18	0	|	94.0	0.18(94)	0.18(94)	|	8087	
8956	226	ok	|	0.17	1.00	1.00	0.18	0.09	0	|	rapi	0.17	0.18	0	|	94.0	0.18(94)	0.18(94)	|	8087	
8956	227	ok	|	0.18	1.00	1.00	0.19	0.10	0	|	rapi	0.18	0.19	0	|	94.0	0.19(94)	0.19(94)	|	8087	
8956	228	ok	|	0.20	1.00	1.00	0.21	0.10	0	|	rapi	0.20	0.21	0	|	94.0	0.21(94)	0.21(94)	|	8087	
8956	229	ok	|	0.19	1.00	1.00	0.20	0.10	0	|	rapi	0.19	0.20	0	|	94.0	0.20(94)	0.20(94)	|	8087	
8956	230	ok	|	0.21	1.00	1.00	0.22	0.11	0	|	rapi	0.21	0.22	0	|	94.0	0.22(94)	0.22(94)	|	8087	
8956	231	ok	|	0.21	1.00	1.00	0.23	0.11	0	|	rapi	0.21	0.23	0	|	94.0	0.23(94)	0.23(94)	|	8087	
8956	232	ok	|	0.21	1.00	1.00	0.22	0.11	0	|	rapi	0.21	0.22	0	|	94.0	0.22(94)	0.22(94)	|	8087	
8956	233	ok	|	0.20	1.00	1.00	0.21	0.11	0	|	rapi	0.20	0.21	0	|	94.0	0.21(94)	0.21(94)	|	8087	
8956	234	ok	|	0.21	1.00	1.00	0.22	0.11	0	|	rapi	0.21	0.22	0	|	94.0	0.22(94)	0.22(94)	|	8087	
8956	235	ok	|	0.22	1.00	1.00	0.23	0.11	0	|	rapi	0.22	0.23	0	|	94.0	0.23(94)	0.23(94)	|	8087	
8956	236	ok	|	0.20	1.00	1.00	0.22	0.11	0	|	rapi	0.20	0.22	0	|	94.0	0.22(94)	0.22(94)	|	8087	
8956	237	ok	|	0.20	1.00	1.00	0.22	0.11	0	|	rapi	0.20	0.22	0	|	94.0	0.22(94)	0.22(94)	|	8087	
8956	238	ok	|	0.21	1.00	1.00	0.22	0.11	0	|	rapi	0.21	0.22	0	|	94.0	0.22(94)	0.22(94)	|	8087	
8956	239	ok	|	0.20	1.00	1.00	0.22	0.11	0	|	rapi	0.20	0.22	0	|	94.0	0.22(94)	0.22(94)	|	8087	
8956	240	ok	|	0.19	1.00	1.00	0.21	0.10	0	|	rapi	0.19	0.21	0	|	94.0	0.21(94)	0.21(94)	|	8087	
8956	241	ok	|	0.19	1.00	1.00	0.20	0.10	0	|	rapi	0.19	0.20	0	|	94.0	0.20(94)	0.20(94)	|	8087	
8956	242	ok	|	0.17	1.00	1.00	0.18	0.09	0	|	rapi	0.17	0.18	0	|	94.0	0.18(94)	0.18(94)	|	8087	
8956	243	ok	|	0.18	1.00	1.00	0.19	0.10	0	|	rapi	0.18	0.19	0	|	94.0	0.19(94)	0.19(94)	|	8087	
8956	244	ok	|	0.18	1.00	1.00	0.19	0.09	0	|	rapi	0.18	0.19	0	|	94.0	0.19(94)	0.19(94)	|	8087	
8956	245	ok	|	0.18	1.00	1.00	0.18	0.09	0	|	rapi	0.18	0.18	0	|	94.0	0.18(94)	0.18(94)	|	8087	
8956	246	ok	|	0.19	1.00	1.00	0.20	0.10	0	|	rapi	0.19	0.20	0	|	94.0	0.20(94)	0.20(94)	|	8087	
8956	247	ok	|	0.18	1.00	1.00	0.19	0.10	0	|	rapi	0.18	0.19	0	|	94.0	0.19(94)	0.19(94)	|	8087	
8956	248	ok	|	0.18	1.00	1.00	0.19	0.10	0	|	rapi	0.18	0.19	0	|	94.0	0.19(94)	0.19(94)	|	8087	
8956	249	ok	|	0.20	1.00	1.00	0.22	0.11	0	|	rapi	0.20	0.22	0	|	94.0	0.22(94)	0.22(94)	|	8087	
8956	250	ok	|	0.20	1.00	1.00	0.21	0.10	0	|	rapi	0.20	0.21	0	|	94.0	0.21(94)	0.21(94)	|	8087	
8956	251	ok	|	0.21	1.00	1.00	0.22	0.11	0	|	rapi	0.21	0.22	0	|	94.0	0.22(94)	0.22(94)	|	8087	
8956	252	ok	|	0.21	1.00	1.00	0.22	0.11	0	|	rapi	0.21	0.22	0	|	94.0	0.22(94)	0.22(94)	|	8087	
8956	253	ok	|	0.20	1.00	1.00	0.22	0.11	0	|	rapi	0.20	0.22	0	|	94.0	0.22(94)	0.22(94)	|	8087	
8956	254	ok	|	0.21	1.00	1.00	0.22	0.11	0	|	rapi	0.21	0.22	0	|	94.0	0.22(94)	0.22(94)	|	8087	
8956	255	ok	|	0.19	1.00	1.00	0.20	0.10	0	|	rapi	0.19	0.20	0	|	94.0	0.20(94)	0.20(94)	|	8087	
8956	256	ok	|	0.17	1.00	1.00	0.18	0.09	0	|	rapi	0.17	0.18	0	|	94.0	0.18(94)	0.18(94)	|	8087	
8956	257	ok	|	0.18	1.00	1.00	0.18	0.09	0	|	rapi	0.18	0.18	0	|	94.0	0.18(94)	0.18(94)	|	8087	
8956	258	ok	|	0.17	1.00	1.00	0.17	0.09	0	|	rapi	0.17	0.17	0	|	94.0	0.17(94)	0.17(94)	|	8087	
8956	259	ok	|	0.16	1.00	1.00	0.17	0.08	0	|	rapi	0.16	0.17	0	|	94.0	0.17(94)	0.17(94)	|	8087	
8956	260	ok	|	0.16	1.00	1.00	0.17	0.09	0	|	rapi	0.16	0.17	0	|	94.0	0.17(94)	0.17(94)	|	8087	
8956	261	ok	|	0.16	1.00	1.00	0.17	0.08	0	|	rapi	0.16	0.17	0	|	94.0	0.17(94)	0.17(94)	|	8087	
8956	262	ok	|	0.17	1.00	1.00	0.18	0.09	0	|	rapi	0.17	0.18	0	|	94.0	0.18(94)	0.18(94)	|	8087	
8956	263	ok	|	0.19	1.00	1.00	0.21	0.10	0	|	rapi	0.19	0.21	0	|	94.0	0.21(94)	0.21(94)	|	8087	
8956	264	ok	|	0.18	1.00	1.00	0.19	0.09	0	|	rapi	0.18	0.19	0	|	94.0	0.19(94)	0.19(94)	|	8087	
8956	265	ok	|	0.20	1.00	1.00	0.20	0.10	0	|	rapi	0.20	0.20	0	|	94.0	0.20(94)	0.20(94)	|	8087	
8956	266	ok	|	0.20	1.00	1.00	0.21	0.10	0	|	rapi	0.20	0.21	0	|	94.0	0.21(94)	0.21(94)	|	8087	
8956	267	ok	|	0.20	1.00	1.00	0.21	0.11	0	|	rapi	0.20	0.21	0	|	94.0	0.21(94)	0.21(94)	|	8087	
8956	268	ok	|	0.19	1.00	1.00	0.20	0.10	0	|	rapi	0.19	0.20	0	|	94.0	0.20(94)	0.20(94)	|	8087	
8956	269	ok	|	0.19	1.00	1.00	0.20	0.10	0	|	rapi	0.19	0.20	0	|	94.0	0.20(94)	0.20(94)	|	8087	
8956	270	ok	|	0.19	1.00	1.00	0.20	0.10	0	|	rapi	0.19	0.20	0	|	94.0	0.20(94)	0.20(94)	|	8087	
8956	271	ok	|	0.19	1.00	1.00	0.20	0.10	0	|	rapi	0.19	0.20	0	|	94.0	0.20(94)	0.20(94)	|	8087	
8956	272	ok	|	0.18	1.00	1.00	0.19	0.10	0	|	rapi	0.18	0.19	0	|	94.0	0.19(94)	0.19(94)	|	8087	
8956	273	ok	|	0.17	1.00	1.00	0.18	0.09	0	|	rapi	0.17	0.18	0	|	94.0	0.18(94)	0.18(94)	|	8087	
8956	274	ok	|	0.18	1.00	1.00	0.18	0.09	0	|	rapi	0.18	0.18	0	|	94.0	0.18(94)	0.18(94)	|	8087	
8956	275	ok	|	0.20	1.00	1.00	0.21	0.10	0	|	rapi	0.20	0.21	0	|	94.0	0.21(94)	0.21(94)	|	8087	
8956	276	ok	|	0.21	1.00	1.00	0.22	0.11	0	|	rapi	0.21	0.22	0	|	94.0	0.22(94)	0.22(94)	|	8087	
8956	277	ok	|	0.19	1.00	1.00	0.20	0.10	0	|	rapi	0.19	0.20	0	|	94.0	0.20(94)	0.20(94)	|	8087	
8956	278	ok	|	0.19	1.00	1.00	0.20	0.10	0	|	rapi	0.19	0.20	0	|	94.0	0.20(94)	0.20(94)	|	8087	
8956	279	ok	|	0.18	1.00	1.00	0.19	0.09	0	|	rapi	0.18	0.19	0	|	94.0	0.19(94)	0.19(94)	|	8087	
8956	280	ok	|	0.16	1.00	1.00	0.17	0.08	0	|	rapi	0.16	0.17	0	|	94.0	0.17(94)	0.17(94)	|	8087	
8956	281	ok	|	0.16	1.00	1.00	0.17	0.09	0	|	rapi	0.16	0.17	0	|	94.0	0.17(94)	0.17(94)	|	8087	
8956	282	ok	|	0.15	1.00	1.00	0.16	0.08	0	|	rapi	0.15	0.16	0	|	94.0	0.16(94)	0.16(94)	|	8087	
8956	283	ok	|	0.16	1.00	1.00	0.17	0.08	0	|	rapi	0.16	0.17	0	|	94.0	0.17(94)	0.17(94)	|	8087	
8956	284	ok	|	0.18	1.00	1.00	0.19	0.09	0	|	rapi	0.18	0.19	0	|	94.0	0.19(94)	0.19(94)	|	8087	
8956	285	ok	|	0.15	1.00	1.00	0.16	0.08	0	|	rapi	0.15	0.16	0	|	94.0	0.16(94)	0.16(94)	|	8087	
8956	286	ok	|	0.15	1.00	1.00	0.16	0.08	0	|	rapi	0.15	0.16	0	|	94.0	0.16(94)	0.16(94)	|	8087	
8956	287	ok	|	0.15	1.00	1.00	0.16	0.08	0	|	rapi	0.15	0.16	0	|	94.0	0.16(94)	0.16(94)	|	8087	
8956	288	ok	|	0.13	1.00	1.00	0.14	0.07	0	|	rapi	0.13	0.14	0	|	94.0	0.14(94)	0.14(94)	|	8087	
8956	289	ok	|	0.13	1.00	1.00	0.13	0.07	0	|	rapi	0.13	0.13	0	|	94.0	0.13(94)	0.13(94)	|	8087	
8956	290	ok	|	0.13	1.00	1.00	0.13	0.06	0	|	rapi	0.13	0.13	0	|	94.0	0.13(94)	0.13(94)	|	8087	
8956	291	ok	|	0.11	1.00	1.00	0.12	0.06	0	|	rapi	0.11	0.12	0	|	94.0	0.12(94)	0.12(94)	|	8087	
8956	292	ok	|	0.11	1.00	1.00	0.12	0.06	0	|	rapi	0.11	0.12	0	|	94.0	0.12(94)	0.12(94)	|	8087	
8956	293	ok	|	0.12	1.00	1.00	0.12	0.06	0	|	rapi	0.12	0.12	0	|	94.0	0.12(94)	0.12(94)	|	8087	
8956	294	ok	|	0.13	1.00	1.00	0.13	0.06	0	|	rapi	0.13	0.13	0	|	94.0	0.13(94)	0.13(94)	|	8087	
8956	295	ok	|	0.12	1.00	1.00	0.12	0.06	0	|	rapi	0.12	0.12	0	|	94.0	0.12(94)	0.12(94)	|	8087	
8956	296	ok	|	0.12	1.00	1.00	0.13	0.06	0	|	rapi	0.12	0.13	0	|	94.0	0.13(94)	0.13(94)	|	8087	
8956	297	ok	|	0.13	1.00	1.00	0.13	0.07	0	|	rapi	0.13	0.13	0	|	94.0	0.13(94)	0.13(94)	|	8087	
8956	298	ok	|	0.14	1.00	1.00	0.15	0.07	0	|	rapi	0.14	0.15	0	|	94.0	0.15(94)	0.15(94)	|	8087	
8956	299	ok	|	0.14	1.00	1.00	0.14	0.07	0	|	rapi	0.14	0.14	0	|	94.0	0.14(94)	0.14(94)	|	8087	
8956	300	ok	|	0.16	1.00	1.00	0.17	0.08	0	|	rapi	0.16	0.17	0	|	94.0	0.17(94)	0.17(94)	|	8087	
8956	301	ok	|	0.15	1.00	1.00	0.16	0.08	0	|	rapi	0.15	0.16	0	|	94.0	0.16(94)	0.16(94)	|	8087	
8956	302	ok	|	0.16	1.00	1.00	0.17	0.09	0	|	rapi	0.16	0.17	0	|	94.0	0.17(94)	0.17(94)	|	8087	
8956	303	ok	|	0.15	1.00	1.00	0.16	0.08	0	|	rapi	0.15	0.16	0	|	94.0	0.16(94)	0.16(94)	|	8087	
8956	304	ok	|	0.16	1.00	1.00	0.16	0.08	0	|	rapi	0.16	0.16	0	|	94.0	0.16(94)	0.16(94)	|	8087	
8956	305	ok	|	0.16	1.00	1.00	0.16	0.08	0	|	rapi	0.16	0.16	0	|	94.0	0.16(94)	0.16(94)	|	8087	
8956	306	ok	|	0.17	1.00	1.00	0.18	0.09	0	|	rapi	0.17	0.18	0	|	94.0	0.18(94)	0.18(94)	|	8087	
8956	307	ok	|	0.16	1.00	1.00	0.18	0.09	0	|	rapi	0.16	0.18	0	|	94.0	0.18(94)	0.18(94)	|	8087	
8956	308	ok	|	0.16	1.00	1.00	0.16	0.08	0	|	rapi	0.16	0.16	0	|	94.0	0.16(94)	0.16(94)	|	8087	
8956	309	ok	|	0.18	1.00	1.00	0.18	0.09	0	|	rapi	0.18	0.18	0	|	94.0	0.18(94)	0.18(94)	|	8087	
8956	310	ok	|	0.15	1.00	1.00	0.15	0.08	0	|	rapi	0.15	0.15	0	|	94.0	0.15(94)	0.15(94)	|	8087	
8956	311	ok	|	0.14	1.00	1.00	0.15	0.07	0	|	rapi	0.14	0.15	0	|	94.0	0.15(94)	0.15(94)	|	8087	
8956	312	ok	|	0.16	1.00	1.00	0.16	0.08	0	|	rapi	0.16	0.16	0	|	94.0	0.16(94)	0.16(94)	|	8087	
8956	313	ok	|	0.15	1.00	1.00	0.16	0.08	0	|	rapi	0.15	0.16	0	|	94.0	0.16(94)	0.16(94)	|	8087	
8956	314	ok	|	0.15	1.00	1.00	0.16	0.08	0	|	rapi	0.15	0.16	0	|	94.0	0.16(94)	0.16(94)	|	8087	
8956	315	ok	|	0.16	1.00	1.00	0.17	0.09	0	|	rapi	0.16	0.17	0	|	94.0	0.17(94)	0.17(94)	|	8087	
8956	316	ok	|	0.16	1.00	1.00	0.17	0.09	0	|	rapi	0.16	0.17	0	|	94.0	0.17(94)	0.17(94)	|	8087	
8956	317	ok	|	0.17	1.00	1.00	0.17	0.09	0	|	rapi	0.17	0.17	0	|	94.0	0.17(94)	0.17(94)	|	8087	
8956	318	ok	|	0.14	1.00	1.00	0.14	0.07	0	|	rapi	0.14	0.14	0	|	94.0	0.14(94)	0.14(94)	|	8087	
8956	319	ok	|	0.13	1.00	1.00	0.14	0.07	0	|	rapi	0.13	0.14	0	|	94.0	0.14(94)	0.14(94)	|	8087	
8956	320	ok	|	0.14	1.00	1.00	0.15	0.07	0	|	rapi	0.14	0.15	0	|	94.0	0.15(94)	0.15(94)	|	8087	
8956	321	ok	|	0.15	1.00	1.00	0.16	0.08	0	|	rapi	0.15	0.16	0	|	94.0	0.16(94)	0.16(94)	|	8087	
8956	322	ok	|	0.14	1.00	1.00	0.15	0.07	0	|	rapi	0.14	0.15	0	|	94.0	0.15(94)	0.15(94)	|	8087	
8956	323	ok	|	0.14	1.00	1.00	0.15	0.08	0	|	rapi	0.14	0.15	0	|	94.0	0.15(94)	0.15(94)	|	8087	
8956	324	ok	|	0.13	1.00	1.00	0.14	0.07	0	|	rapi	0.13	0.14	0	|	94.0	0.14(94)	0.14(94)	|	8087	
8956	325	ok	|	0.13	1.00	1.00	0.14	0.07	0	|	rapi	0.13	0.14	0	|	94.0	0.14(94)	0.14(94)	|	8087	
8956	326	ok	|	0.14	1.00	1.00	0.15	0.07	0	|	rapi	0.14	0.15	0	|	94.0	0.15(94)	0.15(94)	|	8087	
8956	327	ok	|	0.16	1.00	1.00	0.17	0.08	0	|	rapi	0.16	0.17	0	|	94.0	0.17(94)	0.17(94)	|	8087	
8956	328	ok	|	0.14	1.00	1.00	0.15	0.07	0	|	rapi	0.14	0.15	0	|	94.0	0.15(94)	0.15(94)	|	8087	
8956	329	ok	|	0.15	1.00	1.00	0.16	0.08	0	|	rapi	0.15	0.16	0	|	94.0	0.16(94)	0.16(94)	|	8087	
8956	330	ok	|	0.15	1.00	1.00	0.15	0.08	0	|	rapi	0.15	0.15	0	|	94.0	0.15(94)	0.15(94)	|	8087	
8956	331	ok	|	0.15	1.00	1.00	0.15	0.08	0	|	rapi	0.15	0.15	0	|	94.0	0.15(94)	0.15(94)	|	8087	
8956	332	ok	|	0.15	1.00	1.00	0.15	0.08	0	|	rapi	0.15	0.15	0	|	94.0	0.15(94)	0.15(94)	|	8087	
8956	333	ok	|	0.13	1.00	1.00	0.13	0.07	0	|	rapi	0.13	0.13	0	|	94.0	0.13(94)	0.13(94)	|	8087	
8956	334	ok	|	0.12	1.00	1.00	0.13	0.06	0	|	rapi	0.12	0.13	0	|	94.0	0.13(94)	0.13(94)	|	8087	
8956	335	ok	|	0.12	1.00	1.00	0.13	0.06	0	|	rapi	0.12	0.13	0	|	94.0	0.13(94)	0.13(94)	|	8087	
8956	336	ok	|	0.13	1.00	1.00	0.13	0.07	0	|	rapi	0.13	0.13	0	|	94.0	0.13(94)	0.13(94)	|	8087	
8956	337	ok	|	0.10	1.00	1.00	0.11	0.05	0	|	rapi	0.10	0.11	0	|	94.0	0.11(94)	0.11(94)	|	8087	
8956	338	ok	|	0.10	1.00	1.00	0.11	0.05	0	|	rapi	0.10	0.11	0	|	94.0	0.11(94)	0.11(94)	|	8087	
8956	339	ok	|	0.10	1.00	1.00	0.11	0.05	0	|	rapi	0.10	0.11	0	|	94.0	0.11(94)	0.11(94)	|	8087	
8956	340	ok	|	0.12	1.00	1.00	0.12	0.06	0	|	rapi	0.12	0.12	0	|	94.0	0.12(94)	0.12(94)	|	8087	
8956	341	ok	|	0.13	1.00	1.00	0.13	0.07	0	|	rapi	0.13	0.13	0	|	94.0	0.13(94)	0.13(94)	|	8087	
8956	342	ok	|	0.10	1.00	1.00	0.10	0.05	0	|	rapi	0.10	0.10	0	|	94.0	0.10(94)	0.10(94)	|	8087	
8956	343	ok	|	0.10	1.00	1.00	0.10	0.05	0	|	rapi	0.10	0.10	0	|	94.0	0.10(94)	0.10(94)	|	8087	
8956	344	ok	|	0.09	1.00	1.00	0.10	0.05	0	|	rapi	0.09	0.10	0	|	94.0	0.10(94)	0.10(94)	|	8087	
8956	345	ok	|	0.09	1.00	1.00	0.09	0.05	0	|	rapi	0.09	0.09	0	|	94.0	0.09(94)	0.09(94)	|	8087	
8956	346	ok	|	0.08	1.00	1.00	0.08	0.04	0	|	rapi	0.08	0.08	0	|	94.0	0.08(94)	0.08(94)	|	8087	
8956	347	ok	|	0.08	1.00	1.00	0.09	0.04	0	|	rapi	0.08	0.09	0	|	94.0	0.09(94)	0.09(94)	|	8087	
8956	348	ok	|	0.07	1.00	1.00	0.07	0.04	0	|	rapi	0.07	0.07	0	|	94.0	0.07(94)	0.07(94)	|	8087	
8956	349	ok	|	0.08	1.00	1.00	0.08	0.04	0	|	rapi	0.08	0.08	0	|	94.0	0.08(94)	0.08(94)	|	8087	
8956	350	ok	|	0.08	1.00	1.00	0.08	0.04	0	|	rapi	0.08	0.08	0	|	94.0	0.08(94)	0.08(94)	|	8087	
8956	351	ok	|	0.10	1.00	1.00	0.10	0.05	0	|	rapi	0.10	0.10	0	|	94.0	0.10(94)	0.10(94)	|	8087	
8956	352	ok	|	0.10	1.00	1.00	0.10	0.05	0	|	rapi	0.10	0.10	0	|	94.0	0.10(94)	0.10(94)	|	8087	
8956	353	ok	|	0.10	1.00	1.00	0.10	0.05	0	|	rapi	0.10	0.10	0	|	94.0	0.10(94)	0.10(94)	|	8087	
8956	354	ok	|	0.12	1.00	1.00	0.12	0.06	0	|	rapi	0.12	0.12	0	|	94.0	0.12(94)	0.12(94)	|	8087	
8956	355	ok	|	0.13	1.00	1.00	0.14	0.07	0	|	rapi	0.13	0.14	0	|	94.0	0.14(94)	0.14(94)	|	8087	
8956	356	ok	|	0.13	1.00	1.00	0.13	0.06	0	|	rapi	0.13	0.13	0	|	94.0	0.13(94)	0.13(94)	|	8087	
8956	357	ok	|	0.12	1.00	1.00	0.12	0.06	0	|	rapi	0.12	0.12	0	|	94.0	0.12(94)	0.12(94)	|	8087	
8956	358	ok	|	0.12	1.00	1.00	0.12	0.06	0	|	rapi	0.12	0.12	0	|	94.0	0.12(94)	0.12(94)	|	8087	
8956	359	ok	|	0.11	1.00	1.00	0.11	0.06	0	|	rapi	0.11	0.11	0	|	94.0	0.11(94)	0.11(94)	|	8087	
8956	360	ok	|	0.11	1.00	1.00	0.12	0.06	0	|	rapi	0.11	0.12	0	|	94.0	0.12(94)	0.12(94)	|	8087	
8956	361	ok	|	0.12	1.00	1.00	0.12	0.06	0	|	rapi	0.12	0.12	0	|	94.0	0.12(94)	0.12(94)	|	8087	
8956	362	ok	|	0.13	1.00	1.00	0.14	0.07	0	|	rapi	0.13	0.14	0	|	94.0	0.14(94)	0.14(94)	|	8087	
8956	363	ok	|	0.14	1.00	1.00	0.14	0.07	0	|	rapi	0.14	0.14	0	|	94.0	0.14(94)	0.14(94)	|	8087	
8956	364	ok	|	0.14	1.00	1.00	0.14	0.07	0	|	rapi	0.14	0.14	0	|	94.0	0.14(94)	0.14(94)	|	8087	
8956	365	ok	|	0.14	1.00	1.00	0.15	0.07	0	|	rapi	0.14	0.15	0	|	94.0	0.15(94)	0.15(94)	|	8087	
8956	366	ok	|	0.14	1.00	1.00	0.14	0.07	0	|	rapi	0.14	0.14	0	|	94.0	0.14(94)	0.14(94)	|	8087	
8956	367	ok	|	0.13	1.00	1.00	0.14	0.07	0	|	rapi	0.13	0.14	0	|	94.0	0.14(94)	0.14(94)	|	8087	
8956	368	ok	|	0.14	1.00	1.00	0.14	0.07	0	|	rapi	0.14	0.14	0	|	94.0	0.14(94)	0.14(94)	|	8087	
8956	369	ok	|	0.14	1.00	1.00	0.15	0.07	0	|	rapi	0.14	0.15	0	|	94.0	0.15(94)	0.15(94)	|	8087	
8956	370	ok	|	0.14	1.00	1.00	0.15	0.07	0	|	rapi	0.14	0.15	0	|	94.0	0.15(94)	0.15(94)	|	8087	
8956	371	ok	|	0.13	1.00	1.00	0.14	0.07	0	|	rapi	0.13	0.14	0	|	94.0	0.14(94)	0.14(94)	|	8087	
8956	372	ok	|	0.13	1.00	1.00	0.13	0.07	0	|	rapi	0.13	0.13	0	|	94.0	0.13(94)	0.13(94)	|	8087	
8956	373	ok	|	0.14	1.00	1.00	0.14	0.07	0	|	rapi	0.14	0.14	0	|	94.0	0.14(94)	0.14(94)	|	8087	
8956	374	ok	|	0.13	1.00	1.00	0.14	0.07	0	|	rapi	0.13	0.14	0	|	94.0	0.14(94)	0.14(94)	|	8087	
8956	375	ok	|	0.16	1.00	1.00	0.16	0.08	0	|	rapi	0.16	0.16	0	|	94.0	0.16(94)	0.16(94)	|	8087	
8956	376	ok	|	0.15	1.00	1.00	0.16	0.08	0	|	rapi	0.15	0.16	0	|	94.0	0.16(94)	0.16(94)	|	8087	
8956	377	ok	|	0.13	1.00	1.00	0.14	0.07	0	|	rapi	0.13	0.14	0	|	94.0	0.14(94)	0.14(94)	|	8087	
8956	378	ok	|	0.14	1.00	1.00	0.15	0.07	0	|	rapi	0.14	0.15	0	|	94.0	0.15(94)	0.15(94)	|	8087	
8956	379	ok	|	0.14	1.00	1.00	0.15	0.08	0	|	rapi	0.14	0.15	0	|	94.0	0.15(94)	0.15(94)	|	8087	
8956	380	ok	|	0.14	1.00	1.00	0.15	0.08	0	|	rapi	0.14	0.15	0	|	94.0	0.15(94)	0.15(94)	|	8087	
8956	381	ok	|	0.15	1.00	1.00	0.17	0.08	0	|	rapi	0.15	0.17	0	|	94.0	0.17(94)	0.17(94)	|	8087	
8956	382	ok	|	0.17	1.00	1.00	0.17	0.09	0	|	rapi	0.17	0.17	0	|	94.0	0.17(94)	0.17(94)	|	8087	
8956	383	ok	|	0.18	1.00	1.00	0.19	0.09	0	|	rapi	0.18	0.19	0	|	94.0	0.19(94)	0.19(94)	|	8087	
8956	384	ok	|	0.19	1.00	1.00	0.20	0.10	0	|	rapi	0.19	0.20	0	|	94.0	0.20(94)	0.20(94)	|	8087	
8956	385	ok	|	0.20	1.00	1.00	0.21	0.11	0	|	rapi	0.20	0.21	0	|	94.0	0.21(94)	0.21(94)	|	8087	
8956	386	ok	|	0.23	1.00	1.00	0.24	0.12	0	|	rapi	0.23	0.24	0	|	94.0	0.24(94)	0.24(94)	|	8087	
8956	387	ok	|	0.25	1.00	1.00	0.27	0.13	0	|	rapi	0.25	0.27	0	|	94.0	0.27(94)	0.27(94)	|	8087	
8956	388	ok	|	0.27	1.00	1.00	0.29	0.15	0	|	rapi	0.27	0.29	0	|	94.0	0.29(94)	0.29(94)	|	8087	
8956	389	ok	|	0.25	1.00	1.00	0.26	0.13	0	|	rapi	0.25	0.26	0	|	94.0	0.26(94)	0.26(94)	|	8087	
8956	390	ok	|	0.23	1.00	1.00	0.24	0.12	0	|	rapi	0.23	0.24	0	|	94.0	0.24(94)	0.24(94)	|	8087	
8956	391	ok	|	0.23	1.00	1.00	0.24	0.12	0	|	rapi	0.23	0.24	0	|	94.0	0.24(94)	0.24(94)	|	8087	
8956	392	ok	|	0.23	1.00	1.00	0.24	0.12	0	|	rapi	0.23	0.24	0	|	94.0	0.24(94)	0.24(94)	|	8087	
8956	393	ok	|	0.23	1.00	1.00	0.24	0.12	0	|	rapi	0.23	0.24	0	|	94.0	0.24(94)	0.24(94)	|	8087	
8956	394	ok	|	0.22	1.00	1.00	0.23	0.11	0	|	rapi	0.22	0.23	0	|	94.0	0.23(94)	0.23(94)	|	8087	
8956	395	ok	|	0.23	1.00	1.00	0.23	0.12	0	|	rapi	0.23	0.23	0	|	94.0	0.23(94)	0.23(94)	|	8087	
8956	396	ok	|	0.22	1.00	1.00	0.23	0.12	0	|	rapi	0.22	0.23	0	|	94.0	0.23(94)	0.23(94)	|	8087	
8956	397	ok	|	0.24	1.00	1.00	0.26	0.13	0	|	rapi	0.24	0.26	0	|	94.0	0.26(94)	0.26(94)	|	8087	
8956	398	ok	|	0.26	1.00	1.00	0.28	0.14	0	|	rapi	0.26	0.28	0	|	94.0	0.28(94)	0.28(94)	|	8087	
8956	399	ok	|	0.26	1.00	1.00	0.28	0.14	0	|	rapi	0.26	0.28	0	|	94.0	0.28(94)	0.28(94)	|	8087	
8956	400	ok	|	0.24	1.00	1.00	0.26	0.13	0	|	rapi	0.24	0.26	0	|	94.0	0.26(94)	0.26(94)	|	8087	
8956	401	ok	|	0.23	1.00	1.00	0.26	0.13	0	|	rapi	0.23	0.26	0	|	94.0	0.26(94)	0.26(94)	|	8087	
8956	402	ok	|	0.24	1.00	1.00	0.26	0.13	0	|	rapi	0.24	0.26	0	|	94.0	0.26(94)	0.26(94)	|	8087	
8956	403	ok	|	0.22	1.00	1.00	0.24	0.12	0	|	rapi	0.22	0.24	0	|	94.0	0.24(94)	0.24(94)	|	8087	
8956	404	ok	|	0.23	1.00	1.00	0.23	0.12	0	|	rapi	0.23	0.23	0	|	94.0	0.23(94)	0.23(94)	|	8087	
8956	405	ok	|	0.21	1.00	1.00	0.22	0.11	0	|	rapi	0.21	0.22	0	|	94.0	0.22(94)	0.22(94)	|	8087	
8956	406	ok	|	0.20	1.00	1.00	0.21	0.10	0	|	rapi	0.20	0.21	0	|	94.0	0.21(94)	0.21(94)	|	8087	
8956	407	ok	|	0.19	1.00	1.00	0.20	0.10	0	|	rapi	0.19	0.20	0	|	94.0	0.20(94)	0.20(94)	|	8087	
8956	408	ok	|	0.19	1.00	1.00	0.20	0.10	0	|	rapi	0.19	0.20	0	|	94.0	0.20(94)	0.20(94)	|	8087	
8956	409	ok	|	0.20	1.00	1.00	0.21	0.10	0	|	rapi	0.20	0.21	0	|	94.0	0.21(94)	0.21(94)	|	8087	
8956	410	ok	|	0.17	1.00	1.00	0.18	0.09	0	|	rapi	0.17	0.18	0	|	94.0	0.18(94)	0.18(94)	|	8087	
8956	411	ok	|	0.15	1.00	1.00	0.15	0.07	0	|	rapi	0.15	0.15	0	|	94.0	0.15(94)	0.15(94)	|	8087	
8956	412	ok	|	0.14	1.00	1.00	0.15	0.07	0	|	rapi	0.14	0.15	0	|	94.0	0.15(94)	0.15(94)	|	8087	
8956	413	ok	|	0.13	1.00	1.00	0.13	0.07	0	|	rapi	0.13	0.13	0	|	94.0	0.13(94)	0.13(94)	|	8087	
8956	414	ok	|	0.12	1.00	1.00	0.12	0.06	0	|	rapi	0.12	0.12	0	|	94.0	0.12(94)	0.12(94)	|	8087	
8956	415	ok	|	0.10	1.00	1.00	0.10	0.05	0	|	rapi	0.10	0.10	0	|	94.0	0.10(94)	0.10(94)	|	8087	
8956	416	ok	|	0.10	1.00	1.00	0.10	0.05	0	|	rapi	0.10	0.10	0	|	94.0	0.10(94)	0.10(94)	|	8087	
8956	417	ok	|	0.09	1.00	1.00	0.09	0.04	0	|	rapi	0.09	0.09	0	|	94.0	0.09(94)	0.09(94)	|	8087	
8956	418	ok	|	0.07	1.00	1.00	0.07	0.04	0	|	rapi	0.07	0.07	0	|	94.0	0.07(94)	0.07(94)	|	8087	
8956	419	ok	|	0.07	1.00	1.00	0.07	0.03	0	|	rapi	0.07	0.07	0	|	94.0	0.07(94)	0.07(94)	|	8087	
8956	420	ok	|	0.06	1.00	1.00	0.06	0.03	0	|	rapi	0.06	0.06	0	|	94.0	0.06(94)	0.06(94)	|	8087	
8956	421	ok	|	0.05	1.00	1.00	0.05	0.03	0	|	rapi	0.05	0.05	0	|	94.0	0.05(94)	0.05(94)	|	8087	
8956	422	ok	|	0.04	1.00	1.00	0.04	0.02	0	|	rapi	0.04	0.04	0	|	94.0	0.04(94)	0.04(94)	|	8087	
8956	423	ok	|	0.04	1.00	1.00	0.04	0.02	0	|	rapi	0.04	0.04	0	|	94.0	0.04(94)	0.04(94)	|	8087	
8956	424	ok	|	0.03	1.00	1.00	0.03	0.01	0	|	rapi	0.03	0.03	0	|	94.0	0.03(94)	0.03(94)	|	8087	
8956	425	ok	|	0.03	1.00	1.00	0.03	0.01	0	|	rapi	0.03	0.03	0	|	94.0	0.03(94)	0.03(94)	|	8087	
8956	426	ok	|	0.02	1.00	1.00	0.02	0.01	0	|	rapi	0.02	0.02	0	|	94.0	0.02(94)	0.02(94)	|	8087	
8956	427	ok	|	0.03	1.00	1.00	0.03	0.01	0	|	rapi	0.03	0.03	0	|	94.0	0.03(94)	0.03(94)	|	8087	
8956	428	ok	|	0.02	1.00	1.00	0.02	0.01	0	|	rapi	0.02	0.02	0	|	94.0	0.02(94)	0.02(94)	|	8087	
8956	429	ok	|	0.02	1.00	1.00	0.02	0.01	0	|	rapi	0.02	0.02	0	|	94.0	0.02(94)	0.02(94)	|	8087	
8956	430	ok	|	0.03	1.00	1.00	0.03	0.01	0	|	rapi	0.03	0.03	0	|	94.0	0.03(94)	0.03(94)	|	8087	
8956	431	ok	|	0.03	1.00	1.00	0.03	0.02	0	|	rapi	0.03	0.03	0	|	94.0	0.03(94)	0.03(94)	|	8087	
8956	432	ok	|	0.03	1.00	1.00	0.03	0.01	0	|	rapi	0.03	0.03	0	|	94.0	0.03(94)	0.03(94)	|	8087	
8956	433	ok	|	0.02	1.00	1.00	0.02	0.01	0	|	rapi	0.02	0.02	0	|	94.0	0.02(94)	0.02(94)	|	8087	
8956	434	ok	|	0.02	1.00	1.00	0.02	0.01	0	|	rapi	0.02	0.02	0	|	94.0	0.02(94)	0.02(94)	|	8087	
8956	435	ok	|	0.02	1.00	1.00	0.02	0.01	0	|	rapi	0.02	0.02	0	|	94.0	0.02(94)	0.02(94)	|	8087	
8956	436	ok	|	0.02	1.00	1.00	0.02	0.01	0	|	rapi	0.02	0.02	0	|	94.0	0.02(94)	0.02(94)	|	8087	
8956	437	ok	|	0.03	1.00	1.00	0.03	0.01	0	|	rapi	0.03	0.03	0	|	94.0	0.03(94)	0.03(94)	|	8087	
8956	438	ok	|	0.03	1.00	1.00	0.03	0.02	0	|	rapi	0.03	0.03	0	|	94.0	0.03(94)	0.03(94)	|	8087	
8956	439	ok	|	0.03	1.00	1.00	0.03	0.01	0	|	rapi	0.03	0.03	0	|	94.0	0.03(94)	0.03(94)	|	8087	
8956	440	ok	|	0.03	1.00	1.00	0.03	0.02	0	|	rapi	0.03	0.03	0	|	94.0	0.03(94)	0.03(94)	|	8087	
8956	441	ok	|	0.04	1.00	1.00	0.04	0.02	0	|	rapi	0.04	0.04	0	|	94.0	0.04(94)	0.04(94)	|	8087	
8956	442	ok	|	0.05	1.00	1.00	0.05	0.03	0	|	rapi	0.05	0.05	0	|	94.0	0.05(94)	0.05(94)	|	8087	
8956	443	ok	|	0.04	1.00	1.00	0.04	0.02	0	|	rapi	0.04	0.04	0	|	94.0	0.04(94)	0.04(94)	|	8087	
8956	444	ok	|	0.04	1.00	1.00	0.04	0.02	0	|	rapi	0.04	0.04	0	|	94.0	0.04(94)	0.04(94)	|	8087	
8956	445	ok	|	0.04	1.00	1.00	0.04	0.02	0	|	rapi	0.04	0.04	0	|	94.0	0.04(94)	0.04(94)	|	8087	
8956	446	ok	|	0.05	1.00	1.00	0.05	0.02	0	|	rapi	0.05	0.05	0	|	94.0	0.05(94)	0.05(94)	|	8087	
8956	447	ok	|	0.05	1.00	1.00	0.05	0.02	0	|	rapi	0.05	0.05	0	|	94.0	0.05(94)	0.05(94)	|	8087	
8956	448	ok	|	0.05	1.00	1.00	0.05	0.02	0	|	rapi	0.05	0.05	0	|	94.0	0.05(94)	0.05(94)	|	8087	
8956	449	ok	|	0.04	1.00	1.00	0.04	0.02	0	|	rapi	0.04	0.04	0	|	94.0	0.04(94)	0.04(94)	|	8087	
8956	450	ok	|	0.05	1.00	1.00	0.05	0.02	0	|	rapi	0.05	0.05	0	|	94.0	0.05(94)	0.05(94)	|	8087	
8956	451	ok	|	0.04	1.00	1.00	0.04	0.02	0	|	rapi	0.04	0.04	0	|	94.0	0.04(94)	0.04(94)	|	8087	
8956	452	ok	|	0.04	1.00	1.00	0.04	0.02	0	|	rapi	0.04	0.04	0	|	94.0	0.04(94)	0.04(94)	|	8087	
8956	453	ok	|	0.04	1.00	1.00	0.04	0.02	0	|	rapi	0.04	0.04	0	|	94.0	0.04(94)	0.04(94)	|	8087	
8956	454	ok	|	0.03	1.00	1.00	0.03	0.01	0	|	rapi	0.03	0.03	0	|	94.0	0.03(94)	0.03(94)	|	8087	
8956	455	ok	|	0.03	1.00	1.00	0.03	0.01	0	|	rapi	0.03	0.03	0	|	94.0	0.03(94)	0.03(94)	|	8087	
8956	456	ok	|	0.03	1.00	1.00	0.03	0.02	0	|	rapi	0.03	0.03	0	|	94.0	0.03(94)	0.03(94)	|	8087	
8956	457	ok	|	0.04	1.00	1.00	0.04	0.02	0	|	rapi	0.04	0.04	0	|	94.0	0.04(94)	0.04(94)	|	8087	
8956	458	ok	|	0.03	1.00	1.00	0.03	0.02	0	|	rapi	0.03	0.03	0	|	94.0	0.03(94)	0.03(94)	|	8087	
8956	459	ok	|	0.03	1.00	1.00	0.03	0.01	0	|	rapi	0.03	0.03	0	|	94.0	0.03(94)	0.03(94)	|	8087	
8956	460	ok	|	0.03	1.00	1.00	0.03	0.01	0	|	rapi	0.03	0.03	0	|	94.0	0.03(94)	0.03(94)	|	8087	
8956	461	ok	|	0.03	1.00	1.00	0.03	0.01	0	|	rapi	0.03	0.03	0	|	94.0	0.03(94)	0.03(94)	|	8087	
8956	462	ok	|	0.03	1.00	1.00	0.03	0.02	0	|	rapi	0.03	0.03	0	|	94.0	0.03(94)	0.03(94)	|	8087	
8956	463	ok	|	0.03	1.00	1.00	0.03	0.01	0	|	rapi	0.03	0.03	0	|	94.0	0.03(94)	0.03(94)	|	8087	
8956	464	ok	|	0.04	1.00	1.00	0.04	0.02	0	|	rapi	0.04	0.04	0	|	94.0	0.04(94)	0.04(94)	|	8087	
8956	465	ok	|	0.03	1.00	1.00	0.03	0.02	0	|	rapi	0.03	0.03	0	|	94.0	0.03(94)	0.03(94)	|	8087	
8956	466	ok	|	0.03	1.00	1.00	0.03	0.02	0	|	rapi	0.03	0.03	0	|	94.0	0.03(94)	0.03(94)	|	8087	
8956	467	ok	|	0.04	1.00	1.00	0.04	0.02	0	|	rapi	0.04	0.04	0	|	94.0	0.04(94)	0.04(94)	|	8087	
8956	468	ok	|	0.04	1.00	1.00	0.04	0.02	0	|	rapi	0.04	0.04	0	|	94.0	0.04(94)	0.04(94)	|	8087	
8956	469	ok	|	0.03	1.00	1.00	0.03	0.02	0	|	rapi	0.03	0.03	0	|	94.0	0.03(94)	0.03(94)	|	8087	
8956	470	ok	|	0.04	1.00	1.00	0.04	0.02	0	|	rapi	0.04	0.04	0	|	94.0	0.04(94)	0.04(94)	|	8087	
8956	471	ok	|	0.04	1.00	1.00	0.04	0.02	0	|	rapi	0.04	0.04	0	|	94.0	0.04(94)	0.04(94)	|	8087	
8956	472	ok	|	0.04	1.00	1.00	0.04	0.02	0	|	rapi	0.04	0.04	0	|	94.0	0.04(94)	0.04(94)	|	8087	
8956	473	ok	|	0.05	1.00	1.00	0.05	0.02	0	|	rapi	0.05	0.05	0	|	94.0	0.05(94)	0.05(94)	|	8087	
8956	474	ok	|	0.04	1.00	1.00	0.04	0.02	0	|	rapi	0.04	0.04	0	|	94.0	0.04(94)	0.04(94)	|	8087	
8956	475	ok	|	0.04	1.00	1.00	0.04	0.02	0	|	rapi	0.04	0.04	0	|	94.0	0.04(94)	0.04(94)	|	8087	
8956	476	ok	|	0.04	1.00	1.00	0.04	0.02	0	|	rapi	0.04	0.04	0	|	94.0	0.04(94)	0.04(94)	|	8087	
8956	477	ok	|	0.03	1.00	1.00	0.03	0.02	0	|	rapi	0.03	0.03	0	|	94.0	0.03(94)	0.03(94)	|	8087	
8956	478	ok	|	0.03	1.00	1.00	0.03	0.02	0	|	rapi	0.03	0.03	0	|	94.0	0.03(94)	0.03(94)	|	8087	
8956	479	ok	|	0.03	1.00	1.00	0.03	0.01	0	|	rapi	0.03	0.03	0	|	94.0	0.03(94)	0.03(94)	|	8087	
8956	480	ok	|	0.03	1.00	1.00	0.03	0.01	0	|	rapi	0.03	0.03	0	|	94.0	0.03(94)	0.03(94)	|	8087	
8956	481	ok	|	0.03	1.00	1.00	0.03	0.02	0	|	rapi	0.03	0.03	0	|	94.0	0.03(94)	0.03(94)	|	8087	
8956	482	ok	|	0.03	1.00	1.00	0.03	0.01	0	|	rapi	0.03	0.03	0	|	94.0	0.03(94)	0.03(94)	|	8087	
8956	483	ok	|	0.04	1.00	1.00	0.04	0.02	0	|	rapi	0.04	0.04	0	|	94.0	0.04(94)	0.04(94)	|	8087	
8956	484	ok	|	0.04	1.00	1.00	0.04	0.02	0	|	rapi	0.04	0.04	0	|	94.0	0.04(94)	0.04(94)	|	8087	
8956	485	ok	|	0.03	1.00	1.00	0.03	0.02	0	|	rapi	0.03	0.03	0	|	94.0	0.03(94)	0.03(94)	|	8087	
8956	486	ok	|	0.03	1.00	1.00	0.03	0.02	0	|	rapi	0.03	0.03	0	|	94.0	0.03(94)	0.03(94)	|	8087	
8956	487	ok	|	0.03	1.00	1.00	0.03	0.02	0	|	rapi	0.03	0.03	0	|	94.0	0.03(94)	0.03(94)	|	8087	
8956	488	ok	|	0.04	1.00	1.00	0.04	0.02	0	|	rapi	0.04	0.04	0	|	94.0	0.04(94)	0.04(94)	|	8087	
8956	489	ok	|	0.05	1.00	1.00	0.05	0.03	0	|	rapi	0.05	0.05	0	|	94.0	0.05(94)	0.05(94)	|	8087	
8956	490	ok	|	0.05	1.00	1.00	0.05	0.03	0	|	rapi	0.05	0.05	0	|	94.0	0.05(94)	0.05(94)	|	8087	
8956	491	ok	|	0.04	1.00	1.00	0.04	0.02	0	|	rapi	0.04	0.04	0	|	94.0	0.04(94)	0.04(94)	|	8087	
8956	492	ok	|	0.04	1.00	1.00	0.04	0.02	0	|	rapi	0.04	0.04	0	|	94.0	0.04(94)	0.04(94)	|	8087	
8956	493	ok	|	0.04	1.00	1.00	0.04	0.02	0	|	rapi	0.04	0.04	0	|	94.0	0.04(94)	0.04(94)	|	8087	
8956	494	ok	|	0.04	1.00	1.00	0.04	0.02	0	|	rapi	0.04	0.04	0	|	94.0	0.04(94)	0.04(94)	|	8087	
8956	495	ok	|	0.04	1.00	1.00	0.04	0.02	0	|	rapi	0.04	0.04	0	|	94.0	0.04(94)	0.04(94)	|	8087	
8956	496	ok	|	0.05	1.00	1.00	0.06	0.03	0	|	rapi	0.05	0.06	0	|	94.0	0.06(94)	0.06(94)	|	8087	
8956	497	ok	|	0.07	1.00	1.00	0.07	0.03	0	|	rapi	0.07	0.07	0	|	94.0	0.07(94)	0.07(94)	|	8087	
8956	498	ok	|	0.06	1.00	1.00	0.06	0.03	0	|	rapi	0.06	0.06	0	|	94.0	0.06(94)	0.06(94)	|	8087	
8956	499	ok	|	0.06	1.00	1.00	0.06	0.03	0	|	rapi	0.06	0.06	0	|	94.0	0.06(94)	0.06(94)	|	8087	
8956	500	ok	|	0.05	1.00	1.00	0.05	0.03	0	|	rapi	0.05	0.05	0	|	94.0	0.05(94)	0.05(94)	|	8087	
8956	501	ok	|	0.04	1.00	1.00	0.04	0.02	0	|	rapi	0.04	0.04	0	|	94.0	0.04(94)	0.04(94)	|	8087	
8956	502	ok	|	0.03	1.00	1.00	0.03	0.02	0	|	rapi	0.03	0.03	0	|	94.0	0.03(94)	0.03(94)	|	8087	
8956	503	ok	|	0.03	1.00	1.00	0.03	0.02	0	|	rapi	0.03	0.03	0	|	94.0	0.03(94)	0.03(94)	|	8087	
8956	504	ok	|	0.04	1.00	1.00	0.04	0.02	0	|	rapi	0.04	0.04	0	|	94.0	0.04(94)	0.04(94)	|	8087	
8956	505	ok	|	0.03	1.00	1.00	0.03	0.02	0	|	rapi	0.03	0.03	0	|	94.0	0.03(94)	0.03(94)	|	8087	
8956	506	ok	|	0.02	1.00	1.00	0.02	0.01	0	|	rapi	0.02	0.02	0	|	94.0	0.02(94)	0.02(94)	|	8087	
8956	507	ok	|	0.03	1.00	1.00	0.03	0.01	0	|	rapi	0.03	0.03	0	|	94.0	0.03(94)	0.03(94)	|	8087	
8956	508	ok	|	0.03	1.00	1.00	0.03	0.01	0	|	rapi	0.03	0.03	0	|	94.0	0.03(94)	0.03(94)	|	8087	
8956	509	ok	|	0.02	1.00	1.00	0.02	0.01	0	|	rapi	0.02	0.02	0	|	94.0	0.02(94)	0.02(94)	|	8087	
8956	510	ok	|	0.03	1.00	1.00	0.03	0.01	0	|	rapi	0.03	0.03	0	|	94.0	0.03(94)	0.03(94)	|	8087	
8956	511	ok	|	0.03	1.00	1.00	0.03	0.01	0	|	rapi	0.03	0.03	0	|	94.0	0.03(94)	0.03(94)	|	8087	
8956	512	ok	|	0.03	1.00	1.00	0.03	0.01	0	|	rapi	0.03	0.03	0	|	94.0	0.03(94)	0.03(94)	|	8087	
8956	513	ok	|	0.03	1.00	1.00	0.03	0.01	0	|	rapi	0.03	0.03	0	|	94.0	0.03(94)	0.03(94)	|	8087	
8956	514	ok	|	0.03	1.00	1.00	0.03	0.01	0	|	rapi	0.03	0.03	0	|	94.0	0.03(94)	0.03(94)	|	8087	
8956	515	ok	|	0.03	1.00	1.00	0.03	0.01	0	|	rapi	0.03	0.03	0	|	94.0	0.03(94)	0.03(94)	|	8087	
8956	516	ok	|	0.03	1.00	1.00	0.03	0.01	0	|	rapi	0.03	0.03	0	|	94.0	0.03(94)	0.03(94)	|	8087	
8956	517	ok	|	0.03	1.00	1.00	0.03	0.01	0	|	rapi	0.03	0.03	0	|	94.0	0.03(94)	0.03(94)	|	8087	
8956	518	ok	|	0.03	1.00	1.00	0.03	0.01	0	|	rapi	0.03	0.03	0	|	94.0	0.03(94)	0.03(94)	|	8087	
8956	519	ok	|	0.03	1.00	1.00	0.03	0.02	0	|	rapi	0.03	0.03	0	|	94.0	0.03(94)	0.03(94)	|	8087	
8956	520	ok	|	0.04	1.00	1.00	0.04	0.02	0	|	rapi	0.04	0.04	0	|	94.0	0.04(94)	0.04(94)	|	8087	
8956	521	ok	|	0.03	1.00	1.00	0.03	0.02	0	|	rapi	0.03	0.03	0	|	94.0	0.03(94)	0.03(94)	|	8087	
8956	522	ok	|	0.04	1.00	1.00	0.04	0.02	0	|	rapi	0.04	0.04	0	|	94.0	0.04(94)	0.04(94)	|	8087	
8956	523	ok	|	0.04	1.00	1.00	0.04	0.02	0	|	rapi	0.04	0.04	0	|	94.0	0.04(94)	0.04(94)	|	8087	
8956	524	ok	|	0.04	1.00	1.00	0.04	0.02	0	|	rapi	0.04	0.04	0	|	94.0	0.04(94)	0.04(94)	|	8087	
8956	525	ok	|	0.04	1.00	1.00	0.04	0.02	0	|	rapi	0.04	0.04	0	|	94.0	0.04(94)	0.04(94)	|	8087	
8956	526	ok	|	0.05	1.00	1.00	0.05	0.03	0	|	rapi	0.05	0.05	0	|	94.0	0.05(94)	0.05(94)	|	8087	
8956	527	ok	|	0.04	1.00	1.00	0.05	0.02	0	|	rapi	0.04	0.05	0	|	94.0	0.05(94)	0.05(94)	|	8087	
8956	528	ok	|	0.04	1.00	1.00	0.04	0.02	0	|	rapi	0.04	0.04	0	|	94.0	0.04(94)	0.04(94)	|	8087	
8956	529	ok	|	0.04	1.00	1.00	0.05	0.02	0	|	rapi	0.04	0.05	0	|	94.0	0.05(94)	0.05(94)	|	8087	
8956	530	ok	|	0.04	1.00	1.00	0.04	0.02	0	|	rapi	0.04	0.04	0	|	94.0	0.04(94)	0.04(94)	|	8087	
8956	531	ok	|	0.04	1.00	1.00	0.04	0.02	0	|	rapi	0.04	0.04	0	|	94.0	0.04(94)	0.04(94)	|	8087	
8956	532	ok	|	0.03	1.00	1.00	0.03	0.02	0	|	rapi	0.03	0.03	0	|	94.0	0.03(94)	0.03(94)	|	8087	
8956	533	ok	|	0.03	1.00	1.00	0.03	0.01	0	|	rapi	0.03	0.03	0	|	94.0	0.03(94)	0.03(94)	|	8087	
8956	534	ok	|	0.04	1.00	1.00	0.04	0.02	0	|	rapi	0.04	0.04	0	|	94.0	0.04(94)	0.04(94)	|	8087	
8956	535	ok	|	0.03	1.00	1.00	0.03	0.01	0	|	rapi	0.03	0.03	0	|	94.0	0.03(94)	0.03(94)	|	8087	
8956	536	ok	|	0.03	1.00	1.00	0.03	0.01	0	|	rapi	0.03	0.03	0	|	94.0	0.03(94)	0.03(94)	|	8087	
8956	537	ok	|	0.03	1.00	1.00	0.03	0.01	0	|	rapi	0.03	0.03	0	|	94.0	0.03(94)	0.03(94)	|	8087	
8956	538	ok	|	0.02	1.00	1.00	0.02	0.01	0	|	rapi	0.02	0.02	0	|	94.0	0.02(94)	0.02(94)	|	8087	
8956	539	ok	|	0.02	1.00	1.00	0.02	0.01	0	|	rapi	0.02	0.02	0	|	94.0	0.02(94)	0.02(94)	|	8087	
8956	540	ok	|	0.02	1.00	1.00	0.02	0.01	0	|	rapi	0.02	0.02	0	|	94.0	0.02(94)	0.02(94)	|	8087	
8956	541	ok	|	0.01	1.00	1.00	0.01	0.01	0	|	rapi	0.01	0.01	0	|	94.0	0.01(94)	0.01(94)	|	8087	
8956	542	ok	|	0.01	1.00	1.00	0.01	0.01	0	|	rapi	0.01	0.01	0	|	94.0	0.01(94)	0.01(94)	|	8087	
8956	543	ok	|	0.01	1.00	1.00	0.01	0.01	0	|	rapi	0.01	0.01	0	|	94.0	0.01(94)	0.01(94)	|	8087	
8956	544	ok	|	0.01	1.00	1.00	0.01	0.00	0	|	rapi	0.01	0.01	0	|	94.0	0.01(94)	0.01(94)	|	8087	
8956	545	ok	|	0.01	1.00	1.00	0.01	0.00	0	|	rapi	0.01	0.01	0	|	94.0	0.01(94)	0.01(94)	|	8087	
8956	546	ok	|	0.01	1.00	1.00	0.01	0.00	0	|	rapi	0.01	0.01	0	|	94.0	0.01(94)	0.01(94)	|	8087	
8956	547	ok	|	0.01	1.00	1.00	0.01	0.00	0	|	rapi	0.01	0.01	0	|	94.0	0.01(94)	0.01(94)	|	8087	
8956	548	ok	|	0.01	1.00	1.00	0.01	0.00	0	|	rapi	0.01	0.01	0	|	94.0	0.01(94)	0.01(94)	|	8087	
8956	549	ok	|	0.00	1.00	1.00	0.00	0.00	0	|	rapi	0.00	0.00	0	|	94.0	0.00(94)	0.00(94)	|	8087	
8956	550	ok	|	0.00	1.00	1.00	0.00	0.00	0	|	rapi	0.00	0.00	0	|	94.0	0.00(94)	0.00(94)	|	8087	
8956	551	ok	|	0.01	1.00	1.00	0.01	0.00	0	|	rapi	0.01	0.01	0	|	94.0	0.01(94)	0.01(94)	|	8087	
8956	552	ok	|	0.01	1.00	1.00	0.01	0.00	0	|	rapi	0.01	0.01	0	|	94.0	0.01(94)	0.01(94)	|	8087	
8956	553	ok	|	0.01	1.00	1.00	0.01	0.00	0	|	rapi	0.01	0.01	0	|	94.0	0.01(94)	0.01(94)	|	8087	
8956	554	ok	|	0.01	1.00	1.00	0.01	0.00	0	|	rapi	0.01	0.01	0	|	94.0	0.01(94)	0.01(94)	|	8087	
8956	555	ok	|	0.00	1.00	1.00	0.00	0.00	0	|	rapi	0.00	0.00	0	|	94.0	0.00(94)	0.00(94)	|	8087	
8956	556	ok	|	0.00	1.00	1.00	0.00	0.00	0	|	rapi	0.00	0.00	0	|	94.0	0.00(94)	0.00(94)	|	8087	
8956	557	ok	|	0.00	1.00	1.00	0.00	0.00	0	|	rapi	0.00	0.00	0	|	94.0	0.00(94)	0.00(94)	|	8087	
8956	558	ok	|	0.01	1.00	1.00	0.01	0.00	0	|	rapi	0.01	0.01	0	|	94.0	0.01(94)	0.01(94)	|	8087	
8956	559	ok	|	0.00	1.00	1.00	0.00	0.00	0	|	rapi	0.00	0.00	0	|	94.0	0.00(94)	0.00(94)	|	8087	
8956	560	ok	|	0.01	1.00	1.00	0.01	0.00	0	|	rapi	0.01	0.01	0	|	94.0	0.01(94)	0.01(94)	|	8087	
8956	561	ok	|	0.01	1.00	1.00	0.01	0.00	0	|	rapi	0.01	0.01	0	|	94.0	0.01(94)	0.01(94)	|	8087	
8956	562	ok	|	0.00	1.00	1.00	0.00	0.00	0	|	rapi	0.00	0.00	0	|	94.0	0.00(94)	0.00(94)	|	8087	
8956	563	ok	|	0.00	1.00	1.00	0.00	0.00	0	|	rapi	0.00	0.00	0	|	94.0	0.00(94)	0.00(94)	|	8087	
8956	564	ok	|	0.00	1.00	1.00	0.00	0.00	0	|	rapi	0.00	0.00	0	|	94.0	0.00(94)	0.00(94)	|	8087	
8956	565	ok	|	0.00	1.00	1.00	0.00	0.00	0	|	rapi	0.00	0.00	0	|	94.0	0.00(94)	0.00(94)	|	8087	
8956	566	ok	|	0.00	1.00	1.00	0.00	0.00	0	|	rapi	0.00	0.00	0	|	94.0	0.00(94)	0.00(94)	|	8087	
8956	567	ok	|	0.00	1.00	1.00	0.00	0.00	0	|	rapi	0.00	0.00	0	|	94.0	0.00(94)	0.00(94)	|	8087	
8956	568	ok	|	0.00	1.00	1.00	0.00	0.00	0	|	rapi	0.00	0.00	0	|	94.0	0.00(94)	0.00(94)	|	8087	
8956	569	fail-0	|	0.00	1.00	1.00	0.00	NaN	0	|	rapi	0.00	0.00	0	|	NaN			|	8087	
