9007	0	ok	|	0.10	1.00	1.00	0.10	0.00	0	|	rapi	0.00	0.00	0	|	-77.0	0.10(-77)		|	6	
9007	1	ok	|	0.10	1.00	1.00	0.12	0.00	0	|	rapi	0.00	0.00	0	|	-77.0	0.12(-77)		|	6	
9007	2	ok	|	0.10	1.00	1.00	0.13	0.00	0	|	rapi	0.00	0.00	0	|	-77.0	0.13(-77)		|	6	
9007	3	ok	|	0.13	1.00	1.00	0.17	0.00	0	|	rapi	0.00	0.00	0	|	-77.0	0.17(-77)		|	6	
9007	4	ok	|	0.15	1.00	1.00	0.20	0.00	0	|	rapi	0.00	0.00	0	|	-77.0	0.20(-77)		|	6	
9007	5	ok	|	0.18	1.00	1.00	0.25	0.00	0	|	rapi	0.00	0.00	0	|	-77.0	0.25(-77)		|	6	
9007	6	ok	|	0.20	1.00	1.00	0.29	0.00	0	|	rapi	0.00	0.00	0	|	-77.0	0.29(-77)		|	6	
9007	7	ok	|	0.23	1.00	1.00	0.33	0.00	0	|	rapi	0.00	0.00	0	|	-77.0	0.33(-77)		|	6	
9007	8	ok	|	0.26	1.00	1.00	0.38	0.00	0	|	rapi	0.00	0.00	0	|	-77.0	0.38(-77)		|	6	
9007	9	ok	|	0.31	1.00	1.00	0.48	0.00	0	|	rapi	0.00	0.00	0	|	-77.0	0.48(-77)		|	6	
9007	10	ok	|	0.36	0.99	0.99	0.57	0.00	0	|	rapi	0.00	0.00	0	|	-77.0	0.57(-77)		|	6	
9007	11	ok	|	0.39	0.99	0.99	0.69	0.00	0	|	rapi	0.00	0.00	0	|	-77.0	0.69(-77)		|	6	
9007	12	ok	|	0.45	0.99	0.99	0.81	0.00	0	|	rapi	0.00	0.00	0	|	-77.0	0.81(-77)		|	6	
9007	13	ok	|	0.51	0.99	0.99	0.99	0.00	0	|	rapi	0.00	0.00	0	|	-77.0	0.99(-77)		|	6	
9007	14	ok	|	0.58	0.99	0.99	1.17	0.00	0	|	rapi	0.00	0.00	0	|	-77.0	1.17(-77)		|	6	
9007	15	ok	|	0.65	0.99	0.99	1.38	0.00	0	|	rapi	0.00	0.00	0	|	-77.0	1.38(-77)		|	6	
9007	16	ok	|	0.69	0.98	0.98	1.59	0.00	0	|	rapi	0.00	0.00	0	|	-77.0	1.59(-77)		|	6	
9007	17	ok	|	0.75	0.98	0.98	1.88	0.00	0	|	rapi	0.00	0.00	0	|	-77.0	1.88(-77)		|	6	
9007	18	ok	|	0.83	0.98	0.98	2.30	0.00	0	|	rapi	0.00	0.00	0	|	-77.0	2.30(-77)		|	6	
9007	19	ok	|	0.87	0.97	0.97	2.71	0.00	0	|	rapi	0.00	0.00	0	|	-77.0	2.71(-77)		|	6	
9007	20	ok	|	0.91	0.97	0.97	3.27	0.00	0	|	rapi	0.00	0.00	0	|	-77.0	3.27(-77)		|	6	
9007	21	ok	|	0.95	0.96	0.96	3.99	0.00	0	|	rapi	0.00	0.00	0	|	-77.0	3.99(-77)		|	6	
9007	22	ok	|	0.97	0.95	0.95	4.57	0.00	0	|	rapi	0.00	0.00	0	|	-77.0	4.57(-77)		|	6	
9007	23	ok	|	0.98	0.95	0.95	5.30	0.00	0	|	rapi	0.00	0.00	0	|	-77.0	5.30(-77)		|	6	
9007	24	ok	|	0.99	0.94	0.94	6.35	0.00	0	|	rapi	0.00	0.00	0	|	-77.0	6.35(-77)		|	6	
9007	25	ok	|	1.00	0.93	0.93	7.41	0.00	0	|	rapi	0.00	0.00	0	|	-77.0	7.41(-77)		|	6	
9007	26	ok	|	1.00	0.91	0.91	8.57	0.00	0	|	rapi	0.00	0.00	0	|	-77.0	8.57(-77)		|	6	
9007	27	ok	|	1.00	0.90	0.90	10.20	0.00	0	|	rapi	0.00	0.00	0	|	-77.0	10.20(-77)	0.00(-77)	|	6	
9007	28	ok	|	1.00	0.88	0.88	11.74	0.00	0	|	rapi	0.00	0.00	0	|	-77.0	11.74(-77)		|	6	
9007	29	ok	|	1.00	0.86	0.86	13.80	0.00	0	|	rapi	0.00	0.00	0	|	-77.0	13.80(-77)		|	6	
9007	30	ok	|	1.00	0.84	0.84	15.95	0.00	0	|	rapi	0.00	0.00	0	|	-77.0	15.95(-77)		|	6	
9007	31	ok	|	1.00	0.81	0.81	19.10	0.00	0	|	rapi	0.00	0.00	0	|	-77.0	19.10(-77)	0.00(-77)	|	6	
9007	32	ok	|	1.00	0.77	0.77	22.76	0.00	0	|	rapi	0.00	0.00	0	|	-77.0	22.76(-77)	0.00(-77)	|	6	
9007	33	ok	|	1.00	0.73	0.73	26.56	0.00	0	|	rapi	0.00	0.00	0	|	-77.0	26.56(-77)	0.00(-77)	|	6	
9007	34	ok	|	1.00	0.69	0.69	31.50	0.00	0	|	rapi	0.00	0.00	0	|	-77.0	31.50(-77)	0.00(-77)	|	6	
9007	35	ok	|	1.00	0.63	0.63	36.92	0.00	0	|	rapi	0.00	0.00	0	|	-77.0	36.92(-77)	0.00(-77)	|	6	
9007	36	ok	|	1.00	0.57	0.57	43.17	0.00	0	|	rapi	0.00	0.00	0	|	-77.0	43.17(-77)	0.00(-77)	|	6	
9007	37	ok	|	1.00	0.49	0.49	50.52	0.00	0	|	rapi	0.00	0.00	0	|	-77.0	50.52(-77)	0.00(-77)	|	6	
9007	38	ok	|	1.00	0.41	0.41	58.67	0.00	0	|	rapi	0.00	0.00	0	|	-77.0	58.67(-77)	0.00(-77)	|	6	
9007	39	ok	|	1.00	0.33	0.33	67.31	0.00	0	|	rapi	0.00	0.00	0	|	-77.0	67.31(-77)	0.00(-77)	|	6	
9007	40	ok	|	1.00	0.23	0.23	77.00	0.00	0	|	rapi	0.01	0.01	0	|	-77.0	77.00(-77)	0.01(-77)	|	6	
9007	41	ok	|	1.00	0.15	0.15	85.96	0.00	0	|	rapi	0.01	0.01	0	|	-77.0	85.96(-77)	0.01(-77)	|	6	
9007	42	fail-w	|	1.00	0.08	0.08	93.71	0.00	0	|	rapi	0.01	0.01	0	|	-77.0	93.71(-77)	0.01(-77)	|	6	
