9041	0	ok	|	0.10	1.00	1.00	0.10	0.00	0	|	rapi	0.10	0.10	0	|	100.0	0.10(100)	0.10(100)	|	5090	
9041	1	ok	|	0.09	1.00	1.00	0.10	0.00	0	|	rapi	0.09	0.10	0	|	100.0	0.10(100)	0.10(100)	|	5090	
9041	2	ok	|	0.09	1.00	1.00	0.09	0.00	0	|	rapi	0.09	0.09	0	|	100.0	0.09(100)	0.09(100)	|	5090	
9041	3	ok	|	0.09	1.00	1.00	0.10	0.00	0	|	rapi	0.09	0.10	0	|	100.0	0.10(100)	0.10(100)	|	5090	
9041	4	ok	|	0.09	1.00	1.00	0.09	0.00	0	|	rapi	0.09	0.09	0	|	100.0	0.09(100)	0.09(100)	|	5090	
9041	5	ok	|	0.08	1.00	1.00	0.08	0.00	0	|	rapi	0.08	0.08	0	|	100.0	0.08(100)	0.08(100)	|	5090	
9041	6	ok	|	0.07	1.00	1.00	0.07	0.00	0	|	rapi	0.07	0.07	0	|	100.0	0.07(100)	0.07(100)	|	5090	
9041	7	ok	|	0.07	1.00	1.00	0.07	0.00	0	|	rapi	0.07	0.07	0	|	100.0	0.07(100)	0.07(100)	|	5090	
9041	8	ok	|	0.08	1.00	1.00	0.09	0.00	0	|	rapi	0.08	0.09	0	|	100.0	0.09(100)	0.09(100)	|	5090	
9041	9	ok	|	0.08	1.00	1.00	0.09	0.00	0	|	rapi	0.08	0.09	0	|	100.0	0.09(100)	0.09(100)	|	5090	
9041	10	ok	|	0.08	1.00	1.00	0.08	0.00	0	|	rapi	0.08	0.08	0	|	100.0	0.08(100)	0.08(100)	|	5090	
9041	11	ok	|	0.08	1.00	1.00	0.08	0.00	0	|	rapi	0.08	0.08	0	|	100.0	0.08(100)	0.08(100)	|	5090	
9041	12	ok	|	0.08	1.00	1.00	0.09	0.00	0	|	rapi	0.08	0.09	0	|	100.0	0.09(100)	0.09(100)	|	5090	
9041	13	ok	|	0.08	1.00	1.00	0.08	0.00	0	|	rapi	0.08	0.08	0	|	100.0	0.08(100)	0.08(100)	|	5090	
9041	14	ok	|	0.07	1.00	1.00	0.07	0.00	0	|	rapi	0.07	0.07	0	|	100.0	0.07(100)	0.07(100)	|	5090	
9041	15	ok	|	0.06	1.00	1.00	0.06	0.00	0	|	rapi	0.06	0.06	0	|	100.0	0.06(100)	0.06(100)	|	5090	
9041	16	ok	|	0.05	1.00	1.00	0.05	0.00	0	|	rapi	0.05	0.05	0	|	100.0	0.05(100)	0.05(100)	|	5090	
9041	17	ok	|	0.05	1.00	1.00	0.05	0.00	0	|	rapi	0.05	0.05	0	|	100.0	0.05(100)	0.05(100)	|	5090	
9041	18	ok	|	0.04	1.00	1.00	0.04	0.00	0	|	rapi	0.04	0.04	0	|	100.0	0.04(100)	0.04(100)	|	5090	
9041	19	ok	|	0.05	1.00	1.00	0.05	0.00	0	|	rapi	0.05	0.05	0	|	100.0	0.05(100)	0.05(100)	|	5090	
9041	20	ok	|	0.06	1.00	1.00	0.06	0.00	0	|	rapi	0.06	0.06	0	|	100.0	0.06(100)	0.06(100)	|	5090	
9041	21	ok	|	0.06	1.00	1.00	0.06	0.00	0	|	rapi	0.06	0.06	0	|	100.0	0.06(100)	0.06(100)	|	5090	
9041	22	ok	|	0.07	1.00	1.00	0.07	0.01	0	|	rapi	0.07	0.07	0	|	100.0	0.07(100)	0.07(100)	|	5090	
9041	23	ok	|	0.07	1.00	1.00	0.07	0.01	0	|	rapi	0.07	0.07	0	|	100.0	0.07(100)	0.07(100)	|	5090	
9041	24	ok	|	0.07	1.00	1.00	0.07	0.01	0	|	rapi	0.07	0.07	0	|	100.0	0.07(100)	0.07(100)	|	5090	
9041	25	ok	|	0.08	1.00	1.00	0.08	0.01	0	|	rapi	0.08	0.08	0	|	100.0	0.08(100)	0.08(100)	|	5090	
9041	26	ok	|	0.08	1.00	1.00	0.09	0.01	0	|	rapi	0.08	0.09	0	|	100.0	0.09(100)	0.09(100)	|	5090	
9041	27	ok	|	0.08	1.00	1.00	0.09	0.01	0	|	rapi	0.08	0.09	0	|	100.0	0.09(100)	0.09(100)	|	5090	
9041	28	ok	|	0.08	1.00	1.00	0.08	0.01	0	|	rapi	0.08	0.08	0	|	100.0	0.08(100)	0.08(100)	|	5090	
9041	29	ok	|	0.07	1.00	1.00	0.08	0.01	0	|	rapi	0.07	0.08	0	|	100.0	0.08(100)	0.08(100)	|	5090	
9041	30	ok	|	0.09	1.00	1.00	0.09	0.01	0	|	rapi	0.09	0.09	0	|	100.0	0.09(100)	0.09(100)	|	5090	
9041	31	ok	|	0.09	1.00	1.00	0.09	0.02	0	|	rapi	0.09	0.09	0	|	100.0	0.09(100)	0.09(100)	|	5090	
9041	32	ok	|	0.09	1.00	1.00	0.09	0.02	0	|	rapi	0.09	0.09	0	|	100.0	0.09(100)	0.09(100)	|	5090	
9041	33	ok	|	0.09	1.00	1.00	0.09	0.02	0	|	rapi	0.09	0.09	0	|	100.0	0.09(100)	0.09(100)	|	5090	
9041	34	ok	|	0.08	1.00	1.00	0.08	0.01	0	|	rapi	0.08	0.08	0	|	100.0	0.08(100)	0.08(100)	|	5090	
9041	35	ok	|	0.06	1.00	1.00	0.06	0.01	0	|	rapi	0.06	0.06	0	|	100.0	0.06(100)	0.06(100)	|	5090	
9041	36	ok	|	0.06	1.00	1.00	0.06	0.01	0	|	rapi	0.06	0.06	0	|	100.0	0.06(100)	0.06(100)	|	5090	
9041	37	ok	|	0.04	1.00	1.00	0.04	0.01	0	|	rapi	0.04	0.04	0	|	100.0	0.04(100)	0.04(100)	|	5090	
9041	38	ok	|	0.06	1.00	1.00	0.06	0.01	0	|	rapi	0.06	0.06	0	|	100.0	0.06(100)	0.06(100)	|	5090	
9041	39	ok	|	0.05	1.00	1.00	0.05	0.01	0	|	rapi	0.05	0.05	0	|	100.0	0.05(100)	0.05(100)	|	5090	
9041	40	ok	|	0.05	1.00	1.00	0.05	0.01	0	|	rapi	0.05	0.05	0	|	100.0	0.05(100)	0.05(100)	|	5090	
9041	41	ok	|	0.06	1.00	1.00	0.06	0.01	0	|	rapi	0.06	0.06	0	|	100.0	0.06(100)	0.06(100)	|	5090	
9041	42	ok	|	0.07	1.00	1.00	0.07	0.01	0	|	rapi	0.07	0.07	0	|	100.0	0.07(100)	0.07(100)	|	5090	
9041	43	ok	|	0.07	1.00	1.00	0.07	0.01	0	|	rapi	0.07	0.07	0	|	100.0	0.07(100)	0.07(100)	|	5090	
9041	44	ok	|	0.07	1.00	1.00	0.08	0.01	0	|	rapi	0.07	0.08	0	|	100.0	0.08(100)	0.08(100)	|	5090	
9041	45	ok	|	0.09	1.00	1.00	0.09	0.01	0	|	rapi	0.09	0.09	0	|	100.0	0.09(100)	0.09(100)	|	5090	
9041	46	ok	|	0.09	1.00	1.00	0.09	0.01	0	|	rapi	0.09	0.09	0	|	100.0	0.09(100)	0.09(100)	|	5090	
9041	47	ok	|	0.07	1.00	1.00	0.08	0.01	0	|	rapi	0.07	0.08	0	|	100.0	0.08(100)	0.08(100)	|	5090	
9041	48	ok	|	0.06	1.00	1.00	0.07	0.01	0	|	rapi	0.06	0.07	0	|	100.0	0.07(100)	0.07(100)	|	5090	
9041	49	ok	|	0.07	1.00	1.00	0.07	0.01	0	|	rapi	0.07	0.07	0	|	100.0	0.07(100)	0.07(100)	|	5090	
9041	50	ok	|	0.08	1.00	1.00	0.08	0.01	0	|	rapi	0.08	0.08	0	|	100.0	0.08(100)	0.08(100)	|	5090	
9041	51	ok	|	0.08	1.00	1.00	0.08	0.01	0	|	rapi	0.08	0.08	0	|	100.0	0.08(100)	0.08(100)	|	5090	
9041	52	ok	|	0.07	1.00	1.00	0.07	0.01	0	|	rapi	0.07	0.07	0	|	100.0	0.07(100)	0.07(100)	|	5090	
9041	53	ok	|	0.06	1.00	1.00	0.07	0.01	0	|	rapi	0.06	0.07	0	|	100.0	0.07(100)	0.07(100)	|	5090	
9041	54	ok	|	0.06	1.00	1.00	0.07	0.01	0	|	rapi	0.06	0.07	0	|	100.0	0.07(100)	0.07(100)	|	5090	
9041	55	ok	|	0.07	1.00	1.00	0.08	0.01	0	|	rapi	0.07	0.08	0	|	100.0	0.08(100)	0.08(100)	|	5090	
9041	56	ok	|	0.07	1.00	1.00	0.07	0.01	0	|	rapi	0.07	0.07	0	|	100.0	0.07(100)	0.07(100)	|	5090	
9041	57	ok	|	0.06	1.00	1.00	0.06	0.01	0	|	rapi	0.06	0.06	0	|	100.0	0.06(100)	0.06(100)	|	5090	
9041	58	ok	|	0.05	1.00	1.00	0.05	0.01	0	|	rapi	0.05	0.05	0	|	100.0	0.05(100)	0.05(100)	|	5090	
9041	59	ok	|	0.05	1.00	1.00	0.05	0.01	0	|	rapi	0.05	0.05	0	|	100.0	0.05(100)	0.05(100)	|	5090	
9041	60	ok	|	0.05	1.00	1.00	0.05	0.01	0	|	rapi	0.05	0.05	0	|	100.0	0.05(100)	0.05(100)	|	5090	
9041	61	ok	|	0.04	1.00	1.00	0.04	0.01	0	|	rapi	0.04	0.04	0	|	100.0	0.04(100)	0.04(100)	|	5090	
9041	62	ok	|	0.04	1.00	1.00	0.04	0.01	0	|	rapi	0.04	0.04	0	|	100.0	0.04(100)	0.04(100)	|	5090	
9041	63	ok	|	0.04	1.00	1.00	0.04	0.01	0	|	rapi	0.04	0.04	0	|	100.0	0.04(100)	0.04(100)	|	5090	
9041	64	ok	|	0.04	1.00	1.00	0.04	0.01	0	|	rapi	0.04	0.04	0	|	100.0	0.04(100)	0.04(100)	|	5090	
9041	65	ok	|	0.04	1.00	1.00	0.04	0.01	0	|	rapi	0.04	0.04	0	|	100.0	0.04(100)	0.04(100)	|	5090	
9041	66	ok	|	0.05	1.00	1.00	0.05	0.01	0	|	rapi	0.05	0.05	0	|	100.0	0.05(100)	0.05(100)	|	5090	
9041	67	ok	|	0.04	1.00	1.00	0.04	0.01	0	|	rapi	0.04	0.04	0	|	100.0	0.04(100)	0.04(100)	|	5090	
9041	68	ok	|	0.04	1.00	1.00	0.04	0.01	0	|	rapi	0.04	0.04	0	|	100.0	0.04(100)	0.04(100)	|	5090	
9041	69	ok	|	0.04	1.00	1.00	0.04	0.01	0	|	rapi	0.04	0.04	0	|	100.0	0.04(100)	0.04(100)	|	5090	
9041	70	ok	|	0.05	1.00	1.00	0.05	0.01	0	|	rapi	0.05	0.05	0	|	100.0	0.05(100)	0.05(100)	|	5090	
9041	71	ok	|	0.04	1.00	1.00	0.04	0.01	0	|	rapi	0.04	0.04	0	|	100.0	0.04(100)	0.04(100)	|	5090	
9041	72	ok	|	0.04	1.00	1.00	0.04	0.01	0	|	rapi	0.04	0.04	0	|	100.0	0.04(100)	0.04(100)	|	5090	
9041	73	ok	|	0.04	1.00	1.00	0.04	0.01	0	|	rapi	0.04	0.04	0	|	100.0	0.04(100)	0.04(100)	|	5090	
9041	74	ok	|	0.04	1.00	1.00	0.04	0.01	0	|	rapi	0.04	0.04	0	|	100.0	0.04(100)	0.04(100)	|	5090	
9041	75	ok	|	0.04	1.00	1.00	0.04	0.01	0	|	rapi	0.04	0.04	0	|	100.0	0.04(100)	0.04(100)	|	5090	
9041	76	ok	|	0.04	1.00	1.00	0.04	0.01	0	|	rapi	0.04	0.04	0	|	100.0	0.04(100)	0.04(100)	|	5090	
9041	77	ok	|	0.04	1.00	1.00	0.04	0.01	0	|	rapi	0.04	0.04	0	|	100.0	0.04(100)	0.04(100)	|	5090	
9041	78	ok	|	0.05	1.00	1.00	0.05	0.01	0	|	rapi	0.05	0.05	0	|	100.0	0.05(100)	0.05(100)	|	5090	
9041	79	ok	|	0.05	1.00	1.00	0.05	0.01	0	|	rapi	0.05	0.05	0	|	100.0	0.05(100)	0.05(100)	|	5090	
9041	80	ok	|	0.06	1.00	1.00	0.06	0.02	0	|	rapi	0.06	0.06	0	|	100.0	0.06(100)	0.06(100)	|	5090	
9041	81	ok	|	0.07	1.00	1.00	0.07	0.02	0	|	rapi	0.07	0.07	0	|	100.0	0.07(100)	0.07(100)	|	5090	
9041	82	ok	|	0.06	1.00	1.00	0.06	0.02	0	|	rapi	0.06	0.06	0	|	100.0	0.06(100)	0.06(100)	|	5090	
9041	83	ok	|	0.06	1.00	1.00	0.06	0.01	0	|	rapi	0.06	0.06	0	|	100.0	0.06(100)	0.06(100)	|	5090	
9041	84	ok	|	0.05	1.00	1.00	0.05	0.03	0	|	rapi	0.05	0.05	0	|	100.0	0.05(100)	0.05(100)	|	5090	
9041	85	ok	|	0.05	1.00	1.00	0.05	0.03	0	|	rapi	0.05	0.05	0	|	100.0	0.05(100)	0.05(100)	|	5090	
9041	86	ok	|	0.05	1.00	1.00	0.05	0.03	0	|	rapi	0.05	0.05	0	|	100.0	0.05(100)	0.05(100)	|	5090	
9041	87	ok	|	0.05	1.00	1.00	0.05	0.03	0	|	rapi	0.05	0.05	0	|	100.0	0.05(100)	0.05(100)	|	5090	
9041	88	ok	|	0.05	1.00	1.00	0.05	0.02	0	|	rapi	0.05	0.05	0	|	100.0	0.05(100)	0.05(100)	|	5090	
9041	89	ok	|	0.05	1.00	1.00	0.05	0.02	0	|	rapi	0.05	0.05	0	|	100.0	0.05(100)	0.05(100)	|	5090	
9041	90	ok	|	0.04	1.00	1.00	0.04	0.02	0	|	rapi	0.04	0.04	0	|	100.0	0.04(100)	0.04(100)	|	5090	
9041	91	ok	|	0.04	1.00	1.00	0.04	0.02	0	|	rapi	0.04	0.04	0	|	100.0	0.04(100)	0.04(100)	|	5090	
9041	92	ok	|	0.06	1.00	1.00	0.06	0.03	0	|	rapi	0.06	0.06	0	|	100.0	0.06(100)	0.06(100)	|	5090	
9041	93	ok	|	0.06	1.00	1.00	0.06	0.03	0	|	rapi	0.06	0.06	0	|	100.0	0.06(100)	0.06(100)	|	5090	
9041	94	ok	|	0.05	1.00	1.00	0.05	0.03	0	|	rapi	0.05	0.05	0	|	100.0	0.05(100)	0.05(100)	|	5090	
9041	95	ok	|	0.04	1.00	1.00	0.04	0.02	0	|	rapi	0.04	0.04	0	|	100.0	0.04(100)	0.04(100)	|	5090	
9041	96	ok	|	0.04	1.00	1.00	0.04	0.02	0	|	rapi	0.04	0.04	0	|	100.0	0.04(100)	0.04(100)	|	5090	
9041	97	ok	|	0.04	1.00	1.00	0.04	0.02	0	|	rapi	0.04	0.04	0	|	100.0	0.04(100)	0.04(100)	|	5090	
9041	98	ok	|	0.04	1.00	1.00	0.04	0.02	0	|	rapi	0.04	0.04	0	|	100.0	0.04(100)	0.04(100)	|	5090	
9041	99	ok	|	0.04	1.00	1.00	0.04	0.02	0	|	rapi	0.04	0.04	0	|	100.0	0.04(100)	0.04(100)	|	5090	
9041	100	ok	|	0.05	1.00	1.00	0.05	0.03	0	|	rapi	0.05	0.05	0	|	100.0	0.05(100)	0.05(100)	|	5090	
9041	101	ok	|	0.07	1.00	1.00	0.07	0.03	0	|	rapi	0.07	0.07	0	|	100.0	0.07(100)	0.07(100)	|	5090	
9041	102	ok	|	0.06	1.00	1.00	0.06	0.03	0	|	rapi	0.06	0.06	0	|	100.0	0.06(100)	0.06(100)	|	5090	
9041	103	ok	|	0.05	1.00	1.00	0.05	0.03	0	|	rapi	0.05	0.05	0	|	100.0	0.05(100)	0.05(100)	|	5090	
9041	104	ok	|	0.05	1.00	1.00	0.05	0.02	0	|	rapi	0.05	0.05	0	|	100.0	0.05(100)	0.05(100)	|	5090	
9041	105	ok	|	0.05	1.00	1.00	0.05	0.03	0	|	rapi	0.05	0.05	0	|	100.0	0.05(100)	0.05(100)	|	5090	
9041	106	ok	|	0.05	1.00	1.00	0.05	0.03	0	|	rapi	0.05	0.05	0	|	100.0	0.05(100)	0.05(100)	|	5090	
9041	107	ok	|	0.07	1.00	1.00	0.07	0.03	0	|	rapi	0.07	0.07	0	|	100.0	0.07(100)	0.07(100)	|	5090	
9041	108	ok	|	0.07	1.00	1.00	0.07	0.04	0	|	rapi	0.07	0.07	0	|	100.0	0.07(100)	0.07(100)	|	5090	
9041	109	ok	|	0.07	1.00	1.00	0.07	0.04	0	|	rapi	0.07	0.07	0	|	100.0	0.07(100)	0.07(100)	|	5090	
9041	110	ok	|	0.07	1.00	1.00	0.07	0.03	0	|	rapi	0.07	0.07	0	|	100.0	0.07(100)	0.07(100)	|	5090	
9041	111	ok	|	0.08	1.00	1.00	0.08	0.04	0	|	rapi	0.08	0.08	0	|	100.0	0.08(100)	0.08(100)	|	5090	
9041	112	ok	|	0.09	1.00	1.00	0.09	0.04	0	|	rapi	0.09	0.09	0	|	100.0	0.09(100)	0.09(100)	|	5090	
9041	113	ok	|	0.09	1.00	1.00	0.09	0.05	0	|	rapi	0.09	0.09	0	|	100.0	0.09(100)	0.09(100)	|	5090	
9041	114	ok	|	0.10	1.00	1.00	0.10	0.05	0	|	rapi	0.10	0.10	0	|	100.0	0.10(100)	0.10(100)	|	5090	
9041	115	ok	|	0.10	1.00	1.00	0.10	0.05	0	|	rapi	0.10	0.10	0	|	100.0	0.10(100)	0.10(100)	|	5090	
9041	116	ok	|	0.10	1.00	1.00	0.10	0.05	0	|	rapi	0.10	0.10	0	|	100.0	0.10(100)	0.10(100)	|	5090	
9041	117	ok	|	0.09	1.00	1.00	0.09	0.05	0	|	rapi	0.09	0.09	0	|	100.0	0.09(100)	0.09(100)	|	5090	
9041	118	ok	|	0.09	1.00	1.00	0.09	0.05	0	|	rapi	0.09	0.09	0	|	100.0	0.09(100)	0.09(100)	|	5090	
9041	119	ok	|	0.08	1.00	1.00	0.08	0.04	0	|	rapi	0.08	0.08	0	|	100.0	0.08(100)	0.08(100)	|	5090	
9041	120	ok	|	0.09	1.00	1.00	0.09	0.04	0	|	rapi	0.09	0.09	0	|	100.0	0.09(100)	0.09(100)	|	5090	
9041	121	ok	|	0.08	1.00	1.00	0.09	0.04	0	|	rapi	0.08	0.09	0	|	100.0	0.09(100)	0.09(100)	|	5090	
9041	122	ok	|	0.07	1.00	1.00	0.07	0.04	0	|	rapi	0.07	0.07	0	|	100.0	0.07(100)	0.07(100)	|	5090	
9041	123	ok	|	0.07	1.00	1.00	0.07	0.03	0	|	rapi	0.07	0.07	0	|	100.0	0.07(100)	0.07(100)	|	5090	
9041	124	ok	|	0.06	1.00	1.00	0.06	0.03	0	|	rapi	0.06	0.06	0	|	100.0	0.06(100)	0.06(100)	|	5090	
9041	125	ok	|	0.09	1.00	1.00	0.10	0.05	0	|	rapi	0.09	0.10	0	|	100.0	0.10(100)	0.10(100)	|	5090	
9041	126	ok	|	0.10	1.00	1.00	0.10	0.05	0	|	rapi	0.10	0.10	0	|	100.0	0.10(100)	0.10(100)	|	5090	
9041	127	ok	|	0.09	1.00	1.00	0.10	0.05	0	|	rapi	0.09	0.10	0	|	100.0	0.10(100)	0.10(100)	|	5090	
9041	128	ok	|	0.11	1.00	1.00	0.11	0.06	0	|	rapi	0.11	0.11	0	|	100.0	0.11(100)	0.11(100)	|	5090	
9041	129	ok	|	0.10	1.00	1.00	0.11	0.05	0	|	rapi	0.10	0.11	0	|	100.0	0.11(100)	0.11(100)	|	5090	
9041	130	ok	|	0.10	1.00	1.00	0.10	0.05	0	|	rapi	0.10	0.10	0	|	100.0	0.10(100)	0.10(100)	|	5090	
9041	131	ok	|	0.10	1.00	1.00	0.11	0.05	0	|	rapi	0.10	0.11	0	|	100.0	0.11(100)	0.11(100)	|	5090	
9041	132	ok	|	0.11	1.00	1.00	0.11	0.06	0	|	rapi	0.11	0.11	0	|	100.0	0.11(100)	0.11(100)	|	5090	
9041	133	ok	|	0.11	1.00	1.00	0.11	0.06	0	|	rapi	0.11	0.11	0	|	100.0	0.11(100)	0.11(100)	|	5090	
9041	134	ok	|	0.11	1.00	1.00	0.12	0.06	0	|	rapi	0.11	0.12	0	|	100.0	0.12(100)	0.12(100)	|	5090	
9041	135	ok	|	0.12	1.00	1.00	0.13	0.06	0	|	rapi	0.12	0.13	0	|	100.0	0.13(100)	0.13(100)	|	5090	
9041	136	ok	|	0.11	1.00	1.00	0.11	0.06	0	|	rapi	0.11	0.11	0	|	100.0	0.11(100)	0.11(100)	|	5090	
9041	137	ok	|	0.12	1.00	1.00	0.12	0.06	0	|	rapi	0.12	0.12	0	|	100.0	0.12(100)	0.12(100)	|	5090	
9041	138	ok	|	0.12	1.00	1.00	0.13	0.06	0	|	rapi	0.12	0.13	0	|	100.0	0.13(100)	0.13(100)	|	5090	
9041	139	ok	|	0.11	1.00	1.00	0.11	0.06	0	|	rapi	0.11	0.11	0	|	100.0	0.11(100)	0.11(100)	|	5090	
9041	140	ok	|	0.11	1.00	1.00	0.11	0.06	0	|	rapi	0.11	0.11	0	|	100.0	0.11(100)	0.11(100)	|	5090	
9041	141	ok	|	0.11	1.00	1.00	0.11	0.06	0	|	rapi	0.11	0.11	0	|	100.0	0.11(100)	0.11(100)	|	5090	
9041	142	ok	|	0.11	1.00	1.00	0.12	0.06	0	|	rapi	0.11	0.12	0	|	100.0	0.12(100)	0.12(100)	|	5090	
9041	143	ok	|	0.11	1.00	1.00	0.11	0.06	0	|	rapi	0.11	0.11	0	|	100.0	0.11(100)	0.11(100)	|	5090	
9041	144	ok	|	0.10	1.00	1.00	0.11	0.05	0	|	rapi	0.10	0.11	0	|	100.0	0.11(100)	0.11(100)	|	5090	
9041	145	ok	|	0.09	1.00	1.00	0.09	0.05	0	|	rapi	0.09	0.09	0	|	100.0	0.09(100)	0.09(100)	|	5090	
9041	146	ok	|	0.10	1.00	1.00	0.10	0.05	0	|	rapi	0.10	0.10	0	|	100.0	0.10(100)	0.10(100)	|	5090	
9041	147	ok	|	0.10	1.00	1.00	0.10	0.05	0	|	rapi	0.10	0.10	0	|	100.0	0.10(100)	0.10(100)	|	5090	
9041	148	ok	|	0.09	1.00	1.00	0.09	0.04	0	|	rapi	0.09	0.09	0	|	100.0	0.09(100)	0.09(100)	|	5090	
9041	149	ok	|	0.10	1.00	1.00	0.10	0.05	0	|	rapi	0.10	0.10	0	|	100.0	0.10(100)	0.10(100)	|	5090	
9041	150	ok	|	0.09	1.00	1.00	0.09	0.05	0	|	rapi	0.09	0.09	0	|	100.0	0.09(100)	0.09(100)	|	5090	
9041	151	ok	|	0.09	1.00	1.00	0.09	0.05	0	|	rapi	0.09	0.09	0	|	100.0	0.09(100)	0.09(100)	|	5090	
9041	152	ok	|	0.08	1.00	1.00	0.08	0.04	0	|	rapi	0.08	0.08	0	|	100.0	0.08(100)	0.08(100)	|	5090	
9041	153	ok	|	0.09	1.00	1.00	0.09	0.04	0	|	rapi	0.09	0.09	0	|	100.0	0.09(100)	0.09(100)	|	5090	
9041	154	ok	|	0.08	1.00	1.00	0.08	0.04	0	|	rapi	0.08	0.08	0	|	100.0	0.08(100)	0.08(100)	|	5090	
9041	155	ok	|	0.08	1.00	1.00	0.08	0.04	0	|	rapi	0.08	0.08	0	|	100.0	0.08(100)	0.08(100)	|	5090	
9041	156	ok	|	0.08	1.00	1.00	0.09	0.04	0	|	rapi	0.08	0.09	0	|	100.0	0.09(100)	0.09(100)	|	5090	
9041	157	ok	|	0.09	1.00	1.00	0.09	0.04	0	|	rapi	0.09	0.09	0	|	100.0	0.09(100)	0.09(100)	|	5090	
9041	158	ok	|	0.08	1.00	1.00	0.09	0.04	0	|	rapi	0.08	0.09	0	|	100.0	0.09(100)	0.09(100)	|	5090	
9041	159	ok	|	0.06	1.00	1.00	0.06	0.03	0	|	rapi	0.06	0.06	0	|	100.0	0.06(100)	0.06(100)	|	5090	
9041	160	ok	|	0.06	1.00	1.00	0.06	0.03	0	|	rapi	0.06	0.06	0	|	100.0	0.06(100)	0.06(100)	|	5090	
9041	161	ok	|	0.07	1.00	1.00	0.07	0.03	0	|	rapi	0.07	0.07	0	|	100.0	0.07(100)	0.07(100)	|	5090	
9041	162	ok	|	0.08	1.00	1.00	0.08	0.04	0	|	rapi	0.08	0.08	0	|	100.0	0.08(100)	0.08(100)	|	5090	
9041	163	ok	|	0.09	1.00	1.00	0.09	0.04	0	|	rapi	0.09	0.09	0	|	100.0	0.09(100)	0.09(100)	|	5090	
9041	164	ok	|	0.09	1.00	1.00	0.10	0.05	0	|	rapi	0.09	0.10	0	|	100.0	0.10(100)	0.10(100)	|	5090	
9041	165	ok	|	0.09	1.00	1.00	0.09	0.04	0	|	rapi	0.09	0.09	0	|	100.0	0.09(100)	0.09(100)	|	5090	
9041	166	ok	|	0.08	1.00	1.00	0.08	0.04	0	|	rapi	0.08	0.08	0	|	100.0	0.08(100)	0.08(100)	|	5090	
9041	167	ok	|	0.10	1.00	1.00	0.10	0.05	0	|	rapi	0.10	0.10	0	|	100.0	0.10(100)	0.10(100)	|	5090	
9041	168	ok	|	0.08	1.00	1.00	0.08	0.04	0	|	rapi	0.08	0.08	0	|	100.0	0.08(100)	0.08(100)	|	5090	
9041	169	ok	|	0.08	1.00	1.00	0.08	0.04	0	|	rapi	0.08	0.08	0	|	100.0	0.08(100)	0.08(100)	|	5090	
9041	170	ok	|	0.07	1.00	1.00	0.07	0.04	0	|	rapi	0.07	0.07	0	|	100.0	0.07(100)	0.07(100)	|	5090	
9041	171	ok	|	0.08	1.00	1.00	0.09	0.04	0	|	rapi	0.08	0.09	0	|	100.0	0.09(100)	0.09(100)	|	5090	
9041	172	ok	|	0.09	1.00	1.00	0.09	0.04	0	|	rapi	0.09	0.09	0	|	100.0	0.09(100)	0.09(100)	|	5090	
9041	173	ok	|	0.07	1.00	1.00	0.08	0.04	0	|	rapi	0.07	0.08	0	|	100.0	0.08(100)	0.08(100)	|	5090	
9041	174	ok	|	0.08	1.00	1.00	0.08	0.04	0	|	rapi	0.08	0.08	0	|	100.0	0.08(100)	0.08(100)	|	5090	
9041	175	ok	|	0.08	1.00	1.00	0.08	0.04	0	|	rapi	0.08	0.08	0	|	100.0	0.08(100)	0.08(100)	|	5090	
9041	176	ok	|	0.08	1.00	1.00	0.08	0.04	0	|	rapi	0.08	0.08	0	|	100.0	0.08(100)	0.08(100)	|	5090	
9041	177	ok	|	0.07	1.00	1.00	0.07	0.04	0	|	rapi	0.07	0.07	0	|	100.0	0.07(100)	0.07(100)	|	5090	
9041	178	ok	|	0.07	1.00	1.00	0.07	0.04	0	|	rapi	0.07	0.07	0	|	100.0	0.07(100)	0.07(100)	|	5090	
9041	179	ok	|	0.07	1.00	1.00	0.07	0.04	0	|	rapi	0.07	0.07	0	|	100.0	0.07(100)	0.07(100)	|	5090	
9041	180	ok	|	0.06	1.00	1.00	0.06	0.03	0	|	rapi	0.06	0.06	0	|	100.0	0.06(100)	0.06(100)	|	5090	
9041	181	ok	|	0.07	1.00	1.00	0.07	0.03	0	|	rapi	0.07	0.07	0	|	100.0	0.07(100)	0.07(100)	|	5090	
9041	182	ok	|	0.08	1.00	1.00	0.08	0.04	0	|	rapi	0.08	0.08	0	|	100.0	0.08(100)	0.08(100)	|	5090	
9041	183	ok	|	0.07	1.00	1.00	0.07	0.03	0	|	rapi	0.07	0.07	0	|	100.0	0.07(100)	0.07(100)	|	5090	
9041	184	ok	|	0.06	1.00	1.00	0.06	0.03	0	|	rapi	0.06	0.06	0	|	100.0	0.06(100)	0.06(100)	|	5090	
9041	185	ok	|	0.05	1.00	1.00	0.05	0.02	0	|	rapi	0.05	0.05	0	|	100.0	0.05(100)	0.05(100)	|	5090	
9041	186	ok	|	0.04	1.00	1.00	0.04	0.02	0	|	rapi	0.04	0.04	0	|	100.0	0.04(100)	0.04(100)	|	5090	
9041	187	ok	|	0.05	1.00	1.00	0.05	0.02	0	|	rapi	0.05	0.05	0	|	100.0	0.05(100)	0.05(100)	|	5090	
9041	188	ok	|	0.05	1.00	1.00	0.05	0.02	0	|	rapi	0.05	0.05	0	|	100.0	0.05(100)	0.05(100)	|	5090	
9041	189	ok	|	0.04	1.00	1.00	0.04	0.02	0	|	rapi	0.04	0.04	0	|	100.0	0.04(100)	0.04(100)	|	5090	
9041	190	ok	|	0.04	1.00	1.00	0.04	0.02	0	|	rapi	0.04	0.04	0	|	100.0	0.04(100)	0.04(100)	|	5090	
9041	191	ok	|	0.05	1.00	1.00	0.05	0.03	0	|	rapi	0.05	0.05	0	|	100.0	0.05(100)	0.05(100)	|	5090	
9041	192	ok	|	0.04	1.00	1.00	0.04	0.02	0	|	rapi	0.04	0.04	0	|	100.0	0.04(100)	0.04(100)	|	5090	
9041	193	ok	|	0.03	1.00	1.00	0.03	0.02	0	|	rapi	0.03	0.03	0	|	100.0	0.03(100)	0.03(100)	|	5090	
9041	194	ok	|	0.04	1.00	1.00	0.04	0.02	0	|	rapi	0.04	0.04	0	|	100.0	0.04(100)	0.04(100)	|	5090	
9041	195	ok	|	0.03	1.00	1.00	0.03	0.02	0	|	rapi	0.03	0.03	0	|	100.0	0.03(100)	0.03(100)	|	5090	
9041	196	ok	|	0.04	1.00	1.00	0.04	0.02	0	|	rapi	0.04	0.04	0	|	100.0	0.04(100)	0.04(100)	|	5090	
9041	197	ok	|	0.03	1.00	1.00	0.03	0.01	0	|	rapi	0.03	0.03	0	|	100.0	0.03(100)	0.03(100)	|	5090	
9041	198	ok	|	0.02	1.00	1.00	0.02	0.01	0	|	rapi	0.02	0.02	0	|	100.0	0.02(100)	0.02(100)	|	5090	
9041	199	ok	|	0.02	1.00	1.00	0.02	0.01	0	|	rapi	0.02	0.02	0	|	100.0	0.02(100)	0.02(100)	|	5090	
9041	200	ok	|	0.02	1.00	1.00	0.02	0.01	0	|	rapi	0.02	0.02	0	|	100.0	0.02(100)	0.02(100)	|	5090	
9041	201	ok	|	0.02	1.00	1.00	0.02	0.01	0	|	rapi	0.02	0.02	0	|	100.0	0.02(100)	0.02(100)	|	5090	
9041	202	ok	|	0.02	1.00	1.00	0.02	0.01	0	|	rapi	0.02	0.02	0	|	100.0	0.02(100)	0.02(100)	|	5090	
9041	203	ok	|	0.02	1.00	1.00	0.02	0.01	0	|	rapi	0.02	0.02	0	|	100.0	0.02(100)	0.02(100)	|	5090	
9041	204	ok	|	0.03	1.00	1.00	0.03	0.01	0	|	rapi	0.03	0.03	0	|	100.0	0.03(100)	0.03(100)	|	5090	
9041	205	ok	|	0.02	1.00	1.00	0.02	0.01	0	|	rapi	0.02	0.02	0	|	100.0	0.02(100)	0.02(100)	|	5090	
9041	206	ok	|	0.02	1.00	1.00	0.02	0.01	0	|	rapi	0.02	0.02	0	|	100.0	0.02(100)	0.02(100)	|	5090	
9041	207	ok	|	0.02	1.00	1.00	0.02	0.01	0	|	rapi	0.02	0.02	0	|	100.0	0.02(100)	0.02(100)	|	5090	
9041	208	ok	|	0.02	1.00	1.00	0.02	0.01	0	|	rapi	0.02	0.02	0	|	100.0	0.02(100)	0.02(100)	|	5090	
9041	209	ok	|	0.03	1.00	1.00	0.03	0.01	0	|	rapi	0.03	0.03	0	|	100.0	0.03(100)	0.03(100)	|	5090	
9041	210	ok	|	0.03	1.00	1.00	0.03	0.01	0	|	rapi	0.03	0.03	0	|	100.0	0.03(100)	0.03(100)	|	5090	
9041	211	ok	|	0.02	1.00	1.00	0.02	0.01	0	|	rapi	0.02	0.02	0	|	100.0	0.02(100)	0.02(100)	|	5090	
9041	212	ok	|	0.02	1.00	1.00	0.02	0.01	0	|	rapi	0.02	0.02	0	|	100.0	0.02(100)	0.02(100)	|	5090	
9041	213	ok	|	0.03	1.00	1.00	0.03	0.01	0	|	rapi	0.03	0.03	0	|	100.0	0.03(100)	0.03(100)	|	5090	
9041	214	ok	|	0.03	1.00	1.00	0.03	0.01	0	|	rapi	0.03	0.03	0	|	100.0	0.03(100)	0.03(100)	|	5090	
9041	215	ok	|	0.04	1.00	1.00	0.04	0.02	0	|	rapi	0.04	0.04	0	|	100.0	0.04(100)	0.04(100)	|	5090	
9041	216	ok	|	0.05	1.00	1.00	0.05	0.02	0	|	rapi	0.05	0.05	0	|	100.0	0.05(100)	0.05(100)	|	5090	
9041	217	ok	|	0.04	1.00	1.00	0.04	0.02	0	|	rapi	0.04	0.04	0	|	100.0	0.04(100)	0.04(100)	|	5090	
9041	218	ok	|	0.04	1.00	1.00	0.04	0.02	0	|	rapi	0.04	0.04	0	|	100.0	0.04(100)	0.04(100)	|	5090	
9041	219	ok	|	0.03	1.00	1.00	0.03	0.01	0	|	rapi	0.03	0.03	0	|	100.0	0.03(100)	0.03(100)	|	5090	
9041	220	ok	|	0.02	1.00	1.00	0.02	0.01	0	|	rapi	0.02	0.02	0	|	100.0	0.02(100)	0.02(100)	|	5090	
9041	221	ok	|	0.02	1.00	1.00	0.02	0.01	0	|	rapi	0.02	0.02	0	|	100.0	0.02(100)	0.02(100)	|	5090	
9041	222	ok	|	0.02	1.00	1.00	0.02	0.01	0	|	rapi	0.02	0.02	0	|	100.0	0.02(100)	0.02(100)	|	5090	
9041	223	ok	|	0.02	1.00	1.00	0.02	0.01	0	|	rapi	0.02	0.02	0	|	100.0	0.02(100)	0.02(100)	|	5090	
9041	224	ok	|	0.02	1.00	1.00	0.02	0.01	0	|	rapi	0.02	0.02	0	|	100.0	0.02(100)	0.02(100)	|	5090	
9041	225	ok	|	0.02	1.00	1.00	0.03	0.01	0	|	rapi	0.02	0.03	0	|	100.0	0.03(100)	0.03(100)	|	5090	
9041	226	ok	|	0.03	1.00	1.00	0.03	0.01	0	|	rapi	0.03	0.03	0	|	100.0	0.03(100)	0.03(100)	|	5090	
9041	227	ok	|	0.02	1.00	1.00	0.02	0.01	0	|	rapi	0.02	0.02	0	|	100.0	0.02(100)	0.02(100)	|	5090	
9041	228	ok	|	0.02	1.00	1.00	0.02	0.01	0	|	rapi	0.02	0.02	0	|	100.0	0.02(100)	0.02(100)	|	5090	
9041	229	ok	|	0.02	1.00	1.00	0.02	0.01	0	|	rapi	0.02	0.02	0	|	100.0	0.02(100)	0.02(100)	|	5090	
9041	230	ok	|	0.02	1.00	1.00	0.02	0.01	0	|	rapi	0.02	0.02	0	|	100.0	0.02(100)	0.02(100)	|	5090	
9041	231	ok	|	0.02	1.00	1.00	0.02	0.01	0	|	rapi	0.02	0.02	0	|	100.0	0.02(100)	0.02(100)	|	5090	
9041	232	ok	|	0.03	1.00	1.00	0.03	0.01	0	|	rapi	0.03	0.03	0	|	100.0	0.03(100)	0.03(100)	|	5090	
9041	233	ok	|	0.03	1.00	1.00	0.03	0.01	0	|	rapi	0.03	0.03	0	|	100.0	0.03(100)	0.03(100)	|	5090	
9041	234	ok	|	0.03	1.00	1.00	0.03	0.01	0	|	rapi	0.03	0.03	0	|	100.0	0.03(100)	0.03(100)	|	5090	
9041	235	ok	|	0.02	1.00	1.00	0.02	0.01	0	|	rapi	0.02	0.02	0	|	100.0	0.02(100)	0.02(100)	|	5090	
9041	236	ok	|	0.01	1.00	1.00	0.01	0.01	0	|	rapi	0.01	0.01	0	|	100.0	0.01(100)	0.01(100)	|	5090	
9041	237	ok	|	0.01	1.00	1.00	0.01	0.00	0	|	rapi	0.01	0.01	0	|	100.0	0.01(100)	0.01(100)	|	5090	
9041	238	ok	|	0.01	1.00	1.00	0.01	0.00	0	|	rapi	0.01	0.01	0	|	100.0	0.01(100)	0.01(100)	|	5090	
9041	239	ok	|	0.01	1.00	1.00	0.01	0.00	0	|	rapi	0.01	0.01	0	|	100.0	0.01(100)	0.01(100)	|	5090	
9041	240	ok	|	0.01	1.00	1.00	0.01	0.00	0	|	rapi	0.01	0.01	0	|	100.0	0.01(100)	0.01(100)	|	5090	
9041	241	ok	|	0.01	1.00	1.00	0.01	0.01	0	|	rapi	0.01	0.01	0	|	100.0	0.01(100)	0.01(100)	|	5090	
9041	242	ok	|	0.01	1.00	1.00	0.01	0.01	0	|	rapi	0.01	0.01	0	|	100.0	0.01(100)	0.01(100)	|	5090	
9041	243	ok	|	0.01	1.00	1.00	0.01	0.01	0	|	rapi	0.01	0.01	0	|	100.0	0.01(100)	0.01(100)	|	5090	
9041	244	ok	|	0.01	1.00	1.00	0.01	0.00	0	|	rapi	0.01	0.01	0	|	100.0	0.01(100)	0.01(100)	|	5090	
9041	245	ok	|	0.01	1.00	1.00	0.01	0.00	0	|	rapi	0.01	0.01	0	|	100.0	0.01(100)	0.01(100)	|	5090	
9041	246	ok	|	0.00	1.00	1.00	0.00	0.00	0	|	rapi	0.00	0.00	0	|	100.0	0.00(100)	0.00(100)	|	5090	
9041	247	ok	|	0.00	1.00	1.00	0.00	0.00	0	|	rapi	0.00	0.00	0	|	100.0	0.00(100)	0.00(100)	|	5090	
9041	248	ok	|	0.00	1.00	1.00	0.00	0.00	0	|	rapi	0.00	0.00	0	|	100.0	0.00(100)	0.00(100)	|	5090	
9041	249	ok	|	0.00	1.00	1.00	0.00	0.00	0	|	rapi	0.00	0.00	0	|	100.0	0.00(100)	0.00(100)	|	5090	
9041	250	ok	|	0.00	1.00	1.00	0.00	0.00	0	|	rapi	0.00	0.00	0	|	100.0	0.00(100)	0.00(100)	|	5090	
9041	251	ok	|	0.00	1.00	1.00	0.00	0.00	0	|	rapi	0.00	0.00	0	|	100.0	0.00(100)	0.00(100)	|	5090	
9041	252	ok	|	0.00	1.00	1.00	0.00	0.00	0	|	rapi	0.00	0.00	0	|	100.0	0.00(100)	0.00(100)	|	5090	
9041	253	ok	|	0.00	1.00	1.00	0.00	0.00	0	|	rapi	0.00	0.00	0	|	100.0	0.00(100)	0.00(100)	|	5090	
9041	254	ok	|	0.00	1.00	1.00	0.00	0.00	0	|	rapi	0.00	0.00	0	|	100.0	0.00(100)	0.00(100)	|	5090	
9041	255	ok	|	0.00	1.00	1.00	0.00	0.00	0	|	rapi	0.00	0.00	0	|	100.0	0.00(100)	0.00(100)	|	5090	
9041	256	ok	|	0.00	1.00	1.00	0.00	0.00	0	|	rapi	0.00	0.00	0	|	100.0	0.00(100)	0.00(100)	|	5090	
9041	257	fail-0	|	0.00	1.00	1.00	0.00	NaN	0	|	rapi	0.00	0.00	0	|	NaN			|	5090	
