9056	0	ok	|	0.10	1.00	1.00	0.10	0.00	0	|	rapi	0.09	0.09	0	|	9.0	0.10(9)	0.09(9)	|	9265	
9056	1	ok	|	0.10	1.00	1.00	0.10	0.00	0	|	rapi	0.09	0.09	0	|	9.0	0.10(9)	0.09(9)	|	9265	
9056	2	ok	|	0.10	1.00	1.00	0.11	0.00	0	|	rapi	0.10	0.10	0	|	9.0	0.11(9)	0.10(9)	|	9265	
9056	3	ok	|	0.11	1.00	1.00	0.12	0.00	0	|	rapi	0.11	0.11	0	|	9.0	0.12(9)	0.11(9)	|	9265	
9056	4	ok	|	0.10	1.00	1.00	0.11	0.00	0	|	rapi	0.10	0.10	0	|	9.0	0.11(9)	0.10(9)	|	9265	
9056	5	ok	|	0.10	1.00	1.00	0.10	0.00	0	|	rapi	0.09	0.09	0	|	9.0	0.10(9)	0.09(9)	|	9265	
9056	6	ok	|	0.10	1.00	1.00	0.10	0.00	0	|	rapi	0.10	0.10	0	|	9.0	0.10(9)	0.10(9)	|	9265	
9056	7	ok	|	0.10	1.00	1.00	0.10	0.00	0	|	rapi	0.10	0.10	0	|	9.0	0.10(9)	0.10(9)	|	9265	
9056	8	ok	|	0.10	1.00	1.00	0.11	0.00	0	|	rapi	0.10	0.11	0	|	9.0	0.11(9)	0.11(9)	|	9265	
9056	9	ok	|	0.13	1.00	1.00	0.14	0.00	0	|	rapi	0.13	0.13	0	|	9.0	0.14(9)	0.13(9)	|	9265	
9056	10	ok	|	0.12	1.00	1.00	0.13	0.00	0	|	rapi	0.12	0.12	0	|	9.0	0.13(9)	0.12(9)	|	9265	
9056	11	ok	|	0.13	1.00	1.00	0.14	0.00	0	|	rapi	0.12	0.13	0	|	9.0	0.14(9)	0.13(9)	|	9265	
9056	12	ok	|	0.14	1.00	1.00	0.15	0.00	0	|	rapi	0.14	0.15	0	|	9.0	0.15(9)	0.15(9)	|	9265	
9056	13	ok	|	0.15	1.00	1.00	0.16	0.00	0	|	rapi	0.14	0.15	0	|	9.0	0.16(9)	0.15(9)	|	9265	
9056	14	ok	|	0.16	1.00	1.00	0.17	0.00	0	|	rapi	0.15	0.17	0	|	9.0	0.17(9)	0.17(9)	|	9265	
9056	15	ok	|	0.16	1.00	1.00	0.18	0.00	0	|	rapi	0.16	0.17	0	|	9.0	0.18(9)	0.17(9)	|	9265	
9056	16	ok	|	0.16	1.00	1.00	0.17	0.01	0	|	rapi	0.16	0.17	0	|	9.0	0.17(9)	0.17(9)	|	9265	
9056	17	ok	|	0.18	1.00	1.00	0.19	0.01	0	|	rapi	0.18	0.19	0	|	9.0	0.19(9)	0.19(9)	|	9265	
9056	18	ok	|	0.17	1.00	1.00	0.18	0.00	0	|	rapi	0.17	0.17	0	|	9.0	0.18(9)	0.17(9)	|	9265	
9056	19	ok	|	0.16	1.00	1.00	0.16	0.01	0	|	rapi	0.16	0.16	0	|	9.0	0.16(9)	0.16(9)	|	9265	
9056	20	ok	|	0.16	1.00	1.00	0.16	0.01	0	|	rapi	0.16	0.16	0	|	9.0	0.16(9)	0.16(9)	|	9265	
9056	21	ok	|	0.16	1.00	1.00	0.17	0.01	0	|	rapi	0.16	0.17	0	|	9.0	0.17(9)	0.17(9)	|	9265	
9056	22	ok	|	0.14	1.00	1.00	0.15	0.00	0	|	rapi	0.14	0.15	0	|	9.0	0.15(9)	0.15(9)	|	9265	
9056	23	ok	|	0.14	1.00	1.00	0.14	0.01	0	|	rapi	0.14	0.14	0	|	9.0	0.14(9)	0.14(9)	|	9265	
9056	24	ok	|	0.13	1.00	1.00	0.13	0.01	0	|	rapi	0.13	0.13	0	|	9.0	0.13(9)	0.13(9)	|	9265	
9056	25	ok	|	0.15	1.00	1.00	0.16	0.01	0	|	rapi	0.15	0.16	0	|	9.0	0.16(9)	0.16(9)	|	9265	
9056	26	ok	|	0.17	1.00	1.00	0.18	0.01	0	|	rapi	0.17	0.18	0	|	9.0	0.18(9)	0.18(9)	|	9265	
9056	27	ok	|	0.17	1.00	1.00	0.19	0.01	0	|	rapi	0.17	0.19	0	|	9.0	0.19(9)	0.19(9)	|	9265	
9056	28	ok	|	0.17	1.00	1.00	0.20	0.01	0	|	rapi	0.17	0.20	0	|	9.0	0.20(9)	0.20(9)	|	9265	
9056	29	ok	|	0.16	1.00	1.00	0.18	0.01	0	|	rapi	0.16	0.18	0	|	9.0	0.18(9)	0.18(9)	|	9265	
9056	30	ok	|	0.17	1.00	1.00	0.18	0.01	0	|	rapi	0.17	0.18	0	|	9.0	0.18(9)	0.18(9)	|	9265	
9056	31	ok	|	0.16	1.00	1.00	0.17	0.01	0	|	rapi	0.16	0.17	0	|	9.0	0.17(9)	0.17(9)	|	9265	
9056	32	ok	|	0.18	1.00	1.00	0.19	0.01	0	|	rapi	0.18	0.19	0	|	9.0	0.19(9)	0.19(9)	|	9265	
9056	33	ok	|	0.19	1.00	1.00	0.20	0.01	0	|	rapi	0.19	0.20	0	|	9.0	0.20(9)	0.20(9)	|	9265	
9056	34	ok	|	0.16	1.00	1.00	0.17	0.01	0	|	rapi	0.16	0.17	0	|	9.0	0.17(9)	0.17(9)	|	9265	
9056	35	ok	|	0.16	1.00	1.00	0.18	0.01	0	|	rapi	0.16	0.18	0	|	9.0	0.18(9)	0.18(9)	|	9265	
9056	36	ok	|	0.15	1.00	1.00	0.16	0.01	0	|	rapi	0.15	0.16	0	|	9.0	0.16(9)	0.16(9)	|	9265	
9056	37	ok	|	0.14	1.00	1.00	0.15	0.01	0	|	rapi	0.14	0.15	0	|	9.0	0.15(9)	0.15(9)	|	9265	
9056	38	ok	|	0.14	1.00	1.00	0.14	0.01	0	|	rapi	0.14	0.14	0	|	9.0	0.14(9)	0.14(9)	|	9265	
9056	39	ok	|	0.13	1.00	1.00	0.14	0.01	0	|	rapi	0.13	0.14	0	|	9.0	0.14(9)	0.14(9)	|	9265	
9056	40	ok	|	0.13	1.00	1.00	0.14	0.01	0	|	rapi	0.13	0.14	0	|	9.0	0.14(9)	0.14(9)	|	9265	
9056	41	ok	|	0.11	1.00	1.00	0.12	0.01	0	|	rapi	0.11	0.12	0	|	9.0	0.12(9)	0.12(9)	|	9265	
9056	42	ok	|	0.11	1.00	1.00	0.13	0.01	0	|	rapi	0.11	0.13	0	|	9.0	0.13(9)	0.13(9)	|	9265	
9056	43	ok	|	0.12	1.00	1.00	0.12	0.01	0	|	rapi	0.12	0.12	0	|	9.0	0.12(9)	0.12(9)	|	9265	
9056	44	ok	|	0.13	1.00	1.00	0.14	0.01	0	|	rapi	0.13	0.14	0	|	9.0	0.14(9)	0.14(9)	|	9265	
9056	45	ok	|	0.14	1.00	1.00	0.15	0.01	0	|	rapi	0.14	0.15	0	|	9.0	0.15(9)	0.15(9)	|	9265	
9056	46	ok	|	0.15	1.00	1.00	0.16	0.01	0	|	rapi	0.15	0.16	0	|	9.0	0.16(9)	0.16(9)	|	9265	
9056	47	ok	|	0.14	1.00	1.00	0.15	0.01	0	|	rapi	0.14	0.15	0	|	9.0	0.15(9)	0.15(9)	|	9265	
9056	48	ok	|	0.14	1.00	1.00	0.15	0.01	0	|	rapi	0.14	0.15	0	|	9.0	0.15(9)	0.15(9)	|	9265	
9056	49	ok	|	0.15	1.00	1.00	0.16	0.01	0	|	rapi	0.15	0.16	0	|	9.0	0.16(9)	0.16(9)	|	9265	
9056	50	ok	|	0.15	1.00	1.00	0.17	0.01	0	|	rapi	0.15	0.17	0	|	9.0	0.17(9)	0.17(9)	|	9265	
9056	51	ok	|	0.16	1.00	1.00	0.17	0.01	0	|	rapi	0.16	0.17	0	|	9.0	0.17(9)	0.17(9)	|	9265	
9056	52	ok	|	0.16	1.00	1.00	0.16	0.01	0	|	rapi	0.16	0.16	0	|	9.0	0.16(9)	0.16(9)	|	9265	
9056	53	ok	|	0.14	1.00	1.00	0.15	0.01	0	|	rapi	0.14	0.15	0	|	9.0	0.15(9)	0.15(9)	|	9265	
9056	54	ok	|	0.14	1.00	1.00	0.16	0.01	0	|	rapi	0.14	0.16	0	|	9.0	0.16(9)	0.16(9)	|	9265	
9056	55	ok	|	0.14	1.00	1.00	0.15	0.01	0	|	rapi	0.14	0.15	0	|	9.0	0.15(9)	0.15(9)	|	9265	
9056	56	ok	|	0.14	1.00	1.00	0.15	0.01	0	|	rapi	0.14	0.15	0	|	9.0	0.15(9)	0.15(9)	|	9265	
9056	57	ok	|	0.12	1.00	1.00	0.13	0.01	0	|	rapi	0.12	0.13	0	|	9.0	0.13(9)	0.13(9)	|	9265	
9056	58	ok	|	0.12	1.00	1.00	0.12	0.01	0	|	rapi	0.12	0.12	0	|	9.0	0.12(9)	0.12(9)	|	9265	
9056	59	ok	|	0.12	1.00	1.00	0.13	0.01	0	|	rapi	0.12	0.13	0	|	9.0	0.13(9)	0.13(9)	|	9265	
9056	60	ok	|	0.11	1.00	1.00	0.12	0.01	0	|	rapi	0.11	0.12	0	|	9.0	0.12(9)	0.12(9)	|	9265	
9056	61	ok	|	0.12	1.00	1.00	0.12	0.01	0	|	rapi	0.12	0.12	0	|	9.0	0.12(9)	0.12(9)	|	9265	
9056	62	ok	|	0.12	1.00	1.00	0.13	0.01	0	|	rapi	0.12	0.13	0	|	9.0	0.13(9)	0.13(9)	|	9265	
9056	63	ok	|	0.12	1.00	1.00	0.13	0.01	0	|	rapi	0.12	0.13	0	|	9.0	0.13(9)	0.13(9)	|	9265	
9056	64	ok	|	0.13	1.00	1.00	0.14	0.01	0	|	rapi	0.13	0.14	0	|	9.0	0.14(9)	0.14(9)	|	9265	
9056	65	ok	|	0.12	1.00	1.00	0.13	0.01	0	|	rapi	0.12	0.13	0	|	9.0	0.13(9)	0.13(9)	|	9265	
9056	66	ok	|	0.12	1.00	1.00	0.12	0.01	0	|	rapi	0.12	0.12	0	|	9.0	0.12(9)	0.12(9)	|	9265	
9056	67	ok	|	0.11	1.00	1.00	0.11	0.01	0	|	rapi	0.11	0.11	0	|	9.0	0.11(9)	0.11(9)	|	9265	
9056	68	ok	|	0.09	1.00	1.00	0.09	0.01	0	|	rapi	0.09	0.09	0	|	9.0	0.09(9)	0.09(9)	|	9265	
9056	69	ok	|	0.09	1.00	1.00	0.10	0.01	0	|	rapi	0.09	0.10	0	|	9.0	0.10(9)	0.10(9)	|	9265	
9056	70	ok	|	0.09	1.00	1.00	0.10	0.01	0	|	rapi	0.09	0.10	0	|	9.0	0.10(9)	0.10(9)	|	9265	
9056	71	ok	|	0.07	1.00	1.00	0.07	0.01	0	|	rapi	0.07	0.07	0	|	9.0	0.07(9)	0.07(9)	|	9265	
9056	72	ok	|	0.08	1.00	1.00	0.08	0.01	0	|	rapi	0.08	0.08	0	|	9.0	0.08(9)	0.08(9)	|	9265	
9056	73	ok	|	0.09	1.00	1.00	0.09	0.01	0	|	rapi	0.09	0.09	0	|	9.0	0.09(9)	0.09(9)	|	9265	
9056	74	ok	|	0.10	1.00	1.00	0.10	0.01	0	|	rapi	0.10	0.10	0	|	9.0	0.10(9)	0.10(9)	|	9265	
9056	75	ok	|	0.10	1.00	1.00	0.10	0.01	0	|	rapi	0.10	0.10	0	|	9.0	0.10(9)	0.10(9)	|	9265	
9056	76	ok	|	0.10	1.00	1.00	0.11	0.01	0	|	rapi	0.10	0.11	0	|	9.0	0.11(9)	0.11(9)	|	9265	
9056	77	ok	|	0.11	1.00	1.00	0.12	0.01	0	|	rapi	0.11	0.12	0	|	9.0	0.12(9)	0.12(9)	|	9265	
9056	78	ok	|	0.10	1.00	1.00	0.11	0.01	0	|	rapi	0.10	0.11	0	|	9.0	0.11(9)	0.11(9)	|	9265	
9056	79	ok	|	0.10	1.00	1.00	0.10	0.01	0	|	rapi	0.10	0.10	0	|	9.0	0.10(9)	0.10(9)	|	9265	
9056	80	ok	|	0.10	1.00	1.00	0.10	0.01	0	|	rapi	0.10	0.10	0	|	9.0	0.10(9)	0.10(9)	|	9265	
9056	81	ok	|	0.09	1.00	1.00	0.09	0.01	0	|	rapi	0.09	0.09	0	|	9.0	0.09(9)	0.09(9)	|	9265	
9056	82	ok	|	0.08	1.00	1.00	0.08	0.01	0	|	rapi	0.08	0.08	0	|	9.0	0.08(9)	0.08(9)	|	9265	
9056	83	ok	|	0.07	1.00	1.00	0.07	0.01	0	|	rapi	0.07	0.07	0	|	9.0	0.07(9)	0.07(9)	|	9265	
9056	84	ok	|	0.06	1.00	1.00	0.06	0.01	0	|	rapi	0.06	0.06	0	|	9.0	0.06(9)	0.06(9)	|	9265	
9056	85	ok	|	0.06	1.00	1.00	0.06	0.01	0	|	rapi	0.06	0.06	0	|	9.0	0.06(9)	0.06(9)	|	9265	
9056	86	ok	|	0.06	1.00	1.00	0.06	0.01	0	|	rapi	0.06	0.06	0	|	9.0	0.06(9)	0.06(9)	|	9265	
9056	87	ok	|	0.06	1.00	1.00	0.06	0.01	0	|	rapi	0.06	0.06	0	|	9.0	0.06(9)	0.06(9)	|	9265	
9056	88	ok	|	0.05	1.00	1.00	0.05	0.01	0	|	rapi	0.05	0.05	0	|	9.0	0.05(9)	0.05(9)	|	9265	
9056	89	ok	|	0.04	1.00	1.00	0.04	0.01	0	|	rapi	0.04	0.04	0	|	9.0	0.04(9)	0.04(9)	|	9265	
9056	90	ok	|	0.04	1.00	1.00	0.04	0.01	0	|	rapi	0.04	0.04	0	|	9.0	0.04(9)	0.04(9)	|	9265	
9056	91	ok	|	0.04	1.00	1.00	0.04	0.01	0	|	rapi	0.04	0.04	0	|	9.0	0.04(9)	0.04(9)	|	9265	
9056	92	ok	|	0.03	1.00	1.00	0.03	0.01	0	|	rapi	0.03	0.03	0	|	9.0	0.03(9)	0.03(9)	|	9265	
9056	93	ok	|	0.03	1.00	1.00	0.03	0.01	0	|	rapi	0.03	0.03	0	|	9.0	0.03(9)	0.03(9)	|	9265	
9056	94	ok	|	0.04	1.00	1.00	0.04	0.01	0	|	rapi	0.04	0.04	0	|	9.0	0.04(9)	0.04(9)	|	9265	
9056	95	ok	|	0.04	1.00	1.00	0.04	0.01	0	|	rapi	0.04	0.04	0	|	9.0	0.04(9)	0.04(9)	|	9265	
9056	96	ok	|	0.03	1.00	1.00	0.03	0.01	0	|	rapi	0.03	0.03	0	|	9.0	0.03(9)	0.03(9)	|	9265	
9056	97	ok	|	0.04	1.00	1.00	0.04	0.01	0	|	rapi	0.04	0.04	0	|	9.0	0.04(9)	0.04(9)	|	9265	
9056	98	ok	|	0.05	1.00	1.00	0.05	0.01	0	|	rapi	0.05	0.05	0	|	9.0	0.05(9)	0.05(9)	|	9265	
9056	99	ok	|	0.04	1.00	1.00	0.04	0.01	0	|	rapi	0.04	0.04	0	|	9.0	0.04(9)	0.04(9)	|	9265	
9056	100	ok	|	0.05	1.00	1.00	0.05	0.01	0	|	rapi	0.05	0.05	0	|	9.0	0.05(9)	0.05(9)	|	9265	
9056	101	ok	|	0.05	1.00	1.00	0.05	0.01	0	|	rapi	0.05	0.05	0	|	9.0	0.05(9)	0.05(9)	|	9265	
9056	102	ok	|	0.04	1.00	1.00	0.04	0.01	0	|	rapi	0.04	0.04	0	|	9.0	0.04(9)	0.04(9)	|	9265	
9056	103	ok	|	0.04	1.00	1.00	0.04	0.01	0	|	rapi	0.04	0.04	0	|	9.0	0.04(9)	0.04(9)	|	9265	
9056	104	ok	|	0.03	1.00	1.00	0.03	0.01	0	|	rapi	0.03	0.03	0	|	9.0	0.03(9)	0.03(9)	|	9265	
9056	105	ok	|	0.04	1.00	1.00	0.04	0.01	0	|	rapi	0.04	0.04	0	|	9.0	0.04(9)	0.04(9)	|	9265	
9056	106	ok	|	0.04	1.00	1.00	0.04	0.01	0	|	rapi	0.04	0.04	0	|	9.0	0.04(9)	0.04(9)	|	9265	
9056	107	ok	|	0.04	1.00	1.00	0.04	0.01	0	|	rapi	0.04	0.04	0	|	9.0	0.04(9)	0.04(9)	|	9265	
9056	108	ok	|	0.04	1.00	1.00	0.04	0.01	0	|	rapi	0.04	0.04	0	|	9.0	0.04(9)	0.04(9)	|	9265	
9056	109	ok	|	0.03	1.00	1.00	0.03	0.01	0	|	rapi	0.03	0.03	0	|	9.0	0.03(9)	0.03(9)	|	9265	
9056	110	ok	|	0.03	1.00	1.00	0.03	0.01	0	|	rapi	0.03	0.03	0	|	9.0	0.03(9)	0.03(9)	|	9265	
9056	111	ok	|	0.03	1.00	1.00	0.03	0.01	0	|	rapi	0.03	0.03	0	|	9.0	0.03(9)	0.03(9)	|	9265	
9056	112	ok	|	0.03	1.00	1.00	0.03	0.01	0	|	rapi	0.03	0.03	0	|	9.0	0.03(9)	0.03(9)	|	9265	
9056	113	ok	|	0.03	1.00	1.00	0.03	0.01	0	|	rapi	0.03	0.03	0	|	9.0	0.03(9)	0.03(9)	|	9265	
9056	114	ok	|	0.04	1.00	1.00	0.04	0.01	0	|	rapi	0.04	0.04	0	|	9.0	0.04(9)	0.04(9)	|	9265	
9056	115	ok	|	0.04	1.00	1.00	0.04	0.01	0	|	rapi	0.04	0.04	0	|	9.0	0.04(9)	0.04(9)	|	9265	
9056	116	ok	|	0.03	1.00	1.00	0.04	0.01	0	|	rapi	0.03	0.04	0	|	9.0	0.04(9)	0.04(9)	|	9265	
9056	117	ok	|	0.04	1.00	1.00	0.04	0.01	0	|	rapi	0.04	0.04	0	|	9.0	0.04(9)	0.04(9)	|	9265	
9056	118	ok	|	0.04	1.00	1.00	0.04	0.01	0	|	rapi	0.04	0.04	0	|	9.0	0.04(9)	0.04(9)	|	9265	
9056	119	ok	|	0.04	1.00	1.00	0.04	0.01	0	|	rapi	0.04	0.04	0	|	9.0	0.04(9)	0.04(9)	|	9265	
9056	120	ok	|	0.04	1.00	1.00	0.04	0.01	0	|	rapi	0.04	0.04	0	|	9.0	0.04(9)	0.04(9)	|	9265	
9056	121	ok	|	0.04	1.00	1.00	0.04	0.01	0	|	rapi	0.04	0.04	0	|	9.0	0.04(9)	0.04(9)	|	9265	
9056	122	ok	|	0.03	1.00	1.00	0.03	0.01	0	|	rapi	0.03	0.03	0	|	9.0	0.03(9)	0.03(9)	|	9265	
9056	123	ok	|	0.03	1.00	1.00	0.03	0.01	0	|	rapi	0.03	0.03	0	|	9.0	0.03(9)	0.03(9)	|	9265	
9056	124	ok	|	0.03	1.00	1.00	0.03	0.01	0	|	rapi	0.03	0.03	0	|	9.0	0.03(9)	0.03(9)	|	9265	
9056	125	ok	|	0.02	1.00	1.00	0.02	0.01	0	|	rapi	0.02	0.02	0	|	9.0	0.02(9)	0.02(9)	|	9265	
9056	126	ok	|	0.02	1.00	1.00	0.02	0.01	0	|	rapi	0.02	0.02	0	|	9.0	0.02(9)	0.02(9)	|	9265	
9056	127	ok	|	0.03	1.00	1.00	0.03	0.01	0	|	rapi	0.03	0.03	0	|	9.0	0.03(9)	0.03(9)	|	9265	
9056	128	ok	|	0.03	1.00	1.00	0.03	0.01	0	|	rapi	0.03	0.03	0	|	9.0	0.03(9)	0.03(9)	|	9265	
9056	129	ok	|	0.03	1.00	1.00	0.03	0.01	0	|	rapi	0.03	0.03	0	|	9.0	0.03(9)	0.03(9)	|	9265	
9056	130	ok	|	0.02	1.00	1.00	0.02	0.01	0	|	rapi	0.02	0.02	0	|	9.0	0.02(9)	0.02(9)	|	9265	
9056	131	ok	|	0.02	1.00	1.00	0.02	0.00	0	|	rapi	0.02	0.02	0	|	9.0	0.02(9)	0.02(9)	|	9265	
9056	132	ok	|	0.02	1.00	1.00	0.02	0.01	0	|	rapi	0.02	0.02	0	|	9.0	0.02(9)	0.02(9)	|	9265	
9056	133	ok	|	0.02	1.00	1.00	0.02	0.01	0	|	rapi	0.02	0.02	0	|	9.0	0.02(9)	0.02(9)	|	9265	
9056	134	ok	|	0.02	1.00	1.00	0.02	0.01	0	|	rapi	0.02	0.02	0	|	9.0	0.02(9)	0.02(9)	|	9265	
9056	135	ok	|	0.02	1.00	1.00	0.02	0.00	0	|	rapi	0.02	0.02	0	|	9.0	0.02(9)	0.02(9)	|	9265	
9056	136	ok	|	0.02	1.00	1.00	0.02	0.01	0	|	rapi	0.02	0.02	0	|	9.0	0.02(9)	0.02(9)	|	9265	
9056	137	ok	|	0.02	1.00	1.00	0.02	0.00	0	|	rapi	0.02	0.02	0	|	9.0	0.02(9)	0.02(9)	|	9265	
9056	138	ok	|	0.02	1.00	1.00	0.02	0.00	0	|	rapi	0.02	0.02	0	|	9.0	0.02(9)	0.02(9)	|	9265	
9056	139	ok	|	0.01	1.00	1.00	0.01	0.00	0	|	rapi	0.01	0.01	0	|	9.0	0.01(9)	0.01(9)	|	9265	
9056	140	ok	|	0.01	1.00	1.00	0.01	0.00	0	|	rapi	0.01	0.01	0	|	9.0	0.01(9)	0.01(9)	|	9265	
9056	141	ok	|	0.01	1.00	1.00	0.01	0.00	0	|	rapi	0.01	0.01	0	|	9.0	0.01(9)	0.01(9)	|	9265	
9056	142	ok	|	0.01	1.00	1.00	0.01	0.00	0	|	rapi	0.01	0.01	0	|	9.0	0.01(9)	0.01(9)	|	9265	
9056	143	ok	|	0.01	1.00	1.00	0.01	0.00	0	|	rapi	0.01	0.01	0	|	9.0	0.01(9)	0.01(9)	|	9265	
9056	144	ok	|	0.00	1.00	1.00	0.00	0.00	0	|	rapi	0.00	0.00	0	|	9.0	0.00(9)	0.00(9)	|	9265	
9056	145	ok	|	0.01	1.00	1.00	0.01	0.00	0	|	rapi	0.01	0.01	0	|	9.0	0.01(9)	0.01(9)	|	9265	
9056	146	ok	|	0.01	1.00	1.00	0.01	0.00	0	|	rapi	0.01	0.01	0	|	9.0	0.01(9)	0.01(9)	|	9265	
9056	147	ok	|	0.01	1.00	1.00	0.01	0.00	0	|	rapi	0.01	0.01	0	|	9.0	0.01(9)	0.01(9)	|	9265	
9056	148	ok	|	0.01	1.00	1.00	0.01	0.00	0	|	rapi	0.01	0.01	0	|	9.0	0.01(9)	0.01(9)	|	9265	
9056	149	ok	|	0.01	1.00	1.00	0.01	0.00	0	|	rapi	0.01	0.01	0	|	9.0	0.01(9)	0.01(9)	|	9265	
9056	150	ok	|	0.00	1.00	1.00	0.00	0.00	0	|	rapi	0.00	0.00	0	|	9.0	0.00(9)	0.00(9)	|	9265	
9056	151	ok	|	0.00	1.00	1.00	0.00	0.00	0	|	rapi	0.00	0.00	0	|	9.0	0.00(9)	0.00(9)	|	9265	
9056	152	ok	|	0.00	1.00	1.00	0.00	0.00	0	|	rapi	0.00	0.00	0	|	9.0	0.00(9)	0.00(9)	|	9265	
9056	153	ok	|	0.00	1.00	1.00	0.00	0.00	0	|	rapi	0.00	0.00	0	|	9.0	0.00(9)	0.00(9)	|	9265	
9056	154	ok	|	0.00	1.00	1.00	0.00	0.00	0	|	rapi	0.00	0.00	0	|	9.0	0.00(9)	0.00(9)	|	9265	
9056	155	fail-0	|	0.00	1.00	1.00	0.00	NaN	0	|	rapi	0.00	0.00	0	|	NaN			|	9265	
