9079	0	ok	|	0.10	1.00	1.00	0.10	0.00	0	|	rapi	0.00	0.00	0	|	-60.0	0.10(-60)		|	1	
9079	1	ok	|	0.08	1.00	1.00	0.09	0.00	0	|	rapi	0.00	0.00	0	|	-60.0	0.09(-60)		|	1	
9079	2	ok	|	0.09	1.00	1.00	0.11	0.00	0	|	rapi	0.00	0.00	0	|	-60.0	0.11(-60)		|	1	
9079	3	ok	|	0.10	1.00	1.00	0.12	0.00	0	|	rapi	0.00	0.00	0	|	-60.0	0.12(-60)		|	1	
9079	4	ok	|	0.11	1.00	1.00	0.16	0.00	0	|	rapi	0.00	0.00	0	|	-60.0	0.16(-60)		|	1	
9079	5	ok	|	0.13	1.00	1.00	0.19	0.00	0	|	rapi	0.00	0.00	0	|	-60.0	0.19(-60)		|	1	
9079	6	ok	|	0.14	1.00	1.00	0.21	0.00	0	|	rapi	0.00	0.00	0	|	-60.0	0.21(-60)		|	1	
9079	7	ok	|	0.15	1.00	1.00	0.22	0.00	0	|	rapi	0.00	0.00	0	|	-60.0	0.22(-60)		|	1	
9079	8	ok	|	0.17	1.00	1.00	0.23	0.00	0	|	rapi	0.00	0.00	0	|	-60.0	0.23(-60)		|	1	
9079	9	ok	|	0.19	1.00	1.00	0.25	0.00	0	|	rapi	0.00	0.00	0	|	-60.0	0.25(-60)		|	1	
9079	10	ok	|	0.18	1.00	1.00	0.25	0.00	0	|	rapi	0.00	0.00	0	|	-60.0	0.25(-60)		|	1	
9079	11	ok	|	0.20	1.00	1.00	0.29	0.00	0	|	rapi	0.00	0.00	0	|	-60.0	0.29(-60)		|	1	
9079	12	ok	|	0.24	1.00	1.00	0.38	0.00	0	|	rapi	0.00	0.00	0	|	-60.0	0.38(-60)		|	1	
9079	13	ok	|	0.27	1.00	1.00	0.41	0.00	0	|	rapi	0.00	0.00	0	|	-60.0	0.41(-60)		|	1	
9079	14	ok	|	0.29	1.00	1.00	0.45	0.00	0	|	rapi	0.00	0.00	0	|	-60.0	0.45(-60)		|	1	
9079	15	ok	|	0.34	0.99	0.99	0.53	0.00	0	|	rapi	0.00	0.00	0	|	-60.0	0.53(-60)		|	1	
9079	16	ok	|	0.38	0.99	0.99	0.61	0.00	0	|	rapi	0.00	0.00	0	|	-60.0	0.61(-60)		|	1	
9079	17	ok	|	0.41	0.99	0.99	0.66	0.00	0	|	rapi	0.00	0.00	0	|	-60.0	0.66(-60)		|	1	
9079	18	ok	|	0.47	0.99	0.99	0.82	0.00	0	|	rapi	0.00	0.00	0	|	-60.0	0.82(-60)		|	1	
9079	19	ok	|	0.52	0.99	0.99	0.94	0.00	0	|	rapi	0.00	0.00	0	|	-60.0	0.94(-60)		|	1	
9079	20	ok	|	0.58	0.99	0.99	1.10	0.00	0	|	rapi	0.00	0.00	0	|	-60.0	1.10(-60)		|	1	
9079	21	ok	|	0.63	0.99	0.99	1.30	0.00	0	|	rapi	0.00	0.00	0	|	-60.0	1.30(-60)		|	1	
9079	22	ok	|	0.73	0.98	0.98	1.67	0.00	0	|	rapi	0.00	0.00	0	|	-60.0	1.67(-60)		|	1	
9079	23	ok	|	0.77	0.98	0.98	1.94	0.00	0	|	rapi	0.00	0.00	0	|	-60.0	1.94(-60)		|	1	
9079	24	ok	|	0.84	0.98	0.98	2.48	0.00	0	|	rapi	0.00	0.00	0	|	-60.0	2.48(-60)		|	1	
9079	25	ok	|	0.88	0.97	0.97	2.88	0.00	0	|	rapi	0.00	0.00	0	|	-60.0	2.88(-60)		|	1	
9079	26	ok	|	0.90	0.97	0.97	3.32	0.00	0	|	rapi	0.00	0.00	0	|	-60.0	3.32(-60)		|	1	
9079	27	ok	|	0.95	0.96	0.96	4.01	0.00	0	|	rapi	0.00	0.00	0	|	-60.0	4.01(-60)		|	1	
9079	28	ok	|	0.97	0.95	0.95	4.70	0.00	0	|	rapi	0.00	0.00	0	|	-60.0	4.70(-60)		|	1	
9079	29	ok	|	0.98	0.94	0.94	5.56	0.00	0	|	rapi	0.00	0.00	0	|	-60.0	5.56(-60)		|	1	
9079	30	ok	|	0.99	0.94	0.94	6.48	0.00	0	|	rapi	0.00	0.00	0	|	-60.0	6.48(-60)		|	1	
9079	31	ok	|	1.00	0.92	0.92	7.64	0.00	0	|	rapi	0.00	0.00	0	|	-60.0	7.64(-60)	0.00(-60)	|	1	
9079	32	ok	|	1.00	0.91	0.91	9.13	0.00	0	|	rapi	0.00	0.00	0	|	-60.0	9.13(-60)	0.00(-60)	|	1	
9079	33	ok	|	1.00	0.89	0.89	10.61	0.00	0	|	rapi	0.00	0.00	0	|	-60.0	10.61(-60)		|	1	
9079	34	ok	|	1.00	0.88	0.88	12.34	0.00	0	|	rapi	0.00	0.00	0	|	-60.0	12.34(-60)		|	1	
9079	35	ok	|	1.00	0.86	0.86	14.44	0.00	0	|	rapi	0.00	0.00	0	|	-60.0	14.44(-60)		|	1	
9079	36	ok	|	1.00	0.83	0.83	16.94	0.00	0	|	rapi	0.00	0.00	0	|	-60.0	16.94(-60)		|	1	
9079	37	ok	|	1.00	0.80	0.80	19.90	0.00	0	|	rapi	0.00	0.00	0	|	-60.0	19.90(-60)		|	1	
9079	38	ok	|	1.00	0.77	0.77	23.36	0.00	0	|	rapi	0.00	0.00	0	|	-60.0	23.36(-60)	0.00(-60)	|	1	
9079	39	ok	|	1.00	0.72	0.72	28.22	0.00	0	|	rapi	0.00	0.00	0	|	-60.0	28.22(-60)		|	1	
9079	40	ok	|	1.00	0.67	0.67	33.10	0.00	0	|	rapi	0.00	0.00	0	|	-60.0	33.10(-60)		|	1	
9079	41	ok	|	1.00	0.61	0.61	38.98	0.00	0	|	rapi	0.00	0.00	0	|	-60.0	38.98(-60)		|	1	
9079	42	ok	|	1.00	0.55	0.55	45.42	0.00	0	|	rapi	0.00	0.00	0	|	-60.0	45.42(-60)	0.00(-60)	|	1	
9079	43	ok	|	1.00	0.47	0.47	52.78	0.00	0	|	rapi	0.00	0.00	0	|	-60.0	52.78(-60)		|	1	
9079	44	ok	|	1.00	0.39	0.39	61.18	0.00	0	|	rapi	0.00	0.00	0	|	-60.0	61.18(-60)		|	1	
9079	45	ok	|	1.00	0.30	0.30	69.96	0.00	0	|	rapi	0.00	0.00	0	|	-60.0	69.96(-60)		|	1	
9079	46	ok	|	1.00	0.20	0.20	79.93	0.00	0	|	rapi	0.00	0.00	0	|	-60.0	79.93(-60)		|	1	
9079	47	ok	|	1.00	0.12	0.12	89.25	0.00	0	|	rapi	0.00	0.00	0	|	-60.0	89.25(-60)		|	1	
9079	48	fail-w	|	1.00	0.06	0.06	96.84	0.00	0	|	rapi	0.00	0.00	0	|	-60.0	96.84(-60)		|	1	
