9132	0	ok	|	0.10	1.00	1.00	0.10	0.00	0	|	rapi	0.00	0.00	0	|	-39.0	0.10(-39)		|	1	
9132	1	ok	|	0.09	1.00	1.00	0.10	0.00	0	|	rapi	0.00	0.00	0	|	-39.0	0.10(-39)		|	1	
9132	2	ok	|	0.09	1.00	1.00	0.10	0.00	0	|	rapi	0.00	0.00	0	|	-39.0	0.10(-39)		|	1	
9132	3	ok	|	0.10	1.00	1.00	0.13	0.00	0	|	rapi	0.00	0.00	0	|	-39.0	0.13(-39)		|	1	
9132	4	ok	|	0.11	1.00	1.00	0.14	0.00	0	|	rapi	0.00	0.00	0	|	-39.0	0.14(-39)		|	1	
9132	5	ok	|	0.14	1.00	1.00	0.19	0.00	0	|	rapi	0.00	0.00	0	|	-39.0	0.19(-39)		|	1	
9132	6	ok	|	0.17	1.00	1.00	0.23	0.00	0	|	rapi	0.00	0.00	0	|	-39.0	0.23(-39)		|	1	
9132	7	ok	|	0.19	1.00	1.00	0.28	0.00	0	|	rapi	0.00	0.00	0	|	-39.0	0.28(-39)		|	1	
9132	8	ok	|	0.22	1.00	1.00	0.31	0.00	0	|	rapi	0.00	0.00	0	|	-39.0	0.31(-39)		|	1	
9132	9	ok	|	0.23	1.00	1.00	0.33	0.00	0	|	rapi	0.00	0.00	0	|	-39.0	0.33(-39)		|	1	
9132	10	ok	|	0.26	1.00	1.00	0.40	0.00	0	|	rapi	0.00	0.00	0	|	-39.0	0.40(-39)		|	1	
9132	11	ok	|	0.31	1.00	1.00	0.48	0.00	0	|	rapi	0.00	0.00	0	|	-39.0	0.48(-39)		|	1	
9132	12	ok	|	0.39	0.99	0.99	0.64	0.00	0	|	rapi	0.00	0.00	0	|	-39.0	0.64(-39)		|	1	
9132	13	ok	|	0.49	0.99	0.99	0.80	0.00	0	|	rapi	0.00	0.00	0	|	-39.0	0.80(-39)		|	1	
9132	14	ok	|	0.53	0.99	0.99	0.93	0.00	0	|	rapi	0.00	0.00	0	|	-39.0	0.93(-39)		|	1	
9132	15	ok	|	0.57	0.99	0.99	1.11	0.00	0	|	rapi	0.00	0.00	0	|	-39.0	1.11(-39)		|	1	
9132	16	ok	|	0.67	0.99	0.99	1.42	0.00	0	|	rapi	0.00	0.00	0	|	-39.0	1.42(-39)		|	1	
9132	17	ok	|	0.72	0.98	0.98	1.63	0.00	0	|	rapi	0.00	0.00	0	|	-39.0	1.63(-39)		|	1	
9132	18	ok	|	0.77	0.98	0.98	1.90	0.00	0	|	rapi	0.00	0.00	0	|	-39.0	1.90(-39)		|	1	
9132	19	ok	|	0.83	0.98	0.98	2.28	0.00	0	|	rapi	0.00	0.00	0	|	-39.0	2.28(-39)		|	1	
9132	20	ok	|	0.88	0.97	0.97	2.75	0.00	0	|	rapi	0.00	0.00	0	|	-39.0	2.75(-39)		|	1	
9132	21	ok	|	0.92	0.97	0.97	3.16	0.00	0	|	rapi	0.00	0.00	0	|	-39.0	3.16(-39)		|	1	
9132	22	ok	|	0.93	0.96	0.96	3.63	0.00	0	|	rapi	0.00	0.00	0	|	-39.0	3.63(-39)		|	1	
9132	23	ok	|	0.96	0.96	0.96	4.34	0.00	0	|	rapi	0.00	0.00	0	|	-39.0	4.34(-39)		|	1	
9132	24	ok	|	0.98	0.95	0.95	5.05	0.00	0	|	rapi	0.00	0.00	0	|	-39.0	5.05(-39)		|	1	
9132	25	ok	|	0.99	0.94	0.94	5.94	0.00	0	|	rapi	0.00	0.00	0	|	-39.0	5.94(-39)		|	1	
9132	26	ok	|	0.99	0.93	0.93	7.10	0.00	0	|	rapi	0.00	0.00	0	|	-39.0	7.10(-39)		|	1	
9132	27	ok	|	1.00	0.92	0.92	8.32	0.00	0	|	rapi	0.00	0.00	0	|	-39.0	8.32(-39)		|	1	
9132	28	ok	|	1.00	0.90	0.90	9.71	0.00	0	|	rapi	0.00	0.00	0	|	-39.0	9.71(-39)		|	1	
9132	29	ok	|	1.00	0.88	0.88	11.71	0.00	0	|	rapi	0.00	0.00	0	|	-39.0	11.71(-39)		|	1	
9132	30	ok	|	1.00	0.86	0.86	13.79	0.00	0	|	rapi	0.00	0.00	0	|	-39.0	13.79(-39)		|	1	
9132	31	ok	|	1.00	0.84	0.84	16.25	0.00	0	|	rapi	0.00	0.00	0	|	-39.0	16.25(-39)		|	1	
9132	32	ok	|	1.00	0.81	0.81	19.14	0.00	0	|	rapi	0.00	0.00	0	|	-39.0	19.14(-39)		|	1	
9132	33	ok	|	1.00	0.77	0.77	22.90	0.00	0	|	rapi	0.00	0.00	0	|	-39.0	22.90(-39)		|	1	
9132	34	ok	|	1.00	0.73	0.73	26.97	0.00	0	|	rapi	0.00	0.00	0	|	-39.0	26.97(-39)		|	1	
9132	35	ok	|	1.00	0.68	0.68	31.95	0.00	0	|	rapi	0.00	0.00	0	|	-39.0	31.95(-39)		|	1	
9132	36	ok	|	1.00	0.63	0.63	37.37	0.00	0	|	rapi	0.00	0.00	0	|	-39.0	37.37(-39)	0.00(-39)	|	1	
9132	37	ok	|	1.00	0.56	0.56	43.73	0.00	0	|	rapi	0.00	0.00	0	|	-39.0	43.73(-39)	0.00(-39)	|	1	
9132	38	ok	|	1.00	0.49	0.49	51.01	0.00	0	|	rapi	0.01	0.01	0	|	-39.0	51.01(-39)	0.01(-39)	|	1	
9132	39	ok	|	1.00	0.41	0.41	59.04	0.00	0	|	rapi	0.01	0.01	0	|	-39.0	59.04(-39)	0.01(-39)	|	1	
9132	40	ok	|	1.00	0.32	0.32	68.01	0.00	0	|	rapi	0.01	0.01	0	|	-39.0	68.01(-39)	0.01(-39)	|	1	
9132	41	ok	|	1.00	0.23	0.23	77.59	0.00	0	|	rapi	0.01	0.01	0	|	-39.0	77.59(-39)	0.01(-39)	|	1	
9132	42	ok	|	1.00	0.14	0.14	86.45	0.00	0	|	rapi	0.03	0.03	0	|	-39.0	86.45(-39)	0.03(-39)	|	1	
9132	43	fail-w	|	1.00	0.08	0.08	94.05	0.00	0	|	rapi	0.04	0.04	0	|	-39.0	94.05(-39)	0.04(-39)	|	1	
