9192	0	ok	|	0.10	1.00	1.00	0.10	0.00	0	|	rapi	0.00	0.00	0	|	-98.0	0.10(-98)		|	8	
9192	1	ok	|	0.10	1.00	1.00	0.11	0.00	0	|	rapi	0.00	0.00	0	|	-98.0	0.11(-98)		|	8	
9192	2	ok	|	0.09	1.00	1.00	0.11	0.00	0	|	rapi	0.00	0.00	0	|	-98.0	0.11(-98)		|	8	
9192	3	ok	|	0.12	1.00	1.00	0.15	0.00	0	|	rapi	0.00	0.00	0	|	-98.0	0.15(-98)		|	8	
9192	4	ok	|	0.12	1.00	1.00	0.15	0.00	0	|	rapi	0.00	0.00	0	|	-98.0	0.15(-98)		|	8	
9192	5	ok	|	0.12	1.00	1.00	0.15	0.00	0	|	rapi	0.00	0.00	0	|	-98.0	0.15(-98)		|	8	
9192	6	ok	|	0.14	1.00	1.00	0.17	0.00	0	|	rapi	0.00	0.00	0	|	-98.0	0.17(-98)		|	8	
9192	7	ok	|	0.16	1.00	1.00	0.23	0.00	0	|	rapi	0.00	0.00	0	|	-98.0	0.23(-98)		|	8	
9192	8	ok	|	0.18	1.00	1.00	0.26	0.00	0	|	rapi	0.00	0.00	0	|	-98.0	0.26(-98)		|	8	
9192	9	ok	|	0.21	1.00	1.00	0.29	0.00	0	|	rapi	0.00	0.00	0	|	-98.0	0.29(-98)		|	8	
9192	10	ok	|	0.22	1.00	1.00	0.32	0.00	0	|	rapi	0.00	0.00	0	|	-98.0	0.32(-98)		|	8	
9192	11	ok	|	0.28	1.00	1.00	0.38	0.00	0	|	rapi	0.00	0.00	0	|	-98.0	0.38(-98)		|	8	
9192	12	ok	|	0.32	1.00	1.00	0.46	0.00	0	|	rapi	0.00	0.00	0	|	-98.0	0.46(-98)		|	8	
9192	13	ok	|	0.41	0.99	0.99	0.63	0.00	0	|	rapi	0.00	0.00	0	|	-98.0	0.63(-98)		|	8	
9192	14	ok	|	0.47	0.99	0.99	0.79	0.00	0	|	rapi	0.00	0.00	0	|	-98.0	0.79(-98)		|	8	
9192	15	ok	|	0.54	0.99	0.99	0.96	0.00	0	|	rapi	0.00	0.00	0	|	-98.0	0.96(-98)		|	8	
9192	16	ok	|	0.60	0.99	0.99	1.17	0.00	0	|	rapi	0.00	0.00	0	|	-98.0	1.17(-98)		|	8	
9192	17	ok	|	0.67	0.99	0.99	1.41	0.00	0	|	rapi	0.00	0.00	0	|	-98.0	1.41(-98)		|	8	
9192	18	ok	|	0.72	0.98	0.98	1.65	0.00	0	|	rapi	0.00	0.00	0	|	-98.0	1.65(-98)		|	8	
9192	19	ok	|	0.77	0.98	0.98	1.97	0.00	0	|	rapi	0.00	0.00	0	|	-98.0	1.97(-98)		|	8	
9192	20	ok	|	0.82	0.98	0.98	2.36	0.00	0	|	rapi	0.00	0.00	0	|	-98.0	2.36(-98)		|	8	
9192	21	ok	|	0.86	0.97	0.97	2.78	0.00	0	|	rapi	0.00	0.00	0	|	-98.0	2.78(-98)		|	8	
9192	22	ok	|	0.91	0.97	0.97	3.35	0.00	0	|	rapi	0.00	0.00	0	|	-98.0	3.35(-98)		|	8	
9192	23	ok	|	0.94	0.96	0.96	3.86	0.00	0	|	rapi	0.00	0.00	0	|	-98.0	3.86(-98)		|	8	
9192	24	ok	|	0.97	0.95	0.95	4.64	0.00	0	|	rapi	0.00	0.00	0	|	-98.0	4.64(-98)		|	8	
9192	25	ok	|	0.99	0.95	0.95	5.43	0.00	0	|	rapi	0.00	0.00	0	|	-98.0	5.43(-98)		|	8	
9192	26	ok	|	1.00	0.94	0.94	6.39	0.00	0	|	rapi	0.00	0.00	0	|	-98.0	6.39(-98)		|	8	
9192	27	ok	|	1.00	0.93	0.93	7.41	0.00	0	|	rapi	0.00	0.00	0	|	-98.0	7.41(-98)		|	8	
9192	28	ok	|	1.00	0.91	0.91	8.75	0.00	0	|	rapi	0.00	0.00	0	|	-98.0	8.75(-98)		|	8	
9192	29	ok	|	1.00	0.90	0.90	10.35	0.00	0	|	rapi	0.00	0.00	0	|	-98.0	10.35(-98)		|	8	
9192	30	ok	|	1.00	0.88	0.88	12.22	0.00	0	|	rapi	0.00	0.00	0	|	-98.0	12.22(-98)		|	8	
9192	31	ok	|	1.00	0.86	0.86	14.37	0.00	0	|	rapi	0.00	0.00	0	|	-98.0	14.37(-98)		|	8	
9192	32	ok	|	1.00	0.83	0.83	16.86	0.00	0	|	rapi	0.00	0.00	0	|	-98.0	16.86(-98)		|	8	
9192	33	ok	|	1.00	0.80	0.80	19.84	0.00	0	|	rapi	0.00	0.00	0	|	-98.0	19.84(-98)		|	8	
9192	34	ok	|	1.00	0.77	0.77	23.46	0.00	0	|	rapi	0.00	0.00	0	|	-98.0	23.46(-98)		|	8	
9192	35	ok	|	1.00	0.72	0.72	27.56	0.00	0	|	rapi	0.00	0.00	0	|	-98.0	27.56(-98)		|	8	
9192	36	ok	|	1.00	0.68	0.68	32.38	0.00	0	|	rapi	0.00	0.00	0	|	-98.0	32.38(-98)		|	8	
9192	37	ok	|	1.00	0.62	0.62	37.61	0.00	0	|	rapi	0.00	0.00	0	|	-98.0	37.61(-98)		|	8	
9192	38	ok	|	1.00	0.56	0.56	43.63	0.00	0	|	rapi	0.00	0.00	0	|	-98.0	43.63(-98)		|	8	
9192	39	ok	|	1.00	0.49	0.49	51.07	0.00	0	|	rapi	0.00	0.00	0	|	-98.0	51.07(-98)		|	8	
9192	40	ok	|	1.00	0.40	0.40	59.85	0.00	0	|	rapi	0.00	0.00	0	|	-98.0	59.85(-98)		|	8	
9192	41	ok	|	1.00	0.31	0.31	69.12	0.00	0	|	rapi	0.00	0.00	0	|	-98.0	69.12(-98)		|	8	
9192	42	ok	|	1.00	0.21	0.21	79.10	0.00	0	|	rapi	0.00	0.00	0	|	-98.0	79.10(-98)	0.00(-98)	|	8	
9192	43	ok	|	1.00	0.12	0.12	88.78	0.00	0	|	rapi	0.00	0.00	0	|	-98.0	88.78(-98)	0.00(-98)	|	8	
9192	44	fail-w	|	1.00	0.06	0.06	97.41	0.00	0	|	rapi	0.00	0.00	0	|	-98.0	97.41(-98)	0.00(-98)	|	8	
