9208	0	ok	|	0.10	1.00	1.00	0.10	0.00	0	|	rapi	0.00	0.00	0	|	-88.0	0.10(-88)		|	42	
9208	1	ok	|	0.09	1.00	1.00	0.11	0.00	0	|	rapi	0.00	0.00	0	|	-88.0	0.11(-88)		|	42	
9208	2	ok	|	0.10	1.00	1.00	0.13	0.00	0	|	rapi	0.00	0.00	0	|	-88.0	0.13(-88)		|	42	
9208	3	ok	|	0.11	1.00	1.00	0.14	0.00	0	|	rapi	0.00	0.00	0	|	-88.0	0.14(-88)		|	42	
9208	4	ok	|	0.12	1.00	1.00	0.15	0.00	0	|	rapi	0.00	0.00	0	|	-88.0	0.15(-88)		|	42	
9208	5	ok	|	0.14	1.00	1.00	0.19	0.00	0	|	rapi	0.00	0.00	0	|	-88.0	0.19(-88)		|	42	
9208	6	ok	|	0.14	1.00	1.00	0.20	0.00	0	|	rapi	0.00	0.00	0	|	-88.0	0.20(-88)		|	42	
9208	7	ok	|	0.17	1.00	1.00	0.23	0.00	0	|	rapi	0.00	0.00	0	|	-88.0	0.23(-88)		|	42	
9208	8	ok	|	0.20	1.00	1.00	0.27	0.00	0	|	rapi	0.00	0.00	0	|	-88.0	0.27(-88)		|	42	
9208	9	ok	|	0.24	1.00	1.00	0.33	0.00	0	|	rapi	0.00	0.00	0	|	-88.0	0.33(-88)		|	42	
9208	10	ok	|	0.27	1.00	1.00	0.36	0.00	0	|	rapi	0.00	0.00	0	|	-88.0	0.36(-88)		|	42	
9208	11	ok	|	0.29	1.00	1.00	0.41	0.00	0	|	rapi	0.00	0.00	0	|	-88.0	0.41(-88)		|	42	
9208	12	ok	|	0.34	1.00	1.00	0.48	0.00	0	|	rapi	0.00	0.00	0	|	-88.0	0.48(-88)		|	42	
9208	13	ok	|	0.35	0.99	0.99	0.53	0.00	0	|	rapi	0.00	0.00	0	|	-88.0	0.53(-88)		|	42	
9208	14	ok	|	0.40	0.99	0.99	0.65	0.00	0	|	rapi	0.00	0.00	0	|	-88.0	0.65(-88)		|	42	
9208	15	ok	|	0.46	0.99	0.99	0.73	0.00	0	|	rapi	0.00	0.00	0	|	-88.0	0.73(-88)		|	42	
9208	16	ok	|	0.50	0.99	0.99	0.85	0.00	0	|	rapi	0.00	0.00	0	|	-88.0	0.85(-88)		|	42	
9208	17	ok	|	0.58	0.99	0.99	1.06	0.00	0	|	rapi	0.00	0.00	0	|	-88.0	1.06(-88)		|	42	
9208	18	ok	|	0.61	0.99	0.99	1.13	0.00	0	|	rapi	0.00	0.00	0	|	-88.0	1.13(-88)		|	42	
9208	19	ok	|	0.67	0.99	0.99	1.31	0.00	0	|	rapi	0.00	0.00	0	|	-88.0	1.31(-88)		|	42	
9208	20	ok	|	0.70	0.98	0.98	1.57	0.00	0	|	rapi	0.00	0.00	0	|	-88.0	1.57(-88)		|	42	
9208	21	ok	|	0.78	0.98	0.98	1.89	0.00	0	|	rapi	0.00	0.00	0	|	-88.0	1.89(-88)		|	42	
9208	22	ok	|	0.82	0.98	0.98	2.23	0.00	0	|	rapi	0.00	0.00	0	|	-88.0	2.23(-88)		|	42	
9208	23	ok	|	0.86	0.97	0.97	2.54	0.00	0	|	rapi	0.00	0.00	0	|	-88.0	2.54(-88)		|	42	
9208	24	ok	|	0.90	0.97	0.97	3.01	0.00	0	|	rapi	0.00	0.00	0	|	-88.0	3.01(-88)		|	42	
9208	25	ok	|	0.93	0.96	0.96	3.56	0.00	0	|	rapi	0.00	0.00	0	|	-88.0	3.56(-88)		|	42	
9208	26	ok	|	0.97	0.96	0.96	4.34	0.00	0	|	rapi	0.00	0.00	0	|	-88.0	4.34(-88)		|	42	
9208	27	ok	|	0.99	0.95	0.95	5.11	0.00	0	|	rapi	0.00	0.00	0	|	-88.0	5.11(-88)		|	42	
9208	28	ok	|	0.99	0.94	0.94	6.08	0.00	0	|	rapi	0.00	0.00	0	|	-88.0	6.08(-88)		|	42	
9208	29	ok	|	1.00	0.93	0.93	7.08	0.00	0	|	rapi	0.00	0.00	0	|	-88.0	7.08(-88)		|	42	
9208	30	ok	|	1.00	0.92	0.92	8.25	0.00	0	|	rapi	0.00	0.00	0	|	-88.0	8.25(-88)		|	42	
9208	31	ok	|	1.00	0.90	0.90	9.89	0.00	0	|	rapi	0.00	0.00	0	|	-88.0	9.89(-88)		|	42	
9208	32	ok	|	1.00	0.88	0.88	11.60	0.00	0	|	rapi	0.00	0.00	0	|	-88.0	11.60(-88)	0.00(-88)	|	42	
9208	33	ok	|	1.00	0.86	0.86	13.67	0.00	0	|	rapi	0.00	0.00	0	|	-88.0	13.67(-88)	0.00(-88)	|	42	
9208	34	ok	|	1.00	0.84	0.84	15.96	0.00	0	|	rapi	0.00	0.00	0	|	-88.0	15.96(-88)	0.00(-88)	|	42	
9208	35	ok	|	1.00	0.81	0.81	19.04	0.00	0	|	rapi	0.01	0.01	0	|	-88.0	19.04(-88)	0.01(-88)	|	42	
9208	36	ok	|	1.00	0.78	0.78	22.18	0.00	0	|	rapi	0.01	0.01	0	|	-88.0	22.18(-88)	0.01(-88)	|	42	
9208	37	ok	|	1.00	0.74	0.74	26.02	0.00	0	|	rapi	0.01	0.01	0	|	-88.0	26.02(-88)	0.01(-88)	|	42	
9208	38	ok	|	1.00	0.69	0.69	30.74	0.00	0	|	rapi	0.01	0.01	0	|	-88.0	30.74(-88)	0.01(-88)	|	42	
9208	39	ok	|	1.00	0.64	0.64	35.91	0.00	0	|	rapi	0.01	0.01	0	|	-88.0	35.91(-88)	0.01(-88)	|	42	
9208	40	ok	|	1.00	0.58	0.58	42.35	0.00	0	|	rapi	0.02	0.02	0	|	-88.0	42.35(-88)	0.02(-88)	|	42	
9208	41	ok	|	1.00	0.51	0.51	49.45	0.00	0	|	rapi	0.03	0.03	0	|	-88.0	49.45(-88)	0.03(-88)	|	42	
9208	42	ok	|	1.00	0.43	0.43	56.88	0.00	0	|	rapi	0.03	0.03	0	|	-88.0	56.88(-88)	0.03(-88)	|	42	
9208	43	ok	|	1.00	0.35	0.35	64.93	0.00	0	|	rapi	0.02	0.03	0	|	-88.0	64.93(-88)	0.03(-88)	|	42	
9208	44	ok	|	1.00	0.26	0.26	73.89	0.00	0	|	rapi	0.04	0.04	0	|	-88.0	73.89(-88)	0.04(-88)	|	42	
9208	45	ok	|	1.00	0.18	0.18	82.72	0.00	0	|	rapi	0.06	0.06	0	|	-88.0	82.72(-88)	0.06(-88)	|	42	
9208	46	ok	|	1.00	0.12	0.12	89.30	0.00	0	|	rapi	0.09	0.10	0	|	-88.0	89.30(-88)	0.10(-88)	|	42	
9208	47	fail-w	|	1.00	0.09	0.09	93.78	0.00	0	|	rapi	0.16	0.17	0	|	-88.0	93.78(-88)	0.17(-88)	|	42	
