9224	0	ok	|	0.09	1.00	1.00	0.10	0.00	0	|	rapi	0.00	0.00	0	|	-40.0	0.10(-40)		|	18	
9224	1	ok	|	0.12	1.00	1.00	0.13	0.00	0	|	rapi	0.00	0.00	0	|	-40.0	0.13(-40)	0.00(-40)	|	18	
9224	2	ok	|	0.15	1.00	1.00	0.19	0.00	0	|	rapi	0.00	0.00	0	|	-40.0	0.19(-40)		|	18	
9224	3	ok	|	0.18	1.00	1.00	0.24	0.00	0	|	rapi	0.00	0.00	0	|	-40.0	0.24(-40)		|	18	
9224	4	ok	|	0.23	1.00	1.00	0.30	0.00	0	|	rapi	0.00	0.00	0	|	-40.0	0.30(-40)		|	18	
9224	5	ok	|	0.25	1.00	1.00	0.35	0.00	0	|	rapi	0.00	0.00	0	|	-40.0	0.35(-40)		|	18	
9224	6	ok	|	0.27	1.00	1.00	0.43	0.00	0	|	rapi	0.00	0.00	0	|	-40.0	0.43(-40)		|	18	
9224	7	ok	|	0.34	0.99	0.99	0.52	0.00	0	|	rapi	0.00	0.00	0	|	-40.0	0.52(-40)		|	18	
9224	8	ok	|	0.35	0.99	0.99	0.59	0.00	0	|	rapi	0.00	0.00	0	|	-40.0	0.59(-40)		|	18	
9224	9	ok	|	0.41	0.99	0.99	0.72	0.00	0	|	rapi	0.00	0.00	0	|	-40.0	0.72(-40)		|	18	
9224	10	ok	|	0.48	0.99	0.99	0.83	0.00	0	|	rapi	0.00	0.00	0	|	-40.0	0.83(-40)		|	18	
9224	11	ok	|	0.53	0.99	0.99	0.96	0.00	0	|	rapi	0.00	0.00	0	|	-40.0	0.96(-40)		|	18	
9224	12	ok	|	0.60	0.99	0.99	1.15	0.00	0	|	rapi	0.00	0.00	0	|	-40.0	1.15(-40)		|	18	
9224	13	ok	|	0.65	0.99	0.99	1.34	0.00	0	|	rapi	0.00	0.00	0	|	-40.0	1.34(-40)		|	18	
9224	14	ok	|	0.72	0.98	0.98	1.61	0.00	0	|	rapi	0.00	0.00	0	|	-40.0	1.61(-40)		|	18	
9224	15	ok	|	0.77	0.98	0.98	1.90	0.00	0	|	rapi	0.00	0.00	0	|	-40.0	1.90(-40)		|	18	
9224	16	ok	|	0.82	0.98	0.98	2.30	0.00	0	|	rapi	0.00	0.00	0	|	-40.0	2.30(-40)		|	18	
9224	17	ok	|	0.88	0.97	0.97	2.66	0.00	0	|	rapi	0.00	0.00	0	|	-40.0	2.66(-40)		|	18	
9224	18	ok	|	0.92	0.97	0.97	3.16	0.00	0	|	rapi	0.00	0.00	0	|	-40.0	3.16(-40)	0.00(-40)	|	18	
9224	19	ok	|	0.94	0.96	0.96	3.68	0.00	0	|	rapi	0.00	0.00	0	|	-40.0	3.68(-40)	0.00(-40)	|	18	
9224	20	ok	|	0.97	0.96	0.96	4.16	0.00	0	|	rapi	0.00	0.00	0	|	-40.0	4.16(-40)	0.00(-40)	|	18	
9224	21	ok	|	0.99	0.95	0.95	5.04	0.00	0	|	rapi	0.00	0.00	0	|	-40.0	5.04(-40)	0.00(-40)	|	18	
9224	22	ok	|	0.99	0.94	0.94	5.86	0.00	0	|	rapi	0.01	0.01	0	|	-40.0	5.86(-40)	0.01(-40)	|	18	
9224	23	ok	|	1.00	0.93	0.93	6.83	0.00	0	|	rapi	0.01	0.01	0	|	-40.0	6.83(-40)	0.01(-40)	|	18	
9224	24	ok	|	1.00	0.92	0.92	8.12	0.00	0	|	rapi	0.00	0.00	0	|	-40.0	8.12(-40)	0.00(-40)	|	18	
9224	25	ok	|	1.00	0.91	0.91	9.50	0.00	0	|	rapi	0.00	0.00	0	|	-40.0	9.50(-40)	0.00(-40)	|	18	
9224	26	ok	|	1.00	0.89	0.89	11.17	0.00	0	|	rapi	0.01	0.01	0	|	-40.0	11.17(-40)	0.01(-40)	|	18	
9224	27	ok	|	1.00	0.87	0.87	13.10	0.00	0	|	rapi	0.01	0.01	0	|	-40.0	13.10(-40)	0.01(-40)	|	18	
9224	28	ok	|	1.00	0.85	0.85	15.48	0.00	0	|	rapi	0.01	0.01	0	|	-40.0	15.48(-40)	0.01(-40)	|	18	
9224	29	ok	|	1.00	0.82	0.82	17.98	0.00	0	|	rapi	0.01	0.01	0	|	-40.0	17.98(-40)	0.01(-40)	|	18	
9224	30	ok	|	1.00	0.79	0.79	21.03	0.00	0	|	rapi	0.01	0.01	0	|	-40.0	21.03(-40)	0.01(-40)	|	18	
9224	31	ok	|	1.00	0.75	0.75	24.60	0.00	0	|	rapi	0.02	0.02	0	|	-40.0	24.60(-40)	0.02(-40)	|	18	
9224	32	ok	|	1.00	0.71	0.71	28.97	0.00	0	|	rapi	0.02	0.02	0	|	-40.0	28.97(-40)	0.02(-40)	|	18	
9224	33	ok	|	1.00	0.67	0.67	33.34	0.00	0	|	rapi	0.02	0.02	0	|	-40.0	33.34(-40)	0.02(-40)	|	18	
9224	34	ok	|	1.00	0.62	0.62	38.44	0.00	0	|	rapi	0.02	0.02	0	|	-40.0	38.44(-40)	0.02(-40)	|	18	
9224	35	ok	|	1.00	0.55	0.55	44.81	0.00	0	|	rapi	0.02	0.02	0	|	-40.0	44.81(-40)	0.02(-40)	|	18	
9224	36	ok	|	1.00	0.48	0.48	52.18	0.00	0	|	rapi	0.02	0.02	0	|	-40.0	52.18(-40)	0.02(-40)	|	18	
9224	37	ok	|	1.00	0.39	0.39	60.79	0.00	0	|	rapi	0.03	0.03	0	|	-40.0	60.79(-40)	0.03(-40)	|	18	
9224	38	ok	|	1.00	0.31	0.31	69.49	0.00	0	|	rapi	0.03	0.03	0	|	-40.0	69.49(-40)	0.03(-40)	|	18	
9224	39	ok	|	1.00	0.22	0.22	78.11	0.00	0	|	rapi	0.05	0.05	0	|	-40.0	78.11(-40)	0.05(-40)	|	18	
9224	40	ok	|	1.00	0.14	0.14	86.99	0.00	0	|	rapi	0.07	0.08	0	|	-40.0	86.99(-40)	0.08(-40)	|	18	
9224	41	fail-w	|	1.00	0.10	0.10	92.14	0.00	0	|	rapi	0.13	0.14	0	|	-40.0	92.14(-40)	0.14(-40)	|	18	
