9254	0	ok	|	0.09	1.00	1.00	0.10	0.00	0	|	rapi	0.00	0.00	0	|	-81.0	0.10(-81)		|	1	
9254	1	ok	|	0.10	1.00	1.00	0.12	0.00	0	|	rapi	0.00	0.00	0	|	-81.0	0.12(-81)		|	1	
9254	2	ok	|	0.11	1.00	1.00	0.14	0.00	0	|	rapi	0.00	0.00	0	|	-81.0	0.14(-81)		|	1	
9254	3	ok	|	0.13	1.00	1.00	0.17	0.00	0	|	rapi	0.00	0.00	0	|	-81.0	0.17(-81)		|	1	
9254	4	ok	|	0.14	1.00	1.00	0.19	0.00	0	|	rapi	0.00	0.00	0	|	-81.0	0.19(-81)		|	1	
9254	5	ok	|	0.17	1.00	1.00	0.23	0.00	0	|	rapi	0.00	0.00	0	|	-81.0	0.23(-81)		|	1	
9254	6	ok	|	0.20	1.00	1.00	0.26	0.00	0	|	rapi	0.00	0.00	0	|	-81.0	0.26(-81)		|	1	
9254	7	ok	|	0.22	1.00	1.00	0.33	0.00	0	|	rapi	0.00	0.00	0	|	-81.0	0.33(-81)		|	1	
9254	8	ok	|	0.26	1.00	1.00	0.38	0.00	0	|	rapi	0.00	0.00	0	|	-81.0	0.38(-81)		|	1	
9254	9	ok	|	0.30	1.00	1.00	0.46	0.00	0	|	rapi	0.00	0.00	0	|	-81.0	0.46(-81)		|	1	
9254	10	ok	|	0.34	0.99	0.99	0.55	0.00	0	|	rapi	0.00	0.00	0	|	-81.0	0.55(-81)		|	1	
9254	11	ok	|	0.41	0.99	0.99	0.67	0.00	0	|	rapi	0.00	0.00	0	|	-81.0	0.67(-81)		|	1	
9254	12	ok	|	0.46	0.99	0.99	0.76	0.00	0	|	rapi	0.00	0.00	0	|	-81.0	0.76(-81)		|	1	
9254	13	ok	|	0.50	0.99	0.99	0.90	0.00	0	|	rapi	0.00	0.00	0	|	-81.0	0.90(-81)		|	1	
9254	14	ok	|	0.56	0.99	0.99	1.08	0.00	0	|	rapi	0.00	0.00	0	|	-81.0	1.08(-81)		|	1	
9254	15	ok	|	0.63	0.99	0.99	1.30	0.00	0	|	rapi	0.00	0.00	0	|	-81.0	1.30(-81)		|	1	
9254	16	ok	|	0.70	0.98	0.98	1.53	0.00	0	|	rapi	0.00	0.00	0	|	-81.0	1.53(-81)		|	1	
9254	17	ok	|	0.76	0.98	0.98	1.89	0.00	0	|	rapi	0.00	0.00	0	|	-81.0	1.89(-81)		|	1	
9254	18	ok	|	0.82	0.98	0.98	2.16	0.00	0	|	rapi	0.00	0.00	0	|	-81.0	2.16(-81)		|	1	
9254	19	ok	|	0.85	0.97	0.97	2.54	0.00	0	|	rapi	0.00	0.00	0	|	-81.0	2.54(-81)		|	1	
9254	20	ok	|	0.90	0.97	0.97	2.86	0.00	0	|	rapi	0.00	0.00	0	|	-81.0	2.86(-81)		|	1	
9254	21	ok	|	0.93	0.97	0.97	3.40	0.00	0	|	rapi	0.00	0.00	0	|	-81.0	3.40(-81)		|	1	
9254	22	ok	|	0.96	0.96	0.96	3.96	0.00	0	|	rapi	0.00	0.00	0	|	-81.0	3.96(-81)		|	1	
9254	23	ok	|	0.97	0.95	0.95	4.75	0.00	0	|	rapi	0.00	0.00	0	|	-81.0	4.75(-81)		|	1	
9254	24	ok	|	0.99	0.94	0.94	5.82	0.00	0	|	rapi	0.00	0.00	0	|	-81.0	5.82(-81)		|	1	
9254	25	ok	|	1.00	0.93	0.93	6.82	0.00	0	|	rapi	0.00	0.00	0	|	-81.0	6.82(-81)		|	1	
9254	26	ok	|	1.00	0.92	0.92	8.07	0.00	0	|	rapi	0.00	0.00	0	|	-81.0	8.07(-81)		|	1	
9254	27	ok	|	1.00	0.91	0.91	9.38	0.00	0	|	rapi	0.00	0.00	0	|	-81.0	9.38(-81)		|	1	
9254	28	ok	|	1.00	0.89	0.89	10.95	0.00	0	|	rapi	0.00	0.00	0	|	-81.0	10.95(-81)		|	1	
9254	29	ok	|	1.00	0.87	0.87	12.58	0.00	0	|	rapi	0.00	0.00	0	|	-81.0	12.58(-81)		|	1	
9254	30	ok	|	1.00	0.85	0.85	14.77	0.00	0	|	rapi	0.00	0.00	0	|	-81.0	14.77(-81)		|	1	
9254	31	ok	|	1.00	0.83	0.83	17.31	0.00	0	|	rapi	0.00	0.00	0	|	-81.0	17.31(-81)		|	1	
9254	32	ok	|	1.00	0.80	0.80	20.37	0.00	0	|	rapi	0.00	0.00	0	|	-81.0	20.37(-81)		|	1	
9254	33	ok	|	1.00	0.76	0.76	23.75	0.00	0	|	rapi	0.00	0.00	0	|	-81.0	23.75(-81)		|	1	
9254	34	ok	|	1.00	0.72	0.72	27.98	0.00	0	|	rapi	0.00	0.00	0	|	-81.0	27.98(-81)		|	1	
9254	35	ok	|	1.00	0.68	0.68	32.03	0.00	0	|	rapi	0.00	0.00	0	|	-81.0	32.03(-81)		|	1	
9254	36	ok	|	1.00	0.62	0.62	37.69	0.00	0	|	rapi	0.00	0.00	0	|	-81.0	37.69(-81)		|	1	
9254	37	ok	|	1.00	0.56	0.56	43.62	0.00	0	|	rapi	0.00	0.00	0	|	-81.0	43.62(-81)		|	1	
9254	38	ok	|	1.00	0.49	0.49	50.89	0.00	0	|	rapi	0.00	0.00	0	|	-81.0	50.89(-81)		|	1	
9254	39	ok	|	1.00	0.41	0.41	59.23	0.00	0	|	rapi	0.00	0.00	0	|	-81.0	59.23(-81)		|	1	
9254	40	ok	|	1.00	0.32	0.32	68.27	0.00	0	|	rapi	0.00	0.00	0	|	-81.0	68.27(-81)		|	1	
9254	41	ok	|	1.00	0.23	0.23	77.22	0.00	0	|	rapi	0.00	0.00	0	|	-81.0	77.22(-81)	0.00(-81)	|	1	
9254	42	ok	|	1.00	0.14	0.14	86.74	0.00	0	|	rapi	0.00	0.00	0	|	-81.0	86.74(-81)		|	1	
9254	43	fail-w	|	1.00	0.07	0.07	95.40	0.00	0	|	rapi	0.00	0.00	0	|	-81.0	95.40(-81)		|	1	
