9332	0	ok	|	0.09	1.00	1.00	0.10	0.00	0	|	rapi	0.00	0.00	0	|	-3.0	0.10(-3)		|	1	
9332	1	ok	|	0.11	1.00	1.00	0.13	0.00	0	|	rapi	0.00	0.00	0	|	-3.0	0.13(-3)		|	1	
9332	2	ok	|	0.13	1.00	1.00	0.15	0.00	0	|	rapi	0.00	0.00	0	|	-3.0	0.15(-3)		|	1	
9332	3	ok	|	0.15	1.00	1.00	0.18	0.00	0	|	rapi	0.00	0.00	0	|	-3.0	0.18(-3)		|	1	
9332	4	ok	|	0.15	1.00	1.00	0.19	0.00	0	|	rapi	0.00	0.00	0	|	-3.0	0.19(-3)		|	1	
9332	5	ok	|	0.15	1.00	1.00	0.19	0.00	0	|	rapi	0.00	0.00	0	|	-3.0	0.19(-3)		|	1	
9332	6	ok	|	0.19	1.00	1.00	0.24	0.00	0	|	rapi	0.00	0.00	0	|	-3.0	0.24(-3)		|	1	
9332	7	ok	|	0.21	1.00	1.00	0.28	0.00	0	|	rapi	0.00	0.00	0	|	-3.0	0.28(-3)		|	1	
9332	8	ok	|	0.23	1.00	1.00	0.31	0.00	0	|	rapi	0.00	0.00	0	|	-3.0	0.31(-3)		|	1	
9332	9	ok	|	0.26	1.00	1.00	0.39	0.00	0	|	rapi	0.00	0.00	0	|	-3.0	0.39(-3)		|	1	
9332	10	ok	|	0.30	1.00	1.00	0.48	0.00	0	|	rapi	0.00	0.00	0	|	-3.0	0.48(-3)		|	1	
9332	11	ok	|	0.36	0.99	0.99	0.56	0.00	0	|	rapi	0.00	0.00	0	|	-3.0	0.56(-3)		|	1	
9332	12	ok	|	0.41	0.99	0.99	0.65	0.00	0	|	rapi	0.00	0.00	0	|	-3.0	0.65(-3)		|	1	
9332	13	ok	|	0.47	0.99	0.99	0.77	0.00	0	|	rapi	0.00	0.00	0	|	-3.0	0.77(-3)		|	1	
9332	14	ok	|	0.56	0.99	0.99	0.93	0.00	0	|	rapi	0.00	0.00	0	|	-3.0	0.93(-3)		|	1	
9332	15	ok	|	0.62	0.99	0.99	1.12	0.00	0	|	rapi	0.00	0.00	0	|	-3.0	1.12(-3)		|	1	
9332	16	ok	|	0.66	0.99	0.99	1.35	0.00	0	|	rapi	0.00	0.00	0	|	-3.0	1.35(-3)		|	1	
9332	17	ok	|	0.72	0.98	0.98	1.63	0.00	0	|	rapi	0.00	0.00	0	|	-3.0	1.63(-3)	0.00(-3)	|	1	
9332	18	ok	|	0.78	0.98	0.98	1.84	0.00	0	|	rapi	0.00	0.00	0	|	-3.0	1.84(-3)		|	1	
9332	19	ok	|	0.82	0.98	0.98	2.11	0.00	0	|	rapi	0.00	0.00	0	|	-3.0	2.11(-3)		|	1	
9332	20	ok	|	0.86	0.97	0.97	2.56	0.00	0	|	rapi	0.00	0.00	0	|	-3.0	2.56(-3)		|	1	
9332	21	ok	|	0.88	0.97	0.97	2.90	0.00	0	|	rapi	0.00	0.00	0	|	-3.0	2.90(-3)		|	1	
9332	22	ok	|	0.93	0.97	0.97	3.38	0.00	0	|	rapi	0.00	0.00	0	|	-3.0	3.38(-3)		|	1	
9332	23	ok	|	0.96	0.96	0.96	3.90	0.00	0	|	rapi	0.00	0.00	0	|	-3.0	3.90(-3)		|	1	
9332	24	ok	|	0.98	0.95	0.95	4.66	0.00	0	|	rapi	0.00	0.00	0	|	-3.0	4.66(-3)		|	1	
9332	25	ok	|	0.98	0.95	0.95	5.48	0.00	0	|	rapi	0.00	0.00	0	|	-3.0	5.48(-3)		|	1	
9332	26	ok	|	0.99	0.93	0.93	6.51	0.00	0	|	rapi	0.00	0.00	0	|	-3.0	6.51(-3)		|	1	
9332	27	ok	|	1.00	0.92	0.92	7.78	0.00	0	|	rapi	0.00	0.00	0	|	-3.0	7.78(-3)		|	1	
9332	28	ok	|	1.00	0.91	0.91	9.11	0.00	0	|	rapi	0.00	0.00	0	|	-3.0	9.11(-3)		|	1	
9332	29	ok	|	1.00	0.89	0.89	10.57	0.00	0	|	rapi	0.00	0.00	0	|	-3.0	10.57(-3)	0.00(-3)	|	1	
9332	30	ok	|	1.00	0.88	0.88	12.18	0.00	0	|	rapi	0.01	0.01	0	|	-3.0	12.18(-3)	0.01(-3)	|	1	
9332	31	ok	|	1.00	0.86	0.86	14.13	0.00	0	|	rapi	0.00	0.00	0	|	-3.0	14.13(-3)	0.00(-3)	|	1	
9332	32	ok	|	1.00	0.83	0.83	16.56	0.00	0	|	rapi	0.00	0.00	0	|	-3.0	16.56(-3)	0.00(-3)	|	1	
9332	33	ok	|	1.00	0.80	0.80	19.83	0.00	0	|	rapi	0.01	0.01	0	|	-3.0	19.83(-3)	0.01(-3)	|	1	
9332	34	ok	|	1.00	0.77	0.77	23.09	0.00	0	|	rapi	0.01	0.01	0	|	-3.0	23.09(-3)	0.01(-3)	|	1	
9332	35	ok	|	1.00	0.73	0.73	26.84	0.00	0	|	rapi	0.01	0.01	0	|	-3.0	26.84(-3)	0.01(-3)	|	1	
9332	36	ok	|	1.00	0.68	0.68	31.54	0.00	0	|	rapi	0.01	0.01	0	|	-3.0	31.54(-3)	0.01(-3)	|	1	
9332	37	ok	|	1.00	0.63	0.63	36.92	0.00	0	|	rapi	0.00	0.00	0	|	-3.0	36.92(-3)	0.00(-3)	|	1	
9332	38	ok	|	1.00	0.57	0.57	42.64	0.00	0	|	rapi	0.01	0.01	0	|	-3.0	42.64(-3)	0.01(-3)	|	1	
9332	39	ok	|	1.00	0.50	0.50	49.74	0.00	0	|	rapi	0.00	0.00	0	|	-3.0	49.74(-3)	0.00(-3)	|	1	
9332	40	ok	|	1.00	0.42	0.42	57.74	0.00	0	|	rapi	0.00	0.00	0	|	-3.0	57.74(-3)	0.00(-3)	|	1	
9332	41	ok	|	1.00	0.33	0.33	66.54	0.00	0	|	rapi	0.01	0.01	0	|	-3.0	66.54(-3)	0.01(-3)	|	1	
9332	42	ok	|	1.00	0.23	0.23	76.69	0.00	0	|	rapi	0.01	0.01	0	|	-3.0	76.69(-3)	0.01(-3)	|	1	
9332	43	ok	|	1.00	0.14	0.14	86.21	0.00	0	|	rapi	0.02	0.02	0	|	-3.0	86.21(-3)	0.02(-3)	|	1	
9332	44	fail-w	|	1.00	0.09	0.09	92.86	0.00	0	|	rapi	0.04	0.04	0	|	-3.0	92.86(-3)	0.04(-3)	|	1	
