9439	0	ok	|	0.10	1.00	1.00	0.10	0.00	0	|	rapi	0.08	0.09	0	|	73.0	0.10(73)	0.09(73)	|	5100	
9439	1	ok	|	0.10	1.00	1.00	0.10	0.00	0	|	rapi	0.09	0.10	0	|	73.0	0.10(73)	0.10(73)	|	5100	
9439	2	ok	|	0.10	1.00	1.00	0.11	0.00	0	|	rapi	0.10	0.10	0	|	73.0	0.11(73)	0.10(73)	|	5100	
9439	3	ok	|	0.10	1.00	1.00	0.10	0.00	0	|	rapi	0.09	0.10	0	|	73.0	0.10(73)	0.10(73)	|	5100	
9439	4	ok	|	0.10	1.00	1.00	0.11	0.00	0	|	rapi	0.10	0.10	0	|	73.0	0.11(73)	0.10(73)	|	5100	
9439	5	ok	|	0.12	1.00	1.00	0.12	0.00	0	|	rapi	0.11	0.11	0	|	73.0	0.12(73)	0.11(73)	|	5100	
9439	6	ok	|	0.11	1.00	1.00	0.12	0.00	0	|	rapi	0.10	0.11	0	|	73.0	0.12(73)	0.11(73)	|	5100	
9439	7	ok	|	0.09	1.00	1.00	0.10	0.00	0	|	rapi	0.09	0.09	0	|	73.0	0.10(73)	0.09(73)	|	5100	
9439	8	ok	|	0.10	1.00	1.00	0.10	0.00	0	|	rapi	0.09	0.10	0	|	73.0	0.10(73)	0.10(73)	|	5100	
9439	9	ok	|	0.09	1.00	1.00	0.09	0.00	0	|	rapi	0.08	0.08	0	|	73.0	0.09(73)	0.08(73)	|	5100	
9439	10	ok	|	0.08	1.00	1.00	0.08	0.00	0	|	rapi	0.07	0.08	0	|	73.0	0.08(73)	0.08(73)	|	5100	
9439	11	ok	|	0.07	1.00	1.00	0.08	0.00	0	|	rapi	0.07	0.07	0	|	73.0	0.08(73)	0.07(73)	|	5100	
9439	12	ok	|	0.07	1.00	1.00	0.08	0.00	0	|	rapi	0.07	0.07	0	|	73.0	0.08(73)	0.07(73)	|	5100	
9439	13	ok	|	0.07	1.00	1.00	0.07	0.00	0	|	rapi	0.06	0.07	0	|	73.0	0.07(73)	0.07(73)	|	5100	
9439	14	ok	|	0.07	1.00	1.00	0.09	0.00	0	|	rapi	0.07	0.08	0	|	73.0	0.09(73)	0.08(73)	|	5100	
9439	15	ok	|	0.08	1.00	1.00	0.10	0.00	0	|	rapi	0.08	0.09	0	|	73.0	0.10(73)	0.09(73)	|	5100	
9439	16	ok	|	0.09	1.00	1.00	0.12	0.00	0	|	rapi	0.08	0.10	0	|	73.0	0.12(73)	0.10(73)	|	5100	
9439	17	ok	|	0.11	1.00	1.00	0.14	0.00	0	|	rapi	0.10	0.12	0	|	73.0	0.14(73)	0.12(73)	|	5100	
9439	18	ok	|	0.11	1.00	1.00	0.14	0.00	0	|	rapi	0.10	0.12	0	|	73.0	0.14(73)	0.12(73)	|	5100	
9439	19	ok	|	0.11	1.00	1.00	0.13	0.00	0	|	rapi	0.10	0.11	0	|	73.0	0.13(73)	0.11(73)	|	5100	
9439	20	ok	|	0.13	1.00	1.00	0.15	0.00	0	|	rapi	0.12	0.14	0	|	73.0	0.15(73)	0.14(73)	|	5100	
9439	21	ok	|	0.12	1.00	1.00	0.15	0.00	0	|	rapi	0.11	0.14	0	|	73.0	0.15(73)	0.14(73)	|	5100	
9439	22	ok	|	0.13	1.00	1.00	0.16	0.01	0	|	rapi	0.12	0.15	0	|	73.0	0.16(73)	0.15(73)	|	5100	
9439	23	ok	|	0.15	1.00	1.00	0.20	0.01	0	|	rapi	0.14	0.18	0	|	73.0	0.20(73)	0.18(73)	|	5100	
9439	24	ok	|	0.16	1.00	1.00	0.20	0.01	0	|	rapi	0.14	0.17	0	|	73.0	0.20(73)	0.17(73)	|	5100	
9439	25	ok	|	0.16	1.00	1.00	0.22	0.01	0	|	rapi	0.15	0.20	0	|	73.0	0.22(73)	0.20(73)	|	5100	
9439	26	ok	|	0.17	1.00	1.00	0.23	0.01	0	|	rapi	0.16	0.21	0	|	73.0	0.23(73)	0.21(73)	|	5100	
9439	27	ok	|	0.17	1.00	1.00	0.23	0.01	0	|	rapi	0.16	0.21	0	|	73.0	0.23(73)	0.21(73)	|	5100	
9439	28	ok	|	0.17	1.00	1.00	0.21	0.01	0	|	rapi	0.16	0.21	0	|	73.0	0.21(73)	0.21(73)	|	5100	
9439	29	ok	|	0.14	1.00	1.00	0.17	0.01	0	|	rapi	0.14	0.17	0	|	73.0	0.17(73)	0.17(73)	|	5100	
9439	30	ok	|	0.14	1.00	1.00	0.17	0.01	0	|	rapi	0.14	0.17	0	|	73.0	0.17(73)	0.17(73)	|	5100	
9439	31	ok	|	0.13	1.00	1.00	0.16	0.01	0	|	rapi	0.13	0.16	0	|	73.0	0.16(73)	0.16(73)	|	5100	
9439	32	ok	|	0.16	1.00	1.00	0.19	0.01	0	|	rapi	0.16	0.19	0	|	73.0	0.19(73)	0.19(73)	|	5100	
9439	33	ok	|	0.16	1.00	1.00	0.20	0.01	0	|	rapi	0.16	0.20	0	|	73.0	0.20(73)	0.20(73)	|	5100	
9439	34	ok	|	0.17	1.00	1.00	0.20	0.01	0	|	rapi	0.17	0.20	0	|	73.0	0.20(73)	0.20(73)	|	5100	
9439	35	ok	|	0.18	1.00	1.00	0.21	0.01	0	|	rapi	0.18	0.21	0	|	73.0	0.21(73)	0.21(73)	|	5100	
9439	36	ok	|	0.19	1.00	1.00	0.23	0.01	0	|	rapi	0.19	0.23	0	|	73.0	0.23(73)	0.23(73)	|	5100	
9439	37	ok	|	0.20	1.00	1.00	0.23	0.01	0	|	rapi	0.20	0.23	0	|	73.0	0.23(73)	0.23(73)	|	5100	
9439	38	ok	|	0.20	1.00	1.00	0.24	0.01	0	|	rapi	0.20	0.24	0	|	73.0	0.24(73)	0.24(73)	|	5100	
9439	39	ok	|	0.19	1.00	1.00	0.22	0.01	0	|	rapi	0.19	0.22	0	|	73.0	0.22(73)	0.22(73)	|	5100	
9439	40	ok	|	0.20	1.00	1.00	0.23	0.01	0	|	rapi	0.20	0.23	0	|	73.0	0.23(73)	0.23(73)	|	5100	
9439	41	ok	|	0.19	1.00	1.00	0.21	0.01	0	|	rapi	0.19	0.21	0	|	73.0	0.21(73)	0.21(73)	|	5100	
9439	42	ok	|	0.19	1.00	1.00	0.21	0.01	0	|	rapi	0.19	0.21	0	|	73.0	0.21(73)	0.21(73)	|	5100	
9439	43	ok	|	0.20	1.00	1.00	0.22	0.01	0	|	rapi	0.20	0.22	0	|	73.0	0.22(73)	0.22(73)	|	5100	
9439	44	ok	|	0.20	1.00	1.00	0.23	0.01	0	|	rapi	0.20	0.23	0	|	73.0	0.23(73)	0.23(73)	|	5100	
9439	45	ok	|	0.23	1.00	1.00	0.25	0.02	0	|	rapi	0.23	0.25	0	|	73.0	0.25(73)	0.25(73)	|	5100	
9439	46	ok	|	0.21	1.00	1.00	0.23	0.01	0	|	rapi	0.21	0.23	0	|	73.0	0.23(73)	0.23(73)	|	5100	
9439	47	ok	|	0.20	1.00	1.00	0.22	0.01	0	|	rapi	0.20	0.22	0	|	73.0	0.22(73)	0.22(73)	|	5100	
9439	48	ok	|	0.20	1.00	1.00	0.22	0.01	0	|	rapi	0.20	0.22	0	|	73.0	0.22(73)	0.22(73)	|	5100	
9439	49	ok	|	0.21	1.00	1.00	0.23	0.02	0	|	rapi	0.21	0.23	0	|	73.0	0.23(73)	0.23(73)	|	5100	
9439	50	ok	|	0.22	1.00	1.00	0.24	0.02	0	|	rapi	0.22	0.24	0	|	73.0	0.24(73)	0.24(73)	|	5100	
9439	51	ok	|	0.22	1.00	1.00	0.24	0.02	0	|	rapi	0.22	0.24	0	|	73.0	0.24(73)	0.24(73)	|	5100	
9439	52	ok	|	0.21	1.00	1.00	0.24	0.02	0	|	rapi	0.21	0.24	0	|	73.0	0.24(73)	0.24(73)	|	5100	
9439	53	ok	|	0.22	1.00	1.00	0.25	0.02	0	|	rapi	0.22	0.25	0	|	73.0	0.25(73)	0.25(73)	|	5100	
9439	54	ok	|	0.22	1.00	1.00	0.24	0.02	0	|	rapi	0.22	0.24	0	|	73.0	0.24(73)	0.24(73)	|	5100	
9439	55	ok	|	0.21	1.00	1.00	0.23	0.02	0	|	rapi	0.21	0.23	0	|	73.0	0.23(73)	0.23(73)	|	5100	
9439	56	ok	|	0.20	1.00	1.00	0.23	0.02	0	|	rapi	0.20	0.23	0	|	73.0	0.23(73)	0.23(73)	|	5100	
9439	57	ok	|	0.21	1.00	1.00	0.24	0.02	0	|	rapi	0.21	0.24	0	|	73.0	0.24(73)	0.24(73)	|	5100	
9439	58	ok	|	0.21	1.00	1.00	0.24	0.02	0	|	rapi	0.21	0.24	0	|	73.0	0.24(73)	0.24(73)	|	5100	
9439	59	ok	|	0.20	1.00	1.00	0.22	0.02	0	|	rapi	0.20	0.22	0	|	73.0	0.22(73)	0.22(73)	|	5100	
9439	60	ok	|	0.19	1.00	1.00	0.20	0.02	0	|	rapi	0.19	0.20	0	|	73.0	0.20(73)	0.20(73)	|	5100	
9439	61	ok	|	0.19	1.00	1.00	0.21	0.02	0	|	rapi	0.19	0.21	0	|	73.0	0.21(73)	0.21(73)	|	5100	
9439	62	ok	|	0.18	1.00	1.00	0.20	0.02	0	|	rapi	0.18	0.20	0	|	73.0	0.20(73)	0.20(73)	|	5100	
9439	63	ok	|	0.19	1.00	1.00	0.21	0.02	0	|	rapi	0.19	0.21	0	|	73.0	0.21(73)	0.21(73)	|	5100	
9439	64	ok	|	0.19	1.00	1.00	0.21	0.02	0	|	rapi	0.19	0.21	0	|	73.0	0.21(73)	0.21(73)	|	5100	
9439	65	ok	|	0.19	1.00	1.00	0.20	0.02	0	|	rapi	0.19	0.20	0	|	73.0	0.20(73)	0.20(73)	|	5100	
9439	66	ok	|	0.19	1.00	1.00	0.20	0.02	0	|	rapi	0.19	0.20	0	|	73.0	0.20(73)	0.20(73)	|	5100	
9439	67	ok	|	0.17	1.00	1.00	0.18	0.02	0	|	rapi	0.17	0.18	0	|	73.0	0.18(73)	0.18(73)	|	5100	
9439	68	ok	|	0.16	1.00	1.00	0.17	0.02	0	|	rapi	0.16	0.17	0	|	73.0	0.17(73)	0.17(73)	|	5100	
9439	69	ok	|	0.14	1.00	1.00	0.15	0.02	0	|	rapi	0.14	0.15	0	|	73.0	0.15(73)	0.15(73)	|	5100	
9439	70	ok	|	0.15	1.00	1.00	0.16	0.02	0	|	rapi	0.15	0.16	0	|	73.0	0.16(73)	0.16(73)	|	5100	
9439	71	ok	|	0.14	1.00	1.00	0.16	0.02	0	|	rapi	0.14	0.16	0	|	73.0	0.16(73)	0.16(73)	|	5100	
9439	72	ok	|	0.15	1.00	1.00	0.17	0.02	0	|	rapi	0.15	0.17	0	|	73.0	0.17(73)	0.17(73)	|	5100	
9439	73	ok	|	0.15	1.00	1.00	0.16	0.02	0	|	rapi	0.15	0.16	0	|	73.0	0.16(73)	0.16(73)	|	5100	
9439	74	ok	|	0.14	1.00	1.00	0.16	0.02	0	|	rapi	0.14	0.16	0	|	73.0	0.16(73)	0.16(73)	|	5100	
9439	75	ok	|	0.15	1.00	1.00	0.17	0.02	0	|	rapi	0.15	0.17	0	|	73.0	0.17(73)	0.17(73)	|	5100	
9439	76	ok	|	0.14	1.00	1.00	0.17	0.02	0	|	rapi	0.14	0.17	0	|	73.0	0.17(73)	0.17(73)	|	5100	
9439	77	ok	|	0.13	1.00	1.00	0.16	0.02	0	|	rapi	0.13	0.16	0	|	73.0	0.16(73)	0.16(73)	|	5100	
9439	78	ok	|	0.13	1.00	1.00	0.15	0.02	0	|	rapi	0.13	0.15	0	|	73.0	0.15(73)	0.15(73)	|	5100	
9439	79	ok	|	0.14	1.00	1.00	0.16	0.02	0	|	rapi	0.14	0.16	0	|	73.0	0.16(73)	0.16(73)	|	5100	
9439	80	ok	|	0.15	1.00	1.00	0.17	0.02	0	|	rapi	0.15	0.17	0	|	73.0	0.17(73)	0.17(73)	|	5100	
9439	81	ok	|	0.13	1.00	1.00	0.15	0.02	0	|	rapi	0.13	0.15	0	|	73.0	0.15(73)	0.15(73)	|	5100	
9439	82	ok	|	0.12	1.00	1.00	0.14	0.02	0	|	rapi	0.12	0.14	0	|	73.0	0.14(73)	0.14(73)	|	5100	
9439	83	ok	|	0.12	1.00	1.00	0.14	0.02	0	|	rapi	0.12	0.14	0	|	73.0	0.14(73)	0.14(73)	|	5100	
9439	84	ok	|	0.11	1.00	1.00	0.13	0.02	0	|	rapi	0.11	0.13	0	|	73.0	0.13(73)	0.13(73)	|	5100	
9439	85	ok	|	0.11	1.00	1.00	0.13	0.02	0	|	rapi	0.11	0.13	0	|	73.0	0.13(73)	0.13(73)	|	5100	
9439	86	ok	|	0.11	1.00	1.00	0.12	0.02	0	|	rapi	0.11	0.12	0	|	73.0	0.12(73)	0.12(73)	|	5100	
9439	87	ok	|	0.11	1.00	1.00	0.13	0.02	0	|	rapi	0.11	0.13	0	|	73.0	0.13(73)	0.13(73)	|	5100	
9439	88	ok	|	0.11	1.00	1.00	0.13	0.02	0	|	rapi	0.11	0.13	0	|	73.0	0.13(73)	0.13(73)	|	5100	
9439	89	ok	|	0.12	1.00	1.00	0.13	0.02	0	|	rapi	0.12	0.13	0	|	73.0	0.13(73)	0.13(73)	|	5100	
9439	90	ok	|	0.13	1.00	1.00	0.13	0.02	0	|	rapi	0.13	0.13	0	|	73.0	0.13(73)	0.13(73)	|	5100	
9439	91	ok	|	0.13	1.00	1.00	0.14	0.02	0	|	rapi	0.13	0.14	0	|	73.0	0.14(73)	0.14(73)	|	5100	
9439	92	ok	|	0.14	1.00	1.00	0.15	0.02	0	|	rapi	0.14	0.15	0	|	73.0	0.15(73)	0.15(73)	|	5100	
9439	93	ok	|	0.14	1.00	1.00	0.15	0.02	0	|	rapi	0.14	0.15	0	|	73.0	0.15(73)	0.15(73)	|	5100	
9439	94	ok	|	0.15	1.00	1.00	0.16	0.02	0	|	rapi	0.15	0.16	0	|	73.0	0.16(73)	0.16(73)	|	5100	
9439	95	ok	|	0.16	1.00	1.00	0.17	0.02	0	|	rapi	0.16	0.17	0	|	73.0	0.17(73)	0.17(73)	|	5100	
9439	96	ok	|	0.15	1.00	1.00	0.16	0.02	0	|	rapi	0.15	0.16	0	|	73.0	0.16(73)	0.16(73)	|	5100	
9439	97	ok	|	0.15	1.00	1.00	0.17	0.02	0	|	rapi	0.15	0.17	0	|	73.0	0.17(73)	0.17(73)	|	5100	
9439	98	ok	|	0.15	1.00	1.00	0.17	0.02	0	|	rapi	0.15	0.17	0	|	73.0	0.17(73)	0.17(73)	|	5100	
9439	99	ok	|	0.15	1.00	1.00	0.16	0.02	0	|	rapi	0.15	0.16	0	|	73.0	0.16(73)	0.16(73)	|	5100	
9439	100	ok	|	0.15	1.00	1.00	0.16	0.02	0	|	rapi	0.15	0.16	0	|	73.0	0.16(73)	0.16(73)	|	5100	
9439	101	ok	|	0.16	1.00	1.00	0.17	0.02	0	|	rapi	0.16	0.17	0	|	73.0	0.17(73)	0.17(73)	|	5100	
9439	102	ok	|	0.15	1.00	1.00	0.15	0.02	0	|	rapi	0.15	0.15	0	|	73.0	0.15(73)	0.15(73)	|	5100	
9439	103	ok	|	0.14	1.00	1.00	0.15	0.02	0	|	rapi	0.14	0.15	0	|	73.0	0.15(73)	0.15(73)	|	5100	
9439	104	ok	|	0.14	1.00	1.00	0.14	0.02	0	|	rapi	0.14	0.14	0	|	73.0	0.14(73)	0.14(73)	|	5100	
9439	105	ok	|	0.15	1.00	1.00	0.16	0.02	0	|	rapi	0.15	0.16	0	|	73.0	0.16(73)	0.16(73)	|	5100	
9439	106	ok	|	0.15	1.00	1.00	0.15	0.02	0	|	rapi	0.15	0.15	0	|	73.0	0.15(73)	0.15(73)	|	5100	
9439	107	ok	|	0.13	1.00	1.00	0.14	0.02	0	|	rapi	0.13	0.14	0	|	73.0	0.14(73)	0.14(73)	|	5100	
9439	108	ok	|	0.13	1.00	1.00	0.14	0.02	0	|	rapi	0.13	0.14	0	|	73.0	0.14(73)	0.14(73)	|	5100	
9439	109	ok	|	0.14	1.00	1.00	0.15	0.02	0	|	rapi	0.14	0.15	0	|	73.0	0.15(73)	0.15(73)	|	5100	
9439	110	ok	|	0.15	1.00	1.00	0.16	0.02	0	|	rapi	0.15	0.16	0	|	73.0	0.16(73)	0.16(73)	|	5100	
9439	111	ok	|	0.13	1.00	1.00	0.14	0.02	0	|	rapi	0.13	0.14	0	|	73.0	0.14(73)	0.14(73)	|	5100	
9439	112	ok	|	0.14	1.00	1.00	0.15	0.02	0	|	rapi	0.14	0.15	0	|	73.0	0.15(73)	0.15(73)	|	5100	
9439	113	ok	|	0.15	1.00	1.00	0.15	0.02	0	|	rapi	0.15	0.15	0	|	73.0	0.15(73)	0.15(73)	|	5100	
9439	114	ok	|	0.16	1.00	1.00	0.17	0.02	0	|	rapi	0.16	0.17	0	|	73.0	0.17(73)	0.17(73)	|	5100	
9439	115	ok	|	0.15	1.00	1.00	0.17	0.02	0	|	rapi	0.15	0.17	0	|	73.0	0.17(73)	0.17(73)	|	5100	
9439	116	ok	|	0.15	1.00	1.00	0.16	0.02	0	|	rapi	0.15	0.16	0	|	73.0	0.16(73)	0.16(73)	|	5100	
9439	117	ok	|	0.16	1.00	1.00	0.17	0.02	0	|	rapi	0.16	0.17	0	|	73.0	0.17(73)	0.17(73)	|	5100	
9439	118	ok	|	0.16	1.00	1.00	0.17	0.02	0	|	rapi	0.16	0.17	0	|	73.0	0.17(73)	0.17(73)	|	5100	
9439	119	ok	|	0.16	1.00	1.00	0.17	0.02	0	|	rapi	0.16	0.17	0	|	73.0	0.17(73)	0.17(73)	|	5100	
9439	120	ok	|	0.16	1.00	1.00	0.17	0.02	0	|	rapi	0.16	0.17	0	|	73.0	0.17(73)	0.17(73)	|	5100	
9439	121	ok	|	0.17	1.00	1.00	0.18	0.02	0	|	rapi	0.17	0.18	0	|	73.0	0.18(73)	0.18(73)	|	5100	
9439	122	ok	|	0.19	1.00	1.00	0.20	0.02	0	|	rapi	0.19	0.20	0	|	73.0	0.20(73)	0.20(73)	|	5100	
9439	123	ok	|	0.19	1.00	1.00	0.21	0.03	0	|	rapi	0.19	0.21	0	|	73.0	0.21(73)	0.21(73)	|	5100	
9439	124	ok	|	0.20	1.00	1.00	0.22	0.03	0	|	rapi	0.20	0.22	0	|	73.0	0.22(73)	0.22(73)	|	5100	
9439	125	ok	|	0.21	1.00	1.00	0.24	0.03	0	|	rapi	0.21	0.24	0	|	73.0	0.24(73)	0.24(73)	|	5100	
9439	126	ok	|	0.21	1.00	1.00	0.23	0.03	0	|	rapi	0.21	0.23	0	|	73.0	0.23(73)	0.23(73)	|	5100	
9439	127	ok	|	0.23	1.00	1.00	0.25	0.03	0	|	rapi	0.23	0.25	0	|	73.0	0.25(73)	0.25(73)	|	5100	
9439	128	ok	|	0.22	1.00	1.00	0.23	0.03	0	|	rapi	0.22	0.23	0	|	73.0	0.23(73)	0.23(73)	|	5100	
9439	129	ok	|	0.23	1.00	1.00	0.24	0.03	0	|	rapi	0.23	0.24	0	|	73.0	0.24(73)	0.24(73)	|	5100	
9439	130	ok	|	0.20	1.00	1.00	0.21	0.03	0	|	rapi	0.20	0.21	0	|	73.0	0.21(73)	0.21(73)	|	5100	
9439	131	ok	|	0.17	1.00	1.00	0.17	0.02	0	|	rapi	0.17	0.17	0	|	73.0	0.17(73)	0.17(73)	|	5100	
9439	132	ok	|	0.16	1.00	1.00	0.17	0.02	0	|	rapi	0.16	0.17	0	|	73.0	0.17(73)	0.17(73)	|	5100	
9439	133	ok	|	0.13	1.00	1.00	0.14	0.02	0	|	rapi	0.13	0.14	0	|	73.0	0.14(73)	0.14(73)	|	5100	
9439	134	ok	|	0.14	1.00	1.00	0.14	0.02	0	|	rapi	0.14	0.14	0	|	73.0	0.14(73)	0.14(73)	|	5100	
9439	135	ok	|	0.11	1.00	1.00	0.12	0.01	0	|	rapi	0.11	0.12	0	|	73.0	0.12(73)	0.12(73)	|	5100	
9439	136	ok	|	0.11	1.00	1.00	0.12	0.01	0	|	rapi	0.11	0.12	0	|	73.0	0.12(73)	0.12(73)	|	5100	
9439	137	ok	|	0.11	1.00	1.00	0.11	0.01	0	|	rapi	0.11	0.11	0	|	73.0	0.11(73)	0.11(73)	|	5100	
9439	138	ok	|	0.11	1.00	1.00	0.12	0.01	0	|	rapi	0.11	0.12	0	|	73.0	0.12(73)	0.12(73)	|	5100	
9439	139	ok	|	0.10	1.00	1.00	0.11	0.01	0	|	rapi	0.10	0.11	0	|	73.0	0.11(73)	0.11(73)	|	5100	
9439	140	ok	|	0.12	1.00	1.00	0.12	0.02	0	|	rapi	0.12	0.12	0	|	73.0	0.12(73)	0.12(73)	|	5100	
9439	141	ok	|	0.12	1.00	1.00	0.12	0.02	0	|	rapi	0.12	0.12	0	|	73.0	0.12(73)	0.12(73)	|	5100	
9439	142	ok	|	0.13	1.00	1.00	0.13	0.02	0	|	rapi	0.13	0.13	0	|	73.0	0.13(73)	0.13(73)	|	5100	
9439	143	ok	|	0.14	1.00	1.00	0.14	0.02	0	|	rapi	0.14	0.14	0	|	73.0	0.14(73)	0.14(73)	|	5100	
9439	144	ok	|	0.15	1.00	1.00	0.16	0.02	0	|	rapi	0.15	0.16	0	|	73.0	0.16(73)	0.16(73)	|	5100	
9439	145	ok	|	0.15	1.00	1.00	0.16	0.02	0	|	rapi	0.15	0.16	0	|	73.0	0.16(73)	0.16(73)	|	5100	
9439	146	ok	|	0.13	1.00	1.00	0.14	0.02	0	|	rapi	0.13	0.14	0	|	73.0	0.14(73)	0.14(73)	|	5100	
9439	147	ok	|	0.15	1.00	1.00	0.15	0.02	0	|	rapi	0.15	0.15	0	|	73.0	0.15(73)	0.15(73)	|	5100	
9439	148	ok	|	0.13	1.00	1.00	0.14	0.02	0	|	rapi	0.13	0.14	0	|	73.0	0.14(73)	0.14(73)	|	5100	
9439	149	ok	|	0.14	1.00	1.00	0.15	0.02	0	|	rapi	0.14	0.15	0	|	73.0	0.15(73)	0.15(73)	|	5100	
9439	150	ok	|	0.13	1.00	1.00	0.15	0.02	0	|	rapi	0.13	0.15	0	|	73.0	0.15(73)	0.15(73)	|	5100	
9439	151	ok	|	0.13	1.00	1.00	0.14	0.02	0	|	rapi	0.13	0.14	0	|	73.0	0.14(73)	0.14(73)	|	5100	
9439	152	ok	|	0.13	1.00	1.00	0.14	0.02	0	|	rapi	0.13	0.14	0	|	73.0	0.14(73)	0.14(73)	|	5100	
9439	153	ok	|	0.14	1.00	1.00	0.14	0.02	0	|	rapi	0.14	0.14	0	|	73.0	0.14(73)	0.14(73)	|	5100	
9439	154	ok	|	0.13	1.00	1.00	0.14	0.02	0	|	rapi	0.13	0.14	0	|	73.0	0.14(73)	0.14(73)	|	5100	
9439	155	ok	|	0.13	1.00	1.00	0.13	0.02	0	|	rapi	0.13	0.13	0	|	73.0	0.13(73)	0.13(73)	|	5100	
9439	156	ok	|	0.15	1.00	1.00	0.15	0.02	0	|	rapi	0.15	0.15	0	|	73.0	0.15(73)	0.15(73)	|	5100	
9439	157	ok	|	0.14	1.00	1.00	0.15	0.02	0	|	rapi	0.14	0.15	0	|	73.0	0.15(73)	0.15(73)	|	5100	
9439	158	ok	|	0.14	1.00	1.00	0.15	0.02	0	|	rapi	0.14	0.15	0	|	73.0	0.15(73)	0.15(73)	|	5100	
9439	159	ok	|	0.15	1.00	1.00	0.15	0.02	0	|	rapi	0.15	0.15	0	|	73.0	0.15(73)	0.15(73)	|	5100	
9439	160	ok	|	0.14	1.00	1.00	0.15	0.02	0	|	rapi	0.14	0.15	0	|	73.0	0.15(73)	0.15(73)	|	5100	
9439	161	ok	|	0.12	1.00	1.00	0.13	0.02	0	|	rapi	0.12	0.13	0	|	73.0	0.13(73)	0.13(73)	|	5100	
9439	162	ok	|	0.13	1.00	1.00	0.14	0.02	0	|	rapi	0.13	0.14	0	|	73.0	0.14(73)	0.14(73)	|	5100	
9439	163	ok	|	0.14	1.00	1.00	0.15	0.02	0	|	rapi	0.14	0.15	0	|	73.0	0.15(73)	0.15(73)	|	5100	
9439	164	ok	|	0.13	1.00	1.00	0.15	0.02	0	|	rapi	0.13	0.15	0	|	73.0	0.15(73)	0.15(73)	|	5100	
9439	165	ok	|	0.14	1.00	1.00	0.15	0.02	0	|	rapi	0.14	0.15	0	|	73.0	0.15(73)	0.15(73)	|	5100	
9439	166	ok	|	0.15	1.00	1.00	0.16	0.02	0	|	rapi	0.15	0.16	0	|	73.0	0.16(73)	0.16(73)	|	5100	
9439	167	ok	|	0.15	1.00	1.00	0.16	0.02	0	|	rapi	0.15	0.16	0	|	73.0	0.16(73)	0.16(73)	|	5100	
9439	168	ok	|	0.15	1.00	1.00	0.16	0.02	0	|	rapi	0.15	0.16	0	|	73.0	0.16(73)	0.16(73)	|	5100	
9439	169	ok	|	0.15	1.00	1.00	0.15	0.02	0	|	rapi	0.15	0.15	0	|	73.0	0.15(73)	0.15(73)	|	5100	
9439	170	ok	|	0.16	1.00	1.00	0.16	0.02	0	|	rapi	0.16	0.16	0	|	73.0	0.16(73)	0.16(73)	|	5100	
9439	171	ok	|	0.15	1.00	1.00	0.15	0.02	0	|	rapi	0.15	0.15	0	|	73.0	0.15(73)	0.15(73)	|	5100	
9439	172	ok	|	0.14	1.00	1.00	0.15	0.02	0	|	rapi	0.14	0.15	0	|	73.0	0.15(73)	0.15(73)	|	5100	
9439	173	ok	|	0.14	1.00	1.00	0.15	0.02	0	|	rapi	0.14	0.15	0	|	73.0	0.15(73)	0.15(73)	|	5100	
9439	174	ok	|	0.14	1.00	1.00	0.15	0.02	0	|	rapi	0.14	0.15	0	|	73.0	0.15(73)	0.15(73)	|	5100	
9439	175	ok	|	0.15	1.00	1.00	0.16	0.02	0	|	rapi	0.15	0.16	0	|	73.0	0.16(73)	0.16(73)	|	5100	
9439	176	ok	|	0.15	1.00	1.00	0.16	0.02	0	|	rapi	0.15	0.16	0	|	73.0	0.16(73)	0.16(73)	|	5100	
9439	177	ok	|	0.14	1.00	1.00	0.15	0.02	0	|	rapi	0.14	0.15	0	|	73.0	0.15(73)	0.15(73)	|	5100	
9439	178	ok	|	0.14	1.00	1.00	0.14	0.02	0	|	rapi	0.14	0.14	0	|	73.0	0.14(73)	0.14(73)	|	5100	
9439	179	ok	|	0.14	1.00	1.00	0.14	0.02	0	|	rapi	0.14	0.14	0	|	73.0	0.14(73)	0.14(73)	|	5100	
9439	180	ok	|	0.14	1.00	1.00	0.15	0.02	0	|	rapi	0.14	0.15	0	|	73.0	0.15(73)	0.15(73)	|	5100	
9439	181	ok	|	0.15	1.00	1.00	0.16	0.02	0	|	rapi	0.15	0.16	0	|	73.0	0.16(73)	0.16(73)	|	5100	
9439	182	ok	|	0.15	1.00	1.00	0.17	0.02	0	|	rapi	0.15	0.17	0	|	73.0	0.17(73)	0.17(73)	|	5100	
9439	183	ok	|	0.15	1.00	1.00	0.16	0.02	0	|	rapi	0.15	0.16	0	|	73.0	0.16(73)	0.16(73)	|	5100	
9439	184	ok	|	0.14	1.00	1.00	0.16	0.02	0	|	rapi	0.14	0.16	0	|	73.0	0.16(73)	0.16(73)	|	5100	
9439	185	ok	|	0.16	1.00	1.00	0.17	0.02	0	|	rapi	0.16	0.17	0	|	73.0	0.17(73)	0.17(73)	|	5100	
9439	186	ok	|	0.15	1.00	1.00	0.16	0.02	0	|	rapi	0.15	0.16	0	|	73.0	0.16(73)	0.16(73)	|	5100	
9439	187	ok	|	0.15	1.00	1.00	0.17	0.02	0	|	rapi	0.15	0.17	0	|	73.0	0.17(73)	0.17(73)	|	5100	
9439	188	ok	|	0.15	1.00	1.00	0.15	0.02	0	|	rapi	0.15	0.15	0	|	73.0	0.15(73)	0.15(73)	|	5100	
9439	189	ok	|	0.16	1.00	1.00	0.16	0.02	0	|	rapi	0.16	0.16	0	|	73.0	0.16(73)	0.16(73)	|	5100	
9439	190	ok	|	0.17	1.00	1.00	0.17	0.02	0	|	rapi	0.17	0.17	0	|	73.0	0.17(73)	0.17(73)	|	5100	
9439	191	ok	|	0.16	1.00	1.00	0.17	0.02	0	|	rapi	0.16	0.17	0	|	73.0	0.17(73)	0.17(73)	|	5100	
9439	192	ok	|	0.19	1.00	1.00	0.19	0.02	0	|	rapi	0.19	0.19	0	|	73.0	0.19(73)	0.19(73)	|	5100	
9439	193	ok	|	0.18	1.00	1.00	0.19	0.02	0	|	rapi	0.18	0.19	0	|	73.0	0.19(73)	0.19(73)	|	5100	
9439	194	ok	|	0.19	1.00	1.00	0.21	0.03	0	|	rapi	0.19	0.21	0	|	73.0	0.21(73)	0.21(73)	|	5100	
9439	195	ok	|	0.20	1.00	1.00	0.21	0.03	0	|	rapi	0.20	0.21	0	|	73.0	0.21(73)	0.21(73)	|	5100	
9439	196	ok	|	0.19	1.00	1.00	0.21	0.03	0	|	rapi	0.19	0.21	0	|	73.0	0.21(73)	0.21(73)	|	5100	
9439	197	ok	|	0.19	1.00	1.00	0.21	0.03	0	|	rapi	0.19	0.21	0	|	73.0	0.21(73)	0.21(73)	|	5100	
9439	198	ok	|	0.19	1.00	1.00	0.20	0.03	0	|	rapi	0.19	0.20	0	|	73.0	0.20(73)	0.20(73)	|	5100	
9439	199	ok	|	0.18	1.00	1.00	0.19	0.02	0	|	rapi	0.18	0.19	0	|	73.0	0.19(73)	0.19(73)	|	5100	
9439	200	ok	|	0.20	1.00	1.00	0.20	0.03	0	|	rapi	0.20	0.20	0	|	73.0	0.20(73)	0.20(73)	|	5100	
9439	201	ok	|	0.21	1.00	1.00	0.22	0.03	0	|	rapi	0.21	0.22	0	|	73.0	0.22(73)	0.22(73)	|	5100	
9439	202	ok	|	0.19	1.00	1.00	0.21	0.03	0	|	rapi	0.19	0.21	0	|	73.0	0.21(73)	0.21(73)	|	5100	
9439	203	ok	|	0.17	1.00	1.00	0.19	0.02	0	|	rapi	0.17	0.19	0	|	73.0	0.19(73)	0.19(73)	|	5100	
9439	204	ok	|	0.17	1.00	1.00	0.19	0.02	0	|	rapi	0.17	0.19	0	|	73.0	0.19(73)	0.19(73)	|	5100	
9439	205	ok	|	0.16	1.00	1.00	0.17	0.02	0	|	rapi	0.16	0.17	0	|	73.0	0.17(73)	0.17(73)	|	5100	
9439	206	ok	|	0.17	1.00	1.00	0.18	0.02	0	|	rapi	0.17	0.18	0	|	73.0	0.18(73)	0.18(73)	|	5100	
9439	207	ok	|	0.18	1.00	1.00	0.19	0.02	0	|	rapi	0.18	0.19	0	|	73.0	0.19(73)	0.19(73)	|	5100	
9439	208	ok	|	0.18	1.00	1.00	0.19	0.02	0	|	rapi	0.18	0.19	0	|	73.0	0.19(73)	0.19(73)	|	5100	
9439	209	ok	|	0.18	1.00	1.00	0.20	0.02	0	|	rapi	0.18	0.20	0	|	73.0	0.20(73)	0.20(73)	|	5100	
9439	210	ok	|	0.17	1.00	1.00	0.18	0.02	0	|	rapi	0.17	0.18	0	|	73.0	0.18(73)	0.18(73)	|	5100	
9439	211	ok	|	0.18	1.00	1.00	0.19	0.02	0	|	rapi	0.18	0.19	0	|	73.0	0.19(73)	0.19(73)	|	5100	
9439	212	ok	|	0.19	1.00	1.00	0.20	0.03	0	|	rapi	0.19	0.20	0	|	73.0	0.20(73)	0.20(73)	|	5100	
9439	213	ok	|	0.20	1.00	1.00	0.22	0.03	0	|	rapi	0.20	0.22	0	|	73.0	0.22(73)	0.22(73)	|	5100	
9439	214	ok	|	0.20	1.00	1.00	0.22	0.03	0	|	rapi	0.20	0.22	0	|	73.0	0.22(73)	0.22(73)	|	5100	
9439	215	ok	|	0.21	1.00	1.00	0.22	0.03	0	|	rapi	0.21	0.22	0	|	73.0	0.22(73)	0.22(73)	|	5100	
9439	216	ok	|	0.20	1.00	1.00	0.22	0.03	0	|	rapi	0.20	0.22	0	|	73.0	0.22(73)	0.22(73)	|	5100	
9439	217	ok	|	0.20	1.00	1.00	0.22	0.03	0	|	rapi	0.20	0.22	0	|	73.0	0.22(73)	0.22(73)	|	5100	
9439	218	ok	|	0.18	1.00	1.00	0.21	0.03	0	|	rapi	0.18	0.21	0	|	73.0	0.21(73)	0.21(73)	|	5100	
9439	219	ok	|	0.18	1.00	1.00	0.19	0.02	0	|	rapi	0.18	0.19	0	|	73.0	0.19(73)	0.19(73)	|	5100	
9439	220	ok	|	0.18	1.00	1.00	0.19	0.02	0	|	rapi	0.18	0.19	0	|	73.0	0.19(73)	0.19(73)	|	5100	
9439	221	ok	|	0.19	1.00	1.00	0.21	0.03	0	|	rapi	0.19	0.21	0	|	73.0	0.21(73)	0.21(73)	|	5100	
9439	222	ok	|	0.21	1.00	1.00	0.22	0.03	0	|	rapi	0.21	0.22	0	|	73.0	0.22(73)	0.22(73)	|	5100	
9439	223	ok	|	0.22	1.00	1.00	0.24	0.03	0	|	rapi	0.22	0.24	0	|	73.0	0.24(73)	0.24(73)	|	5100	
9439	224	ok	|	0.20	1.00	1.00	0.22	0.03	0	|	rapi	0.20	0.22	0	|	73.0	0.22(73)	0.22(73)	|	5100	
9439	225	ok	|	0.21	1.00	1.00	0.22	0.03	0	|	rapi	0.21	0.22	0	|	73.0	0.22(73)	0.22(73)	|	5100	
9439	226	ok	|	0.21	1.00	1.00	0.22	0.03	0	|	rapi	0.21	0.22	0	|	73.0	0.22(73)	0.22(73)	|	5100	
9439	227	ok	|	0.22	1.00	1.00	0.24	0.03	0	|	rapi	0.22	0.24	0	|	73.0	0.24(73)	0.24(73)	|	5100	
9439	228	ok	|	0.20	1.00	1.00	0.21	0.03	0	|	rapi	0.20	0.21	0	|	73.0	0.21(73)	0.21(73)	|	5100	
9439	229	ok	|	0.18	1.00	1.00	0.20	0.02	0	|	rapi	0.18	0.20	0	|	73.0	0.20(73)	0.20(73)	|	5100	
9439	230	ok	|	0.16	1.00	1.00	0.18	0.02	0	|	rapi	0.16	0.18	0	|	73.0	0.18(73)	0.18(73)	|	5100	
9439	231	ok	|	0.17	1.00	1.00	0.19	0.03	0	|	rapi	0.17	0.19	0	|	73.0	0.19(73)	0.19(73)	|	5100	
9439	232	ok	|	0.17	1.00	1.00	0.19	0.03	0	|	rapi	0.17	0.19	0	|	73.0	0.19(73)	0.19(73)	|	5100	
9439	233	ok	|	0.18	1.00	1.00	0.20	0.03	0	|	rapi	0.18	0.20	0	|	73.0	0.20(73)	0.20(73)	|	5100	
9439	234	ok	|	0.17	1.00	1.00	0.19	0.03	0	|	rapi	0.17	0.19	0	|	73.0	0.19(73)	0.19(73)	|	5100	
9439	235	ok	|	0.19	1.00	1.00	0.21	0.03	0	|	rapi	0.19	0.21	0	|	73.0	0.21(73)	0.21(73)	|	5100	
9439	236	ok	|	0.18	1.00	1.00	0.20	0.03	0	|	rapi	0.18	0.20	0	|	73.0	0.20(73)	0.20(73)	|	5100	
9439	237	ok	|	0.20	1.00	1.00	0.23	0.04	0	|	rapi	0.20	0.23	0	|	73.0	0.23(73)	0.23(73)	|	5100	
9439	238	ok	|	0.21	1.00	1.00	0.23	0.04	0	|	rapi	0.21	0.23	0	|	73.0	0.23(73)	0.23(73)	|	5100	
9439	239	ok	|	0.20	1.00	1.00	0.22	0.04	0	|	rapi	0.20	0.22	0	|	73.0	0.22(73)	0.22(73)	|	5100	
9439	240	ok	|	0.19	1.00	1.00	0.21	0.03	0	|	rapi	0.19	0.21	0	|	73.0	0.21(73)	0.21(73)	|	5100	
9439	241	ok	|	0.20	1.00	1.00	0.22	0.04	0	|	rapi	0.20	0.22	0	|	73.0	0.22(73)	0.22(73)	|	5100	
9439	242	ok	|	0.20	1.00	1.00	0.23	0.04	0	|	rapi	0.20	0.23	0	|	73.0	0.23(73)	0.23(73)	|	5100	
9439	243	ok	|	0.21	1.00	1.00	0.24	0.04	0	|	rapi	0.21	0.24	0	|	73.0	0.24(73)	0.24(73)	|	5100	
9439	244	ok	|	0.21	1.00	1.00	0.24	0.04	0	|	rapi	0.21	0.24	0	|	73.0	0.24(73)	0.24(73)	|	5100	
9439	245	ok	|	0.21	1.00	1.00	0.23	0.04	0	|	rapi	0.21	0.23	0	|	73.0	0.23(73)	0.23(73)	|	5100	
9439	246	ok	|	0.23	1.00	1.00	0.24	0.04	0	|	rapi	0.23	0.24	0	|	73.0	0.24(73)	0.24(73)	|	5100	
9439	247	ok	|	0.23	1.00	1.00	0.24	0.04	0	|	rapi	0.23	0.24	0	|	73.0	0.24(73)	0.24(73)	|	5100	
9439	248	ok	|	0.23	1.00	1.00	0.26	0.04	0	|	rapi	0.23	0.26	0	|	73.0	0.26(73)	0.26(73)	|	5100	
9439	249	ok	|	0.22	1.00	1.00	0.24	0.04	0	|	rapi	0.22	0.24	0	|	73.0	0.24(73)	0.24(73)	|	5100	
9439	250	ok	|	0.21	1.00	1.00	0.23	0.04	0	|	rapi	0.21	0.23	0	|	73.0	0.23(73)	0.23(73)	|	5100	
9439	251	ok	|	0.21	1.00	1.00	0.23	0.04	0	|	rapi	0.21	0.23	0	|	73.0	0.23(73)	0.23(73)	|	5100	
9439	252	ok	|	0.19	1.00	1.00	0.22	0.04	0	|	rapi	0.19	0.22	0	|	73.0	0.22(73)	0.22(73)	|	5100	
9439	253	ok	|	0.19	1.00	1.00	0.20	0.03	0	|	rapi	0.19	0.20	0	|	73.0	0.20(73)	0.20(73)	|	5100	
9439	254	ok	|	0.18	1.00	1.00	0.20	0.03	0	|	rapi	0.18	0.20	0	|	73.0	0.20(73)	0.20(73)	|	5100	
9439	255	ok	|	0.20	1.00	1.00	0.22	0.04	0	|	rapi	0.20	0.22	0	|	73.0	0.22(73)	0.22(73)	|	5100	
9439	256	ok	|	0.18	1.00	1.00	0.20	0.03	0	|	rapi	0.18	0.20	0	|	73.0	0.20(73)	0.20(73)	|	5100	
9439	257	ok	|	0.17	1.00	1.00	0.19	0.03	0	|	rapi	0.17	0.19	0	|	73.0	0.19(73)	0.19(73)	|	5100	
9439	258	ok	|	0.16	1.00	1.00	0.17	0.03	0	|	rapi	0.16	0.17	0	|	73.0	0.17(73)	0.17(73)	|	5100	
9439	259	ok	|	0.18	1.00	1.00	0.18	0.03	0	|	rapi	0.18	0.18	0	|	73.0	0.18(73)	0.18(73)	|	5100	
9439	260	ok	|	0.18	1.00	1.00	0.19	0.03	0	|	rapi	0.18	0.19	0	|	73.0	0.19(73)	0.19(73)	|	5100	
9439	261	ok	|	0.17	1.00	1.00	0.18	0.03	0	|	rapi	0.17	0.18	0	|	73.0	0.18(73)	0.18(73)	|	5100	
9439	262	ok	|	0.17	1.00	1.00	0.17	0.03	0	|	rapi	0.17	0.17	0	|	73.0	0.17(73)	0.17(73)	|	5100	
9439	263	ok	|	0.15	1.00	1.00	0.16	0.03	0	|	rapi	0.15	0.16	0	|	73.0	0.16(73)	0.16(73)	|	5100	
9439	264	ok	|	0.14	1.00	1.00	0.16	0.03	0	|	rapi	0.14	0.16	0	|	73.0	0.16(73)	0.16(73)	|	5100	
9439	265	ok	|	0.14	1.00	1.00	0.15	0.03	0	|	rapi	0.14	0.15	0	|	73.0	0.15(73)	0.15(73)	|	5100	
9439	266	ok	|	0.14	1.00	1.00	0.14	0.02	0	|	rapi	0.14	0.14	0	|	73.0	0.14(73)	0.14(73)	|	5100	
9439	267	ok	|	0.12	1.00	1.00	0.13	0.02	0	|	rapi	0.12	0.13	0	|	73.0	0.13(73)	0.13(73)	|	5100	
9439	268	ok	|	0.14	1.00	1.00	0.14	0.02	0	|	rapi	0.14	0.14	0	|	73.0	0.14(73)	0.14(73)	|	5100	
9439	269	ok	|	0.13	1.00	1.00	0.13	0.02	0	|	rapi	0.13	0.13	0	|	73.0	0.13(73)	0.13(73)	|	5100	
9439	270	ok	|	0.11	1.00	1.00	0.12	0.02	0	|	rapi	0.11	0.12	0	|	73.0	0.12(73)	0.12(73)	|	5100	
9439	271	ok	|	0.12	1.00	1.00	0.12	0.02	0	|	rapi	0.12	0.12	0	|	73.0	0.12(73)	0.12(73)	|	5100	
9439	272	ok	|	0.10	1.00	1.00	0.11	0.02	0	|	rapi	0.10	0.11	0	|	73.0	0.11(73)	0.11(73)	|	5100	
9439	273	ok	|	0.10	1.00	1.00	0.11	0.02	0	|	rapi	0.10	0.11	0	|	73.0	0.11(73)	0.11(73)	|	5100	
9439	274	ok	|	0.10	1.00	1.00	0.10	0.02	0	|	rapi	0.10	0.10	0	|	73.0	0.10(73)	0.10(73)	|	5100	
9439	275	ok	|	0.10	1.00	1.00	0.10	0.02	0	|	rapi	0.10	0.10	0	|	73.0	0.10(73)	0.10(73)	|	5100	
9439	276	ok	|	0.09	1.00	1.00	0.09	0.02	0	|	rapi	0.09	0.09	0	|	73.0	0.09(73)	0.09(73)	|	5100	
9439	277	ok	|	0.09	1.00	1.00	0.09	0.02	0	|	rapi	0.09	0.09	0	|	73.0	0.09(73)	0.09(73)	|	5100	
9439	278	ok	|	0.08	1.00	1.00	0.09	0.01	0	|	rapi	0.08	0.09	0	|	73.0	0.09(73)	0.09(73)	|	5100	
9439	279	ok	|	0.10	1.00	1.00	0.10	0.02	0	|	rapi	0.10	0.10	0	|	73.0	0.10(73)	0.10(73)	|	5100	
9439	280	ok	|	0.09	1.00	1.00	0.09	0.01	0	|	rapi	0.09	0.09	0	|	73.0	0.09(73)	0.09(73)	|	5100	
9439	281	ok	|	0.09	1.00	1.00	0.09	0.02	0	|	rapi	0.09	0.09	0	|	73.0	0.09(73)	0.09(73)	|	5100	
9439	282	ok	|	0.11	1.00	1.00	0.11	0.02	0	|	rapi	0.11	0.11	0	|	73.0	0.11(73)	0.11(73)	|	5100	
9439	283	ok	|	0.09	1.00	1.00	0.09	0.01	0	|	rapi	0.09	0.09	0	|	73.0	0.09(73)	0.09(73)	|	5100	
9439	284	ok	|	0.09	1.00	1.00	0.09	0.01	0	|	rapi	0.09	0.09	0	|	73.0	0.09(73)	0.09(73)	|	5100	
9439	285	ok	|	0.09	1.00	1.00	0.09	0.01	0	|	rapi	0.09	0.09	0	|	73.0	0.09(73)	0.09(73)	|	5100	
9439	286	ok	|	0.09	1.00	1.00	0.09	0.01	0	|	rapi	0.09	0.09	0	|	73.0	0.09(73)	0.09(73)	|	5100	
9439	287	ok	|	0.08	1.00	1.00	0.08	0.01	0	|	rapi	0.08	0.08	0	|	73.0	0.08(73)	0.08(73)	|	5100	
9439	288	ok	|	0.07	1.00	1.00	0.07	0.01	0	|	rapi	0.07	0.07	0	|	73.0	0.07(73)	0.07(73)	|	5100	
9439	289	ok	|	0.07	1.00	1.00	0.08	0.01	0	|	rapi	0.07	0.08	0	|	73.0	0.08(73)	0.08(73)	|	5100	
9439	290	ok	|	0.07	1.00	1.00	0.07	0.02	0	|	rapi	0.07	0.07	0	|	73.0	0.07(73)	0.07(73)	|	5100	
9439	291	ok	|	0.07	1.00	1.00	0.07	0.02	0	|	rapi	0.07	0.07	0	|	73.0	0.07(73)	0.07(73)	|	5100	
9439	292	ok	|	0.06	1.00	1.00	0.06	0.02	0	|	rapi	0.06	0.06	0	|	73.0	0.06(73)	0.06(73)	|	5100	
9439	293	ok	|	0.06	1.00	1.00	0.06	0.01	0	|	rapi	0.06	0.06	0	|	73.0	0.06(73)	0.06(73)	|	5100	
9439	294	ok	|	0.06	1.00	1.00	0.06	0.02	0	|	rapi	0.06	0.06	0	|	73.0	0.06(73)	0.06(73)	|	5100	
9439	295	ok	|	0.06	1.00	1.00	0.06	0.02	0	|	rapi	0.06	0.06	0	|	73.0	0.06(73)	0.06(73)	|	5100	
9439	296	ok	|	0.06	1.00	1.00	0.06	0.01	0	|	rapi	0.06	0.06	0	|	73.0	0.06(73)	0.06(73)	|	5100	
9439	297	ok	|	0.05	1.00	1.00	0.05	0.01	0	|	rapi	0.05	0.05	0	|	73.0	0.05(73)	0.05(73)	|	5100	
9439	298	ok	|	0.04	1.00	1.00	0.04	0.01	0	|	rapi	0.04	0.04	0	|	73.0	0.04(73)	0.04(73)	|	5100	
9439	299	ok	|	0.04	1.00	1.00	0.04	0.01	0	|	rapi	0.04	0.04	0	|	73.0	0.04(73)	0.04(73)	|	5100	
9439	300	ok	|	0.04	1.00	1.00	0.04	0.01	0	|	rapi	0.04	0.04	0	|	73.0	0.04(73)	0.04(73)	|	5100	
9439	301	ok	|	0.03	1.00	1.00	0.03	0.02	0	|	rapi	0.03	0.03	0	|	73.0	0.03(73)	0.03(73)	|	5100	
9439	302	ok	|	0.03	1.00	1.00	0.03	0.01	0	|	rapi	0.03	0.03	0	|	73.0	0.03(73)	0.03(73)	|	5100	
9439	303	ok	|	0.03	1.00	1.00	0.03	0.01	0	|	rapi	0.03	0.03	0	|	73.0	0.03(73)	0.03(73)	|	5100	
9439	304	ok	|	0.02	1.00	1.00	0.02	0.01	0	|	rapi	0.02	0.02	0	|	73.0	0.02(73)	0.02(73)	|	5100	
9439	305	ok	|	0.01	1.00	1.00	0.01	0.01	0	|	rapi	0.01	0.01	0	|	73.0	0.01(73)	0.01(73)	|	5100	
9439	306	ok	|	0.01	1.00	1.00	0.01	0.00	0	|	rapi	0.01	0.01	0	|	73.0	0.01(73)	0.01(73)	|	5100	
9439	307	ok	|	0.01	1.00	1.00	0.01	0.00	0	|	rapi	0.01	0.01	0	|	73.0	0.01(73)	0.01(73)	|	5100	
9439	308	ok	|	0.01	1.00	1.00	0.01	0.01	0	|	rapi	0.01	0.01	0	|	73.0	0.01(73)	0.01(73)	|	5100	
9439	309	ok	|	0.01	1.00	1.00	0.01	0.00	0	|	rapi	0.01	0.01	0	|	73.0	0.01(73)	0.01(73)	|	5100	
9439	310	ok	|	0.01	1.00	1.00	0.01	0.01	0	|	rapi	0.01	0.01	0	|	73.0	0.01(73)	0.01(73)	|	5100	
9439	311	ok	|	0.01	1.00	1.00	0.01	0.00	0	|	rapi	0.01	0.01	0	|	73.0	0.01(73)	0.01(73)	|	5100	
9439	312	ok	|	0.01	1.00	1.00	0.01	0.00	0	|	rapi	0.01	0.01	0	|	73.0	0.01(73)	0.01(73)	|	5100	
9439	313	ok	|	0.01	1.00	1.00	0.01	0.00	0	|	rapi	0.01	0.01	0	|	73.0	0.01(73)	0.01(73)	|	5100	
9439	314	ok	|	0.01	1.00	1.00	0.01	0.01	0	|	rapi	0.01	0.01	0	|	73.0	0.01(73)	0.01(73)	|	5100	
9439	315	ok	|	0.01	1.00	1.00	0.01	0.00	0	|	rapi	0.01	0.01	0	|	73.0	0.01(73)	0.01(73)	|	5100	
9439	316	ok	|	0.00	1.00	1.00	0.00	0.00	0	|	rapi	0.00	0.00	0	|	73.0	0.00(73)	0.00(73)	|	5100	
9439	317	fail-0	|	0.00	1.00	1.00	0.00	NaN	0	|	rapi	0.00	0.00	0	|	NaN			|	5100	
