9527	0	ok	|	0.10	1.00	1.00	0.10	0.00	0	|	rapi	0.08	0.08	0	|	52.0	0.10(52)	0.08(52)	|	6864	
9527	1	ok	|	0.10	1.00	1.00	0.11	0.00	0	|	rapi	0.09	0.10	0	|	52.0	0.11(52)	0.10(52)	|	6864	
9527	2	ok	|	0.10	1.00	1.00	0.12	0.00	0	|	rapi	0.10	0.10	0	|	52.0	0.12(52)	0.10(52)	|	6864	
9527	3	ok	|	0.11	1.00	1.00	0.13	0.00	0	|	rapi	0.11	0.11	0	|	52.0	0.13(52)	0.11(52)	|	6864	
9527	4	ok	|	0.12	1.00	1.00	0.13	0.00	0	|	rapi	0.10	0.11	0	|	52.0	0.13(52)	0.11(52)	|	6864	
9527	5	ok	|	0.11	1.00	1.00	0.11	0.00	0	|	rapi	0.09	0.09	0	|	52.0	0.11(52)	0.09(52)	|	6864	
9527	6	ok	|	0.11	1.00	1.00	0.12	0.00	0	|	rapi	0.09	0.09	0	|	52.0	0.12(52)	0.09(52)	|	6864	
9527	7	ok	|	0.10	1.00	1.00	0.11	0.00	0	|	rapi	0.09	0.09	0	|	52.0	0.11(52)	0.09(52)	|	6864	
9527	8	ok	|	0.12	1.00	1.00	0.12	0.00	0	|	rapi	0.10	0.10	0	|	52.0	0.12(52)	0.10(52)	|	6864	
9527	9	ok	|	0.11	1.00	1.00	0.12	0.00	0	|	rapi	0.09	0.10	0	|	52.0	0.12(52)	0.10(52)	|	6864	
9527	10	ok	|	0.12	1.00	1.00	0.12	0.00	0	|	rapi	0.10	0.10	0	|	52.0	0.12(52)	0.10(52)	|	6864	
9527	11	ok	|	0.10	1.00	1.00	0.11	0.00	0	|	rapi	0.09	0.09	0	|	52.0	0.11(52)	0.09(52)	|	6864	
9527	12	ok	|	0.10	1.00	1.00	0.11	0.00	0	|	rapi	0.09	0.09	0	|	52.0	0.11(52)	0.09(52)	|	6864	
9527	13	ok	|	0.12	1.00	1.00	0.14	0.00	0	|	rapi	0.11	0.12	0	|	52.0	0.14(52)	0.12(52)	|	6864	
9527	14	ok	|	0.14	1.00	1.00	0.16	0.00	0	|	rapi	0.12	0.13	0	|	52.0	0.16(52)	0.13(52)	|	6864	
9527	15	ok	|	0.13	1.00	1.00	0.15	0.00	0	|	rapi	0.11	0.12	0	|	52.0	0.15(52)	0.12(52)	|	6864	
9527	16	ok	|	0.14	1.00	1.00	0.15	0.00	0	|	rapi	0.12	0.13	0	|	52.0	0.15(52)	0.13(52)	|	6864	
9527	17	ok	|	0.14	1.00	1.00	0.15	0.00	0	|	rapi	0.12	0.14	0	|	52.0	0.15(52)	0.14(52)	|	6864	
9527	18	ok	|	0.15	1.00	1.00	0.16	0.00	0	|	rapi	0.14	0.15	0	|	52.0	0.16(52)	0.15(52)	|	6864	
9527	19	ok	|	0.15	1.00	1.00	0.16	0.00	0	|	rapi	0.14	0.15	0	|	52.0	0.16(52)	0.15(52)	|	6864	
9527	20	ok	|	0.15	1.00	1.00	0.16	0.00	0	|	rapi	0.14	0.15	0	|	52.0	0.16(52)	0.15(52)	|	6864	
9527	21	ok	|	0.16	1.00	1.00	0.18	0.00	0	|	rapi	0.15	0.16	0	|	52.0	0.18(52)	0.16(52)	|	6864	
9527	22	ok	|	0.17	1.00	1.00	0.18	0.00	0	|	rapi	0.16	0.17	0	|	52.0	0.18(52)	0.17(52)	|	6864	
9527	23	ok	|	0.18	1.00	1.00	0.19	0.00	0	|	rapi	0.17	0.18	0	|	52.0	0.19(52)	0.18(52)	|	6864	
9527	24	ok	|	0.17	1.00	1.00	0.19	0.00	0	|	rapi	0.17	0.18	0	|	52.0	0.19(52)	0.18(52)	|	6864	
9527	25	ok	|	0.17	1.00	1.00	0.19	0.00	0	|	rapi	0.17	0.18	0	|	52.0	0.19(52)	0.18(52)	|	6864	
9527	26	ok	|	0.19	1.00	1.00	0.20	0.01	0	|	rapi	0.18	0.19	0	|	52.0	0.20(52)	0.19(52)	|	6864	
9527	27	ok	|	0.19	1.00	1.00	0.21	0.00	0	|	rapi	0.18	0.19	0	|	52.0	0.21(52)	0.19(52)	|	6864	
9527	28	ok	|	0.19	1.00	1.00	0.21	0.00	0	|	rapi	0.18	0.20	0	|	52.0	0.21(52)	0.20(52)	|	6864	
9527	29	ok	|	0.18	1.00	1.00	0.20	0.01	0	|	rapi	0.17	0.18	0	|	52.0	0.20(52)	0.18(52)	|	6864	
9527	30	ok	|	0.20	1.00	1.00	0.23	0.00	0	|	rapi	0.19	0.21	0	|	52.0	0.23(52)	0.21(52)	|	6864	
9527	31	ok	|	0.21	1.00	1.00	0.24	0.00	0	|	rapi	0.20	0.22	0	|	52.0	0.24(52)	0.22(52)	|	6864	
9527	32	ok	|	0.18	1.00	1.00	0.20	0.00	0	|	rapi	0.17	0.18	0	|	52.0	0.20(52)	0.18(52)	|	6864	
9527	33	ok	|	0.18	1.00	1.00	0.20	0.00	0	|	rapi	0.18	0.19	0	|	52.0	0.20(52)	0.19(52)	|	6864	
9527	34	ok	|	0.18	1.00	1.00	0.20	0.00	0	|	rapi	0.18	0.19	0	|	52.0	0.20(52)	0.19(52)	|	6864	
9527	35	ok	|	0.21	1.00	1.00	0.23	0.01	0	|	rapi	0.21	0.22	0	|	52.0	0.23(52)	0.22(52)	|	6864	
9527	36	ok	|	0.22	1.00	1.00	0.24	0.01	0	|	rapi	0.22	0.23	0	|	52.0	0.24(52)	0.23(52)	|	6864	
9527	37	ok	|	0.20	1.00	1.00	0.22	0.01	0	|	rapi	0.19	0.21	0	|	52.0	0.22(52)	0.21(52)	|	6864	
9527	38	ok	|	0.18	1.00	1.00	0.20	0.01	0	|	rapi	0.18	0.19	0	|	52.0	0.20(52)	0.19(52)	|	6864	
9527	39	ok	|	0.15	1.00	1.00	0.17	0.01	0	|	rapi	0.15	0.17	0	|	52.0	0.17(52)	0.17(52)	|	6864	
9527	40	ok	|	0.15	1.00	1.00	0.16	0.01	0	|	rapi	0.15	0.16	0	|	52.0	0.16(52)	0.16(52)	|	6864	
9527	41	ok	|	0.14	1.00	1.00	0.15	0.01	0	|	rapi	0.14	0.15	0	|	52.0	0.15(52)	0.15(52)	|	6864	
9527	42	ok	|	0.13	1.00	1.00	0.15	0.01	0	|	rapi	0.13	0.15	0	|	52.0	0.15(52)	0.15(52)	|	6864	
9527	43	ok	|	0.13	1.00	1.00	0.14	0.01	0	|	rapi	0.13	0.14	0	|	52.0	0.14(52)	0.14(52)	|	6864	
9527	44	ok	|	0.14	1.00	1.00	0.16	0.01	0	|	rapi	0.14	0.16	0	|	52.0	0.16(52)	0.16(52)	|	6864	
9527	45	ok	|	0.14	1.00	1.00	0.16	0.01	0	|	rapi	0.14	0.16	0	|	52.0	0.16(52)	0.16(52)	|	6864	
9527	46	ok	|	0.13	1.00	1.00	0.14	0.01	0	|	rapi	0.13	0.14	0	|	52.0	0.14(52)	0.14(52)	|	6864	
9527	47	ok	|	0.11	1.00	1.00	0.12	0.01	0	|	rapi	0.11	0.12	0	|	52.0	0.12(52)	0.12(52)	|	6864	
9527	48	ok	|	0.11	1.00	1.00	0.13	0.01	0	|	rapi	0.11	0.13	0	|	52.0	0.13(52)	0.13(52)	|	6864	
9527	49	ok	|	0.12	1.00	1.00	0.13	0.01	0	|	rapi	0.12	0.13	0	|	52.0	0.13(52)	0.13(52)	|	6864	
9527	50	ok	|	0.11	1.00	1.00	0.12	0.01	0	|	rapi	0.11	0.12	0	|	52.0	0.12(52)	0.12(52)	|	6864	
9527	51	ok	|	0.09	1.00	1.00	0.10	0.01	0	|	rapi	0.09	0.10	0	|	52.0	0.10(52)	0.10(52)	|	6864	
9527	52	ok	|	0.08	1.00	1.00	0.09	0.01	0	|	rapi	0.08	0.09	0	|	52.0	0.09(52)	0.09(52)	|	6864	
9527	53	ok	|	0.09	1.00	1.00	0.10	0.01	0	|	rapi	0.09	0.10	0	|	52.0	0.10(52)	0.10(52)	|	6864	
9527	54	ok	|	0.09	1.00	1.00	0.09	0.01	0	|	rapi	0.09	0.09	0	|	52.0	0.09(52)	0.09(52)	|	6864	
9527	55	ok	|	0.08	1.00	1.00	0.08	0.01	0	|	rapi	0.08	0.08	0	|	52.0	0.08(52)	0.08(52)	|	6864	
9527	56	ok	|	0.06	1.00	1.00	0.06	0.01	0	|	rapi	0.06	0.06	0	|	52.0	0.06(52)	0.06(52)	|	6864	
9527	57	ok	|	0.07	1.00	1.00	0.08	0.01	0	|	rapi	0.07	0.08	0	|	52.0	0.08(52)	0.08(52)	|	6864	
9527	58	ok	|	0.07	1.00	1.00	0.07	0.01	0	|	rapi	0.07	0.07	0	|	52.0	0.07(52)	0.07(52)	|	6864	
9527	59	ok	|	0.06	1.00	1.00	0.07	0.01	0	|	rapi	0.06	0.07	0	|	52.0	0.07(52)	0.07(52)	|	6864	
9527	60	ok	|	0.06	1.00	1.00	0.06	0.01	0	|	rapi	0.06	0.06	0	|	52.0	0.06(52)	0.06(52)	|	6864	
9527	61	ok	|	0.07	1.00	1.00	0.07	0.01	0	|	rapi	0.07	0.07	0	|	52.0	0.07(52)	0.07(52)	|	6864	
9527	62	ok	|	0.06	1.00	1.00	0.06	0.01	0	|	rapi	0.06	0.06	0	|	52.0	0.06(52)	0.06(52)	|	6864	
9527	63	ok	|	0.05	1.00	1.00	0.06	0.01	0	|	rapi	0.05	0.06	0	|	52.0	0.06(52)	0.06(52)	|	6864	
9527	64	ok	|	0.06	1.00	1.00	0.06	0.01	0	|	rapi	0.06	0.06	0	|	52.0	0.06(52)	0.06(52)	|	6864	
9527	65	ok	|	0.07	1.00	1.00	0.07	0.01	0	|	rapi	0.07	0.07	0	|	52.0	0.07(52)	0.07(52)	|	6864	
9527	66	ok	|	0.05	1.00	1.00	0.05	0.01	0	|	rapi	0.05	0.05	0	|	52.0	0.05(52)	0.05(52)	|	6864	
9527	67	ok	|	0.05	1.00	1.00	0.05	0.01	0	|	rapi	0.05	0.05	0	|	52.0	0.05(52)	0.05(52)	|	6864	
9527	68	ok	|	0.04	1.00	1.00	0.04	0.01	0	|	rapi	0.04	0.04	0	|	52.0	0.04(52)	0.04(52)	|	6864	
9527	69	ok	|	0.05	1.00	1.00	0.05	0.01	0	|	rapi	0.05	0.05	0	|	52.0	0.05(52)	0.05(52)	|	6864	
9527	70	ok	|	0.05	1.00	1.00	0.05	0.01	0	|	rapi	0.05	0.05	0	|	52.0	0.05(52)	0.05(52)	|	6864	
9527	71	ok	|	0.04	1.00	1.00	0.04	0.01	0	|	rapi	0.04	0.04	0	|	52.0	0.04(52)	0.04(52)	|	6864	
9527	72	ok	|	0.05	1.00	1.00	0.05	0.01	0	|	rapi	0.05	0.05	0	|	52.0	0.05(52)	0.05(52)	|	6864	
9527	73	ok	|	0.04	1.00	1.00	0.04	0.01	0	|	rapi	0.04	0.04	0	|	52.0	0.04(52)	0.04(52)	|	6864	
9527	74	ok	|	0.05	1.00	1.00	0.05	0.01	0	|	rapi	0.05	0.05	0	|	52.0	0.05(52)	0.05(52)	|	6864	
9527	75	ok	|	0.05	1.00	1.00	0.05	0.01	0	|	rapi	0.05	0.05	0	|	52.0	0.05(52)	0.05(52)	|	6864	
9527	76	ok	|	0.06	1.00	1.00	0.06	0.01	0	|	rapi	0.06	0.06	0	|	52.0	0.06(52)	0.06(52)	|	6864	
9527	77	ok	|	0.05	1.00	1.00	0.05	0.01	0	|	rapi	0.05	0.05	0	|	52.0	0.05(52)	0.05(52)	|	6864	
9527	78	ok	|	0.04	1.00	1.00	0.05	0.01	0	|	rapi	0.04	0.05	0	|	52.0	0.05(52)	0.05(52)	|	6864	
9527	79	ok	|	0.05	1.00	1.00	0.06	0.01	0	|	rapi	0.05	0.06	0	|	52.0	0.06(52)	0.06(52)	|	6864	
9527	80	ok	|	0.05	1.00	1.00	0.05	0.01	0	|	rapi	0.05	0.05	0	|	52.0	0.05(52)	0.05(52)	|	6864	
9527	81	ok	|	0.05	1.00	1.00	0.05	0.01	0	|	rapi	0.05	0.05	0	|	52.0	0.05(52)	0.05(52)	|	6864	
9527	82	ok	|	0.05	1.00	1.00	0.05	0.01	0	|	rapi	0.05	0.05	0	|	52.0	0.05(52)	0.05(52)	|	6864	
9527	83	ok	|	0.05	1.00	1.00	0.05	0.01	0	|	rapi	0.05	0.05	0	|	52.0	0.05(52)	0.05(52)	|	6864	
9527	84	ok	|	0.06	1.00	1.00	0.06	0.01	0	|	rapi	0.06	0.06	0	|	52.0	0.06(52)	0.06(52)	|	6864	
9527	85	ok	|	0.06	1.00	1.00	0.06	0.01	0	|	rapi	0.06	0.06	0	|	52.0	0.06(52)	0.06(52)	|	6864	
9527	86	ok	|	0.07	1.00	1.00	0.07	0.01	0	|	rapi	0.07	0.07	0	|	52.0	0.07(52)	0.07(52)	|	6864	
9527	87	ok	|	0.06	1.00	1.00	0.06	0.01	0	|	rapi	0.06	0.06	0	|	52.0	0.06(52)	0.06(52)	|	6864	
9527	88	ok	|	0.05	1.00	1.00	0.05	0.01	0	|	rapi	0.05	0.05	0	|	52.0	0.05(52)	0.05(52)	|	6864	
9527	89	ok	|	0.04	1.00	1.00	0.04	0.00	0	|	rapi	0.04	0.04	0	|	52.0	0.04(52)	0.04(52)	|	6864	
9527	90	ok	|	0.04	1.00	1.00	0.04	0.01	0	|	rapi	0.04	0.04	0	|	52.0	0.04(52)	0.04(52)	|	6864	
9527	91	ok	|	0.04	1.00	1.00	0.04	0.01	0	|	rapi	0.04	0.04	0	|	52.0	0.04(52)	0.04(52)	|	6864	
9527	92	ok	|	0.04	1.00	1.00	0.04	0.01	0	|	rapi	0.04	0.04	0	|	52.0	0.04(52)	0.04(52)	|	6864	
9527	93	ok	|	0.04	1.00	1.00	0.04	0.01	0	|	rapi	0.04	0.04	0	|	52.0	0.04(52)	0.04(52)	|	6864	
9527	94	ok	|	0.05	1.00	1.00	0.05	0.01	0	|	rapi	0.05	0.05	0	|	52.0	0.05(52)	0.05(52)	|	6864	
9527	95	ok	|	0.04	1.00	1.00	0.05	0.01	0	|	rapi	0.04	0.05	0	|	52.0	0.05(52)	0.05(52)	|	6864	
9527	96	ok	|	0.04	1.00	1.00	0.04	0.01	0	|	rapi	0.04	0.04	0	|	52.0	0.04(52)	0.04(52)	|	6864	
9527	97	ok	|	0.06	1.00	1.00	0.06	0.01	0	|	rapi	0.06	0.06	0	|	52.0	0.06(52)	0.06(52)	|	6864	
9527	98	ok	|	0.06	1.00	1.00	0.06	0.01	0	|	rapi	0.06	0.06	0	|	52.0	0.06(52)	0.06(52)	|	6864	
9527	99	ok	|	0.05	1.00	1.00	0.06	0.01	0	|	rapi	0.05	0.06	0	|	52.0	0.06(52)	0.06(52)	|	6864	
9527	100	ok	|	0.05	1.00	1.00	0.05	0.01	0	|	rapi	0.05	0.05	0	|	52.0	0.05(52)	0.05(52)	|	6864	
9527	101	ok	|	0.05	1.00	1.00	0.05	0.01	0	|	rapi	0.05	0.05	0	|	52.0	0.05(52)	0.05(52)	|	6864	
9527	102	ok	|	0.05	1.00	1.00	0.05	0.01	0	|	rapi	0.05	0.05	0	|	52.0	0.05(52)	0.05(52)	|	6864	
9527	103	ok	|	0.06	1.00	1.00	0.06	0.01	0	|	rapi	0.06	0.06	0	|	52.0	0.06(52)	0.06(52)	|	6864	
9527	104	ok	|	0.05	1.00	1.00	0.06	0.01	0	|	rapi	0.05	0.06	0	|	52.0	0.06(52)	0.06(52)	|	6864	
9527	105	ok	|	0.07	1.00	1.00	0.07	0.01	0	|	rapi	0.07	0.07	0	|	52.0	0.07(52)	0.07(52)	|	6864	
9527	106	ok	|	0.07	1.00	1.00	0.07	0.01	0	|	rapi	0.07	0.07	0	|	52.0	0.07(52)	0.07(52)	|	6864	
9527	107	ok	|	0.07	1.00	1.00	0.07	0.01	0	|	rapi	0.07	0.07	0	|	52.0	0.07(52)	0.07(52)	|	6864	
9527	108	ok	|	0.07	1.00	1.00	0.07	0.02	0	|	rapi	0.07	0.07	0	|	52.0	0.07(52)	0.07(52)	|	6864	
9527	109	ok	|	0.07	1.00	1.00	0.08	0.02	0	|	rapi	0.07	0.08	0	|	52.0	0.08(52)	0.08(52)	|	6864	
9527	110	ok	|	0.06	1.00	1.00	0.06	0.02	0	|	rapi	0.06	0.06	0	|	52.0	0.06(52)	0.06(52)	|	6864	
9527	111	ok	|	0.06	1.00	1.00	0.06	0.02	0	|	rapi	0.06	0.06	0	|	52.0	0.06(52)	0.06(52)	|	6864	
9527	112	ok	|	0.06	1.00	1.00	0.06	0.01	0	|	rapi	0.06	0.06	0	|	52.0	0.06(52)	0.06(52)	|	6864	
9527	113	ok	|	0.06	1.00	1.00	0.06	0.02	0	|	rapi	0.06	0.06	0	|	52.0	0.06(52)	0.06(52)	|	6864	
9527	114	ok	|	0.06	1.00	1.00	0.07	0.02	0	|	rapi	0.06	0.07	0	|	52.0	0.07(52)	0.07(52)	|	6864	
9527	115	ok	|	0.07	1.00	1.00	0.07	0.02	0	|	rapi	0.07	0.07	0	|	52.0	0.07(52)	0.07(52)	|	6864	
9527	116	ok	|	0.07	1.00	1.00	0.08	0.02	0	|	rapi	0.07	0.08	0	|	52.0	0.08(52)	0.08(52)	|	6864	
9527	117	ok	|	0.07	1.00	1.00	0.07	0.02	0	|	rapi	0.07	0.07	0	|	52.0	0.07(52)	0.07(52)	|	6864	
9527	118	ok	|	0.07	1.00	1.00	0.07	0.02	0	|	rapi	0.07	0.07	0	|	52.0	0.07(52)	0.07(52)	|	6864	
9527	119	ok	|	0.08	1.00	1.00	0.09	0.02	0	|	rapi	0.08	0.09	0	|	52.0	0.09(52)	0.09(52)	|	6864	
9527	120	ok	|	0.07	1.00	1.00	0.07	0.02	0	|	rapi	0.07	0.07	0	|	52.0	0.07(52)	0.07(52)	|	6864	
9527	121	ok	|	0.08	1.00	1.00	0.08	0.02	0	|	rapi	0.08	0.08	0	|	52.0	0.08(52)	0.08(52)	|	6864	
9527	122	ok	|	0.06	1.00	1.00	0.06	0.02	0	|	rapi	0.06	0.06	0	|	52.0	0.06(52)	0.06(52)	|	6864	
9527	123	ok	|	0.06	1.00	1.00	0.06	0.01	0	|	rapi	0.06	0.06	0	|	52.0	0.06(52)	0.06(52)	|	6864	
9527	124	ok	|	0.05	1.00	1.00	0.05	0.01	0	|	rapi	0.05	0.05	0	|	52.0	0.05(52)	0.05(52)	|	6864	
9527	125	ok	|	0.05	1.00	1.00	0.05	0.01	0	|	rapi	0.05	0.05	0	|	52.0	0.05(52)	0.05(52)	|	6864	
9527	126	ok	|	0.04	1.00	1.00	0.04	0.01	0	|	rapi	0.04	0.04	0	|	52.0	0.04(52)	0.04(52)	|	6864	
9527	127	ok	|	0.04	1.00	1.00	0.04	0.01	0	|	rapi	0.04	0.04	0	|	52.0	0.04(52)	0.04(52)	|	6864	
9527	128	ok	|	0.03	1.00	1.00	0.03	0.01	0	|	rapi	0.03	0.03	0	|	52.0	0.03(52)	0.03(52)	|	6864	
9527	129	ok	|	0.03	1.00	1.00	0.03	0.01	0	|	rapi	0.03	0.03	0	|	52.0	0.03(52)	0.03(52)	|	6864	
9527	130	ok	|	0.04	1.00	1.00	0.04	0.01	0	|	rapi	0.04	0.04	0	|	52.0	0.04(52)	0.04(52)	|	6864	
9527	131	ok	|	0.04	1.00	1.00	0.04	0.01	0	|	rapi	0.04	0.04	0	|	52.0	0.04(52)	0.04(52)	|	6864	
9527	132	ok	|	0.04	1.00	1.00	0.04	0.01	0	|	rapi	0.04	0.04	0	|	52.0	0.04(52)	0.04(52)	|	6864	
9527	133	ok	|	0.03	1.00	1.00	0.03	0.01	0	|	rapi	0.03	0.03	0	|	52.0	0.03(52)	0.03(52)	|	6864	
9527	134	ok	|	0.02	1.00	1.00	0.02	0.01	0	|	rapi	0.02	0.02	0	|	52.0	0.02(52)	0.02(52)	|	6864	
9527	135	ok	|	0.03	1.00	1.00	0.03	0.01	0	|	rapi	0.03	0.03	0	|	52.0	0.03(52)	0.03(52)	|	6864	
9527	136	ok	|	0.04	1.00	1.00	0.04	0.01	0	|	rapi	0.04	0.04	0	|	52.0	0.04(52)	0.04(52)	|	6864	
9527	137	ok	|	0.04	1.00	1.00	0.04	0.01	0	|	rapi	0.04	0.04	0	|	52.0	0.04(52)	0.04(52)	|	6864	
9527	138	ok	|	0.05	1.00	1.00	0.05	0.01	0	|	rapi	0.05	0.05	0	|	52.0	0.05(52)	0.05(52)	|	6864	
9527	139	ok	|	0.05	1.00	1.00	0.05	0.01	0	|	rapi	0.05	0.05	0	|	52.0	0.05(52)	0.05(52)	|	6864	
9527	140	ok	|	0.06	1.00	1.00	0.06	0.02	0	|	rapi	0.06	0.06	0	|	52.0	0.06(52)	0.06(52)	|	6864	
9527	141	ok	|	0.07	1.00	1.00	0.07	0.02	0	|	rapi	0.07	0.07	0	|	52.0	0.07(52)	0.07(52)	|	6864	
9527	142	ok	|	0.06	1.00	1.00	0.06	0.02	0	|	rapi	0.06	0.06	0	|	52.0	0.06(52)	0.06(52)	|	6864	
9527	143	ok	|	0.06	1.00	1.00	0.06	0.01	0	|	rapi	0.06	0.06	0	|	52.0	0.06(52)	0.06(52)	|	6864	
9527	144	ok	|	0.07	1.00	1.00	0.07	0.02	0	|	rapi	0.07	0.07	0	|	52.0	0.07(52)	0.07(52)	|	6864	
9527	145	ok	|	0.05	1.00	1.00	0.06	0.01	0	|	rapi	0.05	0.06	0	|	52.0	0.06(52)	0.06(52)	|	6864	
9527	146	ok	|	0.06	1.00	1.00	0.06	0.01	0	|	rapi	0.06	0.06	0	|	52.0	0.06(52)	0.06(52)	|	6864	
9527	147	ok	|	0.06	1.00	1.00	0.06	0.01	0	|	rapi	0.06	0.06	0	|	52.0	0.06(52)	0.06(52)	|	6864	
9527	148	ok	|	0.06	1.00	1.00	0.07	0.02	0	|	rapi	0.06	0.07	0	|	52.0	0.07(52)	0.07(52)	|	6864	
9527	149	ok	|	0.06	1.00	1.00	0.06	0.01	0	|	rapi	0.06	0.06	0	|	52.0	0.06(52)	0.06(52)	|	6864	
9527	150	ok	|	0.07	1.00	1.00	0.07	0.02	0	|	rapi	0.07	0.07	0	|	52.0	0.07(52)	0.07(52)	|	6864	
9527	151	ok	|	0.06	1.00	1.00	0.06	0.01	0	|	rapi	0.06	0.06	0	|	52.0	0.06(52)	0.06(52)	|	6864	
9527	152	ok	|	0.06	1.00	1.00	0.06	0.01	0	|	rapi	0.06	0.06	0	|	52.0	0.06(52)	0.06(52)	|	6864	
9527	153	ok	|	0.05	1.00	1.00	0.05	0.01	0	|	rapi	0.05	0.05	0	|	52.0	0.05(52)	0.05(52)	|	6864	
9527	154	ok	|	0.05	1.00	1.00	0.05	0.01	0	|	rapi	0.05	0.05	0	|	52.0	0.05(52)	0.05(52)	|	6864	
9527	155	ok	|	0.06	1.00	1.00	0.06	0.01	0	|	rapi	0.06	0.06	0	|	52.0	0.06(52)	0.06(52)	|	6864	
9527	156	ok	|	0.06	1.00	1.00	0.06	0.02	0	|	rapi	0.06	0.06	0	|	52.0	0.06(52)	0.06(52)	|	6864	
9527	157	ok	|	0.06	1.00	1.00	0.06	0.02	0	|	rapi	0.06	0.06	0	|	52.0	0.06(52)	0.06(52)	|	6864	
9527	158	ok	|	0.05	1.00	1.00	0.06	0.01	0	|	rapi	0.05	0.06	0	|	52.0	0.06(52)	0.06(52)	|	6864	
9527	159	ok	|	0.05	1.00	1.00	0.05	0.01	0	|	rapi	0.05	0.05	0	|	52.0	0.05(52)	0.05(52)	|	6864	
9527	160	ok	|	0.04	1.00	1.00	0.04	0.01	0	|	rapi	0.04	0.04	0	|	52.0	0.04(52)	0.04(52)	|	6864	
9527	161	ok	|	0.04	1.00	1.00	0.04	0.01	0	|	rapi	0.04	0.04	0	|	52.0	0.04(52)	0.04(52)	|	6864	
9527	162	ok	|	0.04	1.00	1.00	0.04	0.01	0	|	rapi	0.04	0.04	0	|	52.0	0.04(52)	0.04(52)	|	6864	
9527	163	ok	|	0.05	1.00	1.00	0.05	0.01	0	|	rapi	0.05	0.05	0	|	52.0	0.05(52)	0.05(52)	|	6864	
9527	164	ok	|	0.04	1.00	1.00	0.04	0.01	0	|	rapi	0.04	0.04	0	|	52.0	0.04(52)	0.04(52)	|	6864	
9527	165	ok	|	0.05	1.00	1.00	0.05	0.01	0	|	rapi	0.05	0.05	0	|	52.0	0.05(52)	0.05(52)	|	6864	
9527	166	ok	|	0.04	1.00	1.00	0.04	0.01	0	|	rapi	0.04	0.04	0	|	52.0	0.04(52)	0.04(52)	|	6864	
9527	167	ok	|	0.04	1.00	1.00	0.04	0.01	0	|	rapi	0.04	0.04	0	|	52.0	0.04(52)	0.04(52)	|	6864	
9527	168	ok	|	0.04	1.00	1.00	0.04	0.01	0	|	rapi	0.04	0.04	0	|	52.0	0.04(52)	0.04(52)	|	6864	
9527	169	ok	|	0.04	1.00	1.00	0.04	0.01	0	|	rapi	0.04	0.04	0	|	52.0	0.04(52)	0.04(52)	|	6864	
9527	170	ok	|	0.03	1.00	1.00	0.03	0.01	0	|	rapi	0.03	0.03	0	|	52.0	0.03(52)	0.03(52)	|	6864	
9527	171	ok	|	0.03	1.00	1.00	0.03	0.01	0	|	rapi	0.03	0.03	0	|	52.0	0.03(52)	0.03(52)	|	6864	
9527	172	ok	|	0.03	1.00	1.00	0.03	0.01	0	|	rapi	0.03	0.03	0	|	52.0	0.03(52)	0.03(52)	|	6864	
9527	173	ok	|	0.03	1.00	1.00	0.03	0.01	0	|	rapi	0.03	0.03	0	|	52.0	0.03(52)	0.03(52)	|	6864	
9527	174	ok	|	0.03	1.00	1.00	0.03	0.01	0	|	rapi	0.03	0.03	0	|	52.0	0.03(52)	0.03(52)	|	6864	
9527	175	ok	|	0.02	1.00	1.00	0.02	0.01	0	|	rapi	0.02	0.02	0	|	52.0	0.02(52)	0.02(52)	|	6864	
9527	176	ok	|	0.02	1.00	1.00	0.02	0.01	0	|	rapi	0.02	0.02	0	|	52.0	0.02(52)	0.02(52)	|	6864	
9527	177	ok	|	0.03	1.00	1.00	0.03	0.01	0	|	rapi	0.03	0.03	0	|	52.0	0.03(52)	0.03(52)	|	6864	
9527	178	ok	|	0.03	1.00	1.00	0.03	0.01	0	|	rapi	0.03	0.03	0	|	52.0	0.03(52)	0.03(52)	|	6864	
9527	179	ok	|	0.03	1.00	1.00	0.03	0.01	0	|	rapi	0.03	0.03	0	|	52.0	0.03(52)	0.03(52)	|	6864	
9527	180	ok	|	0.03	1.00	1.00	0.03	0.01	0	|	rapi	0.03	0.03	0	|	52.0	0.03(52)	0.03(52)	|	6864	
9527	181	ok	|	0.03	1.00	1.00	0.04	0.02	0	|	rapi	0.03	0.04	0	|	52.0	0.04(52)	0.04(52)	|	6864	
9527	182	ok	|	0.04	1.00	1.00	0.04	0.02	0	|	rapi	0.04	0.04	0	|	52.0	0.04(52)	0.04(52)	|	6864	
9527	183	ok	|	0.04	1.00	1.00	0.04	0.02	0	|	rapi	0.04	0.04	0	|	52.0	0.04(52)	0.04(52)	|	6864	
9527	184	ok	|	0.04	1.00	1.00	0.04	0.02	0	|	rapi	0.04	0.04	0	|	52.0	0.04(52)	0.04(52)	|	6864	
9527	185	ok	|	0.04	1.00	1.00	0.05	0.02	0	|	rapi	0.04	0.05	0	|	52.0	0.05(52)	0.05(52)	|	6864	
9527	186	ok	|	0.05	1.00	1.00	0.05	0.02	0	|	rapi	0.05	0.05	0	|	52.0	0.05(52)	0.05(52)	|	6864	
9527	187	ok	|	0.06	1.00	1.00	0.06	0.03	0	|	rapi	0.06	0.06	0	|	52.0	0.06(52)	0.06(52)	|	6864	
9527	188	ok	|	0.05	1.00	1.00	0.05	0.02	0	|	rapi	0.05	0.05	0	|	52.0	0.05(52)	0.05(52)	|	6864	
9527	189	ok	|	0.05	1.00	1.00	0.05	0.03	0	|	rapi	0.05	0.05	0	|	52.0	0.05(52)	0.05(52)	|	6864	
9527	190	ok	|	0.05	1.00	1.00	0.05	0.03	0	|	rapi	0.05	0.05	0	|	52.0	0.05(52)	0.05(52)	|	6864	
9527	191	ok	|	0.05	1.00	1.00	0.05	0.03	0	|	rapi	0.05	0.05	0	|	52.0	0.05(52)	0.05(52)	|	6864	
9527	192	ok	|	0.04	1.00	1.00	0.04	0.02	0	|	rapi	0.04	0.04	0	|	52.0	0.04(52)	0.04(52)	|	6864	
9527	193	ok	|	0.03	1.00	1.00	0.03	0.02	0	|	rapi	0.03	0.03	0	|	52.0	0.03(52)	0.03(52)	|	6864	
9527	194	ok	|	0.04	1.00	1.00	0.04	0.02	0	|	rapi	0.04	0.04	0	|	52.0	0.04(52)	0.04(52)	|	6864	
9527	195	ok	|	0.04	1.00	1.00	0.04	0.02	0	|	rapi	0.04	0.04	0	|	52.0	0.04(52)	0.04(52)	|	6864	
9527	196	ok	|	0.03	1.00	1.00	0.03	0.02	0	|	rapi	0.03	0.03	0	|	52.0	0.03(52)	0.03(52)	|	6864	
9527	197	ok	|	0.03	1.00	1.00	0.03	0.01	0	|	rapi	0.03	0.03	0	|	52.0	0.03(52)	0.03(52)	|	6864	
9527	198	ok	|	0.02	1.00	1.00	0.02	0.01	0	|	rapi	0.02	0.02	0	|	52.0	0.02(52)	0.02(52)	|	6864	
9527	199	ok	|	0.02	1.00	1.00	0.02	0.01	0	|	rapi	0.02	0.02	0	|	52.0	0.02(52)	0.02(52)	|	6864	
9527	200	ok	|	0.01	1.00	1.00	0.01	0.01	0	|	rapi	0.01	0.01	0	|	52.0	0.01(52)	0.01(52)	|	6864	
9527	201	ok	|	0.01	1.00	1.00	0.01	0.01	0	|	rapi	0.01	0.01	0	|	52.0	0.01(52)	0.01(52)	|	6864	
9527	202	ok	|	0.01	1.00	1.00	0.01	0.01	0	|	rapi	0.01	0.01	0	|	52.0	0.01(52)	0.01(52)	|	6864	
9527	203	ok	|	0.02	1.00	1.00	0.02	0.01	0	|	rapi	0.02	0.02	0	|	52.0	0.02(52)	0.02(52)	|	6864	
9527	204	ok	|	0.02	1.00	1.00	0.02	0.01	0	|	rapi	0.02	0.02	0	|	52.0	0.02(52)	0.02(52)	|	6864	
9527	205	ok	|	0.01	1.00	1.00	0.01	0.01	0	|	rapi	0.01	0.01	0	|	52.0	0.01(52)	0.01(52)	|	6864	
9527	206	ok	|	0.02	1.00	1.00	0.02	0.01	0	|	rapi	0.02	0.02	0	|	52.0	0.02(52)	0.02(52)	|	6864	
9527	207	ok	|	0.02	1.00	1.00	0.02	0.01	0	|	rapi	0.02	0.02	0	|	52.0	0.02(52)	0.02(52)	|	6864	
9527	208	ok	|	0.03	1.00	1.00	0.03	0.01	0	|	rapi	0.03	0.03	0	|	52.0	0.03(52)	0.03(52)	|	6864	
9527	209	ok	|	0.03	1.00	1.00	0.03	0.01	0	|	rapi	0.03	0.03	0	|	52.0	0.03(52)	0.03(52)	|	6864	
9527	210	ok	|	0.03	1.00	1.00	0.03	0.01	0	|	rapi	0.03	0.03	0	|	52.0	0.03(52)	0.03(52)	|	6864	
9527	211	ok	|	0.02	1.00	1.00	0.03	0.01	0	|	rapi	0.02	0.03	0	|	52.0	0.03(52)	0.03(52)	|	6864	
9527	212	ok	|	0.03	1.00	1.00	0.03	0.01	0	|	rapi	0.03	0.03	0	|	52.0	0.03(52)	0.03(52)	|	6864	
9527	213	ok	|	0.04	1.00	1.00	0.04	0.02	0	|	rapi	0.04	0.04	0	|	52.0	0.04(52)	0.04(52)	|	6864	
9527	214	ok	|	0.04	1.00	1.00	0.04	0.02	0	|	rapi	0.04	0.04	0	|	52.0	0.04(52)	0.04(52)	|	6864	
9527	215	ok	|	0.04	1.00	1.00	0.04	0.02	0	|	rapi	0.04	0.04	0	|	52.0	0.04(52)	0.04(52)	|	6864	
9527	216	ok	|	0.04	1.00	1.00	0.04	0.02	0	|	rapi	0.04	0.04	0	|	52.0	0.04(52)	0.04(52)	|	6864	
9527	217	ok	|	0.04	1.00	1.00	0.04	0.02	0	|	rapi	0.04	0.04	0	|	52.0	0.04(52)	0.04(52)	|	6864	
9527	218	ok	|	0.04	1.00	1.00	0.04	0.02	0	|	rapi	0.04	0.04	0	|	52.0	0.04(52)	0.04(52)	|	6864	
9527	219	ok	|	0.04	1.00	1.00	0.04	0.02	0	|	rapi	0.04	0.04	0	|	52.0	0.04(52)	0.04(52)	|	6864	
9527	220	ok	|	0.04	1.00	1.00	0.05	0.02	0	|	rapi	0.04	0.05	0	|	52.0	0.05(52)	0.05(52)	|	6864	
9527	221	ok	|	0.06	1.00	1.00	0.06	0.03	0	|	rapi	0.06	0.06	0	|	52.0	0.06(52)	0.06(52)	|	6864	
9527	222	ok	|	0.04	1.00	1.00	0.04	0.02	0	|	rapi	0.04	0.04	0	|	52.0	0.04(52)	0.04(52)	|	6864	
9527	223	ok	|	0.06	1.00	1.00	0.06	0.03	0	|	rapi	0.06	0.06	0	|	52.0	0.06(52)	0.06(52)	|	6864	
9527	224	ok	|	0.05	1.00	1.00	0.05	0.03	0	|	rapi	0.05	0.05	0	|	52.0	0.05(52)	0.05(52)	|	6864	
9527	225	ok	|	0.06	1.00	1.00	0.06	0.03	0	|	rapi	0.06	0.06	0	|	52.0	0.06(52)	0.06(52)	|	6864	
9527	226	ok	|	0.06	1.00	1.00	0.06	0.03	0	|	rapi	0.06	0.06	0	|	52.0	0.06(52)	0.06(52)	|	6864	
9527	227	ok	|	0.05	1.00	1.00	0.05	0.03	0	|	rapi	0.05	0.05	0	|	52.0	0.05(52)	0.05(52)	|	6864	
9527	228	ok	|	0.04	1.00	1.00	0.04	0.02	0	|	rapi	0.04	0.04	0	|	52.0	0.04(52)	0.04(52)	|	6864	
9527	229	ok	|	0.04	1.00	1.00	0.04	0.02	0	|	rapi	0.04	0.04	0	|	52.0	0.04(52)	0.04(52)	|	6864	
9527	230	ok	|	0.03	1.00	1.00	0.03	0.02	0	|	rapi	0.03	0.03	0	|	52.0	0.03(52)	0.03(52)	|	6864	
9527	231	ok	|	0.03	1.00	1.00	0.03	0.01	0	|	rapi	0.03	0.03	0	|	52.0	0.03(52)	0.03(52)	|	6864	
9527	232	ok	|	0.03	1.00	1.00	0.03	0.02	0	|	rapi	0.03	0.03	0	|	52.0	0.03(52)	0.03(52)	|	6864	
9527	233	ok	|	0.04	1.00	1.00	0.04	0.02	0	|	rapi	0.04	0.04	0	|	52.0	0.04(52)	0.04(52)	|	6864	
9527	234	ok	|	0.05	1.00	1.00	0.05	0.03	0	|	rapi	0.05	0.05	0	|	52.0	0.05(52)	0.05(52)	|	6864	
9527	235	ok	|	0.04	1.00	1.00	0.04	0.02	0	|	rapi	0.04	0.04	0	|	52.0	0.04(52)	0.04(52)	|	6864	
9527	236	ok	|	0.04	1.00	1.00	0.04	0.02	0	|	rapi	0.04	0.04	0	|	52.0	0.04(52)	0.04(52)	|	6864	
9527	237	ok	|	0.04	1.00	1.00	0.05	0.02	0	|	rapi	0.04	0.05	0	|	52.0	0.05(52)	0.05(52)	|	6864	
9527	238	ok	|	0.06	1.00	1.00	0.06	0.03	0	|	rapi	0.06	0.06	0	|	52.0	0.06(52)	0.06(52)	|	6864	
9527	239	ok	|	0.05	1.00	1.00	0.05	0.02	0	|	rapi	0.05	0.05	0	|	52.0	0.05(52)	0.05(52)	|	6864	
9527	240	ok	|	0.04	1.00	1.00	0.04	0.02	0	|	rapi	0.04	0.04	0	|	52.0	0.04(52)	0.04(52)	|	6864	
9527	241	ok	|	0.05	1.00	1.00	0.05	0.03	0	|	rapi	0.05	0.05	0	|	52.0	0.05(52)	0.05(52)	|	6864	
9527	242	ok	|	0.05	1.00	1.00	0.05	0.03	0	|	rapi	0.05	0.05	0	|	52.0	0.05(52)	0.05(52)	|	6864	
9527	243	ok	|	0.05	1.00	1.00	0.05	0.03	0	|	rapi	0.05	0.05	0	|	52.0	0.05(52)	0.05(52)	|	6864	
9527	244	ok	|	0.05	1.00	1.00	0.05	0.02	0	|	rapi	0.05	0.05	0	|	52.0	0.05(52)	0.05(52)	|	6864	
9527	245	ok	|	0.03	1.00	1.00	0.03	0.01	0	|	rapi	0.03	0.03	0	|	52.0	0.03(52)	0.03(52)	|	6864	
9527	246	ok	|	0.03	1.00	1.00	0.03	0.01	0	|	rapi	0.03	0.03	0	|	52.0	0.03(52)	0.03(52)	|	6864	
9527	247	ok	|	0.04	1.00	1.00	0.04	0.02	0	|	rapi	0.04	0.04	0	|	52.0	0.04(52)	0.04(52)	|	6864	
9527	248	ok	|	0.04	1.00	1.00	0.04	0.02	0	|	rapi	0.04	0.04	0	|	52.0	0.04(52)	0.04(52)	|	6864	
9527	249	ok	|	0.04	1.00	1.00	0.04	0.02	0	|	rapi	0.04	0.04	0	|	52.0	0.04(52)	0.04(52)	|	6864	
9527	250	ok	|	0.05	1.00	1.00	0.05	0.02	0	|	rapi	0.05	0.05	0	|	52.0	0.05(52)	0.05(52)	|	6864	
9527	251	ok	|	0.05	1.00	1.00	0.05	0.02	0	|	rapi	0.05	0.05	0	|	52.0	0.05(52)	0.05(52)	|	6864	
9527	252	ok	|	0.05	1.00	1.00	0.06	0.03	0	|	rapi	0.05	0.06	0	|	52.0	0.06(52)	0.06(52)	|	6864	
9527	253	ok	|	0.04	1.00	1.00	0.05	0.02	0	|	rapi	0.04	0.05	0	|	52.0	0.05(52)	0.05(52)	|	6864	
9527	254	ok	|	0.05	1.00	1.00	0.05	0.03	0	|	rapi	0.05	0.05	0	|	52.0	0.05(52)	0.05(52)	|	6864	
9527	255	ok	|	0.05	1.00	1.00	0.05	0.03	0	|	rapi	0.05	0.05	0	|	52.0	0.05(52)	0.05(52)	|	6864	
9527	256	ok	|	0.04	1.00	1.00	0.04	0.02	0	|	rapi	0.04	0.04	0	|	52.0	0.04(52)	0.04(52)	|	6864	
9527	257	ok	|	0.04	1.00	1.00	0.04	0.02	0	|	rapi	0.04	0.04	0	|	52.0	0.04(52)	0.04(52)	|	6864	
9527	258	ok	|	0.06	1.00	1.00	0.06	0.03	0	|	rapi	0.06	0.06	0	|	52.0	0.06(52)	0.06(52)	|	6864	
9527	259	ok	|	0.06	1.00	1.00	0.06	0.03	0	|	rapi	0.06	0.06	0	|	52.0	0.06(52)	0.06(52)	|	6864	
9527	260	ok	|	0.06	1.00	1.00	0.06	0.03	0	|	rapi	0.06	0.06	0	|	52.0	0.06(52)	0.06(52)	|	6864	
9527	261	ok	|	0.05	1.00	1.00	0.05	0.02	0	|	rapi	0.05	0.05	0	|	52.0	0.05(52)	0.05(52)	|	6864	
9527	262	ok	|	0.05	1.00	1.00	0.05	0.02	0	|	rapi	0.05	0.05	0	|	52.0	0.05(52)	0.05(52)	|	6864	
9527	263	ok	|	0.05	1.00	1.00	0.05	0.03	0	|	rapi	0.05	0.05	0	|	52.0	0.05(52)	0.05(52)	|	6864	
9527	264	ok	|	0.05	1.00	1.00	0.05	0.02	0	|	rapi	0.05	0.05	0	|	52.0	0.05(52)	0.05(52)	|	6864	
9527	265	ok	|	0.03	1.00	1.00	0.03	0.02	0	|	rapi	0.03	0.03	0	|	52.0	0.03(52)	0.03(52)	|	6864	
9527	266	ok	|	0.04	1.00	1.00	0.04	0.02	0	|	rapi	0.04	0.04	0	|	52.0	0.04(52)	0.04(52)	|	6864	
9527	267	ok	|	0.05	1.00	1.00	0.05	0.02	0	|	rapi	0.05	0.05	0	|	52.0	0.05(52)	0.05(52)	|	6864	
9527	268	ok	|	0.05	1.00	1.00	0.05	0.02	0	|	rapi	0.05	0.05	0	|	52.0	0.05(52)	0.05(52)	|	6864	
9527	269	ok	|	0.05	1.00	1.00	0.05	0.02	0	|	rapi	0.05	0.05	0	|	52.0	0.05(52)	0.05(52)	|	6864	
9527	270	ok	|	0.05	1.00	1.00	0.05	0.03	0	|	rapi	0.05	0.05	0	|	52.0	0.05(52)	0.05(52)	|	6864	
9527	271	ok	|	0.05	1.00	1.00	0.05	0.03	0	|	rapi	0.05	0.05	0	|	52.0	0.05(52)	0.05(52)	|	6864	
9527	272	ok	|	0.06	1.00	1.00	0.06	0.03	0	|	rapi	0.06	0.06	0	|	52.0	0.06(52)	0.06(52)	|	6864	
9527	273	ok	|	0.05	1.00	1.00	0.05	0.03	0	|	rapi	0.05	0.05	0	|	52.0	0.05(52)	0.05(52)	|	6864	
9527	274	ok	|	0.04	1.00	1.00	0.04	0.02	0	|	rapi	0.04	0.04	0	|	52.0	0.04(52)	0.04(52)	|	6864	
9527	275	ok	|	0.03	1.00	1.00	0.03	0.02	0	|	rapi	0.03	0.03	0	|	52.0	0.03(52)	0.03(52)	|	6864	
9527	276	ok	|	0.03	1.00	1.00	0.03	0.02	0	|	rapi	0.03	0.03	0	|	52.0	0.03(52)	0.03(52)	|	6864	
9527	277	ok	|	0.03	1.00	1.00	0.03	0.01	0	|	rapi	0.03	0.03	0	|	52.0	0.03(52)	0.03(52)	|	6864	
9527	278	ok	|	0.03	1.00	1.00	0.03	0.01	0	|	rapi	0.03	0.03	0	|	52.0	0.03(52)	0.03(52)	|	6864	
9527	279	ok	|	0.02	1.00	1.00	0.02	0.01	0	|	rapi	0.02	0.02	0	|	52.0	0.02(52)	0.02(52)	|	6864	
9527	280	ok	|	0.02	1.00	1.00	0.02	0.01	0	|	rapi	0.02	0.02	0	|	52.0	0.02(52)	0.02(52)	|	6864	
9527	281	ok	|	0.02	1.00	1.00	0.02	0.01	0	|	rapi	0.02	0.02	0	|	52.0	0.02(52)	0.02(52)	|	6864	
9527	282	ok	|	0.02	1.00	1.00	0.02	0.01	0	|	rapi	0.02	0.02	0	|	52.0	0.02(52)	0.02(52)	|	6864	
9527	283	ok	|	0.02	1.00	1.00	0.02	0.01	0	|	rapi	0.02	0.02	0	|	52.0	0.02(52)	0.02(52)	|	6864	
9527	284	ok	|	0.01	1.00	1.00	0.01	0.01	0	|	rapi	0.01	0.01	0	|	52.0	0.01(52)	0.01(52)	|	6864	
9527	285	ok	|	0.02	1.00	1.00	0.02	0.01	0	|	rapi	0.02	0.02	0	|	52.0	0.02(52)	0.02(52)	|	6864	
9527	286	ok	|	0.01	1.00	1.00	0.01	0.01	0	|	rapi	0.01	0.01	0	|	52.0	0.01(52)	0.01(52)	|	6864	
9527	287	ok	|	0.01	1.00	1.00	0.01	0.01	0	|	rapi	0.01	0.01	0	|	52.0	0.01(52)	0.01(52)	|	6864	
9527	288	ok	|	0.01	1.00	1.00	0.01	0.01	0	|	rapi	0.01	0.01	0	|	52.0	0.01(52)	0.01(52)	|	6864	
9527	289	ok	|	0.02	1.00	1.00	0.02	0.01	0	|	rapi	0.02	0.02	0	|	52.0	0.02(52)	0.02(52)	|	6864	
9527	290	ok	|	0.02	1.00	1.00	0.02	0.01	0	|	rapi	0.02	0.02	0	|	52.0	0.02(52)	0.02(52)	|	6864	
9527	291	ok	|	0.03	1.00	1.00	0.03	0.01	0	|	rapi	0.03	0.03	0	|	52.0	0.03(52)	0.03(52)	|	6864	
9527	292	ok	|	0.02	1.00	1.00	0.02	0.01	0	|	rapi	0.02	0.02	0	|	52.0	0.02(52)	0.02(52)	|	6864	
9527	293	ok	|	0.02	1.00	1.00	0.02	0.01	0	|	rapi	0.02	0.02	0	|	52.0	0.02(52)	0.02(52)	|	6864	
9527	294	ok	|	0.01	1.00	1.00	0.01	0.01	0	|	rapi	0.01	0.01	0	|	52.0	0.01(52)	0.01(52)	|	6864	
9527	295	ok	|	0.01	1.00	1.00	0.01	0.01	0	|	rapi	0.01	0.01	0	|	52.0	0.01(52)	0.01(52)	|	6864	
9527	296	ok	|	0.01	1.00	1.00	0.01	0.01	0	|	rapi	0.01	0.01	0	|	52.0	0.01(52)	0.01(52)	|	6864	
9527	297	ok	|	0.01	1.00	1.00	0.01	0.01	0	|	rapi	0.01	0.01	0	|	52.0	0.01(52)	0.01(52)	|	6864	
9527	298	ok	|	0.01	1.00	1.00	0.01	0.01	0	|	rapi	0.01	0.01	0	|	52.0	0.01(52)	0.01(52)	|	6864	
9527	299	ok	|	0.01	1.00	1.00	0.01	0.01	0	|	rapi	0.01	0.01	0	|	52.0	0.01(52)	0.01(52)	|	6864	
9527	300	ok	|	0.01	1.00	1.00	0.01	0.01	0	|	rapi	0.01	0.01	0	|	52.0	0.01(52)	0.01(52)	|	6864	
9527	301	ok	|	0.01	1.00	1.00	0.01	0.01	0	|	rapi	0.01	0.01	0	|	52.0	0.01(52)	0.01(52)	|	6864	
9527	302	ok	|	0.01	1.00	1.00	0.01	0.01	0	|	rapi	0.01	0.01	0	|	52.0	0.01(52)	0.01(52)	|	6864	
9527	303	ok	|	0.01	1.00	1.00	0.01	0.01	0	|	rapi	0.01	0.01	0	|	52.0	0.01(52)	0.01(52)	|	6864	
9527	304	ok	|	0.01	1.00	1.00	0.01	0.00	0	|	rapi	0.01	0.01	0	|	52.0	0.01(52)	0.01(52)	|	6864	
9527	305	ok	|	0.01	1.00	1.00	0.01	0.01	0	|	rapi	0.01	0.01	0	|	52.0	0.01(52)	0.01(52)	|	6864	
9527	306	ok	|	0.01	1.00	1.00	0.01	0.00	0	|	rapi	0.01	0.01	0	|	52.0	0.01(52)	0.01(52)	|	6864	
9527	307	ok	|	0.01	1.00	1.00	0.01	0.00	0	|	rapi	0.01	0.01	0	|	52.0	0.01(52)	0.01(52)	|	6864	
9527	308	ok	|	0.01	1.00	1.00	0.01	0.00	0	|	rapi	0.01	0.01	0	|	52.0	0.01(52)	0.01(52)	|	6864	
9527	309	ok	|	0.01	1.00	1.00	0.01	0.00	0	|	rapi	0.01	0.01	0	|	52.0	0.01(52)	0.01(52)	|	6864	
9527	310	ok	|	0.01	1.00	1.00	0.01	0.01	0	|	rapi	0.01	0.01	0	|	52.0	0.01(52)	0.01(52)	|	6864	
9527	311	ok	|	0.01	1.00	1.00	0.01	0.01	0	|	rapi	0.01	0.01	0	|	52.0	0.01(52)	0.01(52)	|	6864	
9527	312	ok	|	0.01	1.00	1.00	0.01	0.01	0	|	rapi	0.01	0.01	0	|	52.0	0.01(52)	0.01(52)	|	6864	
9527	313	ok	|	0.01	1.00	1.00	0.01	0.00	0	|	rapi	0.01	0.01	0	|	52.0	0.01(52)	0.01(52)	|	6864	
9527	314	ok	|	0.01	1.00	1.00	0.01	0.00	0	|	rapi	0.01	0.01	0	|	52.0	0.01(52)	0.01(52)	|	6864	
9527	315	ok	|	0.01	1.00	1.00	0.01	0.01	0	|	rapi	0.01	0.01	0	|	52.0	0.01(52)	0.01(52)	|	6864	
9527	316	ok	|	0.01	1.00	1.00	0.01	0.01	0	|	rapi	0.01	0.01	0	|	52.0	0.01(52)	0.01(52)	|	6864	
9527	317	ok	|	0.01	1.00	1.00	0.01	0.00	0	|	rapi	0.01	0.01	0	|	52.0	0.01(52)	0.01(52)	|	6864	
9527	318	ok	|	0.00	1.00	1.00	0.00	0.00	0	|	rapi	0.00	0.00	0	|	52.0	0.00(52)	0.00(52)	|	6864	
9527	319	ok	|	0.00	1.00	1.00	0.00	0.00	0	|	rapi	0.00	0.00	0	|	52.0	0.00(52)	0.00(52)	|	6864	
9527	320	fail-0	|	0.00	1.00	1.00	0.00	NaN	0	|	rapi	0.00	0.00	0	|	NaN			|	6864	
