9535	0	ok	|	0.09	1.00	1.00	0.10	0.00	0	|	rapi	0.09	0.10	0	|	-2.0	0.10(-2)	0.10(-2)	|	9665	
9535	1	ok	|	0.09	1.00	1.00	0.10	0.00	0	|	rapi	0.09	0.10	0	|	-2.0	0.10(-2)	0.10(-2)	|	9665	
9535	2	ok	|	0.09	1.00	1.00	0.09	0.00	0	|	rapi	0.09	0.09	0	|	-2.0	0.09(-2)	0.09(-2)	|	9665	
9535	3	ok	|	0.07	1.00	1.00	0.07	0.00	0	|	rapi	0.07	0.07	0	|	-2.0	0.07(-2)	0.07(-2)	|	9665	
9535	4	ok	|	0.08	1.00	1.00	0.08	0.00	0	|	rapi	0.08	0.08	0	|	-2.0	0.08(-2)	0.08(-2)	|	9665	
9535	5	ok	|	0.07	1.00	1.00	0.07	0.00	0	|	rapi	0.07	0.07	0	|	-2.0	0.07(-2)	0.07(-2)	|	9665	
9535	6	ok	|	0.08	1.00	1.00	0.09	0.00	0	|	rapi	0.08	0.09	0	|	-2.0	0.09(-2)	0.09(-2)	|	9665	
9535	7	ok	|	0.10	1.00	1.00	0.11	0.00	0	|	rapi	0.10	0.11	0	|	-2.0	0.11(-2)	0.11(-2)	|	9665	
9535	8	ok	|	0.10	1.00	1.00	0.10	0.00	0	|	rapi	0.10	0.10	0	|	-2.0	0.10(-2)	0.10(-2)	|	9665	
9535	9	ok	|	0.09	1.00	1.00	0.09	0.00	0	|	rapi	0.09	0.09	0	|	-2.0	0.09(-2)	0.09(-2)	|	9665	
9535	10	ok	|	0.08	1.00	1.00	0.09	0.01	0	|	rapi	0.08	0.09	0	|	-2.0	0.09(-2)	0.09(-2)	|	9665	
9535	11	ok	|	0.09	1.00	1.00	0.09	0.01	0	|	rapi	0.09	0.09	0	|	-2.0	0.09(-2)	0.09(-2)	|	9665	
9535	12	ok	|	0.08	1.00	1.00	0.09	0.01	0	|	rapi	0.08	0.09	0	|	-2.0	0.09(-2)	0.09(-2)	|	9665	
9535	13	ok	|	0.09	1.00	1.00	0.09	0.01	0	|	rapi	0.09	0.09	0	|	-2.0	0.09(-2)	0.09(-2)	|	9665	
9535	14	ok	|	0.11	1.00	1.00	0.12	0.01	0	|	rapi	0.11	0.12	0	|	-2.0	0.12(-2)	0.12(-2)	|	9665	
9535	15	ok	|	0.12	1.00	1.00	0.12	0.01	0	|	rapi	0.12	0.12	0	|	-2.0	0.12(-2)	0.12(-2)	|	9665	
9535	16	ok	|	0.12	1.00	1.00	0.13	0.01	0	|	rapi	0.12	0.13	0	|	-2.0	0.13(-2)	0.13(-2)	|	9665	
9535	17	ok	|	0.12	1.00	1.00	0.12	0.01	0	|	rapi	0.12	0.12	0	|	-2.0	0.12(-2)	0.12(-2)	|	9665	
9535	18	ok	|	0.13	1.00	1.00	0.13	0.01	0	|	rapi	0.13	0.13	0	|	-2.0	0.13(-2)	0.13(-2)	|	9665	
9535	19	ok	|	0.11	1.00	1.00	0.12	0.01	0	|	rapi	0.11	0.12	0	|	-2.0	0.12(-2)	0.12(-2)	|	9665	
9535	20	ok	|	0.12	1.00	1.00	0.12	0.01	0	|	rapi	0.12	0.12	0	|	-2.0	0.12(-2)	0.12(-2)	|	9665	
9535	21	ok	|	0.12	1.00	1.00	0.12	0.01	0	|	rapi	0.12	0.12	0	|	-2.0	0.12(-2)	0.12(-2)	|	9665	
9535	22	ok	|	0.10	1.00	1.00	0.11	0.01	0	|	rapi	0.10	0.11	0	|	-2.0	0.11(-2)	0.11(-2)	|	9665	
9535	23	ok	|	0.10	1.00	1.00	0.10	0.01	0	|	rapi	0.10	0.10	0	|	-2.0	0.10(-2)	0.10(-2)	|	9665	
9535	24	ok	|	0.09	1.00	1.00	0.09	0.01	0	|	rapi	0.09	0.09	0	|	-2.0	0.09(-2)	0.09(-2)	|	9665	
9535	25	ok	|	0.10	1.00	1.00	0.11	0.01	0	|	rapi	0.10	0.11	0	|	-2.0	0.11(-2)	0.11(-2)	|	9665	
9535	26	ok	|	0.11	1.00	1.00	0.11	0.01	0	|	rapi	0.11	0.11	0	|	-2.0	0.11(-2)	0.11(-2)	|	9665	
9535	27	ok	|	0.11	1.00	1.00	0.11	0.01	0	|	rapi	0.11	0.11	0	|	-2.0	0.11(-2)	0.11(-2)	|	9665	
9535	28	ok	|	0.09	1.00	1.00	0.09	0.01	0	|	rapi	0.09	0.09	0	|	-2.0	0.09(-2)	0.09(-2)	|	9665	
9535	29	ok	|	0.11	1.00	1.00	0.12	0.01	0	|	rapi	0.11	0.12	0	|	-2.0	0.12(-2)	0.12(-2)	|	9665	
9535	30	ok	|	0.11	1.00	1.00	0.12	0.01	0	|	rapi	0.11	0.12	0	|	-2.0	0.12(-2)	0.12(-2)	|	9665	
9535	31	ok	|	0.11	1.00	1.00	0.11	0.01	0	|	rapi	0.11	0.11	0	|	-2.0	0.11(-2)	0.11(-2)	|	9665	
9535	32	ok	|	0.12	1.00	1.00	0.13	0.02	0	|	rapi	0.12	0.13	0	|	-2.0	0.13(-2)	0.13(-2)	|	9665	
9535	33	ok	|	0.12	1.00	1.00	0.13	0.02	0	|	rapi	0.12	0.13	0	|	-2.0	0.13(-2)	0.13(-2)	|	9665	
9535	34	ok	|	0.13	1.00	1.00	0.13	0.02	0	|	rapi	0.13	0.13	0	|	-2.0	0.13(-2)	0.13(-2)	|	9665	
9535	35	ok	|	0.12	1.00	1.00	0.12	0.01	0	|	rapi	0.12	0.12	0	|	-2.0	0.12(-2)	0.12(-2)	|	9665	
9535	36	ok	|	0.14	1.00	1.00	0.14	0.02	0	|	rapi	0.14	0.14	0	|	-2.0	0.14(-2)	0.14(-2)	|	9665	
9535	37	ok	|	0.14	1.00	1.00	0.14	0.02	0	|	rapi	0.14	0.14	0	|	-2.0	0.14(-2)	0.14(-2)	|	9665	
9535	38	ok	|	0.13	1.00	1.00	0.14	0.02	0	|	rapi	0.13	0.14	0	|	-2.0	0.14(-2)	0.14(-2)	|	9665	
9535	39	ok	|	0.14	1.00	1.00	0.15	0.02	0	|	rapi	0.14	0.15	0	|	-2.0	0.15(-2)	0.15(-2)	|	9665	
9535	40	ok	|	0.15	1.00	1.00	0.17	0.02	0	|	rapi	0.15	0.17	0	|	-2.0	0.17(-2)	0.17(-2)	|	9665	
9535	41	ok	|	0.16	1.00	1.00	0.18	0.02	0	|	rapi	0.16	0.18	0	|	-2.0	0.18(-2)	0.18(-2)	|	9665	
9535	42	ok	|	0.18	1.00	1.00	0.19	0.02	0	|	rapi	0.18	0.19	0	|	-2.0	0.19(-2)	0.19(-2)	|	9665	
9535	43	ok	|	0.19	1.00	1.00	0.20	0.03	0	|	rapi	0.19	0.20	0	|	-2.0	0.20(-2)	0.20(-2)	|	9665	
9535	44	ok	|	0.18	1.00	1.00	0.19	0.02	0	|	rapi	0.18	0.19	0	|	-2.0	0.19(-2)	0.19(-2)	|	9665	
9535	45	ok	|	0.19	1.00	1.00	0.20	0.03	0	|	rapi	0.19	0.20	0	|	-2.0	0.20(-2)	0.20(-2)	|	9665	
9535	46	ok	|	0.18	1.00	1.00	0.20	0.02	0	|	rapi	0.18	0.20	0	|	-2.0	0.20(-2)	0.20(-2)	|	9665	
9535	47	ok	|	0.18	1.00	1.00	0.19	0.02	0	|	rapi	0.18	0.19	0	|	-2.0	0.19(-2)	0.19(-2)	|	9665	
9535	48	ok	|	0.18	1.00	1.00	0.19	0.02	0	|	rapi	0.18	0.19	0	|	-2.0	0.19(-2)	0.19(-2)	|	9665	
9535	49	ok	|	0.15	1.00	1.00	0.16	0.02	0	|	rapi	0.15	0.16	0	|	-2.0	0.16(-2)	0.16(-2)	|	9665	
9535	50	ok	|	0.14	1.00	1.00	0.14	0.02	0	|	rapi	0.14	0.14	0	|	-2.0	0.14(-2)	0.14(-2)	|	9665	
9535	51	ok	|	0.12	1.00	1.00	0.13	0.02	0	|	rapi	0.12	0.13	0	|	-2.0	0.13(-2)	0.13(-2)	|	9665	
9535	52	ok	|	0.11	1.00	1.00	0.13	0.02	0	|	rapi	0.11	0.13	0	|	-2.0	0.13(-2)	0.13(-2)	|	9665	
9535	53	ok	|	0.11	1.00	1.00	0.12	0.02	0	|	rapi	0.11	0.12	0	|	-2.0	0.12(-2)	0.12(-2)	|	9665	
9535	54	ok	|	0.10	1.00	1.00	0.11	0.02	0	|	rapi	0.10	0.11	0	|	-2.0	0.11(-2)	0.11(-2)	|	9665	
9535	55	ok	|	0.10	1.00	1.00	0.11	0.02	0	|	rapi	0.10	0.11	0	|	-2.0	0.11(-2)	0.11(-2)	|	9665	
9535	56	ok	|	0.09	1.00	1.00	0.10	0.02	0	|	rapi	0.09	0.10	0	|	-2.0	0.10(-2)	0.10(-2)	|	9665	
9535	57	ok	|	0.08	1.00	1.00	0.08	0.01	0	|	rapi	0.08	0.08	0	|	-2.0	0.08(-2)	0.08(-2)	|	9665	
9535	58	ok	|	0.09	1.00	1.00	0.09	0.02	0	|	rapi	0.09	0.09	0	|	-2.0	0.09(-2)	0.09(-2)	|	9665	
9535	59	ok	|	0.09	1.00	1.00	0.09	0.02	0	|	rapi	0.09	0.09	0	|	-2.0	0.09(-2)	0.09(-2)	|	9665	
9535	60	ok	|	0.08	1.00	1.00	0.08	0.01	0	|	rapi	0.08	0.08	0	|	-2.0	0.08(-2)	0.08(-2)	|	9665	
9535	61	ok	|	0.06	1.00	1.00	0.06	0.01	0	|	rapi	0.06	0.06	0	|	-2.0	0.06(-2)	0.06(-2)	|	9665	
9535	62	ok	|	0.06	1.00	1.00	0.06	0.01	0	|	rapi	0.06	0.06	0	|	-2.0	0.06(-2)	0.06(-2)	|	9665	
9535	63	ok	|	0.06	1.00	1.00	0.06	0.01	0	|	rapi	0.06	0.06	0	|	-2.0	0.06(-2)	0.06(-2)	|	9665	
9535	64	ok	|	0.05	1.00	1.00	0.05	0.01	0	|	rapi	0.05	0.05	0	|	-2.0	0.05(-2)	0.05(-2)	|	9665	
9535	65	ok	|	0.05	1.00	1.00	0.05	0.01	0	|	rapi	0.05	0.05	0	|	-2.0	0.05(-2)	0.05(-2)	|	9665	
9535	66	ok	|	0.04	1.00	1.00	0.04	0.01	0	|	rapi	0.04	0.04	0	|	-2.0	0.04(-2)	0.04(-2)	|	9665	
9535	67	ok	|	0.04	1.00	1.00	0.04	0.01	0	|	rapi	0.04	0.04	0	|	-2.0	0.04(-2)	0.04(-2)	|	9665	
9535	68	ok	|	0.05	1.00	1.00	0.05	0.01	0	|	rapi	0.05	0.05	0	|	-2.0	0.05(-2)	0.05(-2)	|	9665	
9535	69	ok	|	0.05	1.00	1.00	0.05	0.01	0	|	rapi	0.05	0.05	0	|	-2.0	0.05(-2)	0.05(-2)	|	9665	
9535	70	ok	|	0.06	1.00	1.00	0.06	0.01	0	|	rapi	0.06	0.06	0	|	-2.0	0.06(-2)	0.06(-2)	|	9665	
9535	71	ok	|	0.06	1.00	1.00	0.06	0.01	0	|	rapi	0.06	0.06	0	|	-2.0	0.06(-2)	0.06(-2)	|	9665	
9535	72	ok	|	0.05	1.00	1.00	0.05	0.01	0	|	rapi	0.05	0.05	0	|	-2.0	0.05(-2)	0.05(-2)	|	9665	
9535	73	ok	|	0.05	1.00	1.00	0.05	0.01	0	|	rapi	0.05	0.05	0	|	-2.0	0.05(-2)	0.05(-2)	|	9665	
9535	74	ok	|	0.06	1.00	1.00	0.06	0.01	0	|	rapi	0.06	0.06	0	|	-2.0	0.06(-2)	0.06(-2)	|	9665	
9535	75	ok	|	0.07	1.00	1.00	0.07	0.01	0	|	rapi	0.07	0.07	0	|	-2.0	0.07(-2)	0.07(-2)	|	9665	
9535	76	ok	|	0.06	1.00	1.00	0.06	0.01	0	|	rapi	0.06	0.06	0	|	-2.0	0.06(-2)	0.06(-2)	|	9665	
9535	77	ok	|	0.06	1.00	1.00	0.06	0.01	0	|	rapi	0.06	0.06	0	|	-2.0	0.06(-2)	0.06(-2)	|	9665	
9535	78	ok	|	0.06	1.00	1.00	0.07	0.01	0	|	rapi	0.06	0.07	0	|	-2.0	0.07(-2)	0.07(-2)	|	9665	
9535	79	ok	|	0.07	1.00	1.00	0.07	0.01	0	|	rapi	0.07	0.07	0	|	-2.0	0.07(-2)	0.07(-2)	|	9665	
9535	80	ok	|	0.06	1.00	1.00	0.06	0.01	0	|	rapi	0.06	0.06	0	|	-2.0	0.06(-2)	0.06(-2)	|	9665	
9535	81	ok	|	0.05	1.00	1.00	0.05	0.01	0	|	rapi	0.05	0.05	0	|	-2.0	0.05(-2)	0.05(-2)	|	9665	
9535	82	ok	|	0.04	1.00	1.00	0.04	0.01	0	|	rapi	0.04	0.04	0	|	-2.0	0.04(-2)	0.04(-2)	|	9665	
9535	83	ok	|	0.04	1.00	1.00	0.04	0.01	0	|	rapi	0.04	0.04	0	|	-2.0	0.04(-2)	0.04(-2)	|	9665	
9535	84	ok	|	0.04	1.00	1.00	0.04	0.01	0	|	rapi	0.04	0.04	0	|	-2.0	0.04(-2)	0.04(-2)	|	9665	
9535	85	ok	|	0.06	1.00	1.00	0.06	0.01	0	|	rapi	0.06	0.06	0	|	-2.0	0.06(-2)	0.06(-2)	|	9665	
9535	86	ok	|	0.07	1.00	1.00	0.07	0.01	0	|	rapi	0.07	0.07	0	|	-2.0	0.07(-2)	0.07(-2)	|	9665	
9535	87	ok	|	0.08	1.00	1.00	0.09	0.01	0	|	rapi	0.08	0.09	0	|	-2.0	0.09(-2)	0.09(-2)	|	9665	
9535	88	ok	|	0.09	1.00	1.00	0.09	0.01	0	|	rapi	0.09	0.09	0	|	-2.0	0.09(-2)	0.09(-2)	|	9665	
9535	89	ok	|	0.08	1.00	1.00	0.08	0.01	0	|	rapi	0.08	0.08	0	|	-2.0	0.08(-2)	0.08(-2)	|	9665	
9535	90	ok	|	0.07	1.00	1.00	0.08	0.01	0	|	rapi	0.07	0.08	0	|	-2.0	0.08(-2)	0.08(-2)	|	9665	
9535	91	ok	|	0.08	1.00	1.00	0.08	0.01	0	|	rapi	0.08	0.08	0	|	-2.0	0.08(-2)	0.08(-2)	|	9665	
9535	92	ok	|	0.08	1.00	1.00	0.08	0.01	0	|	rapi	0.08	0.08	0	|	-2.0	0.08(-2)	0.08(-2)	|	9665	
9535	93	ok	|	0.07	1.00	1.00	0.08	0.01	0	|	rapi	0.07	0.08	0	|	-2.0	0.08(-2)	0.08(-2)	|	9665	
9535	94	ok	|	0.07	1.00	1.00	0.07	0.01	0	|	rapi	0.07	0.07	0	|	-2.0	0.07(-2)	0.07(-2)	|	9665	
9535	95	ok	|	0.06	1.00	1.00	0.06	0.01	0	|	rapi	0.06	0.06	0	|	-2.0	0.06(-2)	0.06(-2)	|	9665	
9535	96	ok	|	0.06	1.00	1.00	0.06	0.01	0	|	rapi	0.06	0.06	0	|	-2.0	0.06(-2)	0.06(-2)	|	9665	
9535	97	ok	|	0.06	1.00	1.00	0.06	0.01	0	|	rapi	0.06	0.06	0	|	-2.0	0.06(-2)	0.06(-2)	|	9665	
9535	98	ok	|	0.05	1.00	1.00	0.05	0.01	0	|	rapi	0.05	0.05	0	|	-2.0	0.05(-2)	0.05(-2)	|	9665	
9535	99	ok	|	0.04	1.00	1.00	0.05	0.01	0	|	rapi	0.04	0.05	0	|	-2.0	0.05(-2)	0.05(-2)	|	9665	
9535	100	ok	|	0.05	1.00	1.00	0.05	0.01	0	|	rapi	0.05	0.05	0	|	-2.0	0.05(-2)	0.05(-2)	|	9665	
9535	101	ok	|	0.05	1.00	1.00	0.05	0.01	0	|	rapi	0.05	0.05	0	|	-2.0	0.05(-2)	0.05(-2)	|	9665	
9535	102	ok	|	0.04	1.00	1.00	0.04	0.01	0	|	rapi	0.04	0.04	0	|	-2.0	0.04(-2)	0.04(-2)	|	9665	
9535	103	ok	|	0.04	1.00	1.00	0.04	0.01	0	|	rapi	0.04	0.04	0	|	-2.0	0.04(-2)	0.04(-2)	|	9665	
9535	104	ok	|	0.05	1.00	1.00	0.05	0.01	0	|	rapi	0.05	0.05	0	|	-2.0	0.05(-2)	0.05(-2)	|	9665	
9535	105	ok	|	0.04	1.00	1.00	0.04	0.01	0	|	rapi	0.04	0.04	0	|	-2.0	0.04(-2)	0.04(-2)	|	9665	
9535	106	ok	|	0.03	1.00	1.00	0.03	0.01	0	|	rapi	0.03	0.03	0	|	-2.0	0.03(-2)	0.03(-2)	|	9665	
9535	107	ok	|	0.03	1.00	1.00	0.03	0.01	0	|	rapi	0.03	0.03	0	|	-2.0	0.03(-2)	0.03(-2)	|	9665	
9535	108	ok	|	0.03	1.00	1.00	0.03	0.01	0	|	rapi	0.03	0.03	0	|	-2.0	0.03(-2)	0.03(-2)	|	9665	
9535	109	ok	|	0.03	1.00	1.00	0.03	0.01	0	|	rapi	0.03	0.03	0	|	-2.0	0.03(-2)	0.03(-2)	|	9665	
9535	110	ok	|	0.04	1.00	1.00	0.04	0.01	0	|	rapi	0.04	0.04	0	|	-2.0	0.04(-2)	0.04(-2)	|	9665	
9535	111	ok	|	0.04	1.00	1.00	0.04	0.01	0	|	rapi	0.04	0.04	0	|	-2.0	0.04(-2)	0.04(-2)	|	9665	
9535	112	ok	|	0.04	1.00	1.00	0.04	0.01	0	|	rapi	0.04	0.04	0	|	-2.0	0.04(-2)	0.04(-2)	|	9665	
9535	113	ok	|	0.04	1.00	1.00	0.04	0.01	0	|	rapi	0.04	0.04	0	|	-2.0	0.04(-2)	0.04(-2)	|	9665	
9535	114	ok	|	0.05	1.00	1.00	0.05	0.01	0	|	rapi	0.05	0.05	0	|	-2.0	0.05(-2)	0.05(-2)	|	9665	
9535	115	ok	|	0.04	1.00	1.00	0.04	0.01	0	|	rapi	0.04	0.04	0	|	-2.0	0.04(-2)	0.04(-2)	|	9665	
9535	116	ok	|	0.05	1.00	1.00	0.05	0.01	0	|	rapi	0.05	0.05	0	|	-2.0	0.05(-2)	0.05(-2)	|	9665	
9535	117	ok	|	0.04	1.00	1.00	0.04	0.02	0	|	rapi	0.04	0.04	0	|	-2.0	0.04(-2)	0.04(-2)	|	9665	
9535	118	ok	|	0.06	1.00	1.00	0.06	0.03	0	|	rapi	0.06	0.06	0	|	-2.0	0.06(-2)	0.06(-2)	|	9665	
9535	119	ok	|	0.06	1.00	1.00	0.06	0.03	0	|	rapi	0.06	0.06	0	|	-2.0	0.06(-2)	0.06(-2)	|	9665	
9535	120	ok	|	0.05	1.00	1.00	0.05	0.03	0	|	rapi	0.05	0.05	0	|	-2.0	0.05(-2)	0.05(-2)	|	9665	
9535	121	ok	|	0.06	1.00	1.00	0.06	0.03	0	|	rapi	0.06	0.06	0	|	-2.0	0.06(-2)	0.06(-2)	|	9665	
9535	122	ok	|	0.06	1.00	1.00	0.06	0.03	0	|	rapi	0.06	0.06	0	|	-2.0	0.06(-2)	0.06(-2)	|	9665	
9535	123	ok	|	0.05	1.00	1.00	0.05	0.03	0	|	rapi	0.05	0.05	0	|	-2.0	0.05(-2)	0.05(-2)	|	9665	
9535	124	ok	|	0.06	1.00	1.00	0.06	0.03	0	|	rapi	0.06	0.06	0	|	-2.0	0.06(-2)	0.06(-2)	|	9665	
9535	125	ok	|	0.06	1.00	1.00	0.06	0.03	0	|	rapi	0.06	0.06	0	|	-2.0	0.06(-2)	0.06(-2)	|	9665	
9535	126	ok	|	0.06	1.00	1.00	0.06	0.03	0	|	rapi	0.06	0.06	0	|	-2.0	0.06(-2)	0.06(-2)	|	9665	
9535	127	ok	|	0.06	1.00	1.00	0.06	0.03	0	|	rapi	0.06	0.06	0	|	-2.0	0.06(-2)	0.06(-2)	|	9665	
9535	128	ok	|	0.06	1.00	1.00	0.06	0.03	0	|	rapi	0.06	0.06	0	|	-2.0	0.06(-2)	0.06(-2)	|	9665	
9535	129	ok	|	0.05	1.00	1.00	0.05	0.03	0	|	rapi	0.05	0.05	0	|	-2.0	0.05(-2)	0.05(-2)	|	9665	
9535	130	ok	|	0.06	1.00	1.00	0.06	0.03	0	|	rapi	0.06	0.06	0	|	-2.0	0.06(-2)	0.06(-2)	|	9665	
9535	131	ok	|	0.05	1.00	1.00	0.06	0.03	0	|	rapi	0.05	0.06	0	|	-2.0	0.06(-2)	0.06(-2)	|	9665	
9535	132	ok	|	0.06	1.00	1.00	0.06	0.03	0	|	rapi	0.06	0.06	0	|	-2.0	0.06(-2)	0.06(-2)	|	9665	
9535	133	ok	|	0.05	1.00	1.00	0.06	0.03	0	|	rapi	0.05	0.06	0	|	-2.0	0.06(-2)	0.06(-2)	|	9665	
9535	134	ok	|	0.06	1.00	1.00	0.06	0.03	0	|	rapi	0.06	0.06	0	|	-2.0	0.06(-2)	0.06(-2)	|	9665	
9535	135	ok	|	0.07	1.00	1.00	0.07	0.04	0	|	rapi	0.07	0.07	0	|	-2.0	0.07(-2)	0.07(-2)	|	9665	
9535	136	ok	|	0.06	1.00	1.00	0.07	0.03	0	|	rapi	0.06	0.07	0	|	-2.0	0.07(-2)	0.07(-2)	|	9665	
9535	137	ok	|	0.06	1.00	1.00	0.06	0.03	0	|	rapi	0.06	0.06	0	|	-2.0	0.06(-2)	0.06(-2)	|	9665	
9535	138	ok	|	0.06	1.00	1.00	0.06	0.03	0	|	rapi	0.06	0.06	0	|	-2.0	0.06(-2)	0.06(-2)	|	9665	
9535	139	ok	|	0.05	1.00	1.00	0.05	0.03	0	|	rapi	0.05	0.05	0	|	-2.0	0.05(-2)	0.05(-2)	|	9665	
9535	140	ok	|	0.05	1.00	1.00	0.05	0.03	0	|	rapi	0.05	0.05	0	|	-2.0	0.05(-2)	0.05(-2)	|	9665	
9535	141	ok	|	0.06	1.00	1.00	0.06	0.03	0	|	rapi	0.06	0.06	0	|	-2.0	0.06(-2)	0.06(-2)	|	9665	
9535	142	ok	|	0.06	1.00	1.00	0.06	0.03	0	|	rapi	0.06	0.06	0	|	-2.0	0.06(-2)	0.06(-2)	|	9665	
9535	143	ok	|	0.05	1.00	1.00	0.05	0.03	0	|	rapi	0.05	0.05	0	|	-2.0	0.05(-2)	0.05(-2)	|	9665	
9535	144	ok	|	0.06	1.00	1.00	0.06	0.03	0	|	rapi	0.06	0.06	0	|	-2.0	0.06(-2)	0.06(-2)	|	9665	
9535	145	ok	|	0.06	1.00	1.00	0.06	0.03	0	|	rapi	0.06	0.06	0	|	-2.0	0.06(-2)	0.06(-2)	|	9665	
9535	146	ok	|	0.05	1.00	1.00	0.06	0.03	0	|	rapi	0.05	0.06	0	|	-2.0	0.06(-2)	0.06(-2)	|	9665	
9535	147	ok	|	0.06	1.00	1.00	0.06	0.03	0	|	rapi	0.06	0.06	0	|	-2.0	0.06(-2)	0.06(-2)	|	9665	
9535	148	ok	|	0.05	1.00	1.00	0.05	0.03	0	|	rapi	0.05	0.05	0	|	-2.0	0.05(-2)	0.05(-2)	|	9665	
9535	149	ok	|	0.05	1.00	1.00	0.05	0.03	0	|	rapi	0.05	0.05	0	|	-2.0	0.05(-2)	0.05(-2)	|	9665	
9535	150	ok	|	0.04	1.00	1.00	0.04	0.02	0	|	rapi	0.04	0.04	0	|	-2.0	0.04(-2)	0.04(-2)	|	9665	
9535	151	ok	|	0.05	1.00	1.00	0.05	0.03	0	|	rapi	0.05	0.05	0	|	-2.0	0.05(-2)	0.05(-2)	|	9665	
9535	152	ok	|	0.06	1.00	1.00	0.06	0.03	0	|	rapi	0.06	0.06	0	|	-2.0	0.06(-2)	0.06(-2)	|	9665	
9535	153	ok	|	0.06	1.00	1.00	0.06	0.03	0	|	rapi	0.06	0.06	0	|	-2.0	0.06(-2)	0.06(-2)	|	9665	
9535	154	ok	|	0.06	1.00	1.00	0.06	0.03	0	|	rapi	0.06	0.06	0	|	-2.0	0.06(-2)	0.06(-2)	|	9665	
9535	155	ok	|	0.05	1.00	1.00	0.05	0.03	0	|	rapi	0.05	0.05	0	|	-2.0	0.05(-2)	0.05(-2)	|	9665	
9535	156	ok	|	0.05	1.00	1.00	0.05	0.03	0	|	rapi	0.05	0.05	0	|	-2.0	0.05(-2)	0.05(-2)	|	9665	
9535	157	ok	|	0.06	1.00	1.00	0.06	0.03	0	|	rapi	0.06	0.06	0	|	-2.0	0.06(-2)	0.06(-2)	|	9665	
9535	158	ok	|	0.06	1.00	1.00	0.06	0.03	0	|	rapi	0.06	0.06	0	|	-2.0	0.06(-2)	0.06(-2)	|	9665	
9535	159	ok	|	0.06	1.00	1.00	0.07	0.03	0	|	rapi	0.06	0.07	0	|	-2.0	0.07(-2)	0.07(-2)	|	9665	
9535	160	ok	|	0.05	1.00	1.00	0.05	0.03	0	|	rapi	0.05	0.05	0	|	-2.0	0.05(-2)	0.05(-2)	|	9665	
9535	161	ok	|	0.05	1.00	1.00	0.05	0.03	0	|	rapi	0.05	0.05	0	|	-2.0	0.05(-2)	0.05(-2)	|	9665	
9535	162	ok	|	0.05	1.00	1.00	0.05	0.02	0	|	rapi	0.05	0.05	0	|	-2.0	0.05(-2)	0.05(-2)	|	9665	
9535	163	ok	|	0.05	1.00	1.00	0.05	0.03	0	|	rapi	0.05	0.05	0	|	-2.0	0.05(-2)	0.05(-2)	|	9665	
9535	164	ok	|	0.06	1.00	1.00	0.06	0.03	0	|	rapi	0.06	0.06	0	|	-2.0	0.06(-2)	0.06(-2)	|	9665	
9535	165	ok	|	0.06	1.00	1.00	0.06	0.03	0	|	rapi	0.06	0.06	0	|	-2.0	0.06(-2)	0.06(-2)	|	9665	
9535	166	ok	|	0.05	1.00	1.00	0.05	0.03	0	|	rapi	0.05	0.05	0	|	-2.0	0.05(-2)	0.05(-2)	|	9665	
9535	167	ok	|	0.06	1.00	1.00	0.06	0.03	0	|	rapi	0.06	0.06	0	|	-2.0	0.06(-2)	0.06(-2)	|	9665	
9535	168	ok	|	0.05	1.00	1.00	0.05	0.03	0	|	rapi	0.05	0.05	0	|	-2.0	0.05(-2)	0.05(-2)	|	9665	
9535	169	ok	|	0.05	1.00	1.00	0.06	0.03	0	|	rapi	0.05	0.06	0	|	-2.0	0.06(-2)	0.06(-2)	|	9665	
9535	170	ok	|	0.06	1.00	1.00	0.06	0.03	0	|	rapi	0.06	0.06	0	|	-2.0	0.06(-2)	0.06(-2)	|	9665	
9535	171	ok	|	0.06	1.00	1.00	0.06	0.03	0	|	rapi	0.06	0.06	0	|	-2.0	0.06(-2)	0.06(-2)	|	9665	
9535	172	ok	|	0.05	1.00	1.00	0.05	0.02	0	|	rapi	0.05	0.05	0	|	-2.0	0.05(-2)	0.05(-2)	|	9665	
9535	173	ok	|	0.04	1.00	1.00	0.04	0.02	0	|	rapi	0.04	0.04	0	|	-2.0	0.04(-2)	0.04(-2)	|	9665	
9535	174	ok	|	0.04	1.00	1.00	0.04	0.02	0	|	rapi	0.04	0.04	0	|	-2.0	0.04(-2)	0.04(-2)	|	9665	
9535	175	ok	|	0.04	1.00	1.00	0.04	0.02	0	|	rapi	0.04	0.04	0	|	-2.0	0.04(-2)	0.04(-2)	|	9665	
9535	176	ok	|	0.04	1.00	1.00	0.04	0.02	0	|	rapi	0.04	0.04	0	|	-2.0	0.04(-2)	0.04(-2)	|	9665	
9535	177	ok	|	0.04	1.00	1.00	0.04	0.02	0	|	rapi	0.04	0.04	0	|	-2.0	0.04(-2)	0.04(-2)	|	9665	
9535	178	ok	|	0.05	1.00	1.00	0.05	0.03	0	|	rapi	0.05	0.05	0	|	-2.0	0.05(-2)	0.05(-2)	|	9665	
9535	179	ok	|	0.05	1.00	1.00	0.05	0.03	0	|	rapi	0.05	0.05	0	|	-2.0	0.05(-2)	0.05(-2)	|	9665	
9535	180	ok	|	0.05	1.00	1.00	0.05	0.02	0	|	rapi	0.05	0.05	0	|	-2.0	0.05(-2)	0.05(-2)	|	9665	
9535	181	ok	|	0.05	1.00	1.00	0.05	0.03	0	|	rapi	0.05	0.05	0	|	-2.0	0.05(-2)	0.05(-2)	|	9665	
9535	182	ok	|	0.05	1.00	1.00	0.06	0.03	0	|	rapi	0.05	0.06	0	|	-2.0	0.06(-2)	0.06(-2)	|	9665	
9535	183	ok	|	0.07	1.00	1.00	0.07	0.03	0	|	rapi	0.07	0.07	0	|	-2.0	0.07(-2)	0.07(-2)	|	9665	
9535	184	ok	|	0.06	1.00	1.00	0.06	0.03	0	|	rapi	0.06	0.06	0	|	-2.0	0.06(-2)	0.06(-2)	|	9665	
9535	185	ok	|	0.04	1.00	1.00	0.04	0.02	0	|	rapi	0.04	0.04	0	|	-2.0	0.04(-2)	0.04(-2)	|	9665	
9535	186	ok	|	0.04	1.00	1.00	0.05	0.02	0	|	rapi	0.04	0.05	0	|	-2.0	0.05(-2)	0.05(-2)	|	9665	
9535	187	ok	|	0.04	1.00	1.00	0.04	0.02	0	|	rapi	0.04	0.04	0	|	-2.0	0.04(-2)	0.04(-2)	|	9665	
9535	188	ok	|	0.04	1.00	1.00	0.04	0.02	0	|	rapi	0.04	0.04	0	|	-2.0	0.04(-2)	0.04(-2)	|	9665	
9535	189	ok	|	0.03	1.00	1.00	0.03	0.02	0	|	rapi	0.03	0.03	0	|	-2.0	0.03(-2)	0.03(-2)	|	9665	
9535	190	ok	|	0.03	1.00	1.00	0.03	0.01	0	|	rapi	0.03	0.03	0	|	-2.0	0.03(-2)	0.03(-2)	|	9665	
9535	191	ok	|	0.02	1.00	1.00	0.02	0.01	0	|	rapi	0.02	0.02	0	|	-2.0	0.02(-2)	0.02(-2)	|	9665	
9535	192	ok	|	0.02	1.00	1.00	0.02	0.01	0	|	rapi	0.02	0.02	0	|	-2.0	0.02(-2)	0.02(-2)	|	9665	
9535	193	ok	|	0.03	1.00	1.00	0.03	0.01	0	|	rapi	0.03	0.03	0	|	-2.0	0.03(-2)	0.03(-2)	|	9665	
9535	194	ok	|	0.02	1.00	1.00	0.02	0.01	0	|	rapi	0.02	0.02	0	|	-2.0	0.02(-2)	0.02(-2)	|	9665	
9535	195	ok	|	0.03	1.00	1.00	0.03	0.01	0	|	rapi	0.03	0.03	0	|	-2.0	0.03(-2)	0.03(-2)	|	9665	
9535	196	ok	|	0.03	1.00	1.00	0.03	0.02	0	|	rapi	0.03	0.03	0	|	-2.0	0.03(-2)	0.03(-2)	|	9665	
9535	197	ok	|	0.03	1.00	1.00	0.03	0.02	0	|	rapi	0.03	0.03	0	|	-2.0	0.03(-2)	0.03(-2)	|	9665	
9535	198	ok	|	0.03	1.00	1.00	0.03	0.01	0	|	rapi	0.03	0.03	0	|	-2.0	0.03(-2)	0.03(-2)	|	9665	
9535	199	ok	|	0.03	1.00	1.00	0.03	0.01	0	|	rapi	0.03	0.03	0	|	-2.0	0.03(-2)	0.03(-2)	|	9665	
9535	200	ok	|	0.02	1.00	1.00	0.02	0.01	0	|	rapi	0.02	0.02	0	|	-2.0	0.02(-2)	0.02(-2)	|	9665	
9535	201	ok	|	0.01	1.00	1.00	0.01	0.01	0	|	rapi	0.01	0.01	0	|	-2.0	0.01(-2)	0.01(-2)	|	9665	
9535	202	ok	|	0.01	1.00	1.00	0.01	0.01	0	|	rapi	0.01	0.01	0	|	-2.0	0.01(-2)	0.01(-2)	|	9665	
9535	203	ok	|	0.01	1.00	1.00	0.01	0.01	0	|	rapi	0.01	0.01	0	|	-2.0	0.01(-2)	0.01(-2)	|	9665	
9535	204	ok	|	0.01	1.00	1.00	0.01	0.01	0	|	rapi	0.01	0.01	0	|	-2.0	0.01(-2)	0.01(-2)	|	9665	
9535	205	ok	|	0.01	1.00	1.00	0.01	0.00	0	|	rapi	0.01	0.01	0	|	-2.0	0.01(-2)	0.01(-2)	|	9665	
9535	206	ok	|	0.00	1.00	1.00	0.00	0.00	0	|	rapi	0.00	0.00	0	|	-2.0	0.00(-2)	0.00(-2)	|	9665	
9535	207	ok	|	0.01	1.00	1.00	0.01	0.00	0	|	rapi	0.01	0.01	0	|	-2.0	0.01(-2)	0.01(-2)	|	9665	
9535	208	ok	|	0.01	1.00	1.00	0.01	0.00	0	|	rapi	0.01	0.01	0	|	-2.0	0.01(-2)	0.01(-2)	|	9665	
9535	209	ok	|	0.00	1.00	1.00	0.00	0.00	0	|	rapi	0.00	0.00	0	|	-2.0	0.00(-2)	0.00(-2)	|	9665	
9535	210	ok	|	0.01	1.00	1.00	0.01	0.00	0	|	rapi	0.01	0.01	0	|	-2.0	0.01(-2)	0.01(-2)	|	9665	
9535	211	ok	|	0.01	1.00	1.00	0.01	0.01	0	|	rapi	0.01	0.01	0	|	-2.0	0.01(-2)	0.01(-2)	|	9665	
9535	212	ok	|	0.01	1.00	1.00	0.01	0.01	0	|	rapi	0.01	0.01	0	|	-2.0	0.01(-2)	0.01(-2)	|	9665	
9535	213	ok	|	0.01	1.00	1.00	0.01	0.01	0	|	rapi	0.01	0.01	0	|	-2.0	0.01(-2)	0.01(-2)	|	9665	
9535	214	ok	|	0.02	1.00	1.00	0.02	0.01	0	|	rapi	0.02	0.02	0	|	-2.0	0.02(-2)	0.02(-2)	|	9665	
9535	215	ok	|	0.02	1.00	1.00	0.02	0.01	0	|	rapi	0.02	0.02	0	|	-2.0	0.02(-2)	0.02(-2)	|	9665	
9535	216	ok	|	0.02	1.00	1.00	0.02	0.01	0	|	rapi	0.02	0.02	0	|	-2.0	0.02(-2)	0.02(-2)	|	9665	
9535	217	ok	|	0.01	1.00	1.00	0.01	0.01	0	|	rapi	0.01	0.01	0	|	-2.0	0.01(-2)	0.01(-2)	|	9665	
9535	218	ok	|	0.02	1.00	1.00	0.02	0.01	0	|	rapi	0.02	0.02	0	|	-2.0	0.02(-2)	0.02(-2)	|	9665	
9535	219	ok	|	0.01	1.00	1.00	0.01	0.01	0	|	rapi	0.01	0.01	0	|	-2.0	0.01(-2)	0.01(-2)	|	9665	
9535	220	ok	|	0.01	1.00	1.00	0.01	0.01	0	|	rapi	0.01	0.01	0	|	-2.0	0.01(-2)	0.01(-2)	|	9665	
9535	221	ok	|	0.01	1.00	1.00	0.01	0.01	0	|	rapi	0.01	0.01	0	|	-2.0	0.01(-2)	0.01(-2)	|	9665	
9535	222	ok	|	0.02	1.00	1.00	0.02	0.01	0	|	rapi	0.02	0.02	0	|	-2.0	0.02(-2)	0.02(-2)	|	9665	
9535	223	ok	|	0.01	1.00	1.00	0.01	0.01	0	|	rapi	0.01	0.01	0	|	-2.0	0.01(-2)	0.01(-2)	|	9665	
9535	224	ok	|	0.01	1.00	1.00	0.01	0.01	0	|	rapi	0.01	0.01	0	|	-2.0	0.01(-2)	0.01(-2)	|	9665	
9535	225	ok	|	0.01	1.00	1.00	0.01	0.00	0	|	rapi	0.01	0.01	0	|	-2.0	0.01(-2)	0.01(-2)	|	9665	
9535	226	ok	|	0.01	1.00	1.00	0.01	0.00	0	|	rapi	0.01	0.01	0	|	-2.0	0.01(-2)	0.01(-2)	|	9665	
9535	227	ok	|	0.00	1.00	1.00	0.00	0.00	0	|	rapi	0.00	0.00	0	|	-2.0	0.00(-2)	0.00(-2)	|	9665	
9535	228	ok	|	0.00	1.00	1.00	0.00	0.00	0	|	rapi	0.00	0.00	0	|	-2.0	0.00(-2)	0.00(-2)	|	9665	
9535	229	ok	|	0.00	1.00	1.00	0.00	0.00	0	|	rapi	0.00	0.00	0	|	-2.0	0.00(-2)	0.00(-2)	|	9665	
9535	230	ok	|	0.00	1.00	1.00	0.00	0.00	0	|	rapi	0.00	0.00	0	|	-2.0	0.00(-2)	0.00(-2)	|	9665	
9535	231	ok	|	0.00	1.00	1.00	0.00	0.00	0	|	rapi	0.00	0.00	0	|	-2.0	0.00(-2)	0.00(-2)	|	9665	
9535	232	ok	|	0.00	1.00	1.00	0.00	0.00	0	|	rapi	0.00	0.00	0	|	-2.0	0.00(-2)	0.00(-2)	|	9665	
9535	233	ok	|	0.00	1.00	1.00	0.00	0.00	0	|	rapi	0.00	0.00	0	|	-2.0	0.00(-2)	0.00(-2)	|	9665	
9535	234	ok	|	0.00	1.00	1.00	0.00	0.00	0	|	rapi	0.00	0.00	0	|	-2.0	0.00(-2)	0.00(-2)	|	9665	
9535	235	ok	|	0.00	1.00	1.00	0.00	0.00	0	|	rapi	0.00	0.00	0	|	-2.0	0.00(-2)	0.00(-2)	|	9665	
9535	236	ok	|	0.00	1.00	1.00	0.00	0.00	0	|	rapi	0.00	0.00	0	|	-2.0	0.00(-2)	0.00(-2)	|	9665	
9535	237	ok	|	0.00	1.00	1.00	0.00	0.00	0	|	rapi	0.00	0.00	0	|	-2.0	0.00(-2)	0.00(-2)	|	9665	
9535	238	ok	|	0.01	1.00	1.00	0.01	0.00	0	|	rapi	0.01	0.01	0	|	-2.0	0.01(-2)	0.01(-2)	|	9665	
9535	239	ok	|	0.01	1.00	1.00	0.01	0.00	0	|	rapi	0.01	0.01	0	|	-2.0	0.01(-2)	0.01(-2)	|	9665	
9535	240	ok	|	0.01	1.00	1.00	0.01	0.00	0	|	rapi	0.01	0.01	0	|	-2.0	0.01(-2)	0.01(-2)	|	9665	
9535	241	ok	|	0.01	1.00	1.00	0.01	0.00	0	|	rapi	0.01	0.01	0	|	-2.0	0.01(-2)	0.01(-2)	|	9665	
9535	242	ok	|	0.01	1.00	1.00	0.01	0.00	0	|	rapi	0.01	0.01	0	|	-2.0	0.01(-2)	0.01(-2)	|	9665	
9535	243	ok	|	0.00	1.00	1.00	0.00	0.00	0	|	rapi	0.00	0.00	0	|	-2.0	0.00(-2)	0.00(-2)	|	9665	
9535	244	ok	|	0.01	1.00	1.00	0.01	0.00	0	|	rapi	0.01	0.01	0	|	-2.0	0.01(-2)	0.01(-2)	|	9665	
9535	245	ok	|	0.01	1.00	1.00	0.01	0.00	0	|	rapi	0.01	0.01	0	|	-2.0	0.01(-2)	0.01(-2)	|	9665	
9535	246	ok	|	0.01	1.00	1.00	0.01	0.00	0	|	rapi	0.01	0.01	0	|	-2.0	0.01(-2)	0.01(-2)	|	9665	
9535	247	ok	|	0.01	1.00	1.00	0.01	0.01	0	|	rapi	0.01	0.01	0	|	-2.0	0.01(-2)	0.01(-2)	|	9665	
9535	248	ok	|	0.02	1.00	1.00	0.02	0.01	0	|	rapi	0.02	0.02	0	|	-2.0	0.02(-2)	0.02(-2)	|	9665	
9535	249	ok	|	0.02	1.00	1.00	0.02	0.01	0	|	rapi	0.02	0.02	0	|	-2.0	0.02(-2)	0.02(-2)	|	9665	
9535	250	ok	|	0.02	1.00	1.00	0.02	0.01	0	|	rapi	0.02	0.02	0	|	-2.0	0.02(-2)	0.02(-2)	|	9665	
9535	251	ok	|	0.03	1.00	1.00	0.03	0.01	0	|	rapi	0.03	0.03	0	|	-2.0	0.03(-2)	0.03(-2)	|	9665	
9535	252	ok	|	0.03	1.00	1.00	0.03	0.01	0	|	rapi	0.03	0.03	0	|	-2.0	0.03(-2)	0.03(-2)	|	9665	
9535	253	ok	|	0.02	1.00	1.00	0.02	0.01	0	|	rapi	0.02	0.02	0	|	-2.0	0.02(-2)	0.02(-2)	|	9665	
9535	254	ok	|	0.02	1.00	1.00	0.02	0.01	0	|	rapi	0.02	0.02	0	|	-2.0	0.02(-2)	0.02(-2)	|	9665	
9535	255	ok	|	0.01	1.00	1.00	0.01	0.01	0	|	rapi	0.01	0.01	0	|	-2.0	0.01(-2)	0.01(-2)	|	9665	
9535	256	ok	|	0.01	1.00	1.00	0.01	0.01	0	|	rapi	0.01	0.01	0	|	-2.0	0.01(-2)	0.01(-2)	|	9665	
9535	257	ok	|	0.01	1.00	1.00	0.01	0.00	0	|	rapi	0.01	0.01	0	|	-2.0	0.01(-2)	0.01(-2)	|	9665	
9535	258	ok	|	0.01	1.00	1.00	0.01	0.00	0	|	rapi	0.01	0.01	0	|	-2.0	0.01(-2)	0.01(-2)	|	9665	
9535	259	ok	|	0.01	1.00	1.00	0.01	0.00	0	|	rapi	0.01	0.01	0	|	-2.0	0.01(-2)	0.01(-2)	|	9665	
9535	260	ok	|	0.01	1.00	1.00	0.01	0.00	0	|	rapi	0.01	0.01	0	|	-2.0	0.01(-2)	0.01(-2)	|	9665	
9535	261	ok	|	0.00	1.00	1.00	0.00	0.00	0	|	rapi	0.00	0.00	0	|	-2.0	0.00(-2)	0.00(-2)	|	9665	
9535	262	fail-0	|	0.00	1.00	1.00	0.00	NaN	0	|	rapi	0.00	0.00	0	|	NaN			|	9665	
