9593	0	ok	|	0.10	1.00	1.00	0.10	0.00	0	|	rapi	0.00	0.00	0	|	-77.0	0.10(-77)		|	3	
9593	1	ok	|	0.11	1.00	1.00	0.13	0.00	0	|	rapi	0.00	0.00	0	|	-77.0	0.13(-77)		|	3	
9593	2	ok	|	0.12	1.00	1.00	0.15	0.00	0	|	rapi	0.00	0.00	0	|	-77.0	0.15(-77)		|	3	
9593	3	ok	|	0.14	1.00	1.00	0.18	0.00	0	|	rapi	0.00	0.00	0	|	-77.0	0.18(-77)		|	3	
9593	4	ok	|	0.16	1.00	1.00	0.21	0.00	0	|	rapi	0.00	0.00	0	|	-77.0	0.21(-77)		|	3	
9593	5	ok	|	0.18	1.00	1.00	0.25	0.00	0	|	rapi	0.00	0.00	0	|	-77.0	0.25(-77)		|	3	
9593	6	ok	|	0.21	1.00	1.00	0.29	0.00	0	|	rapi	0.00	0.00	0	|	-77.0	0.29(-77)		|	3	
9593	7	ok	|	0.23	1.00	1.00	0.32	0.00	0	|	rapi	0.00	0.00	0	|	-77.0	0.32(-77)		|	3	
9593	8	ok	|	0.24	1.00	1.00	0.34	0.00	0	|	rapi	0.00	0.00	0	|	-77.0	0.34(-77)		|	3	
9593	9	ok	|	0.25	1.00	1.00	0.35	0.00	0	|	rapi	0.00	0.00	0	|	-77.0	0.35(-77)		|	3	
9593	10	ok	|	0.28	1.00	1.00	0.38	0.00	0	|	rapi	0.00	0.00	0	|	-77.0	0.38(-77)		|	3	
9593	11	ok	|	0.31	1.00	1.00	0.45	0.00	0	|	rapi	0.00	0.00	0	|	-77.0	0.45(-77)		|	3	
9593	12	ok	|	0.35	0.99	0.99	0.51	0.00	0	|	rapi	0.00	0.00	0	|	-77.0	0.51(-77)		|	3	
9593	13	ok	|	0.40	0.99	0.99	0.63	0.00	0	|	rapi	0.00	0.00	0	|	-77.0	0.63(-77)		|	3	
9593	14	ok	|	0.48	0.99	0.99	0.81	0.00	0	|	rapi	0.00	0.00	0	|	-77.0	0.81(-77)		|	3	
9593	15	ok	|	0.54	0.99	0.99	0.94	0.00	0	|	rapi	0.00	0.00	0	|	-77.0	0.94(-77)		|	3	
9593	16	ok	|	0.60	0.99	0.99	1.16	0.00	0	|	rapi	0.00	0.00	0	|	-77.0	1.16(-77)		|	3	
9593	17	ok	|	0.64	0.99	0.99	1.36	0.00	0	|	rapi	0.00	0.00	0	|	-77.0	1.36(-77)		|	3	
9593	18	ok	|	0.71	0.98	0.98	1.58	0.00	0	|	rapi	0.00	0.00	0	|	-77.0	1.58(-77)		|	3	
9593	19	ok	|	0.77	0.98	0.98	1.89	0.00	0	|	rapi	0.00	0.00	0	|	-77.0	1.89(-77)		|	3	
9593	20	ok	|	0.83	0.98	0.98	2.25	0.00	0	|	rapi	0.00	0.00	0	|	-77.0	2.25(-77)		|	3	
9593	21	ok	|	0.86	0.97	0.97	2.60	0.00	0	|	rapi	0.00	0.00	0	|	-77.0	2.60(-77)		|	3	
9593	22	ok	|	0.91	0.97	0.97	3.08	0.00	0	|	rapi	0.00	0.00	0	|	-77.0	3.08(-77)		|	3	
9593	23	ok	|	0.95	0.96	0.96	3.52	0.00	0	|	rapi	0.00	0.00	0	|	-77.0	3.52(-77)		|	3	
9593	24	ok	|	0.96	0.96	0.96	4.24	0.00	0	|	rapi	0.00	0.00	0	|	-77.0	4.24(-77)		|	3	
9593	25	ok	|	0.97	0.95	0.95	4.80	0.00	0	|	rapi	0.00	0.00	0	|	-77.0	4.80(-77)		|	3	
9593	26	ok	|	0.99	0.94	0.94	5.78	0.00	0	|	rapi	0.00	0.00	0	|	-77.0	5.78(-77)		|	3	
9593	27	ok	|	1.00	0.93	0.93	6.70	0.00	0	|	rapi	0.00	0.00	0	|	-77.0	6.70(-77)		|	3	
9593	28	ok	|	1.00	0.92	0.92	7.97	0.00	0	|	rapi	0.00	0.00	0	|	-77.0	7.97(-77)		|	3	
9593	29	ok	|	1.00	0.91	0.91	9.30	0.00	0	|	rapi	0.00	0.00	0	|	-77.0	9.30(-77)		|	3	
9593	30	ok	|	1.00	0.89	0.89	11.18	0.00	0	|	rapi	0.00	0.00	0	|	-77.0	11.18(-77)		|	3	
9593	31	ok	|	1.00	0.87	0.87	13.35	0.00	0	|	rapi	0.00	0.00	0	|	-77.0	13.35(-77)		|	3	
9593	32	ok	|	1.00	0.84	0.84	15.56	0.00	0	|	rapi	0.00	0.00	0	|	-77.0	15.56(-77)		|	3	
9593	33	ok	|	1.00	0.82	0.82	18.18	0.00	0	|	rapi	0.00	0.00	0	|	-77.0	18.18(-77)		|	3	
9593	34	ok	|	1.00	0.79	0.79	21.10	0.00	0	|	rapi	0.00	0.00	0	|	-77.0	21.10(-77)		|	3	
9593	35	ok	|	1.00	0.75	0.75	24.96	0.00	0	|	rapi	0.00	0.00	0	|	-77.0	24.96(-77)		|	3	
9593	36	ok	|	1.00	0.70	0.70	29.57	0.00	0	|	rapi	0.00	0.00	0	|	-77.0	29.57(-77)	0.00(-77)	|	3	
9593	37	ok	|	1.00	0.65	0.65	34.63	0.00	0	|	rapi	0.00	0.00	0	|	-77.0	34.63(-77)	0.00(-77)	|	3	
9593	38	ok	|	1.00	0.59	0.59	40.53	0.00	0	|	rapi	0.00	0.00	0	|	-77.0	40.53(-77)	0.00(-77)	|	3	
9593	39	ok	|	1.00	0.53	0.53	47.09	0.00	0	|	rapi	0.00	0.00	0	|	-77.0	47.09(-77)	0.00(-77)	|	3	
9593	40	ok	|	1.00	0.45	0.45	55.37	0.00	0	|	rapi	0.00	0.00	0	|	-77.0	55.37(-77)	0.00(-77)	|	3	
9593	41	ok	|	1.00	0.36	0.36	64.41	0.00	0	|	rapi	0.00	0.00	0	|	-77.0	64.41(-77)	0.00(-77)	|	3	
9593	42	ok	|	1.00	0.26	0.26	73.86	0.00	0	|	rapi	0.01	0.01	0	|	-77.0	73.86(-77)	0.01(-77)	|	3	
9593	43	ok	|	1.00	0.17	0.17	83.49	0.00	0	|	rapi	0.01	0.01	0	|	-77.0	83.49(-77)	0.01(-77)	|	3	
9593	44	fail-w	|	1.00	0.09	0.09	92.53	0.00	0	|	rapi	0.01	0.01	0	|	-77.0	92.53(-77)	0.01(-77)	|	3	
