9633	0	ok	|	0.10	1.00	1.00	0.10	0.00	0	|	rapi	0.00	0.00	0	|	-51.0	0.10(-51)		|	1	
9633	1	ok	|	0.10	1.00	1.00	0.11	0.00	0	|	rapi	0.00	0.00	0	|	-51.0	0.11(-51)		|	1	
9633	2	ok	|	0.09	1.00	1.00	0.11	0.00	0	|	rapi	0.00	0.00	0	|	-51.0	0.11(-51)		|	1	
9633	3	ok	|	0.09	1.00	1.00	0.12	0.00	0	|	rapi	0.00	0.00	0	|	-51.0	0.12(-51)		|	1	
9633	4	ok	|	0.10	1.00	1.00	0.16	0.00	0	|	rapi	0.00	0.00	0	|	-51.0	0.16(-51)		|	1	
9633	5	ok	|	0.12	1.00	1.00	0.17	0.00	0	|	rapi	0.00	0.00	0	|	-51.0	0.17(-51)		|	1	
9633	6	ok	|	0.14	1.00	1.00	0.18	0.00	0	|	rapi	0.00	0.00	0	|	-51.0	0.18(-51)		|	1	
9633	7	ok	|	0.16	1.00	1.00	0.23	0.00	0	|	rapi	0.00	0.00	0	|	-51.0	0.23(-51)		|	1	
9633	8	ok	|	0.19	1.00	1.00	0.27	0.00	0	|	rapi	0.00	0.00	0	|	-51.0	0.27(-51)		|	1	
9633	9	ok	|	0.22	1.00	1.00	0.32	0.00	0	|	rapi	0.00	0.00	0	|	-51.0	0.32(-51)		|	1	
9633	10	ok	|	0.22	1.00	1.00	0.34	0.00	0	|	rapi	0.00	0.00	0	|	-51.0	0.34(-51)		|	1	
9633	11	ok	|	0.26	1.00	1.00	0.41	0.00	0	|	rapi	0.00	0.00	0	|	-51.0	0.41(-51)		|	1	
9633	12	ok	|	0.31	1.00	1.00	0.48	0.00	0	|	rapi	0.00	0.00	0	|	-51.0	0.48(-51)		|	1	
9633	13	ok	|	0.37	0.99	0.99	0.59	0.00	0	|	rapi	0.00	0.00	0	|	-51.0	0.59(-51)		|	1	
9633	14	ok	|	0.41	0.99	0.99	0.69	0.00	0	|	rapi	0.00	0.00	0	|	-51.0	0.69(-51)		|	1	
9633	15	ok	|	0.46	0.99	0.99	0.81	0.00	0	|	rapi	0.00	0.00	0	|	-51.0	0.81(-51)		|	1	
9633	16	ok	|	0.54	0.99	0.99	1.00	0.00	0	|	rapi	0.00	0.00	0	|	-51.0	1.00(-51)		|	1	
9633	17	ok	|	0.57	0.99	0.99	1.17	0.00	0	|	rapi	0.00	0.00	0	|	-51.0	1.17(-51)		|	1	
9633	18	ok	|	0.64	0.99	0.99	1.35	0.00	0	|	rapi	0.00	0.00	0	|	-51.0	1.35(-51)		|	1	
9633	19	ok	|	0.71	0.98	0.98	1.62	0.00	0	|	rapi	0.00	0.00	0	|	-51.0	1.62(-51)		|	1	
9633	20	ok	|	0.76	0.98	0.98	1.92	0.00	0	|	rapi	0.00	0.00	0	|	-51.0	1.92(-51)		|	1	
9633	21	ok	|	0.83	0.98	0.98	2.36	0.00	0	|	rapi	0.00	0.00	0	|	-51.0	2.36(-51)		|	1	
9633	22	ok	|	0.86	0.97	0.97	2.73	0.00	0	|	rapi	0.00	0.00	0	|	-51.0	2.73(-51)		|	1	
9633	23	ok	|	0.91	0.97	0.97	3.22	0.00	0	|	rapi	0.00	0.00	0	|	-51.0	3.22(-51)		|	1	
9633	24	ok	|	0.95	0.96	0.96	3.85	0.00	0	|	rapi	0.00	0.00	0	|	-51.0	3.85(-51)		|	1	
9633	25	ok	|	0.96	0.96	0.96	4.42	0.00	0	|	rapi	0.00	0.00	0	|	-51.0	4.42(-51)		|	1	
9633	26	ok	|	0.97	0.95	0.95	5.03	0.00	0	|	rapi	0.00	0.00	0	|	-51.0	5.03(-51)		|	1	
9633	27	ok	|	0.99	0.94	0.94	5.93	0.00	0	|	rapi	0.00	0.00	0	|	-51.0	5.93(-51)		|	1	
9633	28	ok	|	1.00	0.93	0.93	6.92	0.00	0	|	rapi	0.00	0.00	0	|	-51.0	6.92(-51)		|	1	
9633	29	ok	|	1.00	0.92	0.92	8.18	0.00	0	|	rapi	0.00	0.00	0	|	-51.0	8.18(-51)		|	1	
9633	30	ok	|	1.00	0.90	0.90	9.57	0.00	0	|	rapi	0.00	0.00	0	|	-51.0	9.57(-51)		|	1	
9633	31	ok	|	1.00	0.88	0.88	11.51	0.00	0	|	rapi	0.00	0.00	0	|	-51.0	11.51(-51)		|	1	
9633	32	ok	|	1.00	0.86	0.86	13.63	0.00	0	|	rapi	0.00	0.00	0	|	-51.0	13.63(-51)		|	1	
9633	33	ok	|	1.00	0.84	0.84	15.77	0.00	0	|	rapi	0.00	0.00	0	|	-51.0	15.77(-51)		|	1	
9633	34	ok	|	1.00	0.81	0.81	18.54	0.00	0	|	rapi	0.00	0.00	0	|	-51.0	18.54(-51)		|	1	
9633	35	ok	|	1.00	0.78	0.78	21.71	0.00	0	|	rapi	0.00	0.00	0	|	-51.0	21.71(-51)		|	1	
9633	36	ok	|	1.00	0.75	0.75	25.41	0.00	0	|	rapi	0.00	0.00	0	|	-51.0	25.41(-51)	0.00(-51)	|	1	
9633	37	ok	|	1.00	0.70	0.70	29.88	0.00	0	|	rapi	0.00	0.00	0	|	-51.0	29.88(-51)		|	1	
9633	38	ok	|	1.00	0.65	0.65	35.27	0.00	0	|	rapi	0.00	0.00	0	|	-51.0	35.27(-51)		|	1	
9633	39	ok	|	1.00	0.59	0.59	41.23	0.00	0	|	rapi	0.00	0.00	0	|	-51.0	41.23(-51)		|	1	
9633	40	ok	|	1.00	0.52	0.52	47.95	0.00	0	|	rapi	0.00	0.00	0	|	-51.0	47.95(-51)		|	1	
9633	41	ok	|	1.00	0.45	0.45	55.30	0.00	0	|	rapi	0.00	0.00	0	|	-51.0	55.30(-51)	0.00(-51)	|	1	
9633	42	ok	|	1.00	0.37	0.37	63.38	0.00	0	|	rapi	0.00	0.00	0	|	-51.0	63.38(-51)		|	1	
9633	43	ok	|	1.00	0.27	0.27	73.01	0.00	0	|	rapi	0.00	0.00	0	|	-51.0	73.01(-51)		|	1	
9633	44	ok	|	1.00	0.17	0.17	83.21	0.00	0	|	rapi	0.00	0.00	0	|	-51.0	83.21(-51)		|	1	
9633	45	fail-w	|	1.00	0.09	0.09	92.17	0.00	0	|	rapi	0.00	0.00	0	|	-51.0	92.17(-51)	0.00(-51)	|	1	
