9678	0	ok	|	0.09	1.00	1.00	0.10	0.00	0	|	rapi	0.00	0.00	0	|	22.0	0.10(22)		|	1	
9678	1	ok	|	0.09	1.00	1.00	0.11	0.00	0	|	rapi	0.00	0.00	0	|	22.0	0.11(22)		|	1	
9678	2	ok	|	0.11	1.00	1.00	0.13	0.00	0	|	rapi	0.00	0.00	0	|	22.0	0.13(22)		|	1	
9678	3	ok	|	0.14	1.00	1.00	0.18	0.00	0	|	rapi	0.00	0.00	0	|	22.0	0.18(22)		|	1	
9678	4	ok	|	0.15	1.00	1.00	0.19	0.00	0	|	rapi	0.00	0.00	0	|	22.0	0.19(22)		|	1	
9678	5	ok	|	0.17	1.00	1.00	0.22	0.00	0	|	rapi	0.00	0.00	0	|	22.0	0.22(22)		|	1	
9678	6	ok	|	0.19	1.00	1.00	0.25	0.00	0	|	rapi	0.00	0.00	0	|	22.0	0.25(22)		|	1	
9678	7	ok	|	0.20	1.00	1.00	0.27	0.00	0	|	rapi	0.00	0.00	0	|	22.0	0.27(22)		|	1	
9678	8	ok	|	0.23	1.00	1.00	0.31	0.00	0	|	rapi	0.00	0.00	0	|	22.0	0.31(22)		|	1	
9678	9	ok	|	0.26	1.00	1.00	0.39	0.00	0	|	rapi	0.00	0.00	0	|	22.0	0.39(22)		|	1	
9678	10	ok	|	0.32	1.00	1.00	0.50	0.00	0	|	rapi	0.00	0.00	0	|	22.0	0.50(22)		|	1	
9678	11	ok	|	0.35	0.99	0.99	0.57	0.00	0	|	rapi	0.00	0.00	0	|	22.0	0.57(22)		|	1	
9678	12	ok	|	0.40	0.99	0.99	0.66	0.00	0	|	rapi	0.00	0.00	0	|	22.0	0.66(22)		|	1	
9678	13	ok	|	0.47	0.99	0.99	0.77	0.00	0	|	rapi	0.00	0.00	0	|	22.0	0.77(22)		|	1	
9678	14	ok	|	0.49	0.99	0.99	0.85	0.00	0	|	rapi	0.00	0.00	0	|	22.0	0.85(22)		|	1	
9678	15	ok	|	0.56	0.99	0.99	1.01	0.00	0	|	rapi	0.00	0.00	0	|	22.0	1.01(22)		|	1	
9678	16	ok	|	0.62	0.99	0.99	1.22	0.00	0	|	rapi	0.00	0.00	0	|	22.0	1.22(22)		|	1	
9678	17	ok	|	0.70	0.98	0.98	1.53	0.00	0	|	rapi	0.00	0.00	0	|	22.0	1.53(22)		|	1	
9678	18	ok	|	0.76	0.98	0.98	1.83	0.00	0	|	rapi	0.00	0.00	0	|	22.0	1.83(22)		|	1	
9678	19	ok	|	0.81	0.98	0.98	2.18	0.00	0	|	rapi	0.00	0.00	0	|	22.0	2.18(22)		|	1	
9678	20	ok	|	0.85	0.97	0.97	2.55	0.00	0	|	rapi	0.00	0.00	0	|	22.0	2.55(22)		|	1	
9678	21	ok	|	0.89	0.97	0.97	3.04	0.00	0	|	rapi	0.00	0.00	0	|	22.0	3.04(22)		|	1	
9678	22	ok	|	0.94	0.96	0.96	3.61	0.00	0	|	rapi	0.00	0.00	0	|	22.0	3.61(22)		|	1	
9678	23	ok	|	0.96	0.96	0.96	4.17	0.00	0	|	rapi	0.00	0.00	0	|	22.0	4.17(22)		|	1	
9678	24	ok	|	0.97	0.95	0.95	5.00	0.00	0	|	rapi	0.00	0.00	0	|	22.0	5.00(22)		|	1	
9678	25	ok	|	0.99	0.94	0.94	5.76	0.00	0	|	rapi	0.00	0.00	0	|	22.0	5.76(22)		|	1	
9678	26	ok	|	0.99	0.93	0.93	6.83	0.00	0	|	rapi	0.00	0.00	0	|	22.0	6.83(22)		|	1	
9678	27	ok	|	1.00	0.92	0.92	7.96	0.00	0	|	rapi	0.00	0.00	0	|	22.0	7.96(22)		|	1	
9678	28	ok	|	1.00	0.90	0.90	9.55	0.00	0	|	rapi	0.00	0.00	0	|	22.0	9.55(22)	0.00(22)	|	1	
9678	29	ok	|	1.00	0.89	0.89	11.10	0.00	0	|	rapi	0.00	0.00	0	|	22.0	11.10(22)	0.00(22)	|	1	
9678	30	ok	|	1.00	0.87	0.87	13.23	0.00	0	|	rapi	0.00	0.00	0	|	22.0	13.23(22)	0.00(22)	|	1	
9678	31	ok	|	1.00	0.84	0.84	15.76	0.00	0	|	rapi	0.00	0.00	0	|	22.0	15.76(22)	0.00(22)	|	1	
9678	32	ok	|	1.00	0.81	0.81	18.55	0.00	0	|	rapi	0.00	0.00	0	|	22.0	18.55(22)		|	1	
9678	33	ok	|	1.00	0.78	0.78	21.65	0.00	0	|	rapi	0.00	0.00	0	|	22.0	21.65(22)		|	1	
9678	34	ok	|	1.00	0.74	0.74	25.56	0.00	0	|	rapi	0.00	0.00	0	|	22.0	25.56(22)	0.00(22)	|	1	
9678	35	ok	|	1.00	0.70	0.70	30.09	0.00	0	|	rapi	0.00	0.00	0	|	22.0	30.09(22)	0.00(22)	|	1	
9678	36	ok	|	1.00	0.65	0.65	35.41	0.00	0	|	rapi	0.00	0.00	0	|	22.0	35.41(22)	0.00(22)	|	1	
9678	37	ok	|	1.00	0.58	0.58	41.76	0.00	0	|	rapi	0.00	0.00	0	|	22.0	41.76(22)	0.00(22)	|	1	
9678	38	ok	|	1.00	0.51	0.51	48.62	0.00	0	|	rapi	0.01	0.01	0	|	22.0	48.62(22)	0.01(22)	|	1	
9678	39	ok	|	1.00	0.44	0.44	56.43	0.00	0	|	rapi	0.01	0.01	0	|	22.0	56.43(22)	0.01(22)	|	1	
9678	40	ok	|	1.00	0.35	0.35	65.03	0.00	0	|	rapi	0.01	0.01	0	|	22.0	65.03(22)	0.01(22)	|	1	
9678	41	ok	|	1.00	0.25	0.25	74.97	0.00	0	|	rapi	0.01	0.01	0	|	22.0	74.97(22)	0.01(22)	|	1	
9678	42	ok	|	1.00	0.16	0.16	84.73	0.00	0	|	rapi	0.01	0.01	0	|	22.0	84.73(22)	0.01(22)	|	1	
9678	43	fail-w	|	1.00	0.09	0.09	93.05	0.00	0	|	rapi	0.01	0.01	0	|	22.0	93.05(22)	0.01(22)	|	1	
