9724	0	ok	|	0.10	1.00	1.00	0.10	0.00	0	|	rapi	0.00	0.00	0	|	-75.0	0.10(-75)		|	16	
9724	1	ok	|	0.11	1.00	1.00	0.12	0.00	0	|	rapi	0.00	0.00	0	|	-75.0	0.12(-75)		|	16	
9724	2	ok	|	0.12	1.00	1.00	0.15	0.00	0	|	rapi	0.00	0.00	0	|	-75.0	0.15(-75)		|	16	
9724	3	ok	|	0.12	1.00	1.00	0.15	0.00	0	|	rapi	0.00	0.00	0	|	-75.0	0.15(-75)		|	16	
9724	4	ok	|	0.15	1.00	1.00	0.19	0.00	0	|	rapi	0.00	0.00	0	|	-75.0	0.19(-75)		|	16	
9724	5	ok	|	0.17	1.00	1.00	0.22	0.00	0	|	rapi	0.00	0.00	0	|	-75.0	0.22(-75)		|	16	
9724	6	ok	|	0.21	1.00	1.00	0.28	0.00	0	|	rapi	0.00	0.00	0	|	-75.0	0.28(-75)		|	16	
9724	7	ok	|	0.23	1.00	1.00	0.34	0.00	0	|	rapi	0.00	0.00	0	|	-75.0	0.34(-75)		|	16	
9724	8	ok	|	0.28	1.00	1.00	0.41	0.00	0	|	rapi	0.00	0.00	0	|	-75.0	0.41(-75)		|	16	
9724	9	ok	|	0.31	1.00	1.00	0.48	0.00	0	|	rapi	0.00	0.00	0	|	-75.0	0.48(-75)		|	16	
9724	10	ok	|	0.34	0.99	0.99	0.53	0.00	0	|	rapi	0.00	0.00	0	|	-75.0	0.53(-75)		|	16	
9724	11	ok	|	0.38	0.99	0.99	0.64	0.00	0	|	rapi	0.00	0.00	0	|	-75.0	0.64(-75)		|	16	
9724	12	ok	|	0.44	0.99	0.99	0.79	0.00	0	|	rapi	0.00	0.00	0	|	-75.0	0.79(-75)		|	16	
9724	13	ok	|	0.50	0.99	0.99	0.96	0.00	0	|	rapi	0.00	0.00	0	|	-75.0	0.96(-75)		|	16	
9724	14	ok	|	0.55	0.99	0.99	1.10	0.00	0	|	rapi	0.00	0.00	0	|	-75.0	1.10(-75)		|	16	
9724	15	ok	|	0.60	0.99	0.99	1.27	0.00	0	|	rapi	0.00	0.00	0	|	-75.0	1.27(-75)	0.00(-75)	|	16	
9724	16	ok	|	0.66	0.98	0.98	1.50	0.00	0	|	rapi	0.00	0.00	0	|	-75.0	1.50(-75)	0.00(-75)	|	16	
9724	17	ok	|	0.74	0.98	0.98	1.81	0.00	0	|	rapi	0.00	0.00	0	|	-75.0	1.81(-75)		|	16	
9724	18	ok	|	0.79	0.98	0.98	2.19	0.00	0	|	rapi	0.00	0.00	0	|	-75.0	2.19(-75)		|	16	
9724	19	ok	|	0.86	0.97	0.97	2.56	0.00	0	|	rapi	0.00	0.00	0	|	-75.0	2.56(-75)	0.00(-75)	|	16	
9724	20	ok	|	0.91	0.97	0.97	2.99	0.00	0	|	rapi	0.00	0.00	0	|	-75.0	2.99(-75)		|	16	
9724	21	ok	|	0.93	0.97	0.97	3.42	0.00	0	|	rapi	0.00	0.00	0	|	-75.0	3.42(-75)		|	16	
9724	22	ok	|	0.94	0.96	0.96	3.90	0.00	0	|	rapi	0.00	0.00	0	|	-75.0	3.90(-75)		|	16	
9724	23	ok	|	0.98	0.95	0.95	4.65	0.00	0	|	rapi	0.00	0.00	0	|	-75.0	4.65(-75)		|	16	
9724	24	ok	|	0.98	0.95	0.95	5.40	0.00	0	|	rapi	0.00	0.00	0	|	-75.0	5.40(-75)		|	16	
9724	25	ok	|	0.99	0.94	0.94	6.26	0.00	0	|	rapi	0.00	0.00	0	|	-75.0	6.26(-75)		|	16	
9724	26	ok	|	0.99	0.93	0.93	7.33	0.00	0	|	rapi	0.00	0.00	0	|	-75.0	7.33(-75)		|	16	
9724	27	ok	|	1.00	0.91	0.91	8.70	0.00	0	|	rapi	0.00	0.00	0	|	-75.0	8.70(-75)		|	16	
9724	28	ok	|	1.00	0.90	0.90	10.13	0.00	0	|	rapi	0.00	0.00	0	|	-75.0	10.13(-75)		|	16	
9724	29	ok	|	1.00	0.88	0.88	12.13	0.00	0	|	rapi	0.00	0.00	0	|	-75.0	12.13(-75)	0.00(-75)	|	16	
9724	30	ok	|	1.00	0.86	0.86	14.37	0.00	0	|	rapi	0.00	0.00	0	|	-75.0	14.37(-75)	0.00(-75)	|	16	
9724	31	ok	|	1.00	0.83	0.83	17.10	0.00	0	|	rapi	0.01	0.01	0	|	-75.0	17.10(-75)	0.01(-75)	|	16	
9724	32	ok	|	1.00	0.80	0.80	20.33	0.00	0	|	rapi	0.01	0.01	0	|	-75.0	20.33(-75)	0.01(-75)	|	16	
9724	33	ok	|	1.00	0.76	0.76	24.01	0.00	0	|	rapi	0.01	0.01	0	|	-75.0	24.01(-75)	0.01(-75)	|	16	
9724	34	ok	|	1.00	0.72	0.72	28.44	0.00	0	|	rapi	0.01	0.01	0	|	-75.0	28.44(-75)	0.01(-75)	|	16	
9724	35	ok	|	1.00	0.66	0.66	33.55	0.00	0	|	rapi	0.01	0.01	0	|	-75.0	33.55(-75)	0.01(-75)	|	16	
9724	36	ok	|	1.00	0.61	0.61	39.34	0.00	0	|	rapi	0.01	0.01	0	|	-75.0	39.34(-75)	0.01(-75)	|	16	
9724	37	ok	|	1.00	0.55	0.55	45.52	0.00	0	|	rapi	0.02	0.02	0	|	-75.0	45.52(-75)	0.02(-75)	|	16	
9724	38	ok	|	1.00	0.48	0.48	52.33	0.00	0	|	rapi	0.02	0.02	0	|	-75.0	52.33(-75)	0.02(-75)	|	16	
9724	39	ok	|	1.00	0.40	0.40	60.50	0.00	0	|	rapi	0.02	0.02	0	|	-75.0	60.50(-75)	0.02(-75)	|	16	
9724	40	ok	|	1.00	0.31	0.31	68.77	0.00	0	|	rapi	0.03	0.03	0	|	-75.0	68.77(-75)	0.03(-75)	|	16	
9724	41	ok	|	1.00	0.22	0.22	78.34	0.00	0	|	rapi	0.04	0.04	0	|	-75.0	78.34(-75)	0.04(-75)	|	16	
9724	42	ok	|	1.00	0.14	0.14	87.17	0.00	0	|	rapi	0.06	0.06	0	|	-75.0	87.17(-75)	0.06(-75)	|	16	
9724	43	fail-w	|	1.00	0.09	0.09	93.79	0.00	0	|	rapi	0.12	0.13	0	|	-75.0	93.79(-75)	0.13(-75)	|	16	
