9739	0	ok	|	0.09	1.00	1.00	0.10	0.00	0	|	rapi	0.00	0.00	0	|	-85.0	0.10(-85)		|	1	
9739	1	ok	|	0.10	1.00	1.00	0.12	0.00	0	|	rapi	0.00	0.00	0	|	-85.0	0.12(-85)		|	1	
9739	2	ok	|	0.12	1.00	1.00	0.17	0.00	0	|	rapi	0.00	0.00	0	|	-85.0	0.17(-85)		|	1	
9739	3	ok	|	0.15	1.00	1.00	0.22	0.00	0	|	rapi	0.00	0.00	0	|	-85.0	0.22(-85)		|	1	
9739	4	ok	|	0.18	1.00	1.00	0.28	0.00	0	|	rapi	0.00	0.00	0	|	-85.0	0.28(-85)		|	1	
9739	5	ok	|	0.22	1.00	1.00	0.34	0.00	0	|	rapi	0.00	0.00	0	|	-85.0	0.34(-85)		|	1	
9739	6	ok	|	0.24	1.00	1.00	0.36	0.00	0	|	rapi	0.00	0.00	0	|	-85.0	0.36(-85)		|	1	
9739	7	ok	|	0.27	1.00	1.00	0.41	0.00	0	|	rapi	0.00	0.00	0	|	-85.0	0.41(-85)		|	1	
9739	8	ok	|	0.30	1.00	1.00	0.49	0.00	0	|	rapi	0.00	0.00	0	|	-85.0	0.49(-85)		|	1	
9739	9	ok	|	0.35	0.99	0.99	0.59	0.00	0	|	rapi	0.00	0.00	0	|	-85.0	0.59(-85)		|	1	
9739	10	ok	|	0.41	0.99	0.99	0.70	0.00	0	|	rapi	0.00	0.00	0	|	-85.0	0.70(-85)		|	1	
9739	11	ok	|	0.46	0.99	0.99	0.83	0.00	0	|	rapi	0.00	0.00	0	|	-85.0	0.83(-85)		|	1	
9739	12	ok	|	0.55	0.99	0.99	1.00	0.00	0	|	rapi	0.00	0.00	0	|	-85.0	1.00(-85)		|	1	
9739	13	ok	|	0.61	0.99	0.99	1.21	0.00	0	|	rapi	0.00	0.00	0	|	-85.0	1.21(-85)		|	1	
9739	14	ok	|	0.66	0.99	0.99	1.40	0.00	0	|	rapi	0.00	0.00	0	|	-85.0	1.40(-85)		|	1	
9739	15	ok	|	0.71	0.98	0.98	1.61	0.00	0	|	rapi	0.00	0.00	0	|	-85.0	1.61(-85)		|	1	
9739	16	ok	|	0.79	0.98	0.98	1.97	0.00	0	|	rapi	0.00	0.00	0	|	-85.0	1.97(-85)		|	1	
9739	17	ok	|	0.81	0.98	0.98	2.27	0.00	0	|	rapi	0.00	0.00	0	|	-85.0	2.27(-85)		|	1	
9739	18	ok	|	0.85	0.97	0.97	2.68	0.00	0	|	rapi	0.00	0.00	0	|	-85.0	2.68(-85)		|	1	
9739	19	ok	|	0.90	0.97	0.97	3.17	0.00	0	|	rapi	0.00	0.00	0	|	-85.0	3.17(-85)		|	1	
9739	20	ok	|	0.93	0.96	0.96	3.69	0.00	0	|	rapi	0.00	0.00	0	|	-85.0	3.69(-85)		|	1	
9739	21	ok	|	0.96	0.96	0.96	4.37	0.00	0	|	rapi	0.00	0.00	0	|	-85.0	4.37(-85)		|	1	
9739	22	ok	|	0.98	0.95	0.95	5.07	0.00	0	|	rapi	0.00	0.00	0	|	-85.0	5.07(-85)		|	1	
9739	23	ok	|	0.99	0.94	0.94	5.96	0.00	0	|	rapi	0.00	0.00	0	|	-85.0	5.96(-85)		|	1	
9739	24	ok	|	1.00	0.93	0.93	7.29	0.00	0	|	rapi	0.00	0.00	0	|	-85.0	7.29(-85)		|	1	
9739	25	ok	|	0.99	0.91	0.91	8.61	0.00	0	|	rapi	0.00	0.00	0	|	-85.0	8.61(-85)		|	1	
9739	26	ok	|	1.00	0.90	0.90	10.12	0.00	0	|	rapi	0.00	0.00	0	|	-85.0	10.12(-85)		|	1	
9739	27	ok	|	1.00	0.88	0.88	11.78	0.00	0	|	rapi	0.00	0.00	0	|	-85.0	11.78(-85)		|	1	
9739	28	ok	|	1.00	0.86	0.86	14.06	0.00	0	|	rapi	0.00	0.00	0	|	-85.0	14.06(-85)		|	1	
9739	29	ok	|	1.00	0.83	0.83	16.51	0.00	0	|	rapi	0.00	0.00	0	|	-85.0	16.51(-85)		|	1	
9739	30	ok	|	1.00	0.81	0.81	19.21	0.00	0	|	rapi	0.00	0.00	0	|	-85.0	19.21(-85)		|	1	
9739	31	ok	|	1.00	0.78	0.78	22.40	0.00	0	|	rapi	0.00	0.00	0	|	-85.0	22.40(-85)		|	1	
9739	32	ok	|	1.00	0.74	0.74	26.33	0.00	0	|	rapi	0.00	0.00	0	|	-85.0	26.33(-85)		|	1	
9739	33	ok	|	1.00	0.69	0.69	30.70	0.00	0	|	rapi	0.00	0.00	0	|	-85.0	30.70(-85)		|	1	
9739	34	ok	|	1.00	0.64	0.64	36.35	0.00	0	|	rapi	0.00	0.00	0	|	-85.0	36.35(-85)		|	1	
9739	35	ok	|	1.00	0.58	0.58	42.25	0.00	0	|	rapi	0.00	0.00	0	|	-85.0	42.25(-85)		|	1	
9739	36	ok	|	1.00	0.51	0.51	49.47	0.00	0	|	rapi	0.00	0.00	0	|	-85.0	49.47(-85)		|	1	
9739	37	ok	|	1.00	0.42	0.42	57.89	0.00	0	|	rapi	0.00	0.00	0	|	-85.0	57.89(-85)		|	1	
9739	38	ok	|	1.00	0.34	0.34	66.03	0.00	0	|	rapi	0.00	0.00	0	|	-85.0	66.03(-85)	0.00(-85)	|	1	
9739	39	ok	|	1.00	0.25	0.25	75.46	0.00	0	|	rapi	0.00	0.00	0	|	-85.0	75.46(-85)		|	1	
9739	40	ok	|	1.00	0.16	0.16	84.81	0.00	0	|	rapi	0.00	0.00	0	|	-85.0	84.81(-85)		|	1	
9739	41	fail-w	|	1.00	0.09	0.09	92.56	0.00	0	|	rapi	0.00	0.00	0	|	-85.0	92.56(-85)		|	1	
