9762	0	ok	|	0.10	1.00	1.00	0.10	0.00	0	|	rapi	0.00	0.00	0	|	-89.0	0.10(-89)		|	2	
9762	1	ok	|	0.11	1.00	1.00	0.13	0.00	0	|	rapi	0.00	0.00	0	|	-89.0	0.13(-89)		|	2	
9762	2	ok	|	0.14	1.00	1.00	0.18	0.00	0	|	rapi	0.00	0.00	0	|	-89.0	0.18(-89)		|	2	
9762	3	ok	|	0.16	1.00	1.00	0.22	0.00	0	|	rapi	0.00	0.00	0	|	-89.0	0.22(-89)		|	2	
9762	4	ok	|	0.20	1.00	1.00	0.27	0.00	0	|	rapi	0.00	0.00	0	|	-89.0	0.27(-89)		|	2	
9762	5	ok	|	0.23	1.00	1.00	0.34	0.00	0	|	rapi	0.00	0.00	0	|	-89.0	0.34(-89)		|	2	
9762	6	ok	|	0.27	1.00	1.00	0.42	0.00	0	|	rapi	0.00	0.00	0	|	-89.0	0.42(-89)		|	2	
9762	7	ok	|	0.32	0.99	0.99	0.53	0.00	0	|	rapi	0.00	0.00	0	|	-89.0	0.53(-89)		|	2	
9762	8	ok	|	0.38	0.99	0.99	0.61	0.00	0	|	rapi	0.00	0.00	0	|	-89.0	0.61(-89)		|	2	
9762	9	ok	|	0.42	0.99	0.99	0.68	0.00	0	|	rapi	0.00	0.00	0	|	-89.0	0.68(-89)		|	2	
9762	10	ok	|	0.47	0.99	0.99	0.81	0.00	0	|	rapi	0.00	0.00	0	|	-89.0	0.81(-89)		|	2	
9762	11	ok	|	0.50	0.99	0.99	0.96	0.00	0	|	rapi	0.00	0.00	0	|	-89.0	0.96(-89)		|	2	
9762	12	ok	|	0.58	0.99	0.99	1.22	0.00	0	|	rapi	0.00	0.00	0	|	-89.0	1.22(-89)		|	2	
9762	13	ok	|	0.64	0.99	0.99	1.46	0.00	0	|	rapi	0.00	0.00	0	|	-89.0	1.46(-89)		|	2	
9762	14	ok	|	0.70	0.98	0.98	1.74	0.00	0	|	rapi	0.00	0.00	0	|	-89.0	1.74(-89)		|	2	
9762	15	ok	|	0.79	0.98	0.98	2.12	0.00	0	|	rapi	0.00	0.00	0	|	-89.0	2.12(-89)		|	2	
9762	16	ok	|	0.83	0.98	0.98	2.44	0.00	0	|	rapi	0.00	0.00	0	|	-89.0	2.44(-89)		|	2	
9762	17	ok	|	0.86	0.97	0.97	2.77	0.00	0	|	rapi	0.00	0.00	0	|	-89.0	2.77(-89)		|	2	
9762	18	ok	|	0.91	0.97	0.97	3.31	0.00	0	|	rapi	0.00	0.00	0	|	-89.0	3.31(-89)		|	2	
9762	19	ok	|	0.95	0.96	0.96	3.88	0.00	0	|	rapi	0.00	0.00	0	|	-89.0	3.88(-89)		|	2	
9762	20	ok	|	0.96	0.95	0.95	4.53	0.00	0	|	rapi	0.00	0.00	0	|	-89.0	4.53(-89)	0.00(-89)	|	2	
9762	21	ok	|	0.98	0.95	0.95	5.36	0.00	0	|	rapi	0.00	0.00	0	|	-89.0	5.36(-89)	0.00(-89)	|	2	
9762	22	ok	|	0.99	0.94	0.94	6.29	0.00	0	|	rapi	0.00	0.00	0	|	-89.0	6.29(-89)		|	2	
9762	23	ok	|	1.00	0.92	0.92	7.59	0.00	0	|	rapi	0.00	0.00	0	|	-89.0	7.59(-89)		|	2	
9762	24	ok	|	1.00	0.91	0.91	8.87	0.00	0	|	rapi	0.00	0.00	0	|	-89.0	8.87(-89)		|	2	
9762	25	ok	|	1.00	0.90	0.90	10.39	0.00	0	|	rapi	0.00	0.00	0	|	-89.0	10.39(-89)		|	2	
9762	26	ok	|	1.00	0.88	0.88	12.11	0.00	0	|	rapi	0.00	0.00	0	|	-89.0	12.11(-89)		|	2	
9762	27	ok	|	1.00	0.86	0.86	14.35	0.00	0	|	rapi	0.00	0.00	0	|	-89.0	14.35(-89)		|	2	
9762	28	ok	|	1.00	0.83	0.83	16.78	0.00	0	|	rapi	0.00	0.00	0	|	-89.0	16.78(-89)		|	2	
9762	29	ok	|	1.00	0.80	0.80	19.96	0.00	0	|	rapi	0.00	0.00	0	|	-89.0	19.96(-89)		|	2	
9762	30	ok	|	1.00	0.76	0.76	23.71	0.00	0	|	rapi	0.00	0.00	0	|	-89.0	23.71(-89)		|	2	
9762	31	ok	|	1.00	0.72	0.72	27.64	0.00	0	|	rapi	0.00	0.00	0	|	-89.0	27.64(-89)		|	2	
9762	32	ok	|	1.00	0.68	0.68	32.42	0.00	0	|	rapi	0.00	0.00	0	|	-89.0	32.42(-89)		|	2	
9762	33	ok	|	1.00	0.62	0.62	38.07	0.00	0	|	rapi	0.00	0.00	0	|	-89.0	38.07(-89)		|	2	
9762	34	ok	|	1.00	0.55	0.55	44.60	0.00	0	|	rapi	0.00	0.00	0	|	-89.0	44.60(-89)		|	2	
9762	35	ok	|	1.00	0.48	0.48	51.57	0.00	0	|	rapi	0.00	0.00	0	|	-89.0	51.57(-89)		|	2	
9762	36	ok	|	1.00	0.40	0.40	59.81	0.00	0	|	rapi	0.00	0.00	0	|	-89.0	59.81(-89)	0.00(-89)	|	2	
9762	37	ok	|	1.00	0.31	0.31	69.21	0.00	0	|	rapi	0.00	0.00	0	|	-89.0	69.21(-89)		|	2	
9762	38	ok	|	1.00	0.21	0.21	78.59	0.00	0	|	rapi	0.00	0.00	0	|	-89.0	78.59(-89)	0.00(-89)	|	2	
9762	39	ok	|	1.00	0.12	0.12	88.40	0.00	0	|	rapi	0.00	0.00	0	|	-89.0	88.40(-89)		|	2	
9762	40	fail-w	|	1.00	0.07	0.07	95.75	0.00	0	|	rapi	0.00	0.00	0	|	-89.0	95.75(-89)	0.00(-89)	|	2	
