9787	0	ok	|	0.09	1.00	1.00	0.10	0.00	0	|	rapi	0.09	0.09	0	|	51.0	0.10(51)	0.09(51)	|	7664	
9787	1	ok	|	0.09	1.00	1.00	0.09	0.00	0	|	rapi	0.08	0.09	0	|	51.0	0.09(51)	0.09(51)	|	7664	
9787	2	ok	|	0.09	1.00	1.00	0.09	0.00	0	|	rapi	0.08	0.09	0	|	51.0	0.09(51)	0.09(51)	|	7664	
9787	3	ok	|	0.08	1.00	1.00	0.08	0.00	0	|	rapi	0.07	0.08	0	|	51.0	0.08(51)	0.08(51)	|	7664	
9787	4	ok	|	0.09	1.00	1.00	0.09	0.00	0	|	rapi	0.08	0.09	0	|	51.0	0.09(51)	0.09(51)	|	7664	
9787	5	ok	|	0.08	1.00	1.00	0.08	0.00	0	|	rapi	0.08	0.08	0	|	51.0	0.08(51)	0.08(51)	|	7664	
9787	6	ok	|	0.07	1.00	1.00	0.07	0.00	0	|	rapi	0.06	0.07	0	|	51.0	0.07(51)	0.07(51)	|	7664	
9787	7	ok	|	0.07	1.00	1.00	0.07	0.00	0	|	rapi	0.07	0.07	0	|	51.0	0.07(51)	0.07(51)	|	7664	
9787	8	ok	|	0.08	1.00	1.00	0.08	0.00	0	|	rapi	0.07	0.07	0	|	51.0	0.08(51)	0.07(51)	|	7664	
9787	9	ok	|	0.06	1.00	1.00	0.06	0.00	0	|	rapi	0.06	0.06	0	|	51.0	0.06(51)	0.06(51)	|	7664	
9787	10	ok	|	0.06	1.00	1.00	0.07	0.00	0	|	rapi	0.06	0.06	0	|	51.0	0.07(51)	0.06(51)	|	7664	
9787	11	ok	|	0.07	1.00	1.00	0.08	0.00	0	|	rapi	0.06	0.07	0	|	51.0	0.08(51)	0.07(51)	|	7664	
9787	12	ok	|	0.08	1.00	1.00	0.08	0.00	0	|	rapi	0.07	0.07	0	|	51.0	0.08(51)	0.07(51)	|	7664	
9787	13	ok	|	0.09	1.00	1.00	0.09	0.00	0	|	rapi	0.07	0.07	0	|	51.0	0.09(51)	0.07(51)	|	7664	
9787	14	ok	|	0.07	1.00	1.00	0.09	0.00	0	|	rapi	0.06	0.06	0	|	51.0	0.09(51)	0.06(51)	|	7664	
9787	15	ok	|	0.08	1.00	1.00	0.08	0.00	0	|	rapi	0.06	0.06	0	|	51.0	0.08(51)	0.06(51)	|	7664	
9787	16	ok	|	0.08	1.00	1.00	0.08	0.00	0	|	rapi	0.06	0.06	0	|	51.0	0.08(51)	0.06(51)	|	7664	
9787	17	ok	|	0.08	1.00	1.00	0.09	0.00	0	|	rapi	0.07	0.07	0	|	51.0	0.09(51)	0.07(51)	|	7664	
9787	18	ok	|	0.08	1.00	1.00	0.08	0.00	0	|	rapi	0.07	0.07	0	|	51.0	0.08(51)	0.07(51)	|	7664	
9787	19	ok	|	0.07	1.00	1.00	0.07	0.00	0	|	rapi	0.07	0.07	0	|	51.0	0.07(51)	0.07(51)	|	7664	
9787	20	ok	|	0.09	1.00	1.00	0.09	0.00	0	|	rapi	0.09	0.09	0	|	51.0	0.09(51)	0.09(51)	|	7664	
9787	21	ok	|	0.09	1.00	1.00	0.10	0.01	0	|	rapi	0.09	0.10	0	|	51.0	0.10(51)	0.10(51)	|	7664	
9787	22	ok	|	0.10	1.00	1.00	0.11	0.01	0	|	rapi	0.10	0.10	0	|	51.0	0.11(51)	0.10(51)	|	7664	
9787	23	ok	|	0.11	1.00	1.00	0.11	0.01	0	|	rapi	0.11	0.11	0	|	51.0	0.11(51)	0.11(51)	|	7664	
9787	24	ok	|	0.10	1.00	1.00	0.11	0.01	0	|	rapi	0.10	0.10	0	|	51.0	0.11(51)	0.10(51)	|	7664	
9787	25	ok	|	0.12	1.00	1.00	0.12	0.01	0	|	rapi	0.11	0.12	0	|	51.0	0.12(51)	0.12(51)	|	7664	
9787	26	ok	|	0.14	1.00	1.00	0.14	0.01	0	|	rapi	0.13	0.14	0	|	51.0	0.14(51)	0.14(51)	|	7664	
9787	27	ok	|	0.14	1.00	1.00	0.15	0.01	0	|	rapi	0.13	0.14	0	|	51.0	0.15(51)	0.14(51)	|	7664	
9787	28	ok	|	0.14	1.00	1.00	0.15	0.01	0	|	rapi	0.13	0.14	0	|	51.0	0.15(51)	0.14(51)	|	7664	
9787	29	ok	|	0.12	1.00	1.00	0.13	0.01	0	|	rapi	0.12	0.12	0	|	51.0	0.13(51)	0.12(51)	|	7664	
9787	30	ok	|	0.16	1.00	1.00	0.17	0.01	0	|	rapi	0.15	0.16	0	|	51.0	0.17(51)	0.16(51)	|	7664	
9787	31	ok	|	0.14	1.00	1.00	0.15	0.01	0	|	rapi	0.13	0.14	0	|	51.0	0.15(51)	0.14(51)	|	7664	
9787	32	ok	|	0.14	1.00	1.00	0.16	0.00	0	|	rapi	0.14	0.15	0	|	51.0	0.16(51)	0.15(51)	|	7664	
9787	33	ok	|	0.15	1.00	1.00	0.16	0.01	0	|	rapi	0.14	0.15	0	|	51.0	0.16(51)	0.15(51)	|	7664	
9787	34	ok	|	0.15	1.00	1.00	0.16	0.01	0	|	rapi	0.14	0.15	0	|	51.0	0.16(51)	0.15(51)	|	7664	
9787	35	ok	|	0.15	1.00	1.00	0.16	0.01	0	|	rapi	0.14	0.15	0	|	51.0	0.16(51)	0.15(51)	|	7664	
9787	36	ok	|	0.13	1.00	1.00	0.14	0.00	0	|	rapi	0.13	0.14	0	|	51.0	0.14(51)	0.14(51)	|	7664	
9787	37	ok	|	0.14	1.00	1.00	0.14	0.01	0	|	rapi	0.14	0.14	0	|	51.0	0.14(51)	0.14(51)	|	7664	
9787	38	ok	|	0.14	1.00	1.00	0.14	0.01	0	|	rapi	0.14	0.14	0	|	51.0	0.14(51)	0.14(51)	|	7664	
9787	39	ok	|	0.12	1.00	1.00	0.13	0.01	0	|	rapi	0.12	0.13	0	|	51.0	0.13(51)	0.13(51)	|	7664	
9787	40	ok	|	0.14	1.00	1.00	0.15	0.01	0	|	rapi	0.14	0.15	0	|	51.0	0.15(51)	0.15(51)	|	7664	
9787	41	ok	|	0.14	1.00	1.00	0.16	0.01	0	|	rapi	0.14	0.15	0	|	51.0	0.16(51)	0.15(51)	|	7664	
9787	42	ok	|	0.15	1.00	1.00	0.17	0.01	0	|	rapi	0.15	0.16	0	|	51.0	0.17(51)	0.16(51)	|	7664	
9787	43	ok	|	0.18	1.00	1.00	0.20	0.01	0	|	rapi	0.18	0.20	0	|	51.0	0.20(51)	0.20(51)	|	7664	
9787	44	ok	|	0.17	1.00	1.00	0.21	0.01	0	|	rapi	0.17	0.20	0	|	51.0	0.21(51)	0.20(51)	|	7664	
9787	45	ok	|	0.18	1.00	1.00	0.21	0.01	0	|	rapi	0.18	0.20	0	|	51.0	0.21(51)	0.20(51)	|	7664	
9787	46	ok	|	0.19	1.00	1.00	0.21	0.01	0	|	rapi	0.18	0.20	0	|	51.0	0.21(51)	0.20(51)	|	7664	
9787	47	ok	|	0.18	1.00	1.00	0.20	0.01	0	|	rapi	0.18	0.20	0	|	51.0	0.20(51)	0.20(51)	|	7664	
9787	48	ok	|	0.18	1.00	1.00	0.20	0.01	0	|	rapi	0.18	0.19	0	|	51.0	0.20(51)	0.19(51)	|	7664	
9787	49	ok	|	0.20	1.00	1.00	0.21	0.01	0	|	rapi	0.19	0.20	0	|	51.0	0.21(51)	0.20(51)	|	7664	
9787	50	ok	|	0.17	1.00	1.00	0.18	0.01	0	|	rapi	0.17	0.18	0	|	51.0	0.18(51)	0.18(51)	|	7664	
9787	51	ok	|	0.16	1.00	1.00	0.17	0.01	0	|	rapi	0.16	0.17	0	|	51.0	0.17(51)	0.17(51)	|	7664	
9787	52	ok	|	0.18	1.00	1.00	0.19	0.01	0	|	rapi	0.18	0.19	0	|	51.0	0.19(51)	0.19(51)	|	7664	
9787	53	ok	|	0.17	1.00	1.00	0.18	0.02	0	|	rapi	0.17	0.18	0	|	51.0	0.18(51)	0.18(51)	|	7664	
9787	54	ok	|	0.17	1.00	1.00	0.19	0.02	0	|	rapi	0.17	0.19	0	|	51.0	0.19(51)	0.19(51)	|	7664	
9787	55	ok	|	0.18	1.00	1.00	0.19	0.02	0	|	rapi	0.18	0.19	0	|	51.0	0.19(51)	0.19(51)	|	7664	
9787	56	ok	|	0.19	1.00	1.00	0.20	0.02	0	|	rapi	0.19	0.20	0	|	51.0	0.20(51)	0.20(51)	|	7664	
9787	57	ok	|	0.18	1.00	1.00	0.20	0.02	0	|	rapi	0.18	0.20	0	|	51.0	0.20(51)	0.20(51)	|	7664	
9787	58	ok	|	0.18	1.00	1.00	0.21	0.02	0	|	rapi	0.18	0.21	0	|	51.0	0.21(51)	0.21(51)	|	7664	
9787	59	ok	|	0.20	1.00	1.00	0.22	0.02	0	|	rapi	0.20	0.22	0	|	51.0	0.22(51)	0.22(51)	|	7664	
9787	60	ok	|	0.20	1.00	1.00	0.23	0.02	0	|	rapi	0.20	0.23	0	|	51.0	0.23(51)	0.23(51)	|	7664	
9787	61	ok	|	0.21	1.00	1.00	0.23	0.02	0	|	rapi	0.21	0.23	0	|	51.0	0.23(51)	0.23(51)	|	7664	
9787	62	ok	|	0.21	1.00	1.00	0.22	0.02	0	|	rapi	0.21	0.22	0	|	51.0	0.22(51)	0.22(51)	|	7664	
9787	63	ok	|	0.21	1.00	1.00	0.24	0.02	0	|	rapi	0.21	0.24	0	|	51.0	0.24(51)	0.24(51)	|	7664	
9787	64	ok	|	0.21	1.00	1.00	0.23	0.02	0	|	rapi	0.21	0.23	0	|	51.0	0.23(51)	0.23(51)	|	7664	
9787	65	ok	|	0.20	1.00	1.00	0.22	0.02	0	|	rapi	0.20	0.22	0	|	51.0	0.22(51)	0.22(51)	|	7664	
9787	66	ok	|	0.19	1.00	1.00	0.21	0.02	0	|	rapi	0.19	0.21	0	|	51.0	0.21(51)	0.21(51)	|	7664	
9787	67	ok	|	0.19	1.00	1.00	0.20	0.02	0	|	rapi	0.19	0.20	0	|	51.0	0.20(51)	0.20(51)	|	7664	
9787	68	ok	|	0.20	1.00	1.00	0.21	0.03	0	|	rapi	0.20	0.21	0	|	51.0	0.21(51)	0.21(51)	|	7664	
9787	69	ok	|	0.20	1.00	1.00	0.20	0.03	0	|	rapi	0.20	0.20	0	|	51.0	0.20(51)	0.20(51)	|	7664	
9787	70	ok	|	0.18	1.00	1.00	0.20	0.02	0	|	rapi	0.18	0.20	0	|	51.0	0.20(51)	0.20(51)	|	7664	
9787	71	ok	|	0.17	1.00	1.00	0.19	0.02	0	|	rapi	0.17	0.19	0	|	51.0	0.19(51)	0.19(51)	|	7664	
9787	72	ok	|	0.17	1.00	1.00	0.19	0.02	0	|	rapi	0.17	0.19	0	|	51.0	0.19(51)	0.19(51)	|	7664	
9787	73	ok	|	0.17	1.00	1.00	0.18	0.02	0	|	rapi	0.17	0.18	0	|	51.0	0.18(51)	0.18(51)	|	7664	
9787	74	ok	|	0.16	1.00	1.00	0.18	0.02	0	|	rapi	0.16	0.18	0	|	51.0	0.18(51)	0.18(51)	|	7664	
9787	75	ok	|	0.17	1.00	1.00	0.18	0.02	0	|	rapi	0.17	0.18	0	|	51.0	0.18(51)	0.18(51)	|	7664	
9787	76	ok	|	0.19	1.00	1.00	0.21	0.03	0	|	rapi	0.19	0.21	0	|	51.0	0.21(51)	0.21(51)	|	7664	
9787	77	ok	|	0.22	1.00	1.00	0.23	0.03	0	|	rapi	0.22	0.23	0	|	51.0	0.23(51)	0.23(51)	|	7664	
9787	78	ok	|	0.22	1.00	1.00	0.24	0.03	0	|	rapi	0.22	0.24	0	|	51.0	0.24(51)	0.24(51)	|	7664	
9787	79	ok	|	0.23	1.00	1.00	0.24	0.03	0	|	rapi	0.23	0.24	0	|	51.0	0.24(51)	0.24(51)	|	7664	
9787	80	ok	|	0.24	1.00	1.00	0.26	0.03	0	|	rapi	0.24	0.26	0	|	51.0	0.26(51)	0.26(51)	|	7664	
9787	81	ok	|	0.25	1.00	1.00	0.27	0.03	0	|	rapi	0.25	0.27	0	|	51.0	0.27(51)	0.27(51)	|	7664	
9787	82	ok	|	0.23	1.00	1.00	0.25	0.03	0	|	rapi	0.23	0.25	0	|	51.0	0.25(51)	0.25(51)	|	7664	
9787	83	ok	|	0.23	1.00	1.00	0.25	0.03	0	|	rapi	0.23	0.25	0	|	51.0	0.25(51)	0.25(51)	|	7664	
9787	84	ok	|	0.23	1.00	1.00	0.26	0.03	0	|	rapi	0.23	0.26	0	|	51.0	0.26(51)	0.26(51)	|	7664	
9787	85	ok	|	0.25	1.00	1.00	0.28	0.03	0	|	rapi	0.25	0.28	0	|	51.0	0.28(51)	0.28(51)	|	7664	
9787	86	ok	|	0.23	1.00	1.00	0.27	0.03	0	|	rapi	0.23	0.27	0	|	51.0	0.27(51)	0.27(51)	|	7664	
9787	87	ok	|	0.20	1.00	1.00	0.24	0.03	0	|	rapi	0.20	0.24	0	|	51.0	0.24(51)	0.24(51)	|	7664	
9787	88	ok	|	0.21	1.00	1.00	0.24	0.03	0	|	rapi	0.21	0.24	0	|	51.0	0.24(51)	0.24(51)	|	7664	
9787	89	ok	|	0.24	1.00	1.00	0.26	0.03	0	|	rapi	0.24	0.26	0	|	51.0	0.26(51)	0.26(51)	|	7664	
9787	90	ok	|	0.22	1.00	1.00	0.23	0.03	0	|	rapi	0.22	0.23	0	|	51.0	0.23(51)	0.23(51)	|	7664	
9787	91	ok	|	0.22	1.00	1.00	0.24	0.03	0	|	rapi	0.22	0.24	0	|	51.0	0.24(51)	0.24(51)	|	7664	
9787	92	ok	|	0.20	1.00	1.00	0.23	0.03	0	|	rapi	0.20	0.23	0	|	51.0	0.23(51)	0.23(51)	|	7664	
9787	93	ok	|	0.23	1.00	1.00	0.25	0.03	0	|	rapi	0.23	0.25	0	|	51.0	0.25(51)	0.25(51)	|	7664	
9787	94	ok	|	0.24	1.00	1.00	0.26	0.03	0	|	rapi	0.24	0.26	0	|	51.0	0.26(51)	0.26(51)	|	7664	
9787	95	ok	|	0.23	1.00	1.00	0.25	0.03	0	|	rapi	0.23	0.25	0	|	51.0	0.25(51)	0.25(51)	|	7664	
9787	96	ok	|	0.24	1.00	1.00	0.25	0.03	0	|	rapi	0.24	0.25	0	|	51.0	0.25(51)	0.25(51)	|	7664	
9787	97	ok	|	0.25	1.00	1.00	0.27	0.03	0	|	rapi	0.25	0.27	0	|	51.0	0.27(51)	0.27(51)	|	7664	
9787	98	ok	|	0.27	1.00	1.00	0.29	0.04	0	|	rapi	0.27	0.29	0	|	51.0	0.29(51)	0.29(51)	|	7664	
9787	99	ok	|	0.28	1.00	1.00	0.32	0.04	0	|	rapi	0.28	0.32	0	|	51.0	0.32(51)	0.32(51)	|	7664	
9787	100	ok	|	0.26	1.00	1.00	0.29	0.04	0	|	rapi	0.26	0.29	0	|	51.0	0.29(51)	0.29(51)	|	7664	
9787	101	ok	|	0.26	1.00	1.00	0.29	0.04	0	|	rapi	0.26	0.29	0	|	51.0	0.29(51)	0.29(51)	|	7664	
9787	102	ok	|	0.28	1.00	1.00	0.32	0.04	0	|	rapi	0.28	0.32	0	|	51.0	0.32(51)	0.32(51)	|	7664	
9787	103	ok	|	0.27	1.00	1.00	0.30	0.04	0	|	rapi	0.27	0.30	0	|	51.0	0.30(51)	0.30(51)	|	7664	
9787	104	ok	|	0.26	1.00	1.00	0.29	0.04	0	|	rapi	0.26	0.29	0	|	51.0	0.29(51)	0.29(51)	|	7664	
9787	105	ok	|	0.28	1.00	1.00	0.31	0.04	0	|	rapi	0.28	0.31	0	|	51.0	0.31(51)	0.31(51)	|	7664	
9787	106	ok	|	0.28	1.00	1.00	0.32	0.04	0	|	rapi	0.28	0.32	0	|	51.0	0.32(51)	0.32(51)	|	7664	
9787	107	ok	|	0.27	1.00	1.00	0.29	0.04	0	|	rapi	0.27	0.29	0	|	51.0	0.29(51)	0.29(51)	|	7664	
9787	108	ok	|	0.25	1.00	1.00	0.29	0.04	0	|	rapi	0.25	0.29	0	|	51.0	0.29(51)	0.29(51)	|	7664	
9787	109	ok	|	0.25	1.00	1.00	0.29	0.04	0	|	rapi	0.25	0.29	0	|	51.0	0.29(51)	0.29(51)	|	7664	
9787	110	ok	|	0.27	1.00	1.00	0.31	0.04	0	|	rapi	0.27	0.31	0	|	51.0	0.31(51)	0.31(51)	|	7664	
9787	111	ok	|	0.24	1.00	1.00	0.27	0.03	0	|	rapi	0.24	0.27	0	|	51.0	0.27(51)	0.27(51)	|	7664	
9787	112	ok	|	0.26	1.00	1.00	0.28	0.03	0	|	rapi	0.26	0.28	0	|	51.0	0.28(51)	0.28(51)	|	7664	
9787	113	ok	|	0.26	1.00	1.00	0.29	0.04	0	|	rapi	0.26	0.29	0	|	51.0	0.29(51)	0.29(51)	|	7664	
9787	114	ok	|	0.24	1.00	1.00	0.27	0.03	0	|	rapi	0.24	0.27	0	|	51.0	0.27(51)	0.27(51)	|	7664	
9787	115	ok	|	0.24	1.00	1.00	0.26	0.03	0	|	rapi	0.24	0.26	0	|	51.0	0.26(51)	0.26(51)	|	7664	
9787	116	ok	|	0.24	1.00	1.00	0.26	0.03	0	|	rapi	0.24	0.26	0	|	51.0	0.26(51)	0.26(51)	|	7664	
9787	117	ok	|	0.22	1.00	1.00	0.24	0.03	0	|	rapi	0.22	0.24	0	|	51.0	0.24(51)	0.24(51)	|	7664	
9787	118	ok	|	0.24	1.00	1.00	0.27	0.03	0	|	rapi	0.24	0.27	0	|	51.0	0.27(51)	0.27(51)	|	7664	
9787	119	ok	|	0.23	1.00	1.00	0.26	0.03	0	|	rapi	0.23	0.26	0	|	51.0	0.26(51)	0.26(51)	|	7664	
9787	120	ok	|	0.23	1.00	1.00	0.26	0.03	0	|	rapi	0.23	0.26	0	|	51.0	0.26(51)	0.26(51)	|	7664	
9787	121	ok	|	0.20	1.00	1.00	0.22	0.03	0	|	rapi	0.20	0.22	0	|	51.0	0.22(51)	0.22(51)	|	7664	
9787	122	ok	|	0.21	1.00	1.00	0.23	0.03	0	|	rapi	0.21	0.23	0	|	51.0	0.23(51)	0.23(51)	|	7664	
9787	123	ok	|	0.21	1.00	1.00	0.23	0.03	0	|	rapi	0.21	0.23	0	|	51.0	0.23(51)	0.23(51)	|	7664	
9787	124	ok	|	0.21	1.00	1.00	0.23	0.03	0	|	rapi	0.21	0.23	0	|	51.0	0.23(51)	0.23(51)	|	7664	
9787	125	ok	|	0.22	1.00	1.00	0.24	0.03	0	|	rapi	0.22	0.24	0	|	51.0	0.24(51)	0.24(51)	|	7664	
9787	126	ok	|	0.23	1.00	1.00	0.25	0.03	0	|	rapi	0.23	0.25	0	|	51.0	0.25(51)	0.25(51)	|	7664	
9787	127	ok	|	0.24	1.00	1.00	0.26	0.03	0	|	rapi	0.24	0.26	0	|	51.0	0.26(51)	0.26(51)	|	7664	
9787	128	ok	|	0.27	1.00	1.00	0.29	0.04	0	|	rapi	0.27	0.29	0	|	51.0	0.29(51)	0.29(51)	|	7664	
9787	129	ok	|	0.25	1.00	1.00	0.28	0.03	0	|	rapi	0.25	0.28	0	|	51.0	0.28(51)	0.28(51)	|	7664	
9787	130	ok	|	0.25	1.00	1.00	0.28	0.03	0	|	rapi	0.25	0.28	0	|	51.0	0.28(51)	0.28(51)	|	7664	
9787	131	ok	|	0.26	1.00	1.00	0.29	0.04	0	|	rapi	0.26	0.29	0	|	51.0	0.29(51)	0.29(51)	|	7664	
9787	132	ok	|	0.26	1.00	1.00	0.29	0.04	0	|	rapi	0.26	0.29	0	|	51.0	0.29(51)	0.29(51)	|	7664	
9787	133	ok	|	0.28	1.00	1.00	0.32	0.05	0	|	rapi	0.28	0.32	0	|	51.0	0.32(51)	0.32(51)	|	7664	
9787	134	ok	|	0.30	1.00	1.00	0.34	0.06	0	|	rapi	0.30	0.34	0	|	51.0	0.34(51)	0.34(51)	|	7664	
9787	135	ok	|	0.27	1.00	1.00	0.32	0.05	0	|	rapi	0.27	0.32	0	|	51.0	0.32(51)	0.32(51)	|	7664	
9787	136	ok	|	0.28	1.00	1.00	0.31	0.05	0	|	rapi	0.28	0.31	0	|	51.0	0.31(51)	0.31(51)	|	7664	
9787	137	ok	|	0.29	1.00	1.00	0.32	0.05	0	|	rapi	0.29	0.32	0	|	51.0	0.32(51)	0.32(51)	|	7664	
9787	138	ok	|	0.28	1.00	1.00	0.30	0.05	0	|	rapi	0.28	0.30	0	|	51.0	0.30(51)	0.30(51)	|	7664	
9787	139	ok	|	0.28	1.00	1.00	0.31	0.05	0	|	rapi	0.28	0.31	0	|	51.0	0.31(51)	0.31(51)	|	7664	
9787	140	ok	|	0.28	1.00	1.00	0.30	0.05	0	|	rapi	0.28	0.30	0	|	51.0	0.30(51)	0.30(51)	|	7664	
9787	141	ok	|	0.28	1.00	1.00	0.31	0.05	0	|	rapi	0.28	0.31	0	|	51.0	0.31(51)	0.31(51)	|	7664	
9787	142	ok	|	0.28	1.00	1.00	0.30	0.05	0	|	rapi	0.28	0.30	0	|	51.0	0.30(51)	0.30(51)	|	7664	
9787	143	ok	|	0.24	1.00	1.00	0.26	0.04	0	|	rapi	0.24	0.26	0	|	51.0	0.26(51)	0.26(51)	|	7664	
9787	144	ok	|	0.26	1.00	1.00	0.28	0.05	0	|	rapi	0.26	0.28	0	|	51.0	0.28(51)	0.28(51)	|	7664	
9787	145	ok	|	0.25	1.00	1.00	0.27	0.04	0	|	rapi	0.25	0.27	0	|	51.0	0.27(51)	0.27(51)	|	7664	
9787	146	ok	|	0.24	1.00	1.00	0.26	0.04	0	|	rapi	0.24	0.26	0	|	51.0	0.26(51)	0.26(51)	|	7664	
9787	147	ok	|	0.27	1.00	1.00	0.30	0.05	0	|	rapi	0.27	0.30	0	|	51.0	0.30(51)	0.30(51)	|	7664	
9787	148	ok	|	0.28	1.00	1.00	0.30	0.05	0	|	rapi	0.28	0.30	0	|	51.0	0.30(51)	0.30(51)	|	7664	
9787	149	ok	|	0.27	1.00	1.00	0.29	0.05	0	|	rapi	0.27	0.29	0	|	51.0	0.29(51)	0.29(51)	|	7664	
9787	150	ok	|	0.26	1.00	1.00	0.29	0.05	0	|	rapi	0.26	0.29	0	|	51.0	0.29(51)	0.29(51)	|	7664	
9787	151	ok	|	0.27	1.00	1.00	0.30	0.05	0	|	rapi	0.27	0.30	0	|	51.0	0.30(51)	0.30(51)	|	7664	
9787	152	ok	|	0.28	1.00	1.00	0.31	0.05	0	|	rapi	0.28	0.31	0	|	51.0	0.31(51)	0.31(51)	|	7664	
9787	153	ok	|	0.26	1.00	1.00	0.29	0.05	0	|	rapi	0.26	0.29	0	|	51.0	0.29(51)	0.29(51)	|	7664	
9787	154	ok	|	0.30	1.00	1.00	0.32	0.05	0	|	rapi	0.30	0.32	0	|	51.0	0.32(51)	0.32(51)	|	7664	
9787	155	ok	|	0.31	1.00	1.00	0.34	0.06	0	|	rapi	0.31	0.34	0	|	51.0	0.34(51)	0.34(51)	|	7664	
9787	156	ok	|	0.31	1.00	1.00	0.35	0.06	0	|	rapi	0.31	0.35	0	|	51.0	0.35(51)	0.35(51)	|	7664	
9787	157	ok	|	0.28	1.00	1.00	0.30	0.05	0	|	rapi	0.28	0.30	0	|	51.0	0.30(51)	0.30(51)	|	7664	
9787	158	ok	|	0.26	1.00	1.00	0.28	0.05	0	|	rapi	0.26	0.28	0	|	51.0	0.28(51)	0.28(51)	|	7664	
9787	159	ok	|	0.26	1.00	1.00	0.27	0.05	0	|	rapi	0.26	0.27	0	|	51.0	0.27(51)	0.27(51)	|	7664	
9787	160	ok	|	0.25	1.00	1.00	0.26	0.04	0	|	rapi	0.25	0.26	0	|	51.0	0.26(51)	0.26(51)	|	7664	
9787	161	ok	|	0.24	1.00	1.00	0.25	0.04	0	|	rapi	0.24	0.25	0	|	51.0	0.25(51)	0.25(51)	|	7664	
9787	162	ok	|	0.25	1.00	1.00	0.26	0.04	0	|	rapi	0.25	0.26	0	|	51.0	0.26(51)	0.26(51)	|	7664	
9787	163	ok	|	0.24	1.00	1.00	0.28	0.05	0	|	rapi	0.24	0.28	0	|	51.0	0.28(51)	0.28(51)	|	7664	
9787	164	ok	|	0.26	1.00	1.00	0.28	0.05	0	|	rapi	0.26	0.28	0	|	51.0	0.28(51)	0.28(51)	|	7664	
9787	165	ok	|	0.25	1.00	1.00	0.27	0.05	0	|	rapi	0.25	0.27	0	|	51.0	0.27(51)	0.27(51)	|	7664	
9787	166	ok	|	0.24	1.00	1.00	0.26	0.04	0	|	rapi	0.24	0.26	0	|	51.0	0.26(51)	0.26(51)	|	7664	
9787	167	ok	|	0.23	1.00	1.00	0.25	0.04	0	|	rapi	0.23	0.25	0	|	51.0	0.25(51)	0.25(51)	|	7664	
9787	168	ok	|	0.23	1.00	1.00	0.26	0.04	0	|	rapi	0.23	0.26	0	|	51.0	0.26(51)	0.26(51)	|	7664	
9787	169	ok	|	0.25	1.00	1.00	0.28	0.05	0	|	rapi	0.25	0.28	0	|	51.0	0.28(51)	0.28(51)	|	7664	
9787	170	ok	|	0.28	1.00	1.00	0.29	0.05	0	|	rapi	0.28	0.29	0	|	51.0	0.29(51)	0.29(51)	|	7664	
9787	171	ok	|	0.30	1.00	1.00	0.33	0.05	0	|	rapi	0.30	0.33	0	|	51.0	0.33(51)	0.33(51)	|	7664	
9787	172	ok	|	0.30	1.00	1.00	0.32	0.05	0	|	rapi	0.30	0.32	0	|	51.0	0.32(51)	0.32(51)	|	7664	
9787	173	ok	|	0.32	1.00	1.00	0.35	0.06	0	|	rapi	0.32	0.35	0	|	51.0	0.35(51)	0.35(51)	|	7664	
9787	174	ok	|	0.32	1.00	1.00	0.36	0.06	0	|	rapi	0.32	0.36	0	|	51.0	0.36(51)	0.36(51)	|	7664	
9787	175	ok	|	0.31	1.00	1.00	0.34	0.06	0	|	rapi	0.31	0.34	0	|	51.0	0.34(51)	0.34(51)	|	7664	
9787	176	ok	|	0.30	1.00	1.00	0.33	0.05	0	|	rapi	0.30	0.33	0	|	51.0	0.33(51)	0.33(51)	|	7664	
9787	177	ok	|	0.30	1.00	1.00	0.33	0.06	0	|	rapi	0.30	0.33	0	|	51.0	0.33(51)	0.33(51)	|	7664	
9787	178	ok	|	0.31	1.00	1.00	0.34	0.06	0	|	rapi	0.31	0.34	0	|	51.0	0.34(51)	0.34(51)	|	7664	
9787	179	ok	|	0.32	1.00	1.00	0.34	0.06	0	|	rapi	0.32	0.34	0	|	51.0	0.34(51)	0.34(51)	|	7664	
9787	180	ok	|	0.28	1.00	1.00	0.31	0.05	0	|	rapi	0.28	0.31	0	|	51.0	0.31(51)	0.31(51)	|	7664	
9787	181	ok	|	0.28	1.00	1.00	0.32	0.05	0	|	rapi	0.28	0.32	0	|	51.0	0.32(51)	0.32(51)	|	7664	
9787	182	ok	|	0.30	1.00	1.00	0.33	0.05	0	|	rapi	0.30	0.33	0	|	51.0	0.33(51)	0.33(51)	|	7664	
9787	183	ok	|	0.29	1.00	1.00	0.33	0.05	0	|	rapi	0.29	0.33	0	|	51.0	0.33(51)	0.33(51)	|	7664	
9787	184	ok	|	0.27	1.00	1.00	0.31	0.05	0	|	rapi	0.27	0.31	0	|	51.0	0.31(51)	0.31(51)	|	7664	
9787	185	ok	|	0.27	1.00	1.00	0.29	0.05	0	|	rapi	0.27	0.29	0	|	51.0	0.29(51)	0.29(51)	|	7664	
9787	186	ok	|	0.25	1.00	1.00	0.29	0.05	0	|	rapi	0.25	0.29	0	|	51.0	0.29(51)	0.29(51)	|	7664	
9787	187	ok	|	0.27	1.00	1.00	0.29	0.05	0	|	rapi	0.27	0.29	0	|	51.0	0.29(51)	0.29(51)	|	7664	
9787	188	ok	|	0.27	1.00	1.00	0.29	0.05	0	|	rapi	0.27	0.29	0	|	51.0	0.29(51)	0.29(51)	|	7664	
9787	189	ok	|	0.27	1.00	1.00	0.28	0.05	0	|	rapi	0.27	0.28	0	|	51.0	0.28(51)	0.28(51)	|	7664	
9787	190	ok	|	0.26	1.00	1.00	0.29	0.05	0	|	rapi	0.26	0.29	0	|	51.0	0.29(51)	0.29(51)	|	7664	
9787	191	ok	|	0.27	1.00	1.00	0.29	0.05	0	|	rapi	0.27	0.29	0	|	51.0	0.29(51)	0.29(51)	|	7664	
9787	192	ok	|	0.26	1.00	1.00	0.28	0.05	0	|	rapi	0.26	0.28	0	|	51.0	0.28(51)	0.28(51)	|	7664	
9787	193	ok	|	0.27	1.00	1.00	0.28	0.05	0	|	rapi	0.27	0.28	0	|	51.0	0.28(51)	0.28(51)	|	7664	
9787	194	ok	|	0.27	1.00	1.00	0.29	0.05	0	|	rapi	0.27	0.29	0	|	51.0	0.29(51)	0.29(51)	|	7664	
9787	195	ok	|	0.25	1.00	1.00	0.28	0.05	0	|	rapi	0.25	0.28	0	|	51.0	0.28(51)	0.28(51)	|	7664	
9787	196	ok	|	0.26	1.00	1.00	0.28	0.05	0	|	rapi	0.26	0.28	0	|	51.0	0.28(51)	0.28(51)	|	7664	
9787	197	ok	|	0.27	1.00	1.00	0.30	0.05	0	|	rapi	0.27	0.30	0	|	51.0	0.30(51)	0.30(51)	|	7664	
9787	198	ok	|	0.26	1.00	1.00	0.28	0.05	0	|	rapi	0.26	0.28	0	|	51.0	0.28(51)	0.28(51)	|	7664	
9787	199	ok	|	0.26	1.00	1.00	0.28	0.05	0	|	rapi	0.26	0.28	0	|	51.0	0.28(51)	0.28(51)	|	7664	
9787	200	ok	|	0.25	1.00	1.00	0.27	0.05	0	|	rapi	0.25	0.27	0	|	51.0	0.27(51)	0.27(51)	|	7664	
9787	201	ok	|	0.26	1.00	1.00	0.28	0.05	0	|	rapi	0.26	0.28	0	|	51.0	0.28(51)	0.28(51)	|	7664	
9787	202	ok	|	0.26	1.00	1.00	0.29	0.05	0	|	rapi	0.26	0.29	0	|	51.0	0.29(51)	0.29(51)	|	7664	
9787	203	ok	|	0.24	1.00	1.00	0.26	0.04	0	|	rapi	0.24	0.26	0	|	51.0	0.26(51)	0.26(51)	|	7664	
9787	204	ok	|	0.23	1.00	1.00	0.26	0.04	0	|	rapi	0.23	0.26	0	|	51.0	0.26(51)	0.26(51)	|	7664	
9787	205	ok	|	0.24	1.00	1.00	0.26	0.04	0	|	rapi	0.24	0.26	0	|	51.0	0.26(51)	0.26(51)	|	7664	
9787	206	ok	|	0.23	1.00	1.00	0.25	0.04	0	|	rapi	0.23	0.25	0	|	51.0	0.25(51)	0.25(51)	|	7664	
9787	207	ok	|	0.23	1.00	1.00	0.24	0.04	0	|	rapi	0.23	0.24	0	|	51.0	0.24(51)	0.24(51)	|	7664	
9787	208	ok	|	0.23	1.00	1.00	0.24	0.04	0	|	rapi	0.23	0.24	0	|	51.0	0.24(51)	0.24(51)	|	7664	
9787	209	ok	|	0.23	1.00	1.00	0.24	0.04	0	|	rapi	0.23	0.24	0	|	51.0	0.24(51)	0.24(51)	|	7664	
9787	210	ok	|	0.24	1.00	1.00	0.26	0.04	0	|	rapi	0.24	0.26	0	|	51.0	0.26(51)	0.26(51)	|	7664	
9787	211	ok	|	0.24	1.00	1.00	0.27	0.04	0	|	rapi	0.24	0.27	0	|	51.0	0.27(51)	0.27(51)	|	7664	
9787	212	ok	|	0.24	1.00	1.00	0.26	0.04	0	|	rapi	0.24	0.26	0	|	51.0	0.26(51)	0.26(51)	|	7664	
9787	213	ok	|	0.25	1.00	1.00	0.27	0.05	0	|	rapi	0.25	0.27	0	|	51.0	0.27(51)	0.27(51)	|	7664	
9787	214	ok	|	0.25	1.00	1.00	0.28	0.05	0	|	rapi	0.25	0.28	0	|	51.0	0.28(51)	0.28(51)	|	7664	
9787	215	ok	|	0.24	1.00	1.00	0.26	0.04	0	|	rapi	0.24	0.26	0	|	51.0	0.26(51)	0.26(51)	|	7664	
9787	216	ok	|	0.22	1.00	1.00	0.24	0.06	0	|	rapi	0.22	0.24	0	|	51.0	0.24(51)	0.24(51)	|	7664	
9787	217	ok	|	0.21	1.00	1.00	0.21	0.05	0	|	rapi	0.21	0.21	0	|	51.0	0.21(51)	0.21(51)	|	7664	
9787	218	ok	|	0.18	1.00	1.00	0.20	0.05	0	|	rapi	0.18	0.20	0	|	51.0	0.20(51)	0.20(51)	|	7664	
9787	219	ok	|	0.19	1.00	1.00	0.21	0.05	0	|	rapi	0.19	0.21	0	|	51.0	0.21(51)	0.21(51)	|	7664	
9787	220	ok	|	0.19	1.00	1.00	0.20	0.05	0	|	rapi	0.19	0.20	0	|	51.0	0.20(51)	0.20(51)	|	7664	
9787	221	ok	|	0.20	1.00	1.00	0.20	0.05	0	|	rapi	0.20	0.20	0	|	51.0	0.20(51)	0.20(51)	|	7664	
9787	222	ok	|	0.16	1.00	1.00	0.18	0.04	0	|	rapi	0.16	0.18	0	|	51.0	0.18(51)	0.18(51)	|	7664	
9787	223	ok	|	0.19	1.00	1.00	0.20	0.05	0	|	rapi	0.19	0.20	0	|	51.0	0.20(51)	0.20(51)	|	7664	
9787	224	ok	|	0.19	1.00	1.00	0.20	0.05	0	|	rapi	0.19	0.20	0	|	51.0	0.20(51)	0.20(51)	|	7664	
9787	225	ok	|	0.19	1.00	1.00	0.21	0.05	0	|	rapi	0.19	0.21	0	|	51.0	0.21(51)	0.21(51)	|	7664	
9787	226	ok	|	0.18	1.00	1.00	0.19	0.05	0	|	rapi	0.18	0.19	0	|	51.0	0.19(51)	0.19(51)	|	7664	
9787	227	ok	|	0.16	1.00	1.00	0.17	0.04	0	|	rapi	0.16	0.17	0	|	51.0	0.17(51)	0.17(51)	|	7664	
9787	228	ok	|	0.17	1.00	1.00	0.18	0.04	0	|	rapi	0.17	0.18	0	|	51.0	0.18(51)	0.18(51)	|	7664	
9787	229	ok	|	0.16	1.00	1.00	0.17	0.04	0	|	rapi	0.16	0.17	0	|	51.0	0.17(51)	0.17(51)	|	7664	
9787	230	ok	|	0.16	1.00	1.00	0.16	0.04	0	|	rapi	0.16	0.16	0	|	51.0	0.16(51)	0.16(51)	|	7664	
9787	231	ok	|	0.16	1.00	1.00	0.17	0.04	0	|	rapi	0.16	0.17	0	|	51.0	0.17(51)	0.17(51)	|	7664	
9787	232	ok	|	0.18	1.00	1.00	0.20	0.05	0	|	rapi	0.18	0.20	0	|	51.0	0.20(51)	0.20(51)	|	7664	
9787	233	ok	|	0.18	1.00	1.00	0.21	0.05	0	|	rapi	0.18	0.21	0	|	51.0	0.21(51)	0.21(51)	|	7664	
9787	234	ok	|	0.16	1.00	1.00	0.18	0.04	0	|	rapi	0.16	0.18	0	|	51.0	0.18(51)	0.18(51)	|	7664	
9787	235	ok	|	0.18	1.00	1.00	0.20	0.05	0	|	rapi	0.18	0.20	0	|	51.0	0.20(51)	0.20(51)	|	7664	
9787	236	ok	|	0.19	1.00	1.00	0.21	0.05	0	|	rapi	0.19	0.21	0	|	51.0	0.21(51)	0.21(51)	|	7664	
9787	237	ok	|	0.18	1.00	1.00	0.19	0.05	0	|	rapi	0.18	0.19	0	|	51.0	0.19(51)	0.19(51)	|	7664	
9787	238	ok	|	0.19	1.00	1.00	0.20	0.05	0	|	rapi	0.19	0.20	0	|	51.0	0.20(51)	0.20(51)	|	7664	
9787	239	ok	|	0.20	1.00	1.00	0.21	0.05	0	|	rapi	0.20	0.21	0	|	51.0	0.21(51)	0.21(51)	|	7664	
9787	240	ok	|	0.20	1.00	1.00	0.22	0.06	0	|	rapi	0.20	0.22	0	|	51.0	0.22(51)	0.22(51)	|	7664	
9787	241	ok	|	0.20	1.00	1.00	0.21	0.05	0	|	rapi	0.20	0.21	0	|	51.0	0.21(51)	0.21(51)	|	7664	
9787	242	ok	|	0.20	1.00	1.00	0.21	0.05	0	|	rapi	0.20	0.21	0	|	51.0	0.21(51)	0.21(51)	|	7664	
9787	243	ok	|	0.21	1.00	1.00	0.22	0.06	0	|	rapi	0.21	0.22	0	|	51.0	0.22(51)	0.22(51)	|	7664	
9787	244	ok	|	0.19	1.00	1.00	0.20	0.05	0	|	rapi	0.19	0.20	0	|	51.0	0.20(51)	0.20(51)	|	7664	
9787	245	ok	|	0.18	1.00	1.00	0.19	0.05	0	|	rapi	0.18	0.19	0	|	51.0	0.19(51)	0.19(51)	|	7664	
9787	246	ok	|	0.17	1.00	1.00	0.18	0.05	0	|	rapi	0.17	0.18	0	|	51.0	0.18(51)	0.18(51)	|	7664	
9787	247	ok	|	0.17	1.00	1.00	0.18	0.04	0	|	rapi	0.17	0.18	0	|	51.0	0.18(51)	0.18(51)	|	7664	
9787	248	ok	|	0.17	1.00	1.00	0.18	0.04	0	|	rapi	0.17	0.18	0	|	51.0	0.18(51)	0.18(51)	|	7664	
9787	249	ok	|	0.15	1.00	1.00	0.15	0.04	0	|	rapi	0.15	0.15	0	|	51.0	0.15(51)	0.15(51)	|	7664	
9787	250	ok	|	0.15	1.00	1.00	0.16	0.04	0	|	rapi	0.15	0.16	0	|	51.0	0.16(51)	0.16(51)	|	7664	
9787	251	ok	|	0.17	1.00	1.00	0.17	0.04	0	|	rapi	0.17	0.17	0	|	51.0	0.17(51)	0.17(51)	|	7664	
9787	252	ok	|	0.15	1.00	1.00	0.16	0.04	0	|	rapi	0.15	0.16	0	|	51.0	0.16(51)	0.16(51)	|	7664	
9787	253	ok	|	0.13	1.00	1.00	0.14	0.03	0	|	rapi	0.13	0.14	0	|	51.0	0.14(51)	0.14(51)	|	7664	
9787	254	ok	|	0.15	1.00	1.00	0.15	0.04	0	|	rapi	0.15	0.15	0	|	51.0	0.15(51)	0.15(51)	|	7664	
9787	255	ok	|	0.14	1.00	1.00	0.14	0.04	0	|	rapi	0.14	0.14	0	|	51.0	0.14(51)	0.14(51)	|	7664	
9787	256	ok	|	0.13	1.00	1.00	0.14	0.03	0	|	rapi	0.13	0.14	0	|	51.0	0.14(51)	0.14(51)	|	7664	
9787	257	ok	|	0.13	1.00	1.00	0.13	0.03	0	|	rapi	0.13	0.13	0	|	51.0	0.13(51)	0.13(51)	|	7664	
9787	258	ok	|	0.12	1.00	1.00	0.12	0.03	0	|	rapi	0.12	0.12	0	|	51.0	0.12(51)	0.12(51)	|	7664	
9787	259	ok	|	0.12	1.00	1.00	0.12	0.03	0	|	rapi	0.12	0.12	0	|	51.0	0.12(51)	0.12(51)	|	7664	
9787	260	ok	|	0.11	1.00	1.00	0.12	0.03	0	|	rapi	0.11	0.12	0	|	51.0	0.12(51)	0.12(51)	|	7664	
9787	261	ok	|	0.10	1.00	1.00	0.11	0.03	0	|	rapi	0.10	0.11	0	|	51.0	0.11(51)	0.11(51)	|	7664	
9787	262	ok	|	0.11	1.00	1.00	0.11	0.03	0	|	rapi	0.11	0.11	0	|	51.0	0.11(51)	0.11(51)	|	7664	
9787	263	ok	|	0.12	1.00	1.00	0.13	0.03	0	|	rapi	0.12	0.13	0	|	51.0	0.13(51)	0.13(51)	|	7664	
9787	264	ok	|	0.11	1.00	1.00	0.12	0.03	0	|	rapi	0.11	0.12	0	|	51.0	0.12(51)	0.12(51)	|	7664	
9787	265	ok	|	0.12	1.00	1.00	0.13	0.03	0	|	rapi	0.12	0.13	0	|	51.0	0.13(51)	0.13(51)	|	7664	
9787	266	ok	|	0.14	1.00	1.00	0.14	0.04	0	|	rapi	0.14	0.14	0	|	51.0	0.14(51)	0.14(51)	|	7664	
9787	267	ok	|	0.12	1.00	1.00	0.12	0.03	0	|	rapi	0.12	0.12	0	|	51.0	0.12(51)	0.12(51)	|	7664	
9787	268	ok	|	0.12	1.00	1.00	0.12	0.03	0	|	rapi	0.12	0.12	0	|	51.0	0.12(51)	0.12(51)	|	7664	
9787	269	ok	|	0.13	1.00	1.00	0.14	0.03	0	|	rapi	0.13	0.14	0	|	51.0	0.14(51)	0.14(51)	|	7664	
9787	270	ok	|	0.13	1.00	1.00	0.13	0.03	0	|	rapi	0.13	0.13	0	|	51.0	0.13(51)	0.13(51)	|	7664	
9787	271	ok	|	0.11	1.00	1.00	0.11	0.03	0	|	rapi	0.11	0.11	0	|	51.0	0.11(51)	0.11(51)	|	7664	
9787	272	ok	|	0.10	1.00	1.00	0.10	0.03	0	|	rapi	0.10	0.10	0	|	51.0	0.10(51)	0.10(51)	|	7664	
9787	273	ok	|	0.09	1.00	1.00	0.09	0.02	0	|	rapi	0.09	0.09	0	|	51.0	0.09(51)	0.09(51)	|	7664	
9787	274	ok	|	0.11	1.00	1.00	0.11	0.03	0	|	rapi	0.11	0.11	0	|	51.0	0.11(51)	0.11(51)	|	7664	
9787	275	ok	|	0.10	1.00	1.00	0.10	0.03	0	|	rapi	0.10	0.10	0	|	51.0	0.10(51)	0.10(51)	|	7664	
9787	276	ok	|	0.10	1.00	1.00	0.10	0.03	0	|	rapi	0.10	0.10	0	|	51.0	0.10(51)	0.10(51)	|	7664	
9787	277	ok	|	0.11	1.00	1.00	0.12	0.03	0	|	rapi	0.11	0.12	0	|	51.0	0.12(51)	0.12(51)	|	7664	
9787	278	ok	|	0.12	1.00	1.00	0.12	0.03	0	|	rapi	0.12	0.12	0	|	51.0	0.12(51)	0.12(51)	|	7664	
9787	279	ok	|	0.11	1.00	1.00	0.11	0.03	0	|	rapi	0.11	0.11	0	|	51.0	0.11(51)	0.11(51)	|	7664	
9787	280	ok	|	0.11	1.00	1.00	0.11	0.03	0	|	rapi	0.11	0.11	0	|	51.0	0.11(51)	0.11(51)	|	7664	
9787	281	ok	|	0.10	1.00	1.00	0.11	0.03	0	|	rapi	0.10	0.11	0	|	51.0	0.11(51)	0.11(51)	|	7664	
9787	282	ok	|	0.11	1.00	1.00	0.11	0.03	0	|	rapi	0.11	0.11	0	|	51.0	0.11(51)	0.11(51)	|	7664	
9787	283	ok	|	0.11	1.00	1.00	0.11	0.03	0	|	rapi	0.11	0.11	0	|	51.0	0.11(51)	0.11(51)	|	7664	
9787	284	ok	|	0.12	1.00	1.00	0.13	0.03	0	|	rapi	0.12	0.13	0	|	51.0	0.13(51)	0.13(51)	|	7664	
9787	285	ok	|	0.13	1.00	1.00	0.13	0.03	0	|	rapi	0.13	0.13	0	|	51.0	0.13(51)	0.13(51)	|	7664	
9787	286	ok	|	0.13	1.00	1.00	0.14	0.04	0	|	rapi	0.13	0.14	0	|	51.0	0.14(51)	0.14(51)	|	7664	
9787	287	ok	|	0.12	1.00	1.00	0.13	0.03	0	|	rapi	0.12	0.13	0	|	51.0	0.13(51)	0.13(51)	|	7664	
9787	288	ok	|	0.12	1.00	1.00	0.13	0.03	0	|	rapi	0.12	0.13	0	|	51.0	0.13(51)	0.13(51)	|	7664	
9787	289	ok	|	0.14	1.00	1.00	0.14	0.04	0	|	rapi	0.14	0.14	0	|	51.0	0.14(51)	0.14(51)	|	7664	
9787	290	ok	|	0.14	1.00	1.00	0.15	0.04	0	|	rapi	0.14	0.15	0	|	51.0	0.15(51)	0.15(51)	|	7664	
9787	291	ok	|	0.11	1.00	1.00	0.11	0.03	0	|	rapi	0.11	0.11	0	|	51.0	0.11(51)	0.11(51)	|	7664	
9787	292	ok	|	0.11	1.00	1.00	0.12	0.03	0	|	rapi	0.11	0.12	0	|	51.0	0.12(51)	0.12(51)	|	7664	
9787	293	ok	|	0.12	1.00	1.00	0.12	0.03	0	|	rapi	0.12	0.12	0	|	51.0	0.12(51)	0.12(51)	|	7664	
9787	294	ok	|	0.11	1.00	1.00	0.12	0.03	0	|	rapi	0.11	0.12	0	|	51.0	0.12(51)	0.12(51)	|	7664	
9787	295	ok	|	0.11	1.00	1.00	0.11	0.03	0	|	rapi	0.11	0.11	0	|	51.0	0.11(51)	0.11(51)	|	7664	
9787	296	ok	|	0.10	1.00	1.00	0.10	0.03	0	|	rapi	0.10	0.10	0	|	51.0	0.10(51)	0.10(51)	|	7664	
9787	297	ok	|	0.09	1.00	1.00	0.10	0.02	0	|	rapi	0.09	0.10	0	|	51.0	0.10(51)	0.10(51)	|	7664	
9787	298	ok	|	0.08	1.00	1.00	0.09	0.02	0	|	rapi	0.08	0.09	0	|	51.0	0.09(51)	0.09(51)	|	7664	
9787	299	ok	|	0.08	1.00	1.00	0.08	0.02	0	|	rapi	0.08	0.08	0	|	51.0	0.08(51)	0.08(51)	|	7664	
9787	300	ok	|	0.08	1.00	1.00	0.08	0.02	0	|	rapi	0.08	0.08	0	|	51.0	0.08(51)	0.08(51)	|	7664	
9787	301	ok	|	0.08	1.00	1.00	0.09	0.02	0	|	rapi	0.08	0.09	0	|	51.0	0.09(51)	0.09(51)	|	7664	
9787	302	ok	|	0.07	1.00	1.00	0.07	0.02	0	|	rapi	0.07	0.07	0	|	51.0	0.07(51)	0.07(51)	|	7664	
9787	303	ok	|	0.06	1.00	1.00	0.06	0.02	0	|	rapi	0.06	0.06	0	|	51.0	0.06(51)	0.06(51)	|	7664	
9787	304	ok	|	0.05	1.00	1.00	0.05	0.01	0	|	rapi	0.05	0.05	0	|	51.0	0.05(51)	0.05(51)	|	7664	
9787	305	ok	|	0.05	1.00	1.00	0.05	0.01	0	|	rapi	0.05	0.05	0	|	51.0	0.05(51)	0.05(51)	|	7664	
9787	306	ok	|	0.05	1.00	1.00	0.05	0.01	0	|	rapi	0.05	0.05	0	|	51.0	0.05(51)	0.05(51)	|	7664	
9787	307	ok	|	0.05	1.00	1.00	0.05	0.01	0	|	rapi	0.05	0.05	0	|	51.0	0.05(51)	0.05(51)	|	7664	
9787	308	ok	|	0.06	1.00	1.00	0.06	0.01	0	|	rapi	0.06	0.06	0	|	51.0	0.06(51)	0.06(51)	|	7664	
9787	309	ok	|	0.07	1.00	1.00	0.07	0.02	0	|	rapi	0.07	0.07	0	|	51.0	0.07(51)	0.07(51)	|	7664	
9787	310	ok	|	0.07	1.00	1.00	0.07	0.02	0	|	rapi	0.07	0.07	0	|	51.0	0.07(51)	0.07(51)	|	7664	
9787	311	ok	|	0.06	1.00	1.00	0.06	0.01	0	|	rapi	0.06	0.06	0	|	51.0	0.06(51)	0.06(51)	|	7664	
9787	312	ok	|	0.06	1.00	1.00	0.06	0.02	0	|	rapi	0.06	0.06	0	|	51.0	0.06(51)	0.06(51)	|	7664	
9787	313	ok	|	0.08	1.00	1.00	0.08	0.02	0	|	rapi	0.08	0.08	0	|	51.0	0.08(51)	0.08(51)	|	7664	
9787	314	ok	|	0.08	1.00	1.00	0.09	0.02	0	|	rapi	0.08	0.09	0	|	51.0	0.09(51)	0.09(51)	|	7664	
9787	315	ok	|	0.07	1.00	1.00	0.07	0.02	0	|	rapi	0.07	0.07	0	|	51.0	0.07(51)	0.07(51)	|	7664	
9787	316	ok	|	0.06	1.00	1.00	0.06	0.02	0	|	rapi	0.06	0.06	0	|	51.0	0.06(51)	0.06(51)	|	7664	
9787	317	ok	|	0.06	1.00	1.00	0.06	0.02	0	|	rapi	0.06	0.06	0	|	51.0	0.06(51)	0.06(51)	|	7664	
9787	318	ok	|	0.06	1.00	1.00	0.07	0.02	0	|	rapi	0.06	0.07	0	|	51.0	0.07(51)	0.07(51)	|	7664	
9787	319	ok	|	0.06	1.00	1.00	0.07	0.02	0	|	rapi	0.06	0.07	0	|	51.0	0.07(51)	0.07(51)	|	7664	
9787	320	ok	|	0.08	1.00	1.00	0.08	0.02	0	|	rapi	0.08	0.08	0	|	51.0	0.08(51)	0.08(51)	|	7664	
9787	321	ok	|	0.07	1.00	1.00	0.07	0.02	0	|	rapi	0.07	0.07	0	|	51.0	0.07(51)	0.07(51)	|	7664	
9787	322	ok	|	0.08	1.00	1.00	0.08	0.02	0	|	rapi	0.08	0.08	0	|	51.0	0.08(51)	0.08(51)	|	7664	
9787	323	ok	|	0.07	1.00	1.00	0.08	0.02	0	|	rapi	0.07	0.08	0	|	51.0	0.08(51)	0.08(51)	|	7664	
9787	324	ok	|	0.07	1.00	1.00	0.07	0.02	0	|	rapi	0.07	0.07	0	|	51.0	0.07(51)	0.07(51)	|	7664	
9787	325	ok	|	0.07	1.00	1.00	0.07	0.02	0	|	rapi	0.07	0.07	0	|	51.0	0.07(51)	0.07(51)	|	7664	
9787	326	ok	|	0.07	1.00	1.00	0.07	0.02	0	|	rapi	0.07	0.07	0	|	51.0	0.07(51)	0.07(51)	|	7664	
9787	327	ok	|	0.07	1.00	1.00	0.08	0.02	0	|	rapi	0.07	0.08	0	|	51.0	0.08(51)	0.08(51)	|	7664	
9787	328	ok	|	0.07	1.00	1.00	0.07	0.02	0	|	rapi	0.07	0.07	0	|	51.0	0.07(51)	0.07(51)	|	7664	
9787	329	ok	|	0.07	1.00	1.00	0.07	0.02	0	|	rapi	0.07	0.07	0	|	51.0	0.07(51)	0.07(51)	|	7664	
9787	330	ok	|	0.07	1.00	1.00	0.07	0.02	0	|	rapi	0.07	0.07	0	|	51.0	0.07(51)	0.07(51)	|	7664	
9787	331	ok	|	0.04	1.00	1.00	0.04	0.01	0	|	rapi	0.04	0.04	0	|	51.0	0.04(51)	0.04(51)	|	7664	
9787	332	ok	|	0.04	1.00	1.00	0.04	0.01	0	|	rapi	0.04	0.04	0	|	51.0	0.04(51)	0.04(51)	|	7664	
9787	333	ok	|	0.05	1.00	1.00	0.05	0.01	0	|	rapi	0.05	0.05	0	|	51.0	0.05(51)	0.05(51)	|	7664	
9787	334	ok	|	0.04	1.00	1.00	0.04	0.01	0	|	rapi	0.04	0.04	0	|	51.0	0.04(51)	0.04(51)	|	7664	
9787	335	ok	|	0.06	1.00	1.00	0.06	0.01	0	|	rapi	0.06	0.06	0	|	51.0	0.06(51)	0.06(51)	|	7664	
9787	336	ok	|	0.04	1.00	1.00	0.04	0.01	0	|	rapi	0.04	0.04	0	|	51.0	0.04(51)	0.04(51)	|	7664	
9787	337	ok	|	0.05	1.00	1.00	0.05	0.01	0	|	rapi	0.05	0.05	0	|	51.0	0.05(51)	0.05(51)	|	7664	
9787	338	ok	|	0.05	1.00	1.00	0.06	0.01	0	|	rapi	0.05	0.06	0	|	51.0	0.06(51)	0.06(51)	|	7664	
9787	339	ok	|	0.06	1.00	1.00	0.06	0.01	0	|	rapi	0.06	0.06	0	|	51.0	0.06(51)	0.06(51)	|	7664	
9787	340	ok	|	0.05	1.00	1.00	0.05	0.01	0	|	rapi	0.05	0.05	0	|	51.0	0.05(51)	0.05(51)	|	7664	
9787	341	ok	|	0.04	1.00	1.00	0.05	0.01	0	|	rapi	0.04	0.05	0	|	51.0	0.05(51)	0.05(51)	|	7664	
9787	342	ok	|	0.04	1.00	1.00	0.04	0.02	0	|	rapi	0.04	0.04	0	|	51.0	0.04(51)	0.04(51)	|	7664	
9787	343	ok	|	0.04	1.00	1.00	0.04	0.02	0	|	rapi	0.04	0.04	0	|	51.0	0.04(51)	0.04(51)	|	7664	
9787	344	ok	|	0.05	1.00	1.00	0.05	0.03	0	|	rapi	0.05	0.05	0	|	51.0	0.05(51)	0.05(51)	|	7664	
9787	345	ok	|	0.05	1.00	1.00	0.05	0.03	0	|	rapi	0.05	0.05	0	|	51.0	0.05(51)	0.05(51)	|	7664	
9787	346	ok	|	0.05	1.00	1.00	0.05	0.03	0	|	rapi	0.05	0.05	0	|	51.0	0.05(51)	0.05(51)	|	7664	
9787	347	ok	|	0.06	1.00	1.00	0.06	0.03	0	|	rapi	0.06	0.06	0	|	51.0	0.06(51)	0.06(51)	|	7664	
9787	348	ok	|	0.06	1.00	1.00	0.06	0.03	0	|	rapi	0.06	0.06	0	|	51.0	0.06(51)	0.06(51)	|	7664	
9787	349	ok	|	0.05	1.00	1.00	0.06	0.03	0	|	rapi	0.05	0.06	0	|	51.0	0.06(51)	0.06(51)	|	7664	
9787	350	ok	|	0.05	1.00	1.00	0.06	0.03	0	|	rapi	0.05	0.06	0	|	51.0	0.06(51)	0.06(51)	|	7664	
9787	351	ok	|	0.06	1.00	1.00	0.06	0.03	0	|	rapi	0.06	0.06	0	|	51.0	0.06(51)	0.06(51)	|	7664	
9787	352	ok	|	0.05	1.00	1.00	0.05	0.02	0	|	rapi	0.05	0.05	0	|	51.0	0.05(51)	0.05(51)	|	7664	
9787	353	ok	|	0.04	1.00	1.00	0.04	0.02	0	|	rapi	0.04	0.04	0	|	51.0	0.04(51)	0.04(51)	|	7664	
9787	354	ok	|	0.04	1.00	1.00	0.04	0.02	0	|	rapi	0.04	0.04	0	|	51.0	0.04(51)	0.04(51)	|	7664	
9787	355	ok	|	0.03	1.00	1.00	0.04	0.02	0	|	rapi	0.03	0.04	0	|	51.0	0.04(51)	0.04(51)	|	7664	
9787	356	ok	|	0.04	1.00	1.00	0.04	0.02	0	|	rapi	0.04	0.04	0	|	51.0	0.04(51)	0.04(51)	|	7664	
9787	357	ok	|	0.04	1.00	1.00	0.05	0.02	0	|	rapi	0.04	0.05	0	|	51.0	0.05(51)	0.05(51)	|	7664	
9787	358	ok	|	0.05	1.00	1.00	0.05	0.03	0	|	rapi	0.05	0.05	0	|	51.0	0.05(51)	0.05(51)	|	7664	
9787	359	ok	|	0.06	1.00	1.00	0.06	0.03	0	|	rapi	0.06	0.06	0	|	51.0	0.06(51)	0.06(51)	|	7664	
9787	360	ok	|	0.05	1.00	1.00	0.05	0.03	0	|	rapi	0.05	0.05	0	|	51.0	0.05(51)	0.05(51)	|	7664	
9787	361	ok	|	0.06	1.00	1.00	0.06	0.03	0	|	rapi	0.06	0.06	0	|	51.0	0.06(51)	0.06(51)	|	7664	
9787	362	ok	|	0.07	1.00	1.00	0.07	0.04	0	|	rapi	0.07	0.07	0	|	51.0	0.07(51)	0.07(51)	|	7664	
9787	363	ok	|	0.07	1.00	1.00	0.07	0.03	0	|	rapi	0.07	0.07	0	|	51.0	0.07(51)	0.07(51)	|	7664	
9787	364	ok	|	0.06	1.00	1.00	0.06	0.03	0	|	rapi	0.06	0.06	0	|	51.0	0.06(51)	0.06(51)	|	7664	
9787	365	ok	|	0.07	1.00	1.00	0.07	0.04	0	|	rapi	0.07	0.07	0	|	51.0	0.07(51)	0.07(51)	|	7664	
9787	366	ok	|	0.06	1.00	1.00	0.06	0.03	0	|	rapi	0.06	0.06	0	|	51.0	0.06(51)	0.06(51)	|	7664	
9787	367	ok	|	0.07	1.00	1.00	0.07	0.04	0	|	rapi	0.07	0.07	0	|	51.0	0.07(51)	0.07(51)	|	7664	
9787	368	ok	|	0.05	1.00	1.00	0.05	0.02	0	|	rapi	0.05	0.05	0	|	51.0	0.05(51)	0.05(51)	|	7664	
9787	369	ok	|	0.04	1.00	1.00	0.04	0.02	0	|	rapi	0.04	0.04	0	|	51.0	0.04(51)	0.04(51)	|	7664	
9787	370	ok	|	0.03	1.00	1.00	0.03	0.01	0	|	rapi	0.03	0.03	0	|	51.0	0.03(51)	0.03(51)	|	7664	
9787	371	ok	|	0.04	1.00	1.00	0.04	0.02	0	|	rapi	0.04	0.04	0	|	51.0	0.04(51)	0.04(51)	|	7664	
9787	372	ok	|	0.03	1.00	1.00	0.03	0.02	0	|	rapi	0.03	0.03	0	|	51.0	0.03(51)	0.03(51)	|	7664	
9787	373	ok	|	0.03	1.00	1.00	0.03	0.01	0	|	rapi	0.03	0.03	0	|	51.0	0.03(51)	0.03(51)	|	7664	
9787	374	ok	|	0.03	1.00	1.00	0.03	0.01	0	|	rapi	0.03	0.03	0	|	51.0	0.03(51)	0.03(51)	|	7664	
9787	375	ok	|	0.03	1.00	1.00	0.03	0.02	0	|	rapi	0.03	0.03	0	|	51.0	0.03(51)	0.03(51)	|	7664	
9787	376	ok	|	0.03	1.00	1.00	0.03	0.02	0	|	rapi	0.03	0.03	0	|	51.0	0.03(51)	0.03(51)	|	7664	
9787	377	ok	|	0.04	1.00	1.00	0.04	0.02	0	|	rapi	0.04	0.04	0	|	51.0	0.04(51)	0.04(51)	|	7664	
9787	378	ok	|	0.04	1.00	1.00	0.04	0.02	0	|	rapi	0.04	0.04	0	|	51.0	0.04(51)	0.04(51)	|	7664	
9787	379	ok	|	0.04	1.00	1.00	0.04	0.02	0	|	rapi	0.04	0.04	0	|	51.0	0.04(51)	0.04(51)	|	7664	
9787	380	ok	|	0.05	1.00	1.00	0.05	0.03	0	|	rapi	0.05	0.05	0	|	51.0	0.05(51)	0.05(51)	|	7664	
9787	381	ok	|	0.04	1.00	1.00	0.04	0.02	0	|	rapi	0.04	0.04	0	|	51.0	0.04(51)	0.04(51)	|	7664	
9787	382	ok	|	0.04	1.00	1.00	0.04	0.02	0	|	rapi	0.04	0.04	0	|	51.0	0.04(51)	0.04(51)	|	7664	
9787	383	ok	|	0.04	1.00	1.00	0.04	0.02	0	|	rapi	0.04	0.04	0	|	51.0	0.04(51)	0.04(51)	|	7664	
9787	384	ok	|	0.04	1.00	1.00	0.04	0.02	0	|	rapi	0.04	0.04	0	|	51.0	0.04(51)	0.04(51)	|	7664	
9787	385	ok	|	0.05	1.00	1.00	0.05	0.03	0	|	rapi	0.05	0.05	0	|	51.0	0.05(51)	0.05(51)	|	7664	
9787	386	ok	|	0.06	1.00	1.00	0.06	0.03	0	|	rapi	0.06	0.06	0	|	51.0	0.06(51)	0.06(51)	|	7664	
9787	387	ok	|	0.06	1.00	1.00	0.06	0.03	0	|	rapi	0.06	0.06	0	|	51.0	0.06(51)	0.06(51)	|	7664	
9787	388	ok	|	0.06	1.00	1.00	0.06	0.03	0	|	rapi	0.06	0.06	0	|	51.0	0.06(51)	0.06(51)	|	7664	
9787	389	ok	|	0.06	1.00	1.00	0.06	0.03	0	|	rapi	0.06	0.06	0	|	51.0	0.06(51)	0.06(51)	|	7664	
9787	390	ok	|	0.04	1.00	1.00	0.05	0.02	0	|	rapi	0.04	0.05	0	|	51.0	0.05(51)	0.05(51)	|	7664	
9787	391	ok	|	0.04	1.00	1.00	0.04	0.02	0	|	rapi	0.04	0.04	0	|	51.0	0.04(51)	0.04(51)	|	7664	
9787	392	ok	|	0.03	1.00	1.00	0.03	0.02	0	|	rapi	0.03	0.03	0	|	51.0	0.03(51)	0.03(51)	|	7664	
9787	393	ok	|	0.03	1.00	1.00	0.03	0.02	0	|	rapi	0.03	0.03	0	|	51.0	0.03(51)	0.03(51)	|	7664	
9787	394	ok	|	0.03	1.00	1.00	0.03	0.01	0	|	rapi	0.03	0.03	0	|	51.0	0.03(51)	0.03(51)	|	7664	
9787	395	ok	|	0.03	1.00	1.00	0.03	0.01	0	|	rapi	0.03	0.03	0	|	51.0	0.03(51)	0.03(51)	|	7664	
9787	396	ok	|	0.03	1.00	1.00	0.03	0.01	0	|	rapi	0.03	0.03	0	|	51.0	0.03(51)	0.03(51)	|	7664	
9787	397	ok	|	0.02	1.00	1.00	0.02	0.01	0	|	rapi	0.02	0.02	0	|	51.0	0.02(51)	0.02(51)	|	7664	
9787	398	ok	|	0.03	1.00	1.00	0.03	0.01	0	|	rapi	0.03	0.03	0	|	51.0	0.03(51)	0.03(51)	|	7664	
9787	399	ok	|	0.03	1.00	1.00	0.03	0.01	0	|	rapi	0.03	0.03	0	|	51.0	0.03(51)	0.03(51)	|	7664	
9787	400	ok	|	0.03	1.00	1.00	0.03	0.01	0	|	rapi	0.03	0.03	0	|	51.0	0.03(51)	0.03(51)	|	7664	
9787	401	ok	|	0.04	1.00	1.00	0.04	0.02	0	|	rapi	0.04	0.04	0	|	51.0	0.04(51)	0.04(51)	|	7664	
9787	402	ok	|	0.03	1.00	1.00	0.03	0.02	0	|	rapi	0.03	0.03	0	|	51.0	0.03(51)	0.03(51)	|	7664	
9787	403	ok	|	0.04	1.00	1.00	0.04	0.02	0	|	rapi	0.04	0.04	0	|	51.0	0.04(51)	0.04(51)	|	7664	
9787	404	ok	|	0.04	1.00	1.00	0.04	0.02	0	|	rapi	0.04	0.04	0	|	51.0	0.04(51)	0.04(51)	|	7664	
9787	405	ok	|	0.04	1.00	1.00	0.04	0.02	0	|	rapi	0.04	0.04	0	|	51.0	0.04(51)	0.04(51)	|	7664	
9787	406	ok	|	0.02	1.00	1.00	0.02	0.01	0	|	rapi	0.02	0.02	0	|	51.0	0.02(51)	0.02(51)	|	7664	
9787	407	ok	|	0.03	1.00	1.00	0.03	0.01	0	|	rapi	0.03	0.03	0	|	51.0	0.03(51)	0.03(51)	|	7664	
9787	408	ok	|	0.04	1.00	1.00	0.04	0.02	0	|	rapi	0.04	0.04	0	|	51.0	0.04(51)	0.04(51)	|	7664	
9787	409	ok	|	0.04	1.00	1.00	0.04	0.02	0	|	rapi	0.04	0.04	0	|	51.0	0.04(51)	0.04(51)	|	7664	
9787	410	ok	|	0.04	1.00	1.00	0.05	0.02	0	|	rapi	0.04	0.05	0	|	51.0	0.05(51)	0.05(51)	|	7664	
9787	411	ok	|	0.05	1.00	1.00	0.05	0.02	0	|	rapi	0.05	0.05	0	|	51.0	0.05(51)	0.05(51)	|	7664	
9787	412	ok	|	0.03	1.00	1.00	0.03	0.02	0	|	rapi	0.03	0.03	0	|	51.0	0.03(51)	0.03(51)	|	7664	
9787	413	ok	|	0.04	1.00	1.00	0.04	0.02	0	|	rapi	0.04	0.04	0	|	51.0	0.04(51)	0.04(51)	|	7664	
9787	414	ok	|	0.05	1.00	1.00	0.05	0.02	0	|	rapi	0.05	0.05	0	|	51.0	0.05(51)	0.05(51)	|	7664	
9787	415	ok	|	0.05	1.00	1.00	0.05	0.03	0	|	rapi	0.05	0.05	0	|	51.0	0.05(51)	0.05(51)	|	7664	
9787	416	ok	|	0.05	1.00	1.00	0.05	0.02	0	|	rapi	0.05	0.05	0	|	51.0	0.05(51)	0.05(51)	|	7664	
9787	417	ok	|	0.05	1.00	1.00	0.05	0.03	0	|	rapi	0.05	0.05	0	|	51.0	0.05(51)	0.05(51)	|	7664	
9787	418	ok	|	0.04	1.00	1.00	0.05	0.02	0	|	rapi	0.04	0.05	0	|	51.0	0.05(51)	0.05(51)	|	7664	
9787	419	ok	|	0.03	1.00	1.00	0.03	0.02	0	|	rapi	0.03	0.03	0	|	51.0	0.03(51)	0.03(51)	|	7664	
9787	420	ok	|	0.04	1.00	1.00	0.04	0.02	0	|	rapi	0.04	0.04	0	|	51.0	0.04(51)	0.04(51)	|	7664	
9787	421	ok	|	0.05	1.00	1.00	0.05	0.02	0	|	rapi	0.05	0.05	0	|	51.0	0.05(51)	0.05(51)	|	7664	
9787	422	ok	|	0.05	1.00	1.00	0.06	0.03	0	|	rapi	0.05	0.06	0	|	51.0	0.06(51)	0.06(51)	|	7664	
9787	423	ok	|	0.04	1.00	1.00	0.04	0.02	0	|	rapi	0.04	0.04	0	|	51.0	0.04(51)	0.04(51)	|	7664	
9787	424	ok	|	0.04	1.00	1.00	0.04	0.02	0	|	rapi	0.04	0.04	0	|	51.0	0.04(51)	0.04(51)	|	7664	
9787	425	ok	|	0.04	1.00	1.00	0.04	0.02	0	|	rapi	0.04	0.04	0	|	51.0	0.04(51)	0.04(51)	|	7664	
9787	426	ok	|	0.05	1.00	1.00	0.05	0.02	0	|	rapi	0.05	0.05	0	|	51.0	0.05(51)	0.05(51)	|	7664	
9787	427	ok	|	0.04	1.00	1.00	0.04	0.02	0	|	rapi	0.04	0.04	0	|	51.0	0.04(51)	0.04(51)	|	7664	
9787	428	ok	|	0.06	1.00	1.00	0.06	0.03	0	|	rapi	0.06	0.06	0	|	51.0	0.06(51)	0.06(51)	|	7664	
9787	429	ok	|	0.06	1.00	1.00	0.06	0.03	0	|	rapi	0.06	0.06	0	|	51.0	0.06(51)	0.06(51)	|	7664	
9787	430	ok	|	0.06	1.00	1.00	0.06	0.03	0	|	rapi	0.06	0.06	0	|	51.0	0.06(51)	0.06(51)	|	7664	
9787	431	ok	|	0.06	1.00	1.00	0.06	0.03	0	|	rapi	0.06	0.06	0	|	51.0	0.06(51)	0.06(51)	|	7664	
9787	432	ok	|	0.05	1.00	1.00	0.05	0.03	0	|	rapi	0.05	0.05	0	|	51.0	0.05(51)	0.05(51)	|	7664	
9787	433	ok	|	0.03	1.00	1.00	0.04	0.02	0	|	rapi	0.03	0.04	0	|	51.0	0.04(51)	0.04(51)	|	7664	
9787	434	ok	|	0.03	1.00	1.00	0.03	0.02	0	|	rapi	0.03	0.03	0	|	51.0	0.03(51)	0.03(51)	|	7664	
9787	435	ok	|	0.03	1.00	1.00	0.03	0.01	0	|	rapi	0.03	0.03	0	|	51.0	0.03(51)	0.03(51)	|	7664	
9787	436	ok	|	0.03	1.00	1.00	0.03	0.01	0	|	rapi	0.03	0.03	0	|	51.0	0.03(51)	0.03(51)	|	7664	
9787	437	ok	|	0.02	1.00	1.00	0.02	0.01	0	|	rapi	0.02	0.02	0	|	51.0	0.02(51)	0.02(51)	|	7664	
9787	438	ok	|	0.02	1.00	1.00	0.02	0.01	0	|	rapi	0.02	0.02	0	|	51.0	0.02(51)	0.02(51)	|	7664	
9787	439	ok	|	0.02	1.00	1.00	0.02	0.01	0	|	rapi	0.02	0.02	0	|	51.0	0.02(51)	0.02(51)	|	7664	
9787	440	ok	|	0.02	1.00	1.00	0.02	0.01	0	|	rapi	0.02	0.02	0	|	51.0	0.02(51)	0.02(51)	|	7664	
9787	441	ok	|	0.02	1.00	1.00	0.02	0.01	0	|	rapi	0.02	0.02	0	|	51.0	0.02(51)	0.02(51)	|	7664	
9787	442	ok	|	0.02	1.00	1.00	0.02	0.01	0	|	rapi	0.02	0.02	0	|	51.0	0.02(51)	0.02(51)	|	7664	
9787	443	ok	|	0.01	1.00	1.00	0.01	0.01	0	|	rapi	0.01	0.01	0	|	51.0	0.01(51)	0.01(51)	|	7664	
9787	444	ok	|	0.01	1.00	1.00	0.01	0.01	0	|	rapi	0.01	0.01	0	|	51.0	0.01(51)	0.01(51)	|	7664	
9787	445	ok	|	0.01	1.00	1.00	0.01	0.00	0	|	rapi	0.01	0.01	0	|	51.0	0.01(51)	0.01(51)	|	7664	
9787	446	ok	|	0.01	1.00	1.00	0.01	0.01	0	|	rapi	0.01	0.01	0	|	51.0	0.01(51)	0.01(51)	|	7664	
9787	447	ok	|	0.01	1.00	1.00	0.01	0.01	0	|	rapi	0.01	0.01	0	|	51.0	0.01(51)	0.01(51)	|	7664	
9787	448	ok	|	0.01	1.00	1.00	0.01	0.01	0	|	rapi	0.01	0.01	0	|	51.0	0.01(51)	0.01(51)	|	7664	
9787	449	ok	|	0.01	1.00	1.00	0.01	0.01	0	|	rapi	0.01	0.01	0	|	51.0	0.01(51)	0.01(51)	|	7664	
9787	450	ok	|	0.01	1.00	1.00	0.01	0.01	0	|	rapi	0.01	0.01	0	|	51.0	0.01(51)	0.01(51)	|	7664	
9787	451	ok	|	0.01	1.00	1.00	0.01	0.01	0	|	rapi	0.01	0.01	0	|	51.0	0.01(51)	0.01(51)	|	7664	
9787	452	ok	|	0.01	1.00	1.00	0.01	0.01	0	|	rapi	0.01	0.01	0	|	51.0	0.01(51)	0.01(51)	|	7664	
9787	453	ok	|	0.02	1.00	1.00	0.02	0.01	0	|	rapi	0.02	0.02	0	|	51.0	0.02(51)	0.02(51)	|	7664	
9787	454	ok	|	0.02	1.00	1.00	0.02	0.01	0	|	rapi	0.02	0.02	0	|	51.0	0.02(51)	0.02(51)	|	7664	
9787	455	ok	|	0.01	1.00	1.00	0.01	0.01	0	|	rapi	0.01	0.01	0	|	51.0	0.01(51)	0.01(51)	|	7664	
9787	456	ok	|	0.02	1.00	1.00	0.02	0.01	0	|	rapi	0.02	0.02	0	|	51.0	0.02(51)	0.02(51)	|	7664	
9787	457	ok	|	0.01	1.00	1.00	0.01	0.01	0	|	rapi	0.01	0.01	0	|	51.0	0.01(51)	0.01(51)	|	7664	
9787	458	ok	|	0.01	1.00	1.00	0.01	0.01	0	|	rapi	0.01	0.01	0	|	51.0	0.01(51)	0.01(51)	|	7664	
9787	459	ok	|	0.02	1.00	1.00	0.02	0.01	0	|	rapi	0.02	0.02	0	|	51.0	0.02(51)	0.02(51)	|	7664	
9787	460	ok	|	0.01	1.00	1.00	0.01	0.00	0	|	rapi	0.01	0.01	0	|	51.0	0.01(51)	0.01(51)	|	7664	
9787	461	ok	|	0.01	1.00	1.00	0.01	0.00	0	|	rapi	0.01	0.01	0	|	51.0	0.01(51)	0.01(51)	|	7664	
9787	462	ok	|	0.00	1.00	1.00	0.00	0.00	0	|	rapi	0.00	0.00	0	|	51.0	0.00(51)	0.00(51)	|	7664	
9787	463	ok	|	0.00	1.00	1.00	0.00	0.00	0	|	rapi	0.00	0.00	0	|	51.0	0.00(51)	0.00(51)	|	7664	
9787	464	ok	|	0.00	1.00	1.00	0.00	0.00	0	|	rapi	0.00	0.00	0	|	51.0	0.00(51)	0.00(51)	|	7664	
9787	465	ok	|	0.00	1.00	1.00	0.00	0.00	0	|	rapi	0.00	0.00	0	|	51.0	0.00(51)	0.00(51)	|	7664	
9787	466	fail-0	|	0.00	1.00	1.00	0.00	NaN	0	|	rapi	0.00	0.00	0	|	NaN			|	7664	
