9857	0	ok	|	0.10	1.00	1.00	0.10	0.00	0	|	rapi	0.00	0.00	0	|	-85.0	0.10(-85)		|	5	
9857	1	ok	|	0.09	1.00	1.00	0.10	0.00	0	|	rapi	0.00	0.00	0	|	-85.0	0.10(-85)		|	5	
9857	2	ok	|	0.10	1.00	1.00	0.12	0.00	0	|	rapi	0.00	0.00	0	|	-85.0	0.12(-85)		|	5	
9857	3	ok	|	0.11	1.00	1.00	0.14	0.00	0	|	rapi	0.00	0.00	0	|	-85.0	0.14(-85)		|	5	
9857	4	ok	|	0.13	1.00	1.00	0.17	0.00	0	|	rapi	0.00	0.00	0	|	-85.0	0.17(-85)		|	5	
9857	5	ok	|	0.15	1.00	1.00	0.21	0.00	0	|	rapi	0.00	0.00	0	|	-85.0	0.21(-85)		|	5	
9857	6	ok	|	0.18	1.00	1.00	0.23	0.00	0	|	rapi	0.00	0.00	0	|	-85.0	0.23(-85)		|	5	
9857	7	ok	|	0.21	1.00	1.00	0.28	0.00	0	|	rapi	0.00	0.00	0	|	-85.0	0.28(-85)		|	5	
9857	8	ok	|	0.26	1.00	1.00	0.34	0.00	0	|	rapi	0.00	0.00	0	|	-85.0	0.34(-85)		|	5	
9857	9	ok	|	0.29	1.00	1.00	0.42	0.00	0	|	rapi	0.00	0.00	0	|	-85.0	0.42(-85)		|	5	
9857	10	ok	|	0.34	0.99	0.99	0.51	0.00	0	|	rapi	0.00	0.00	0	|	-85.0	0.51(-85)		|	5	
9857	11	ok	|	0.37	0.99	0.99	0.59	0.00	0	|	rapi	0.00	0.00	0	|	-85.0	0.59(-85)		|	5	
9857	12	ok	|	0.41	0.99	0.99	0.67	0.00	0	|	rapi	0.00	0.00	0	|	-85.0	0.67(-85)		|	5	
9857	13	ok	|	0.48	0.99	0.99	0.84	0.00	0	|	rapi	0.00	0.00	0	|	-85.0	0.84(-85)		|	5	
9857	14	ok	|	0.51	0.99	0.99	0.94	0.00	0	|	rapi	0.00	0.00	0	|	-85.0	0.94(-85)		|	5	
9857	15	ok	|	0.57	0.99	0.99	1.13	0.00	0	|	rapi	0.00	0.00	0	|	-85.0	1.13(-85)		|	5	
9857	16	ok	|	0.66	0.99	0.99	1.41	0.00	0	|	rapi	0.00	0.00	0	|	-85.0	1.41(-85)		|	5	
9857	17	ok	|	0.70	0.98	0.98	1.59	0.00	0	|	rapi	0.00	0.00	0	|	-85.0	1.59(-85)		|	5	
9857	18	ok	|	0.74	0.98	0.98	1.83	0.00	0	|	rapi	0.00	0.00	0	|	-85.0	1.83(-85)		|	5	
9857	19	ok	|	0.80	0.98	0.98	2.08	0.00	0	|	rapi	0.00	0.00	0	|	-85.0	2.08(-85)		|	5	
9857	20	ok	|	0.85	0.98	0.98	2.47	0.00	0	|	rapi	0.00	0.00	0	|	-85.0	2.47(-85)		|	5	
9857	21	ok	|	0.89	0.97	0.97	2.86	0.00	0	|	rapi	0.00	0.00	0	|	-85.0	2.86(-85)		|	5	
9857	22	ok	|	0.92	0.97	0.97	3.28	0.00	0	|	rapi	0.00	0.00	0	|	-85.0	3.28(-85)		|	5	
9857	23	ok	|	0.95	0.96	0.96	4.00	0.00	0	|	rapi	0.00	0.00	0	|	-85.0	4.00(-85)		|	5	
9857	24	ok	|	0.98	0.95	0.95	4.66	0.00	0	|	rapi	0.00	0.00	0	|	-85.0	4.66(-85)		|	5	
9857	25	ok	|	0.99	0.94	0.94	5.57	0.00	0	|	rapi	0.00	0.00	0	|	-85.0	5.57(-85)		|	5	
9857	26	ok	|	0.99	0.93	0.93	6.54	0.00	0	|	rapi	0.00	0.00	0	|	-85.0	6.54(-85)		|	5	
9857	27	ok	|	1.00	0.92	0.92	7.64	0.00	0	|	rapi	0.00	0.00	0	|	-85.0	7.64(-85)		|	5	
9857	28	ok	|	1.00	0.91	0.91	9.22	0.00	0	|	rapi	0.00	0.00	0	|	-85.0	9.22(-85)		|	5	
9857	29	ok	|	1.00	0.89	0.89	11.02	0.00	0	|	rapi	0.00	0.00	0	|	-85.0	11.02(-85)		|	5	
9857	30	ok	|	1.00	0.87	0.87	12.99	0.00	0	|	rapi	0.00	0.00	0	|	-85.0	12.99(-85)		|	5	
9857	31	ok	|	1.00	0.85	0.85	15.30	0.00	0	|	rapi	0.00	0.00	0	|	-85.0	15.30(-85)		|	5	
9857	32	ok	|	1.00	0.82	0.82	18.32	0.00	0	|	rapi	0.00	0.00	0	|	-85.0	18.32(-85)		|	5	
9857	33	ok	|	1.00	0.79	0.79	21.43	0.00	0	|	rapi	0.00	0.00	0	|	-85.0	21.43(-85)	0.00(-85)	|	5	
9857	34	ok	|	1.00	0.75	0.75	24.89	0.00	0	|	rapi	0.01	0.01	0	|	-85.0	24.89(-85)	0.01(-85)	|	5	
9857	35	ok	|	1.00	0.71	0.71	29.32	0.00	0	|	rapi	0.00	0.00	0	|	-85.0	29.32(-85)	0.00(-85)	|	5	
9857	36	ok	|	1.00	0.66	0.66	34.42	0.00	0	|	rapi	0.00	0.00	0	|	-85.0	34.42(-85)	0.00(-85)	|	5	
9857	37	ok	|	1.00	0.60	0.60	40.14	0.00	0	|	rapi	0.00	0.00	0	|	-85.0	40.14(-85)	0.00(-85)	|	5	
9857	38	ok	|	1.00	0.53	0.53	47.04	0.00	0	|	rapi	0.01	0.01	0	|	-85.0	47.04(-85)	0.01(-85)	|	5	
9857	39	ok	|	1.00	0.45	0.45	55.25	0.00	0	|	rapi	0.01	0.01	0	|	-85.0	55.25(-85)	0.01(-85)	|	5	
9857	40	ok	|	1.00	0.36	0.36	64.29	0.00	0	|	rapi	0.01	0.01	0	|	-85.0	64.29(-85)	0.01(-85)	|	5	
9857	41	ok	|	1.00	0.26	0.26	74.22	0.00	0	|	rapi	0.02	0.02	0	|	-85.0	74.22(-85)	0.02(-85)	|	5	
9857	42	ok	|	1.00	0.17	0.17	83.25	0.00	0	|	rapi	0.03	0.03	0	|	-85.0	83.25(-85)	0.03(-85)	|	5	
9857	43	ok	|	1.00	0.11	0.11	90.90	0.00	0	|	rapi	0.05	0.05	0	|	-85.0	90.90(-85)	0.05(-85)	|	5	
9857	44	fail-w	|	1.00	0.07	0.07	95.94	0.00	0	|	rapi	0.11	0.12	0	|	-85.0	95.94(-85)	0.12(-85)	|	5	
