9891	0	ok	|	0.10	1.00	1.00	0.10	0.00	0	|	rapi	0.10	0.10	0	|	100.0	0.10(100)	0.10(100)	|	300	
9891	1	ok	|	0.09	1.00	1.00	0.09	0.00	0	|	rapi	0.09	0.09	0	|	100.0	0.09(100)	0.09(100)	|	300	
9891	2	ok	|	0.09	1.00	1.00	0.09	0.00	0	|	rapi	0.09	0.09	0	|	100.0	0.09(100)	0.09(100)	|	300	
9891	3	ok	|	0.10	1.00	1.00	0.10	0.00	0	|	rapi	0.10	0.10	0	|	100.0	0.10(100)	0.10(100)	|	300	
9891	4	ok	|	0.10	1.00	1.00	0.10	0.00	0	|	rapi	0.10	0.10	0	|	100.0	0.10(100)	0.10(100)	|	300	
9891	5	ok	|	0.10	1.00	1.00	0.10	0.00	0	|	rapi	0.10	0.10	0	|	100.0	0.10(100)	0.10(100)	|	300	
9891	6	ok	|	0.10	1.00	1.00	0.11	0.00	0	|	rapi	0.10	0.11	0	|	100.0	0.11(100)	0.11(100)	|	300	
9891	7	ok	|	0.10	1.00	1.00	0.10	0.00	0	|	rapi	0.10	0.10	0	|	100.0	0.10(100)	0.10(100)	|	300	
9891	8	ok	|	0.10	1.00	1.00	0.11	0.00	0	|	rapi	0.10	0.11	0	|	100.0	0.11(100)	0.11(100)	|	300	
9891	9	ok	|	0.10	1.00	1.00	0.10	0.00	0	|	rapi	0.10	0.10	0	|	100.0	0.10(100)	0.10(100)	|	300	
9891	10	ok	|	0.10	1.00	1.00	0.10	0.00	0	|	rapi	0.10	0.10	0	|	100.0	0.10(100)	0.10(100)	|	300	
9891	11	ok	|	0.10	1.00	1.00	0.10	0.00	0	|	rapi	0.10	0.10	0	|	100.0	0.10(100)	0.10(100)	|	300	
9891	12	ok	|	0.10	1.00	1.00	0.11	0.00	0	|	rapi	0.10	0.11	0	|	100.0	0.11(100)	0.11(100)	|	300	
9891	13	ok	|	0.11	1.00	1.00	0.12	0.00	0	|	rapi	0.11	0.12	0	|	100.0	0.12(100)	0.12(100)	|	300	
9891	14	ok	|	0.10	1.00	1.00	0.11	0.00	0	|	rapi	0.10	0.11	0	|	100.0	0.11(100)	0.11(100)	|	300	
9891	15	ok	|	0.11	1.00	1.00	0.12	0.00	0	|	rapi	0.11	0.12	0	|	100.0	0.12(100)	0.12(100)	|	300	
9891	16	ok	|	0.12	1.00	1.00	0.13	0.01	0	|	rapi	0.12	0.13	0	|	100.0	0.13(100)	0.13(100)	|	300	
9891	17	ok	|	0.12	1.00	1.00	0.13	0.01	0	|	rapi	0.12	0.13	0	|	100.0	0.13(100)	0.13(100)	|	300	
9891	18	ok	|	0.11	1.00	1.00	0.11	0.01	0	|	rapi	0.11	0.11	0	|	100.0	0.11(100)	0.11(100)	|	300	
9891	19	ok	|	0.13	1.00	1.00	0.13	0.01	0	|	rapi	0.13	0.13	0	|	100.0	0.13(100)	0.13(100)	|	300	
9891	20	ok	|	0.13	1.00	1.00	0.13	0.01	0	|	rapi	0.13	0.13	0	|	100.0	0.13(100)	0.13(100)	|	300	
9891	21	ok	|	0.13	1.00	1.00	0.13	0.01	0	|	rapi	0.13	0.13	0	|	100.0	0.13(100)	0.13(100)	|	300	
9891	22	ok	|	0.11	1.00	1.00	0.11	0.01	0	|	rapi	0.11	0.11	0	|	100.0	0.11(100)	0.11(100)	|	300	
9891	23	ok	|	0.12	1.00	1.00	0.13	0.01	0	|	rapi	0.12	0.13	0	|	100.0	0.13(100)	0.13(100)	|	300	
9891	24	ok	|	0.13	1.00	1.00	0.14	0.01	0	|	rapi	0.13	0.14	0	|	100.0	0.14(100)	0.14(100)	|	300	
9891	25	ok	|	0.12	1.00	1.00	0.13	0.01	0	|	rapi	0.12	0.13	0	|	100.0	0.13(100)	0.13(100)	|	300	
9891	26	ok	|	0.14	1.00	1.00	0.14	0.01	0	|	rapi	0.14	0.14	0	|	100.0	0.14(100)	0.14(100)	|	300	
9891	27	ok	|	0.14	1.00	1.00	0.15	0.01	0	|	rapi	0.14	0.15	0	|	100.0	0.15(100)	0.15(100)	|	300	
9891	28	ok	|	0.14	1.00	1.00	0.14	0.01	0	|	rapi	0.14	0.14	0	|	100.0	0.14(100)	0.14(100)	|	300	
9891	29	ok	|	0.12	1.00	1.00	0.12	0.01	0	|	rapi	0.12	0.12	0	|	100.0	0.12(100)	0.12(100)	|	300	
9891	30	ok	|	0.10	1.00	1.00	0.10	0.01	0	|	rapi	0.10	0.10	0	|	100.0	0.10(100)	0.10(100)	|	300	
9891	31	ok	|	0.09	1.00	1.00	0.09	0.01	0	|	rapi	0.09	0.09	0	|	100.0	0.09(100)	0.09(100)	|	300	
9891	32	ok	|	0.10	1.00	1.00	0.10	0.01	0	|	rapi	0.10	0.10	0	|	100.0	0.10(100)	0.10(100)	|	300	
9891	33	ok	|	0.09	1.00	1.00	0.10	0.01	0	|	rapi	0.09	0.10	0	|	100.0	0.10(100)	0.10(100)	|	300	
9891	34	ok	|	0.09	1.00	1.00	0.09	0.01	0	|	rapi	0.09	0.09	0	|	100.0	0.09(100)	0.09(100)	|	300	
9891	35	ok	|	0.08	1.00	1.00	0.08	0.01	0	|	rapi	0.08	0.08	0	|	100.0	0.08(100)	0.08(100)	|	300	
9891	36	ok	|	0.06	1.00	1.00	0.07	0.00	0	|	rapi	0.06	0.07	0	|	100.0	0.07(100)	0.07(100)	|	300	
9891	37	ok	|	0.07	1.00	1.00	0.07	0.01	0	|	rapi	0.07	0.07	0	|	100.0	0.07(100)	0.07(100)	|	300	
9891	38	ok	|	0.08	1.00	1.00	0.08	0.01	0	|	rapi	0.08	0.08	0	|	100.0	0.08(100)	0.08(100)	|	300	
9891	39	ok	|	0.07	1.00	1.00	0.08	0.01	0	|	rapi	0.07	0.08	0	|	100.0	0.08(100)	0.08(100)	|	300	
9891	40	ok	|	0.07	1.00	1.00	0.07	0.01	0	|	rapi	0.07	0.07	0	|	100.0	0.07(100)	0.07(100)	|	300	
9891	41	ok	|	0.08	1.00	1.00	0.08	0.01	0	|	rapi	0.08	0.08	0	|	100.0	0.08(100)	0.08(100)	|	300	
9891	42	ok	|	0.08	1.00	1.00	0.08	0.01	0	|	rapi	0.08	0.08	0	|	100.0	0.08(100)	0.08(100)	|	300	
9891	43	ok	|	0.07	1.00	1.00	0.08	0.01	0	|	rapi	0.07	0.08	0	|	100.0	0.08(100)	0.08(100)	|	300	
9891	44	ok	|	0.09	1.00	1.00	0.10	0.02	0	|	rapi	0.09	0.10	0	|	100.0	0.10(100)	0.10(100)	|	300	
9891	45	ok	|	0.09	1.00	1.00	0.10	0.02	0	|	rapi	0.09	0.10	0	|	100.0	0.10(100)	0.10(100)	|	300	
9891	46	ok	|	0.07	1.00	1.00	0.08	0.01	0	|	rapi	0.07	0.08	0	|	100.0	0.08(100)	0.08(100)	|	300	
9891	47	ok	|	0.08	1.00	1.00	0.08	0.01	0	|	rapi	0.08	0.08	0	|	100.0	0.08(100)	0.08(100)	|	300	
9891	48	ok	|	0.07	1.00	1.00	0.07	0.01	0	|	rapi	0.07	0.07	0	|	100.0	0.07(100)	0.07(100)	|	300	
9891	49	ok	|	0.07	1.00	1.00	0.07	0.02	0	|	rapi	0.07	0.07	0	|	100.0	0.07(100)	0.07(100)	|	300	
9891	50	ok	|	0.07	1.00	1.00	0.07	0.02	0	|	rapi	0.07	0.07	0	|	100.0	0.07(100)	0.07(100)	|	300	
9891	51	ok	|	0.07	1.00	1.00	0.07	0.02	0	|	rapi	0.07	0.07	0	|	100.0	0.07(100)	0.07(100)	|	300	
9891	52	ok	|	0.07	1.00	1.00	0.08	0.02	0	|	rapi	0.07	0.08	0	|	100.0	0.08(100)	0.08(100)	|	300	
9891	53	ok	|	0.09	1.00	1.00	0.09	0.02	0	|	rapi	0.09	0.09	0	|	100.0	0.09(100)	0.09(100)	|	300	
9891	54	ok	|	0.10	1.00	1.00	0.11	0.03	0	|	rapi	0.10	0.11	0	|	100.0	0.11(100)	0.11(100)	|	300	
9891	55	ok	|	0.09	1.00	1.00	0.10	0.03	0	|	rapi	0.09	0.10	0	|	100.0	0.10(100)	0.10(100)	|	300	
9891	56	ok	|	0.09	1.00	1.00	0.10	0.02	0	|	rapi	0.09	0.10	0	|	100.0	0.10(100)	0.10(100)	|	300	
9891	57	ok	|	0.10	1.00	1.00	0.10	0.03	0	|	rapi	0.10	0.10	0	|	100.0	0.10(100)	0.10(100)	|	300	
9891	58	ok	|	0.10	1.00	1.00	0.11	0.03	0	|	rapi	0.10	0.11	0	|	100.0	0.11(100)	0.11(100)	|	300	
9891	59	ok	|	0.10	1.00	1.00	0.10	0.03	0	|	rapi	0.10	0.10	0	|	100.0	0.10(100)	0.10(100)	|	300	
9891	60	ok	|	0.08	1.00	1.00	0.09	0.02	0	|	rapi	0.08	0.09	0	|	100.0	0.09(100)	0.09(100)	|	300	
9891	61	ok	|	0.07	1.00	1.00	0.08	0.02	0	|	rapi	0.07	0.08	0	|	100.0	0.08(100)	0.08(100)	|	300	
9891	62	ok	|	0.08	1.00	1.00	0.08	0.02	0	|	rapi	0.08	0.08	0	|	100.0	0.08(100)	0.08(100)	|	300	
9891	63	ok	|	0.09	1.00	1.00	0.09	0.02	0	|	rapi	0.09	0.09	0	|	100.0	0.09(100)	0.09(100)	|	300	
9891	64	ok	|	0.10	1.00	1.00	0.10	0.03	0	|	rapi	0.10	0.10	0	|	100.0	0.10(100)	0.10(100)	|	300	
9891	65	ok	|	0.09	1.00	1.00	0.09	0.02	0	|	rapi	0.09	0.09	0	|	100.0	0.09(100)	0.09(100)	|	300	
9891	66	ok	|	0.09	1.00	1.00	0.10	0.02	0	|	rapi	0.09	0.10	0	|	100.0	0.10(100)	0.10(100)	|	300	
9891	67	ok	|	0.09	1.00	1.00	0.10	0.02	0	|	rapi	0.09	0.10	0	|	100.0	0.10(100)	0.10(100)	|	300	
9891	68	ok	|	0.08	1.00	1.00	0.08	0.02	0	|	rapi	0.08	0.08	0	|	100.0	0.08(100)	0.08(100)	|	300	
9891	69	ok	|	0.06	1.00	1.00	0.07	0.02	0	|	rapi	0.06	0.07	0	|	100.0	0.07(100)	0.07(100)	|	300	
9891	70	ok	|	0.06	1.00	1.00	0.06	0.02	0	|	rapi	0.06	0.06	0	|	100.0	0.06(100)	0.06(100)	|	300	
9891	71	ok	|	0.08	1.00	1.00	0.08	0.02	0	|	rapi	0.08	0.08	0	|	100.0	0.08(100)	0.08(100)	|	300	
9891	72	ok	|	0.07	1.00	1.00	0.08	0.02	0	|	rapi	0.07	0.08	0	|	100.0	0.08(100)	0.08(100)	|	300	
9891	73	ok	|	0.08	1.00	1.00	0.08	0.02	0	|	rapi	0.08	0.08	0	|	100.0	0.08(100)	0.08(100)	|	300	
9891	74	ok	|	0.07	1.00	1.00	0.07	0.02	0	|	rapi	0.07	0.07	0	|	100.0	0.07(100)	0.07(100)	|	300	
9891	75	ok	|	0.06	1.00	1.00	0.06	0.02	0	|	rapi	0.06	0.06	0	|	100.0	0.06(100)	0.06(100)	|	300	
9891	76	ok	|	0.07	1.00	1.00	0.08	0.02	0	|	rapi	0.07	0.08	0	|	100.0	0.08(100)	0.08(100)	|	300	
9891	77	ok	|	0.09	1.00	1.00	0.09	0.02	0	|	rapi	0.09	0.09	0	|	100.0	0.09(100)	0.09(100)	|	300	
9891	78	ok	|	0.09	1.00	1.00	0.09	0.02	0	|	rapi	0.09	0.09	0	|	100.0	0.09(100)	0.09(100)	|	300	
9891	79	ok	|	0.08	1.00	1.00	0.08	0.02	0	|	rapi	0.08	0.08	0	|	100.0	0.08(100)	0.08(100)	|	300	
9891	80	ok	|	0.07	1.00	1.00	0.07	0.02	0	|	rapi	0.07	0.07	0	|	100.0	0.07(100)	0.07(100)	|	300	
9891	81	ok	|	0.07	1.00	1.00	0.07	0.02	0	|	rapi	0.07	0.07	0	|	100.0	0.07(100)	0.07(100)	|	300	
9891	82	ok	|	0.07	1.00	1.00	0.07	0.02	0	|	rapi	0.07	0.07	0	|	100.0	0.07(100)	0.07(100)	|	300	
9891	83	ok	|	0.06	1.00	1.00	0.06	0.02	0	|	rapi	0.06	0.06	0	|	100.0	0.06(100)	0.06(100)	|	300	
9891	84	ok	|	0.06	1.00	1.00	0.06	0.02	0	|	rapi	0.06	0.06	0	|	100.0	0.06(100)	0.06(100)	|	300	
9891	85	ok	|	0.06	1.00	1.00	0.06	0.02	0	|	rapi	0.06	0.06	0	|	100.0	0.06(100)	0.06(100)	|	300	
9891	86	ok	|	0.08	1.00	1.00	0.08	0.02	0	|	rapi	0.08	0.08	0	|	100.0	0.08(100)	0.08(100)	|	300	
9891	87	ok	|	0.08	1.00	1.00	0.08	0.02	0	|	rapi	0.08	0.08	0	|	100.0	0.08(100)	0.08(100)	|	300	
9891	88	ok	|	0.06	1.00	1.00	0.07	0.02	0	|	rapi	0.06	0.07	0	|	100.0	0.07(100)	0.07(100)	|	300	
9891	89	ok	|	0.05	1.00	1.00	0.05	0.01	0	|	rapi	0.05	0.05	0	|	100.0	0.05(100)	0.05(100)	|	300	
9891	90	ok	|	0.05	1.00	1.00	0.05	0.01	0	|	rapi	0.05	0.05	0	|	100.0	0.05(100)	0.05(100)	|	300	
9891	91	ok	|	0.05	1.00	1.00	0.05	0.01	0	|	rapi	0.05	0.05	0	|	100.0	0.05(100)	0.05(100)	|	300	
9891	92	ok	|	0.04	1.00	1.00	0.05	0.01	0	|	rapi	0.04	0.05	0	|	100.0	0.05(100)	0.05(100)	|	300	
9891	93	ok	|	0.04	1.00	1.00	0.04	0.01	0	|	rapi	0.04	0.04	0	|	100.0	0.04(100)	0.04(100)	|	300	
9891	94	ok	|	0.05	1.00	1.00	0.05	0.01	0	|	rapi	0.05	0.05	0	|	100.0	0.05(100)	0.05(100)	|	300	
9891	95	ok	|	0.05	1.00	1.00	0.05	0.01	0	|	rapi	0.05	0.05	0	|	100.0	0.05(100)	0.05(100)	|	300	
9891	96	ok	|	0.05	1.00	1.00	0.05	0.01	0	|	rapi	0.05	0.05	0	|	100.0	0.05(100)	0.05(100)	|	300	
9891	97	ok	|	0.04	1.00	1.00	0.05	0.01	0	|	rapi	0.04	0.05	0	|	100.0	0.05(100)	0.05(100)	|	300	
9891	98	ok	|	0.05	1.00	1.00	0.05	0.01	0	|	rapi	0.05	0.05	0	|	100.0	0.05(100)	0.05(100)	|	300	
9891	99	ok	|	0.05	1.00	1.00	0.05	0.01	0	|	rapi	0.05	0.05	0	|	100.0	0.05(100)	0.05(100)	|	300	
9891	100	ok	|	0.06	1.00	1.00	0.06	0.01	0	|	rapi	0.06	0.06	0	|	100.0	0.06(100)	0.06(100)	|	300	
9891	101	ok	|	0.06	1.00	1.00	0.06	0.02	0	|	rapi	0.06	0.06	0	|	100.0	0.06(100)	0.06(100)	|	300	
9891	102	ok	|	0.07	1.00	1.00	0.07	0.02	0	|	rapi	0.07	0.07	0	|	100.0	0.07(100)	0.07(100)	|	300	
9891	103	ok	|	0.07	1.00	1.00	0.07	0.02	0	|	rapi	0.07	0.07	0	|	100.0	0.07(100)	0.07(100)	|	300	
9891	104	ok	|	0.06	1.00	1.00	0.06	0.02	0	|	rapi	0.06	0.06	0	|	100.0	0.06(100)	0.06(100)	|	300	
9891	105	ok	|	0.06	1.00	1.00	0.06	0.02	0	|	rapi	0.06	0.06	0	|	100.0	0.06(100)	0.06(100)	|	300	
9891	106	ok	|	0.07	1.00	1.00	0.07	0.02	0	|	rapi	0.07	0.07	0	|	100.0	0.07(100)	0.07(100)	|	300	
9891	107	ok	|	0.07	1.00	1.00	0.07	0.02	0	|	rapi	0.07	0.07	0	|	100.0	0.07(100)	0.07(100)	|	300	
9891	108	ok	|	0.07	1.00	1.00	0.08	0.02	0	|	rapi	0.07	0.08	0	|	100.0	0.08(100)	0.08(100)	|	300	
9891	109	ok	|	0.07	1.00	1.00	0.07	0.02	0	|	rapi	0.07	0.07	0	|	100.0	0.07(100)	0.07(100)	|	300	
9891	110	ok	|	0.07	1.00	1.00	0.07	0.03	0	|	rapi	0.07	0.07	0	|	100.0	0.07(100)	0.07(100)	|	300	
9891	111	ok	|	0.08	1.00	1.00	0.08	0.04	0	|	rapi	0.08	0.08	0	|	100.0	0.08(100)	0.08(100)	|	300	
9891	112	ok	|	0.08	1.00	1.00	0.08	0.04	0	|	rapi	0.08	0.08	0	|	100.0	0.08(100)	0.08(100)	|	300	
9891	113	ok	|	0.09	1.00	1.00	0.09	0.04	0	|	rapi	0.09	0.09	0	|	100.0	0.09(100)	0.09(100)	|	300	
9891	114	ok	|	0.09	1.00	1.00	0.09	0.05	0	|	rapi	0.09	0.09	0	|	100.0	0.09(100)	0.09(100)	|	300	
9891	115	ok	|	0.10	1.00	1.00	0.11	0.05	0	|	rapi	0.10	0.11	0	|	100.0	0.11(100)	0.11(100)	|	300	
9891	116	ok	|	0.10	1.00	1.00	0.10	0.05	0	|	rapi	0.10	0.10	0	|	100.0	0.10(100)	0.10(100)	|	300	
9891	117	ok	|	0.10	1.00	1.00	0.10	0.05	0	|	rapi	0.10	0.10	0	|	100.0	0.10(100)	0.10(100)	|	300	
9891	118	ok	|	0.10	1.00	1.00	0.10	0.05	0	|	rapi	0.10	0.10	0	|	100.0	0.10(100)	0.10(100)	|	300	
9891	119	ok	|	0.10	1.00	1.00	0.11	0.05	0	|	rapi	0.10	0.11	0	|	100.0	0.11(100)	0.11(100)	|	300	
9891	120	ok	|	0.10	1.00	1.00	0.10	0.05	0	|	rapi	0.10	0.10	0	|	100.0	0.10(100)	0.10(100)	|	300	
9891	121	ok	|	0.09	1.00	1.00	0.09	0.04	0	|	rapi	0.09	0.09	0	|	100.0	0.09(100)	0.09(100)	|	300	
9891	122	ok	|	0.09	1.00	1.00	0.09	0.04	0	|	rapi	0.09	0.09	0	|	100.0	0.09(100)	0.09(100)	|	300	
9891	123	ok	|	0.09	1.00	1.00	0.09	0.04	0	|	rapi	0.09	0.09	0	|	100.0	0.09(100)	0.09(100)	|	300	
9891	124	ok	|	0.09	1.00	1.00	0.09	0.05	0	|	rapi	0.09	0.09	0	|	100.0	0.09(100)	0.09(100)	|	300	
9891	125	ok	|	0.09	1.00	1.00	0.09	0.04	0	|	rapi	0.09	0.09	0	|	100.0	0.09(100)	0.09(100)	|	300	
9891	126	ok	|	0.08	1.00	1.00	0.08	0.04	0	|	rapi	0.08	0.08	0	|	100.0	0.08(100)	0.08(100)	|	300	
9891	127	ok	|	0.08	1.00	1.00	0.08	0.04	0	|	rapi	0.08	0.08	0	|	100.0	0.08(100)	0.08(100)	|	300	
9891	128	ok	|	0.08	1.00	1.00	0.08	0.04	0	|	rapi	0.08	0.08	0	|	100.0	0.08(100)	0.08(100)	|	300	
9891	129	ok	|	0.09	1.00	1.00	0.09	0.04	0	|	rapi	0.09	0.09	0	|	100.0	0.09(100)	0.09(100)	|	300	
9891	130	ok	|	0.10	1.00	1.00	0.10	0.05	0	|	rapi	0.10	0.10	0	|	100.0	0.10(100)	0.10(100)	|	300	
9891	131	ok	|	0.09	1.00	1.00	0.09	0.04	0	|	rapi	0.09	0.09	0	|	100.0	0.09(100)	0.09(100)	|	300	
9891	132	ok	|	0.09	1.00	1.00	0.09	0.05	0	|	rapi	0.09	0.09	0	|	100.0	0.09(100)	0.09(100)	|	300	
9891	133	ok	|	0.10	1.00	1.00	0.10	0.05	0	|	rapi	0.10	0.10	0	|	100.0	0.10(100)	0.10(100)	|	300	
9891	134	ok	|	0.10	1.00	1.00	0.10	0.05	0	|	rapi	0.10	0.10	0	|	100.0	0.10(100)	0.10(100)	|	300	
9891	135	ok	|	0.09	1.00	1.00	0.09	0.04	0	|	rapi	0.09	0.09	0	|	100.0	0.09(100)	0.09(100)	|	300	
9891	136	ok	|	0.09	1.00	1.00	0.09	0.05	0	|	rapi	0.09	0.09	0	|	100.0	0.09(100)	0.09(100)	|	300	
9891	137	ok	|	0.09	1.00	1.00	0.09	0.05	0	|	rapi	0.09	0.09	0	|	100.0	0.09(100)	0.09(100)	|	300	
9891	138	ok	|	0.08	1.00	1.00	0.08	0.04	0	|	rapi	0.08	0.08	0	|	100.0	0.08(100)	0.08(100)	|	300	
9891	139	ok	|	0.08	1.00	1.00	0.08	0.04	0	|	rapi	0.08	0.08	0	|	100.0	0.08(100)	0.08(100)	|	300	
9891	140	ok	|	0.07	1.00	1.00	0.07	0.03	0	|	rapi	0.07	0.07	0	|	100.0	0.07(100)	0.07(100)	|	300	
9891	141	ok	|	0.07	1.00	1.00	0.07	0.03	0	|	rapi	0.07	0.07	0	|	100.0	0.07(100)	0.07(100)	|	300	
9891	142	ok	|	0.06	1.00	1.00	0.07	0.03	0	|	rapi	0.06	0.07	0	|	100.0	0.07(100)	0.07(100)	|	300	
9891	143	ok	|	0.07	1.00	1.00	0.07	0.04	0	|	rapi	0.07	0.07	0	|	100.0	0.07(100)	0.07(100)	|	300	
9891	144	ok	|	0.07	1.00	1.00	0.07	0.04	0	|	rapi	0.07	0.07	0	|	100.0	0.07(100)	0.07(100)	|	300	
9891	145	ok	|	0.07	1.00	1.00	0.07	0.04	0	|	rapi	0.07	0.07	0	|	100.0	0.07(100)	0.07(100)	|	300	
9891	146	ok	|	0.08	1.00	1.00	0.09	0.04	0	|	rapi	0.08	0.09	0	|	100.0	0.09(100)	0.09(100)	|	300	
9891	147	ok	|	0.07	1.00	1.00	0.07	0.04	0	|	rapi	0.07	0.07	0	|	100.0	0.07(100)	0.07(100)	|	300	
9891	148	ok	|	0.06	1.00	1.00	0.07	0.03	0	|	rapi	0.06	0.07	0	|	100.0	0.07(100)	0.07(100)	|	300	
9891	149	ok	|	0.07	1.00	1.00	0.07	0.03	0	|	rapi	0.07	0.07	0	|	100.0	0.07(100)	0.07(100)	|	300	
9891	150	ok	|	0.06	1.00	1.00	0.06	0.03	0	|	rapi	0.06	0.06	0	|	100.0	0.06(100)	0.06(100)	|	300	
9891	151	ok	|	0.06	1.00	1.00	0.06	0.03	0	|	rapi	0.06	0.06	0	|	100.0	0.06(100)	0.06(100)	|	300	
9891	152	ok	|	0.07	1.00	1.00	0.07	0.04	0	|	rapi	0.07	0.07	0	|	100.0	0.07(100)	0.07(100)	|	300	
9891	153	ok	|	0.07	1.00	1.00	0.08	0.04	0	|	rapi	0.07	0.08	0	|	100.0	0.08(100)	0.08(100)	|	300	
9891	154	ok	|	0.08	1.00	1.00	0.08	0.04	0	|	rapi	0.08	0.08	0	|	100.0	0.08(100)	0.08(100)	|	300	
9891	155	ok	|	0.08	1.00	1.00	0.08	0.04	0	|	rapi	0.08	0.08	0	|	100.0	0.08(100)	0.08(100)	|	300	
9891	156	ok	|	0.08	1.00	1.00	0.08	0.04	0	|	rapi	0.08	0.08	0	|	100.0	0.08(100)	0.08(100)	|	300	
9891	157	ok	|	0.07	1.00	1.00	0.07	0.04	0	|	rapi	0.07	0.07	0	|	100.0	0.07(100)	0.07(100)	|	300	
9891	158	ok	|	0.07	1.00	1.00	0.07	0.04	0	|	rapi	0.07	0.07	0	|	100.0	0.07(100)	0.07(100)	|	300	
9891	159	ok	|	0.08	1.00	1.00	0.08	0.04	0	|	rapi	0.08	0.08	0	|	100.0	0.08(100)	0.08(100)	|	300	
9891	160	ok	|	0.08	1.00	1.00	0.08	0.04	0	|	rapi	0.08	0.08	0	|	100.0	0.08(100)	0.08(100)	|	300	
9891	161	ok	|	0.08	1.00	1.00	0.08	0.04	0	|	rapi	0.08	0.08	0	|	100.0	0.08(100)	0.08(100)	|	300	
9891	162	ok	|	0.08	1.00	1.00	0.08	0.04	0	|	rapi	0.08	0.08	0	|	100.0	0.08(100)	0.08(100)	|	300	
9891	163	ok	|	0.07	1.00	1.00	0.07	0.04	0	|	rapi	0.07	0.07	0	|	100.0	0.07(100)	0.07(100)	|	300	
9891	164	ok	|	0.07	1.00	1.00	0.07	0.03	0	|	rapi	0.07	0.07	0	|	100.0	0.07(100)	0.07(100)	|	300	
9891	165	ok	|	0.07	1.00	1.00	0.07	0.04	0	|	rapi	0.07	0.07	0	|	100.0	0.07(100)	0.07(100)	|	300	
9891	166	ok	|	0.08	1.00	1.00	0.08	0.04	0	|	rapi	0.08	0.08	0	|	100.0	0.08(100)	0.08(100)	|	300	
9891	167	ok	|	0.07	1.00	1.00	0.07	0.03	0	|	rapi	0.07	0.07	0	|	100.0	0.07(100)	0.07(100)	|	300	
9891	168	ok	|	0.06	1.00	1.00	0.07	0.03	0	|	rapi	0.06	0.07	0	|	100.0	0.07(100)	0.07(100)	|	300	
9891	169	ok	|	0.07	1.00	1.00	0.07	0.04	0	|	rapi	0.07	0.07	0	|	100.0	0.07(100)	0.07(100)	|	300	
9891	170	ok	|	0.07	1.00	1.00	0.07	0.04	0	|	rapi	0.07	0.07	0	|	100.0	0.07(100)	0.07(100)	|	300	
9891	171	ok	|	0.07	1.00	1.00	0.07	0.04	0	|	rapi	0.07	0.07	0	|	100.0	0.07(100)	0.07(100)	|	300	
9891	172	ok	|	0.06	1.00	1.00	0.06	0.03	0	|	rapi	0.06	0.06	0	|	100.0	0.06(100)	0.06(100)	|	300	
9891	173	ok	|	0.05	1.00	1.00	0.05	0.03	0	|	rapi	0.05	0.05	0	|	100.0	0.05(100)	0.05(100)	|	300	
9891	174	ok	|	0.05	1.00	1.00	0.05	0.03	0	|	rapi	0.05	0.05	0	|	100.0	0.05(100)	0.05(100)	|	300	
9891	175	ok	|	0.05	1.00	1.00	0.05	0.03	0	|	rapi	0.05	0.05	0	|	100.0	0.05(100)	0.05(100)	|	300	
9891	176	ok	|	0.06	1.00	1.00	0.06	0.03	0	|	rapi	0.06	0.06	0	|	100.0	0.06(100)	0.06(100)	|	300	
9891	177	ok	|	0.05	1.00	1.00	0.05	0.03	0	|	rapi	0.05	0.05	0	|	100.0	0.05(100)	0.05(100)	|	300	
9891	178	ok	|	0.06	1.00	1.00	0.06	0.03	0	|	rapi	0.06	0.06	0	|	100.0	0.06(100)	0.06(100)	|	300	
9891	179	ok	|	0.07	1.00	1.00	0.07	0.03	0	|	rapi	0.07	0.07	0	|	100.0	0.07(100)	0.07(100)	|	300	
9891	180	ok	|	0.08	1.00	1.00	0.08	0.04	0	|	rapi	0.08	0.08	0	|	100.0	0.08(100)	0.08(100)	|	300	
9891	181	ok	|	0.07	1.00	1.00	0.07	0.04	0	|	rapi	0.07	0.07	0	|	100.0	0.07(100)	0.07(100)	|	300	
9891	182	ok	|	0.06	1.00	1.00	0.06	0.03	0	|	rapi	0.06	0.06	0	|	100.0	0.06(100)	0.06(100)	|	300	
9891	183	ok	|	0.06	1.00	1.00	0.06	0.03	0	|	rapi	0.06	0.06	0	|	100.0	0.06(100)	0.06(100)	|	300	
9891	184	ok	|	0.06	1.00	1.00	0.07	0.03	0	|	rapi	0.06	0.07	0	|	100.0	0.07(100)	0.07(100)	|	300	
9891	185	ok	|	0.07	1.00	1.00	0.07	0.04	0	|	rapi	0.07	0.07	0	|	100.0	0.07(100)	0.07(100)	|	300	
9891	186	ok	|	0.07	1.00	1.00	0.07	0.04	0	|	rapi	0.07	0.07	0	|	100.0	0.07(100)	0.07(100)	|	300	
9891	187	ok	|	0.07	1.00	1.00	0.08	0.04	0	|	rapi	0.07	0.08	0	|	100.0	0.08(100)	0.08(100)	|	300	
9891	188	ok	|	0.08	1.00	1.00	0.09	0.04	0	|	rapi	0.08	0.09	0	|	100.0	0.09(100)	0.09(100)	|	300	
9891	189	ok	|	0.07	1.00	1.00	0.07	0.04	0	|	rapi	0.07	0.07	0	|	100.0	0.07(100)	0.07(100)	|	300	
9891	190	ok	|	0.07	1.00	1.00	0.07	0.03	0	|	rapi	0.07	0.07	0	|	100.0	0.07(100)	0.07(100)	|	300	
9891	191	ok	|	0.07	1.00	1.00	0.07	0.04	0	|	rapi	0.07	0.07	0	|	100.0	0.07(100)	0.07(100)	|	300	
9891	192	ok	|	0.07	1.00	1.00	0.07	0.04	0	|	rapi	0.07	0.07	0	|	100.0	0.07(100)	0.07(100)	|	300	
9891	193	ok	|	0.06	1.00	1.00	0.06	0.03	0	|	rapi	0.06	0.06	0	|	100.0	0.06(100)	0.06(100)	|	300	
9891	194	ok	|	0.06	1.00	1.00	0.06	0.03	0	|	rapi	0.06	0.06	0	|	100.0	0.06(100)	0.06(100)	|	300	
9891	195	ok	|	0.06	1.00	1.00	0.06	0.03	0	|	rapi	0.06	0.06	0	|	100.0	0.06(100)	0.06(100)	|	300	
9891	196	ok	|	0.06	1.00	1.00	0.07	0.03	0	|	rapi	0.06	0.07	0	|	100.0	0.07(100)	0.07(100)	|	300	
9891	197	ok	|	0.07	1.00	1.00	0.07	0.03	0	|	rapi	0.07	0.07	0	|	100.0	0.07(100)	0.07(100)	|	300	
9891	198	ok	|	0.06	1.00	1.00	0.06	0.03	0	|	rapi	0.06	0.06	0	|	100.0	0.06(100)	0.06(100)	|	300	
9891	199	ok	|	0.05	1.00	1.00	0.05	0.03	0	|	rapi	0.05	0.05	0	|	100.0	0.05(100)	0.05(100)	|	300	
9891	200	ok	|	0.05	1.00	1.00	0.05	0.03	0	|	rapi	0.05	0.05	0	|	100.0	0.05(100)	0.05(100)	|	300	
9891	201	ok	|	0.04	1.00	1.00	0.05	0.02	0	|	rapi	0.04	0.05	0	|	100.0	0.05(100)	0.05(100)	|	300	
9891	202	ok	|	0.04	1.00	1.00	0.04	0.02	0	|	rapi	0.04	0.04	0	|	100.0	0.04(100)	0.04(100)	|	300	
9891	203	ok	|	0.04	1.00	1.00	0.04	0.02	0	|	rapi	0.04	0.04	0	|	100.0	0.04(100)	0.04(100)	|	300	
9891	204	ok	|	0.04	1.00	1.00	0.04	0.02	0	|	rapi	0.04	0.04	0	|	100.0	0.04(100)	0.04(100)	|	300	
9891	205	ok	|	0.04	1.00	1.00	0.04	0.02	0	|	rapi	0.04	0.04	0	|	100.0	0.04(100)	0.04(100)	|	300	
9891	206	ok	|	0.03	1.00	1.00	0.03	0.02	0	|	rapi	0.03	0.03	0	|	100.0	0.03(100)	0.03(100)	|	300	
9891	207	ok	|	0.03	1.00	1.00	0.03	0.01	0	|	rapi	0.03	0.03	0	|	100.0	0.03(100)	0.03(100)	|	300	
9891	208	ok	|	0.03	1.00	1.00	0.03	0.01	0	|	rapi	0.03	0.03	0	|	100.0	0.03(100)	0.03(100)	|	300	
9891	209	ok	|	0.02	1.00	1.00	0.02	0.01	0	|	rapi	0.02	0.02	0	|	100.0	0.02(100)	0.02(100)	|	300	
9891	210	ok	|	0.02	1.00	1.00	0.02	0.01	0	|	rapi	0.02	0.02	0	|	100.0	0.02(100)	0.02(100)	|	300	
9891	211	ok	|	0.02	1.00	1.00	0.02	0.01	0	|	rapi	0.02	0.02	0	|	100.0	0.02(100)	0.02(100)	|	300	
9891	212	ok	|	0.02	1.00	1.00	0.02	0.01	0	|	rapi	0.02	0.02	0	|	100.0	0.02(100)	0.02(100)	|	300	
9891	213	ok	|	0.02	1.00	1.00	0.02	0.01	0	|	rapi	0.02	0.02	0	|	100.0	0.02(100)	0.02(100)	|	300	
9891	214	ok	|	0.02	1.00	1.00	0.02	0.01	0	|	rapi	0.02	0.02	0	|	100.0	0.02(100)	0.02(100)	|	300	
9891	215	ok	|	0.02	1.00	1.00	0.02	0.01	0	|	rapi	0.02	0.02	0	|	100.0	0.02(100)	0.02(100)	|	300	
9891	216	ok	|	0.02	1.00	1.00	0.02	0.01	0	|	rapi	0.02	0.02	0	|	100.0	0.02(100)	0.02(100)	|	300	
9891	217	ok	|	0.02	1.00	1.00	0.02	0.01	0	|	rapi	0.02	0.02	0	|	100.0	0.02(100)	0.02(100)	|	300	
9891	218	ok	|	0.01	1.00	1.00	0.01	0.01	0	|	rapi	0.01	0.01	0	|	100.0	0.01(100)	0.01(100)	|	300	
9891	219	ok	|	0.01	1.00	1.00	0.01	0.01	0	|	rapi	0.01	0.01	0	|	100.0	0.01(100)	0.01(100)	|	300	
9891	220	ok	|	0.02	1.00	1.00	0.02	0.01	0	|	rapi	0.02	0.02	0	|	100.0	0.02(100)	0.02(100)	|	300	
9891	221	ok	|	0.03	1.00	1.00	0.03	0.01	0	|	rapi	0.03	0.03	0	|	100.0	0.03(100)	0.03(100)	|	300	
9891	222	ok	|	0.01	1.00	1.00	0.01	0.01	0	|	rapi	0.01	0.01	0	|	100.0	0.01(100)	0.01(100)	|	300	
9891	223	ok	|	0.01	1.00	1.00	0.01	0.01	0	|	rapi	0.01	0.01	0	|	100.0	0.01(100)	0.01(100)	|	300	
9891	224	ok	|	0.02	1.00	1.00	0.02	0.01	0	|	rapi	0.02	0.02	0	|	100.0	0.02(100)	0.02(100)	|	300	
9891	225	ok	|	0.03	1.00	1.00	0.03	0.01	0	|	rapi	0.03	0.03	0	|	100.0	0.03(100)	0.03(100)	|	300	
9891	226	ok	|	0.02	1.00	1.00	0.02	0.01	0	|	rapi	0.02	0.02	0	|	100.0	0.02(100)	0.02(100)	|	300	
9891	227	ok	|	0.03	1.00	1.00	0.03	0.01	0	|	rapi	0.03	0.03	0	|	100.0	0.03(100)	0.03(100)	|	300	
9891	228	ok	|	0.03	1.00	1.00	0.03	0.01	0	|	rapi	0.03	0.03	0	|	100.0	0.03(100)	0.03(100)	|	300	
9891	229	ok	|	0.03	1.00	1.00	0.03	0.02	0	|	rapi	0.03	0.03	0	|	100.0	0.03(100)	0.03(100)	|	300	
9891	230	ok	|	0.02	1.00	1.00	0.02	0.01	0	|	rapi	0.02	0.02	0	|	100.0	0.02(100)	0.02(100)	|	300	
9891	231	ok	|	0.02	1.00	1.00	0.02	0.01	0	|	rapi	0.02	0.02	0	|	100.0	0.02(100)	0.02(100)	|	300	
9891	232	ok	|	0.02	1.00	1.00	0.02	0.01	0	|	rapi	0.02	0.02	0	|	100.0	0.02(100)	0.02(100)	|	300	
9891	233	ok	|	0.01	1.00	1.00	0.01	0.01	0	|	rapi	0.01	0.01	0	|	100.0	0.01(100)	0.01(100)	|	300	
9891	234	ok	|	0.01	1.00	1.00	0.01	0.01	0	|	rapi	0.01	0.01	0	|	100.0	0.01(100)	0.01(100)	|	300	
9891	235	ok	|	0.01	1.00	1.00	0.01	0.01	0	|	rapi	0.01	0.01	0	|	100.0	0.01(100)	0.01(100)	|	300	
9891	236	ok	|	0.01	1.00	1.00	0.01	0.01	0	|	rapi	0.01	0.01	0	|	100.0	0.01(100)	0.01(100)	|	300	
9891	237	ok	|	0.01	1.00	1.00	0.01	0.00	0	|	rapi	0.01	0.01	0	|	100.0	0.01(100)	0.01(100)	|	300	
9891	238	ok	|	0.00	1.00	1.00	0.00	0.00	0	|	rapi	0.00	0.00	0	|	100.0	0.00(100)	0.00(100)	|	300	
9891	239	ok	|	0.00	1.00	1.00	0.00	0.00	0	|	rapi	0.00	0.00	0	|	100.0	0.00(100)	0.00(100)	|	300	
9891	240	ok	|	0.00	1.00	1.00	0.00	0.00	0	|	rapi	0.00	0.00	0	|	100.0	0.00(100)	0.00(100)	|	300	
9891	241	ok	|	0.00	1.00	1.00	0.00	0.00	0	|	rapi	0.00	0.00	0	|	100.0	0.00(100)	0.00(100)	|	300	
9891	242	fail-0	|	0.00	1.00	1.00	0.00	NaN	0	|	rapi	0.00	0.00	0	|	NaN			|	300	
