9948	0	ok	|	0.10	1.00	1.00	0.10	0.00	0	|	rapi	0.00	0.00	0	|	-65.0	0.10(-65)		|	1	
9948	1	ok	|	0.11	1.00	1.00	0.12	0.00	0	|	rapi	0.00	0.00	0	|	-65.0	0.12(-65)		|	1	
9948	2	ok	|	0.12	1.00	1.00	0.14	0.00	0	|	rapi	0.00	0.00	0	|	-65.0	0.14(-65)		|	1	
9948	3	ok	|	0.14	1.00	1.00	0.17	0.00	0	|	rapi	0.00	0.00	0	|	-65.0	0.17(-65)		|	1	
9948	4	ok	|	0.16	1.00	1.00	0.21	0.00	0	|	rapi	0.00	0.00	0	|	-65.0	0.21(-65)		|	1	
9948	5	ok	|	0.18	1.00	1.00	0.23	0.00	0	|	rapi	0.00	0.00	0	|	-65.0	0.23(-65)		|	1	
9948	6	ok	|	0.21	1.00	1.00	0.28	0.00	0	|	rapi	0.00	0.00	0	|	-65.0	0.28(-65)		|	1	
9948	7	ok	|	0.21	1.00	1.00	0.28	0.00	0	|	rapi	0.00	0.00	0	|	-65.0	0.28(-65)		|	1	
9948	8	ok	|	0.25	1.00	1.00	0.36	0.00	0	|	rapi	0.00	0.00	0	|	-65.0	0.36(-65)		|	1	
9948	9	ok	|	0.27	1.00	1.00	0.39	0.00	0	|	rapi	0.00	0.00	0	|	-65.0	0.39(-65)		|	1	
9948	10	ok	|	0.32	1.00	1.00	0.45	0.00	0	|	rapi	0.00	0.00	0	|	-65.0	0.45(-65)		|	1	
9948	11	ok	|	0.34	0.99	0.99	0.52	0.00	0	|	rapi	0.00	0.00	0	|	-65.0	0.52(-65)		|	1	
9948	12	ok	|	0.39	0.99	0.99	0.61	0.00	0	|	rapi	0.00	0.00	0	|	-65.0	0.61(-65)		|	1	
9948	13	ok	|	0.43	0.99	0.99	0.71	0.00	0	|	rapi	0.00	0.00	0	|	-65.0	0.71(-65)		|	1	
9948	14	ok	|	0.50	0.99	0.99	0.88	0.00	0	|	rapi	0.00	0.00	0	|	-65.0	0.88(-65)		|	1	
9948	15	ok	|	0.57	0.99	0.99	1.05	0.00	0	|	rapi	0.00	0.00	0	|	-65.0	1.05(-65)		|	1	
9948	16	ok	|	0.63	0.99	0.99	1.26	0.00	0	|	rapi	0.00	0.00	0	|	-65.0	1.26(-65)		|	1	
9948	17	ok	|	0.67	0.99	0.99	1.48	0.00	0	|	rapi	0.00	0.00	0	|	-65.0	1.48(-65)		|	1	
9948	18	ok	|	0.72	0.98	0.98	1.74	0.00	0	|	rapi	0.00	0.00	0	|	-65.0	1.74(-65)		|	1	
9948	19	ok	|	0.77	0.98	0.98	2.07	0.00	0	|	rapi	0.00	0.00	0	|	-65.0	2.07(-65)		|	1	
9948	20	ok	|	0.85	0.98	0.98	2.48	0.00	0	|	rapi	0.00	0.00	0	|	-65.0	2.48(-65)		|	1	
9948	21	ok	|	0.91	0.97	0.97	2.93	0.00	0	|	rapi	0.00	0.00	0	|	-65.0	2.93(-65)		|	1	
9948	22	ok	|	0.94	0.96	0.96	3.52	0.00	0	|	rapi	0.00	0.00	0	|	-65.0	3.52(-65)		|	1	
9948	23	ok	|	0.96	0.96	0.96	4.19	0.00	0	|	rapi	0.00	0.00	0	|	-65.0	4.19(-65)		|	1	
9948	24	ok	|	0.98	0.95	0.95	4.86	0.00	0	|	rapi	0.00	0.00	0	|	-65.0	4.86(-65)		|	1	
9948	25	ok	|	0.98	0.94	0.94	5.76	0.00	0	|	rapi	0.00	0.00	0	|	-65.0	5.76(-65)		|	1	
9948	26	ok	|	0.99	0.93	0.93	6.73	0.00	0	|	rapi	0.00	0.00	0	|	-65.0	6.73(-65)		|	1	
9948	27	ok	|	1.00	0.92	0.92	7.89	0.00	0	|	rapi	0.00	0.00	0	|	-65.0	7.89(-65)		|	1	
9948	28	ok	|	1.00	0.91	0.91	9.42	0.00	0	|	rapi	0.00	0.00	0	|	-65.0	9.42(-65)		|	1	
9948	29	ok	|	1.00	0.89	0.89	11.11	0.00	0	|	rapi	0.00	0.00	0	|	-65.0	11.11(-65)		|	1	
9948	30	ok	|	1.00	0.87	0.87	13.05	0.00	0	|	rapi	0.00	0.00	0	|	-65.0	13.05(-65)		|	1	
9948	31	ok	|	1.00	0.85	0.85	15.10	0.00	0	|	rapi	0.00	0.00	0	|	-65.0	15.10(-65)		|	1	
9948	32	ok	|	1.00	0.82	0.82	17.85	0.00	0	|	rapi	0.00	0.00	0	|	-65.0	17.85(-65)		|	1	
9948	33	ok	|	1.00	0.79	0.79	20.61	0.00	0	|	rapi	0.00	0.00	0	|	-65.0	20.61(-65)		|	1	
9948	34	ok	|	1.00	0.76	0.76	24.14	0.00	0	|	rapi	0.00	0.00	0	|	-65.0	24.14(-65)		|	1	
9948	35	ok	|	1.00	0.72	0.72	28.07	0.00	0	|	rapi	0.00	0.00	0	|	-65.0	28.07(-65)		|	1	
9948	36	ok	|	1.00	0.67	0.67	32.81	0.00	0	|	rapi	0.00	0.00	0	|	-65.0	32.81(-65)		|	1	
9948	37	ok	|	1.00	0.61	0.61	38.62	0.00	0	|	rapi	0.00	0.00	0	|	-65.0	38.62(-65)		|	1	
9948	38	ok	|	1.00	0.55	0.55	45.32	0.00	0	|	rapi	0.00	0.00	0	|	-65.0	45.32(-65)	0.00(-65)	|	1	
9948	39	ok	|	1.00	0.47	0.47	52.79	0.00	0	|	rapi	0.00	0.00	0	|	-65.0	52.79(-65)	0.00(-65)	|	1	
9948	40	ok	|	1.00	0.39	0.39	61.10	0.00	0	|	rapi	0.00	0.00	0	|	-65.0	61.10(-65)	0.00(-65)	|	1	
9948	41	ok	|	1.00	0.29	0.29	70.90	0.00	0	|	rapi	0.00	0.00	0	|	-65.0	70.90(-65)	0.00(-65)	|	1	
9948	42	ok	|	1.00	0.19	0.19	81.38	0.00	0	|	rapi	0.00	0.00	0	|	-65.0	81.38(-65)	0.00(-65)	|	1	
9948	43	ok	|	1.00	0.11	0.11	89.88	0.00	0	|	rapi	0.01	0.01	0	|	-65.0	89.88(-65)	0.01(-65)	|	1	
9948	44	fail-w	|	1.00	0.06	0.06	96.80	0.00	0	|	rapi	0.02	0.02	0	|	-65.0	96.80(-65)	0.02(-65)	|	1	
