30	0	ok	|	0.01	1.00	1.00	0.01	0.00	0	|	rapi	0.01	0.01	0	|	-10.0	0.01(-10)	0.01(-10)	|	9407	
30	1	ok	|	0.02	1.00	1.00	0.02	0.00	0	|	rapi	0.01	0.01	0	|	-10.0	0.02(-10)	0.01(-10)	|	9407	
30	2	ok	|	0.02	1.00	1.00	0.02	0.00	0	|	rapi	0.01	0.01	0	|	-10.0	0.02(-10)	0.01(-10)	|	9407	
30	3	ok	|	0.02	1.00	1.00	0.02	0.00	0	|	rapi	0.01	0.01	0	|	-10.0	0.02(-10)	0.01(-10)	|	9407	
30	4	ok	|	0.02	1.00	1.00	0.02	0.00	0	|	rapi	0.02	0.02	0	|	-10.0	0.02(-10)	0.02(-10)	|	9407	
30	5	ok	|	0.02	1.00	1.00	0.02	0.00	0	|	rapi	0.02	0.02	0	|	-10.0	0.02(-10)	0.02(-10)	|	9407	
30	6	ok	|	0.02	1.00	1.00	0.02	0.00	0	|	rapi	0.02	0.02	0	|	-10.0	0.02(-10)	0.02(-10)	|	9407	
30	7	ok	|	0.02	1.00	1.00	0.02	0.00	0	|	rapi	0.02	0.02	0	|	-10.0	0.02(-10)	0.02(-10)	|	9407	
30	8	ok	|	0.02	1.00	1.00	0.03	0.00	0	|	rapi	0.02	0.02	0	|	-10.0	0.03(-10)	0.02(-10)	|	9407	
30	9	ok	|	0.02	1.00	1.00	0.02	0.00	0	|	rapi	0.02	0.02	0	|	-10.0	0.02(-10)	0.02(-10)	|	9407	
30	10	ok	|	0.02	1.00	1.00	0.02	0.00	0	|	rapi	0.02	0.02	0	|	-10.0	0.02(-10)	0.02(-10)	|	9407	
30	11	ok	|	0.03	1.00	1.00	0.03	0.00	0	|	rapi	0.02	0.03	0	|	-10.0	0.03(-10)	0.03(-10)	|	9407	
30	12	ok	|	0.03	1.00	1.00	0.03	0.00	0	|	rapi	0.02	0.02	0	|	-10.0	0.03(-10)	0.02(-10)	|	9407	
30	13	ok	|	0.02	1.00	1.00	0.03	0.00	0	|	rapi	0.02	0.02	0	|	-10.0	0.03(-10)	0.02(-10)	|	9407	
30	14	ok	|	0.02	1.00	1.00	0.03	0.00	0	|	rapi	0.02	0.02	0	|	-10.0	0.03(-10)	0.02(-10)	|	9407	
30	15	ok	|	0.03	1.00	1.00	0.03	0.00	0	|	rapi	0.03	0.03	0	|	-10.0	0.03(-10)	0.03(-10)	|	9407	
30	16	ok	|	0.03	1.00	1.00	0.03	0.00	0	|	rapi	0.02	0.02	0	|	-10.0	0.03(-10)	0.02(-10)	|	9407	
30	17	ok	|	0.03	1.00	1.00	0.03	0.00	0	|	rapi	0.02	0.03	0	|	-10.0	0.03(-10)	0.03(-10)	|	9407	
30	18	ok	|	0.03	1.00	1.00	0.03	0.00	0	|	rapi	0.03	0.03	0	|	-10.0	0.03(-10)	0.03(-10)	|	9407	
30	19	ok	|	0.03	1.00	1.00	0.03	0.00	0	|	rapi	0.03	0.03	0	|	-10.0	0.03(-10)	0.03(-10)	|	9407	
30	20	ok	|	0.03	1.00	1.00	0.03	0.00	0	|	rapi	0.03	0.03	0	|	-10.0	0.03(-10)	0.03(-10)	|	9407	
30	21	ok	|	0.03	1.00	1.00	0.03	0.00	0	|	rapi	0.03	0.03	0	|	-10.0	0.03(-10)	0.03(-10)	|	9407	
30	22	ok	|	0.03	1.00	1.00	0.03	0.00	0	|	rapi	0.03	0.03	0	|	-10.0	0.03(-10)	0.03(-10)	|	9407	
30	23	ok	|	0.03	1.00	1.00	0.03	0.00	0	|	rapi	0.03	0.03	0	|	-10.0	0.03(-10)	0.03(-10)	|	9407	
30	24	ok	|	0.03	1.00	1.00	0.03	0.00	0	|	rapi	0.03	0.03	0	|	-10.0	0.03(-10)	0.03(-10)	|	9407	
30	25	ok	|	0.03	1.00	1.00	0.03	0.00	0	|	rapi	0.03	0.03	0	|	-10.0	0.03(-10)	0.03(-10)	|	9407	
30	26	ok	|	0.03	1.00	1.00	0.03	0.00	0	|	rapi	0.03	0.03	0	|	-10.0	0.03(-10)	0.03(-10)	|	9407	
30	27	ok	|	0.03	1.00	1.00	0.04	0.00	0	|	rapi	0.03	0.03	0	|	-10.0	0.04(-10)	0.03(-10)	|	9407	
30	28	ok	|	0.03	1.00	1.00	0.03	0.00	0	|	rapi	0.03	0.03	0	|	-10.0	0.03(-10)	0.03(-10)	|	9407	
30	29	ok	|	0.03	1.00	1.00	0.03	0.00	0	|	rapi	0.03	0.03	0	|	-10.0	0.03(-10)	0.03(-10)	|	9407	
30	30	ok	|	0.03	1.00	1.00	0.03	0.00	0	|	rapi	0.03	0.03	0	|	-10.0	0.03(-10)	0.03(-10)	|	9407	
30	31	ok	|	0.03	1.00	1.00	0.03	0.00	0	|	rapi	0.03	0.03	0	|	-10.0	0.03(-10)	0.03(-10)	|	9407	
30	32	ok	|	0.03	1.00	1.00	0.03	0.00	0	|	rapi	0.03	0.03	0	|	-10.0	0.03(-10)	0.03(-10)	|	9407	
30	33	ok	|	0.03	1.00	1.00	0.04	0.00	0	|	rapi	0.03	0.03	0	|	-10.0	0.04(-10)	0.03(-10)	|	9407	
30	34	ok	|	0.03	1.00	1.00	0.04	0.00	0	|	rapi	0.03	0.03	0	|	-10.0	0.04(-10)	0.03(-10)	|	9407	
30	35	ok	|	0.04	1.00	1.00	0.04	0.00	0	|	rapi	0.03	0.03	0	|	-10.0	0.04(-10)	0.03(-10)	|	9407	
30	36	ok	|	0.03	1.00	1.00	0.04	0.00	0	|	rapi	0.03	0.03	0	|	-10.0	0.04(-10)	0.03(-10)	|	9407	
30	37	ok	|	0.03	1.00	1.00	0.04	0.00	0	|	rapi	0.03	0.03	0	|	-10.0	0.04(-10)	0.03(-10)	|	9407	
30	38	ok	|	0.04	1.00	1.00	0.04	0.00	0	|	rapi	0.04	0.04	0	|	-10.0	0.04(-10)	0.04(-10)	|	9407	
30	39	ok	|	0.04	1.00	1.00	0.04	0.00	0	|	rapi	0.04	0.04	0	|	-10.0	0.04(-10)	0.04(-10)	|	9407	
30	40	ok	|	0.04	1.00	1.00	0.04	0.00	0	|	rapi	0.04	0.04	0	|	-10.0	0.04(-10)	0.04(-10)	|	9407	
30	41	ok	|	0.05	1.00	1.00	0.05	0.00	0	|	rapi	0.05	0.05	0	|	-10.0	0.05(-10)	0.05(-10)	|	9407	
30	42	ok	|	0.05	1.00	1.00	0.05	0.00	0	|	rapi	0.05	0.05	0	|	-10.0	0.05(-10)	0.05(-10)	|	9407	
30	43	ok	|	0.05	1.00	1.00	0.05	0.00	0	|	rapi	0.05	0.05	0	|	-10.0	0.05(-10)	0.05(-10)	|	9407	
30	44	ok	|	0.05	1.00	1.00	0.05	0.00	0	|	rapi	0.05	0.05	0	|	-10.0	0.05(-10)	0.05(-10)	|	9407	
30	45	ok	|	0.05	1.00	1.00	0.05	0.00	0	|	rapi	0.05	0.05	0	|	-10.0	0.05(-10)	0.05(-10)	|	9407	
30	46	ok	|	0.05	1.00	1.00	0.05	0.00	0	|	rapi	0.05	0.05	0	|	-10.0	0.05(-10)	0.05(-10)	|	9407	
30	47	ok	|	0.05	1.00	1.00	0.06	0.00	0	|	rapi	0.05	0.05	0	|	-10.0	0.06(-10)	0.05(-10)	|	9407	
30	48	ok	|	0.05	1.00	1.00	0.06	0.00	0	|	rapi	0.05	0.06	0	|	-10.0	0.06(-10)	0.06(-10)	|	9407	
30	49	ok	|	0.05	1.00	1.00	0.05	0.00	0	|	rapi	0.05	0.05	0	|	-10.0	0.05(-10)	0.05(-10)	|	9407	
30	50	ok	|	0.05	1.00	1.00	0.05	0.00	0	|	rapi	0.05	0.05	0	|	-10.0	0.05(-10)	0.05(-10)	|	9407	
30	51	ok	|	0.05	1.00	1.00	0.05	0.00	0	|	rapi	0.05	0.05	0	|	-10.0	0.05(-10)	0.05(-10)	|	9407	
30	52	ok	|	0.05	1.00	1.00	0.05	0.00	0	|	rapi	0.04	0.05	0	|	-10.0	0.05(-10)	0.05(-10)	|	9407	
30	53	ok	|	0.05	1.00	1.00	0.05	0.00	0	|	rapi	0.05	0.05	0	|	-10.0	0.05(-10)	0.05(-10)	|	9407	
30	54	ok	|	0.05	1.00	1.00	0.05	0.00	0	|	rapi	0.05	0.05	0	|	-10.0	0.05(-10)	0.05(-10)	|	9407	
30	55	ok	|	0.05	1.00	1.00	0.05	0.00	0	|	rapi	0.04	0.05	0	|	-10.0	0.05(-10)	0.05(-10)	|	9407	
30	56	ok	|	0.05	1.00	1.00	0.05	0.00	0	|	rapi	0.05	0.05	0	|	-10.0	0.05(-10)	0.05(-10)	|	9407	
30	57	ok	|	0.05	1.00	1.00	0.05	0.00	0	|	rapi	0.05	0.05	0	|	-10.0	0.05(-10)	0.05(-10)	|	9407	
30	58	ok	|	0.05	1.00	1.00	0.05	0.00	0	|	rapi	0.05	0.05	0	|	-10.0	0.05(-10)	0.05(-10)	|	9407	
30	59	ok	|	0.05	1.00	1.00	0.05	0.00	0	|	rapi	0.05	0.05	0	|	-10.0	0.05(-10)	0.05(-10)	|	9407	
30	60	ok	|	0.05	1.00	1.00	0.05	0.00	0	|	rapi	0.05	0.05	0	|	-10.0	0.05(-10)	0.05(-10)	|	9407	
30	61	ok	|	0.05	1.00	1.00	0.05	0.00	0	|	rapi	0.05	0.05	0	|	-10.0	0.05(-10)	0.05(-10)	|	9407	
30	62	ok	|	0.04	1.00	1.00	0.04	0.00	0	|	rapi	0.04	0.04	0	|	-10.0	0.04(-10)	0.04(-10)	|	9407	
30	63	ok	|	0.04	1.00	1.00	0.04	0.00	0	|	rapi	0.04	0.04	0	|	-10.0	0.04(-10)	0.04(-10)	|	9407	
30	64	ok	|	0.04	1.00	1.00	0.05	0.00	0	|	rapi	0.04	0.04	0	|	-10.0	0.05(-10)	0.04(-10)	|	9407	
30	65	ok	|	0.04	1.00	1.00	0.04	0.00	0	|	rapi	0.04	0.04	0	|	-10.0	0.04(-10)	0.04(-10)	|	9407	
30	66	ok	|	0.04	1.00	1.00	0.04	0.00	0	|	rapi	0.04	0.04	0	|	-10.0	0.04(-10)	0.04(-10)	|	9407	
30	67	ok	|	0.04	1.00	1.00	0.04	0.00	0	|	rapi	0.04	0.04	0	|	-10.0	0.04(-10)	0.04(-10)	|	9407	
30	68	ok	|	0.04	1.00	1.00	0.04	0.00	0	|	rapi	0.04	0.04	0	|	-10.0	0.04(-10)	0.04(-10)	|	9407	
30	69	ok	|	0.04	1.00	1.00	0.04	0.00	0	|	rapi	0.04	0.04	0	|	-10.0	0.04(-10)	0.04(-10)	|	9407	
30	70	ok	|	0.04	1.00	1.00	0.04	0.00	0	|	rapi	0.04	0.04	0	|	-10.0	0.04(-10)	0.04(-10)	|	9407	
30	71	ok	|	0.04	1.00	1.00	0.04	0.00	0	|	rapi	0.04	0.04	0	|	-10.0	0.04(-10)	0.04(-10)	|	9407	
30	72	ok	|	0.04	1.00	1.00	0.04	0.00	0	|	rapi	0.04	0.04	0	|	-10.0	0.04(-10)	0.04(-10)	|	9407	
30	73	ok	|	0.03	1.00	1.00	0.03	0.00	0	|	rapi	0.03	0.03	0	|	-10.0	0.03(-10)	0.03(-10)	|	9407	
30	74	ok	|	0.03	1.00	1.00	0.03	0.00	0	|	rapi	0.03	0.03	0	|	-10.0	0.03(-10)	0.03(-10)	|	9407	
30	75	ok	|	0.03	1.00	1.00	0.03	0.00	0	|	rapi	0.03	0.03	0	|	-10.0	0.03(-10)	0.03(-10)	|	9407	
30	76	ok	|	0.03	1.00	1.00	0.03	0.00	0	|	rapi	0.03	0.03	0	|	-10.0	0.03(-10)	0.03(-10)	|	9407	
30	77	ok	|	0.03	1.00	1.00	0.03	0.00	0	|	rapi	0.03	0.03	0	|	-10.0	0.03(-10)	0.03(-10)	|	9407	
30	78	ok	|	0.03	1.00	1.00	0.03	0.00	0	|	rapi	0.03	0.03	0	|	-10.0	0.03(-10)	0.03(-10)	|	9407	
30	79	ok	|	0.03	1.00	1.00	0.03	0.00	0	|	rapi	0.03	0.03	0	|	-10.0	0.03(-10)	0.03(-10)	|	9407	
30	80	ok	|	0.03	1.00	1.00	0.03	0.00	0	|	rapi	0.03	0.03	0	|	-10.0	0.03(-10)	0.03(-10)	|	9407	
30	81	ok	|	0.04	1.00	1.00	0.04	0.00	0	|	rapi	0.04	0.04	0	|	-10.0	0.04(-10)	0.04(-10)	|	9407	
30	82	ok	|	0.03	1.00	1.00	0.03	0.00	0	|	rapi	0.03	0.03	0	|	-10.0	0.03(-10)	0.03(-10)	|	9407	
30	83	ok	|	0.03	1.00	1.00	0.03	0.00	0	|	rapi	0.03	0.03	0	|	-10.0	0.03(-10)	0.03(-10)	|	9407	
30	84	ok	|	0.03	1.00	1.00	0.04	0.00	0	|	rapi	0.03	0.04	0	|	-10.0	0.04(-10)	0.04(-10)	|	9407	
30	85	ok	|	0.03	1.00	1.00	0.03	0.00	0	|	rapi	0.03	0.03	0	|	-10.0	0.03(-10)	0.03(-10)	|	9407	
30	86	ok	|	0.04	1.00	1.00	0.04	0.00	0	|	rapi	0.04	0.04	0	|	-10.0	0.04(-10)	0.04(-10)	|	9407	
30	87	ok	|	0.04	1.00	1.00	0.04	0.00	0	|	rapi	0.04	0.04	0	|	-10.0	0.04(-10)	0.04(-10)	|	9407	
30	88	ok	|	0.04	1.00	1.00	0.04	0.00	0	|	rapi	0.04	0.04	0	|	-10.0	0.04(-10)	0.04(-10)	|	9407	
30	89	ok	|	0.03	1.00	1.00	0.04	0.00	0	|	rapi	0.03	0.04	0	|	-10.0	0.04(-10)	0.04(-10)	|	9407	
30	90	ok	|	0.03	1.00	1.00	0.03	0.00	0	|	rapi	0.03	0.03	0	|	-10.0	0.03(-10)	0.03(-10)	|	9407	
30	91	ok	|	0.03	1.00	1.00	0.03	0.00	0	|	rapi	0.03	0.03	0	|	-10.0	0.03(-10)	0.03(-10)	|	9407	
30	92	ok	|	0.03	1.00	1.00	0.03	0.00	0	|	rapi	0.03	0.03	0	|	-10.0	0.03(-10)	0.03(-10)	|	9407	
30	93	ok	|	0.04	1.00	1.00	0.04	0.00	0	|	rapi	0.04	0.04	0	|	-10.0	0.04(-10)	0.04(-10)	|	9407	
30	94	ok	|	0.04	1.00	1.00	0.04	0.00	0	|	rapi	0.04	0.04	0	|	-10.0	0.04(-10)	0.04(-10)	|	9407	
30	95	ok	|	0.04	1.00	1.00	0.04	0.00	0	|	rapi	0.04	0.04	0	|	-10.0	0.04(-10)	0.04(-10)	|	9407	
30	96	ok	|	0.04	1.00	1.00	0.04	0.00	0	|	rapi	0.04	0.04	0	|	-10.0	0.04(-10)	0.04(-10)	|	9407	
30	97	ok	|	0.04	1.00	1.00	0.04	0.00	0	|	rapi	0.04	0.04	0	|	-10.0	0.04(-10)	0.04(-10)	|	9407	
30	98	ok	|	0.04	1.00	1.00	0.04	0.00	0	|	rapi	0.04	0.04	0	|	-10.0	0.04(-10)	0.04(-10)	|	9407	
30	99	ok	|	0.04	1.00	1.00	0.04	0.00	0	|	rapi	0.04	0.04	0	|	-10.0	0.04(-10)	0.04(-10)	|	9407	
30	100	ok	|	0.04	1.00	1.00	0.04	0.00	0	|	rapi	0.04	0.04	0	|	-10.0	0.04(-10)	0.04(-10)	|	9407	
30	101	ok	|	0.04	1.00	1.00	0.04	0.00	0	|	rapi	0.04	0.04	0	|	-10.0	0.04(-10)	0.04(-10)	|	9407	
30	102	ok	|	0.04	1.00	1.00	0.04	0.00	0	|	rapi	0.04	0.04	0	|	-10.0	0.04(-10)	0.04(-10)	|	9407	
30	103	ok	|	0.03	1.00	1.00	0.04	0.00	0	|	rapi	0.03	0.04	0	|	-10.0	0.04(-10)	0.04(-10)	|	9407	
30	104	ok	|	0.04	1.00	1.00	0.04	0.00	0	|	rapi	0.04	0.04	0	|	-10.0	0.04(-10)	0.04(-10)	|	9407	
30	105	ok	|	0.03	1.00	1.00	0.03	0.00	0	|	rapi	0.03	0.03	0	|	-10.0	0.03(-10)	0.03(-10)	|	9407	
30	106	ok	|	0.03	1.00	1.00	0.03	0.00	0	|	rapi	0.03	0.03	0	|	-10.0	0.03(-10)	0.03(-10)	|	9407	
30	107	ok	|	0.03	1.00	1.00	0.03	0.00	0	|	rapi	0.03	0.03	0	|	-10.0	0.03(-10)	0.03(-10)	|	9407	
30	108	ok	|	0.03	1.00	1.00	0.03	0.00	0	|	rapi	0.03	0.03	0	|	-10.0	0.03(-10)	0.03(-10)	|	9407	
30	109	ok	|	0.02	1.00	1.00	0.02	0.00	0	|	rapi	0.02	0.02	0	|	-10.0	0.02(-10)	0.02(-10)	|	9407	
30	110	ok	|	0.02	1.00	1.00	0.02	0.00	0	|	rapi	0.02	0.02	0	|	-10.0	0.02(-10)	0.02(-10)	|	9407	
30	111	ok	|	0.02	1.00	1.00	0.02	0.00	0	|	rapi	0.02	0.02	0	|	-10.0	0.02(-10)	0.02(-10)	|	9407	
30	112	ok	|	0.02	1.00	1.00	0.02	0.00	0	|	rapi	0.02	0.02	0	|	-10.0	0.02(-10)	0.02(-10)	|	9407	
30	113	ok	|	0.02	1.00	1.00	0.02	0.00	0	|	rapi	0.02	0.02	0	|	-10.0	0.02(-10)	0.02(-10)	|	9407	
30	114	ok	|	0.02	1.00	1.00	0.02	0.00	0	|	rapi	0.02	0.02	0	|	-10.0	0.02(-10)	0.02(-10)	|	9407	
30	115	ok	|	0.02	1.00	1.00	0.02	0.00	0	|	rapi	0.02	0.02	0	|	-10.0	0.02(-10)	0.02(-10)	|	9407	
30	116	ok	|	0.02	1.00	1.00	0.02	0.00	0	|	rapi	0.02	0.02	0	|	-10.0	0.02(-10)	0.02(-10)	|	9407	
30	117	ok	|	0.02	1.00	1.00	0.02	0.00	0	|	rapi	0.02	0.02	0	|	-10.0	0.02(-10)	0.02(-10)	|	9407	
30	118	ok	|	0.02	1.00	1.00	0.02	0.00	0	|	rapi	0.02	0.02	0	|	-10.0	0.02(-10)	0.02(-10)	|	9407	
30	119	ok	|	0.02	1.00	1.00	0.02	0.00	0	|	rapi	0.02	0.02	0	|	-10.0	0.02(-10)	0.02(-10)	|	9407	
30	120	ok	|	0.02	1.00	1.00	0.02	0.00	0	|	rapi	0.02	0.02	0	|	-10.0	0.02(-10)	0.02(-10)	|	9407	
30	121	ok	|	0.02	1.00	1.00	0.02	0.00	0	|	rapi	0.02	0.02	0	|	-10.0	0.02(-10)	0.02(-10)	|	9407	
30	122	ok	|	0.02	1.00	1.00	0.02	0.00	0	|	rapi	0.02	0.02	0	|	-10.0	0.02(-10)	0.02(-10)	|	9407	
30	123	ok	|	0.02	1.00	1.00	0.02	0.00	0	|	rapi	0.02	0.02	0	|	-10.0	0.02(-10)	0.02(-10)	|	9407	
30	124	ok	|	0.02	1.00	1.00	0.02	0.00	0	|	rapi	0.02	0.02	0	|	-10.0	0.02(-10)	0.02(-10)	|	9407	
30	125	ok	|	0.02	1.00	1.00	0.02	0.00	0	|	rapi	0.02	0.02	0	|	-10.0	0.02(-10)	0.02(-10)	|	9407	
30	126	ok	|	0.02	1.00	1.00	0.02	0.00	0	|	rapi	0.02	0.02	0	|	-10.0	0.02(-10)	0.02(-10)	|	9407	
30	127	ok	|	0.02	1.00	1.00	0.02	0.00	0	|	rapi	0.02	0.02	0	|	-10.0	0.02(-10)	0.02(-10)	|	9407	
30	128	ok	|	0.02	1.00	1.00	0.02	0.00	0	|	rapi	0.02	0.02	0	|	-10.0	0.02(-10)	0.02(-10)	|	9407	
30	129	ok	|	0.02	1.00	1.00	0.02	0.00	0	|	rapi	0.02	0.02	0	|	-10.0	0.02(-10)	0.02(-10)	|	9407	
30	130	ok	|	0.02	1.00	1.00	0.02	0.00	0	|	rapi	0.02	0.02	0	|	-10.0	0.02(-10)	0.02(-10)	|	9407	
30	131	ok	|	0.02	1.00	1.00	0.02	0.00	0	|	rapi	0.02	0.02	0	|	-10.0	0.02(-10)	0.02(-10)	|	9407	
30	132	ok	|	0.02	1.00	1.00	0.02	0.00	0	|	rapi	0.02	0.02	0	|	-10.0	0.02(-10)	0.02(-10)	|	9407	
30	133	ok	|	0.02	1.00	1.00	0.02	0.00	0	|	rapi	0.02	0.02	0	|	-10.0	0.02(-10)	0.02(-10)	|	9407	
30	134	ok	|	0.02	1.00	1.00	0.02	0.00	0	|	rapi	0.02	0.02	0	|	-10.0	0.02(-10)	0.02(-10)	|	9407	
30	135	ok	|	0.02	1.00	1.00	0.02	0.00	0	|	rapi	0.02	0.02	0	|	-10.0	0.02(-10)	0.02(-10)	|	9407	
30	136	ok	|	0.02	1.00	1.00	0.02	0.00	0	|	rapi	0.02	0.02	0	|	-10.0	0.02(-10)	0.02(-10)	|	9407	
30	137	ok	|	0.02	1.00	1.00	0.02	0.00	0	|	rapi	0.02	0.02	0	|	-10.0	0.02(-10)	0.02(-10)	|	9407	
30	138	ok	|	0.02	1.00	1.00	0.02	0.00	0	|	rapi	0.02	0.02	0	|	-10.0	0.02(-10)	0.02(-10)	|	9407	
30	139	ok	|	0.02	1.00	1.00	0.02	0.00	0	|	rapi	0.02	0.02	0	|	-10.0	0.02(-10)	0.02(-10)	|	9407	
30	140	ok	|	0.02	1.00	1.00	0.02	0.00	0	|	rapi	0.02	0.02	0	|	-10.0	0.02(-10)	0.02(-10)	|	9407	
30	141	ok	|	0.02	1.00	1.00	0.02	0.00	0	|	rapi	0.02	0.02	0	|	-10.0	0.02(-10)	0.02(-10)	|	9407	
30	142	ok	|	0.02	1.00	1.00	0.02	0.00	0	|	rapi	0.02	0.02	0	|	-10.0	0.02(-10)	0.02(-10)	|	9407	
30	143	ok	|	0.02	1.00	1.00	0.02	0.00	0	|	rapi	0.02	0.02	0	|	-10.0	0.02(-10)	0.02(-10)	|	9407	
30	144	ok	|	0.02	1.00	1.00	0.02	0.00	0	|	rapi	0.02	0.02	0	|	-10.0	0.02(-10)	0.02(-10)	|	9407	
30	145	ok	|	0.02	1.00	1.00	0.02	0.00	0	|	rapi	0.02	0.02	0	|	-10.0	0.02(-10)	0.02(-10)	|	9407	
30	146	ok	|	0.03	1.00	1.00	0.03	0.00	0	|	rapi	0.03	0.03	0	|	-10.0	0.03(-10)	0.03(-10)	|	9407	
30	147	ok	|	0.03	1.00	1.00	0.03	0.00	0	|	rapi	0.03	0.03	0	|	-10.0	0.03(-10)	0.03(-10)	|	9407	
30	148	ok	|	0.03	1.00	1.00	0.03	0.00	0	|	rapi	0.03	0.03	0	|	-10.0	0.03(-10)	0.03(-10)	|	9407	
30	149	ok	|	0.03	1.00	1.00	0.03	0.00	0	|	rapi	0.03	0.03	0	|	-10.0	0.03(-10)	0.03(-10)	|	9407	
30	150	ok	|	0.03	1.00	1.00	0.03	0.00	0	|	rapi	0.03	0.03	0	|	-10.0	0.03(-10)	0.03(-10)	|	9407	
30	151	ok	|	0.03	1.00	1.00	0.03	0.00	0	|	rapi	0.03	0.03	0	|	-10.0	0.03(-10)	0.03(-10)	|	9407	
30	152	ok	|	0.03	1.00	1.00	0.03	0.00	0	|	rapi	0.03	0.03	0	|	-10.0	0.03(-10)	0.03(-10)	|	9407	
30	153	ok	|	0.03	1.00	1.00	0.03	0.00	0	|	rapi	0.03	0.03	0	|	-10.0	0.03(-10)	0.03(-10)	|	9407	
30	154	ok	|	0.03	1.00	1.00	0.03	0.00	0	|	rapi	0.03	0.03	0	|	-10.0	0.03(-10)	0.03(-10)	|	9407	
30	155	ok	|	0.03	1.00	1.00	0.03	0.00	0	|	rapi	0.03	0.03	0	|	-10.0	0.03(-10)	0.03(-10)	|	9407	
30	156	ok	|	0.03	1.00	1.00	0.03	0.00	0	|	rapi	0.03	0.03	0	|	-10.0	0.03(-10)	0.03(-10)	|	9407	
30	157	ok	|	0.03	1.00	1.00	0.03	0.00	0	|	rapi	0.03	0.03	0	|	-10.0	0.03(-10)	0.03(-10)	|	9407	
30	158	ok	|	0.03	1.00	1.00	0.03	0.00	0	|	rapi	0.03	0.03	0	|	-10.0	0.03(-10)	0.03(-10)	|	9407	
30	159	ok	|	0.03	1.00	1.00	0.03	0.00	0	|	rapi	0.03	0.03	0	|	-10.0	0.03(-10)	0.03(-10)	|	9407	
30	160	ok	|	0.02	1.00	1.00	0.03	0.00	0	|	rapi	0.02	0.03	0	|	-10.0	0.03(-10)	0.03(-10)	|	9407	
30	161	ok	|	0.03	1.00	1.00	0.03	0.00	0	|	rapi	0.03	0.03	0	|	-10.0	0.03(-10)	0.03(-10)	|	9407	
30	162	ok	|	0.03	1.00	1.00	0.03	0.00	0	|	rapi	0.03	0.03	0	|	-10.0	0.03(-10)	0.03(-10)	|	9407	
30	163	ok	|	0.03	1.00	1.00	0.03	0.01	0	|	rapi	0.03	0.03	0	|	-10.0	0.03(-10)	0.03(-10)	|	9407	
30	164	ok	|	0.03	1.00	1.00	0.03	0.01	0	|	rapi	0.03	0.03	0	|	-10.0	0.03(-10)	0.03(-10)	|	9407	
30	165	ok	|	0.03	1.00	1.00	0.03	0.01	0	|	rapi	0.03	0.03	0	|	-10.0	0.03(-10)	0.03(-10)	|	9407	
30	166	ok	|	0.03	1.00	1.00	0.03	0.01	0	|	rapi	0.03	0.03	0	|	-10.0	0.03(-10)	0.03(-10)	|	9407	
30	167	ok	|	0.04	1.00	1.00	0.04	0.01	0	|	rapi	0.04	0.04	0	|	-10.0	0.04(-10)	0.04(-10)	|	9407	
30	168	ok	|	0.04	1.00	1.00	0.04	0.01	0	|	rapi	0.04	0.04	0	|	-10.0	0.04(-10)	0.04(-10)	|	9407	
30	169	ok	|	0.04	1.00	1.00	0.04	0.01	0	|	rapi	0.04	0.04	0	|	-10.0	0.04(-10)	0.04(-10)	|	9407	
30	170	ok	|	0.03	1.00	1.00	0.04	0.01	0	|	rapi	0.03	0.04	0	|	-10.0	0.04(-10)	0.04(-10)	|	9407	
30	171	ok	|	0.04	1.00	1.00	0.04	0.01	0	|	rapi	0.04	0.04	0	|	-10.0	0.04(-10)	0.04(-10)	|	9407	
30	172	ok	|	0.04	1.00	1.00	0.04	0.01	0	|	rapi	0.04	0.04	0	|	-10.0	0.04(-10)	0.04(-10)	|	9407	
30	173	ok	|	0.03	1.00	1.00	0.03	0.01	0	|	rapi	0.03	0.03	0	|	-10.0	0.03(-10)	0.03(-10)	|	9407	
30	174	ok	|	0.03	1.00	1.00	0.03	0.01	0	|	rapi	0.03	0.03	0	|	-10.0	0.03(-10)	0.03(-10)	|	9407	
30	175	ok	|	0.03	1.00	1.00	0.03	0.01	0	|	rapi	0.03	0.03	0	|	-10.0	0.03(-10)	0.03(-10)	|	9407	
30	176	ok	|	0.03	1.00	1.00	0.03	0.01	0	|	rapi	0.03	0.03	0	|	-10.0	0.03(-10)	0.03(-10)	|	9407	
30	177	ok	|	0.03	1.00	1.00	0.03	0.01	0	|	rapi	0.03	0.03	0	|	-10.0	0.03(-10)	0.03(-10)	|	9407	
30	178	ok	|	0.03	1.00	1.00	0.03	0.01	0	|	rapi	0.03	0.03	0	|	-10.0	0.03(-10)	0.03(-10)	|	9407	
30	179	ok	|	0.03	1.00	1.00	0.03	0.01	0	|	rapi	0.03	0.03	0	|	-10.0	0.03(-10)	0.03(-10)	|	9407	
30	180	ok	|	0.03	1.00	1.00	0.03	0.01	0	|	rapi	0.03	0.03	0	|	-10.0	0.03(-10)	0.03(-10)	|	9407	
30	181	ok	|	0.03	1.00	1.00	0.03	0.01	0	|	rapi	0.03	0.03	0	|	-10.0	0.03(-10)	0.03(-10)	|	9407	
30	182	ok	|	0.03	1.00	1.00	0.03	0.01	0	|	rapi	0.03	0.03	0	|	-10.0	0.03(-10)	0.03(-10)	|	9407	
30	183	ok	|	0.03	1.00	1.00	0.03	0.01	0	|	rapi	0.03	0.03	0	|	-10.0	0.03(-10)	0.03(-10)	|	9407	
30	184	ok	|	0.03	1.00	1.00	0.03	0.01	0	|	rapi	0.03	0.03	0	|	-10.0	0.03(-10)	0.03(-10)	|	9407	
30	185	ok	|	0.03	1.00	1.00	0.03	0.01	0	|	rapi	0.03	0.03	0	|	-10.0	0.03(-10)	0.03(-10)	|	9407	
30	186	ok	|	0.03	1.00	1.00	0.03	0.01	0	|	rapi	0.03	0.03	0	|	-10.0	0.03(-10)	0.03(-10)	|	9407	
30	187	ok	|	0.03	1.00	1.00	0.03	0.01	0	|	rapi	0.03	0.03	0	|	-10.0	0.03(-10)	0.03(-10)	|	9407	
30	188	ok	|	0.03	1.00	1.00	0.03	0.01	0	|	rapi	0.03	0.03	0	|	-10.0	0.03(-10)	0.03(-10)	|	9407	
30	189	ok	|	0.03	1.00	1.00	0.03	0.01	0	|	rapi	0.03	0.03	0	|	-10.0	0.03(-10)	0.03(-10)	|	9407	
30	190	ok	|	0.04	1.00	1.00	0.04	0.01	0	|	rapi	0.04	0.04	0	|	-10.0	0.04(-10)	0.04(-10)	|	9407	
30	191	ok	|	0.04	1.00	1.00	0.04	0.01	0	|	rapi	0.04	0.04	0	|	-10.0	0.04(-10)	0.04(-10)	|	9407	
30	192	ok	|	0.04	1.00	1.00	0.04	0.01	0	|	rapi	0.04	0.04	0	|	-10.0	0.04(-10)	0.04(-10)	|	9407	
30	193	ok	|	0.04	1.00	1.00	0.04	0.01	0	|	rapi	0.04	0.04	0	|	-10.0	0.04(-10)	0.04(-10)	|	9407	
30	194	ok	|	0.04	1.00	1.00	0.04	0.01	0	|	rapi	0.04	0.04	0	|	-10.0	0.04(-10)	0.04(-10)	|	9407	
30	195	ok	|	0.04	1.00	1.00	0.04	0.01	0	|	rapi	0.04	0.04	0	|	-10.0	0.04(-10)	0.04(-10)	|	9407	
30	196	ok	|	0.04	1.00	1.00	0.04	0.01	0	|	rapi	0.04	0.04	0	|	-10.0	0.04(-10)	0.04(-10)	|	9407	
30	197	ok	|	0.04	1.00	1.00	0.04	0.01	0	|	rapi	0.04	0.04	0	|	-10.0	0.04(-10)	0.04(-10)	|	9407	
30	198	ok	|	0.04	1.00	1.00	0.04	0.01	0	|	rapi	0.04	0.04	0	|	-10.0	0.04(-10)	0.04(-10)	|	9407	
30	199	ok	|	0.04	1.00	1.00	0.04	0.01	0	|	rapi	0.04	0.04	0	|	-10.0	0.04(-10)	0.04(-10)	|	9407	
30	200	ok	|	0.03	1.00	1.00	0.03	0.01	0	|	rapi	0.03	0.03	0	|	-10.0	0.03(-10)	0.03(-10)	|	9407	
30	201	ok	|	0.04	1.00	1.00	0.04	0.01	0	|	rapi	0.04	0.04	0	|	-10.0	0.04(-10)	0.04(-10)	|	9407	
30	202	ok	|	0.03	1.00	1.00	0.03	0.01	0	|	rapi	0.03	0.03	0	|	-10.0	0.03(-10)	0.03(-10)	|	9407	
30	203	ok	|	0.04	1.00	1.00	0.04	0.01	0	|	rapi	0.04	0.04	0	|	-10.0	0.04(-10)	0.04(-10)	|	9407	
30	204	ok	|	0.04	1.00	1.00	0.04	0.01	0	|	rapi	0.04	0.04	0	|	-10.0	0.04(-10)	0.04(-10)	|	9407	
30	205	ok	|	0.03	1.00	1.00	0.03	0.01	0	|	rapi	0.03	0.03	0	|	-10.0	0.03(-10)	0.03(-10)	|	9407	
30	206	ok	|	0.03	1.00	1.00	0.03	0.01	0	|	rapi	0.03	0.03	0	|	-10.0	0.03(-10)	0.03(-10)	|	9407	
30	207	ok	|	0.03	1.00	1.00	0.03	0.01	0	|	rapi	0.03	0.03	0	|	-10.0	0.03(-10)	0.03(-10)	|	9407	
30	208	ok	|	0.03	1.00	1.00	0.03	0.01	0	|	rapi	0.03	0.03	0	|	-10.0	0.03(-10)	0.03(-10)	|	9407	
30	209	ok	|	0.03	1.00	1.00	0.03	0.01	0	|	rapi	0.03	0.03	0	|	-10.0	0.03(-10)	0.03(-10)	|	9407	
30	210	ok	|	0.03	1.00	1.00	0.03	0.01	0	|	rapi	0.03	0.03	0	|	-10.0	0.03(-10)	0.03(-10)	|	9407	
30	211	ok	|	0.03	1.00	1.00	0.03	0.01	0	|	rapi	0.03	0.03	0	|	-10.0	0.03(-10)	0.03(-10)	|	9407	
30	212	ok	|	0.03	1.00	1.00	0.03	0.01	0	|	rapi	0.03	0.03	0	|	-10.0	0.03(-10)	0.03(-10)	|	9407	
30	213	ok	|	0.03	1.00	1.00	0.03	0.01	0	|	rapi	0.03	0.03	0	|	-10.0	0.03(-10)	0.03(-10)	|	9407	
30	214	ok	|	0.03	1.00	1.00	0.03	0.01	0	|	rapi	0.03	0.03	0	|	-10.0	0.03(-10)	0.03(-10)	|	9407	
30	215	ok	|	0.03	1.00	1.00	0.03	0.01	0	|	rapi	0.03	0.03	0	|	-10.0	0.03(-10)	0.03(-10)	|	9407	
30	216	ok	|	0.03	1.00	1.00	0.03	0.01	0	|	rapi	0.03	0.03	0	|	-10.0	0.03(-10)	0.03(-10)	|	9407	
30	217	ok	|	0.03	1.00	1.00	0.03	0.01	0	|	rapi	0.03	0.03	0	|	-10.0	0.03(-10)	0.03(-10)	|	9407	
30	218	ok	|	0.02	1.00	1.00	0.02	0.01	0	|	rapi	0.02	0.02	0	|	-10.0	0.02(-10)	0.02(-10)	|	9407	
30	219	ok	|	0.02	1.00	1.00	0.02	0.01	0	|	rapi	0.02	0.02	0	|	-10.0	0.02(-10)	0.02(-10)	|	9407	
30	220	ok	|	0.02	1.00	1.00	0.02	0.01	0	|	rapi	0.02	0.02	0	|	-10.0	0.02(-10)	0.02(-10)	|	9407	
30	221	ok	|	0.02	1.00	1.00	0.02	0.01	0	|	rapi	0.02	0.02	0	|	-10.0	0.02(-10)	0.02(-10)	|	9407	
30	222	ok	|	0.02	1.00	1.00	0.02	0.01	0	|	rapi	0.02	0.02	0	|	-10.0	0.02(-10)	0.02(-10)	|	9407	
30	223	ok	|	0.02	1.00	1.00	0.02	0.01	0	|	rapi	0.02	0.02	0	|	-10.0	0.02(-10)	0.02(-10)	|	9407	
30	224	ok	|	0.02	1.00	1.00	0.02	0.01	0	|	rapi	0.02	0.02	0	|	-10.0	0.02(-10)	0.02(-10)	|	9407	
30	225	ok	|	0.02	1.00	1.00	0.02	0.01	0	|	rapi	0.02	0.02	0	|	-10.0	0.02(-10)	0.02(-10)	|	9407	
30	226	ok	|	0.02	1.00	1.00	0.02	0.01	0	|	rapi	0.02	0.02	0	|	-10.0	0.02(-10)	0.02(-10)	|	9407	
30	227	ok	|	0.02	1.00	1.00	0.02	0.01	0	|	rapi	0.02	0.02	0	|	-10.0	0.02(-10)	0.02(-10)	|	9407	
30	228	ok	|	0.02	1.00	1.00	0.02	0.01	0	|	rapi	0.02	0.02	0	|	-10.0	0.02(-10)	0.02(-10)	|	9407	
30	229	ok	|	0.02	1.00	1.00	0.02	0.01	0	|	rapi	0.02	0.02	0	|	-10.0	0.02(-10)	0.02(-10)	|	9407	
30	230	ok	|	0.02	1.00	1.00	0.02	0.01	0	|	rapi	0.02	0.02	0	|	-10.0	0.02(-10)	0.02(-10)	|	9407	
30	231	ok	|	0.02	1.00	1.00	0.02	0.01	0	|	rapi	0.02	0.02	0	|	-10.0	0.02(-10)	0.02(-10)	|	9407	
30	232	ok	|	0.02	1.00	1.00	0.02	0.01	0	|	rapi	0.02	0.02	0	|	-10.0	0.02(-10)	0.02(-10)	|	9407	
30	233	ok	|	0.02	1.00	1.00	0.02	0.01	0	|	rapi	0.02	0.02	0	|	-10.0	0.02(-10)	0.02(-10)	|	9407	
30	234	ok	|	0.02	1.00	1.00	0.02	0.01	0	|	rapi	0.02	0.02	0	|	-10.0	0.02(-10)	0.02(-10)	|	9407	
30	235	ok	|	0.02	1.00	1.00	0.02	0.01	0	|	rapi	0.02	0.02	0	|	-10.0	0.02(-10)	0.02(-10)	|	9407	
30	236	ok	|	0.02	1.00	1.00	0.02	0.01	0	|	rapi	0.02	0.02	0	|	-10.0	0.02(-10)	0.02(-10)	|	9407	
30	237	ok	|	0.03	1.00	1.00	0.03	0.01	0	|	rapi	0.03	0.03	0	|	-10.0	0.03(-10)	0.03(-10)	|	9407	
30	238	ok	|	0.03	1.00	1.00	0.03	0.01	0	|	rapi	0.03	0.03	0	|	-10.0	0.03(-10)	0.03(-10)	|	9407	
30	239	ok	|	0.03	1.00	1.00	0.03	0.01	0	|	rapi	0.03	0.03	0	|	-10.0	0.03(-10)	0.03(-10)	|	9407	
30	240	ok	|	0.03	1.00	1.00	0.03	0.01	0	|	rapi	0.03	0.03	0	|	-10.0	0.03(-10)	0.03(-10)	|	9407	
30	241	ok	|	0.03	1.00	1.00	0.03	0.01	0	|	rapi	0.03	0.03	0	|	-10.0	0.03(-10)	0.03(-10)	|	9407	
30	242	ok	|	0.03	1.00	1.00	0.03	0.01	0	|	rapi	0.03	0.03	0	|	-10.0	0.03(-10)	0.03(-10)	|	9407	
30	243	ok	|	0.03	1.00	1.00	0.03	0.01	0	|	rapi	0.03	0.03	0	|	-10.0	0.03(-10)	0.03(-10)	|	9407	
30	244	ok	|	0.02	1.00	1.00	0.02	0.01	0	|	rapi	0.02	0.02	0	|	-10.0	0.02(-10)	0.02(-10)	|	9407	
30	245	ok	|	0.02	1.00	1.00	0.02	0.01	0	|	rapi	0.02	0.02	0	|	-10.0	0.02(-10)	0.02(-10)	|	9407	
30	246	ok	|	0.02	1.00	1.00	0.02	0.01	0	|	rapi	0.02	0.02	0	|	-10.0	0.02(-10)	0.02(-10)	|	9407	
30	247	ok	|	0.02	1.00	1.00	0.02	0.00	0	|	rapi	0.02	0.02	0	|	-10.0	0.02(-10)	0.02(-10)	|	9407	
30	248	ok	|	0.02	1.00	1.00	0.02	0.00	0	|	rapi	0.02	0.02	0	|	-10.0	0.02(-10)	0.02(-10)	|	9407	
30	249	ok	|	0.02	1.00	1.00	0.02	0.01	0	|	rapi	0.02	0.02	0	|	-10.0	0.02(-10)	0.02(-10)	|	9407	
30	250	ok	|	0.02	1.00	1.00	0.02	0.01	0	|	rapi	0.02	0.02	0	|	-10.0	0.02(-10)	0.02(-10)	|	9407	
30	251	ok	|	0.02	1.00	1.00	0.02	0.00	0	|	rapi	0.02	0.02	0	|	-10.0	0.02(-10)	0.02(-10)	|	9407	
30	252	ok	|	0.02	1.00	1.00	0.02	0.01	0	|	rapi	0.02	0.02	0	|	-10.0	0.02(-10)	0.02(-10)	|	9407	
30	253	ok	|	0.02	1.00	1.00	0.02	0.01	0	|	rapi	0.02	0.02	0	|	-10.0	0.02(-10)	0.02(-10)	|	9407	
30	254	ok	|	0.02	1.00	1.00	0.02	0.01	0	|	rapi	0.02	0.02	0	|	-10.0	0.02(-10)	0.02(-10)	|	9407	
30	255	ok	|	0.02	1.00	1.00	0.02	0.01	0	|	rapi	0.02	0.02	0	|	-10.0	0.02(-10)	0.02(-10)	|	9407	
30	256	ok	|	0.02	1.00	1.00	0.02	0.01	0	|	rapi	0.02	0.02	0	|	-10.0	0.02(-10)	0.02(-10)	|	9407	
30	257	ok	|	0.02	1.00	1.00	0.02	0.01	0	|	rapi	0.02	0.02	0	|	-10.0	0.02(-10)	0.02(-10)	|	9407	
30	258	ok	|	0.02	1.00	1.00	0.02	0.01	0	|	rapi	0.02	0.02	0	|	-10.0	0.02(-10)	0.02(-10)	|	9407	
30	259	ok	|	0.02	1.00	1.00	0.02	0.01	0	|	rapi	0.02	0.02	0	|	-10.0	0.02(-10)	0.02(-10)	|	9407	
30	260	ok	|	0.03	1.00	1.00	0.03	0.01	0	|	rapi	0.03	0.03	0	|	-10.0	0.03(-10)	0.03(-10)	|	9407	
30	261	ok	|	0.02	1.00	1.00	0.02	0.01	0	|	rapi	0.02	0.02	0	|	-10.0	0.02(-10)	0.02(-10)	|	9407	
30	262	ok	|	0.02	1.00	1.00	0.02	0.01	0	|	rapi	0.02	0.02	0	|	-10.0	0.02(-10)	0.02(-10)	|	9407	
30	263	ok	|	0.02	1.00	1.00	0.02	0.01	0	|	rapi	0.02	0.02	0	|	-10.0	0.02(-10)	0.02(-10)	|	9407	
30	264	ok	|	0.02	1.00	1.00	0.02	0.01	0	|	rapi	0.02	0.02	0	|	-10.0	0.02(-10)	0.02(-10)	|	9407	
30	265	ok	|	0.02	1.00	1.00	0.02	0.01	0	|	rapi	0.02	0.02	0	|	-10.0	0.02(-10)	0.02(-10)	|	9407	
30	266	ok	|	0.02	1.00	1.00	0.02	0.01	0	|	rapi	0.02	0.02	0	|	-10.0	0.02(-10)	0.02(-10)	|	9407	
30	267	ok	|	0.02	1.00	1.00	0.02	0.01	0	|	rapi	0.02	0.02	0	|	-10.0	0.02(-10)	0.02(-10)	|	9407	
30	268	ok	|	0.03	1.00	1.00	0.03	0.01	0	|	rapi	0.03	0.03	0	|	-10.0	0.03(-10)	0.03(-10)	|	9407	
30	269	ok	|	0.03	1.00	1.00	0.03	0.01	0	|	rapi	0.03	0.03	0	|	-10.0	0.03(-10)	0.03(-10)	|	9407	
30	270	ok	|	0.03	1.00	1.00	0.03	0.01	0	|	rapi	0.03	0.03	0	|	-10.0	0.03(-10)	0.03(-10)	|	9407	
30	271	ok	|	0.03	1.00	1.00	0.03	0.01	0	|	rapi	0.03	0.03	0	|	-10.0	0.03(-10)	0.03(-10)	|	9407	
30	272	ok	|	0.02	1.00	1.00	0.02	0.01	0	|	rapi	0.02	0.02	0	|	-10.0	0.02(-10)	0.02(-10)	|	9407	
30	273	ok	|	0.02	1.00	1.00	0.02	0.01	0	|	rapi	0.02	0.02	0	|	-10.0	0.02(-10)	0.02(-10)	|	9407	
30	274	ok	|	0.02	1.00	1.00	0.02	0.01	0	|	rapi	0.02	0.02	0	|	-10.0	0.02(-10)	0.02(-10)	|	9407	
30	275	ok	|	0.02	1.00	1.00	0.02	0.01	0	|	rapi	0.02	0.02	0	|	-10.0	0.02(-10)	0.02(-10)	|	9407	
30	276	ok	|	0.03	1.00	1.00	0.03	0.01	0	|	rapi	0.03	0.03	0	|	-10.0	0.03(-10)	0.03(-10)	|	9407	
30	277	ok	|	0.03	1.00	1.00	0.03	0.01	0	|	rapi	0.03	0.03	0	|	-10.0	0.03(-10)	0.03(-10)	|	9407	
30	278	ok	|	0.03	1.00	1.00	0.03	0.01	0	|	rapi	0.03	0.03	0	|	-10.0	0.03(-10)	0.03(-10)	|	9407	
30	279	ok	|	0.03	1.00	1.00	0.03	0.02	0	|	rapi	0.03	0.03	0	|	-10.0	0.03(-10)	0.03(-10)	|	9407	
30	280	ok	|	0.03	1.00	1.00	0.03	0.02	0	|	rapi	0.03	0.03	0	|	-10.0	0.03(-10)	0.03(-10)	|	9407	
30	281	ok	|	0.03	1.00	1.00	0.03	0.02	0	|	rapi	0.03	0.03	0	|	-10.0	0.03(-10)	0.03(-10)	|	9407	
30	282	ok	|	0.03	1.00	1.00	0.03	0.01	0	|	rapi	0.03	0.03	0	|	-10.0	0.03(-10)	0.03(-10)	|	9407	
30	283	ok	|	0.03	1.00	1.00	0.03	0.02	0	|	rapi	0.03	0.03	0	|	-10.0	0.03(-10)	0.03(-10)	|	9407	
30	284	ok	|	0.03	1.00	1.00	0.03	0.02	0	|	rapi	0.03	0.03	0	|	-10.0	0.03(-10)	0.03(-10)	|	9407	
30	285	ok	|	0.03	1.00	1.00	0.03	0.02	0	|	rapi	0.03	0.03	0	|	-10.0	0.03(-10)	0.03(-10)	|	9407	
30	286	ok	|	0.03	1.00	1.00	0.03	0.02	0	|	rapi	0.03	0.03	0	|	-10.0	0.03(-10)	0.03(-10)	|	9407	
30	287	ok	|	0.03	1.00	1.00	0.03	0.01	0	|	rapi	0.03	0.03	0	|	-10.0	0.03(-10)	0.03(-10)	|	9407	
30	288	ok	|	0.03	1.00	1.00	0.03	0.01	0	|	rapi	0.03	0.03	0	|	-10.0	0.03(-10)	0.03(-10)	|	9407	
30	289	ok	|	0.03	1.00	1.00	0.03	0.01	0	|	rapi	0.03	0.03	0	|	-10.0	0.03(-10)	0.03(-10)	|	9407	
30	290	ok	|	0.03	1.00	1.00	0.03	0.01	0	|	rapi	0.03	0.03	0	|	-10.0	0.03(-10)	0.03(-10)	|	9407	
30	291	ok	|	0.03	1.00	1.00	0.03	0.01	0	|	rapi	0.03	0.03	0	|	-10.0	0.03(-10)	0.03(-10)	|	9407	
30	292	ok	|	0.03	1.00	1.00	0.03	0.01	0	|	rapi	0.03	0.03	0	|	-10.0	0.03(-10)	0.03(-10)	|	9407	
30	293	ok	|	0.03	1.00	1.00	0.03	0.01	0	|	rapi	0.03	0.03	0	|	-10.0	0.03(-10)	0.03(-10)	|	9407	
30	294	ok	|	0.03	1.00	1.00	0.03	0.02	0	|	rapi	0.03	0.03	0	|	-10.0	0.03(-10)	0.03(-10)	|	9407	
30	295	ok	|	0.03	1.00	1.00	0.03	0.02	0	|	rapi	0.03	0.03	0	|	-10.0	0.03(-10)	0.03(-10)	|	9407	
30	296	ok	|	0.03	1.00	1.00	0.03	0.02	0	|	rapi	0.03	0.03	0	|	-10.0	0.03(-10)	0.03(-10)	|	9407	
30	297	ok	|	0.03	1.00	1.00	0.03	0.02	0	|	rapi	0.03	0.03	0	|	-10.0	0.03(-10)	0.03(-10)	|	9407	
30	298	ok	|	0.03	1.00	1.00	0.03	0.02	0	|	rapi	0.03	0.03	0	|	-10.0	0.03(-10)	0.03(-10)	|	9407	
30	299	ok	|	0.03	1.00	1.00	0.03	0.02	0	|	rapi	0.03	0.03	0	|	-10.0	0.03(-10)	0.03(-10)	|	9407	
30	300	ok	|	0.03	1.00	1.00	0.03	0.02	0	|	rapi	0.03	0.03	0	|	-10.0	0.03(-10)	0.03(-10)	|	9407	
30	301	ok	|	0.03	1.00	1.00	0.03	0.02	0	|	rapi	0.03	0.03	0	|	-10.0	0.03(-10)	0.03(-10)	|	9407	
30	302	ok	|	0.03	1.00	1.00	0.03	0.02	0	|	rapi	0.03	0.03	0	|	-10.0	0.03(-10)	0.03(-10)	|	9407	
30	303	ok	|	0.03	1.00	1.00	0.04	0.02	0	|	rapi	0.03	0.04	0	|	-10.0	0.04(-10)	0.04(-10)	|	9407	
30	304	ok	|	0.03	1.00	1.00	0.03	0.02	0	|	rapi	0.03	0.03	0	|	-10.0	0.03(-10)	0.03(-10)	|	9407	
30	305	ok	|	0.03	1.00	1.00	0.03	0.02	0	|	rapi	0.03	0.03	0	|	-10.0	0.03(-10)	0.03(-10)	|	9407	
30	306	ok	|	0.03	1.00	1.00	0.04	0.02	0	|	rapi	0.03	0.04	0	|	-10.0	0.04(-10)	0.04(-10)	|	9407	
30	307	ok	|	0.04	1.00	1.00	0.04	0.02	0	|	rapi	0.04	0.04	0	|	-10.0	0.04(-10)	0.04(-10)	|	9407	
30	308	ok	|	0.03	1.00	1.00	0.03	0.02	0	|	rapi	0.03	0.03	0	|	-10.0	0.03(-10)	0.03(-10)	|	9407	
30	309	ok	|	0.03	1.00	1.00	0.04	0.02	0	|	rapi	0.03	0.04	0	|	-10.0	0.04(-10)	0.04(-10)	|	9407	
30	310	ok	|	0.03	1.00	1.00	0.03	0.02	0	|	rapi	0.03	0.03	0	|	-10.0	0.03(-10)	0.03(-10)	|	9407	
30	311	ok	|	0.04	1.00	1.00	0.04	0.02	0	|	rapi	0.04	0.04	0	|	-10.0	0.04(-10)	0.04(-10)	|	9407	
30	312	ok	|	0.04	1.00	1.00	0.04	0.02	0	|	rapi	0.04	0.04	0	|	-10.0	0.04(-10)	0.04(-10)	|	9407	
30	313	ok	|	0.04	1.00	1.00	0.04	0.02	0	|	rapi	0.04	0.04	0	|	-10.0	0.04(-10)	0.04(-10)	|	9407	
30	314	ok	|	0.03	1.00	1.00	0.03	0.02	0	|	rapi	0.03	0.03	0	|	-10.0	0.03(-10)	0.03(-10)	|	9407	
30	315	ok	|	0.03	1.00	1.00	0.03	0.02	0	|	rapi	0.03	0.03	0	|	-10.0	0.03(-10)	0.03(-10)	|	9407	
30	316	ok	|	0.03	1.00	1.00	0.03	0.02	0	|	rapi	0.03	0.03	0	|	-10.0	0.03(-10)	0.03(-10)	|	9407	
30	317	ok	|	0.03	1.00	1.00	0.03	0.02	0	|	rapi	0.03	0.03	0	|	-10.0	0.03(-10)	0.03(-10)	|	9407	
30	318	ok	|	0.03	1.00	1.00	0.03	0.01	0	|	rapi	0.03	0.03	0	|	-10.0	0.03(-10)	0.03(-10)	|	9407	
30	319	ok	|	0.03	1.00	1.00	0.03	0.01	0	|	rapi	0.03	0.03	0	|	-10.0	0.03(-10)	0.03(-10)	|	9407	
30	320	ok	|	0.03	1.00	1.00	0.03	0.02	0	|	rapi	0.03	0.03	0	|	-10.0	0.03(-10)	0.03(-10)	|	9407	
30	321	ok	|	0.03	1.00	1.00	0.03	0.02	0	|	rapi	0.03	0.03	0	|	-10.0	0.03(-10)	0.03(-10)	|	9407	
30	322	ok	|	0.03	1.00	1.00	0.03	0.02	0	|	rapi	0.03	0.03	0	|	-10.0	0.03(-10)	0.03(-10)	|	9407	
30	323	ok	|	0.03	1.00	1.00	0.03	0.02	0	|	rapi	0.03	0.03	0	|	-10.0	0.03(-10)	0.03(-10)	|	9407	
30	324	ok	|	0.03	1.00	1.00	0.03	0.02	0	|	rapi	0.03	0.03	0	|	-10.0	0.03(-10)	0.03(-10)	|	9407	
30	325	ok	|	0.03	1.00	1.00	0.03	0.02	0	|	rapi	0.03	0.03	0	|	-10.0	0.03(-10)	0.03(-10)	|	9407	
30	326	ok	|	0.03	1.00	1.00	0.03	0.02	0	|	rapi	0.03	0.03	0	|	-10.0	0.03(-10)	0.03(-10)	|	9407	
30	327	ok	|	0.03	1.00	1.00	0.03	0.02	0	|	rapi	0.03	0.03	0	|	-10.0	0.03(-10)	0.03(-10)	|	9407	
30	328	ok	|	0.04	1.00	1.00	0.04	0.02	0	|	rapi	0.04	0.04	0	|	-10.0	0.04(-10)	0.04(-10)	|	9407	
30	329	ok	|	0.03	1.00	1.00	0.03	0.02	0	|	rapi	0.03	0.03	0	|	-10.0	0.03(-10)	0.03(-10)	|	9407	
30	330	ok	|	0.04	1.00	1.00	0.04	0.02	0	|	rapi	0.04	0.04	0	|	-10.0	0.04(-10)	0.04(-10)	|	9407	
30	331	ok	|	0.04	1.00	1.00	0.04	0.02	0	|	rapi	0.04	0.04	0	|	-10.0	0.04(-10)	0.04(-10)	|	9407	
30	332	ok	|	0.04	1.00	1.00	0.04	0.02	0	|	rapi	0.04	0.04	0	|	-10.0	0.04(-10)	0.04(-10)	|	9407	
30	333	ok	|	0.04	1.00	1.00	0.04	0.02	0	|	rapi	0.04	0.04	0	|	-10.0	0.04(-10)	0.04(-10)	|	9407	
30	334	ok	|	0.04	1.00	1.00	0.04	0.02	0	|	rapi	0.04	0.04	0	|	-10.0	0.04(-10)	0.04(-10)	|	9407	
30	335	ok	|	0.05	1.00	1.00	0.05	0.02	0	|	rapi	0.05	0.05	0	|	-10.0	0.05(-10)	0.05(-10)	|	9407	
30	336	ok	|	0.04	1.00	1.00	0.04	0.02	0	|	rapi	0.04	0.04	0	|	-10.0	0.04(-10)	0.04(-10)	|	9407	
30	337	ok	|	0.04	1.00	1.00	0.04	0.02	0	|	rapi	0.04	0.04	0	|	-10.0	0.04(-10)	0.04(-10)	|	9407	
30	338	ok	|	0.04	1.00	1.00	0.04	0.02	0	|	rapi	0.04	0.04	0	|	-10.0	0.04(-10)	0.04(-10)	|	9407	
30	339	ok	|	0.04	1.00	1.00	0.04	0.02	0	|	rapi	0.04	0.04	0	|	-10.0	0.04(-10)	0.04(-10)	|	9407	
30	340	ok	|	0.04	1.00	1.00	0.04	0.02	0	|	rapi	0.04	0.04	0	|	-10.0	0.04(-10)	0.04(-10)	|	9407	
30	341	ok	|	0.04	1.00	1.00	0.04	0.02	0	|	rapi	0.04	0.04	0	|	-10.0	0.04(-10)	0.04(-10)	|	9407	
30	342	ok	|	0.04	1.00	1.00	0.04	0.02	0	|	rapi	0.04	0.04	0	|	-10.0	0.04(-10)	0.04(-10)	|	9407	
30	343	ok	|	0.04	1.00	1.00	0.04	0.02	0	|	rapi	0.04	0.04	0	|	-10.0	0.04(-10)	0.04(-10)	|	9407	
30	344	ok	|	0.04	1.00	1.00	0.04	0.02	0	|	rapi	0.04	0.04	0	|	-10.0	0.04(-10)	0.04(-10)	|	9407	
30	345	ok	|	0.04	1.00	1.00	0.04	0.02	0	|	rapi	0.04	0.04	0	|	-10.0	0.04(-10)	0.04(-10)	|	9407	
30	346	ok	|	0.04	1.00	1.00	0.04	0.02	0	|	rapi	0.04	0.04	0	|	-10.0	0.04(-10)	0.04(-10)	|	9407	
30	347	ok	|	0.04	1.00	1.00	0.04	0.02	0	|	rapi	0.04	0.04	0	|	-10.0	0.04(-10)	0.04(-10)	|	9407	
30	348	ok	|	0.04	1.00	1.00	0.04	0.02	0	|	rapi	0.04	0.04	0	|	-10.0	0.04(-10)	0.04(-10)	|	9407	
30	349	ok	|	0.04	1.00	1.00	0.04	0.02	0	|	rapi	0.04	0.04	0	|	-10.0	0.04(-10)	0.04(-10)	|	9407	
30	350	ok	|	0.04	1.00	1.00	0.04	0.02	0	|	rapi	0.04	0.04	0	|	-10.0	0.04(-10)	0.04(-10)	|	9407	
30	351	ok	|	0.05	1.00	1.00	0.05	0.02	0	|	rapi	0.05	0.05	0	|	-10.0	0.05(-10)	0.05(-10)	|	9407	
30	352	ok	|	0.04	1.00	1.00	0.04	0.02	0	|	rapi	0.04	0.04	0	|	-10.0	0.04(-10)	0.04(-10)	|	9407	
30	353	ok	|	0.04	1.00	1.00	0.04	0.02	0	|	rapi	0.04	0.04	0	|	-10.0	0.04(-10)	0.04(-10)	|	9407	
30	354	ok	|	0.05	1.00	1.00	0.05	0.02	0	|	rapi	0.05	0.05	0	|	-10.0	0.05(-10)	0.05(-10)	|	9407	
30	355	ok	|	0.05	1.00	1.00	0.05	0.03	0	|	rapi	0.05	0.05	0	|	-10.0	0.05(-10)	0.05(-10)	|	9407	
30	356	ok	|	0.05	1.00	1.00	0.05	0.02	0	|	rapi	0.05	0.05	0	|	-10.0	0.05(-10)	0.05(-10)	|	9407	
30	357	ok	|	0.05	1.00	1.00	0.05	0.02	0	|	rapi	0.05	0.05	0	|	-10.0	0.05(-10)	0.05(-10)	|	9407	
30	358	ok	|	0.05	1.00	1.00	0.05	0.03	0	|	rapi	0.05	0.05	0	|	-10.0	0.05(-10)	0.05(-10)	|	9407	
30	359	ok	|	0.04	1.00	1.00	0.05	0.02	0	|	rapi	0.04	0.05	0	|	-10.0	0.05(-10)	0.05(-10)	|	9407	
30	360	ok	|	0.04	1.00	1.00	0.04	0.02	0	|	rapi	0.04	0.04	0	|	-10.0	0.04(-10)	0.04(-10)	|	9407	
30	361	ok	|	0.04	1.00	1.00	0.04	0.02	0	|	rapi	0.04	0.04	0	|	-10.0	0.04(-10)	0.04(-10)	|	9407	
30	362	ok	|	0.04	1.00	1.00	0.04	0.02	0	|	rapi	0.04	0.04	0	|	-10.0	0.04(-10)	0.04(-10)	|	9407	
30	363	ok	|	0.04	1.00	1.00	0.04	0.02	0	|	rapi	0.04	0.04	0	|	-10.0	0.04(-10)	0.04(-10)	|	9407	
30	364	ok	|	0.04	1.00	1.00	0.04	0.02	0	|	rapi	0.04	0.04	0	|	-10.0	0.04(-10)	0.04(-10)	|	9407	
30	365	ok	|	0.05	1.00	1.00	0.05	0.02	0	|	rapi	0.05	0.05	0	|	-10.0	0.05(-10)	0.05(-10)	|	9407	
30	366	ok	|	0.05	1.00	1.00	0.05	0.02	0	|	rapi	0.05	0.05	0	|	-10.0	0.05(-10)	0.05(-10)	|	9407	
30	367	ok	|	0.05	1.00	1.00	0.05	0.03	0	|	rapi	0.05	0.05	0	|	-10.0	0.05(-10)	0.05(-10)	|	9407	
30	368	ok	|	0.05	1.00	1.00	0.05	0.03	0	|	rapi	0.05	0.05	0	|	-10.0	0.05(-10)	0.05(-10)	|	9407	
30	369	ok	|	0.05	1.00	1.00	0.05	0.02	0	|	rapi	0.05	0.05	0	|	-10.0	0.05(-10)	0.05(-10)	|	9407	
30	370	ok	|	0.05	1.00	1.00	0.05	0.02	0	|	rapi	0.05	0.05	0	|	-10.0	0.05(-10)	0.05(-10)	|	9407	
30	371	ok	|	0.05	1.00	1.00	0.05	0.02	0	|	rapi	0.05	0.05	0	|	-10.0	0.05(-10)	0.05(-10)	|	9407	
30	372	ok	|	0.04	1.00	1.00	0.04	0.02	0	|	rapi	0.04	0.04	0	|	-10.0	0.04(-10)	0.04(-10)	|	9407	
30	373	ok	|	0.04	1.00	1.00	0.04	0.02	0	|	rapi	0.04	0.04	0	|	-10.0	0.04(-10)	0.04(-10)	|	9407	
30	374	ok	|	0.04	1.00	1.00	0.04	0.02	0	|	rapi	0.04	0.04	0	|	-10.0	0.04(-10)	0.04(-10)	|	9407	
30	375	ok	|	0.04	1.00	1.00	0.04	0.02	0	|	rapi	0.04	0.04	0	|	-10.0	0.04(-10)	0.04(-10)	|	9407	
30	376	ok	|	0.04	1.00	1.00	0.04	0.02	0	|	rapi	0.04	0.04	0	|	-10.0	0.04(-10)	0.04(-10)	|	9407	
30	377	ok	|	0.03	1.00	1.00	0.04	0.02	0	|	rapi	0.03	0.04	0	|	-10.0	0.04(-10)	0.04(-10)	|	9407	
30	378	ok	|	0.04	1.00	1.00	0.04	0.02	0	|	rapi	0.04	0.04	0	|	-10.0	0.04(-10)	0.04(-10)	|	9407	
30	379	ok	|	0.03	1.00	1.00	0.03	0.02	0	|	rapi	0.03	0.03	0	|	-10.0	0.03(-10)	0.03(-10)	|	9407	
30	380	ok	|	0.03	1.00	1.00	0.03	0.02	0	|	rapi	0.03	0.03	0	|	-10.0	0.03(-10)	0.03(-10)	|	9407	
30	381	ok	|	0.03	1.00	1.00	0.03	0.02	0	|	rapi	0.03	0.03	0	|	-10.0	0.03(-10)	0.03(-10)	|	9407	
30	382	ok	|	0.03	1.00	1.00	0.03	0.02	0	|	rapi	0.03	0.03	0	|	-10.0	0.03(-10)	0.03(-10)	|	9407	
30	383	ok	|	0.03	1.00	1.00	0.03	0.02	0	|	rapi	0.03	0.03	0	|	-10.0	0.03(-10)	0.03(-10)	|	9407	
30	384	ok	|	0.03	1.00	1.00	0.03	0.02	0	|	rapi	0.03	0.03	0	|	-10.0	0.03(-10)	0.03(-10)	|	9407	
30	385	ok	|	0.03	1.00	1.00	0.03	0.02	0	|	rapi	0.03	0.03	0	|	-10.0	0.03(-10)	0.03(-10)	|	9407	
30	386	ok	|	0.03	1.00	1.00	0.03	0.02	0	|	rapi	0.03	0.03	0	|	-10.0	0.03(-10)	0.03(-10)	|	9407	
30	387	ok	|	0.03	1.00	1.00	0.03	0.01	0	|	rapi	0.03	0.03	0	|	-10.0	0.03(-10)	0.03(-10)	|	9407	
30	388	ok	|	0.03	1.00	1.00	0.03	0.01	0	|	rapi	0.03	0.03	0	|	-10.0	0.03(-10)	0.03(-10)	|	9407	
30	389	ok	|	0.03	1.00	1.00	0.03	0.02	0	|	rapi	0.03	0.03	0	|	-10.0	0.03(-10)	0.03(-10)	|	9407	
30	390	ok	|	0.03	1.00	1.00	0.03	0.01	0	|	rapi	0.03	0.03	0	|	-10.0	0.03(-10)	0.03(-10)	|	9407	
30	391	ok	|	0.03	1.00	1.00	0.03	0.02	0	|	rapi	0.03	0.03	0	|	-10.0	0.03(-10)	0.03(-10)	|	9407	
30	392	ok	|	0.03	1.00	1.00	0.03	0.02	0	|	rapi	0.03	0.03	0	|	-10.0	0.03(-10)	0.03(-10)	|	9407	
30	393	ok	|	0.03	1.00	1.00	0.03	0.02	0	|	rapi	0.03	0.03	0	|	-10.0	0.03(-10)	0.03(-10)	|	9407	
30	394	ok	|	0.04	1.00	1.00	0.04	0.02	0	|	rapi	0.04	0.04	0	|	-10.0	0.04(-10)	0.04(-10)	|	9407	
30	395	ok	|	0.04	1.00	1.00	0.04	0.02	0	|	rapi	0.04	0.04	0	|	-10.0	0.04(-10)	0.04(-10)	|	9407	
30	396	ok	|	0.04	1.00	1.00	0.04	0.02	0	|	rapi	0.04	0.04	0	|	-10.0	0.04(-10)	0.04(-10)	|	9407	
30	397	ok	|	0.04	1.00	1.00	0.04	0.02	0	|	rapi	0.04	0.04	0	|	-10.0	0.04(-10)	0.04(-10)	|	9407	
30	398	ok	|	0.04	1.00	1.00	0.04	0.02	0	|	rapi	0.04	0.04	0	|	-10.0	0.04(-10)	0.04(-10)	|	9407	
30	399	ok	|	0.03	1.00	1.00	0.03	0.02	0	|	rapi	0.03	0.03	0	|	-10.0	0.03(-10)	0.03(-10)	|	9407	
30	400	ok	|	0.04	1.00	1.00	0.04	0.02	0	|	rapi	0.04	0.04	0	|	-10.0	0.04(-10)	0.04(-10)	|	9407	
30	401	ok	|	0.04	1.00	1.00	0.04	0.02	0	|	rapi	0.04	0.04	0	|	-10.0	0.04(-10)	0.04(-10)	|	9407	
30	402	ok	|	0.04	1.00	1.00	0.04	0.02	0	|	rapi	0.04	0.04	0	|	-10.0	0.04(-10)	0.04(-10)	|	9407	
30	403	ok	|	0.03	1.00	1.00	0.03	0.02	0	|	rapi	0.03	0.03	0	|	-10.0	0.03(-10)	0.03(-10)	|	9407	
30	404	ok	|	0.04	1.00	1.00	0.04	0.02	0	|	rapi	0.04	0.04	0	|	-10.0	0.04(-10)	0.04(-10)	|	9407	
30	405	ok	|	0.04	1.00	1.00	0.04	0.02	0	|	rapi	0.04	0.04	0	|	-10.0	0.04(-10)	0.04(-10)	|	9407	
30	406	ok	|	0.03	1.00	1.00	0.03	0.02	0	|	rapi	0.03	0.03	0	|	-10.0	0.03(-10)	0.03(-10)	|	9407	
30	407	ok	|	0.04	1.00	1.00	0.04	0.02	0	|	rapi	0.04	0.04	0	|	-10.0	0.04(-10)	0.04(-10)	|	9407	
30	408	ok	|	0.04	1.00	1.00	0.04	0.02	0	|	rapi	0.04	0.04	0	|	-10.0	0.04(-10)	0.04(-10)	|	9407	
30	409	ok	|	0.04	1.00	1.00	0.04	0.02	0	|	rapi	0.04	0.04	0	|	-10.0	0.04(-10)	0.04(-10)	|	9407	
30	410	ok	|	0.04	1.00	1.00	0.04	0.02	0	|	rapi	0.04	0.04	0	|	-10.0	0.04(-10)	0.04(-10)	|	9407	
30	411	ok	|	0.04	1.00	1.00	0.04	0.02	0	|	rapi	0.04	0.04	0	|	-10.0	0.04(-10)	0.04(-10)	|	9407	
30	412	ok	|	0.04	1.00	1.00	0.04	0.02	0	|	rapi	0.04	0.04	0	|	-10.0	0.04(-10)	0.04(-10)	|	9407	
30	413	ok	|	0.04	1.00	1.00	0.04	0.02	0	|	rapi	0.04	0.04	0	|	-10.0	0.04(-10)	0.04(-10)	|	9407	
30	414	ok	|	0.04	1.00	1.00	0.04	0.02	0	|	rapi	0.04	0.04	0	|	-10.0	0.04(-10)	0.04(-10)	|	9407	
30	415	ok	|	0.03	1.00	1.00	0.03	0.02	0	|	rapi	0.03	0.03	0	|	-10.0	0.03(-10)	0.03(-10)	|	9407	
30	416	ok	|	0.03	1.00	1.00	0.03	0.02	0	|	rapi	0.03	0.03	0	|	-10.0	0.03(-10)	0.03(-10)	|	9407	
30	417	ok	|	0.03	1.00	1.00	0.03	0.02	0	|	rapi	0.03	0.03	0	|	-10.0	0.03(-10)	0.03(-10)	|	9407	
30	418	ok	|	0.03	1.00	1.00	0.03	0.02	0	|	rapi	0.03	0.03	0	|	-10.0	0.03(-10)	0.03(-10)	|	9407	
30	419	ok	|	0.03	1.00	1.00	0.03	0.02	0	|	rapi	0.03	0.03	0	|	-10.0	0.03(-10)	0.03(-10)	|	9407	
30	420	ok	|	0.04	1.00	1.00	0.04	0.02	0	|	rapi	0.04	0.04	0	|	-10.0	0.04(-10)	0.04(-10)	|	9407	
30	421	ok	|	0.04	1.00	1.00	0.04	0.02	0	|	rapi	0.04	0.04	0	|	-10.0	0.04(-10)	0.04(-10)	|	9407	
30	422	ok	|	0.04	1.00	1.00	0.04	0.02	0	|	rapi	0.04	0.04	0	|	-10.0	0.04(-10)	0.04(-10)	|	9407	
30	423	ok	|	0.04	1.00	1.00	0.04	0.02	0	|	rapi	0.04	0.04	0	|	-10.0	0.04(-10)	0.04(-10)	|	9407	
30	424	ok	|	0.05	1.00	1.00	0.05	0.02	0	|	rapi	0.05	0.05	0	|	-10.0	0.05(-10)	0.05(-10)	|	9407	
30	425	ok	|	0.04	1.00	1.00	0.04	0.02	0	|	rapi	0.04	0.04	0	|	-10.0	0.04(-10)	0.04(-10)	|	9407	
30	426	ok	|	0.04	1.00	1.00	0.04	0.02	0	|	rapi	0.04	0.04	0	|	-10.0	0.04(-10)	0.04(-10)	|	9407	
30	427	ok	|	0.04	1.00	1.00	0.05	0.02	0	|	rapi	0.04	0.05	0	|	-10.0	0.05(-10)	0.05(-10)	|	9407	
30	428	ok	|	0.04	1.00	1.00	0.04	0.02	0	|	rapi	0.04	0.04	0	|	-10.0	0.04(-10)	0.04(-10)	|	9407	
30	429	ok	|	0.05	1.00	1.00	0.05	0.02	0	|	rapi	0.05	0.05	0	|	-10.0	0.05(-10)	0.05(-10)	|	9407	
30	430	ok	|	0.05	1.00	1.00	0.05	0.02	0	|	rapi	0.05	0.05	0	|	-10.0	0.05(-10)	0.05(-10)	|	9407	
30	431	ok	|	0.05	1.00	1.00	0.05	0.03	0	|	rapi	0.05	0.05	0	|	-10.0	0.05(-10)	0.05(-10)	|	9407	
30	432	ok	|	0.05	1.00	1.00	0.05	0.03	0	|	rapi	0.05	0.05	0	|	-10.0	0.05(-10)	0.05(-10)	|	9407	
30	433	ok	|	0.05	1.00	1.00	0.05	0.03	0	|	rapi	0.05	0.05	0	|	-10.0	0.05(-10)	0.05(-10)	|	9407	
30	434	ok	|	0.05	1.00	1.00	0.05	0.03	0	|	rapi	0.05	0.05	0	|	-10.0	0.05(-10)	0.05(-10)	|	9407	
30	435	ok	|	0.05	1.00	1.00	0.05	0.03	0	|	rapi	0.05	0.05	0	|	-10.0	0.05(-10)	0.05(-10)	|	9407	
30	436	ok	|	0.05	1.00	1.00	0.05	0.03	0	|	rapi	0.05	0.05	0	|	-10.0	0.05(-10)	0.05(-10)	|	9407	
30	437	ok	|	0.05	1.00	1.00	0.05	0.03	0	|	rapi	0.05	0.05	0	|	-10.0	0.05(-10)	0.05(-10)	|	9407	
30	438	ok	|	0.06	1.00	1.00	0.06	0.03	0	|	rapi	0.06	0.06	0	|	-10.0	0.06(-10)	0.06(-10)	|	9407	
30	439	ok	|	0.06	1.00	1.00	0.06	0.03	0	|	rapi	0.06	0.06	0	|	-10.0	0.06(-10)	0.06(-10)	|	9407	
30	440	ok	|	0.06	1.00	1.00	0.06	0.03	0	|	rapi	0.06	0.06	0	|	-10.0	0.06(-10)	0.06(-10)	|	9407	
30	441	ok	|	0.06	1.00	1.00	0.06	0.03	0	|	rapi	0.06	0.06	0	|	-10.0	0.06(-10)	0.06(-10)	|	9407	
30	442	ok	|	0.06	1.00	1.00	0.06	0.03	0	|	rapi	0.06	0.06	0	|	-10.0	0.06(-10)	0.06(-10)	|	9407	
30	443	ok	|	0.05	1.00	1.00	0.06	0.03	0	|	rapi	0.05	0.06	0	|	-10.0	0.06(-10)	0.06(-10)	|	9407	
30	444	ok	|	0.06	1.00	1.00	0.06	0.03	0	|	rapi	0.06	0.06	0	|	-10.0	0.06(-10)	0.06(-10)	|	9407	
30	445	ok	|	0.05	1.00	1.00	0.05	0.03	0	|	rapi	0.05	0.05	0	|	-10.0	0.05(-10)	0.05(-10)	|	9407	
30	446	ok	|	0.05	1.00	1.00	0.05	0.03	0	|	rapi	0.05	0.05	0	|	-10.0	0.05(-10)	0.05(-10)	|	9407	
30	447	ok	|	0.05	1.00	1.00	0.05	0.03	0	|	rapi	0.05	0.05	0	|	-10.0	0.05(-10)	0.05(-10)	|	9407	
30	448	ok	|	0.05	1.00	1.00	0.05	0.03	0	|	rapi	0.05	0.05	0	|	-10.0	0.05(-10)	0.05(-10)	|	9407	
30	449	ok	|	0.05	1.00	1.00	0.05	0.02	0	|	rapi	0.05	0.05	0	|	-10.0	0.05(-10)	0.05(-10)	|	9407	
30	450	ok	|	0.05	1.00	1.00	0.05	0.02	0	|	rapi	0.05	0.05	0	|	-10.0	0.05(-10)	0.05(-10)	|	9407	
30	451	ok	|	0.05	1.00	1.00	0.05	0.03	0	|	rapi	0.05	0.05	0	|	-10.0	0.05(-10)	0.05(-10)	|	9407	
30	452	ok	|	0.05	1.00	1.00	0.05	0.03	0	|	rapi	0.05	0.05	0	|	-10.0	0.05(-10)	0.05(-10)	|	9407	
30	453	ok	|	0.05	1.00	1.00	0.05	0.03	0	|	rapi	0.05	0.05	0	|	-10.0	0.05(-10)	0.05(-10)	|	9407	
30	454	ok	|	0.04	1.00	1.00	0.04	0.02	0	|	rapi	0.04	0.04	0	|	-10.0	0.04(-10)	0.04(-10)	|	9407	
30	455	ok	|	0.04	1.00	1.00	0.05	0.02	0	|	rapi	0.04	0.05	0	|	-10.0	0.05(-10)	0.05(-10)	|	9407	
30	456	ok	|	0.05	1.00	1.00	0.05	0.02	0	|	rapi	0.05	0.05	0	|	-10.0	0.05(-10)	0.05(-10)	|	9407	
30	457	ok	|	0.05	1.00	1.00	0.05	0.02	0	|	rapi	0.05	0.05	0	|	-10.0	0.05(-10)	0.05(-10)	|	9407	
30	458	ok	|	0.05	1.00	1.00	0.05	0.03	0	|	rapi	0.05	0.05	0	|	-10.0	0.05(-10)	0.05(-10)	|	9407	
30	459	ok	|	0.05	1.00	1.00	0.05	0.02	0	|	rapi	0.05	0.05	0	|	-10.0	0.05(-10)	0.05(-10)	|	9407	
30	460	ok	|	0.04	1.00	1.00	0.05	0.02	0	|	rapi	0.04	0.05	0	|	-10.0	0.05(-10)	0.05(-10)	|	9407	
30	461	ok	|	0.05	1.00	1.00	0.05	0.02	0	|	rapi	0.05	0.05	0	|	-10.0	0.05(-10)	0.05(-10)	|	9407	
30	462	ok	|	0.05	1.00	1.00	0.05	0.02	0	|	rapi	0.05	0.05	0	|	-10.0	0.05(-10)	0.05(-10)	|	9407	
30	463	ok	|	0.05	1.00	1.00	0.05	0.02	0	|	rapi	0.05	0.05	0	|	-10.0	0.05(-10)	0.05(-10)	|	9407	
30	464	ok	|	0.05	1.00	1.00	0.05	0.02	0	|	rapi	0.05	0.05	0	|	-10.0	0.05(-10)	0.05(-10)	|	9407	
30	465	ok	|	0.04	1.00	1.00	0.05	0.02	0	|	rapi	0.04	0.05	0	|	-10.0	0.05(-10)	0.05(-10)	|	9407	
30	466	ok	|	0.05	1.00	1.00	0.05	0.02	0	|	rapi	0.05	0.05	0	|	-10.0	0.05(-10)	0.05(-10)	|	9407	
30	467	ok	|	0.05	1.00	1.00	0.05	0.02	0	|	rapi	0.05	0.05	0	|	-10.0	0.05(-10)	0.05(-10)	|	9407	
30	468	ok	|	0.05	1.00	1.00	0.05	0.02	0	|	rapi	0.05	0.05	0	|	-10.0	0.05(-10)	0.05(-10)	|	9407	
30	469	ok	|	0.05	1.00	1.00	0.05	0.03	0	|	rapi	0.05	0.05	0	|	-10.0	0.05(-10)	0.05(-10)	|	9407	
30	470	ok	|	0.05	1.00	1.00	0.05	0.03	0	|	rapi	0.05	0.05	0	|	-10.0	0.05(-10)	0.05(-10)	|	9407	
30	471	ok	|	0.05	1.00	1.00	0.05	0.02	0	|	rapi	0.05	0.05	0	|	-10.0	0.05(-10)	0.05(-10)	|	9407	
30	472	ok	|	0.05	1.00	1.00	0.05	0.02	0	|	rapi	0.05	0.05	0	|	-10.0	0.05(-10)	0.05(-10)	|	9407	
30	473	ok	|	0.05	1.00	1.00	0.05	0.02	0	|	rapi	0.05	0.05	0	|	-10.0	0.05(-10)	0.05(-10)	|	9407	
30	474	ok	|	0.04	1.00	1.00	0.04	0.02	0	|	rapi	0.04	0.04	0	|	-10.0	0.04(-10)	0.04(-10)	|	9407	
30	475	ok	|	0.04	1.00	1.00	0.04	0.02	0	|	rapi	0.04	0.04	0	|	-10.0	0.04(-10)	0.04(-10)	|	9407	
30	476	ok	|	0.04	1.00	1.00	0.04	0.02	0	|	rapi	0.04	0.04	0	|	-10.0	0.04(-10)	0.04(-10)	|	9407	
30	477	ok	|	0.04	1.00	1.00	0.04	0.02	0	|	rapi	0.04	0.04	0	|	-10.0	0.04(-10)	0.04(-10)	|	9407	
30	478	ok	|	0.04	1.00	1.00	0.04	0.02	0	|	rapi	0.04	0.04	0	|	-10.0	0.04(-10)	0.04(-10)	|	9407	
30	479	ok	|	0.04	1.00	1.00	0.04	0.02	0	|	rapi	0.04	0.04	0	|	-10.0	0.04(-10)	0.04(-10)	|	9407	
30	480	ok	|	0.04	1.00	1.00	0.04	0.02	0	|	rapi	0.04	0.04	0	|	-10.0	0.04(-10)	0.04(-10)	|	9407	
30	481	ok	|	0.04	1.00	1.00	0.04	0.02	0	|	rapi	0.04	0.04	0	|	-10.0	0.04(-10)	0.04(-10)	|	9407	
30	482	ok	|	0.04	1.00	1.00	0.04	0.02	0	|	rapi	0.04	0.04	0	|	-10.0	0.04(-10)	0.04(-10)	|	9407	
30	483	ok	|	0.04	1.00	1.00	0.04	0.02	0	|	rapi	0.04	0.04	0	|	-10.0	0.04(-10)	0.04(-10)	|	9407	
30	484	ok	|	0.04	1.00	1.00	0.04	0.02	0	|	rapi	0.04	0.04	0	|	-10.0	0.04(-10)	0.04(-10)	|	9407	
30	485	ok	|	0.04	1.00	1.00	0.04	0.02	0	|	rapi	0.04	0.04	0	|	-10.0	0.04(-10)	0.04(-10)	|	9407	
30	486	ok	|	0.04	1.00	1.00	0.04	0.02	0	|	rapi	0.04	0.04	0	|	-10.0	0.04(-10)	0.04(-10)	|	9407	
30	487	ok	|	0.04	1.00	1.00	0.04	0.02	0	|	rapi	0.04	0.04	0	|	-10.0	0.04(-10)	0.04(-10)	|	9407	
30	488	ok	|	0.04	1.00	1.00	0.04	0.02	0	|	rapi	0.04	0.04	0	|	-10.0	0.04(-10)	0.04(-10)	|	9407	
30	489	ok	|	0.04	1.00	1.00	0.04	0.02	0	|	rapi	0.04	0.04	0	|	-10.0	0.04(-10)	0.04(-10)	|	9407	
30	490	ok	|	0.04	1.00	1.00	0.04	0.02	0	|	rapi	0.04	0.04	0	|	-10.0	0.04(-10)	0.04(-10)	|	9407	
30	491	ok	|	0.04	1.00	1.00	0.04	0.02	0	|	rapi	0.04	0.04	0	|	-10.0	0.04(-10)	0.04(-10)	|	9407	
30	492	ok	|	0.04	1.00	1.00	0.04	0.02	0	|	rapi	0.04	0.04	0	|	-10.0	0.04(-10)	0.04(-10)	|	9407	
30	493	ok	|	0.03	1.00	1.00	0.03	0.02	0	|	rapi	0.03	0.03	0	|	-10.0	0.03(-10)	0.03(-10)	|	9407	
30	494	ok	|	0.04	1.00	1.00	0.04	0.02	0	|	rapi	0.04	0.04	0	|	-10.0	0.04(-10)	0.04(-10)	|	9407	
30	495	ok	|	0.04	1.00	1.00	0.04	0.02	0	|	rapi	0.04	0.04	0	|	-10.0	0.04(-10)	0.04(-10)	|	9407	
30	496	ok	|	0.03	1.00	1.00	0.04	0.02	0	|	rapi	0.03	0.04	0	|	-10.0	0.04(-10)	0.04(-10)	|	9407	
30	497	ok	|	0.04	1.00	1.00	0.04	0.02	0	|	rapi	0.04	0.04	0	|	-10.0	0.04(-10)	0.04(-10)	|	9407	
30	498	ok	|	0.04	1.00	1.00	0.04	0.02	0	|	rapi	0.04	0.04	0	|	-10.0	0.04(-10)	0.04(-10)	|	9407	
30	499	ok	|	0.04	1.00	1.00	0.04	0.02	0	|	rapi	0.04	0.04	0	|	-10.0	0.04(-10)	0.04(-10)	|	9407	
30	500	ok	|	0.03	1.00	1.00	0.03	0.02	0	|	rapi	0.03	0.03	0	|	-10.0	0.03(-10)	0.03(-10)	|	9407	
30	501	ok	|	0.03	1.00	1.00	0.03	0.02	0	|	rapi	0.03	0.03	0	|	-10.0	0.03(-10)	0.03(-10)	|	9407	
30	502	ok	|	0.03	1.00	1.00	0.03	0.02	0	|	rapi	0.03	0.03	0	|	-10.0	0.03(-10)	0.03(-10)	|	9407	
30	503	ok	|	0.03	1.00	1.00	0.03	0.02	0	|	rapi	0.03	0.03	0	|	-10.0	0.03(-10)	0.03(-10)	|	9407	
30	504	ok	|	0.04	1.00	1.00	0.04	0.02	0	|	rapi	0.04	0.04	0	|	-10.0	0.04(-10)	0.04(-10)	|	9407	
30	505	ok	|	0.04	1.00	1.00	0.04	0.02	0	|	rapi	0.04	0.04	0	|	-10.0	0.04(-10)	0.04(-10)	|	9407	
30	506	ok	|	0.03	1.00	1.00	0.03	0.02	0	|	rapi	0.03	0.03	0	|	-10.0	0.03(-10)	0.03(-10)	|	9407	
30	507	ok	|	0.03	1.00	1.00	0.04	0.02	0	|	rapi	0.03	0.04	0	|	-10.0	0.04(-10)	0.04(-10)	|	9407	
30	508	ok	|	0.03	1.00	1.00	0.03	0.02	0	|	rapi	0.03	0.03	0	|	-10.0	0.03(-10)	0.03(-10)	|	9407	
30	509	ok	|	0.03	1.00	1.00	0.03	0.02	0	|	rapi	0.03	0.03	0	|	-10.0	0.03(-10)	0.03(-10)	|	9407	
30	510	ok	|	0.03	1.00	1.00	0.03	0.02	0	|	rapi	0.03	0.03	0	|	-10.0	0.03(-10)	0.03(-10)	|	9407	
30	511	ok	|	0.03	1.00	1.00	0.03	0.02	0	|	rapi	0.03	0.03	0	|	-10.0	0.03(-10)	0.03(-10)	|	9407	
30	512	ok	|	0.03	1.00	1.00	0.03	0.02	0	|	rapi	0.03	0.03	0	|	-10.0	0.03(-10)	0.03(-10)	|	9407	
30	513	ok	|	0.03	1.00	1.00	0.03	0.02	0	|	rapi	0.03	0.03	0	|	-10.0	0.03(-10)	0.03(-10)	|	9407	
30	514	ok	|	0.04	1.00	1.00	0.04	0.02	0	|	rapi	0.04	0.04	0	|	-10.0	0.04(-10)	0.04(-10)	|	9407	
30	515	ok	|	0.03	1.00	1.00	0.03	0.02	0	|	rapi	0.03	0.03	0	|	-10.0	0.03(-10)	0.03(-10)	|	9407	
30	516	ok	|	0.04	1.00	1.00	0.04	0.02	0	|	rapi	0.04	0.04	0	|	-10.0	0.04(-10)	0.04(-10)	|	9407	
30	517	ok	|	0.04	1.00	1.00	0.04	0.02	0	|	rapi	0.04	0.04	0	|	-10.0	0.04(-10)	0.04(-10)	|	9407	
30	518	ok	|	0.03	1.00	1.00	0.03	0.02	0	|	rapi	0.03	0.03	0	|	-10.0	0.03(-10)	0.03(-10)	|	9407	
30	519	ok	|	0.03	1.00	1.00	0.03	0.01	0	|	rapi	0.03	0.03	0	|	-10.0	0.03(-10)	0.03(-10)	|	9407	
30	520	ok	|	0.03	1.00	1.00	0.03	0.01	0	|	rapi	0.03	0.03	0	|	-10.0	0.03(-10)	0.03(-10)	|	9407	
30	521	ok	|	0.03	1.00	1.00	0.03	0.02	0	|	rapi	0.03	0.03	0	|	-10.0	0.03(-10)	0.03(-10)	|	9407	
30	522	ok	|	0.03	1.00	1.00	0.03	0.02	0	|	rapi	0.03	0.03	0	|	-10.0	0.03(-10)	0.03(-10)	|	9407	
30	523	ok	|	0.03	1.00	1.00	0.03	0.01	0	|	rapi	0.03	0.03	0	|	-10.0	0.03(-10)	0.03(-10)	|	9407	
30	524	ok	|	0.03	1.00	1.00	0.03	0.01	0	|	rapi	0.03	0.03	0	|	-10.0	0.03(-10)	0.03(-10)	|	9407	
30	525	ok	|	0.03	1.00	1.00	0.03	0.01	0	|	rapi	0.03	0.03	0	|	-10.0	0.03(-10)	0.03(-10)	|	9407	
30	526	ok	|	0.03	1.00	1.00	0.03	0.02	0	|	rapi	0.03	0.03	0	|	-10.0	0.03(-10)	0.03(-10)	|	9407	
30	527	ok	|	0.03	1.00	1.00	0.03	0.02	0	|	rapi	0.03	0.03	0	|	-10.0	0.03(-10)	0.03(-10)	|	9407	
30	528	ok	|	0.04	1.00	1.00	0.04	0.02	0	|	rapi	0.04	0.04	0	|	-10.0	0.04(-10)	0.04(-10)	|	9407	
30	529	ok	|	0.04	1.00	1.00	0.04	0.02	0	|	rapi	0.04	0.04	0	|	-10.0	0.04(-10)	0.04(-10)	|	9407	
30	530	ok	|	0.04	1.00	1.00	0.04	0.02	0	|	rapi	0.04	0.04	0	|	-10.0	0.04(-10)	0.04(-10)	|	9407	
30	531	ok	|	0.05	1.00	1.00	0.05	0.02	0	|	rapi	0.05	0.05	0	|	-10.0	0.05(-10)	0.05(-10)	|	9407	
30	532	ok	|	0.04	1.00	1.00	0.05	0.02	0	|	rapi	0.04	0.05	0	|	-10.0	0.05(-10)	0.05(-10)	|	9407	
30	533	ok	|	0.04	1.00	1.00	0.04	0.02	0	|	rapi	0.04	0.04	0	|	-10.0	0.04(-10)	0.04(-10)	|	9407	
30	534	ok	|	0.04	1.00	1.00	0.04	0.02	0	|	rapi	0.04	0.04	0	|	-10.0	0.04(-10)	0.04(-10)	|	9407	
30	535	ok	|	0.04	1.00	1.00	0.04	0.02	0	|	rapi	0.04	0.04	0	|	-10.0	0.04(-10)	0.04(-10)	|	9407	
30	536	ok	|	0.04	1.00	1.00	0.04	0.02	0	|	rapi	0.04	0.04	0	|	-10.0	0.04(-10)	0.04(-10)	|	9407	
30	537	ok	|	0.04	1.00	1.00	0.04	0.02	0	|	rapi	0.04	0.04	0	|	-10.0	0.04(-10)	0.04(-10)	|	9407	
30	538	ok	|	0.04	1.00	1.00	0.04	0.02	0	|	rapi	0.04	0.04	0	|	-10.0	0.04(-10)	0.04(-10)	|	9407	
30	539	ok	|	0.04	1.00	1.00	0.04	0.02	0	|	rapi	0.04	0.04	0	|	-10.0	0.04(-10)	0.04(-10)	|	9407	
30	540	ok	|	0.04	1.00	1.00	0.04	0.02	0	|	rapi	0.04	0.04	0	|	-10.0	0.04(-10)	0.04(-10)	|	9407	
30	541	ok	|	0.04	1.00	1.00	0.04	0.02	0	|	rapi	0.04	0.04	0	|	-10.0	0.04(-10)	0.04(-10)	|	9407	
30	542	ok	|	0.04	1.00	1.00	0.04	0.02	0	|	rapi	0.04	0.04	0	|	-10.0	0.04(-10)	0.04(-10)	|	9407	
30	543	ok	|	0.04	1.00	1.00	0.04	0.02	0	|	rapi	0.04	0.04	0	|	-10.0	0.04(-10)	0.04(-10)	|	9407	
30	544	ok	|	0.04	1.00	1.00	0.04	0.02	0	|	rapi	0.04	0.04	0	|	-10.0	0.04(-10)	0.04(-10)	|	9407	
30	545	ok	|	0.04	1.00	1.00	0.04	0.02	0	|	rapi	0.04	0.04	0	|	-10.0	0.04(-10)	0.04(-10)	|	9407	
30	546	ok	|	0.04	1.00	1.00	0.04	0.02	0	|	rapi	0.04	0.04	0	|	-10.0	0.04(-10)	0.04(-10)	|	9407	
30	547	ok	|	0.04	1.00	1.00	0.04	0.02	0	|	rapi	0.04	0.04	0	|	-10.0	0.04(-10)	0.04(-10)	|	9407	
30	548	ok	|	0.04	1.00	1.00	0.04	0.02	0	|	rapi	0.04	0.04	0	|	-10.0	0.04(-10)	0.04(-10)	|	9407	
30	549	ok	|	0.04	1.00	1.00	0.04	0.02	0	|	rapi	0.04	0.04	0	|	-10.0	0.04(-10)	0.04(-10)	|	9407	
30	550	ok	|	0.04	1.00	1.00	0.04	0.02	0	|	rapi	0.04	0.04	0	|	-10.0	0.04(-10)	0.04(-10)	|	9407	
30	551	ok	|	0.04	1.00	1.00	0.04	0.02	0	|	rapi	0.04	0.04	0	|	-10.0	0.04(-10)	0.04(-10)	|	9407	
30	552	ok	|	0.05	1.00	1.00	0.05	0.02	0	|	rapi	0.05	0.05	0	|	-10.0	0.05(-10)	0.05(-10)	|	9407	
30	553	ok	|	0.05	1.00	1.00	0.05	0.02	0	|	rapi	0.05	0.05	0	|	-10.0	0.05(-10)	0.05(-10)	|	9407	
30	554	ok	|	0.05	1.00	1.00	0.05	0.03	0	|	rapi	0.05	0.05	0	|	-10.0	0.05(-10)	0.05(-10)	|	9407	
30	555	ok	|	0.05	1.00	1.00	0.05	0.02	0	|	rapi	0.05	0.05	0	|	-10.0	0.05(-10)	0.05(-10)	|	9407	
30	556	ok	|	0.05	1.00	1.00	0.05	0.02	0	|	rapi	0.05	0.05	0	|	-10.0	0.05(-10)	0.05(-10)	|	9407	
30	557	ok	|	0.04	1.00	1.00	0.04	0.02	0	|	rapi	0.04	0.04	0	|	-10.0	0.04(-10)	0.04(-10)	|	9407	
30	558	ok	|	0.04	1.00	1.00	0.05	0.02	0	|	rapi	0.04	0.05	0	|	-10.0	0.05(-10)	0.05(-10)	|	9407	
30	559	ok	|	0.05	1.00	1.00	0.05	0.02	0	|	rapi	0.05	0.05	0	|	-10.0	0.05(-10)	0.05(-10)	|	9407	
30	560	ok	|	0.04	1.00	1.00	0.04	0.02	0	|	rapi	0.04	0.04	0	|	-10.0	0.04(-10)	0.04(-10)	|	9407	
30	561	ok	|	0.05	1.00	1.00	0.05	0.02	0	|	rapi	0.05	0.05	0	|	-10.0	0.05(-10)	0.05(-10)	|	9407	
30	562	ok	|	0.05	1.00	1.00	0.05	0.02	0	|	rapi	0.05	0.05	0	|	-10.0	0.05(-10)	0.05(-10)	|	9407	
30	563	ok	|	0.05	1.00	1.00	0.05	0.02	0	|	rapi	0.05	0.05	0	|	-10.0	0.05(-10)	0.05(-10)	|	9407	
30	564	ok	|	0.05	1.00	1.00	0.05	0.03	0	|	rapi	0.05	0.05	0	|	-10.0	0.05(-10)	0.05(-10)	|	9407	
30	565	ok	|	0.05	1.00	1.00	0.05	0.03	0	|	rapi	0.05	0.05	0	|	-10.0	0.05(-10)	0.05(-10)	|	9407	
30	566	ok	|	0.05	1.00	1.00	0.05	0.03	0	|	rapi	0.05	0.05	0	|	-10.0	0.05(-10)	0.05(-10)	|	9407	
30	567	ok	|	0.05	1.00	1.00	0.05	0.03	0	|	rapi	0.05	0.05	0	|	-10.0	0.05(-10)	0.05(-10)	|	9407	
30	568	ok	|	0.05	1.00	1.00	0.05	0.03	0	|	rapi	0.05	0.05	0	|	-10.0	0.05(-10)	0.05(-10)	|	9407	
30	569	ok	|	0.05	1.00	1.00	0.05	0.03	0	|	rapi	0.05	0.05	0	|	-10.0	0.05(-10)	0.05(-10)	|	9407	
30	570	ok	|	0.05	1.00	1.00	0.05	0.03	0	|	rapi	0.05	0.05	0	|	-10.0	0.05(-10)	0.05(-10)	|	9407	
30	571	ok	|	0.05	1.00	1.00	0.06	0.03	0	|	rapi	0.05	0.06	0	|	-10.0	0.06(-10)	0.06(-10)	|	9407	
30	572	ok	|	0.06	1.00	1.00	0.06	0.03	0	|	rapi	0.06	0.06	0	|	-10.0	0.06(-10)	0.06(-10)	|	9407	
30	573	ok	|	0.05	1.00	1.00	0.06	0.03	0	|	rapi	0.05	0.06	0	|	-10.0	0.06(-10)	0.06(-10)	|	9407	
30	574	ok	|	0.05	1.00	1.00	0.05	0.03	0	|	rapi	0.05	0.05	0	|	-10.0	0.05(-10)	0.05(-10)	|	9407	
30	575	ok	|	0.05	1.00	1.00	0.05	0.03	0	|	rapi	0.05	0.05	0	|	-10.0	0.05(-10)	0.05(-10)	|	9407	
30	576	ok	|	0.06	1.00	1.00	0.06	0.03	0	|	rapi	0.06	0.06	0	|	-10.0	0.06(-10)	0.06(-10)	|	9407	
30	577	ok	|	0.05	1.00	1.00	0.05	0.03	0	|	rapi	0.05	0.05	0	|	-10.0	0.05(-10)	0.05(-10)	|	9407	
30	578	ok	|	0.05	1.00	1.00	0.05	0.03	0	|	rapi	0.05	0.05	0	|	-10.0	0.05(-10)	0.05(-10)	|	9407	
30	579	ok	|	0.05	1.00	1.00	0.05	0.03	0	|	rapi	0.05	0.05	0	|	-10.0	0.05(-10)	0.05(-10)	|	9407	
30	580	ok	|	0.05	1.00	1.00	0.05	0.03	0	|	rapi	0.05	0.05	0	|	-10.0	0.05(-10)	0.05(-10)	|	9407	
30	581	ok	|	0.06	1.00	1.00	0.06	0.03	0	|	rapi	0.06	0.06	0	|	-10.0	0.06(-10)	0.06(-10)	|	9407	
30	582	ok	|	0.06	1.00	1.00	0.06	0.03	0	|	rapi	0.06	0.06	0	|	-10.0	0.06(-10)	0.06(-10)	|	9407	
30	583	ok	|	0.06	1.00	1.00	0.06	0.03	0	|	rapi	0.06	0.06	0	|	-10.0	0.06(-10)	0.06(-10)	|	9407	
30	584	ok	|	0.06	1.00	1.00	0.06	0.03	0	|	rapi	0.06	0.06	0	|	-10.0	0.06(-10)	0.06(-10)	|	9407	
30	585	ok	|	0.06	1.00	1.00	0.06	0.03	0	|	rapi	0.06	0.06	0	|	-10.0	0.06(-10)	0.06(-10)	|	9407	
30	586	ok	|	0.06	1.00	1.00	0.06	0.03	0	|	rapi	0.06	0.06	0	|	-10.0	0.06(-10)	0.06(-10)	|	9407	
30	587	ok	|	0.06	1.00	1.00	0.06	0.03	0	|	rapi	0.06	0.06	0	|	-10.0	0.06(-10)	0.06(-10)	|	9407	
30	588	ok	|	0.06	1.00	1.00	0.06	0.03	0	|	rapi	0.06	0.06	0	|	-10.0	0.06(-10)	0.06(-10)	|	9407	
30	589	ok	|	0.06	1.00	1.00	0.06	0.03	0	|	rapi	0.06	0.06	0	|	-10.0	0.06(-10)	0.06(-10)	|	9407	
30	590	ok	|	0.06	1.00	1.00	0.06	0.03	0	|	rapi	0.06	0.06	0	|	-10.0	0.06(-10)	0.06(-10)	|	9407	
30	591	ok	|	0.05	1.00	1.00	0.06	0.03	0	|	rapi	0.05	0.06	0	|	-10.0	0.06(-10)	0.06(-10)	|	9407	
30	592	ok	|	0.06	1.00	1.00	0.06	0.03	0	|	rapi	0.06	0.06	0	|	-10.0	0.06(-10)	0.06(-10)	|	9407	
30	593	ok	|	0.06	1.00	1.00	0.06	0.03	0	|	rapi	0.06	0.06	0	|	-10.0	0.06(-10)	0.06(-10)	|	9407	
30	594	ok	|	0.05	1.00	1.00	0.06	0.03	0	|	rapi	0.05	0.06	0	|	-10.0	0.06(-10)	0.06(-10)	|	9407	
30	595	ok	|	0.05	1.00	1.00	0.05	0.03	0	|	rapi	0.05	0.05	0	|	-10.0	0.05(-10)	0.05(-10)	|	9407	
30	596	ok	|	0.05	1.00	1.00	0.05	0.03	0	|	rapi	0.05	0.05	0	|	-10.0	0.05(-10)	0.05(-10)	|	9407	
30	597	ok	|	0.05	1.00	1.00	0.05	0.03	0	|	rapi	0.05	0.05	0	|	-10.0	0.05(-10)	0.05(-10)	|	9407	
30	598	ok	|	0.05	1.00	1.00	0.05	0.03	0	|	rapi	0.05	0.05	0	|	-10.0	0.05(-10)	0.05(-10)	|	9407	
30	599	ok	|	0.05	1.00	1.00	0.05	0.03	0	|	rapi	0.05	0.05	0	|	-10.0	0.05(-10)	0.05(-10)	|	9407	
30	600	ok	|	0.05	1.00	1.00	0.05	0.03	0	|	rapi	0.05	0.05	0	|	-10.0	0.05(-10)	0.05(-10)	|	9407	
30	601	ok	|	0.05	1.00	1.00	0.05	0.02	0	|	rapi	0.05	0.05	0	|	-10.0	0.05(-10)	0.05(-10)	|	9407	
30	602	ok	|	0.05	1.00	1.00	0.05	0.02	0	|	rapi	0.05	0.05	0	|	-10.0	0.05(-10)	0.05(-10)	|	9407	
30	603	ok	|	0.04	1.00	1.00	0.04	0.02	0	|	rapi	0.04	0.04	0	|	-10.0	0.04(-10)	0.04(-10)	|	9407	
30	604	ok	|	0.04	1.00	1.00	0.04	0.02	0	|	rapi	0.04	0.04	0	|	-10.0	0.04(-10)	0.04(-10)	|	9407	
30	605	ok	|	0.04	1.00	1.00	0.04	0.02	0	|	rapi	0.04	0.04	0	|	-10.0	0.04(-10)	0.04(-10)	|	9407	
30	606	ok	|	0.04	1.00	1.00	0.04	0.02	0	|	rapi	0.04	0.04	0	|	-10.0	0.04(-10)	0.04(-10)	|	9407	
30	607	ok	|	0.04	1.00	1.00	0.04	0.02	0	|	rapi	0.04	0.04	0	|	-10.0	0.04(-10)	0.04(-10)	|	9407	
30	608	ok	|	0.04	1.00	1.00	0.04	0.02	0	|	rapi	0.04	0.04	0	|	-10.0	0.04(-10)	0.04(-10)	|	9407	
30	609	ok	|	0.04	1.00	1.00	0.04	0.02	0	|	rapi	0.04	0.04	0	|	-10.0	0.04(-10)	0.04(-10)	|	9407	
30	610	ok	|	0.04	1.00	1.00	0.04	0.02	0	|	rapi	0.04	0.04	0	|	-10.0	0.04(-10)	0.04(-10)	|	9407	
30	611	ok	|	0.03	1.00	1.00	0.03	0.02	0	|	rapi	0.03	0.03	0	|	-10.0	0.03(-10)	0.03(-10)	|	9407	
30	612	ok	|	0.03	1.00	1.00	0.03	0.02	0	|	rapi	0.03	0.03	0	|	-10.0	0.03(-10)	0.03(-10)	|	9407	
30	613	ok	|	0.03	1.00	1.00	0.03	0.01	0	|	rapi	0.03	0.03	0	|	-10.0	0.03(-10)	0.03(-10)	|	9407	
30	614	ok	|	0.03	1.00	1.00	0.03	0.01	0	|	rapi	0.03	0.03	0	|	-10.0	0.03(-10)	0.03(-10)	|	9407	
30	615	ok	|	0.03	1.00	1.00	0.03	0.02	0	|	rapi	0.03	0.03	0	|	-10.0	0.03(-10)	0.03(-10)	|	9407	
30	616	ok	|	0.03	1.00	1.00	0.03	0.02	0	|	rapi	0.03	0.03	0	|	-10.0	0.03(-10)	0.03(-10)	|	9407	
30	617	ok	|	0.03	1.00	1.00	0.03	0.02	0	|	rapi	0.03	0.03	0	|	-10.0	0.03(-10)	0.03(-10)	|	9407	
30	618	ok	|	0.03	1.00	1.00	0.03	0.02	0	|	rapi	0.03	0.03	0	|	-10.0	0.03(-10)	0.03(-10)	|	9407	
30	619	ok	|	0.03	1.00	1.00	0.03	0.02	0	|	rapi	0.03	0.03	0	|	-10.0	0.03(-10)	0.03(-10)	|	9407	
30	620	ok	|	0.03	1.00	1.00	0.03	0.01	0	|	rapi	0.03	0.03	0	|	-10.0	0.03(-10)	0.03(-10)	|	9407	
30	621	ok	|	0.03	1.00	1.00	0.03	0.01	0	|	rapi	0.03	0.03	0	|	-10.0	0.03(-10)	0.03(-10)	|	9407	
30	622	ok	|	0.03	1.00	1.00	0.03	0.01	0	|	rapi	0.03	0.03	0	|	-10.0	0.03(-10)	0.03(-10)	|	9407	
30	623	ok	|	0.03	1.00	1.00	0.03	0.01	0	|	rapi	0.03	0.03	0	|	-10.0	0.03(-10)	0.03(-10)	|	9407	
30	624	ok	|	0.02	1.00	1.00	0.02	0.01	0	|	rapi	0.02	0.02	0	|	-10.0	0.02(-10)	0.02(-10)	|	9407	
30	625	ok	|	0.02	1.00	1.00	0.02	0.01	0	|	rapi	0.02	0.02	0	|	-10.0	0.02(-10)	0.02(-10)	|	9407	
30	626	ok	|	0.02	1.00	1.00	0.02	0.01	0	|	rapi	0.02	0.02	0	|	-10.0	0.02(-10)	0.02(-10)	|	9407	
30	627	ok	|	0.02	1.00	1.00	0.02	0.01	0	|	rapi	0.02	0.02	0	|	-10.0	0.02(-10)	0.02(-10)	|	9407	
30	628	ok	|	0.03	1.00	1.00	0.03	0.01	0	|	rapi	0.03	0.03	0	|	-10.0	0.03(-10)	0.03(-10)	|	9407	
30	629	ok	|	0.02	1.00	1.00	0.02	0.01	0	|	rapi	0.02	0.02	0	|	-10.0	0.02(-10)	0.02(-10)	|	9407	
30	630	ok	|	0.02	1.00	1.00	0.02	0.01	0	|	rapi	0.02	0.02	0	|	-10.0	0.02(-10)	0.02(-10)	|	9407	
30	631	ok	|	0.02	1.00	1.00	0.02	0.01	0	|	rapi	0.02	0.02	0	|	-10.0	0.02(-10)	0.02(-10)	|	9407	
30	632	ok	|	0.02	1.00	1.00	0.02	0.01	0	|	rapi	0.02	0.02	0	|	-10.0	0.02(-10)	0.02(-10)	|	9407	
30	633	ok	|	0.02	1.00	1.00	0.02	0.01	0	|	rapi	0.02	0.02	0	|	-10.0	0.02(-10)	0.02(-10)	|	9407	
30	634	ok	|	0.02	1.00	1.00	0.02	0.01	0	|	rapi	0.02	0.02	0	|	-10.0	0.02(-10)	0.02(-10)	|	9407	
30	635	ok	|	0.02	1.00	1.00	0.02	0.01	0	|	rapi	0.02	0.02	0	|	-10.0	0.02(-10)	0.02(-10)	|	9407	
30	636	ok	|	0.02	1.00	1.00	0.02	0.01	0	|	rapi	0.02	0.02	0	|	-10.0	0.02(-10)	0.02(-10)	|	9407	
30	637	ok	|	0.02	1.00	1.00	0.02	0.01	0	|	rapi	0.02	0.02	0	|	-10.0	0.02(-10)	0.02(-10)	|	9407	
30	638	ok	|	0.02	1.00	1.00	0.02	0.01	0	|	rapi	0.02	0.02	0	|	-10.0	0.02(-10)	0.02(-10)	|	9407	
30	639	ok	|	0.02	1.00	1.00	0.02	0.01	0	|	rapi	0.02	0.02	0	|	-10.0	0.02(-10)	0.02(-10)	|	9407	
30	640	ok	|	0.02	1.00	1.00	0.02	0.01	0	|	rapi	0.02	0.02	0	|	-10.0	0.02(-10)	0.02(-10)	|	9407	
30	641	ok	|	0.02	1.00	1.00	0.02	0.01	0	|	rapi	0.02	0.02	0	|	-10.0	0.02(-10)	0.02(-10)	|	9407	
30	642	ok	|	0.02	1.00	1.00	0.02	0.01	0	|	rapi	0.02	0.02	0	|	-10.0	0.02(-10)	0.02(-10)	|	9407	
30	643	ok	|	0.02	1.00	1.00	0.02	0.01	0	|	rapi	0.02	0.02	0	|	-10.0	0.02(-10)	0.02(-10)	|	9407	
30	644	ok	|	0.02	1.00	1.00	0.02	0.01	0	|	rapi	0.02	0.02	0	|	-10.0	0.02(-10)	0.02(-10)	|	9407	
30	645	ok	|	0.02	1.00	1.00	0.02	0.01	0	|	rapi	0.02	0.02	0	|	-10.0	0.02(-10)	0.02(-10)	|	9407	
30	646	ok	|	0.02	1.00	1.00	0.02	0.01	0	|	rapi	0.02	0.02	0	|	-10.0	0.02(-10)	0.02(-10)	|	9407	
30	647	ok	|	0.02	1.00	1.00	0.02	0.01	0	|	rapi	0.02	0.02	0	|	-10.0	0.02(-10)	0.02(-10)	|	9407	
30	648	ok	|	0.02	1.00	1.00	0.02	0.01	0	|	rapi	0.02	0.02	0	|	-10.0	0.02(-10)	0.02(-10)	|	9407	
30	649	ok	|	0.02	1.00	1.00	0.02	0.01	0	|	rapi	0.02	0.02	0	|	-10.0	0.02(-10)	0.02(-10)	|	9407	
30	650	ok	|	0.01	1.00	1.00	0.01	0.01	0	|	rapi	0.01	0.01	0	|	-10.0	0.01(-10)	0.01(-10)	|	9407	
30	651	ok	|	0.01	1.00	1.00	0.01	0.01	0	|	rapi	0.01	0.01	0	|	-10.0	0.01(-10)	0.01(-10)	|	9407	
30	652	ok	|	0.01	1.00	1.00	0.01	0.01	0	|	rapi	0.01	0.01	0	|	-10.0	0.01(-10)	0.01(-10)	|	9407	
30	653	ok	|	0.01	1.00	1.00	0.01	0.01	0	|	rapi	0.01	0.01	0	|	-10.0	0.01(-10)	0.01(-10)	|	9407	
30	654	ok	|	0.01	1.00	1.00	0.01	0.01	0	|	rapi	0.01	0.01	0	|	-10.0	0.01(-10)	0.01(-10)	|	9407	
30	655	ok	|	0.02	1.00	1.00	0.02	0.01	0	|	rapi	0.02	0.02	0	|	-10.0	0.02(-10)	0.02(-10)	|	9407	
30	656	ok	|	0.01	1.00	1.00	0.01	0.01	0	|	rapi	0.01	0.01	0	|	-10.0	0.01(-10)	0.01(-10)	|	9407	
30	657	ok	|	0.02	1.00	1.00	0.02	0.01	0	|	rapi	0.02	0.02	0	|	-10.0	0.02(-10)	0.02(-10)	|	9407	
30	658	ok	|	0.02	1.00	1.00	0.02	0.01	0	|	rapi	0.02	0.02	0	|	-10.0	0.02(-10)	0.02(-10)	|	9407	
30	659	ok	|	0.02	1.00	1.00	0.02	0.01	0	|	rapi	0.02	0.02	0	|	-10.0	0.02(-10)	0.02(-10)	|	9407	
30	660	ok	|	0.02	1.00	1.00	0.02	0.01	0	|	rapi	0.02	0.02	0	|	-10.0	0.02(-10)	0.02(-10)	|	9407	
30	661	ok	|	0.02	1.00	1.00	0.02	0.01	0	|	rapi	0.02	0.02	0	|	-10.0	0.02(-10)	0.02(-10)	|	9407	
30	662	ok	|	0.02	1.00	1.00	0.02	0.01	0	|	rapi	0.02	0.02	0	|	-10.0	0.02(-10)	0.02(-10)	|	9407	
30	663	ok	|	0.02	1.00	1.00	0.02	0.01	0	|	rapi	0.02	0.02	0	|	-10.0	0.02(-10)	0.02(-10)	|	9407	
30	664	ok	|	0.02	1.00	1.00	0.02	0.01	0	|	rapi	0.02	0.02	0	|	-10.0	0.02(-10)	0.02(-10)	|	9407	
30	665	ok	|	0.01	1.00	1.00	0.01	0.01	0	|	rapi	0.01	0.01	0	|	-10.0	0.01(-10)	0.01(-10)	|	9407	
30	666	ok	|	0.01	1.00	1.00	0.01	0.01	0	|	rapi	0.01	0.01	0	|	-10.0	0.01(-10)	0.01(-10)	|	9407	
30	667	ok	|	0.01	1.00	1.00	0.01	0.01	0	|	rapi	0.01	0.01	0	|	-10.0	0.01(-10)	0.01(-10)	|	9407	
30	668	ok	|	0.01	1.00	1.00	0.01	0.00	0	|	rapi	0.01	0.01	0	|	-10.0	0.01(-10)	0.01(-10)	|	9407	
30	669	ok	|	0.01	1.00	1.00	0.01	0.00	0	|	rapi	0.01	0.01	0	|	-10.0	0.01(-10)	0.01(-10)	|	9407	
30	670	ok	|	0.01	1.00	1.00	0.01	0.00	0	|	rapi	0.01	0.01	0	|	-10.0	0.01(-10)	0.01(-10)	|	9407	
30	671	ok	|	0.01	1.00	1.00	0.01	0.01	0	|	rapi	0.01	0.01	0	|	-10.0	0.01(-10)	0.01(-10)	|	9407	
30	672	ok	|	0.01	1.00	1.00	0.01	0.01	0	|	rapi	0.01	0.01	0	|	-10.0	0.01(-10)	0.01(-10)	|	9407	
30	673	ok	|	0.01	1.00	1.00	0.01	0.01	0	|	rapi	0.01	0.01	0	|	-10.0	0.01(-10)	0.01(-10)	|	9407	
30	674	ok	|	0.01	1.00	1.00	0.01	0.01	0	|	rapi	0.01	0.01	0	|	-10.0	0.01(-10)	0.01(-10)	|	9407	
30	675	ok	|	0.01	1.00	1.00	0.01	0.01	0	|	rapi	0.01	0.01	0	|	-10.0	0.01(-10)	0.01(-10)	|	9407	
30	676	ok	|	0.01	1.00	1.00	0.01	0.01	0	|	rapi	0.01	0.01	0	|	-10.0	0.01(-10)	0.01(-10)	|	9407	
30	677	ok	|	0.01	1.00	1.00	0.01	0.01	0	|	rapi	0.01	0.01	0	|	-10.0	0.01(-10)	0.01(-10)	|	9407	
30	678	ok	|	0.01	1.00	1.00	0.01	0.01	0	|	rapi	0.01	0.01	0	|	-10.0	0.01(-10)	0.01(-10)	|	9407	
30	679	ok	|	0.01	1.00	1.00	0.01	0.01	0	|	rapi	0.01	0.01	0	|	-10.0	0.01(-10)	0.01(-10)	|	9407	
30	680	ok	|	0.01	1.00	1.00	0.01	0.00	0	|	rapi	0.01	0.01	0	|	-10.0	0.01(-10)	0.01(-10)	|	9407	
30	681	ok	|	0.01	1.00	1.00	0.01	0.01	0	|	rapi	0.01	0.01	0	|	-10.0	0.01(-10)	0.01(-10)	|	9407	
30	682	ok	|	0.01	1.00	1.00	0.01	0.01	0	|	rapi	0.01	0.01	0	|	-10.0	0.01(-10)	0.01(-10)	|	9407	
30	683	ok	|	0.01	1.00	1.00	0.01	0.01	0	|	rapi	0.01	0.01	0	|	-10.0	0.01(-10)	0.01(-10)	|	9407	
30	684	ok	|	0.01	1.00	1.00	0.01	0.01	0	|	rapi	0.01	0.01	0	|	-10.0	0.01(-10)	0.01(-10)	|	9407	
30	685	ok	|	0.01	1.00	1.00	0.01	0.01	0	|	rapi	0.01	0.01	0	|	-10.0	0.01(-10)	0.01(-10)	|	9407	
30	686	ok	|	0.01	1.00	1.00	0.01	0.01	0	|	rapi	0.01	0.01	0	|	-10.0	0.01(-10)	0.01(-10)	|	9407	
30	687	ok	|	0.01	1.00	1.00	0.01	0.00	0	|	rapi	0.01	0.01	0	|	-10.0	0.01(-10)	0.01(-10)	|	9407	
30	688	ok	|	0.01	1.00	1.00	0.01	0.00	0	|	rapi	0.01	0.01	0	|	-10.0	0.01(-10)	0.01(-10)	|	9407	
30	689	ok	|	0.01	1.00	1.00	0.01	0.00	0	|	rapi	0.01	0.01	0	|	-10.0	0.01(-10)	0.01(-10)	|	9407	
30	690	ok	|	0.01	1.00	1.00	0.01	0.01	0	|	rapi	0.01	0.01	0	|	-10.0	0.01(-10)	0.01(-10)	|	9407	
30	691	ok	|	0.01	1.00	1.00	0.01	0.01	0	|	rapi	0.01	0.01	0	|	-10.0	0.01(-10)	0.01(-10)	|	9407	
30	692	ok	|	0.01	1.00	1.00	0.01	0.00	0	|	rapi	0.01	0.01	0	|	-10.0	0.01(-10)	0.01(-10)	|	9407	
30	693	ok	|	0.01	1.00	1.00	0.01	0.01	0	|	rapi	0.01	0.01	0	|	-10.0	0.01(-10)	0.01(-10)	|	9407	
30	694	ok	|	0.01	1.00	1.00	0.01	0.01	0	|	rapi	0.01	0.01	0	|	-10.0	0.01(-10)	0.01(-10)	|	9407	
30	695	ok	|	0.01	1.00	1.00	0.01	0.01	0	|	rapi	0.01	0.01	0	|	-10.0	0.01(-10)	0.01(-10)	|	9407	
30	696	ok	|	0.01	1.00	1.00	0.01	0.01	0	|	rapi	0.01	0.01	0	|	-10.0	0.01(-10)	0.01(-10)	|	9407	
30	697	ok	|	0.01	1.00	1.00	0.01	0.01	0	|	rapi	0.01	0.01	0	|	-10.0	0.01(-10)	0.01(-10)	|	9407	
30	698	ok	|	0.01	1.00	1.00	0.01	0.01	0	|	rapi	0.01	0.01	0	|	-10.0	0.01(-10)	0.01(-10)	|	9407	
30	699	ok	|	0.01	1.00	1.00	0.01	0.01	0	|	rapi	0.01	0.01	0	|	-10.0	0.01(-10)	0.01(-10)	|	9407	
30	700	ok	|	0.01	1.00	1.00	0.01	0.01	0	|	rapi	0.01	0.01	0	|	-10.0	0.01(-10)	0.01(-10)	|	9407	
30	701	ok	|	0.01	1.00	1.00	0.01	0.01	0	|	rapi	0.01	0.01	0	|	-10.0	0.01(-10)	0.01(-10)	|	9407	
30	702	ok	|	0.01	1.00	1.00	0.01	0.01	0	|	rapi	0.01	0.01	0	|	-10.0	0.01(-10)	0.01(-10)	|	9407	
30	703	ok	|	0.01	1.00	1.00	0.01	0.01	0	|	rapi	0.01	0.01	0	|	-10.0	0.01(-10)	0.01(-10)	|	9407	
30	704	ok	|	0.01	1.00	1.00	0.01	0.01	0	|	rapi	0.01	0.01	0	|	-10.0	0.01(-10)	0.01(-10)	|	9407	
30	705	ok	|	0.01	1.00	1.00	0.01	0.01	0	|	rapi	0.01	0.01	0	|	-10.0	0.01(-10)	0.01(-10)	|	9407	
30	706	ok	|	0.01	1.00	1.00	0.01	0.01	0	|	rapi	0.01	0.01	0	|	-10.0	0.01(-10)	0.01(-10)	|	9407	
30	707	ok	|	0.01	1.00	1.00	0.01	0.01	0	|	rapi	0.01	0.01	0	|	-10.0	0.01(-10)	0.01(-10)	|	9407	
30	708	ok	|	0.01	1.00	1.00	0.01	0.01	0	|	rapi	0.01	0.01	0	|	-10.0	0.01(-10)	0.01(-10)	|	9407	
30	709	ok	|	0.01	1.00	1.00	0.01	0.01	0	|	rapi	0.01	0.01	0	|	-10.0	0.01(-10)	0.01(-10)	|	9407	
30	710	ok	|	0.01	1.00	1.00	0.01	0.01	0	|	rapi	0.01	0.01	0	|	-10.0	0.01(-10)	0.01(-10)	|	9407	
30	711	ok	|	0.01	1.00	1.00	0.01	0.01	0	|	rapi	0.01	0.01	0	|	-10.0	0.01(-10)	0.01(-10)	|	9407	
30	712	ok	|	0.01	1.00	1.00	0.01	0.00	0	|	rapi	0.01	0.01	0	|	-10.0	0.01(-10)	0.01(-10)	|	9407	
30	713	ok	|	0.01	1.00	1.00	0.01	0.01	0	|	rapi	0.01	0.01	0	|	-10.0	0.01(-10)	0.01(-10)	|	9407	
30	714	ok	|	0.01	1.00	1.00	0.01	0.01	0	|	rapi	0.01	0.01	0	|	-10.0	0.01(-10)	0.01(-10)	|	9407	
30	715	ok	|	0.01	1.00	1.00	0.01	0.01	0	|	rapi	0.01	0.01	0	|	-10.0	0.01(-10)	0.01(-10)	|	9407	
30	716	ok	|	0.01	1.00	1.00	0.01	0.01	0	|	rapi	0.01	0.01	0	|	-10.0	0.01(-10)	0.01(-10)	|	9407	
30	717	ok	|	0.01	1.00	1.00	0.01	0.01	0	|	rapi	0.01	0.01	0	|	-10.0	0.01(-10)	0.01(-10)	|	9407	
30	718	ok	|	0.01	1.00	1.00	0.01	0.01	0	|	rapi	0.01	0.01	0	|	-10.0	0.01(-10)	0.01(-10)	|	9407	
30	719	ok	|	0.01	1.00	1.00	0.01	0.01	0	|	rapi	0.01	0.01	0	|	-10.0	0.01(-10)	0.01(-10)	|	9407	
30	720	ok	|	0.01	1.00	1.00	0.01	0.00	0	|	rapi	0.01	0.01	0	|	-10.0	0.01(-10)	0.01(-10)	|	9407	
30	721	ok	|	0.01	1.00	1.00	0.01	0.01	0	|	rapi	0.01	0.01	0	|	-10.0	0.01(-10)	0.01(-10)	|	9407	
30	722	ok	|	0.01	1.00	1.00	0.01	0.00	0	|	rapi	0.01	0.01	0	|	-10.0	0.01(-10)	0.01(-10)	|	9407	
30	723	ok	|	0.01	1.00	1.00	0.01	0.00	0	|	rapi	0.01	0.01	0	|	-10.0	0.01(-10)	0.01(-10)	|	9407	
30	724	ok	|	0.01	1.00	1.00	0.01	0.00	0	|	rapi	0.01	0.01	0	|	-10.0	0.01(-10)	0.01(-10)	|	9407	
30	725	ok	|	0.01	1.00	1.00	0.01	0.00	0	|	rapi	0.01	0.01	0	|	-10.0	0.01(-10)	0.01(-10)	|	9407	
30	726	ok	|	0.01	1.00	1.00	0.01	0.00	0	|	rapi	0.01	0.01	0	|	-10.0	0.01(-10)	0.01(-10)	|	9407	
30	727	ok	|	0.01	1.00	1.00	0.01	0.00	0	|	rapi	0.01	0.01	0	|	-10.0	0.01(-10)	0.01(-10)	|	9407	
30	728	ok	|	0.01	1.00	1.00	0.01	0.00	0	|	rapi	0.01	0.01	0	|	-10.0	0.01(-10)	0.01(-10)	|	9407	
30	729	ok	|	0.01	1.00	1.00	0.01	0.00	0	|	rapi	0.01	0.01	0	|	-10.0	0.01(-10)	0.01(-10)	|	9407	
30	730	ok	|	0.01	1.00	1.00	0.01	0.00	0	|	rapi	0.01	0.01	0	|	-10.0	0.01(-10)	0.01(-10)	|	9407	
30	731	ok	|	0.01	1.00	1.00	0.01	0.00	0	|	rapi	0.01	0.01	0	|	-10.0	0.01(-10)	0.01(-10)	|	9407	
30	732	ok	|	0.01	1.00	1.00	0.01	0.00	0	|	rapi	0.01	0.01	0	|	-10.0	0.01(-10)	0.01(-10)	|	9407	
30	733	ok	|	0.01	1.00	1.00	0.01	0.00	0	|	rapi	0.01	0.01	0	|	-10.0	0.01(-10)	0.01(-10)	|	9407	
30	734	ok	|	0.01	1.00	1.00	0.01	0.00	0	|	rapi	0.01	0.01	0	|	-10.0	0.01(-10)	0.01(-10)	|	9407	
30	735	ok	|	0.01	1.00	1.00	0.01	0.00	0	|	rapi	0.01	0.01	0	|	-10.0	0.01(-10)	0.01(-10)	|	9407	
30	736	ok	|	0.01	1.00	1.00	0.01	0.00	0	|	rapi	0.01	0.01	0	|	-10.0	0.01(-10)	0.01(-10)	|	9407	
30	737	ok	|	0.01	1.00	1.00	0.01	0.00	0	|	rapi	0.01	0.01	0	|	-10.0	0.01(-10)	0.01(-10)	|	9407	
30	738	ok	|	0.00	1.00	1.00	0.00	0.00	0	|	rapi	0.00	0.00	0	|	-10.0	0.00(-10)	0.00(-10)	|	9407	
30	739	ok	|	0.00	1.00	1.00	0.00	0.00	0	|	rapi	0.00	0.00	0	|	-10.0	0.00(-10)	0.00(-10)	|	9407	
30	740	ok	|	0.01	1.00	1.00	0.01	0.00	0	|	rapi	0.01	0.01	0	|	-10.0	0.01(-10)	0.01(-10)	|	9407	
30	741	ok	|	0.01	1.00	1.00	0.01	0.00	0	|	rapi	0.01	0.01	0	|	-10.0	0.01(-10)	0.01(-10)	|	9407	
30	742	ok	|	0.00	1.00	1.00	0.00	0.00	0	|	rapi	0.00	0.00	0	|	-10.0	0.00(-10)	0.00(-10)	|	9407	
30	743	ok	|	0.00	1.00	1.00	0.00	0.00	0	|	rapi	0.00	0.00	0	|	-10.0	0.00(-10)	0.00(-10)	|	9407	
30	744	ok	|	0.00	1.00	1.00	0.00	0.00	0	|	rapi	0.00	0.00	0	|	-10.0	0.00(-10)	0.00(-10)	|	9407	
30	745	ok	|	0.00	1.00	1.00	0.00	0.00	0	|	rapi	0.00	0.00	0	|	-10.0	0.00(-10)	0.00(-10)	|	9407	
30	746	ok	|	0.00	1.00	1.00	0.00	0.00	0	|	rapi	0.00	0.00	0	|	-10.0	0.00(-10)	0.00(-10)	|	9407	
30	747	ok	|	0.00	1.00	1.00	0.00	0.00	0	|	rapi	0.00	0.00	0	|	-10.0	0.00(-10)	0.00(-10)	|	9407	
30	748	ok	|	0.00	1.00	1.00	0.00	0.00	0	|	rapi	0.00	0.00	0	|	-10.0	0.00(-10)	0.00(-10)	|	9407	
30	749	ok	|	0.00	1.00	1.00	0.00	0.00	0	|	rapi	0.00	0.00	0	|	-10.0	0.00(-10)	0.00(-10)	|	9407	
30	750	ok	|	0.00	1.00	1.00	0.00	0.00	0	|	rapi	0.00	0.00	0	|	-10.0	0.00(-10)	0.00(-10)	|	9407	
30	751	ok	|	0.00	1.00	1.00	0.00	0.00	0	|	rapi	0.00	0.00	0	|	-10.0	0.00(-10)	0.00(-10)	|	9407	
30	752	ok	|	0.00	1.00	1.00	0.00	0.00	0	|	rapi	0.00	0.00	0	|	-10.0	0.00(-10)	0.00(-10)	|	9407	
30	753	ok	|	0.00	1.00	1.00	0.00	0.00	0	|	rapi	0.00	0.00	0	|	-10.0	0.00(-10)	0.00(-10)	|	9407	
30	754	ok	|	0.00	1.00	1.00	0.00	0.00	0	|	rapi	0.00	0.00	0	|	-10.0	0.00(-10)	0.00(-10)	|	9407	
30	755	ok	|	0.00	1.00	1.00	0.00	0.00	0	|	rapi	0.00	0.00	0	|	-10.0	0.00(-10)	0.00(-10)	|	9407	
30	756	ok	|	0.00	1.00	1.00	0.00	0.00	0	|	rapi	0.00	0.00	0	|	-10.0	0.00(-10)	0.00(-10)	|	9407	
30	757	ok	|	0.00	1.00	1.00	0.00	0.00	0	|	rapi	0.00	0.00	0	|	-10.0	0.00(-10)	0.00(-10)	|	9407	
30	758	ok	|	0.00	1.00	1.00	0.00	0.00	0	|	rapi	0.00	0.00	0	|	-10.0	0.00(-10)	0.00(-10)	|	9407	
30	759	ok	|	0.00	1.00	1.00	0.00	0.00	0	|	rapi	0.00	0.00	0	|	-10.0	0.00(-10)	0.00(-10)	|	9407	
30	760	ok	|	0.00	1.00	1.00	0.00	0.00	0	|	rapi	0.00	0.00	0	|	-10.0	0.00(-10)	0.00(-10)	|	9407	
30	761	ok	|	0.00	1.00	1.00	0.00	0.00	0	|	rapi	0.00	0.00	0	|	-10.0	0.00(-10)	0.00(-10)	|	9407	
30	762	ok	|	0.00	1.00	1.00	0.00	0.00	0	|	rapi	0.00	0.00	0	|	-10.0	0.00(-10)	0.00(-10)	|	9407	
30	763	ok	|	0.00	1.00	1.00	0.00	0.00	0	|	rapi	0.00	0.00	0	|	-10.0	0.00(-10)	0.00(-10)	|	9407	
30	764	ok	|	0.00	1.00	1.00	0.00	0.00	0	|	rapi	0.00	0.00	0	|	-10.0	0.00(-10)	0.00(-10)	|	9407	
30	765	ok	|	0.00	1.00	1.00	0.00	0.00	0	|	rapi	0.00	0.00	0	|	-10.0	0.00(-10)	0.00(-10)	|	9407	
30	766	ok	|	0.00	1.00	1.00	0.00	0.00	0	|	rapi	0.00	0.00	0	|	-10.0	0.00(-10)	0.00(-10)	|	9407	
30	767	ok	|	0.00	1.00	1.00	0.00	0.00	0	|	rapi	0.00	0.00	0	|	-10.0	0.00(-10)	0.00(-10)	|	9407	
30	768	ok	|	0.00	1.00	1.00	0.00	0.00	0	|	rapi	0.00	0.00	0	|	-10.0	0.00(-10)	0.00(-10)	|	9407	
30	769	ok	|	0.00	1.00	1.00	0.00	0.00	0	|	rapi	0.00	0.00	0	|	-10.0	0.00(-10)	0.00(-10)	|	9407	
30	770	ok	|	0.00	1.00	1.00	0.00	0.00	0	|	rapi	0.00	0.00	0	|	-10.0	0.00(-10)	0.00(-10)	|	9407	
30	771	ok	|	0.00	1.00	1.00	0.00	0.00	0	|	rapi	0.00	0.00	0	|	-10.0	0.00(-10)	0.00(-10)	|	9407	
30	772	ok	|	0.00	1.00	1.00	0.00	0.00	0	|	rapi	0.00	0.00	0	|	-10.0	0.00(-10)	0.00(-10)	|	9407	
30	773	ok	|	0.00	1.00	1.00	0.00	0.00	0	|	rapi	0.00	0.00	0	|	-10.0	0.00(-10)	0.00(-10)	|	9407	
30	774	ok	|	0.00	1.00	1.00	0.00	0.00	0	|	rapi	0.00	0.00	0	|	-10.0	0.00(-10)	0.00(-10)	|	9407	
30	775	ok	|	0.01	1.00	1.00	0.01	0.00	0	|	rapi	0.01	0.01	0	|	-10.0	0.01(-10)	0.01(-10)	|	9407	
30	776	ok	|	0.01	1.00	1.00	0.01	0.00	0	|	rapi	0.01	0.01	0	|	-10.0	0.01(-10)	0.01(-10)	|	9407	
30	777	ok	|	0.01	1.00	1.00	0.01	0.00	0	|	rapi	0.01	0.01	0	|	-10.0	0.01(-10)	0.01(-10)	|	9407	
30	778	ok	|	0.01	1.00	1.00	0.01	0.00	0	|	rapi	0.01	0.01	0	|	-10.0	0.01(-10)	0.01(-10)	|	9407	
30	779	ok	|	0.01	1.00	1.00	0.01	0.00	0	|	rapi	0.01	0.01	0	|	-10.0	0.01(-10)	0.01(-10)	|	9407	
30	780	ok	|	0.01	1.00	1.00	0.01	0.00	0	|	rapi	0.01	0.01	0	|	-10.0	0.01(-10)	0.01(-10)	|	9407	
30	781	ok	|	0.01	1.00	1.00	0.01	0.00	0	|	rapi	0.01	0.01	0	|	-10.0	0.01(-10)	0.01(-10)	|	9407	
30	782	ok	|	0.01	1.00	1.00	0.01	0.00	0	|	rapi	0.01	0.01	0	|	-10.0	0.01(-10)	0.01(-10)	|	9407	
30	783	ok	|	0.01	1.00	1.00	0.01	0.00	0	|	rapi	0.01	0.01	0	|	-10.0	0.01(-10)	0.01(-10)	|	9407	
30	784	ok	|	0.01	1.00	1.00	0.01	0.00	0	|	rapi	0.01	0.01	0	|	-10.0	0.01(-10)	0.01(-10)	|	9407	
30	785	ok	|	0.01	1.00	1.00	0.01	0.00	0	|	rapi	0.01	0.01	0	|	-10.0	0.01(-10)	0.01(-10)	|	9407	
30	786	ok	|	0.01	1.00	1.00	0.01	0.00	0	|	rapi	0.01	0.01	0	|	-10.0	0.01(-10)	0.01(-10)	|	9407	
30	787	ok	|	0.01	1.00	1.00	0.01	0.00	0	|	rapi	0.01	0.01	0	|	-10.0	0.01(-10)	0.01(-10)	|	9407	
30	788	ok	|	0.01	1.00	1.00	0.01	0.00	0	|	rapi	0.01	0.01	0	|	-10.0	0.01(-10)	0.01(-10)	|	9407	
30	789	ok	|	0.01	1.00	1.00	0.01	0.00	0	|	rapi	0.01	0.01	0	|	-10.0	0.01(-10)	0.01(-10)	|	9407	
30	790	ok	|	0.00	1.00	1.00	0.00	0.00	0	|	rapi	0.00	0.00	0	|	-10.0	0.00(-10)	0.00(-10)	|	9407	
30	791	ok	|	0.01	1.00	1.00	0.01	0.00	0	|	rapi	0.01	0.01	0	|	-10.0	0.01(-10)	0.01(-10)	|	9407	
30	792	ok	|	0.01	1.00	1.00	0.01	0.00	0	|	rapi	0.01	0.01	0	|	-10.0	0.01(-10)	0.01(-10)	|	9407	
30	793	ok	|	0.01	1.00	1.00	0.01	0.00	0	|	rapi	0.01	0.01	0	|	-10.0	0.01(-10)	0.01(-10)	|	9407	
30	794	ok	|	0.01	1.00	1.00	0.01	0.00	0	|	rapi	0.01	0.01	0	|	-10.0	0.01(-10)	0.01(-10)	|	9407	
30	795	ok	|	0.01	1.00	1.00	0.01	0.00	0	|	rapi	0.01	0.01	0	|	-10.0	0.01(-10)	0.01(-10)	|	9407	
30	796	ok	|	0.01	1.00	1.00	0.01	0.00	0	|	rapi	0.01	0.01	0	|	-10.0	0.01(-10)	0.01(-10)	|	9407	
30	797	ok	|	0.01	1.00	1.00	0.01	0.00	0	|	rapi	0.01	0.01	0	|	-10.0	0.01(-10)	0.01(-10)	|	9407	
30	798	ok	|	0.01	1.00	1.00	0.01	0.00	0	|	rapi	0.01	0.01	0	|	-10.0	0.01(-10)	0.01(-10)	|	9407	
30	799	ok	|	0.01	1.00	1.00	0.01	0.00	0	|	rapi	0.01	0.01	0	|	-10.0	0.01(-10)	0.01(-10)	|	9407	
30	800	ok	|	0.01	1.00	1.00	0.01	0.00	0	|	rapi	0.01	0.01	0	|	-10.0	0.01(-10)	0.01(-10)	|	9407	
30	801	ok	|	0.01	1.00	1.00	0.01	0.00	0	|	rapi	0.01	0.01	0	|	-10.0	0.01(-10)	0.01(-10)	|	9407	
30	802	ok	|	0.01	1.00	1.00	0.01	0.00	0	|	rapi	0.01	0.01	0	|	-10.0	0.01(-10)	0.01(-10)	|	9407	
30	803	ok	|	0.01	1.00	1.00	0.01	0.00	0	|	rapi	0.01	0.01	0	|	-10.0	0.01(-10)	0.01(-10)	|	9407	
30	804	ok	|	0.01	1.00	1.00	0.01	0.00	0	|	rapi	0.01	0.01	0	|	-10.0	0.01(-10)	0.01(-10)	|	9407	
30	805	ok	|	0.01	1.00	1.00	0.01	0.00	0	|	rapi	0.01	0.01	0	|	-10.0	0.01(-10)	0.01(-10)	|	9407	
30	806	ok	|	0.01	1.00	1.00	0.01	0.00	0	|	rapi	0.01	0.01	0	|	-10.0	0.01(-10)	0.01(-10)	|	9407	
30	807	ok	|	0.01	1.00	1.00	0.01	0.00	0	|	rapi	0.01	0.01	0	|	-10.0	0.01(-10)	0.01(-10)	|	9407	
30	808	ok	|	0.01	1.00	1.00	0.01	0.00	0	|	rapi	0.01	0.01	0	|	-10.0	0.01(-10)	0.01(-10)	|	9407	
30	809	ok	|	0.01	1.00	1.00	0.01	0.00	0	|	rapi	0.01	0.01	0	|	-10.0	0.01(-10)	0.01(-10)	|	9407	
30	810	ok	|	0.01	1.00	1.00	0.01	0.00	0	|	rapi	0.01	0.01	0	|	-10.0	0.01(-10)	0.01(-10)	|	9407	
30	811	ok	|	0.01	1.00	1.00	0.01	0.00	0	|	rapi	0.01	0.01	0	|	-10.0	0.01(-10)	0.01(-10)	|	9407	
30	812	ok	|	0.01	1.00	1.00	0.01	0.00	0	|	rapi	0.01	0.01	0	|	-10.0	0.01(-10)	0.01(-10)	|	9407	
30	813	ok	|	0.01	1.00	1.00	0.01	0.00	0	|	rapi	0.01	0.01	0	|	-10.0	0.01(-10)	0.01(-10)	|	9407	
30	814	ok	|	0.01	1.00	1.00	0.01	0.00	0	|	rapi	0.01	0.01	0	|	-10.0	0.01(-10)	0.01(-10)	|	9407	
30	815	ok	|	0.01	1.00	1.00	0.01	0.00	0	|	rapi	0.01	0.01	0	|	-10.0	0.01(-10)	0.01(-10)	|	9407	
30	816	ok	|	0.01	1.00	1.00	0.01	0.00	0	|	rapi	0.01	0.01	0	|	-10.0	0.01(-10)	0.01(-10)	|	9407	
30	817	ok	|	0.01	1.00	1.00	0.01	0.00	0	|	rapi	0.01	0.01	0	|	-10.0	0.01(-10)	0.01(-10)	|	9407	
30	818	ok	|	0.01	1.00	1.00	0.01	0.00	0	|	rapi	0.01	0.01	0	|	-10.0	0.01(-10)	0.01(-10)	|	9407	
30	819	ok	|	0.01	1.00	1.00	0.01	0.00	0	|	rapi	0.01	0.01	0	|	-10.0	0.01(-10)	0.01(-10)	|	9407	
30	820	ok	|	0.00	1.00	1.00	0.00	0.00	0	|	rapi	0.00	0.00	0	|	-10.0	0.00(-10)	0.00(-10)	|	9407	
30	821	ok	|	0.00	1.00	1.00	0.00	0.00	0	|	rapi	0.00	0.00	0	|	-10.0	0.00(-10)	0.00(-10)	|	9407	
30	822	ok	|	0.01	1.00	1.00	0.01	0.00	0	|	rapi	0.01	0.01	0	|	-10.0	0.01(-10)	0.01(-10)	|	9407	
30	823	ok	|	0.01	1.00	1.00	0.01	0.00	0	|	rapi	0.01	0.01	0	|	-10.0	0.01(-10)	0.01(-10)	|	9407	
30	824	ok	|	0.01	1.00	1.00	0.01	0.00	0	|	rapi	0.01	0.01	0	|	-10.0	0.01(-10)	0.01(-10)	|	9407	
30	825	ok	|	0.01	1.00	1.00	0.01	0.00	0	|	rapi	0.01	0.01	0	|	-10.0	0.01(-10)	0.01(-10)	|	9407	
30	826	ok	|	0.01	1.00	1.00	0.01	0.00	0	|	rapi	0.01	0.01	0	|	-10.0	0.01(-10)	0.01(-10)	|	9407	
30	827	ok	|	0.01	1.00	1.00	0.01	0.00	0	|	rapi	0.01	0.01	0	|	-10.0	0.01(-10)	0.01(-10)	|	9407	
30	828	ok	|	0.01	1.00	1.00	0.01	0.00	0	|	rapi	0.01	0.01	0	|	-10.0	0.01(-10)	0.01(-10)	|	9407	
30	829	ok	|	0.01	1.00	1.00	0.01	0.00	0	|	rapi	0.01	0.01	0	|	-10.0	0.01(-10)	0.01(-10)	|	9407	
30	830	ok	|	0.01	1.00	1.00	0.01	0.00	0	|	rapi	0.01	0.01	0	|	-10.0	0.01(-10)	0.01(-10)	|	9407	
30	831	ok	|	0.00	1.00	1.00	0.00	0.00	0	|	rapi	0.00	0.00	0	|	-10.0	0.00(-10)	0.00(-10)	|	9407	
30	832	ok	|	0.00	1.00	1.00	0.00	0.00	0	|	rapi	0.00	0.00	0	|	-10.0	0.00(-10)	0.00(-10)	|	9407	
30	833	ok	|	0.01	1.00	1.00	0.01	0.00	0	|	rapi	0.01	0.01	0	|	-10.0	0.01(-10)	0.01(-10)	|	9407	
30	834	ok	|	0.01	1.00	1.00	0.01	0.00	0	|	rapi	0.01	0.01	0	|	-10.0	0.01(-10)	0.01(-10)	|	9407	
30	835	ok	|	0.01	1.00	1.00	0.01	0.00	0	|	rapi	0.01	0.01	0	|	-10.0	0.01(-10)	0.01(-10)	|	9407	
30	836	ok	|	0.01	1.00	1.00	0.01	0.00	0	|	rapi	0.01	0.01	0	|	-10.0	0.01(-10)	0.01(-10)	|	9407	
30	837	ok	|	0.01	1.00	1.00	0.01	0.00	0	|	rapi	0.01	0.01	0	|	-10.0	0.01(-10)	0.01(-10)	|	9407	
30	838	ok	|	0.01	1.00	1.00	0.01	0.00	0	|	rapi	0.01	0.01	0	|	-10.0	0.01(-10)	0.01(-10)	|	9407	
30	839	ok	|	0.01	1.00	1.00	0.01	0.00	0	|	rapi	0.01	0.01	0	|	-10.0	0.01(-10)	0.01(-10)	|	9407	
30	840	ok	|	0.01	1.00	1.00	0.01	0.01	0	|	rapi	0.01	0.01	0	|	-10.0	0.01(-10)	0.01(-10)	|	9407	
30	841	ok	|	0.01	1.00	1.00	0.01	0.01	0	|	rapi	0.01	0.01	0	|	-10.0	0.01(-10)	0.01(-10)	|	9407	
30	842	ok	|	0.01	1.00	1.00	0.01	0.01	0	|	rapi	0.01	0.01	0	|	-10.0	0.01(-10)	0.01(-10)	|	9407	
30	843	ok	|	0.01	1.00	1.00	0.01	0.01	0	|	rapi	0.01	0.01	0	|	-10.0	0.01(-10)	0.01(-10)	|	9407	
30	844	ok	|	0.01	1.00	1.00	0.01	0.01	0	|	rapi	0.01	0.01	0	|	-10.0	0.01(-10)	0.01(-10)	|	9407	
30	845	ok	|	0.01	1.00	1.00	0.01	0.01	0	|	rapi	0.01	0.01	0	|	-10.0	0.01(-10)	0.01(-10)	|	9407	
30	846	ok	|	0.02	1.00	1.00	0.02	0.01	0	|	rapi	0.02	0.02	0	|	-10.0	0.02(-10)	0.02(-10)	|	9407	
30	847	ok	|	0.02	1.00	1.00	0.02	0.01	0	|	rapi	0.02	0.02	0	|	-10.0	0.02(-10)	0.02(-10)	|	9407	
30	848	ok	|	0.02	1.00	1.00	0.02	0.01	0	|	rapi	0.02	0.02	0	|	-10.0	0.02(-10)	0.02(-10)	|	9407	
30	849	ok	|	0.01	1.00	1.00	0.01	0.01	0	|	rapi	0.01	0.01	0	|	-10.0	0.01(-10)	0.01(-10)	|	9407	
30	850	ok	|	0.01	1.00	1.00	0.01	0.01	0	|	rapi	0.01	0.01	0	|	-10.0	0.01(-10)	0.01(-10)	|	9407	
30	851	ok	|	0.02	1.00	1.00	0.02	0.01	0	|	rapi	0.02	0.02	0	|	-10.0	0.02(-10)	0.02(-10)	|	9407	
30	852	ok	|	0.01	1.00	1.00	0.01	0.01	0	|	rapi	0.01	0.01	0	|	-10.0	0.01(-10)	0.01(-10)	|	9407	
30	853	ok	|	0.02	1.00	1.00	0.02	0.01	0	|	rapi	0.02	0.02	0	|	-10.0	0.02(-10)	0.02(-10)	|	9407	
30	854	ok	|	0.02	1.00	1.00	0.02	0.01	0	|	rapi	0.02	0.02	0	|	-10.0	0.02(-10)	0.02(-10)	|	9407	
30	855	ok	|	0.02	1.00	1.00	0.02	0.01	0	|	rapi	0.02	0.02	0	|	-10.0	0.02(-10)	0.02(-10)	|	9407	
30	856	ok	|	0.02	1.00	1.00	0.02	0.01	0	|	rapi	0.02	0.02	0	|	-10.0	0.02(-10)	0.02(-10)	|	9407	
30	857	ok	|	0.02	1.00	1.00	0.02	0.01	0	|	rapi	0.02	0.02	0	|	-10.0	0.02(-10)	0.02(-10)	|	9407	
30	858	ok	|	0.02	1.00	1.00	0.02	0.01	0	|	rapi	0.02	0.02	0	|	-10.0	0.02(-10)	0.02(-10)	|	9407	
30	859	ok	|	0.02	1.00	1.00	0.02	0.01	0	|	rapi	0.02	0.02	0	|	-10.0	0.02(-10)	0.02(-10)	|	9407	
30	860	ok	|	0.01	1.00	1.00	0.01	0.01	0	|	rapi	0.01	0.01	0	|	-10.0	0.01(-10)	0.01(-10)	|	9407	
30	861	ok	|	0.02	1.00	1.00	0.02	0.01	0	|	rapi	0.02	0.02	0	|	-10.0	0.02(-10)	0.02(-10)	|	9407	
30	862	ok	|	0.02	1.00	1.00	0.02	0.01	0	|	rapi	0.02	0.02	0	|	-10.0	0.02(-10)	0.02(-10)	|	9407	
30	863	ok	|	0.01	1.00	1.00	0.02	0.01	0	|	rapi	0.01	0.02	0	|	-10.0	0.02(-10)	0.02(-10)	|	9407	
30	864	ok	|	0.02	1.00	1.00	0.02	0.01	0	|	rapi	0.02	0.02	0	|	-10.0	0.02(-10)	0.02(-10)	|	9407	
30	865	ok	|	0.02	1.00	1.00	0.02	0.01	0	|	rapi	0.02	0.02	0	|	-10.0	0.02(-10)	0.02(-10)	|	9407	
30	866	ok	|	0.02	1.00	1.00	0.02	0.01	0	|	rapi	0.02	0.02	0	|	-10.0	0.02(-10)	0.02(-10)	|	9407	
30	867	ok	|	0.02	1.00	1.00	0.02	0.01	0	|	rapi	0.02	0.02	0	|	-10.0	0.02(-10)	0.02(-10)	|	9407	
30	868	ok	|	0.02	1.00	1.00	0.02	0.01	0	|	rapi	0.02	0.02	0	|	-10.0	0.02(-10)	0.02(-10)	|	9407	
30	869	ok	|	0.02	1.00	1.00	0.02	0.01	0	|	rapi	0.02	0.02	0	|	-10.0	0.02(-10)	0.02(-10)	|	9407	
30	870	ok	|	0.02	1.00	1.00	0.02	0.01	0	|	rapi	0.02	0.02	0	|	-10.0	0.02(-10)	0.02(-10)	|	9407	
30	871	ok	|	0.02	1.00	1.00	0.02	0.01	0	|	rapi	0.02	0.02	0	|	-10.0	0.02(-10)	0.02(-10)	|	9407	
30	872	ok	|	0.02	1.00	1.00	0.02	0.01	0	|	rapi	0.02	0.02	0	|	-10.0	0.02(-10)	0.02(-10)	|	9407	
30	873	ok	|	0.02	1.00	1.00	0.02	0.01	0	|	rapi	0.02	0.02	0	|	-10.0	0.02(-10)	0.02(-10)	|	9407	
30	874	ok	|	0.02	1.00	1.00	0.02	0.01	0	|	rapi	0.02	0.02	0	|	-10.0	0.02(-10)	0.02(-10)	|	9407	
30	875	ok	|	0.02	1.00	1.00	0.02	0.01	0	|	rapi	0.02	0.02	0	|	-10.0	0.02(-10)	0.02(-10)	|	9407	
30	876	ok	|	0.02	1.00	1.00	0.02	0.01	0	|	rapi	0.02	0.02	0	|	-10.0	0.02(-10)	0.02(-10)	|	9407	
30	877	ok	|	0.01	1.00	1.00	0.01	0.01	0	|	rapi	0.01	0.01	0	|	-10.0	0.01(-10)	0.01(-10)	|	9407	
30	878	ok	|	0.01	1.00	1.00	0.01	0.01	0	|	rapi	0.01	0.01	0	|	-10.0	0.01(-10)	0.01(-10)	|	9407	
30	879	ok	|	0.01	1.00	1.00	0.01	0.01	0	|	rapi	0.01	0.01	0	|	-10.0	0.01(-10)	0.01(-10)	|	9407	
30	880	ok	|	0.02	1.00	1.00	0.02	0.01	0	|	rapi	0.02	0.02	0	|	-10.0	0.02(-10)	0.02(-10)	|	9407	
30	881	ok	|	0.01	1.00	1.00	0.01	0.01	0	|	rapi	0.01	0.01	0	|	-10.0	0.01(-10)	0.01(-10)	|	9407	
30	882	ok	|	0.01	1.00	1.00	0.01	0.01	0	|	rapi	0.01	0.01	0	|	-10.0	0.01(-10)	0.01(-10)	|	9407	
30	883	ok	|	0.01	1.00	1.00	0.01	0.01	0	|	rapi	0.01	0.01	0	|	-10.0	0.01(-10)	0.01(-10)	|	9407	
30	884	ok	|	0.01	1.00	1.00	0.01	0.01	0	|	rapi	0.01	0.01	0	|	-10.0	0.01(-10)	0.01(-10)	|	9407	
30	885	ok	|	0.01	1.00	1.00	0.01	0.01	0	|	rapi	0.01	0.01	0	|	-10.0	0.01(-10)	0.01(-10)	|	9407	
30	886	ok	|	0.01	1.00	1.00	0.01	0.01	0	|	rapi	0.01	0.01	0	|	-10.0	0.01(-10)	0.01(-10)	|	9407	
30	887	ok	|	0.01	1.00	1.00	0.01	0.01	0	|	rapi	0.01	0.01	0	|	-10.0	0.01(-10)	0.01(-10)	|	9407	
30	888	ok	|	0.01	1.00	1.00	0.01	0.01	0	|	rapi	0.01	0.01	0	|	-10.0	0.01(-10)	0.01(-10)	|	9407	
30	889	ok	|	0.01	1.00	1.00	0.01	0.01	0	|	rapi	0.01	0.01	0	|	-10.0	0.01(-10)	0.01(-10)	|	9407	
30	890	ok	|	0.02	1.00	1.00	0.02	0.01	0	|	rapi	0.02	0.02	0	|	-10.0	0.02(-10)	0.02(-10)	|	9407	
30	891	ok	|	0.01	1.00	1.00	0.01	0.01	0	|	rapi	0.01	0.01	0	|	-10.0	0.01(-10)	0.01(-10)	|	9407	
30	892	ok	|	0.01	1.00	1.00	0.01	0.01	0	|	rapi	0.01	0.01	0	|	-10.0	0.01(-10)	0.01(-10)	|	9407	
30	893	ok	|	0.01	1.00	1.00	0.01	0.01	0	|	rapi	0.01	0.01	0	|	-10.0	0.01(-10)	0.01(-10)	|	9407	
30	894	ok	|	0.01	1.00	1.00	0.01	0.01	0	|	rapi	0.01	0.01	0	|	-10.0	0.01(-10)	0.01(-10)	|	9407	
30	895	ok	|	0.01	1.00	1.00	0.01	0.01	0	|	rapi	0.01	0.01	0	|	-10.0	0.01(-10)	0.01(-10)	|	9407	
30	896	ok	|	0.01	1.00	1.00	0.01	0.01	0	|	rapi	0.01	0.01	0	|	-10.0	0.01(-10)	0.01(-10)	|	9407	
30	897	ok	|	0.01	1.00	1.00	0.01	0.00	0	|	rapi	0.01	0.01	0	|	-10.0	0.01(-10)	0.01(-10)	|	9407	
30	898	ok	|	0.01	1.00	1.00	0.01	0.01	0	|	rapi	0.01	0.01	0	|	-10.0	0.01(-10)	0.01(-10)	|	9407	
30	899	ok	|	0.01	1.00	1.00	0.01	0.00	0	|	rapi	0.01	0.01	0	|	-10.0	0.01(-10)	0.01(-10)	|	9407	
30	900	ok	|	0.01	1.00	1.00	0.01	0.00	0	|	rapi	0.01	0.01	0	|	-10.0	0.01(-10)	0.01(-10)	|	9407	
30	901	ok	|	0.01	1.00	1.00	0.01	0.00	0	|	rapi	0.01	0.01	0	|	-10.0	0.01(-10)	0.01(-10)	|	9407	
30	902	ok	|	0.01	1.00	1.00	0.01	0.00	0	|	rapi	0.01	0.01	0	|	-10.0	0.01(-10)	0.01(-10)	|	9407	
30	903	ok	|	0.01	1.00	1.00	0.01	0.00	0	|	rapi	0.01	0.01	0	|	-10.0	0.01(-10)	0.01(-10)	|	9407	
30	904	ok	|	0.01	1.00	1.00	0.01	0.00	0	|	rapi	0.01	0.01	0	|	-10.0	0.01(-10)	0.01(-10)	|	9407	
30	905	ok	|	0.01	1.00	1.00	0.01	0.00	0	|	rapi	0.01	0.01	0	|	-10.0	0.01(-10)	0.01(-10)	|	9407	
30	906	ok	|	0.01	1.00	1.00	0.01	0.00	0	|	rapi	0.01	0.01	0	|	-10.0	0.01(-10)	0.01(-10)	|	9407	
30	907	ok	|	0.01	1.00	1.00	0.01	0.00	0	|	rapi	0.01	0.01	0	|	-10.0	0.01(-10)	0.01(-10)	|	9407	
30	908	ok	|	0.01	1.00	1.00	0.01	0.00	0	|	rapi	0.01	0.01	0	|	-10.0	0.01(-10)	0.01(-10)	|	9407	
30	909	ok	|	0.01	1.00	1.00	0.01	0.00	0	|	rapi	0.01	0.01	0	|	-10.0	0.01(-10)	0.01(-10)	|	9407	
30	910	ok	|	0.01	1.00	1.00	0.01	0.00	0	|	rapi	0.01	0.01	0	|	-10.0	0.01(-10)	0.01(-10)	|	9407	
30	911	ok	|	0.01	1.00	1.00	0.01	0.00	0	|	rapi	0.01	0.01	0	|	-10.0	0.01(-10)	0.01(-10)	|	9407	
30	912	ok	|	0.01	1.00	1.00	0.01	0.00	0	|	rapi	0.01	0.01	0	|	-10.0	0.01(-10)	0.01(-10)	|	9407	
30	913	ok	|	0.01	1.00	1.00	0.01	0.00	0	|	rapi	0.01	0.01	0	|	-10.0	0.01(-10)	0.01(-10)	|	9407	
30	914	ok	|	0.01	1.00	1.00	0.01	0.00	0	|	rapi	0.01	0.01	0	|	-10.0	0.01(-10)	0.01(-10)	|	9407	
30	915	ok	|	0.01	1.00	1.00	0.01	0.00	0	|	rapi	0.01	0.01	0	|	-10.0	0.01(-10)	0.01(-10)	|	9407	
30	916	ok	|	0.01	1.00	1.00	0.01	0.00	0	|	rapi	0.01	0.01	0	|	-10.0	0.01(-10)	0.01(-10)	|	9407	
30	917	ok	|	0.01	1.00	1.00	0.01	0.01	0	|	rapi	0.01	0.01	0	|	-10.0	0.01(-10)	0.01(-10)	|	9407	
30	918	ok	|	0.01	1.00	1.00	0.01	0.00	0	|	rapi	0.01	0.01	0	|	-10.0	0.01(-10)	0.01(-10)	|	9407	
30	919	ok	|	0.01	1.00	1.00	0.01	0.00	0	|	rapi	0.01	0.01	0	|	-10.0	0.01(-10)	0.01(-10)	|	9407	
30	920	ok	|	0.01	1.00	1.00	0.01	0.00	0	|	rapi	0.01	0.01	0	|	-10.0	0.01(-10)	0.01(-10)	|	9407	
30	921	ok	|	0.01	1.00	1.00	0.01	0.00	0	|	rapi	0.01	0.01	0	|	-10.0	0.01(-10)	0.01(-10)	|	9407	
30	922	ok	|	0.01	1.00	1.00	0.01	0.00	0	|	rapi	0.01	0.01	0	|	-10.0	0.01(-10)	0.01(-10)	|	9407	
30	923	ok	|	0.01	1.00	1.00	0.01	0.00	0	|	rapi	0.01	0.01	0	|	-10.0	0.01(-10)	0.01(-10)	|	9407	
30	924	ok	|	0.01	1.00	1.00	0.01	0.00	0	|	rapi	0.01	0.01	0	|	-10.0	0.01(-10)	0.01(-10)	|	9407	
30	925	ok	|	0.01	1.00	1.00	0.01	0.00	0	|	rapi	0.01	0.01	0	|	-10.0	0.01(-10)	0.01(-10)	|	9407	
30	926	ok	|	0.01	1.00	1.00	0.01	0.00	0	|	rapi	0.01	0.01	0	|	-10.0	0.01(-10)	0.01(-10)	|	9407	
30	927	ok	|	0.01	1.00	1.00	0.01	0.00	0	|	rapi	0.01	0.01	0	|	-10.0	0.01(-10)	0.01(-10)	|	9407	
30	928	ok	|	0.01	1.00	1.00	0.01	0.00	0	|	rapi	0.01	0.01	0	|	-10.0	0.01(-10)	0.01(-10)	|	9407	
30	929	ok	|	0.00	1.00	1.00	0.01	0.00	0	|	rapi	0.00	0.01	0	|	-10.0	0.01(-10)	0.01(-10)	|	9407	
30	930	ok	|	0.00	1.00	1.00	0.00	0.00	0	|	rapi	0.00	0.00	0	|	-10.0	0.00(-10)	0.00(-10)	|	9407	
30	931	ok	|	0.01	1.00	1.00	0.01	0.00	0	|	rapi	0.01	0.01	0	|	-10.0	0.01(-10)	0.01(-10)	|	9407	
30	932	ok	|	0.01	1.00	1.00	0.01	0.00	0	|	rapi	0.01	0.01	0	|	-10.0	0.01(-10)	0.01(-10)	|	9407	
30	933	ok	|	0.01	1.00	1.00	0.01	0.00	0	|	rapi	0.01	0.01	0	|	-10.0	0.01(-10)	0.01(-10)	|	9407	
30	934	ok	|	0.00	1.00	1.00	0.00	0.00	0	|	rapi	0.00	0.00	0	|	-10.0	0.00(-10)	0.00(-10)	|	9407	
30	935	ok	|	0.00	1.00	1.00	0.00	0.00	0	|	rapi	0.00	0.00	0	|	-10.0	0.00(-10)	0.00(-10)	|	9407	
30	936	ok	|	0.00	1.00	1.00	0.00	0.00	0	|	rapi	0.00	0.00	0	|	-10.0	0.00(-10)	0.00(-10)	|	9407	
30	937	ok	|	0.00	1.00	1.00	0.00	0.00	0	|	rapi	0.00	0.00	0	|	-10.0	0.00(-10)	0.00(-10)	|	9407	
30	938	ok	|	0.00	1.00	1.00	0.00	0.00	0	|	rapi	0.00	0.00	0	|	-10.0	0.00(-10)	0.00(-10)	|	9407	
30	939	ok	|	0.01	1.00	1.00	0.01	0.00	0	|	rapi	0.01	0.01	0	|	-10.0	0.01(-10)	0.01(-10)	|	9407	
30	940	ok	|	0.01	1.00	1.00	0.01	0.00	0	|	rapi	0.01	0.01	0	|	-10.0	0.01(-10)	0.01(-10)	|	9407	
30	941	ok	|	0.01	1.00	1.00	0.01	0.00	0	|	rapi	0.01	0.01	0	|	-10.0	0.01(-10)	0.01(-10)	|	9407	
30	942	ok	|	0.01	1.00	1.00	0.01	0.00	0	|	rapi	0.01	0.01	0	|	-10.0	0.01(-10)	0.01(-10)	|	9407	
30	943	ok	|	0.01	1.00	1.00	0.01	0.00	0	|	rapi	0.01	0.01	0	|	-10.0	0.01(-10)	0.01(-10)	|	9407	
30	944	ok	|	0.01	1.00	1.00	0.01	0.00	0	|	rapi	0.01	0.01	0	|	-10.0	0.01(-10)	0.01(-10)	|	9407	
30	945	ok	|	0.01	1.00	1.00	0.01	0.00	0	|	rapi	0.01	0.01	0	|	-10.0	0.01(-10)	0.01(-10)	|	9407	
30	946	ok	|	0.01	1.00	1.00	0.01	0.00	0	|	rapi	0.01	0.01	0	|	-10.0	0.01(-10)	0.01(-10)	|	9407	
30	947	ok	|	0.01	1.00	1.00	0.01	0.00	0	|	rapi	0.01	0.01	0	|	-10.0	0.01(-10)	0.01(-10)	|	9407	
30	948	ok	|	0.01	1.00	1.00	0.01	0.00	0	|	rapi	0.01	0.01	0	|	-10.0	0.01(-10)	0.01(-10)	|	9407	
30	949	ok	|	0.01	1.00	1.00	0.01	0.00	0	|	rapi	0.01	0.01	0	|	-10.0	0.01(-10)	0.01(-10)	|	9407	
30	950	ok	|	0.01	1.00	1.00	0.01	0.00	0	|	rapi	0.01	0.01	0	|	-10.0	0.01(-10)	0.01(-10)	|	9407	
30	951	ok	|	0.01	1.00	1.00	0.01	0.00	0	|	rapi	0.01	0.01	0	|	-10.0	0.01(-10)	0.01(-10)	|	9407	
30	952	ok	|	0.01	1.00	1.00	0.01	0.00	0	|	rapi	0.01	0.01	0	|	-10.0	0.01(-10)	0.01(-10)	|	9407	
30	953	ok	|	0.01	1.00	1.00	0.01	0.00	0	|	rapi	0.01	0.01	0	|	-10.0	0.01(-10)	0.01(-10)	|	9407	
30	954	ok	|	0.01	1.00	1.00	0.01	0.00	0	|	rapi	0.01	0.01	0	|	-10.0	0.01(-10)	0.01(-10)	|	9407	
30	955	ok	|	0.01	1.00	1.00	0.01	0.00	0	|	rapi	0.01	0.01	0	|	-10.0	0.01(-10)	0.01(-10)	|	9407	
30	956	ok	|	0.00	1.00	1.00	0.00	0.00	0	|	rapi	0.00	0.00	0	|	-10.0	0.00(-10)	0.00(-10)	|	9407	
30	957	ok	|	0.01	1.00	1.00	0.01	0.00	0	|	rapi	0.01	0.01	0	|	-10.0	0.01(-10)	0.01(-10)	|	9407	
30	958	ok	|	0.00	1.00	1.00	0.00	0.00	0	|	rapi	0.00	0.00	0	|	-10.0	0.00(-10)	0.00(-10)	|	9407	
30	959	ok	|	0.00	1.00	1.00	0.00	0.00	0	|	rapi	0.00	0.00	0	|	-10.0	0.00(-10)	0.00(-10)	|	9407	
30	960	ok	|	0.00	1.00	1.00	0.00	0.00	0	|	rapi	0.00	0.00	0	|	-10.0	0.00(-10)	0.00(-10)	|	9407	
30	961	ok	|	0.00	1.00	1.00	0.00	0.00	0	|	rapi	0.00	0.00	0	|	-10.0	0.00(-10)	0.00(-10)	|	9407	
30	962	ok	|	0.01	1.00	1.00	0.01	0.00	0	|	rapi	0.01	0.01	0	|	-10.0	0.01(-10)	0.01(-10)	|	9407	
30	963	ok	|	0.01	1.00	1.00	0.01	0.00	0	|	rapi	0.01	0.01	0	|	-10.0	0.01(-10)	0.01(-10)	|	9407	
30	964	ok	|	0.01	1.00	1.00	0.01	0.00	0	|	rapi	0.01	0.01	0	|	-10.0	0.01(-10)	0.01(-10)	|	9407	
30	965	ok	|	0.01	1.00	1.00	0.01	0.00	0	|	rapi	0.01	0.01	0	|	-10.0	0.01(-10)	0.01(-10)	|	9407	
30	966	ok	|	0.00	1.00	1.00	0.00	0.00	0	|	rapi	0.00	0.00	0	|	-10.0	0.00(-10)	0.00(-10)	|	9407	
30	967	ok	|	0.00	1.00	1.00	0.00	0.00	0	|	rapi	0.00	0.00	0	|	-10.0	0.00(-10)	0.00(-10)	|	9407	
30	968	ok	|	0.00	1.00	1.00	0.00	0.00	0	|	rapi	0.00	0.00	0	|	-10.0	0.00(-10)	0.00(-10)	|	9407	
30	969	ok	|	0.00	1.00	1.00	0.00	0.00	0	|	rapi	0.00	0.00	0	|	-10.0	0.00(-10)	0.00(-10)	|	9407	
30	970	ok	|	0.01	1.00	1.00	0.01	0.00	0	|	rapi	0.01	0.01	0	|	-10.0	0.01(-10)	0.01(-10)	|	9407	
30	971	ok	|	0.00	1.00	1.00	0.00	0.00	0	|	rapi	0.00	0.00	0	|	-10.0	0.00(-10)	0.00(-10)	|	9407	
30	972	ok	|	0.00	1.00	1.00	0.00	0.00	0	|	rapi	0.00	0.00	0	|	-10.0	0.00(-10)	0.00(-10)	|	9407	
30	973	ok	|	0.00	1.00	1.00	0.00	0.00	0	|	rapi	0.00	0.00	0	|	-10.0	0.00(-10)	0.00(-10)	|	9407	
30	974	ok	|	0.00	1.00	1.00	0.00	0.00	0	|	rapi	0.00	0.00	0	|	-10.0	0.00(-10)	0.00(-10)	|	9407	
30	975	ok	|	0.00	1.00	1.00	0.00	0.00	0	|	rapi	0.00	0.00	0	|	-10.0	0.00(-10)	0.00(-10)	|	9407	
30	976	ok	|	0.00	1.00	1.00	0.00	0.00	0	|	rapi	0.00	0.00	0	|	-10.0	0.00(-10)	0.00(-10)	|	9407	
30	977	ok	|	0.00	1.00	1.00	0.00	0.00	0	|	rapi	0.00	0.00	0	|	-10.0	0.00(-10)	0.00(-10)	|	9407	
30	978	ok	|	0.00	1.00	1.00	0.00	0.00	0	|	rapi	0.00	0.00	0	|	-10.0	0.00(-10)	0.00(-10)	|	9407	
30	979	ok	|	0.00	1.00	1.00	0.00	0.00	0	|	rapi	0.00	0.00	0	|	-10.0	0.00(-10)	0.00(-10)	|	9407	
30	980	ok	|	0.00	1.00	1.00	0.00	0.00	0	|	rapi	0.00	0.00	0	|	-10.0	0.00(-10)	0.00(-10)	|	9407	
30	981	ok	|	0.00	1.00	1.00	0.00	0.00	0	|	rapi	0.00	0.00	0	|	-10.0	0.00(-10)	0.00(-10)	|	9407	
30	982	ok	|	0.00	1.00	1.00	0.00	0.00	0	|	rapi	0.00	0.00	0	|	-10.0	0.00(-10)	0.00(-10)	|	9407	
30	983	ok	|	0.00	1.00	1.00	0.00	0.00	0	|	rapi	0.00	0.00	0	|	-10.0	0.00(-10)	0.00(-10)	|	9407	
30	984	ok	|	0.00	1.00	1.00	0.00	0.00	0	|	rapi	0.00	0.00	0	|	-10.0	0.00(-10)	0.00(-10)	|	9407	
30	985	ok	|	0.00	1.00	1.00	0.00	0.00	0	|	rapi	0.00	0.00	0	|	-10.0	0.00(-10)	0.00(-10)	|	9407	
30	986	ok	|	0.00	1.00	1.00	0.00	0.00	0	|	rapi	0.00	0.00	0	|	-10.0	0.00(-10)	0.00(-10)	|	9407	
30	987	ok	|	0.00	1.00	1.00	0.00	0.00	0	|	rapi	0.00	0.00	0	|	-10.0	0.00(-10)	0.00(-10)	|	9407	
30	988	ok	|	0.00	1.00	1.00	0.00	0.00	0	|	rapi	0.00	0.00	0	|	-10.0	0.00(-10)	0.00(-10)	|	9407	
30	989	ok	|	0.00	1.00	1.00	0.00	0.00	0	|	rapi	0.00	0.00	0	|	-10.0	0.00(-10)	0.00(-10)	|	9407	
30	990	ok	|	0.00	1.00	1.00	0.00	0.00	0	|	rapi	0.00	0.00	0	|	-10.0	0.00(-10)	0.00(-10)	|	9407	
30	991	ok	|	0.00	1.00	1.00	0.00	0.00	0	|	rapi	0.00	0.00	0	|	-10.0	0.00(-10)	0.00(-10)	|	9407	
30	992	ok	|	0.00	1.00	1.00	0.00	0.00	0	|	rapi	0.00	0.00	0	|	-10.0	0.00(-10)	0.00(-10)	|	9407	
30	993	ok	|	0.00	1.00	1.00	0.00	0.00	0	|	rapi	0.00	0.00	0	|	-10.0	0.00(-10)	0.00(-10)	|	9407	
30	994	ok	|	0.00	1.00	1.00	0.00	0.00	0	|	rapi	0.00	0.00	0	|	-10.0	0.00(-10)	0.00(-10)	|	9407	
30	995	ok	|	0.00	1.00	1.00	0.00	0.00	0	|	rapi	0.00	0.00	0	|	-10.0	0.00(-10)	0.00(-10)	|	9407	
30	996	ok	|	0.00	1.00	1.00	0.00	0.00	0	|	rapi	0.00	0.00	0	|	-10.0	0.00(-10)	0.00(-10)	|	9407	
30	997	ok	|	0.00	1.00	1.00	0.00	0.00	0	|	rapi	0.00	0.00	0	|	-10.0	0.00(-10)	0.00(-10)	|	9407	
30	998	ok	|	0.00	1.00	1.00	0.00	0.00	0	|	rapi	0.00	0.00	0	|	-10.0	0.00(-10)	0.00(-10)	|	9407	
30	999	ok	|	0.00	1.00	1.00	0.00	0.00	0	|	rapi	0.00	0.00	0	|	-10.0	0.00(-10)	0.00(-10)	|	9407	
30	1000	ok	|	0.00	1.00	1.00	0.00	0.00	0	|	rapi	0.00	0.00	0	|	-10.0	0.00(-10)	0.00(-10)	|	9407	
30	1001	ok	|	0.00	1.00	1.00	0.00	0.00	0	|	rapi	0.00	0.00	0	|	-10.0	0.00(-10)	0.00(-10)	|	9407	
30	1002	fail-0	|	0.00	1.00	1.00	0.00	NaN	0	|	rapi	0.00	0.00	0	|	NaN			|	9407	
