44	0	ok	|	0.01	1.00	1.00	0.01	0.00	0	|	rapi	0.00	0.00	0	|	-3.0	0.01(-3)		|	1	
44	1	ok	|	0.02	1.00	1.00	0.02	0.00	0	|	rapi	0.00	0.00	0	|	-3.0	0.02(-3)		|	1	
44	2	ok	|	0.02	1.00	1.00	0.02	0.00	0	|	rapi	0.00	0.00	0	|	-3.0	0.02(-3)		|	1	
44	3	ok	|	0.02	1.00	1.00	0.02	0.00	0	|	rapi	0.00	0.00	0	|	-3.0	0.02(-3)		|	1	
44	4	ok	|	0.03	1.00	1.00	0.03	0.00	0	|	rapi	0.00	0.00	0	|	-3.0	0.03(-3)		|	1	
44	5	ok	|	0.03	1.00	1.00	0.03	0.00	0	|	rapi	0.00	0.00	0	|	-3.0	0.03(-3)		|	1	
44	6	ok	|	0.03	1.00	1.00	0.04	0.00	0	|	rapi	0.00	0.00	0	|	-3.0	0.04(-3)		|	1	
44	7	ok	|	0.04	1.00	1.00	0.05	0.00	0	|	rapi	0.00	0.00	0	|	-3.0	0.05(-3)		|	1	
44	8	ok	|	0.04	1.00	1.00	0.05	0.00	0	|	rapi	0.00	0.00	0	|	-3.0	0.05(-3)		|	1	
44	9	ok	|	0.04	1.00	1.00	0.06	0.00	0	|	rapi	0.00	0.00	0	|	-3.0	0.06(-3)		|	1	
44	10	ok	|	0.06	1.00	1.00	0.07	0.00	0	|	rapi	0.00	0.00	0	|	-3.0	0.07(-3)		|	1	
44	11	ok	|	0.06	1.00	1.00	0.08	0.00	0	|	rapi	0.00	0.00	0	|	-3.0	0.08(-3)		|	1	
44	12	ok	|	0.08	1.00	1.00	0.10	0.00	0	|	rapi	0.00	0.00	0	|	-3.0	0.10(-3)	0.00(-3)	|	1	
44	13	ok	|	0.08	1.00	1.00	0.11	0.00	0	|	rapi	0.00	0.00	0	|	-3.0	0.11(-3)	0.00(-3)	|	1	
44	14	ok	|	0.10	1.00	1.00	0.14	0.00	0	|	rapi	0.00	0.00	0	|	-3.0	0.14(-3)		|	1	
44	15	ok	|	0.12	1.00	1.00	0.17	0.00	0	|	rapi	0.00	0.00	0	|	-3.0	0.17(-3)		|	1	
44	16	ok	|	0.14	1.00	1.00	0.20	0.00	0	|	rapi	0.00	0.00	0	|	-3.0	0.20(-3)		|	1	
44	17	ok	|	0.16	1.00	1.00	0.22	0.00	0	|	rapi	0.00	0.00	0	|	-3.0	0.22(-3)		|	1	
44	18	ok	|	0.18	1.00	1.00	0.26	0.00	0	|	rapi	0.00	0.00	0	|	-3.0	0.26(-3)		|	1	
44	19	ok	|	0.21	1.00	1.00	0.30	0.00	0	|	rapi	0.00	0.00	0	|	-3.0	0.30(-3)		|	1	
44	20	ok	|	0.24	1.00	1.00	0.35	0.00	0	|	rapi	0.00	0.00	0	|	-3.0	0.35(-3)		|	1	
44	21	ok	|	0.27	1.00	1.00	0.41	0.00	0	|	rapi	0.00	0.00	0	|	-3.0	0.41(-3)		|	1	
44	22	ok	|	0.31	1.00	1.00	0.48	0.00	0	|	rapi	0.00	0.00	0	|	-3.0	0.48(-3)		|	1	
44	23	ok	|	0.36	0.99	0.99	0.59	0.00	0	|	rapi	0.00	0.00	0	|	-3.0	0.59(-3)		|	1	
44	24	ok	|	0.41	0.99	0.99	0.71	0.00	0	|	rapi	0.00	0.00	0	|	-3.0	0.71(-3)		|	1	
44	25	ok	|	0.47	0.99	0.99	0.83	0.00	0	|	rapi	0.00	0.00	0	|	-3.0	0.83(-3)		|	1	
44	26	ok	|	0.52	0.99	0.99	0.95	0.00	0	|	rapi	0.00	0.00	0	|	-3.0	0.95(-3)		|	1	
44	27	ok	|	0.59	0.99	0.99	1.14	0.00	0	|	rapi	0.00	0.00	0	|	-3.0	1.14(-3)		|	1	
44	28	ok	|	0.65	0.99	0.99	1.35	0.00	0	|	rapi	0.00	0.00	0	|	-3.0	1.35(-3)		|	1	
44	29	ok	|	0.71	0.98	0.98	1.59	0.00	0	|	rapi	0.00	0.00	0	|	-3.0	1.59(-3)		|	1	
44	30	ok	|	0.77	0.98	0.98	1.90	0.00	0	|	rapi	0.00	0.00	0	|	-3.0	1.90(-3)		|	1	
44	31	ok	|	0.83	0.98	0.98	2.29	0.00	0	|	rapi	0.00	0.00	0	|	-3.0	2.29(-3)	0.00(-3)	|	1	
44	32	ok	|	0.88	0.97	0.97	2.71	0.00	0	|	rapi	0.00	0.00	0	|	-3.0	2.71(-3)		|	1	
44	33	ok	|	0.91	0.97	0.97	3.23	0.00	0	|	rapi	0.00	0.00	0	|	-3.0	3.23(-3)	0.00(-3)	|	1	
44	34	ok	|	0.94	0.96	0.96	3.79	0.00	0	|	rapi	0.00	0.00	0	|	-3.0	3.79(-3)	0.00(-3)	|	1	
44	35	ok	|	0.96	0.96	0.96	4.44	0.00	0	|	rapi	0.00	0.00	0	|	-3.0	4.44(-3)	0.00(-3)	|	1	
44	36	ok	|	0.98	0.95	0.95	5.29	0.00	0	|	rapi	0.00	0.00	0	|	-3.0	5.29(-3)	0.00(-3)	|	1	
44	37	ok	|	0.99	0.94	0.94	6.24	0.00	0	|	rapi	0.00	0.00	0	|	-3.0	6.24(-3)	0.00(-3)	|	1	
44	38	ok	|	0.99	0.93	0.93	7.38	0.00	0	|	rapi	0.00	0.00	0	|	-3.0	7.38(-3)	0.00(-3)	|	1	
44	39	ok	|	1.00	0.91	0.91	8.67	0.00	0	|	rapi	0.00	0.00	0	|	-3.0	8.67(-3)	0.00(-3)	|	1	
44	40	ok	|	1.00	0.90	0.90	10.15	0.00	0	|	rapi	0.00	0.00	0	|	-3.0	10.15(-3)	0.00(-3)	|	1	
44	41	ok	|	1.00	0.88	0.88	12.05	0.00	0	|	rapi	0.00	0.00	0	|	-3.0	12.05(-3)	0.00(-3)	|	1	
44	42	ok	|	1.00	0.86	0.86	14.37	0.00	0	|	rapi	0.00	0.00	0	|	-3.0	14.37(-3)	0.00(-3)	|	1	
44	43	ok	|	1.00	0.83	0.83	16.97	0.00	0	|	rapi	0.00	0.00	0	|	-3.0	16.97(-3)	0.00(-3)	|	1	
44	44	ok	|	1.00	0.80	0.80	19.97	0.00	0	|	rapi	0.00	0.00	0	|	-3.0	19.97(-3)	0.00(-3)	|	1	
44	45	ok	|	1.00	0.77	0.77	23.42	0.00	0	|	rapi	0.00	0.00	0	|	-3.0	23.42(-3)	0.00(-3)	|	1	
44	46	ok	|	1.00	0.73	0.73	27.42	0.00	0	|	rapi	0.00	0.00	0	|	-3.0	27.42(-3)	0.00(-3)	|	1	
44	47	ok	|	1.00	0.68	0.68	32.13	0.00	0	|	rapi	0.00	0.00	0	|	-3.0	32.13(-3)	0.00(-3)	|	1	
44	48	ok	|	1.00	0.63	0.63	37.39	0.00	0	|	rapi	0.00	0.00	0	|	-3.0	37.39(-3)	0.00(-3)	|	1	
44	49	ok	|	1.00	0.56	0.56	43.78	0.00	0	|	rapi	0.00	0.00	0	|	-3.0	43.78(-3)	0.00(-3)	|	1	
44	50	ok	|	1.00	0.49	0.49	51.10	0.00	0	|	rapi	0.00	0.00	0	|	-3.0	51.10(-3)	0.00(-3)	|	1	
44	51	ok	|	1.00	0.41	0.41	59.37	0.00	0	|	rapi	0.00	0.00	0	|	-3.0	59.37(-3)	0.00(-3)	|	1	
44	52	ok	|	1.00	0.32	0.32	68.46	0.00	0	|	rapi	0.01	0.01	0	|	-3.0	68.46(-3)	0.01(-3)	|	1	
44	53	ok	|	1.00	0.22	0.22	78.08	0.00	0	|	rapi	0.01	0.01	0	|	-3.0	78.08(-3)	0.01(-3)	|	1	
44	54	ok	|	1.00	0.13	0.13	87.38	0.00	0	|	rapi	0.01	0.01	0	|	-3.0	87.38(-3)	0.01(-3)	|	1	
44	55	fail-w	|	1.00	0.07	0.07	95.03	0.00	0	|	rapi	0.02	0.02	0	|	-3.0	95.03(-3)	0.02(-3)	|	1	
