1081	0	ok	|	0.10	1.00	1.00	0.10	0.00	0	|	rapi	0.00	0.00	0	|	-90.0	0.10(-90)		|	2	
1081	1	ok	|	0.11	1.00	1.00	0.12	0.00	0	|	rapi	0.00	0.00	0	|	-90.0	0.12(-90)		|	2	
1081	2	ok	|	0.14	1.00	1.00	0.17	0.00	0	|	rapi	0.00	0.00	0	|	-90.0	0.17(-90)		|	2	
1081	3	ok	|	0.14	1.00	1.00	0.20	0.00	0	|	rapi	0.00	0.00	0	|	-90.0	0.20(-90)		|	2	
1081	4	ok	|	0.15	1.00	1.00	0.22	0.00	0	|	rapi	0.00	0.00	0	|	-90.0	0.22(-90)		|	2	
1081	5	ok	|	0.16	1.00	1.00	0.23	0.00	0	|	rapi	0.00	0.00	0	|	-90.0	0.23(-90)		|	2	
1081	6	ok	|	0.20	1.00	1.00	0.28	0.00	0	|	rapi	0.00	0.00	0	|	-90.0	0.28(-90)		|	2	
1081	7	ok	|	0.23	1.00	1.00	0.33	0.00	0	|	rapi	0.00	0.00	0	|	-90.0	0.33(-90)		|	2	
1081	8	ok	|	0.25	1.00	1.00	0.37	0.00	0	|	rapi	0.00	0.00	0	|	-90.0	0.37(-90)		|	2	
1081	9	ok	|	0.28	1.00	1.00	0.43	0.00	0	|	rapi	0.00	0.00	0	|	-90.0	0.43(-90)		|	2	
1081	10	ok	|	0.31	0.99	0.99	0.53	0.00	0	|	rapi	0.00	0.00	0	|	-90.0	0.53(-90)		|	2	
1081	11	ok	|	0.38	0.99	0.99	0.67	0.00	0	|	rapi	0.00	0.00	0	|	-90.0	0.67(-90)		|	2	
1081	12	ok	|	0.44	0.99	0.99	0.81	0.00	0	|	rapi	0.00	0.00	0	|	-90.0	0.81(-90)		|	2	
1081	13	ok	|	0.49	0.99	0.99	0.94	0.00	0	|	rapi	0.00	0.00	0	|	-90.0	0.94(-90)		|	2	
1081	14	ok	|	0.54	0.99	0.99	1.07	0.00	0	|	rapi	0.00	0.00	0	|	-90.0	1.07(-90)		|	2	
1081	15	ok	|	0.62	0.99	0.99	1.40	0.00	0	|	rapi	0.00	0.00	0	|	-90.0	1.40(-90)		|	2	
1081	16	ok	|	0.70	0.98	0.98	1.74	0.00	0	|	rapi	0.00	0.00	0	|	-90.0	1.74(-90)		|	2	
1081	17	ok	|	0.78	0.98	0.98	2.11	0.00	0	|	rapi	0.00	0.00	0	|	-90.0	2.11(-90)		|	2	
1081	18	ok	|	0.86	0.97	0.97	2.56	0.00	0	|	rapi	0.00	0.00	0	|	-90.0	2.56(-90)		|	2	
1081	19	ok	|	0.91	0.97	0.97	3.09	0.00	0	|	rapi	0.00	0.00	0	|	-90.0	3.09(-90)		|	2	
1081	20	ok	|	0.95	0.96	0.96	3.68	0.00	0	|	rapi	0.00	0.00	0	|	-90.0	3.68(-90)		|	2	
1081	21	ok	|	0.96	0.96	0.96	4.36	0.00	0	|	rapi	0.00	0.00	0	|	-90.0	4.36(-90)		|	2	
1081	22	ok	|	0.98	0.95	0.95	5.06	0.00	0	|	rapi	0.00	0.00	0	|	-90.0	5.06(-90)		|	2	
1081	23	ok	|	0.99	0.94	0.94	6.06	0.00	0	|	rapi	0.00	0.00	0	|	-90.0	6.06(-90)		|	2	
1081	24	ok	|	1.00	0.93	0.93	7.15	0.00	0	|	rapi	0.00	0.00	0	|	-90.0	7.15(-90)		|	2	
1081	25	ok	|	1.00	0.91	0.91	8.61	0.00	0	|	rapi	0.00	0.00	0	|	-90.0	8.61(-90)		|	2	
1081	26	ok	|	1.00	0.90	0.90	10.23	0.00	0	|	rapi	0.00	0.00	0	|	-90.0	10.23(-90)		|	2	
1081	27	ok	|	1.00	0.88	0.88	12.05	0.00	0	|	rapi	0.00	0.00	0	|	-90.0	12.05(-90)		|	2	
1081	28	ok	|	1.00	0.86	0.86	14.42	0.00	0	|	rapi	0.00	0.00	0	|	-90.0	14.42(-90)		|	2	
1081	29	ok	|	1.00	0.83	0.83	16.96	0.00	0	|	rapi	0.00	0.00	0	|	-90.0	16.96(-90)		|	2	
1081	30	ok	|	1.00	0.80	0.80	19.84	0.00	0	|	rapi	0.00	0.00	0	|	-90.0	19.84(-90)		|	2	
1081	31	ok	|	1.00	0.77	0.77	23.34	0.00	0	|	rapi	0.00	0.00	0	|	-90.0	23.34(-90)		|	2	
1081	32	ok	|	1.00	0.73	0.73	27.02	0.00	0	|	rapi	0.00	0.00	0	|	-90.0	27.02(-90)	0.00(-90)	|	2	
1081	33	ok	|	1.00	0.68	0.68	31.98	0.00	0	|	rapi	0.00	0.00	0	|	-90.0	31.98(-90)	0.00(-90)	|	2	
1081	34	ok	|	1.00	0.63	0.63	37.22	0.00	0	|	rapi	0.00	0.00	0	|	-90.0	37.22(-90)	0.00(-90)	|	2	
1081	35	ok	|	1.00	0.57	0.57	43.39	0.00	0	|	rapi	0.00	0.00	0	|	-90.0	43.39(-90)		|	2	
1081	36	ok	|	1.00	0.49	0.49	50.81	0.00	0	|	rapi	0.00	0.00	0	|	-90.0	50.81(-90)		|	2	
1081	37	ok	|	1.00	0.41	0.41	59.37	0.00	0	|	rapi	0.00	0.00	0	|	-90.0	59.37(-90)		|	2	
1081	38	ok	|	1.00	0.31	0.31	68.75	0.00	0	|	rapi	0.00	0.00	0	|	-90.0	68.75(-90)		|	2	
1081	39	ok	|	1.00	0.22	0.22	78.27	0.00	0	|	rapi	0.00	0.00	0	|	-90.0	78.27(-90)		|	2	
1081	40	ok	|	1.00	0.13	0.13	87.89	0.00	0	|	rapi	0.00	0.00	0	|	-90.0	87.89(-90)	0.00(-90)	|	2	
1081	41	fail-w	|	1.00	0.07	0.07	95.50	0.00	0	|	rapi	0.00	0.00	0	|	-90.0	95.50(-90)	0.00(-90)	|	2	
