1084	0	ok	|	0.10	1.00	1.00	0.10	0.00	0	|	rapi	0.00	0.00	0	|	-53.0	0.10(-53)		|	1	
1084	1	ok	|	0.11	1.00	1.00	0.12	0.00	0	|	rapi	0.00	0.00	0	|	-53.0	0.12(-53)		|	1	
1084	2	ok	|	0.12	1.00	1.00	0.14	0.00	0	|	rapi	0.00	0.00	0	|	-53.0	0.14(-53)		|	1	
1084	3	ok	|	0.14	1.00	1.00	0.18	0.00	0	|	rapi	0.00	0.00	0	|	-53.0	0.18(-53)		|	1	
1084	4	ok	|	0.16	1.00	1.00	0.21	0.00	0	|	rapi	0.00	0.00	0	|	-53.0	0.21(-53)		|	1	
1084	5	ok	|	0.18	1.00	1.00	0.24	0.00	0	|	rapi	0.00	0.00	0	|	-53.0	0.24(-53)		|	1	
1084	6	ok	|	0.22	1.00	1.00	0.31	0.00	0	|	rapi	0.00	0.00	0	|	-53.0	0.31(-53)		|	1	
1084	7	ok	|	0.24	1.00	1.00	0.36	0.00	0	|	rapi	0.00	0.00	0	|	-53.0	0.36(-53)		|	1	
1084	8	ok	|	0.30	1.00	1.00	0.43	0.00	0	|	rapi	0.00	0.00	0	|	-53.0	0.43(-53)		|	1	
1084	9	ok	|	0.33	0.99	0.99	0.50	0.00	0	|	rapi	0.00	0.00	0	|	-53.0	0.50(-53)		|	1	
1084	10	ok	|	0.37	0.99	0.99	0.60	0.00	0	|	rapi	0.00	0.00	0	|	-53.0	0.60(-53)		|	1	
1084	11	ok	|	0.42	0.99	0.99	0.68	0.00	0	|	rapi	0.00	0.00	0	|	-53.0	0.68(-53)		|	1	
1084	12	ok	|	0.46	0.99	0.99	0.79	0.00	0	|	rapi	0.00	0.00	0	|	-53.0	0.79(-53)		|	1	
1084	13	ok	|	0.52	0.99	0.99	0.96	0.00	0	|	rapi	0.00	0.00	0	|	-53.0	0.96(-53)		|	1	
1084	14	ok	|	0.58	0.99	0.99	1.12	0.00	0	|	rapi	0.00	0.00	0	|	-53.0	1.12(-53)		|	1	
1084	15	ok	|	0.65	0.99	0.99	1.33	0.00	0	|	rapi	0.00	0.00	0	|	-53.0	1.33(-53)		|	1	
1084	16	ok	|	0.70	0.98	0.98	1.55	0.00	0	|	rapi	0.00	0.00	0	|	-53.0	1.55(-53)		|	1	
1084	17	ok	|	0.79	0.98	0.98	1.95	0.00	0	|	rapi	0.00	0.00	0	|	-53.0	1.95(-53)		|	1	
1084	18	ok	|	0.82	0.98	0.98	2.28	0.00	0	|	rapi	0.00	0.00	0	|	-53.0	2.28(-53)		|	1	
1084	19	ok	|	0.84	0.97	0.97	2.63	0.00	0	|	rapi	0.00	0.00	0	|	-53.0	2.63(-53)		|	1	
1084	20	ok	|	0.87	0.97	0.97	3.11	0.00	0	|	rapi	0.00	0.00	0	|	-53.0	3.11(-53)		|	1	
1084	21	ok	|	0.92	0.96	0.96	3.57	0.00	0	|	rapi	0.00	0.00	0	|	-53.0	3.57(-53)		|	1	
1084	22	ok	|	0.96	0.96	0.96	4.31	0.00	0	|	rapi	0.00	0.00	0	|	-53.0	4.31(-53)		|	1	
1084	23	ok	|	0.97	0.95	0.95	5.04	0.00	0	|	rapi	0.00	0.00	0	|	-53.0	5.04(-53)		|	1	
1084	24	ok	|	0.99	0.94	0.94	5.99	0.00	0	|	rapi	0.00	0.00	0	|	-53.0	5.99(-53)		|	1	
1084	25	ok	|	1.00	0.93	0.93	7.04	0.00	0	|	rapi	0.00	0.00	0	|	-53.0	7.04(-53)		|	1	
1084	26	ok	|	1.00	0.92	0.92	8.23	0.00	0	|	rapi	0.00	0.00	0	|	-53.0	8.23(-53)		|	1	
1084	27	ok	|	1.00	0.90	0.90	9.53	0.00	0	|	rapi	0.00	0.00	0	|	-53.0	9.53(-53)		|	1	
1084	28	ok	|	1.00	0.89	0.89	11.16	0.00	0	|	rapi	0.00	0.00	0	|	-53.0	11.16(-53)		|	1	
1084	29	ok	|	1.00	0.87	0.87	13.10	0.00	0	|	rapi	0.00	0.00	0	|	-53.0	13.10(-53)		|	1	
1084	30	ok	|	1.00	0.84	0.84	15.73	0.00	0	|	rapi	0.00	0.00	0	|	-53.0	15.73(-53)		|	1	
1084	31	ok	|	1.00	0.82	0.82	18.41	0.00	0	|	rapi	0.00	0.00	0	|	-53.0	18.41(-53)		|	1	
1084	32	ok	|	1.00	0.79	0.79	21.40	0.00	0	|	rapi	0.00	0.00	0	|	-53.0	21.40(-53)		|	1	
1084	33	ok	|	1.00	0.75	0.75	25.21	0.00	0	|	rapi	0.00	0.00	0	|	-53.0	25.21(-53)		|	1	
1084	34	ok	|	1.00	0.71	0.71	29.49	0.00	0	|	rapi	0.00	0.00	0	|	-53.0	29.49(-53)		|	1	
1084	35	ok	|	1.00	0.65	0.65	34.81	0.00	0	|	rapi	0.00	0.00	0	|	-53.0	34.81(-53)		|	1	
1084	36	ok	|	1.00	0.60	0.60	40.35	0.00	0	|	rapi	0.00	0.00	0	|	-53.0	40.35(-53)		|	1	
1084	37	ok	|	1.00	0.53	0.53	47.07	0.00	0	|	rapi	0.00	0.00	0	|	-53.0	47.07(-53)	0.00(-53)	|	1	
1084	38	ok	|	1.00	0.45	0.45	55.12	0.00	0	|	rapi	0.00	0.00	0	|	-53.0	55.12(-53)	0.00(-53)	|	1	
1084	39	ok	|	1.00	0.36	0.36	63.62	0.00	0	|	rapi	0.00	0.00	0	|	-53.0	63.62(-53)	0.00(-53)	|	1	
1084	40	ok	|	1.00	0.27	0.27	73.13	0.00	0	|	rapi	0.00	0.00	0	|	-53.0	73.13(-53)		|	1	
1084	41	ok	|	1.00	0.18	0.18	82.22	0.00	0	|	rapi	0.00	0.00	0	|	-53.0	82.22(-53)		|	1	
1084	42	ok	|	1.00	0.10	0.10	91.18	0.00	0	|	rapi	0.00	0.00	0	|	-53.0	91.18(-53)		|	1	
1084	43	fail-w	|	1.00	0.05	0.05	98.09	0.00	0	|	rapi	0.00	0.00	0	|	-53.0	98.09(-53)	0.00(-53)	|	1	
