1165	0	ok	|	0.09	1.00	1.00	0.10	0.00	0	|	rapi	0.07	0.08	0	|	35.0	0.10(35)	0.08(35)	|	6549	
1165	1	ok	|	0.11	1.00	1.00	0.12	0.00	0	|	rapi	0.09	0.10	0	|	35.0	0.12(35)	0.10(35)	|	6549	
1165	2	ok	|	0.13	1.00	1.00	0.14	0.00	0	|	rapi	0.11	0.12	0	|	35.0	0.14(35)	0.12(35)	|	6549	
1165	3	ok	|	0.14	1.00	1.00	0.15	0.00	0	|	rapi	0.12	0.13	0	|	35.0	0.15(35)	0.13(35)	|	6549	
1165	4	ok	|	0.17	1.00	1.00	0.18	0.00	0	|	rapi	0.14	0.15	0	|	35.0	0.18(35)	0.15(35)	|	6549	
1165	5	ok	|	0.17	1.00	1.00	0.19	0.00	0	|	rapi	0.14	0.15	0	|	35.0	0.19(35)	0.15(35)	|	6549	
1165	6	ok	|	0.15	1.00	1.00	0.17	0.00	0	|	rapi	0.13	0.13	0	|	35.0	0.17(35)	0.13(35)	|	6549	
1165	7	ok	|	0.16	1.00	1.00	0.18	0.00	0	|	rapi	0.13	0.14	0	|	35.0	0.18(35)	0.14(35)	|	6549	
1165	8	ok	|	0.16	1.00	1.00	0.17	0.00	0	|	rapi	0.13	0.14	0	|	35.0	0.17(35)	0.14(35)	|	6549	
1165	9	ok	|	0.15	1.00	1.00	0.16	0.00	0	|	rapi	0.14	0.14	0	|	35.0	0.16(35)	0.14(35)	|	6549	
1165	10	ok	|	0.16	1.00	1.00	0.18	0.00	0	|	rapi	0.14	0.15	0	|	35.0	0.18(35)	0.15(35)	|	6549	
1165	11	ok	|	0.16	1.00	1.00	0.18	0.00	0	|	rapi	0.15	0.16	0	|	35.0	0.18(35)	0.16(35)	|	6549	
1165	12	ok	|	0.17	1.00	1.00	0.20	0.00	0	|	rapi	0.16	0.17	0	|	35.0	0.20(35)	0.17(35)	|	6549	
1165	13	ok	|	0.19	1.00	1.00	0.21	0.00	0	|	rapi	0.18	0.19	0	|	35.0	0.21(35)	0.19(35)	|	6549	
1165	14	ok	|	0.19	1.00	1.00	0.22	0.00	0	|	rapi	0.18	0.20	0	|	35.0	0.22(35)	0.20(35)	|	6549	
1165	15	ok	|	0.20	1.00	1.00	0.22	0.00	0	|	rapi	0.19	0.20	0	|	35.0	0.22(35)	0.20(35)	|	6549	
1165	16	ok	|	0.20	1.00	1.00	0.23	0.00	0	|	rapi	0.19	0.21	0	|	35.0	0.23(35)	0.21(35)	|	6549	
1165	17	ok	|	0.20	1.00	1.00	0.22	0.00	0	|	rapi	0.20	0.21	0	|	35.0	0.22(35)	0.21(35)	|	6549	
1165	18	ok	|	0.21	1.00	1.00	0.22	0.00	0	|	rapi	0.20	0.21	0	|	35.0	0.22(35)	0.21(35)	|	6549	
1165	19	ok	|	0.22	1.00	1.00	0.24	0.00	0	|	rapi	0.21	0.23	0	|	35.0	0.24(35)	0.23(35)	|	6549	
1165	20	ok	|	0.22	1.00	1.00	0.24	0.00	0	|	rapi	0.21	0.23	0	|	35.0	0.24(35)	0.23(35)	|	6549	
1165	21	ok	|	0.21	1.00	1.00	0.23	0.00	0	|	rapi	0.20	0.22	0	|	35.0	0.23(35)	0.22(35)	|	6549	
1165	22	ok	|	0.22	1.00	1.00	0.24	0.00	0	|	rapi	0.21	0.23	0	|	35.0	0.24(35)	0.23(35)	|	6549	
1165	23	ok	|	0.24	1.00	1.00	0.26	0.01	0	|	rapi	0.23	0.24	0	|	35.0	0.26(35)	0.24(35)	|	6549	
1165	24	ok	|	0.21	1.00	1.00	0.24	0.01	0	|	rapi	0.21	0.23	0	|	35.0	0.24(35)	0.23(35)	|	6549	
1165	25	ok	|	0.22	1.00	1.00	0.25	0.01	0	|	rapi	0.21	0.23	0	|	35.0	0.25(35)	0.23(35)	|	6549	
1165	26	ok	|	0.22	1.00	1.00	0.26	0.01	0	|	rapi	0.21	0.24	0	|	35.0	0.26(35)	0.24(35)	|	6549	
1165	27	ok	|	0.22	1.00	1.00	0.24	0.01	0	|	rapi	0.21	0.23	0	|	35.0	0.24(35)	0.23(35)	|	6549	
1165	28	ok	|	0.21	1.00	1.00	0.23	0.01	0	|	rapi	0.21	0.23	0	|	35.0	0.23(35)	0.23(35)	|	6549	
1165	29	ok	|	0.21	1.00	1.00	0.23	0.01	0	|	rapi	0.20	0.23	0	|	35.0	0.23(35)	0.23(35)	|	6549	
1165	30	ok	|	0.20	1.00	1.00	0.23	0.01	0	|	rapi	0.19	0.22	0	|	35.0	0.23(35)	0.22(35)	|	6549	
1165	31	ok	|	0.20	1.00	1.00	0.21	0.01	0	|	rapi	0.20	0.21	0	|	35.0	0.21(35)	0.21(35)	|	6549	
1165	32	ok	|	0.19	1.00	1.00	0.20	0.01	0	|	rapi	0.18	0.20	0	|	35.0	0.20(35)	0.20(35)	|	6549	
1165	33	ok	|	0.18	1.00	1.00	0.20	0.01	0	|	rapi	0.18	0.19	0	|	35.0	0.20(35)	0.19(35)	|	6549	
1165	34	ok	|	0.19	1.00	1.00	0.21	0.01	0	|	rapi	0.18	0.21	0	|	35.0	0.21(35)	0.21(35)	|	6549	
1165	35	ok	|	0.21	1.00	1.00	0.23	0.01	0	|	rapi	0.20	0.22	0	|	35.0	0.23(35)	0.22(35)	|	6549	
1165	36	ok	|	0.19	1.00	1.00	0.21	0.01	0	|	rapi	0.19	0.21	0	|	35.0	0.21(35)	0.21(35)	|	6549	
1165	37	ok	|	0.19	1.00	1.00	0.21	0.01	0	|	rapi	0.18	0.21	0	|	35.0	0.21(35)	0.21(35)	|	6549	
1165	38	ok	|	0.20	1.00	1.00	0.22	0.01	0	|	rapi	0.19	0.21	0	|	35.0	0.22(35)	0.21(35)	|	6549	
1165	39	ok	|	0.21	1.00	1.00	0.22	0.01	0	|	rapi	0.20	0.21	0	|	35.0	0.22(35)	0.21(35)	|	6549	
1165	40	ok	|	0.19	1.00	1.00	0.21	0.01	0	|	rapi	0.19	0.20	0	|	35.0	0.21(35)	0.20(35)	|	6549	
1165	41	ok	|	0.22	1.00	1.00	0.23	0.01	0	|	rapi	0.22	0.23	0	|	35.0	0.23(35)	0.23(35)	|	6549	
1165	42	ok	|	0.23	1.00	1.00	0.24	0.01	0	|	rapi	0.23	0.24	0	|	35.0	0.24(35)	0.24(35)	|	6549	
1165	43	ok	|	0.24	1.00	1.00	0.25	0.01	0	|	rapi	0.23	0.25	0	|	35.0	0.25(35)	0.25(35)	|	6549	
1165	44	ok	|	0.26	1.00	1.00	0.28	0.01	0	|	rapi	0.26	0.28	0	|	35.0	0.28(35)	0.28(35)	|	6549	
1165	45	ok	|	0.24	1.00	1.00	0.26	0.01	0	|	rapi	0.24	0.26	0	|	35.0	0.26(35)	0.26(35)	|	6549	
1165	46	ok	|	0.24	1.00	1.00	0.26	0.01	0	|	rapi	0.24	0.26	0	|	35.0	0.26(35)	0.26(35)	|	6549	
1165	47	ok	|	0.23	1.00	1.00	0.25	0.01	0	|	rapi	0.23	0.25	0	|	35.0	0.25(35)	0.25(35)	|	6549	
1165	48	ok	|	0.22	1.00	1.00	0.23	0.01	0	|	rapi	0.22	0.23	0	|	35.0	0.23(35)	0.23(35)	|	6549	
1165	49	ok	|	0.21	1.00	1.00	0.22	0.02	0	|	rapi	0.21	0.22	0	|	35.0	0.22(35)	0.22(35)	|	6549	
1165	50	ok	|	0.22	1.00	1.00	0.23	0.02	0	|	rapi	0.22	0.23	0	|	35.0	0.23(35)	0.23(35)	|	6549	
1165	51	ok	|	0.23	1.00	1.00	0.24	0.02	0	|	rapi	0.23	0.24	0	|	35.0	0.24(35)	0.24(35)	|	6549	
1165	52	ok	|	0.21	1.00	1.00	0.23	0.02	0	|	rapi	0.21	0.23	0	|	35.0	0.23(35)	0.23(35)	|	6549	
1165	53	ok	|	0.21	1.00	1.00	0.23	0.02	0	|	rapi	0.21	0.23	0	|	35.0	0.23(35)	0.23(35)	|	6549	
1165	54	ok	|	0.21	1.00	1.00	0.23	0.02	0	|	rapi	0.21	0.23	0	|	35.0	0.23(35)	0.23(35)	|	6549	
1165	55	ok	|	0.21	1.00	1.00	0.23	0.02	0	|	rapi	0.21	0.23	0	|	35.0	0.23(35)	0.23(35)	|	6549	
1165	56	ok	|	0.21	1.00	1.00	0.23	0.02	0	|	rapi	0.21	0.23	0	|	35.0	0.23(35)	0.23(35)	|	6549	
1165	57	ok	|	0.22	1.00	1.00	0.24	0.03	0	|	rapi	0.22	0.24	0	|	35.0	0.24(35)	0.24(35)	|	6549	
1165	58	ok	|	0.21	1.00	1.00	0.24	0.03	0	|	rapi	0.21	0.24	0	|	35.0	0.24(35)	0.24(35)	|	6549	
1165	59	ok	|	0.21	1.00	1.00	0.23	0.03	0	|	rapi	0.21	0.23	0	|	35.0	0.23(35)	0.23(35)	|	6549	
1165	60	ok	|	0.23	1.00	1.00	0.24	0.03	0	|	rapi	0.23	0.24	0	|	35.0	0.24(35)	0.24(35)	|	6549	
1165	61	ok	|	0.21	1.00	1.00	0.23	0.03	0	|	rapi	0.21	0.23	0	|	35.0	0.23(35)	0.23(35)	|	6549	
1165	62	ok	|	0.23	1.00	1.00	0.25	0.03	0	|	rapi	0.23	0.25	0	|	35.0	0.25(35)	0.25(35)	|	6549	
1165	63	ok	|	0.23	1.00	1.00	0.25	0.03	0	|	rapi	0.23	0.25	0	|	35.0	0.25(35)	0.25(35)	|	6549	
1165	64	ok	|	0.23	1.00	1.00	0.24	0.03	0	|	rapi	0.23	0.24	0	|	35.0	0.24(35)	0.24(35)	|	6549	
1165	65	ok	|	0.24	1.00	1.00	0.25	0.04	0	|	rapi	0.24	0.25	0	|	35.0	0.25(35)	0.25(35)	|	6549	
1165	66	ok	|	0.23	1.00	1.00	0.24	0.04	0	|	rapi	0.23	0.24	0	|	35.0	0.24(35)	0.24(35)	|	6549	
1165	67	ok	|	0.22	1.00	1.00	0.23	0.04	0	|	rapi	0.22	0.23	0	|	35.0	0.23(35)	0.23(35)	|	6549	
1165	68	ok	|	0.22	1.00	1.00	0.23	0.04	0	|	rapi	0.22	0.23	0	|	35.0	0.23(35)	0.23(35)	|	6549	
1165	69	ok	|	0.23	1.00	1.00	0.24	0.04	0	|	rapi	0.23	0.24	0	|	35.0	0.24(35)	0.24(35)	|	6549	
1165	70	ok	|	0.24	1.00	1.00	0.27	0.04	0	|	rapi	0.24	0.27	0	|	35.0	0.27(35)	0.27(35)	|	6549	
1165	71	ok	|	0.25	1.00	1.00	0.28	0.05	0	|	rapi	0.25	0.28	0	|	35.0	0.28(35)	0.28(35)	|	6549	
1165	72	ok	|	0.24	1.00	1.00	0.26	0.04	0	|	rapi	0.24	0.26	0	|	35.0	0.26(35)	0.26(35)	|	6549	
1165	73	ok	|	0.24	1.00	1.00	0.26	0.04	0	|	rapi	0.24	0.26	0	|	35.0	0.26(35)	0.26(35)	|	6549	
1165	74	ok	|	0.25	1.00	1.00	0.28	0.05	0	|	rapi	0.25	0.28	0	|	35.0	0.28(35)	0.28(35)	|	6549	
1165	75	ok	|	0.24	1.00	1.00	0.26	0.04	0	|	rapi	0.24	0.26	0	|	35.0	0.26(35)	0.26(35)	|	6549	
1165	76	ok	|	0.24	1.00	1.00	0.27	0.04	0	|	rapi	0.24	0.27	0	|	35.0	0.27(35)	0.27(35)	|	6549	
1165	77	ok	|	0.24	1.00	1.00	0.26	0.04	0	|	rapi	0.24	0.26	0	|	35.0	0.26(35)	0.26(35)	|	6549	
1165	78	ok	|	0.25	1.00	1.00	0.27	0.05	0	|	rapi	0.25	0.27	0	|	35.0	0.27(35)	0.27(35)	|	6549	
1165	79	ok	|	0.26	1.00	1.00	0.29	0.05	0	|	rapi	0.26	0.29	0	|	35.0	0.29(35)	0.29(35)	|	6549	
1165	80	ok	|	0.26	1.00	1.00	0.28	0.05	0	|	rapi	0.26	0.28	0	|	35.0	0.28(35)	0.28(35)	|	6549	
1165	81	ok	|	0.25	1.00	1.00	0.28	0.05	0	|	rapi	0.25	0.28	0	|	35.0	0.28(35)	0.28(35)	|	6549	
1165	82	ok	|	0.26	1.00	1.00	0.28	0.05	0	|	rapi	0.26	0.28	0	|	35.0	0.28(35)	0.28(35)	|	6549	
1165	83	ok	|	0.26	1.00	1.00	0.28	0.05	0	|	rapi	0.26	0.28	0	|	35.0	0.28(35)	0.28(35)	|	6549	
1165	84	ok	|	0.28	1.00	1.00	0.30	0.05	0	|	rapi	0.28	0.30	0	|	35.0	0.30(35)	0.30(35)	|	6549	
1165	85	ok	|	0.31	1.00	1.00	0.34	0.06	0	|	rapi	0.31	0.34	0	|	35.0	0.34(35)	0.34(35)	|	6549	
1165	86	ok	|	0.33	1.00	1.00	0.36	0.06	0	|	rapi	0.33	0.36	0	|	35.0	0.36(35)	0.36(35)	|	6549	
1165	87	ok	|	0.29	1.00	1.00	0.32	0.05	0	|	rapi	0.29	0.32	0	|	35.0	0.32(35)	0.32(35)	|	6549	
1165	88	ok	|	0.30	1.00	1.00	0.34	0.06	0	|	rapi	0.30	0.34	0	|	35.0	0.34(35)	0.34(35)	|	6549	
1165	89	ok	|	0.30	1.00	1.00	0.34	0.06	0	|	rapi	0.30	0.34	0	|	35.0	0.34(35)	0.34(35)	|	6549	
1165	90	ok	|	0.33	1.00	1.00	0.38	0.06	0	|	rapi	0.33	0.38	0	|	35.0	0.38(35)	0.38(35)	|	6549	
1165	91	ok	|	0.32	1.00	1.00	0.37	0.06	0	|	rapi	0.32	0.37	0	|	35.0	0.37(35)	0.37(35)	|	6549	
1165	92	ok	|	0.32	1.00	1.00	0.35	0.06	0	|	rapi	0.32	0.35	0	|	35.0	0.35(35)	0.35(35)	|	6549	
1165	93	ok	|	0.33	1.00	1.00	0.36	0.06	0	|	rapi	0.33	0.36	0	|	35.0	0.36(35)	0.36(35)	|	6549	
1165	94	ok	|	0.32	1.00	1.00	0.35	0.06	0	|	rapi	0.32	0.35	0	|	35.0	0.35(35)	0.35(35)	|	6549	
1165	95	ok	|	0.32	1.00	1.00	0.35	0.06	0	|	rapi	0.32	0.35	0	|	35.0	0.35(35)	0.35(35)	|	6549	
1165	96	ok	|	0.33	1.00	1.00	0.37	0.06	0	|	rapi	0.33	0.37	0	|	35.0	0.37(35)	0.37(35)	|	6549	
1165	97	ok	|	0.34	1.00	1.00	0.38	0.06	0	|	rapi	0.34	0.38	0	|	35.0	0.38(35)	0.38(35)	|	6549	
1165	98	ok	|	0.33	1.00	1.00	0.37	0.06	0	|	rapi	0.33	0.37	0	|	35.0	0.37(35)	0.37(35)	|	6549	
1165	99	ok	|	0.34	1.00	1.00	0.38	0.06	0	|	rapi	0.34	0.38	0	|	35.0	0.38(35)	0.38(35)	|	6549	
1165	100	ok	|	0.34	1.00	1.00	0.39	0.06	0	|	rapi	0.34	0.39	0	|	35.0	0.39(35)	0.39(35)	|	6549	
1165	101	ok	|	0.37	1.00	1.00	0.41	0.07	0	|	rapi	0.37	0.41	0	|	35.0	0.41(35)	0.41(35)	|	6549	
1165	102	ok	|	0.34	1.00	1.00	0.39	0.06	0	|	rapi	0.34	0.39	0	|	35.0	0.39(35)	0.39(35)	|	6549	
1165	103	ok	|	0.34	1.00	1.00	0.40	0.07	0	|	rapi	0.34	0.40	0	|	35.0	0.40(35)	0.40(35)	|	6549	
1165	104	ok	|	0.35	1.00	1.00	0.39	0.07	0	|	rapi	0.35	0.39	0	|	35.0	0.39(35)	0.39(35)	|	6549	
1165	105	ok	|	0.34	1.00	1.00	0.40	0.07	0	|	rapi	0.34	0.40	0	|	35.0	0.40(35)	0.40(35)	|	6549	
1165	106	ok	|	0.35	1.00	1.00	0.40	0.07	0	|	rapi	0.35	0.40	0	|	35.0	0.40(35)	0.40(35)	|	6549	
1165	107	ok	|	0.35	1.00	1.00	0.39	0.06	0	|	rapi	0.35	0.39	0	|	35.0	0.39(35)	0.39(35)	|	6549	
1165	108	ok	|	0.33	1.00	1.00	0.37	0.06	0	|	rapi	0.33	0.37	0	|	35.0	0.37(35)	0.37(35)	|	6549	
1165	109	ok	|	0.33	1.00	1.00	0.38	0.06	0	|	rapi	0.33	0.38	0	|	35.0	0.38(35)	0.38(35)	|	6549	
1165	110	ok	|	0.34	1.00	1.00	0.39	0.06	0	|	rapi	0.34	0.39	0	|	35.0	0.39(35)	0.39(35)	|	6549	
1165	111	ok	|	0.33	1.00	1.00	0.37	0.06	0	|	rapi	0.33	0.37	0	|	35.0	0.37(35)	0.37(35)	|	6549	
1165	112	ok	|	0.35	1.00	1.00	0.39	0.07	0	|	rapi	0.35	0.39	0	|	35.0	0.39(35)	0.39(35)	|	6549	
1165	113	ok	|	0.35	1.00	1.00	0.39	0.07	0	|	rapi	0.35	0.39	0	|	35.0	0.39(35)	0.39(35)	|	6549	
1165	114	ok	|	0.34	1.00	1.00	0.36	0.06	0	|	rapi	0.34	0.36	0	|	35.0	0.36(35)	0.36(35)	|	6549	
1165	115	ok	|	0.33	1.00	1.00	0.36	0.06	0	|	rapi	0.33	0.36	0	|	35.0	0.36(35)	0.36(35)	|	6549	
1165	116	ok	|	0.33	1.00	1.00	0.38	0.06	0	|	rapi	0.33	0.38	0	|	35.0	0.38(35)	0.38(35)	|	6549	
1165	117	ok	|	0.32	1.00	1.00	0.36	0.06	0	|	rapi	0.32	0.36	0	|	35.0	0.36(35)	0.36(35)	|	6549	
1165	118	ok	|	0.31	1.00	1.00	0.34	0.06	0	|	rapi	0.31	0.34	0	|	35.0	0.34(35)	0.34(35)	|	6549	
1165	119	ok	|	0.33	1.00	1.00	0.36	0.06	0	|	rapi	0.33	0.36	0	|	35.0	0.36(35)	0.36(35)	|	6549	
1165	120	ok	|	0.30	1.00	1.00	0.34	0.06	0	|	rapi	0.30	0.34	0	|	35.0	0.34(35)	0.34(35)	|	6549	
1165	121	ok	|	0.28	1.00	1.00	0.33	0.05	0	|	rapi	0.28	0.33	0	|	35.0	0.33(35)	0.33(35)	|	6549	
1165	122	ok	|	0.31	1.00	1.00	0.34	0.06	0	|	rapi	0.31	0.34	0	|	35.0	0.34(35)	0.34(35)	|	6549	
1165	123	ok	|	0.28	1.00	1.00	0.31	0.05	0	|	rapi	0.28	0.31	0	|	35.0	0.31(35)	0.31(35)	|	6549	
1165	124	ok	|	0.28	1.00	1.00	0.31	0.05	0	|	rapi	0.28	0.31	0	|	35.0	0.31(35)	0.31(35)	|	6549	
1165	125	ok	|	0.25	1.00	1.00	0.27	0.05	0	|	rapi	0.25	0.27	0	|	35.0	0.27(35)	0.27(35)	|	6549	
1165	126	ok	|	0.27	1.00	1.00	0.30	0.05	0	|	rapi	0.27	0.30	0	|	35.0	0.30(35)	0.30(35)	|	6549	
1165	127	ok	|	0.29	1.00	1.00	0.32	0.05	0	|	rapi	0.29	0.32	0	|	35.0	0.32(35)	0.32(35)	|	6549	
1165	128	ok	|	0.30	1.00	1.00	0.34	0.06	0	|	rapi	0.30	0.34	0	|	35.0	0.34(35)	0.34(35)	|	6549	
1165	129	ok	|	0.32	1.00	1.00	0.36	0.06	0	|	rapi	0.32	0.36	0	|	35.0	0.36(35)	0.36(35)	|	6549	
1165	130	ok	|	0.33	1.00	1.00	0.38	0.06	0	|	rapi	0.33	0.38	0	|	35.0	0.38(35)	0.38(35)	|	6549	
1165	131	ok	|	0.35	1.00	1.00	0.39	0.07	0	|	rapi	0.35	0.39	0	|	35.0	0.39(35)	0.39(35)	|	6549	
1165	132	ok	|	0.35	1.00	1.00	0.38	0.06	0	|	rapi	0.35	0.38	0	|	35.0	0.38(35)	0.38(35)	|	6549	
1165	133	ok	|	0.35	1.00	1.00	0.38	0.06	0	|	rapi	0.35	0.38	0	|	35.0	0.38(35)	0.38(35)	|	6549	
1165	134	ok	|	0.33	1.00	1.00	0.37	0.06	0	|	rapi	0.33	0.37	0	|	35.0	0.37(35)	0.37(35)	|	6549	
1165	135	ok	|	0.34	1.00	1.00	0.38	0.06	0	|	rapi	0.34	0.38	0	|	35.0	0.38(35)	0.38(35)	|	6549	
1165	136	ok	|	0.35	1.00	1.00	0.39	0.06	0	|	rapi	0.35	0.39	0	|	35.0	0.39(35)	0.39(35)	|	6549	
1165	137	ok	|	0.33	1.00	1.00	0.37	0.06	0	|	rapi	0.33	0.37	0	|	35.0	0.37(35)	0.37(35)	|	6549	
1165	138	ok	|	0.35	1.00	1.00	0.39	0.06	0	|	rapi	0.35	0.39	0	|	35.0	0.39(35)	0.39(35)	|	6549	
1165	139	ok	|	0.36	1.00	1.00	0.40	0.07	0	|	rapi	0.36	0.40	0	|	35.0	0.40(35)	0.40(35)	|	6549	
1165	140	ok	|	0.30	1.00	1.00	0.34	0.06	0	|	rapi	0.30	0.34	0	|	35.0	0.34(35)	0.34(35)	|	6549	
1165	141	ok	|	0.30	1.00	1.00	0.32	0.05	0	|	rapi	0.30	0.32	0	|	35.0	0.32(35)	0.32(35)	|	6549	
1165	142	ok	|	0.30	1.00	1.00	0.33	0.05	0	|	rapi	0.30	0.33	0	|	35.0	0.33(35)	0.33(35)	|	6549	
1165	143	ok	|	0.30	1.00	1.00	0.32	0.05	0	|	rapi	0.30	0.32	0	|	35.0	0.32(35)	0.32(35)	|	6549	
1165	144	ok	|	0.29	1.00	1.00	0.32	0.08	0	|	rapi	0.29	0.32	0	|	35.0	0.32(35)	0.32(35)	|	6549	
1165	145	ok	|	0.28	1.00	1.00	0.30	0.08	0	|	rapi	0.28	0.30	0	|	35.0	0.30(35)	0.30(35)	|	6549	
1165	146	ok	|	0.27	1.00	1.00	0.28	0.07	0	|	rapi	0.27	0.28	0	|	35.0	0.28(35)	0.28(35)	|	6549	
1165	147	ok	|	0.28	1.00	1.00	0.29	0.07	0	|	rapi	0.28	0.29	0	|	35.0	0.29(35)	0.29(35)	|	6549	
1165	148	ok	|	0.28	1.00	1.00	0.30	0.07	0	|	rapi	0.28	0.30	0	|	35.0	0.30(35)	0.30(35)	|	6549	
1165	149	ok	|	0.27	1.00	1.00	0.29	0.07	0	|	rapi	0.27	0.29	0	|	35.0	0.29(35)	0.29(35)	|	6549	
1165	150	ok	|	0.23	1.00	1.00	0.25	0.06	0	|	rapi	0.23	0.25	0	|	35.0	0.25(35)	0.25(35)	|	6549	
1165	151	ok	|	0.21	1.00	1.00	0.21	0.05	0	|	rapi	0.21	0.21	0	|	35.0	0.21(35)	0.21(35)	|	6549	
1165	152	ok	|	0.20	1.00	1.00	0.21	0.05	0	|	rapi	0.20	0.21	0	|	35.0	0.21(35)	0.21(35)	|	6549	
1165	153	ok	|	0.20	1.00	1.00	0.22	0.05	0	|	rapi	0.20	0.22	0	|	35.0	0.22(35)	0.22(35)	|	6549	
1165	154	ok	|	0.21	1.00	1.00	0.22	0.06	0	|	rapi	0.21	0.22	0	|	35.0	0.22(35)	0.22(35)	|	6549	
1165	155	ok	|	0.19	1.00	1.00	0.20	0.05	0	|	rapi	0.19	0.20	0	|	35.0	0.20(35)	0.20(35)	|	6549	
1165	156	ok	|	0.19	1.00	1.00	0.21	0.05	0	|	rapi	0.19	0.21	0	|	35.0	0.21(35)	0.21(35)	|	6549	
1165	157	ok	|	0.20	1.00	1.00	0.21	0.05	0	|	rapi	0.20	0.21	0	|	35.0	0.21(35)	0.21(35)	|	6549	
1165	158	ok	|	0.20	1.00	1.00	0.21	0.05	0	|	rapi	0.20	0.21	0	|	35.0	0.21(35)	0.21(35)	|	6549	
1165	159	ok	|	0.19	1.00	1.00	0.20	0.05	0	|	rapi	0.19	0.20	0	|	35.0	0.20(35)	0.20(35)	|	6549	
1165	160	ok	|	0.18	1.00	1.00	0.20	0.05	0	|	rapi	0.18	0.20	0	|	35.0	0.20(35)	0.20(35)	|	6549	
1165	161	ok	|	0.19	1.00	1.00	0.20	0.05	0	|	rapi	0.19	0.20	0	|	35.0	0.20(35)	0.20(35)	|	6549	
1165	162	ok	|	0.20	1.00	1.00	0.20	0.05	0	|	rapi	0.20	0.20	0	|	35.0	0.20(35)	0.20(35)	|	6549	
1165	163	ok	|	0.20	1.00	1.00	0.20	0.05	0	|	rapi	0.20	0.20	0	|	35.0	0.20(35)	0.20(35)	|	6549	
1165	164	ok	|	0.18	1.00	1.00	0.19	0.05	0	|	rapi	0.18	0.19	0	|	35.0	0.19(35)	0.19(35)	|	6549	
1165	165	ok	|	0.19	1.00	1.00	0.20	0.05	0	|	rapi	0.19	0.20	0	|	35.0	0.20(35)	0.20(35)	|	6549	
1165	166	ok	|	0.18	1.00	1.00	0.19	0.05	0	|	rapi	0.18	0.19	0	|	35.0	0.19(35)	0.19(35)	|	6549	
1165	167	ok	|	0.19	1.00	1.00	0.20	0.05	0	|	rapi	0.19	0.20	0	|	35.0	0.20(35)	0.20(35)	|	6549	
1165	168	ok	|	0.20	1.00	1.00	0.21	0.05	0	|	rapi	0.20	0.21	0	|	35.0	0.21(35)	0.21(35)	|	6549	
1165	169	ok	|	0.19	1.00	1.00	0.21	0.05	0	|	rapi	0.19	0.21	0	|	35.0	0.21(35)	0.21(35)	|	6549	
1165	170	ok	|	0.20	1.00	1.00	0.21	0.05	0	|	rapi	0.20	0.21	0	|	35.0	0.21(35)	0.21(35)	|	6549	
1165	171	ok	|	0.22	1.00	1.00	0.23	0.06	0	|	rapi	0.22	0.23	0	|	35.0	0.23(35)	0.23(35)	|	6549	
1165	172	ok	|	0.20	1.00	1.00	0.22	0.06	0	|	rapi	0.20	0.22	0	|	35.0	0.22(35)	0.22(35)	|	6549	
1165	173	ok	|	0.21	1.00	1.00	0.22	0.06	0	|	rapi	0.21	0.22	0	|	35.0	0.22(35)	0.22(35)	|	6549	
1165	174	ok	|	0.22	1.00	1.00	0.24	0.06	0	|	rapi	0.22	0.24	0	|	35.0	0.24(35)	0.24(35)	|	6549	
1165	175	ok	|	0.21	1.00	1.00	0.23	0.06	0	|	rapi	0.21	0.23	0	|	35.0	0.23(35)	0.23(35)	|	6549	
1165	176	ok	|	0.21	1.00	1.00	0.23	0.06	0	|	rapi	0.21	0.23	0	|	35.0	0.23(35)	0.23(35)	|	6549	
1165	177	ok	|	0.22	1.00	1.00	0.24	0.06	0	|	rapi	0.22	0.24	0	|	35.0	0.24(35)	0.24(35)	|	6549	
1165	178	ok	|	0.21	1.00	1.00	0.23	0.06	0	|	rapi	0.21	0.23	0	|	35.0	0.23(35)	0.23(35)	|	6549	
1165	179	ok	|	0.23	1.00	1.00	0.25	0.06	0	|	rapi	0.23	0.25	0	|	35.0	0.25(35)	0.25(35)	|	6549	
1165	180	ok	|	0.24	1.00	1.00	0.24	0.06	0	|	rapi	0.24	0.24	0	|	35.0	0.24(35)	0.24(35)	|	6549	
1165	181	ok	|	0.22	1.00	1.00	0.24	0.06	0	|	rapi	0.22	0.24	0	|	35.0	0.24(35)	0.24(35)	|	6549	
1165	182	ok	|	0.20	1.00	1.00	0.21	0.05	0	|	rapi	0.20	0.21	0	|	35.0	0.21(35)	0.21(35)	|	6549	
1165	183	ok	|	0.22	1.00	1.00	0.24	0.06	0	|	rapi	0.22	0.24	0	|	35.0	0.24(35)	0.24(35)	|	6549	
1165	184	ok	|	0.22	1.00	1.00	0.23	0.06	0	|	rapi	0.22	0.23	0	|	35.0	0.23(35)	0.23(35)	|	6549	
1165	185	ok	|	0.21	1.00	1.00	0.22	0.06	0	|	rapi	0.21	0.22	0	|	35.0	0.22(35)	0.22(35)	|	6549	
1165	186	ok	|	0.21	1.00	1.00	0.23	0.06	0	|	rapi	0.21	0.23	0	|	35.0	0.23(35)	0.23(35)	|	6549	
1165	187	ok	|	0.20	1.00	1.00	0.21	0.05	0	|	rapi	0.20	0.21	0	|	35.0	0.21(35)	0.21(35)	|	6549	
1165	188	ok	|	0.20	1.00	1.00	0.21	0.05	0	|	rapi	0.20	0.21	0	|	35.0	0.21(35)	0.21(35)	|	6549	
1165	189	ok	|	0.18	1.00	1.00	0.19	0.05	0	|	rapi	0.18	0.19	0	|	35.0	0.19(35)	0.19(35)	|	6549	
1165	190	ok	|	0.18	1.00	1.00	0.19	0.05	0	|	rapi	0.18	0.19	0	|	35.0	0.19(35)	0.19(35)	|	6549	
1165	191	ok	|	0.18	1.00	1.00	0.19	0.05	0	|	rapi	0.18	0.19	0	|	35.0	0.19(35)	0.19(35)	|	6549	
1165	192	ok	|	0.16	1.00	1.00	0.17	0.04	0	|	rapi	0.16	0.17	0	|	35.0	0.17(35)	0.17(35)	|	6549	
1165	193	ok	|	0.16	1.00	1.00	0.17	0.04	0	|	rapi	0.16	0.17	0	|	35.0	0.17(35)	0.17(35)	|	6549	
1165	194	ok	|	0.17	1.00	1.00	0.17	0.09	0	|	rapi	0.17	0.17	0	|	35.0	0.17(35)	0.17(35)	|	6549	
1165	195	ok	|	0.16	1.00	1.00	0.17	0.09	0	|	rapi	0.16	0.17	0	|	35.0	0.17(35)	0.17(35)	|	6549	
1165	196	ok	|	0.14	1.00	1.00	0.15	0.08	0	|	rapi	0.14	0.15	0	|	35.0	0.15(35)	0.15(35)	|	6549	
1165	197	ok	|	0.14	1.00	1.00	0.14	0.07	0	|	rapi	0.14	0.14	0	|	35.0	0.14(35)	0.14(35)	|	6549	
1165	198	ok	|	0.15	1.00	1.00	0.15	0.07	0	|	rapi	0.15	0.15	0	|	35.0	0.15(35)	0.15(35)	|	6549	
1165	199	ok	|	0.15	1.00	1.00	0.15	0.07	0	|	rapi	0.15	0.15	0	|	35.0	0.15(35)	0.15(35)	|	6549	
1165	200	ok	|	0.16	1.00	1.00	0.17	0.08	0	|	rapi	0.16	0.17	0	|	35.0	0.17(35)	0.17(35)	|	6549	
1165	201	ok	|	0.17	1.00	1.00	0.18	0.09	0	|	rapi	0.17	0.18	0	|	35.0	0.18(35)	0.18(35)	|	6549	
1165	202	ok	|	0.15	1.00	1.00	0.16	0.08	0	|	rapi	0.15	0.16	0	|	35.0	0.16(35)	0.16(35)	|	6549	
1165	203	ok	|	0.16	1.00	1.00	0.17	0.09	0	|	rapi	0.16	0.17	0	|	35.0	0.17(35)	0.17(35)	|	6549	
1165	204	ok	|	0.16	1.00	1.00	0.17	0.09	0	|	rapi	0.16	0.17	0	|	35.0	0.17(35)	0.17(35)	|	6549	
1165	205	ok	|	0.17	1.00	1.00	0.18	0.09	0	|	rapi	0.17	0.18	0	|	35.0	0.18(35)	0.18(35)	|	6549	
1165	206	ok	|	0.17	1.00	1.00	0.17	0.09	0	|	rapi	0.17	0.17	0	|	35.0	0.17(35)	0.17(35)	|	6549	
1165	207	ok	|	0.15	1.00	1.00	0.15	0.08	0	|	rapi	0.15	0.15	0	|	35.0	0.15(35)	0.15(35)	|	6549	
1165	208	ok	|	0.16	1.00	1.00	0.17	0.08	0	|	rapi	0.16	0.17	0	|	35.0	0.17(35)	0.17(35)	|	6549	
1165	209	ok	|	0.18	1.00	1.00	0.19	0.10	0	|	rapi	0.18	0.19	0	|	35.0	0.19(35)	0.19(35)	|	6549	
1165	210	ok	|	0.20	1.00	1.00	0.20	0.10	0	|	rapi	0.20	0.20	0	|	35.0	0.20(35)	0.20(35)	|	6549	
1165	211	ok	|	0.23	1.00	1.00	0.24	0.12	0	|	rapi	0.23	0.24	0	|	35.0	0.24(35)	0.24(35)	|	6549	
1165	212	ok	|	0.23	1.00	1.00	0.25	0.13	0	|	rapi	0.23	0.25	0	|	35.0	0.25(35)	0.25(35)	|	6549	
1165	213	ok	|	0.23	1.00	1.00	0.24	0.12	0	|	rapi	0.23	0.24	0	|	35.0	0.24(35)	0.24(35)	|	6549	
1165	214	ok	|	0.23	1.00	1.00	0.24	0.12	0	|	rapi	0.23	0.24	0	|	35.0	0.24(35)	0.24(35)	|	6549	
1165	215	ok	|	0.23	1.00	1.00	0.25	0.12	0	|	rapi	0.23	0.25	0	|	35.0	0.25(35)	0.25(35)	|	6549	
1165	216	ok	|	0.23	1.00	1.00	0.24	0.12	0	|	rapi	0.23	0.24	0	|	35.0	0.24(35)	0.24(35)	|	6549	
1165	217	ok	|	0.23	1.00	1.00	0.24	0.12	0	|	rapi	0.23	0.24	0	|	35.0	0.24(35)	0.24(35)	|	6549	
1165	218	ok	|	0.25	1.00	1.00	0.26	0.13	0	|	rapi	0.25	0.26	0	|	35.0	0.26(35)	0.26(35)	|	6549	
1165	219	ok	|	0.24	1.00	1.00	0.26	0.13	0	|	rapi	0.24	0.26	0	|	35.0	0.26(35)	0.26(35)	|	6549	
1165	220	ok	|	0.27	1.00	1.00	0.29	0.14	0	|	rapi	0.27	0.29	0	|	35.0	0.29(35)	0.29(35)	|	6549	
1165	221	ok	|	0.27	1.00	1.00	0.30	0.15	0	|	rapi	0.27	0.30	0	|	35.0	0.30(35)	0.30(35)	|	6549	
1165	222	ok	|	0.27	1.00	1.00	0.30	0.15	0	|	rapi	0.27	0.30	0	|	35.0	0.30(35)	0.30(35)	|	6549	
1165	223	ok	|	0.29	1.00	1.00	0.32	0.16	0	|	rapi	0.29	0.32	0	|	35.0	0.32(35)	0.32(35)	|	6549	
1165	224	ok	|	0.31	1.00	1.00	0.33	0.17	0	|	rapi	0.31	0.33	0	|	35.0	0.33(35)	0.33(35)	|	6549	
1165	225	ok	|	0.32	1.00	1.00	0.35	0.17	0	|	rapi	0.32	0.35	0	|	35.0	0.35(35)	0.35(35)	|	6549	
1165	226	ok	|	0.32	1.00	1.00	0.34	0.17	0	|	rapi	0.32	0.34	0	|	35.0	0.34(35)	0.34(35)	|	6549	
1165	227	ok	|	0.31	1.00	1.00	0.34	0.17	0	|	rapi	0.31	0.34	0	|	35.0	0.34(35)	0.34(35)	|	6549	
1165	228	ok	|	0.31	1.00	1.00	0.35	0.18	0	|	rapi	0.31	0.35	0	|	35.0	0.35(35)	0.35(35)	|	6549	
1165	229	ok	|	0.34	1.00	1.00	0.37	0.19	0	|	rapi	0.34	0.37	0	|	35.0	0.37(35)	0.37(35)	|	6549	
1165	230	ok	|	0.38	1.00	1.00	0.43	0.21	0	|	rapi	0.38	0.43	0	|	35.0	0.43(35)	0.43(35)	|	6549	
1165	231	ok	|	0.38	1.00	1.00	0.43	0.21	0	|	rapi	0.38	0.43	0	|	35.0	0.43(35)	0.43(35)	|	6549	
1165	232	ok	|	0.37	1.00	1.00	0.40	0.20	0	|	rapi	0.37	0.40	0	|	35.0	0.40(35)	0.40(35)	|	6549	
1165	233	ok	|	0.40	1.00	1.00	0.44	0.22	0	|	rapi	0.40	0.44	0	|	35.0	0.44(35)	0.44(35)	|	6549	
1165	234	ok	|	0.41	1.00	1.00	0.46	0.23	0	|	rapi	0.41	0.46	0	|	35.0	0.46(35)	0.46(35)	|	6549	
1165	235	ok	|	0.39	1.00	1.00	0.45	0.23	0	|	rapi	0.39	0.45	0	|	35.0	0.45(35)	0.45(35)	|	6549	
1165	236	ok	|	0.42	1.00	1.00	0.47	0.24	0	|	rapi	0.42	0.47	0	|	35.0	0.47(35)	0.47(35)	|	6549	
1165	237	ok	|	0.41	1.00	1.00	0.48	0.24	0	|	rapi	0.41	0.48	0	|	35.0	0.48(35)	0.48(35)	|	6549	
1165	238	ok	|	0.41	1.00	1.00	0.46	0.23	0	|	rapi	0.41	0.46	0	|	35.0	0.46(35)	0.46(35)	|	6549	
1165	239	ok	|	0.39	1.00	1.00	0.43	0.22	0	|	rapi	0.39	0.43	0	|	35.0	0.43(35)	0.43(35)	|	6549	
1165	240	ok	|	0.38	1.00	1.00	0.43	0.22	0	|	rapi	0.38	0.43	0	|	35.0	0.43(35)	0.43(35)	|	6549	
1165	241	ok	|	0.39	1.00	1.00	0.43	0.22	0	|	rapi	0.39	0.43	0	|	35.0	0.43(35)	0.43(35)	|	6549	
1165	242	ok	|	0.38	1.00	1.00	0.43	0.21	0	|	rapi	0.38	0.43	0	|	35.0	0.43(35)	0.43(35)	|	6549	
1165	243	ok	|	0.39	1.00	1.00	0.43	0.22	0	|	rapi	0.39	0.43	0	|	35.0	0.43(35)	0.43(35)	|	6549	
1165	244	ok	|	0.41	1.00	1.00	0.46	0.23	0	|	rapi	0.41	0.46	0	|	35.0	0.46(35)	0.46(35)	|	6549	
1165	245	ok	|	0.40	1.00	1.00	0.46	0.23	0	|	rapi	0.40	0.46	0	|	35.0	0.46(35)	0.46(35)	|	6549	
1165	246	ok	|	0.39	1.00	1.00	0.43	0.21	0	|	rapi	0.39	0.43	0	|	35.0	0.43(35)	0.43(35)	|	6549	
1165	247	ok	|	0.36	1.00	1.00	0.42	0.21	0	|	rapi	0.36	0.42	0	|	35.0	0.42(35)	0.42(35)	|	6549	
1165	248	ok	|	0.39	1.00	1.00	0.42	0.21	0	|	rapi	0.39	0.42	0	|	35.0	0.42(35)	0.42(35)	|	6549	
1165	249	ok	|	0.35	1.00	1.00	0.39	0.20	0	|	rapi	0.35	0.39	0	|	35.0	0.39(35)	0.39(35)	|	6549	
1165	250	ok	|	0.38	1.00	1.00	0.42	0.21	0	|	rapi	0.38	0.42	0	|	35.0	0.42(35)	0.42(35)	|	6549	
1165	251	ok	|	0.39	1.00	1.00	0.43	0.22	0	|	rapi	0.39	0.43	0	|	35.0	0.43(35)	0.43(35)	|	6549	
1165	252	ok	|	0.38	1.00	1.00	0.43	0.21	0	|	rapi	0.38	0.43	0	|	35.0	0.43(35)	0.43(35)	|	6549	
1165	253	ok	|	0.39	1.00	1.00	0.44	0.22	0	|	rapi	0.39	0.44	0	|	35.0	0.44(35)	0.44(35)	|	6549	
1165	254	ok	|	0.38	1.00	1.00	0.42	0.21	0	|	rapi	0.38	0.42	0	|	35.0	0.42(35)	0.42(35)	|	6549	
1165	255	ok	|	0.34	1.00	1.00	0.38	0.19	0	|	rapi	0.34	0.38	0	|	35.0	0.38(35)	0.38(35)	|	6549	
1165	256	ok	|	0.33	1.00	1.00	0.36	0.18	0	|	rapi	0.33	0.36	0	|	35.0	0.36(35)	0.36(35)	|	6549	
1165	257	ok	|	0.35	1.00	1.00	0.37	0.19	0	|	rapi	0.35	0.37	0	|	35.0	0.37(35)	0.37(35)	|	6549	
1165	258	ok	|	0.32	1.00	1.00	0.35	0.18	0	|	rapi	0.32	0.35	0	|	35.0	0.35(35)	0.35(35)	|	6549	
1165	259	ok	|	0.32	1.00	1.00	0.35	0.17	0	|	rapi	0.32	0.35	0	|	35.0	0.35(35)	0.35(35)	|	6549	
1165	260	ok	|	0.32	1.00	1.00	0.35	0.17	0	|	rapi	0.32	0.35	0	|	35.0	0.35(35)	0.35(35)	|	6549	
1165	261	ok	|	0.31	1.00	1.00	0.34	0.17	0	|	rapi	0.31	0.34	0	|	35.0	0.34(35)	0.34(35)	|	6549	
1165	262	ok	|	0.28	1.00	1.00	0.31	0.16	0	|	rapi	0.28	0.31	0	|	35.0	0.31(35)	0.31(35)	|	6549	
1165	263	ok	|	0.28	1.00	1.00	0.30	0.15	0	|	rapi	0.28	0.30	0	|	35.0	0.30(35)	0.30(35)	|	6549	
1165	264	ok	|	0.28	1.00	1.00	0.31	0.16	0	|	rapi	0.28	0.31	0	|	35.0	0.31(35)	0.31(35)	|	6549	
1165	265	ok	|	0.32	1.00	1.00	0.35	0.18	0	|	rapi	0.32	0.35	0	|	35.0	0.35(35)	0.35(35)	|	6549	
1165	266	ok	|	0.31	1.00	1.00	0.34	0.17	0	|	rapi	0.31	0.34	0	|	35.0	0.34(35)	0.34(35)	|	6549	
1165	267	ok	|	0.31	1.00	1.00	0.34	0.17	0	|	rapi	0.31	0.34	0	|	35.0	0.34(35)	0.34(35)	|	6549	
1165	268	ok	|	0.32	1.00	1.00	0.35	0.17	0	|	rapi	0.32	0.35	0	|	35.0	0.35(35)	0.35(35)	|	6549	
1165	269	ok	|	0.32	1.00	1.00	0.35	0.18	0	|	rapi	0.32	0.35	0	|	35.0	0.35(35)	0.35(35)	|	6549	
1165	270	ok	|	0.32	1.00	1.00	0.35	0.17	0	|	rapi	0.32	0.35	0	|	35.0	0.35(35)	0.35(35)	|	6549	
1165	271	ok	|	0.33	1.00	1.00	0.36	0.18	0	|	rapi	0.33	0.36	0	|	35.0	0.36(35)	0.36(35)	|	6549	
1165	272	ok	|	0.33	1.00	1.00	0.36	0.18	0	|	rapi	0.33	0.36	0	|	35.0	0.36(35)	0.36(35)	|	6549	
1165	273	ok	|	0.34	1.00	1.00	0.36	0.18	0	|	rapi	0.34	0.36	0	|	35.0	0.36(35)	0.36(35)	|	6549	
1165	274	ok	|	0.30	1.00	1.00	0.34	0.17	0	|	rapi	0.30	0.34	0	|	35.0	0.34(35)	0.34(35)	|	6549	
1165	275	ok	|	0.31	1.00	1.00	0.34	0.17	0	|	rapi	0.31	0.34	0	|	35.0	0.34(35)	0.34(35)	|	6549	
1165	276	ok	|	0.31	1.00	1.00	0.34	0.17	0	|	rapi	0.31	0.34	0	|	35.0	0.34(35)	0.34(35)	|	6549	
1165	277	ok	|	0.32	1.00	1.00	0.35	0.17	0	|	rapi	0.32	0.35	0	|	35.0	0.35(35)	0.35(35)	|	6549	
1165	278	ok	|	0.33	1.00	1.00	0.36	0.18	0	|	rapi	0.33	0.36	0	|	35.0	0.36(35)	0.36(35)	|	6549	
1165	279	ok	|	0.37	1.00	1.00	0.40	0.20	0	|	rapi	0.37	0.40	0	|	35.0	0.40(35)	0.40(35)	|	6549	
1165	280	ok	|	0.34	1.00	1.00	0.39	0.19	0	|	rapi	0.34	0.39	0	|	35.0	0.39(35)	0.39(35)	|	6549	
1165	281	ok	|	0.35	1.00	1.00	0.38	0.19	0	|	rapi	0.35	0.38	0	|	35.0	0.38(35)	0.38(35)	|	6549	
1165	282	ok	|	0.32	1.00	1.00	0.35	0.17	0	|	rapi	0.32	0.35	0	|	35.0	0.35(35)	0.35(35)	|	6549	
1165	283	ok	|	0.32	1.00	1.00	0.35	0.18	0	|	rapi	0.32	0.35	0	|	35.0	0.35(35)	0.35(35)	|	6549	
1165	284	ok	|	0.34	1.00	1.00	0.37	0.19	0	|	rapi	0.34	0.37	0	|	35.0	0.37(35)	0.37(35)	|	6549	
1165	285	ok	|	0.34	1.00	1.00	0.38	0.19	0	|	rapi	0.34	0.38	0	|	35.0	0.38(35)	0.38(35)	|	6549	
1165	286	ok	|	0.36	1.00	1.00	0.39	0.19	0	|	rapi	0.36	0.39	0	|	35.0	0.39(35)	0.39(35)	|	6549	
1165	287	ok	|	0.36	1.00	1.00	0.40	0.20	0	|	rapi	0.36	0.40	0	|	35.0	0.40(35)	0.40(35)	|	6549	
1165	288	ok	|	0.35	1.00	1.00	0.39	0.20	0	|	rapi	0.35	0.39	0	|	35.0	0.39(35)	0.39(35)	|	6549	
1165	289	ok	|	0.37	1.00	1.00	0.41	0.21	0	|	rapi	0.37	0.41	0	|	35.0	0.41(35)	0.41(35)	|	6549	
1165	290	ok	|	0.38	1.00	1.00	0.43	0.21	0	|	rapi	0.38	0.43	0	|	35.0	0.43(35)	0.43(35)	|	6549	
1165	291	ok	|	0.38	1.00	1.00	0.43	0.21	0	|	rapi	0.38	0.43	0	|	35.0	0.43(35)	0.43(35)	|	6549	
1165	292	ok	|	0.41	1.00	1.00	0.46	0.23	0	|	rapi	0.41	0.46	0	|	35.0	0.46(35)	0.46(35)	|	6549	
1165	293	ok	|	0.40	1.00	1.00	0.45	0.22	0	|	rapi	0.40	0.45	0	|	35.0	0.45(35)	0.45(35)	|	6549	
1165	294	ok	|	0.38	1.00	1.00	0.41	0.21	0	|	rapi	0.38	0.41	0	|	35.0	0.41(35)	0.41(35)	|	6549	
1165	295	ok	|	0.39	1.00	1.00	0.42	0.21	0	|	rapi	0.39	0.42	0	|	35.0	0.42(35)	0.42(35)	|	6549	
1165	296	ok	|	0.38	1.00	1.00	0.41	0.21	0	|	rapi	0.38	0.41	0	|	35.0	0.41(35)	0.41(35)	|	6549	
1165	297	ok	|	0.37	1.00	1.00	0.42	0.21	0	|	rapi	0.37	0.42	0	|	35.0	0.42(35)	0.42(35)	|	6549	
1165	298	ok	|	0.39	1.00	1.00	0.44	0.22	0	|	rapi	0.39	0.44	0	|	35.0	0.44(35)	0.44(35)	|	6549	
1165	299	ok	|	0.37	1.00	1.00	0.41	0.21	0	|	rapi	0.37	0.41	0	|	35.0	0.41(35)	0.41(35)	|	6549	
1165	300	ok	|	0.39	1.00	1.00	0.43	0.21	0	|	rapi	0.39	0.43	0	|	35.0	0.43(35)	0.43(35)	|	6549	
1165	301	ok	|	0.35	1.00	1.00	0.39	0.19	0	|	rapi	0.35	0.39	0	|	35.0	0.39(35)	0.39(35)	|	6549	
1165	302	ok	|	0.34	1.00	1.00	0.38	0.19	0	|	rapi	0.34	0.38	0	|	35.0	0.38(35)	0.38(35)	|	6549	
1165	303	ok	|	0.34	1.00	1.00	0.37	0.19	0	|	rapi	0.34	0.37	0	|	35.0	0.37(35)	0.37(35)	|	6549	
1165	304	ok	|	0.36	1.00	1.00	0.40	0.20	0	|	rapi	0.36	0.40	0	|	35.0	0.40(35)	0.40(35)	|	6549	
1165	305	ok	|	0.33	1.00	1.00	0.36	0.18	0	|	rapi	0.33	0.36	0	|	35.0	0.36(35)	0.36(35)	|	6549	
1165	306	ok	|	0.34	1.00	1.00	0.36	0.18	0	|	rapi	0.34	0.36	0	|	35.0	0.36(35)	0.36(35)	|	6549	
1165	307	ok	|	0.31	1.00	1.00	0.35	0.17	0	|	rapi	0.31	0.35	0	|	35.0	0.35(35)	0.35(35)	|	6549	
1165	308	ok	|	0.33	1.00	1.00	0.36	0.18	0	|	rapi	0.33	0.36	0	|	35.0	0.36(35)	0.36(35)	|	6549	
1165	309	ok	|	0.30	1.00	1.00	0.32	0.16	0	|	rapi	0.30	0.32	0	|	35.0	0.32(35)	0.32(35)	|	6549	
1165	310	ok	|	0.30	1.00	1.00	0.33	0.16	0	|	rapi	0.30	0.33	0	|	35.0	0.33(35)	0.33(35)	|	6549	
1165	311	ok	|	0.30	1.00	1.00	0.33	0.17	0	|	rapi	0.30	0.33	0	|	35.0	0.33(35)	0.33(35)	|	6549	
1165	312	ok	|	0.28	1.00	1.00	0.31	0.16	0	|	rapi	0.28	0.31	0	|	35.0	0.31(35)	0.31(35)	|	6549	
1165	313	ok	|	0.28	1.00	1.00	0.29	0.15	0	|	rapi	0.28	0.29	0	|	35.0	0.29(35)	0.29(35)	|	6549	
1165	314	ok	|	0.27	1.00	1.00	0.29	0.14	0	|	rapi	0.27	0.29	0	|	35.0	0.29(35)	0.29(35)	|	6549	
1165	315	ok	|	0.25	1.00	1.00	0.27	0.13	0	|	rapi	0.25	0.27	0	|	35.0	0.27(35)	0.27(35)	|	6549	
1165	316	ok	|	0.25	1.00	1.00	0.27	0.14	0	|	rapi	0.25	0.27	0	|	35.0	0.27(35)	0.27(35)	|	6549	
1165	317	ok	|	0.28	1.00	1.00	0.30	0.15	0	|	rapi	0.28	0.30	0	|	35.0	0.30(35)	0.30(35)	|	6549	
1165	318	ok	|	0.28	1.00	1.00	0.30	0.15	0	|	rapi	0.28	0.30	0	|	35.0	0.30(35)	0.30(35)	|	6549	
1165	319	ok	|	0.26	1.00	1.00	0.28	0.14	0	|	rapi	0.26	0.28	0	|	35.0	0.28(35)	0.28(35)	|	6549	
1165	320	ok	|	0.28	1.00	1.00	0.31	0.15	0	|	rapi	0.28	0.31	0	|	35.0	0.31(35)	0.31(35)	|	6549	
1165	321	ok	|	0.29	1.00	1.00	0.31	0.16	0	|	rapi	0.29	0.31	0	|	35.0	0.31(35)	0.31(35)	|	6549	
1165	322	ok	|	0.30	1.00	1.00	0.33	0.17	0	|	rapi	0.30	0.33	0	|	35.0	0.33(35)	0.33(35)	|	6549	
1165	323	ok	|	0.30	1.00	1.00	0.33	0.16	0	|	rapi	0.30	0.33	0	|	35.0	0.33(35)	0.33(35)	|	6549	
1165	324	ok	|	0.30	1.00	1.00	0.33	0.16	0	|	rapi	0.30	0.33	0	|	35.0	0.33(35)	0.33(35)	|	6549	
1165	325	ok	|	0.29	1.00	1.00	0.31	0.15	0	|	rapi	0.29	0.31	0	|	35.0	0.31(35)	0.31(35)	|	6549	
1165	326	ok	|	0.31	1.00	1.00	0.34	0.17	0	|	rapi	0.31	0.34	0	|	35.0	0.34(35)	0.34(35)	|	6549	
1165	327	ok	|	0.29	1.00	1.00	0.31	0.16	0	|	rapi	0.29	0.31	0	|	35.0	0.31(35)	0.31(35)	|	6549	
1165	328	ok	|	0.27	1.00	1.00	0.30	0.15	0	|	rapi	0.27	0.30	0	|	35.0	0.30(35)	0.30(35)	|	6549	
1165	329	ok	|	0.28	1.00	1.00	0.30	0.15	0	|	rapi	0.28	0.30	0	|	35.0	0.30(35)	0.30(35)	|	6549	
1165	330	ok	|	0.29	1.00	1.00	0.32	0.16	0	|	rapi	0.29	0.32	0	|	35.0	0.32(35)	0.32(35)	|	6549	
1165	331	ok	|	0.30	1.00	1.00	0.33	0.16	0	|	rapi	0.30	0.33	0	|	35.0	0.33(35)	0.33(35)	|	6549	
1165	332	ok	|	0.32	1.00	1.00	0.34	0.17	0	|	rapi	0.32	0.34	0	|	35.0	0.34(35)	0.34(35)	|	6549	
1165	333	ok	|	0.31	1.00	1.00	0.35	0.17	0	|	rapi	0.31	0.35	0	|	35.0	0.35(35)	0.35(35)	|	6549	
1165	334	ok	|	0.30	1.00	1.00	0.33	0.16	0	|	rapi	0.30	0.33	0	|	35.0	0.33(35)	0.33(35)	|	6549	
1165	335	ok	|	0.31	1.00	1.00	0.34	0.17	0	|	rapi	0.31	0.34	0	|	35.0	0.34(35)	0.34(35)	|	6549	
1165	336	ok	|	0.31	1.00	1.00	0.34	0.17	0	|	rapi	0.31	0.34	0	|	35.0	0.34(35)	0.34(35)	|	6549	
1165	337	ok	|	0.29	1.00	1.00	0.32	0.16	0	|	rapi	0.29	0.32	0	|	35.0	0.32(35)	0.32(35)	|	6549	
1165	338	ok	|	0.29	1.00	1.00	0.30	0.15	0	|	rapi	0.29	0.30	0	|	35.0	0.30(35)	0.30(35)	|	6549	
1165	339	ok	|	0.27	1.00	1.00	0.29	0.14	0	|	rapi	0.27	0.29	0	|	35.0	0.29(35)	0.29(35)	|	6549	
1165	340	ok	|	0.28	1.00	1.00	0.30	0.15	0	|	rapi	0.28	0.30	0	|	35.0	0.30(35)	0.30(35)	|	6549	
1165	341	ok	|	0.27	1.00	1.00	0.29	0.15	0	|	rapi	0.27	0.29	0	|	35.0	0.29(35)	0.29(35)	|	6549	
1165	342	ok	|	0.27	1.00	1.00	0.29	0.15	0	|	rapi	0.27	0.29	0	|	35.0	0.29(35)	0.29(35)	|	6549	
1165	343	ok	|	0.26	1.00	1.00	0.28	0.14	0	|	rapi	0.26	0.28	0	|	35.0	0.28(35)	0.28(35)	|	6549	
1165	344	ok	|	0.26	1.00	1.00	0.28	0.14	0	|	rapi	0.26	0.28	0	|	35.0	0.28(35)	0.28(35)	|	6549	
1165	345	ok	|	0.25	1.00	1.00	0.27	0.13	0	|	rapi	0.25	0.27	0	|	35.0	0.27(35)	0.27(35)	|	6549	
1165	346	ok	|	0.25	1.00	1.00	0.28	0.14	0	|	rapi	0.25	0.28	0	|	35.0	0.28(35)	0.28(35)	|	6549	
1165	347	ok	|	0.28	1.00	1.00	0.30	0.15	0	|	rapi	0.28	0.30	0	|	35.0	0.30(35)	0.30(35)	|	6549	
1165	348	ok	|	0.28	1.00	1.00	0.31	0.15	0	|	rapi	0.28	0.31	0	|	35.0	0.31(35)	0.31(35)	|	6549	
1165	349	ok	|	0.29	1.00	1.00	0.32	0.16	0	|	rapi	0.29	0.32	0	|	35.0	0.32(35)	0.32(35)	|	6549	
1165	350	ok	|	0.29	1.00	1.00	0.32	0.16	0	|	rapi	0.29	0.32	0	|	35.0	0.32(35)	0.32(35)	|	6549	
1165	351	ok	|	0.30	1.00	1.00	0.32	0.16	0	|	rapi	0.30	0.32	0	|	35.0	0.32(35)	0.32(35)	|	6549	
1165	352	ok	|	0.32	1.00	1.00	0.34	0.17	0	|	rapi	0.32	0.34	0	|	35.0	0.34(35)	0.34(35)	|	6549	
1165	353	ok	|	0.30	1.00	1.00	0.34	0.17	0	|	rapi	0.30	0.34	0	|	35.0	0.34(35)	0.34(35)	|	6549	
1165	354	ok	|	0.30	1.00	1.00	0.32	0.16	0	|	rapi	0.30	0.32	0	|	35.0	0.32(35)	0.32(35)	|	6549	
1165	355	ok	|	0.30	1.00	1.00	0.32	0.16	0	|	rapi	0.30	0.32	0	|	35.0	0.32(35)	0.32(35)	|	6549	
1165	356	ok	|	0.27	1.00	1.00	0.29	0.15	0	|	rapi	0.27	0.29	0	|	35.0	0.29(35)	0.29(35)	|	6549	
1165	357	ok	|	0.26	1.00	1.00	0.28	0.14	0	|	rapi	0.26	0.28	0	|	35.0	0.28(35)	0.28(35)	|	6549	
1165	358	ok	|	0.26	1.00	1.00	0.28	0.14	0	|	rapi	0.26	0.28	0	|	35.0	0.28(35)	0.28(35)	|	6549	
1165	359	ok	|	0.26	1.00	1.00	0.29	0.15	0	|	rapi	0.26	0.29	0	|	35.0	0.29(35)	0.29(35)	|	6549	
1165	360	ok	|	0.28	1.00	1.00	0.30	0.15	0	|	rapi	0.28	0.30	0	|	35.0	0.30(35)	0.30(35)	|	6549	
1165	361	ok	|	0.31	1.00	1.00	0.34	0.17	0	|	rapi	0.31	0.34	0	|	35.0	0.34(35)	0.34(35)	|	6549	
1165	362	ok	|	0.32	1.00	1.00	0.34	0.17	0	|	rapi	0.32	0.34	0	|	35.0	0.34(35)	0.34(35)	|	6549	
1165	363	ok	|	0.32	1.00	1.00	0.35	0.18	0	|	rapi	0.32	0.35	0	|	35.0	0.35(35)	0.35(35)	|	6549	
1165	364	ok	|	0.32	1.00	1.00	0.34	0.17	0	|	rapi	0.32	0.34	0	|	35.0	0.34(35)	0.34(35)	|	6549	
1165	365	ok	|	0.31	1.00	1.00	0.34	0.17	0	|	rapi	0.31	0.34	0	|	35.0	0.34(35)	0.34(35)	|	6549	
1165	366	ok	|	0.31	1.00	1.00	0.33	0.17	0	|	rapi	0.31	0.33	0	|	35.0	0.33(35)	0.33(35)	|	6549	
1165	367	ok	|	0.31	1.00	1.00	0.34	0.17	0	|	rapi	0.31	0.34	0	|	35.0	0.34(35)	0.34(35)	|	6549	
1165	368	ok	|	0.30	1.00	1.00	0.32	0.16	0	|	rapi	0.30	0.32	0	|	35.0	0.32(35)	0.32(35)	|	6549	
1165	369	ok	|	0.30	1.00	1.00	0.33	0.16	0	|	rapi	0.30	0.33	0	|	35.0	0.33(35)	0.33(35)	|	6549	
1165	370	ok	|	0.32	1.00	1.00	0.35	0.17	0	|	rapi	0.32	0.35	0	|	35.0	0.35(35)	0.35(35)	|	6549	
1165	371	ok	|	0.29	1.00	1.00	0.32	0.16	0	|	rapi	0.29	0.32	0	|	35.0	0.32(35)	0.32(35)	|	6549	
1165	372	ok	|	0.28	1.00	1.00	0.30	0.15	0	|	rapi	0.28	0.30	0	|	35.0	0.30(35)	0.30(35)	|	6549	
1165	373	ok	|	0.26	1.00	1.00	0.28	0.14	0	|	rapi	0.26	0.28	0	|	35.0	0.28(35)	0.28(35)	|	6549	
1165	374	ok	|	0.24	1.00	1.00	0.25	0.13	0	|	rapi	0.24	0.25	0	|	35.0	0.25(35)	0.25(35)	|	6549	
1165	375	ok	|	0.26	1.00	1.00	0.27	0.13	0	|	rapi	0.26	0.27	0	|	35.0	0.27(35)	0.27(35)	|	6549	
1165	376	ok	|	0.27	1.00	1.00	0.28	0.14	0	|	rapi	0.27	0.28	0	|	35.0	0.28(35)	0.28(35)	|	6549	
1165	377	ok	|	0.24	1.00	1.00	0.26	0.13	0	|	rapi	0.24	0.26	0	|	35.0	0.26(35)	0.26(35)	|	6549	
1165	378	ok	|	0.23	1.00	1.00	0.25	0.13	0	|	rapi	0.23	0.25	0	|	35.0	0.25(35)	0.25(35)	|	6549	
1165	379	ok	|	0.24	1.00	1.00	0.26	0.13	0	|	rapi	0.24	0.26	0	|	35.0	0.26(35)	0.26(35)	|	6549	
1165	380	ok	|	0.25	1.00	1.00	0.27	0.13	0	|	rapi	0.25	0.27	0	|	35.0	0.27(35)	0.27(35)	|	6549	
1165	381	ok	|	0.25	1.00	1.00	0.26	0.13	0	|	rapi	0.25	0.26	0	|	35.0	0.26(35)	0.26(35)	|	6549	
1165	382	ok	|	0.21	1.00	1.00	0.23	0.11	0	|	rapi	0.21	0.23	0	|	35.0	0.23(35)	0.23(35)	|	6549	
1165	383	ok	|	0.21	1.00	1.00	0.21	0.11	0	|	rapi	0.21	0.21	0	|	35.0	0.21(35)	0.21(35)	|	6549	
1165	384	ok	|	0.21	1.00	1.00	0.23	0.11	0	|	rapi	0.21	0.23	0	|	35.0	0.23(35)	0.23(35)	|	6549	
1165	385	ok	|	0.22	1.00	1.00	0.23	0.11	0	|	rapi	0.22	0.23	0	|	35.0	0.23(35)	0.23(35)	|	6549	
1165	386	ok	|	0.20	1.00	1.00	0.21	0.10	0	|	rapi	0.20	0.21	0	|	35.0	0.21(35)	0.21(35)	|	6549	
1165	387	ok	|	0.20	1.00	1.00	0.21	0.11	0	|	rapi	0.20	0.21	0	|	35.0	0.21(35)	0.21(35)	|	6549	
1165	388	ok	|	0.19	1.00	1.00	0.21	0.10	0	|	rapi	0.19	0.21	0	|	35.0	0.21(35)	0.21(35)	|	6549	
1165	389	ok	|	0.23	1.00	1.00	0.24	0.12	0	|	rapi	0.23	0.24	0	|	35.0	0.24(35)	0.24(35)	|	6549	
1165	390	ok	|	0.24	1.00	1.00	0.26	0.13	0	|	rapi	0.24	0.26	0	|	35.0	0.26(35)	0.26(35)	|	6549	
1165	391	ok	|	0.24	1.00	1.00	0.26	0.13	0	|	rapi	0.24	0.26	0	|	35.0	0.26(35)	0.26(35)	|	6549	
1165	392	ok	|	0.22	1.00	1.00	0.24	0.12	0	|	rapi	0.22	0.24	0	|	35.0	0.24(35)	0.24(35)	|	6549	
1165	393	ok	|	0.21	1.00	1.00	0.23	0.12	0	|	rapi	0.21	0.23	0	|	35.0	0.23(35)	0.23(35)	|	6549	
1165	394	ok	|	0.22	1.00	1.00	0.23	0.12	0	|	rapi	0.22	0.23	0	|	35.0	0.23(35)	0.23(35)	|	6549	
1165	395	ok	|	0.22	1.00	1.00	0.23	0.12	0	|	rapi	0.22	0.23	0	|	35.0	0.23(35)	0.23(35)	|	6549	
1165	396	ok	|	0.20	1.00	1.00	0.21	0.11	0	|	rapi	0.20	0.21	0	|	35.0	0.21(35)	0.21(35)	|	6549	
1165	397	ok	|	0.18	1.00	1.00	0.19	0.10	0	|	rapi	0.18	0.19	0	|	35.0	0.19(35)	0.19(35)	|	6549	
1165	398	ok	|	0.19	1.00	1.00	0.19	0.10	0	|	rapi	0.19	0.19	0	|	35.0	0.19(35)	0.19(35)	|	6549	
1165	399	ok	|	0.19	1.00	1.00	0.20	0.10	0	|	rapi	0.19	0.20	0	|	35.0	0.20(35)	0.20(35)	|	6549	
1165	400	ok	|	0.17	1.00	1.00	0.17	0.09	0	|	rapi	0.17	0.17	0	|	35.0	0.17(35)	0.17(35)	|	6549	
1165	401	ok	|	0.15	1.00	1.00	0.16	0.08	0	|	rapi	0.15	0.16	0	|	35.0	0.16(35)	0.16(35)	|	6549	
1165	402	ok	|	0.15	1.00	1.00	0.15	0.08	0	|	rapi	0.15	0.15	0	|	35.0	0.15(35)	0.15(35)	|	6549	
1165	403	ok	|	0.14	1.00	1.00	0.14	0.07	0	|	rapi	0.14	0.14	0	|	35.0	0.14(35)	0.14(35)	|	6549	
1165	404	ok	|	0.14	1.00	1.00	0.14	0.07	0	|	rapi	0.14	0.14	0	|	35.0	0.14(35)	0.14(35)	|	6549	
1165	405	ok	|	0.13	1.00	1.00	0.14	0.07	0	|	rapi	0.13	0.14	0	|	35.0	0.14(35)	0.14(35)	|	6549	
1165	406	ok	|	0.13	1.00	1.00	0.14	0.07	0	|	rapi	0.13	0.14	0	|	35.0	0.14(35)	0.14(35)	|	6549	
1165	407	ok	|	0.14	1.00	1.00	0.14	0.07	0	|	rapi	0.14	0.14	0	|	35.0	0.14(35)	0.14(35)	|	6549	
1165	408	ok	|	0.12	1.00	1.00	0.13	0.07	0	|	rapi	0.12	0.13	0	|	35.0	0.13(35)	0.13(35)	|	6549	
1165	409	ok	|	0.12	1.00	1.00	0.12	0.06	0	|	rapi	0.12	0.12	0	|	35.0	0.12(35)	0.12(35)	|	6549	
1165	410	ok	|	0.12	1.00	1.00	0.12	0.06	0	|	rapi	0.12	0.12	0	|	35.0	0.12(35)	0.12(35)	|	6549	
1165	411	ok	|	0.12	1.00	1.00	0.12	0.06	0	|	rapi	0.12	0.12	0	|	35.0	0.12(35)	0.12(35)	|	6549	
1165	412	ok	|	0.12	1.00	1.00	0.12	0.06	0	|	rapi	0.12	0.12	0	|	35.0	0.12(35)	0.12(35)	|	6549	
1165	413	ok	|	0.12	1.00	1.00	0.13	0.06	0	|	rapi	0.12	0.13	0	|	35.0	0.13(35)	0.13(35)	|	6549	
1165	414	ok	|	0.14	1.00	1.00	0.15	0.07	0	|	rapi	0.14	0.15	0	|	35.0	0.15(35)	0.15(35)	|	6549	
1165	415	ok	|	0.15	1.00	1.00	0.16	0.08	0	|	rapi	0.15	0.16	0	|	35.0	0.16(35)	0.16(35)	|	6549	
1165	416	ok	|	0.15	1.00	1.00	0.16	0.08	0	|	rapi	0.15	0.16	0	|	35.0	0.16(35)	0.16(35)	|	6549	
1165	417	ok	|	0.13	1.00	1.00	0.13	0.07	0	|	rapi	0.13	0.13	0	|	35.0	0.13(35)	0.13(35)	|	6549	
1165	418	ok	|	0.13	1.00	1.00	0.14	0.07	0	|	rapi	0.13	0.14	0	|	35.0	0.14(35)	0.14(35)	|	6549	
1165	419	ok	|	0.13	1.00	1.00	0.14	0.07	0	|	rapi	0.13	0.14	0	|	35.0	0.14(35)	0.14(35)	|	6549	
1165	420	ok	|	0.13	1.00	1.00	0.14	0.07	0	|	rapi	0.13	0.14	0	|	35.0	0.14(35)	0.14(35)	|	6549	
1165	421	ok	|	0.14	1.00	1.00	0.15	0.07	0	|	rapi	0.14	0.15	0	|	35.0	0.15(35)	0.15(35)	|	6549	
1165	422	ok	|	0.14	1.00	1.00	0.15	0.07	0	|	rapi	0.14	0.15	0	|	35.0	0.15(35)	0.15(35)	|	6549	
1165	423	ok	|	0.14	1.00	1.00	0.15	0.07	0	|	rapi	0.14	0.15	0	|	35.0	0.15(35)	0.15(35)	|	6549	
1165	424	ok	|	0.14	1.00	1.00	0.15	0.07	0	|	rapi	0.14	0.15	0	|	35.0	0.15(35)	0.15(35)	|	6549	
1165	425	ok	|	0.16	1.00	1.00	0.16	0.08	0	|	rapi	0.16	0.16	0	|	35.0	0.16(35)	0.16(35)	|	6549	
1165	426	ok	|	0.16	1.00	1.00	0.17	0.08	0	|	rapi	0.16	0.17	0	|	35.0	0.17(35)	0.17(35)	|	6549	
1165	427	ok	|	0.16	1.00	1.00	0.17	0.08	0	|	rapi	0.16	0.17	0	|	35.0	0.17(35)	0.17(35)	|	6549	
1165	428	ok	|	0.15	1.00	1.00	0.16	0.08	0	|	rapi	0.15	0.16	0	|	35.0	0.16(35)	0.16(35)	|	6549	
1165	429	ok	|	0.15	1.00	1.00	0.16	0.08	0	|	rapi	0.15	0.16	0	|	35.0	0.16(35)	0.16(35)	|	6549	
1165	430	ok	|	0.16	1.00	1.00	0.17	0.08	0	|	rapi	0.16	0.17	0	|	35.0	0.17(35)	0.17(35)	|	6549	
1165	431	ok	|	0.17	1.00	1.00	0.17	0.09	0	|	rapi	0.17	0.17	0	|	35.0	0.17(35)	0.17(35)	|	6549	
1165	432	ok	|	0.17	1.00	1.00	0.18	0.09	0	|	rapi	0.17	0.18	0	|	35.0	0.18(35)	0.18(35)	|	6549	
1165	433	ok	|	0.17	1.00	1.00	0.18	0.09	0	|	rapi	0.17	0.18	0	|	35.0	0.18(35)	0.18(35)	|	6549	
1165	434	ok	|	0.19	1.00	1.00	0.19	0.10	0	|	rapi	0.19	0.19	0	|	35.0	0.19(35)	0.19(35)	|	6549	
1165	435	ok	|	0.21	1.00	1.00	0.22	0.11	0	|	rapi	0.21	0.22	0	|	35.0	0.22(35)	0.22(35)	|	6549	
1165	436	ok	|	0.21	1.00	1.00	0.22	0.11	0	|	rapi	0.21	0.22	0	|	35.0	0.22(35)	0.22(35)	|	6549	
1165	437	ok	|	0.21	1.00	1.00	0.22	0.11	0	|	rapi	0.21	0.22	0	|	35.0	0.22(35)	0.22(35)	|	6549	
1165	438	ok	|	0.24	1.00	1.00	0.25	0.13	0	|	rapi	0.24	0.25	0	|	35.0	0.25(35)	0.25(35)	|	6549	
1165	439	ok	|	0.22	1.00	1.00	0.24	0.12	0	|	rapi	0.22	0.24	0	|	35.0	0.24(35)	0.24(35)	|	6549	
1165	440	ok	|	0.21	1.00	1.00	0.22	0.11	0	|	rapi	0.21	0.22	0	|	35.0	0.22(35)	0.22(35)	|	6549	
1165	441	ok	|	0.21	1.00	1.00	0.22	0.11	0	|	rapi	0.21	0.22	0	|	35.0	0.22(35)	0.22(35)	|	6549	
1165	442	ok	|	0.22	1.00	1.00	0.23	0.12	0	|	rapi	0.22	0.23	0	|	35.0	0.23(35)	0.23(35)	|	6549	
1165	443	ok	|	0.22	1.00	1.00	0.23	0.12	0	|	rapi	0.22	0.23	0	|	35.0	0.23(35)	0.23(35)	|	6549	
1165	444	ok	|	0.23	1.00	1.00	0.24	0.12	0	|	rapi	0.23	0.24	0	|	35.0	0.24(35)	0.24(35)	|	6549	
1165	445	ok	|	0.23	1.00	1.00	0.25	0.12	0	|	rapi	0.23	0.25	0	|	35.0	0.25(35)	0.25(35)	|	6549	
1165	446	ok	|	0.22	1.00	1.00	0.24	0.12	0	|	rapi	0.22	0.24	0	|	35.0	0.24(35)	0.24(35)	|	6549	
1165	447	ok	|	0.21	1.00	1.00	0.24	0.12	0	|	rapi	0.21	0.24	0	|	35.0	0.24(35)	0.24(35)	|	6549	
1165	448	ok	|	0.23	1.00	1.00	0.25	0.13	0	|	rapi	0.23	0.25	0	|	35.0	0.25(35)	0.25(35)	|	6549	
1165	449	ok	|	0.22	1.00	1.00	0.23	0.12	0	|	rapi	0.22	0.23	0	|	35.0	0.23(35)	0.23(35)	|	6549	
1165	450	ok	|	0.24	1.00	1.00	0.25	0.13	0	|	rapi	0.24	0.25	0	|	35.0	0.25(35)	0.25(35)	|	6549	
1165	451	ok	|	0.22	1.00	1.00	0.23	0.11	0	|	rapi	0.22	0.23	0	|	35.0	0.23(35)	0.23(35)	|	6549	
1165	452	ok	|	0.23	1.00	1.00	0.24	0.12	0	|	rapi	0.23	0.24	0	|	35.0	0.24(35)	0.24(35)	|	6549	
1165	453	ok	|	0.22	1.00	1.00	0.23	0.12	0	|	rapi	0.22	0.23	0	|	35.0	0.23(35)	0.23(35)	|	6549	
1165	454	ok	|	0.22	1.00	1.00	0.23	0.12	0	|	rapi	0.22	0.23	0	|	35.0	0.23(35)	0.23(35)	|	6549	
1165	455	ok	|	0.22	1.00	1.00	0.23	0.12	0	|	rapi	0.22	0.23	0	|	35.0	0.23(35)	0.23(35)	|	6549	
1165	456	ok	|	0.23	1.00	1.00	0.25	0.13	0	|	rapi	0.23	0.25	0	|	35.0	0.25(35)	0.25(35)	|	6549	
1165	457	ok	|	0.22	1.00	1.00	0.23	0.11	0	|	rapi	0.22	0.23	0	|	35.0	0.23(35)	0.23(35)	|	6549	
1165	458	ok	|	0.21	1.00	1.00	0.23	0.11	0	|	rapi	0.21	0.23	0	|	35.0	0.23(35)	0.23(35)	|	6549	
1165	459	ok	|	0.22	1.00	1.00	0.23	0.11	0	|	rapi	0.22	0.23	0	|	35.0	0.23(35)	0.23(35)	|	6549	
1165	460	ok	|	0.22	1.00	1.00	0.24	0.12	0	|	rapi	0.22	0.24	0	|	35.0	0.24(35)	0.24(35)	|	6549	
1165	461	ok	|	0.23	1.00	1.00	0.24	0.12	0	|	rapi	0.23	0.24	0	|	35.0	0.24(35)	0.24(35)	|	6549	
1165	462	ok	|	0.22	1.00	1.00	0.23	0.12	0	|	rapi	0.22	0.23	0	|	35.0	0.23(35)	0.23(35)	|	6549	
1165	463	ok	|	0.20	1.00	1.00	0.21	0.11	0	|	rapi	0.20	0.21	0	|	35.0	0.21(35)	0.21(35)	|	6549	
1165	464	ok	|	0.21	1.00	1.00	0.23	0.11	0	|	rapi	0.21	0.23	0	|	35.0	0.23(35)	0.23(35)	|	6549	
1165	465	ok	|	0.21	1.00	1.00	0.22	0.11	0	|	rapi	0.21	0.22	0	|	35.0	0.22(35)	0.22(35)	|	6549	
1165	466	ok	|	0.21	1.00	1.00	0.22	0.11	0	|	rapi	0.21	0.22	0	|	35.0	0.22(35)	0.22(35)	|	6549	
1165	467	ok	|	0.22	1.00	1.00	0.23	0.11	0	|	rapi	0.22	0.23	0	|	35.0	0.23(35)	0.23(35)	|	6549	
1165	468	ok	|	0.20	1.00	1.00	0.21	0.10	0	|	rapi	0.20	0.21	0	|	35.0	0.21(35)	0.21(35)	|	6549	
1165	469	ok	|	0.20	1.00	1.00	0.21	0.10	0	|	rapi	0.20	0.21	0	|	35.0	0.21(35)	0.21(35)	|	6549	
1165	470	ok	|	0.20	1.00	1.00	0.20	0.10	0	|	rapi	0.20	0.20	0	|	35.0	0.20(35)	0.20(35)	|	6549	
1165	471	ok	|	0.19	1.00	1.00	0.20	0.10	0	|	rapi	0.19	0.20	0	|	35.0	0.20(35)	0.20(35)	|	6549	
1165	472	ok	|	0.19	1.00	1.00	0.20	0.10	0	|	rapi	0.19	0.20	0	|	35.0	0.20(35)	0.20(35)	|	6549	
1165	473	ok	|	0.19	1.00	1.00	0.20	0.10	0	|	rapi	0.19	0.20	0	|	35.0	0.20(35)	0.20(35)	|	6549	
1165	474	ok	|	0.17	1.00	1.00	0.17	0.09	0	|	rapi	0.17	0.17	0	|	35.0	0.17(35)	0.17(35)	|	6549	
1165	475	ok	|	0.16	1.00	1.00	0.17	0.08	0	|	rapi	0.16	0.17	0	|	35.0	0.17(35)	0.17(35)	|	6549	
1165	476	ok	|	0.15	1.00	1.00	0.16	0.08	0	|	rapi	0.15	0.16	0	|	35.0	0.16(35)	0.16(35)	|	6549	
1165	477	ok	|	0.16	1.00	1.00	0.17	0.08	0	|	rapi	0.16	0.17	0	|	35.0	0.17(35)	0.17(35)	|	6549	
1165	478	ok	|	0.16	1.00	1.00	0.17	0.08	0	|	rapi	0.16	0.17	0	|	35.0	0.17(35)	0.17(35)	|	6549	
1165	479	ok	|	0.15	1.00	1.00	0.16	0.08	0	|	rapi	0.15	0.16	0	|	35.0	0.16(35)	0.16(35)	|	6549	
1165	480	ok	|	0.14	1.00	1.00	0.15	0.07	0	|	rapi	0.14	0.15	0	|	35.0	0.15(35)	0.15(35)	|	6549	
1165	481	ok	|	0.15	1.00	1.00	0.15	0.08	0	|	rapi	0.15	0.15	0	|	35.0	0.15(35)	0.15(35)	|	6549	
1165	482	ok	|	0.14	1.00	1.00	0.15	0.08	0	|	rapi	0.14	0.15	0	|	35.0	0.15(35)	0.15(35)	|	6549	
1165	483	ok	|	0.14	1.00	1.00	0.14	0.07	0	|	rapi	0.14	0.14	0	|	35.0	0.14(35)	0.14(35)	|	6549	
1165	484	ok	|	0.15	1.00	1.00	0.15	0.08	0	|	rapi	0.15	0.15	0	|	35.0	0.15(35)	0.15(35)	|	6549	
1165	485	ok	|	0.13	1.00	1.00	0.13	0.07	0	|	rapi	0.13	0.13	0	|	35.0	0.13(35)	0.13(35)	|	6549	
1165	486	ok	|	0.12	1.00	1.00	0.13	0.06	0	|	rapi	0.12	0.13	0	|	35.0	0.13(35)	0.13(35)	|	6549	
1165	487	ok	|	0.11	1.00	1.00	0.12	0.06	0	|	rapi	0.11	0.12	0	|	35.0	0.12(35)	0.12(35)	|	6549	
1165	488	ok	|	0.12	1.00	1.00	0.13	0.06	0	|	rapi	0.12	0.13	0	|	35.0	0.13(35)	0.13(35)	|	6549	
1165	489	ok	|	0.12	1.00	1.00	0.13	0.06	0	|	rapi	0.12	0.13	0	|	35.0	0.13(35)	0.13(35)	|	6549	
1165	490	ok	|	0.13	1.00	1.00	0.14	0.07	0	|	rapi	0.13	0.14	0	|	35.0	0.14(35)	0.14(35)	|	6549	
1165	491	ok	|	0.12	1.00	1.00	0.13	0.06	0	|	rapi	0.12	0.13	0	|	35.0	0.13(35)	0.13(35)	|	6549	
1165	492	ok	|	0.12	1.00	1.00	0.12	0.06	0	|	rapi	0.12	0.12	0	|	35.0	0.12(35)	0.12(35)	|	6549	
1165	493	ok	|	0.12	1.00	1.00	0.12	0.06	0	|	rapi	0.12	0.12	0	|	35.0	0.12(35)	0.12(35)	|	6549	
1165	494	ok	|	0.12	1.00	1.00	0.12	0.06	0	|	rapi	0.12	0.12	0	|	35.0	0.12(35)	0.12(35)	|	6549	
1165	495	ok	|	0.13	1.00	1.00	0.13	0.07	0	|	rapi	0.13	0.13	0	|	35.0	0.13(35)	0.13(35)	|	6549	
1165	496	ok	|	0.12	1.00	1.00	0.13	0.06	0	|	rapi	0.12	0.13	0	|	35.0	0.13(35)	0.13(35)	|	6549	
1165	497	ok	|	0.12	1.00	1.00	0.12	0.06	0	|	rapi	0.12	0.12	0	|	35.0	0.12(35)	0.12(35)	|	6549	
1165	498	ok	|	0.12	1.00	1.00	0.12	0.06	0	|	rapi	0.12	0.12	0	|	35.0	0.12(35)	0.12(35)	|	6549	
1165	499	ok	|	0.12	1.00	1.00	0.12	0.06	0	|	rapi	0.12	0.12	0	|	35.0	0.12(35)	0.12(35)	|	6549	
1165	500	ok	|	0.12	1.00	1.00	0.12	0.06	0	|	rapi	0.12	0.12	0	|	35.0	0.12(35)	0.12(35)	|	6549	
1165	501	ok	|	0.11	1.00	1.00	0.12	0.06	0	|	rapi	0.11	0.12	0	|	35.0	0.12(35)	0.12(35)	|	6549	
1165	502	ok	|	0.12	1.00	1.00	0.12	0.06	0	|	rapi	0.12	0.12	0	|	35.0	0.12(35)	0.12(35)	|	6549	
1165	503	ok	|	0.11	1.00	1.00	0.11	0.06	0	|	rapi	0.11	0.11	0	|	35.0	0.11(35)	0.11(35)	|	6549	
1165	504	ok	|	0.11	1.00	1.00	0.12	0.06	0	|	rapi	0.11	0.12	0	|	35.0	0.12(35)	0.12(35)	|	6549	
1165	505	ok	|	0.12	1.00	1.00	0.12	0.06	0	|	rapi	0.12	0.12	0	|	35.0	0.12(35)	0.12(35)	|	6549	
1165	506	ok	|	0.12	1.00	1.00	0.12	0.06	0	|	rapi	0.12	0.12	0	|	35.0	0.12(35)	0.12(35)	|	6549	
1165	507	ok	|	0.11	1.00	1.00	0.11	0.06	0	|	rapi	0.11	0.11	0	|	35.0	0.11(35)	0.11(35)	|	6549	
1165	508	ok	|	0.12	1.00	1.00	0.12	0.06	0	|	rapi	0.12	0.12	0	|	35.0	0.12(35)	0.12(35)	|	6549	
1165	509	ok	|	0.14	1.00	1.00	0.14	0.07	0	|	rapi	0.14	0.14	0	|	35.0	0.14(35)	0.14(35)	|	6549	
1165	510	ok	|	0.14	1.00	1.00	0.15	0.08	0	|	rapi	0.14	0.15	0	|	35.0	0.15(35)	0.15(35)	|	6549	
1165	511	ok	|	0.14	1.00	1.00	0.15	0.07	0	|	rapi	0.14	0.15	0	|	35.0	0.15(35)	0.15(35)	|	6549	
1165	512	ok	|	0.16	1.00	1.00	0.16	0.08	0	|	rapi	0.16	0.16	0	|	35.0	0.16(35)	0.16(35)	|	6549	
1165	513	ok	|	0.17	1.00	1.00	0.18	0.09	0	|	rapi	0.17	0.18	0	|	35.0	0.18(35)	0.18(35)	|	6549	
1165	514	ok	|	0.18	1.00	1.00	0.18	0.09	0	|	rapi	0.18	0.18	0	|	35.0	0.18(35)	0.18(35)	|	6549	
1165	515	ok	|	0.16	1.00	1.00	0.17	0.09	0	|	rapi	0.16	0.17	0	|	35.0	0.17(35)	0.17(35)	|	6549	
1165	516	ok	|	0.19	1.00	1.00	0.19	0.10	0	|	rapi	0.19	0.19	0	|	35.0	0.19(35)	0.19(35)	|	6549	
1165	517	ok	|	0.17	1.00	1.00	0.19	0.09	0	|	rapi	0.17	0.19	0	|	35.0	0.19(35)	0.19(35)	|	6549	
1165	518	ok	|	0.18	1.00	1.00	0.19	0.10	0	|	rapi	0.18	0.19	0	|	35.0	0.19(35)	0.19(35)	|	6549	
1165	519	ok	|	0.16	1.00	1.00	0.17	0.08	0	|	rapi	0.16	0.17	0	|	35.0	0.17(35)	0.17(35)	|	6549	
1165	520	ok	|	0.17	1.00	1.00	0.18	0.09	0	|	rapi	0.17	0.18	0	|	35.0	0.18(35)	0.18(35)	|	6549	
1165	521	ok	|	0.18	1.00	1.00	0.19	0.09	0	|	rapi	0.18	0.19	0	|	35.0	0.19(35)	0.19(35)	|	6549	
1165	522	ok	|	0.18	1.00	1.00	0.19	0.09	0	|	rapi	0.18	0.19	0	|	35.0	0.19(35)	0.19(35)	|	6549	
1165	523	ok	|	0.17	1.00	1.00	0.18	0.09	0	|	rapi	0.17	0.18	0	|	35.0	0.18(35)	0.18(35)	|	6549	
1165	524	ok	|	0.17	1.00	1.00	0.18	0.09	0	|	rapi	0.17	0.18	0	|	35.0	0.18(35)	0.18(35)	|	6549	
1165	525	ok	|	0.17	1.00	1.00	0.18	0.09	0	|	rapi	0.17	0.18	0	|	35.0	0.18(35)	0.18(35)	|	6549	
1165	526	ok	|	0.17	1.00	1.00	0.18	0.09	0	|	rapi	0.17	0.18	0	|	35.0	0.18(35)	0.18(35)	|	6549	
1165	527	ok	|	0.18	1.00	1.00	0.19	0.10	0	|	rapi	0.18	0.19	0	|	35.0	0.19(35)	0.19(35)	|	6549	
1165	528	ok	|	0.17	1.00	1.00	0.19	0.09	0	|	rapi	0.17	0.19	0	|	35.0	0.19(35)	0.19(35)	|	6549	
1165	529	ok	|	0.18	1.00	1.00	0.19	0.10	0	|	rapi	0.18	0.19	0	|	35.0	0.19(35)	0.19(35)	|	6549	
1165	530	ok	|	0.17	1.00	1.00	0.18	0.09	0	|	rapi	0.17	0.18	0	|	35.0	0.18(35)	0.18(35)	|	6549	
1165	531	ok	|	0.17	1.00	1.00	0.18	0.09	0	|	rapi	0.17	0.18	0	|	35.0	0.18(35)	0.18(35)	|	6549	
1165	532	ok	|	0.16	1.00	1.00	0.18	0.09	0	|	rapi	0.16	0.18	0	|	35.0	0.18(35)	0.18(35)	|	6549	
1165	533	ok	|	0.17	1.00	1.00	0.17	0.09	0	|	rapi	0.17	0.17	0	|	35.0	0.17(35)	0.17(35)	|	6549	
1165	534	ok	|	0.14	1.00	1.00	0.15	0.08	0	|	rapi	0.14	0.15	0	|	35.0	0.15(35)	0.15(35)	|	6549	
1165	535	ok	|	0.16	1.00	1.00	0.16	0.08	0	|	rapi	0.16	0.16	0	|	35.0	0.16(35)	0.16(35)	|	6549	
1165	536	ok	|	0.16	1.00	1.00	0.17	0.08	0	|	rapi	0.16	0.17	0	|	35.0	0.17(35)	0.17(35)	|	6549	
1165	537	ok	|	0.15	1.00	1.00	0.16	0.08	0	|	rapi	0.15	0.16	0	|	35.0	0.16(35)	0.16(35)	|	6549	
1165	538	ok	|	0.16	1.00	1.00	0.16	0.08	0	|	rapi	0.16	0.16	0	|	35.0	0.16(35)	0.16(35)	|	6549	
1165	539	ok	|	0.15	1.00	1.00	0.15	0.08	0	|	rapi	0.15	0.15	0	|	35.0	0.15(35)	0.15(35)	|	6549	
1165	540	ok	|	0.15	1.00	1.00	0.15	0.07	0	|	rapi	0.15	0.15	0	|	35.0	0.15(35)	0.15(35)	|	6549	
1165	541	ok	|	0.13	1.00	1.00	0.14	0.07	0	|	rapi	0.13	0.14	0	|	35.0	0.14(35)	0.14(35)	|	6549	
1165	542	ok	|	0.13	1.00	1.00	0.14	0.07	0	|	rapi	0.13	0.14	0	|	35.0	0.14(35)	0.14(35)	|	6549	
1165	543	ok	|	0.14	1.00	1.00	0.15	0.07	0	|	rapi	0.14	0.15	0	|	35.0	0.15(35)	0.15(35)	|	6549	
1165	544	ok	|	0.17	1.00	1.00	0.17	0.09	0	|	rapi	0.17	0.17	0	|	35.0	0.17(35)	0.17(35)	|	6549	
1165	545	ok	|	0.17	1.00	1.00	0.18	0.09	0	|	rapi	0.17	0.18	0	|	35.0	0.18(35)	0.18(35)	|	6549	
1165	546	ok	|	0.19	1.00	1.00	0.20	0.10	0	|	rapi	0.19	0.20	0	|	35.0	0.20(35)	0.20(35)	|	6549	
1165	547	ok	|	0.20	1.00	1.00	0.21	0.10	0	|	rapi	0.20	0.21	0	|	35.0	0.21(35)	0.21(35)	|	6549	
1165	548	ok	|	0.18	1.00	1.00	0.19	0.10	0	|	rapi	0.18	0.19	0	|	35.0	0.19(35)	0.19(35)	|	6549	
1165	549	ok	|	0.18	1.00	1.00	0.19	0.10	0	|	rapi	0.18	0.19	0	|	35.0	0.19(35)	0.19(35)	|	6549	
1165	550	ok	|	0.17	1.00	1.00	0.18	0.09	0	|	rapi	0.17	0.18	0	|	35.0	0.18(35)	0.18(35)	|	6549	
1165	551	ok	|	0.17	1.00	1.00	0.17	0.09	0	|	rapi	0.17	0.17	0	|	35.0	0.17(35)	0.17(35)	|	6549	
1165	552	ok	|	0.16	1.00	1.00	0.17	0.09	0	|	rapi	0.16	0.17	0	|	35.0	0.17(35)	0.17(35)	|	6549	
1165	553	ok	|	0.16	1.00	1.00	0.16	0.08	0	|	rapi	0.16	0.16	0	|	35.0	0.16(35)	0.16(35)	|	6549	
1165	554	ok	|	0.17	1.00	1.00	0.17	0.09	0	|	rapi	0.17	0.17	0	|	35.0	0.17(35)	0.17(35)	|	6549	
1165	555	ok	|	0.16	1.00	1.00	0.16	0.08	0	|	rapi	0.16	0.16	0	|	35.0	0.16(35)	0.16(35)	|	6549	
1165	556	ok	|	0.16	1.00	1.00	0.17	0.09	0	|	rapi	0.16	0.17	0	|	35.0	0.17(35)	0.17(35)	|	6549	
1165	557	ok	|	0.16	1.00	1.00	0.17	0.09	0	|	rapi	0.16	0.17	0	|	35.0	0.17(35)	0.17(35)	|	6549	
1165	558	ok	|	0.17	1.00	1.00	0.17	0.08	0	|	rapi	0.17	0.17	0	|	35.0	0.17(35)	0.17(35)	|	6549	
1165	559	ok	|	0.16	1.00	1.00	0.17	0.09	0	|	rapi	0.16	0.17	0	|	35.0	0.17(35)	0.17(35)	|	6549	
1165	560	ok	|	0.15	1.00	1.00	0.16	0.08	0	|	rapi	0.15	0.16	0	|	35.0	0.16(35)	0.16(35)	|	6549	
1165	561	ok	|	0.15	1.00	1.00	0.16	0.08	0	|	rapi	0.15	0.16	0	|	35.0	0.16(35)	0.16(35)	|	6549	
1165	562	ok	|	0.15	1.00	1.00	0.16	0.08	0	|	rapi	0.15	0.16	0	|	35.0	0.16(35)	0.16(35)	|	6549	
1165	563	ok	|	0.17	1.00	1.00	0.18	0.09	0	|	rapi	0.17	0.18	0	|	35.0	0.18(35)	0.18(35)	|	6549	
1165	564	ok	|	0.16	1.00	1.00	0.17	0.08	0	|	rapi	0.16	0.17	0	|	35.0	0.17(35)	0.17(35)	|	6549	
1165	565	ok	|	0.15	1.00	1.00	0.16	0.08	0	|	rapi	0.15	0.16	0	|	35.0	0.16(35)	0.16(35)	|	6549	
1165	566	ok	|	0.15	1.00	1.00	0.15	0.08	0	|	rapi	0.15	0.15	0	|	35.0	0.15(35)	0.15(35)	|	6549	
1165	567	ok	|	0.15	1.00	1.00	0.15	0.08	0	|	rapi	0.15	0.15	0	|	35.0	0.15(35)	0.15(35)	|	6549	
1165	568	ok	|	0.16	1.00	1.00	0.17	0.08	0	|	rapi	0.16	0.17	0	|	35.0	0.17(35)	0.17(35)	|	6549	
1165	569	ok	|	0.19	1.00	1.00	0.20	0.10	0	|	rapi	0.19	0.20	0	|	35.0	0.20(35)	0.20(35)	|	6549	
1165	570	ok	|	0.20	1.00	1.00	0.21	0.10	0	|	rapi	0.20	0.21	0	|	35.0	0.21(35)	0.21(35)	|	6549	
1165	571	ok	|	0.20	1.00	1.00	0.20	0.10	0	|	rapi	0.20	0.20	0	|	35.0	0.20(35)	0.20(35)	|	6549	
1165	572	ok	|	0.18	1.00	1.00	0.19	0.09	0	|	rapi	0.18	0.19	0	|	35.0	0.19(35)	0.19(35)	|	6549	
1165	573	ok	|	0.19	1.00	1.00	0.20	0.10	0	|	rapi	0.19	0.20	0	|	35.0	0.20(35)	0.20(35)	|	6549	
1165	574	ok	|	0.17	1.00	1.00	0.19	0.09	0	|	rapi	0.17	0.19	0	|	35.0	0.19(35)	0.19(35)	|	6549	
1165	575	ok	|	0.18	1.00	1.00	0.19	0.09	0	|	rapi	0.18	0.19	0	|	35.0	0.19(35)	0.19(35)	|	6549	
1165	576	ok	|	0.19	1.00	1.00	0.20	0.10	0	|	rapi	0.19	0.20	0	|	35.0	0.20(35)	0.20(35)	|	6549	
1165	577	ok	|	0.21	1.00	1.00	0.22	0.11	0	|	rapi	0.21	0.22	0	|	35.0	0.22(35)	0.22(35)	|	6549	
1165	578	ok	|	0.20	1.00	1.00	0.21	0.10	0	|	rapi	0.20	0.21	0	|	35.0	0.21(35)	0.21(35)	|	6549	
1165	579	ok	|	0.20	1.00	1.00	0.21	0.10	0	|	rapi	0.20	0.21	0	|	35.0	0.21(35)	0.21(35)	|	6549	
1165	580	ok	|	0.22	1.00	1.00	0.23	0.11	0	|	rapi	0.22	0.23	0	|	35.0	0.23(35)	0.23(35)	|	6549	
1165	581	ok	|	0.20	1.00	1.00	0.21	0.10	0	|	rapi	0.20	0.21	0	|	35.0	0.21(35)	0.21(35)	|	6549	
1165	582	ok	|	0.20	1.00	1.00	0.21	0.11	0	|	rapi	0.20	0.21	0	|	35.0	0.21(35)	0.21(35)	|	6549	
1165	583	ok	|	0.20	1.00	1.00	0.21	0.11	0	|	rapi	0.20	0.21	0	|	35.0	0.21(35)	0.21(35)	|	6549	
1165	584	ok	|	0.19	1.00	1.00	0.20	0.10	0	|	rapi	0.19	0.20	0	|	35.0	0.20(35)	0.20(35)	|	6549	
1165	585	ok	|	0.20	1.00	1.00	0.20	0.10	0	|	rapi	0.20	0.20	0	|	35.0	0.20(35)	0.20(35)	|	6549	
1165	586	ok	|	0.22	1.00	1.00	0.23	0.11	0	|	rapi	0.22	0.23	0	|	35.0	0.23(35)	0.23(35)	|	6549	
1165	587	ok	|	0.22	1.00	1.00	0.24	0.12	0	|	rapi	0.22	0.24	0	|	35.0	0.24(35)	0.24(35)	|	6549	
1165	588	ok	|	0.23	1.00	1.00	0.24	0.12	0	|	rapi	0.23	0.24	0	|	35.0	0.24(35)	0.24(35)	|	6549	
1165	589	ok	|	0.22	1.00	1.00	0.23	0.12	0	|	rapi	0.22	0.23	0	|	35.0	0.23(35)	0.23(35)	|	6549	
1165	590	ok	|	0.21	1.00	1.00	0.22	0.11	0	|	rapi	0.21	0.22	0	|	35.0	0.22(35)	0.22(35)	|	6549	
1165	591	ok	|	0.21	1.00	1.00	0.22	0.11	0	|	rapi	0.21	0.22	0	|	35.0	0.22(35)	0.22(35)	|	6549	
1165	592	ok	|	0.21	1.00	1.00	0.23	0.12	0	|	rapi	0.21	0.23	0	|	35.0	0.23(35)	0.23(35)	|	6549	
1165	593	ok	|	0.23	1.00	1.00	0.24	0.12	0	|	rapi	0.23	0.24	0	|	35.0	0.24(35)	0.24(35)	|	6549	
1165	594	ok	|	0.23	1.00	1.00	0.24	0.12	0	|	rapi	0.23	0.24	0	|	35.0	0.24(35)	0.24(35)	|	6549	
1165	595	ok	|	0.24	1.00	1.00	0.25	0.13	0	|	rapi	0.24	0.25	0	|	35.0	0.25(35)	0.25(35)	|	6549	
1165	596	ok	|	0.23	1.00	1.00	0.24	0.12	0	|	rapi	0.23	0.24	0	|	35.0	0.24(35)	0.24(35)	|	6549	
1165	597	ok	|	0.21	1.00	1.00	0.22	0.11	0	|	rapi	0.21	0.22	0	|	35.0	0.22(35)	0.22(35)	|	6549	
1165	598	ok	|	0.20	1.00	1.00	0.21	0.10	0	|	rapi	0.20	0.21	0	|	35.0	0.21(35)	0.21(35)	|	6549	
1165	599	ok	|	0.19	1.00	1.00	0.21	0.10	0	|	rapi	0.19	0.21	0	|	35.0	0.21(35)	0.21(35)	|	6549	
1165	600	ok	|	0.18	1.00	1.00	0.18	0.09	0	|	rapi	0.18	0.18	0	|	35.0	0.18(35)	0.18(35)	|	6549	
1165	601	ok	|	0.18	1.00	1.00	0.19	0.10	0	|	rapi	0.18	0.19	0	|	35.0	0.19(35)	0.19(35)	|	6549	
1165	602	ok	|	0.18	1.00	1.00	0.20	0.10	0	|	rapi	0.18	0.20	0	|	35.0	0.20(35)	0.20(35)	|	6549	
1165	603	ok	|	0.19	1.00	1.00	0.20	0.10	0	|	rapi	0.19	0.20	0	|	35.0	0.20(35)	0.20(35)	|	6549	
1165	604	ok	|	0.19	1.00	1.00	0.19	0.10	0	|	rapi	0.19	0.19	0	|	35.0	0.19(35)	0.19(35)	|	6549	
1165	605	ok	|	0.18	1.00	1.00	0.19	0.10	0	|	rapi	0.18	0.19	0	|	35.0	0.19(35)	0.19(35)	|	6549	
1165	606	ok	|	0.18	1.00	1.00	0.19	0.10	0	|	rapi	0.18	0.19	0	|	35.0	0.19(35)	0.19(35)	|	6549	
1165	607	ok	|	0.20	1.00	1.00	0.21	0.11	0	|	rapi	0.20	0.21	0	|	35.0	0.21(35)	0.21(35)	|	6549	
1165	608	ok	|	0.20	1.00	1.00	0.21	0.11	0	|	rapi	0.20	0.21	0	|	35.0	0.21(35)	0.21(35)	|	6549	
1165	609	ok	|	0.21	1.00	1.00	0.22	0.11	0	|	rapi	0.21	0.22	0	|	35.0	0.22(35)	0.22(35)	|	6549	
1165	610	ok	|	0.22	1.00	1.00	0.24	0.12	0	|	rapi	0.22	0.24	0	|	35.0	0.24(35)	0.24(35)	|	6549	
1165	611	ok	|	0.23	1.00	1.00	0.24	0.12	0	|	rapi	0.23	0.24	0	|	35.0	0.24(35)	0.24(35)	|	6549	
1165	612	ok	|	0.22	1.00	1.00	0.23	0.12	0	|	rapi	0.22	0.23	0	|	35.0	0.23(35)	0.23(35)	|	6549	
1165	613	ok	|	0.20	1.00	1.00	0.21	0.10	0	|	rapi	0.20	0.21	0	|	35.0	0.21(35)	0.21(35)	|	6549	
1165	614	ok	|	0.20	1.00	1.00	0.21	0.10	0	|	rapi	0.20	0.21	0	|	35.0	0.21(35)	0.21(35)	|	6549	
1165	615	ok	|	0.20	1.00	1.00	0.21	0.11	0	|	rapi	0.20	0.21	0	|	35.0	0.21(35)	0.21(35)	|	6549	
1165	616	ok	|	0.20	1.00	1.00	0.21	0.10	0	|	rapi	0.20	0.21	0	|	35.0	0.21(35)	0.21(35)	|	6549	
1165	617	ok	|	0.18	1.00	1.00	0.19	0.09	0	|	rapi	0.18	0.19	0	|	35.0	0.19(35)	0.19(35)	|	6549	
1165	618	ok	|	0.17	1.00	1.00	0.18	0.09	0	|	rapi	0.17	0.18	0	|	35.0	0.18(35)	0.18(35)	|	6549	
1165	619	ok	|	0.19	1.00	1.00	0.20	0.10	0	|	rapi	0.19	0.20	0	|	35.0	0.20(35)	0.20(35)	|	6549	
1165	620	ok	|	0.18	1.00	1.00	0.19	0.09	0	|	rapi	0.18	0.19	0	|	35.0	0.19(35)	0.19(35)	|	6549	
1165	621	ok	|	0.18	1.00	1.00	0.20	0.10	0	|	rapi	0.18	0.20	0	|	35.0	0.20(35)	0.20(35)	|	6549	
1165	622	ok	|	0.18	1.00	1.00	0.19	0.09	0	|	rapi	0.18	0.19	0	|	35.0	0.19(35)	0.19(35)	|	6549	
1165	623	ok	|	0.22	1.00	1.00	0.24	0.12	0	|	rapi	0.22	0.24	0	|	35.0	0.24(35)	0.24(35)	|	6549	
1165	624	ok	|	0.23	1.00	1.00	0.24	0.12	0	|	rapi	0.23	0.24	0	|	35.0	0.24(35)	0.24(35)	|	6549	
1165	625	ok	|	0.24	1.00	1.00	0.25	0.13	0	|	rapi	0.24	0.25	0	|	35.0	0.25(35)	0.25(35)	|	6549	
1165	626	ok	|	0.23	1.00	1.00	0.24	0.12	0	|	rapi	0.23	0.24	0	|	35.0	0.24(35)	0.24(35)	|	6549	
1165	627	ok	|	0.20	1.00	1.00	0.22	0.11	0	|	rapi	0.20	0.22	0	|	35.0	0.22(35)	0.22(35)	|	6549	
1165	628	ok	|	0.23	1.00	1.00	0.24	0.12	0	|	rapi	0.23	0.24	0	|	35.0	0.24(35)	0.24(35)	|	6549	
1165	629	ok	|	0.23	1.00	1.00	0.24	0.12	0	|	rapi	0.23	0.24	0	|	35.0	0.24(35)	0.24(35)	|	6549	
1165	630	ok	|	0.23	1.00	1.00	0.24	0.12	0	|	rapi	0.23	0.24	0	|	35.0	0.24(35)	0.24(35)	|	6549	
1165	631	ok	|	0.23	1.00	1.00	0.24	0.12	0	|	rapi	0.23	0.24	0	|	35.0	0.24(35)	0.24(35)	|	6549	
1165	632	ok	|	0.22	1.00	1.00	0.24	0.12	0	|	rapi	0.22	0.24	0	|	35.0	0.24(35)	0.24(35)	|	6549	
1165	633	ok	|	0.22	1.00	1.00	0.24	0.12	0	|	rapi	0.22	0.24	0	|	35.0	0.24(35)	0.24(35)	|	6549	
1165	634	ok	|	0.23	1.00	1.00	0.24	0.12	0	|	rapi	0.23	0.24	0	|	35.0	0.24(35)	0.24(35)	|	6549	
1165	635	ok	|	0.22	1.00	1.00	0.24	0.12	0	|	rapi	0.22	0.24	0	|	35.0	0.24(35)	0.24(35)	|	6549	
1165	636	ok	|	0.22	1.00	1.00	0.23	0.12	0	|	rapi	0.22	0.23	0	|	35.0	0.23(35)	0.23(35)	|	6549	
1165	637	ok	|	0.21	1.00	1.00	0.22	0.11	0	|	rapi	0.21	0.22	0	|	35.0	0.22(35)	0.22(35)	|	6549	
1165	638	ok	|	0.21	1.00	1.00	0.22	0.11	0	|	rapi	0.21	0.22	0	|	35.0	0.22(35)	0.22(35)	|	6549	
1165	639	ok	|	0.21	1.00	1.00	0.22	0.11	0	|	rapi	0.21	0.22	0	|	35.0	0.22(35)	0.22(35)	|	6549	
1165	640	ok	|	0.20	1.00	1.00	0.21	0.11	0	|	rapi	0.20	0.21	0	|	35.0	0.21(35)	0.21(35)	|	6549	
1165	641	ok	|	0.19	1.00	1.00	0.20	0.10	0	|	rapi	0.19	0.20	0	|	35.0	0.20(35)	0.20(35)	|	6549	
1165	642	ok	|	0.21	1.00	1.00	0.22	0.11	0	|	rapi	0.21	0.22	0	|	35.0	0.22(35)	0.22(35)	|	6549	
1165	643	ok	|	0.21	1.00	1.00	0.22	0.11	0	|	rapi	0.21	0.22	0	|	35.0	0.22(35)	0.22(35)	|	6549	
1165	644	ok	|	0.23	1.00	1.00	0.24	0.12	0	|	rapi	0.23	0.24	0	|	35.0	0.24(35)	0.24(35)	|	6549	
1165	645	ok	|	0.24	1.00	1.00	0.25	0.13	0	|	rapi	0.24	0.25	0	|	35.0	0.25(35)	0.25(35)	|	6549	
1165	646	ok	|	0.24	1.00	1.00	0.26	0.13	0	|	rapi	0.24	0.26	0	|	35.0	0.26(35)	0.26(35)	|	6549	
1165	647	ok	|	0.23	1.00	1.00	0.25	0.12	0	|	rapi	0.23	0.25	0	|	35.0	0.25(35)	0.25(35)	|	6549	
1165	648	ok	|	0.22	1.00	1.00	0.23	0.12	0	|	rapi	0.22	0.23	0	|	35.0	0.23(35)	0.23(35)	|	6549	
1165	649	ok	|	0.22	1.00	1.00	0.23	0.11	0	|	rapi	0.22	0.23	0	|	35.0	0.23(35)	0.23(35)	|	6549	
1165	650	ok	|	0.20	1.00	1.00	0.21	0.11	0	|	rapi	0.20	0.21	0	|	35.0	0.21(35)	0.21(35)	|	6549	
1165	651	ok	|	0.20	1.00	1.00	0.21	0.11	0	|	rapi	0.20	0.21	0	|	35.0	0.21(35)	0.21(35)	|	6549	
1165	652	ok	|	0.18	1.00	1.00	0.19	0.10	0	|	rapi	0.18	0.19	0	|	35.0	0.19(35)	0.19(35)	|	6549	
1165	653	ok	|	0.17	1.00	1.00	0.18	0.09	0	|	rapi	0.17	0.18	0	|	35.0	0.18(35)	0.18(35)	|	6549	
1165	654	ok	|	0.16	1.00	1.00	0.17	0.09	0	|	rapi	0.16	0.17	0	|	35.0	0.17(35)	0.17(35)	|	6549	
1165	655	ok	|	0.17	1.00	1.00	0.18	0.09	0	|	rapi	0.17	0.18	0	|	35.0	0.18(35)	0.18(35)	|	6549	
1165	656	ok	|	0.15	1.00	1.00	0.16	0.08	0	|	rapi	0.15	0.16	0	|	35.0	0.16(35)	0.16(35)	|	6549	
1165	657	ok	|	0.14	1.00	1.00	0.14	0.07	0	|	rapi	0.14	0.14	0	|	35.0	0.14(35)	0.14(35)	|	6549	
1165	658	ok	|	0.13	1.00	1.00	0.13	0.07	0	|	rapi	0.13	0.13	0	|	35.0	0.13(35)	0.13(35)	|	6549	
1165	659	ok	|	0.12	1.00	1.00	0.12	0.06	0	|	rapi	0.12	0.12	0	|	35.0	0.12(35)	0.12(35)	|	6549	
1165	660	ok	|	0.12	1.00	1.00	0.12	0.06	0	|	rapi	0.12	0.12	0	|	35.0	0.12(35)	0.12(35)	|	6549	
1165	661	ok	|	0.13	1.00	1.00	0.13	0.07	0	|	rapi	0.13	0.13	0	|	35.0	0.13(35)	0.13(35)	|	6549	
1165	662	ok	|	0.13	1.00	1.00	0.14	0.07	0	|	rapi	0.13	0.14	0	|	35.0	0.14(35)	0.14(35)	|	6549	
1165	663	ok	|	0.11	1.00	1.00	0.12	0.06	0	|	rapi	0.11	0.12	0	|	35.0	0.12(35)	0.12(35)	|	6549	
1165	664	ok	|	0.11	1.00	1.00	0.11	0.06	0	|	rapi	0.11	0.11	0	|	35.0	0.11(35)	0.11(35)	|	6549	
1165	665	ok	|	0.11	1.00	1.00	0.12	0.06	0	|	rapi	0.11	0.12	0	|	35.0	0.12(35)	0.12(35)	|	6549	
1165	666	ok	|	0.12	1.00	1.00	0.13	0.07	0	|	rapi	0.12	0.13	0	|	35.0	0.13(35)	0.13(35)	|	6549	
1165	667	ok	|	0.14	1.00	1.00	0.14	0.07	0	|	rapi	0.14	0.14	0	|	35.0	0.14(35)	0.14(35)	|	6549	
1165	668	ok	|	0.12	1.00	1.00	0.13	0.06	0	|	rapi	0.12	0.13	0	|	35.0	0.13(35)	0.13(35)	|	6549	
1165	669	ok	|	0.10	1.00	1.00	0.11	0.05	0	|	rapi	0.10	0.11	0	|	35.0	0.11(35)	0.11(35)	|	6549	
1165	670	ok	|	0.09	1.00	1.00	0.09	0.04	0	|	rapi	0.09	0.09	0	|	35.0	0.09(35)	0.09(35)	|	6549	
1165	671	ok	|	0.09	1.00	1.00	0.09	0.04	0	|	rapi	0.09	0.09	0	|	35.0	0.09(35)	0.09(35)	|	6549	
1165	672	ok	|	0.09	1.00	1.00	0.09	0.05	0	|	rapi	0.09	0.09	0	|	35.0	0.09(35)	0.09(35)	|	6549	
1165	673	ok	|	0.09	1.00	1.00	0.09	0.05	0	|	rapi	0.09	0.09	0	|	35.0	0.09(35)	0.09(35)	|	6549	
1165	674	ok	|	0.12	1.00	1.00	0.12	0.06	0	|	rapi	0.12	0.12	0	|	35.0	0.12(35)	0.12(35)	|	6549	
1165	675	ok	|	0.13	1.00	1.00	0.14	0.07	0	|	rapi	0.13	0.14	0	|	35.0	0.14(35)	0.14(35)	|	6549	
1165	676	ok	|	0.14	1.00	1.00	0.15	0.07	0	|	rapi	0.14	0.15	0	|	35.0	0.15(35)	0.15(35)	|	6549	
1165	677	ok	|	0.14	1.00	1.00	0.15	0.07	0	|	rapi	0.14	0.15	0	|	35.0	0.15(35)	0.15(35)	|	6549	
1165	678	ok	|	0.14	1.00	1.00	0.14	0.07	0	|	rapi	0.14	0.14	0	|	35.0	0.14(35)	0.14(35)	|	6549	
1165	679	ok	|	0.12	1.00	1.00	0.12	0.06	0	|	rapi	0.12	0.12	0	|	35.0	0.12(35)	0.12(35)	|	6549	
1165	680	ok	|	0.14	1.00	1.00	0.14	0.07	0	|	rapi	0.14	0.14	0	|	35.0	0.14(35)	0.14(35)	|	6549	
1165	681	ok	|	0.13	1.00	1.00	0.13	0.07	0	|	rapi	0.13	0.13	0	|	35.0	0.13(35)	0.13(35)	|	6549	
1165	682	ok	|	0.12	1.00	1.00	0.12	0.06	0	|	rapi	0.12	0.12	0	|	35.0	0.12(35)	0.12(35)	|	6549	
1165	683	ok	|	0.13	1.00	1.00	0.13	0.07	0	|	rapi	0.13	0.13	0	|	35.0	0.13(35)	0.13(35)	|	6549	
1165	684	ok	|	0.11	1.00	1.00	0.12	0.06	0	|	rapi	0.11	0.12	0	|	35.0	0.12(35)	0.12(35)	|	6549	
1165	685	ok	|	0.12	1.00	1.00	0.12	0.06	0	|	rapi	0.12	0.12	0	|	35.0	0.12(35)	0.12(35)	|	6549	
1165	686	ok	|	0.10	1.00	1.00	0.11	0.06	0	|	rapi	0.10	0.11	0	|	35.0	0.11(35)	0.11(35)	|	6549	
1165	687	ok	|	0.12	1.00	1.00	0.12	0.06	0	|	rapi	0.12	0.12	0	|	35.0	0.12(35)	0.12(35)	|	6549	
1165	688	ok	|	0.12	1.00	1.00	0.12	0.06	0	|	rapi	0.12	0.12	0	|	35.0	0.12(35)	0.12(35)	|	6549	
1165	689	ok	|	0.12	1.00	1.00	0.13	0.06	0	|	rapi	0.12	0.13	0	|	35.0	0.13(35)	0.13(35)	|	6549	
1165	690	ok	|	0.11	1.00	1.00	0.11	0.06	0	|	rapi	0.11	0.11	0	|	35.0	0.11(35)	0.11(35)	|	6549	
1165	691	ok	|	0.11	1.00	1.00	0.12	0.06	0	|	rapi	0.11	0.12	0	|	35.0	0.12(35)	0.12(35)	|	6549	
1165	692	ok	|	0.12	1.00	1.00	0.12	0.06	0	|	rapi	0.12	0.12	0	|	35.0	0.12(35)	0.12(35)	|	6549	
1165	693	ok	|	0.13	1.00	1.00	0.13	0.07	0	|	rapi	0.13	0.13	0	|	35.0	0.13(35)	0.13(35)	|	6549	
1165	694	ok	|	0.12	1.00	1.00	0.12	0.06	0	|	rapi	0.12	0.12	0	|	35.0	0.12(35)	0.12(35)	|	6549	
1165	695	ok	|	0.12	1.00	1.00	0.13	0.06	0	|	rapi	0.12	0.13	0	|	35.0	0.13(35)	0.13(35)	|	6549	
1165	696	ok	|	0.12	1.00	1.00	0.12	0.06	0	|	rapi	0.12	0.12	0	|	35.0	0.12(35)	0.12(35)	|	6549	
1165	697	ok	|	0.09	1.00	1.00	0.09	0.05	0	|	rapi	0.09	0.09	0	|	35.0	0.09(35)	0.09(35)	|	6549	
1165	698	ok	|	0.10	1.00	1.00	0.11	0.05	0	|	rapi	0.10	0.11	0	|	35.0	0.11(35)	0.11(35)	|	6549	
1165	699	ok	|	0.10	1.00	1.00	0.11	0.06	0	|	rapi	0.10	0.11	0	|	35.0	0.11(35)	0.11(35)	|	6549	
1165	700	ok	|	0.10	1.00	1.00	0.10	0.05	0	|	rapi	0.10	0.10	0	|	35.0	0.10(35)	0.10(35)	|	6549	
1165	701	ok	|	0.11	1.00	1.00	0.12	0.06	0	|	rapi	0.11	0.12	0	|	35.0	0.12(35)	0.12(35)	|	6549	
1165	702	ok	|	0.12	1.00	1.00	0.12	0.06	0	|	rapi	0.12	0.12	0	|	35.0	0.12(35)	0.12(35)	|	6549	
1165	703	ok	|	0.09	1.00	1.00	0.09	0.05	0	|	rapi	0.09	0.09	0	|	35.0	0.09(35)	0.09(35)	|	6549	
1165	704	ok	|	0.09	1.00	1.00	0.10	0.05	0	|	rapi	0.09	0.10	0	|	35.0	0.10(35)	0.10(35)	|	6549	
1165	705	ok	|	0.09	1.00	1.00	0.10	0.05	0	|	rapi	0.09	0.10	0	|	35.0	0.10(35)	0.10(35)	|	6549	
1165	706	ok	|	0.10	1.00	1.00	0.11	0.06	0	|	rapi	0.10	0.11	0	|	35.0	0.11(35)	0.11(35)	|	6549	
1165	707	ok	|	0.10	1.00	1.00	0.10	0.05	0	|	rapi	0.10	0.10	0	|	35.0	0.10(35)	0.10(35)	|	6549	
1165	708	ok	|	0.10	1.00	1.00	0.10	0.05	0	|	rapi	0.10	0.10	0	|	35.0	0.10(35)	0.10(35)	|	6549	
1165	709	ok	|	0.11	1.00	1.00	0.11	0.06	0	|	rapi	0.11	0.11	0	|	35.0	0.11(35)	0.11(35)	|	6549	
1165	710	ok	|	0.10	1.00	1.00	0.10	0.05	0	|	rapi	0.10	0.10	0	|	35.0	0.10(35)	0.10(35)	|	6549	
1165	711	ok	|	0.10	1.00	1.00	0.11	0.05	0	|	rapi	0.10	0.11	0	|	35.0	0.11(35)	0.11(35)	|	6549	
1165	712	ok	|	0.11	1.00	1.00	0.11	0.06	0	|	rapi	0.11	0.11	0	|	35.0	0.11(35)	0.11(35)	|	6549	
1165	713	ok	|	0.10	1.00	1.00	0.11	0.05	0	|	rapi	0.10	0.11	0	|	35.0	0.11(35)	0.11(35)	|	6549	
1165	714	ok	|	0.09	1.00	1.00	0.10	0.05	0	|	rapi	0.09	0.10	0	|	35.0	0.10(35)	0.10(35)	|	6549	
1165	715	ok	|	0.10	1.00	1.00	0.11	0.05	0	|	rapi	0.10	0.11	0	|	35.0	0.11(35)	0.11(35)	|	6549	
1165	716	ok	|	0.10	1.00	1.00	0.10	0.05	0	|	rapi	0.10	0.10	0	|	35.0	0.10(35)	0.10(35)	|	6549	
1165	717	ok	|	0.10	1.00	1.00	0.10	0.05	0	|	rapi	0.10	0.10	0	|	35.0	0.10(35)	0.10(35)	|	6549	
1165	718	ok	|	0.09	1.00	1.00	0.09	0.05	0	|	rapi	0.09	0.09	0	|	35.0	0.09(35)	0.09(35)	|	6549	
1165	719	ok	|	0.08	1.00	1.00	0.09	0.04	0	|	rapi	0.08	0.09	0	|	35.0	0.09(35)	0.09(35)	|	6549	
1165	720	ok	|	0.09	1.00	1.00	0.09	0.05	0	|	rapi	0.09	0.09	0	|	35.0	0.09(35)	0.09(35)	|	6549	
1165	721	ok	|	0.09	1.00	1.00	0.09	0.05	0	|	rapi	0.09	0.09	0	|	35.0	0.09(35)	0.09(35)	|	6549	
1165	722	ok	|	0.08	1.00	1.00	0.08	0.04	0	|	rapi	0.08	0.08	0	|	35.0	0.08(35)	0.08(35)	|	6549	
1165	723	ok	|	0.09	1.00	1.00	0.09	0.04	0	|	rapi	0.09	0.09	0	|	35.0	0.09(35)	0.09(35)	|	6549	
1165	724	ok	|	0.08	1.00	1.00	0.08	0.04	0	|	rapi	0.08	0.08	0	|	35.0	0.08(35)	0.08(35)	|	6549	
1165	725	ok	|	0.08	1.00	1.00	0.08	0.04	0	|	rapi	0.08	0.08	0	|	35.0	0.08(35)	0.08(35)	|	6549	
1165	726	ok	|	0.07	1.00	1.00	0.07	0.04	0	|	rapi	0.07	0.07	0	|	35.0	0.07(35)	0.07(35)	|	6549	
1165	727	ok	|	0.07	1.00	1.00	0.07	0.04	0	|	rapi	0.07	0.07	0	|	35.0	0.07(35)	0.07(35)	|	6549	
1165	728	ok	|	0.06	1.00	1.00	0.06	0.03	0	|	rapi	0.06	0.06	0	|	35.0	0.06(35)	0.06(35)	|	6549	
1165	729	ok	|	0.05	1.00	1.00	0.05	0.03	0	|	rapi	0.05	0.05	0	|	35.0	0.05(35)	0.05(35)	|	6549	
1165	730	ok	|	0.05	1.00	1.00	0.05	0.02	0	|	rapi	0.05	0.05	0	|	35.0	0.05(35)	0.05(35)	|	6549	
1165	731	ok	|	0.06	1.00	1.00	0.06	0.03	0	|	rapi	0.06	0.06	0	|	35.0	0.06(35)	0.06(35)	|	6549	
1165	732	ok	|	0.06	1.00	1.00	0.06	0.03	0	|	rapi	0.06	0.06	0	|	35.0	0.06(35)	0.06(35)	|	6549	
1165	733	ok	|	0.06	1.00	1.00	0.06	0.03	0	|	rapi	0.06	0.06	0	|	35.0	0.06(35)	0.06(35)	|	6549	
1165	734	ok	|	0.06	1.00	1.00	0.06	0.03	0	|	rapi	0.06	0.06	0	|	35.0	0.06(35)	0.06(35)	|	6549	
1165	735	ok	|	0.05	1.00	1.00	0.05	0.03	0	|	rapi	0.05	0.05	0	|	35.0	0.05(35)	0.05(35)	|	6549	
1165	736	ok	|	0.05	1.00	1.00	0.05	0.02	0	|	rapi	0.05	0.05	0	|	35.0	0.05(35)	0.05(35)	|	6549	
1165	737	ok	|	0.05	1.00	1.00	0.05	0.02	0	|	rapi	0.05	0.05	0	|	35.0	0.05(35)	0.05(35)	|	6549	
1165	738	ok	|	0.05	1.00	1.00	0.05	0.03	0	|	rapi	0.05	0.05	0	|	35.0	0.05(35)	0.05(35)	|	6549	
1165	739	ok	|	0.04	1.00	1.00	0.04	0.02	0	|	rapi	0.04	0.04	0	|	35.0	0.04(35)	0.04(35)	|	6549	
1165	740	ok	|	0.03	1.00	1.00	0.04	0.02	0	|	rapi	0.03	0.04	0	|	35.0	0.04(35)	0.04(35)	|	6549	
1165	741	ok	|	0.04	1.00	1.00	0.04	0.02	0	|	rapi	0.04	0.04	0	|	35.0	0.04(35)	0.04(35)	|	6549	
1165	742	ok	|	0.03	1.00	1.00	0.04	0.02	0	|	rapi	0.03	0.04	0	|	35.0	0.04(35)	0.04(35)	|	6549	
1165	743	ok	|	0.03	1.00	1.00	0.03	0.01	0	|	rapi	0.03	0.03	0	|	35.0	0.03(35)	0.03(35)	|	6549	
1165	744	ok	|	0.02	1.00	1.00	0.02	0.01	0	|	rapi	0.02	0.02	0	|	35.0	0.02(35)	0.02(35)	|	6549	
1165	745	ok	|	0.02	1.00	1.00	0.02	0.01	0	|	rapi	0.02	0.02	0	|	35.0	0.02(35)	0.02(35)	|	6549	
1165	746	ok	|	0.01	1.00	1.00	0.01	0.01	0	|	rapi	0.01	0.01	0	|	35.0	0.01(35)	0.01(35)	|	6549	
1165	747	ok	|	0.01	1.00	1.00	0.01	0.01	0	|	rapi	0.01	0.01	0	|	35.0	0.01(35)	0.01(35)	|	6549	
1165	748	ok	|	0.02	1.00	1.00	0.02	0.01	0	|	rapi	0.02	0.02	0	|	35.0	0.02(35)	0.02(35)	|	6549	
1165	749	ok	|	0.02	1.00	1.00	0.02	0.01	0	|	rapi	0.02	0.02	0	|	35.0	0.02(35)	0.02(35)	|	6549	
1165	750	ok	|	0.02	1.00	1.00	0.02	0.01	0	|	rapi	0.02	0.02	0	|	35.0	0.02(35)	0.02(35)	|	6549	
1165	751	ok	|	0.02	1.00	1.00	0.02	0.01	0	|	rapi	0.02	0.02	0	|	35.0	0.02(35)	0.02(35)	|	6549	
1165	752	ok	|	0.02	1.00	1.00	0.02	0.01	0	|	rapi	0.02	0.02	0	|	35.0	0.02(35)	0.02(35)	|	6549	
1165	753	ok	|	0.02	1.00	1.00	0.02	0.01	0	|	rapi	0.02	0.02	0	|	35.0	0.02(35)	0.02(35)	|	6549	
1165	754	ok	|	0.03	1.00	1.00	0.03	0.01	0	|	rapi	0.03	0.03	0	|	35.0	0.03(35)	0.03(35)	|	6549	
1165	755	ok	|	0.02	1.00	1.00	0.02	0.01	0	|	rapi	0.02	0.02	0	|	35.0	0.02(35)	0.02(35)	|	6549	
1165	756	ok	|	0.02	1.00	1.00	0.02	0.01	0	|	rapi	0.02	0.02	0	|	35.0	0.02(35)	0.02(35)	|	6549	
1165	757	ok	|	0.03	1.00	1.00	0.03	0.01	0	|	rapi	0.03	0.03	0	|	35.0	0.03(35)	0.03(35)	|	6549	
1165	758	ok	|	0.03	1.00	1.00	0.03	0.02	0	|	rapi	0.03	0.03	0	|	35.0	0.03(35)	0.03(35)	|	6549	
1165	759	ok	|	0.04	1.00	1.00	0.04	0.02	0	|	rapi	0.04	0.04	0	|	35.0	0.04(35)	0.04(35)	|	6549	
1165	760	ok	|	0.05	1.00	1.00	0.05	0.02	0	|	rapi	0.05	0.05	0	|	35.0	0.05(35)	0.05(35)	|	6549	
1165	761	ok	|	0.05	1.00	1.00	0.05	0.02	0	|	rapi	0.05	0.05	0	|	35.0	0.05(35)	0.05(35)	|	6549	
1165	762	ok	|	0.04	1.00	1.00	0.04	0.02	0	|	rapi	0.04	0.04	0	|	35.0	0.04(35)	0.04(35)	|	6549	
1165	763	ok	|	0.04	1.00	1.00	0.04	0.02	0	|	rapi	0.04	0.04	0	|	35.0	0.04(35)	0.04(35)	|	6549	
1165	764	ok	|	0.04	1.00	1.00	0.04	0.02	0	|	rapi	0.04	0.04	0	|	35.0	0.04(35)	0.04(35)	|	6549	
1165	765	ok	|	0.04	1.00	1.00	0.04	0.02	0	|	rapi	0.04	0.04	0	|	35.0	0.04(35)	0.04(35)	|	6549	
1165	766	ok	|	0.04	1.00	1.00	0.04	0.02	0	|	rapi	0.04	0.04	0	|	35.0	0.04(35)	0.04(35)	|	6549	
1165	767	ok	|	0.04	1.00	1.00	0.04	0.02	0	|	rapi	0.04	0.04	0	|	35.0	0.04(35)	0.04(35)	|	6549	
1165	768	ok	|	0.06	1.00	1.00	0.06	0.03	0	|	rapi	0.06	0.06	0	|	35.0	0.06(35)	0.06(35)	|	6549	
1165	769	ok	|	0.05	1.00	1.00	0.05	0.03	0	|	rapi	0.05	0.05	0	|	35.0	0.05(35)	0.05(35)	|	6549	
1165	770	ok	|	0.06	1.00	1.00	0.06	0.03	0	|	rapi	0.06	0.06	0	|	35.0	0.06(35)	0.06(35)	|	6549	
1165	771	ok	|	0.05	1.00	1.00	0.05	0.03	0	|	rapi	0.05	0.05	0	|	35.0	0.05(35)	0.05(35)	|	6549	
1165	772	ok	|	0.05	1.00	1.00	0.05	0.02	0	|	rapi	0.05	0.05	0	|	35.0	0.05(35)	0.05(35)	|	6549	
1165	773	ok	|	0.04	1.00	1.00	0.04	0.02	0	|	rapi	0.04	0.04	0	|	35.0	0.04(35)	0.04(35)	|	6549	
1165	774	ok	|	0.05	1.00	1.00	0.05	0.02	0	|	rapi	0.05	0.05	0	|	35.0	0.05(35)	0.05(35)	|	6549	
1165	775	ok	|	0.04	1.00	1.00	0.04	0.02	0	|	rapi	0.04	0.04	0	|	35.0	0.04(35)	0.04(35)	|	6549	
1165	776	ok	|	0.05	1.00	1.00	0.05	0.03	0	|	rapi	0.05	0.05	0	|	35.0	0.05(35)	0.05(35)	|	6549	
1165	777	ok	|	0.06	1.00	1.00	0.06	0.03	0	|	rapi	0.06	0.06	0	|	35.0	0.06(35)	0.06(35)	|	6549	
1165	778	ok	|	0.06	1.00	1.00	0.06	0.03	0	|	rapi	0.06	0.06	0	|	35.0	0.06(35)	0.06(35)	|	6549	
1165	779	ok	|	0.06	1.00	1.00	0.06	0.03	0	|	rapi	0.06	0.06	0	|	35.0	0.06(35)	0.06(35)	|	6549	
1165	780	ok	|	0.07	1.00	1.00	0.07	0.04	0	|	rapi	0.07	0.07	0	|	35.0	0.07(35)	0.07(35)	|	6549	
1165	781	ok	|	0.06	1.00	1.00	0.06	0.03	0	|	rapi	0.06	0.06	0	|	35.0	0.06(35)	0.06(35)	|	6549	
1165	782	ok	|	0.06	1.00	1.00	0.06	0.03	0	|	rapi	0.06	0.06	0	|	35.0	0.06(35)	0.06(35)	|	6549	
1165	783	ok	|	0.07	1.00	1.00	0.07	0.03	0	|	rapi	0.07	0.07	0	|	35.0	0.07(35)	0.07(35)	|	6549	
1165	784	ok	|	0.07	1.00	1.00	0.07	0.04	0	|	rapi	0.07	0.07	0	|	35.0	0.07(35)	0.07(35)	|	6549	
1165	785	ok	|	0.07	1.00	1.00	0.07	0.04	0	|	rapi	0.07	0.07	0	|	35.0	0.07(35)	0.07(35)	|	6549	
1165	786	ok	|	0.07	1.00	1.00	0.07	0.04	0	|	rapi	0.07	0.07	0	|	35.0	0.07(35)	0.07(35)	|	6549	
1165	787	ok	|	0.08	1.00	1.00	0.09	0.05	0	|	rapi	0.08	0.09	0	|	35.0	0.09(35)	0.09(35)	|	6549	
1165	788	ok	|	0.08	1.00	1.00	0.08	0.04	0	|	rapi	0.08	0.08	0	|	35.0	0.08(35)	0.08(35)	|	6549	
1165	789	ok	|	0.08	1.00	1.00	0.08	0.04	0	|	rapi	0.08	0.08	0	|	35.0	0.08(35)	0.08(35)	|	6549	
1165	790	ok	|	0.09	1.00	1.00	0.09	0.04	0	|	rapi	0.09	0.09	0	|	35.0	0.09(35)	0.09(35)	|	6549	
1165	791	ok	|	0.09	1.00	1.00	0.09	0.04	0	|	rapi	0.09	0.09	0	|	35.0	0.09(35)	0.09(35)	|	6549	
1165	792	ok	|	0.07	1.00	1.00	0.07	0.04	0	|	rapi	0.07	0.07	0	|	35.0	0.07(35)	0.07(35)	|	6549	
1165	793	ok	|	0.08	1.00	1.00	0.08	0.04	0	|	rapi	0.08	0.08	0	|	35.0	0.08(35)	0.08(35)	|	6549	
1165	794	ok	|	0.09	1.00	1.00	0.09	0.05	0	|	rapi	0.09	0.09	0	|	35.0	0.09(35)	0.09(35)	|	6549	
1165	795	ok	|	0.10	1.00	1.00	0.10	0.05	0	|	rapi	0.10	0.10	0	|	35.0	0.10(35)	0.10(35)	|	6549	
1165	796	ok	|	0.09	1.00	1.00	0.09	0.05	0	|	rapi	0.09	0.09	0	|	35.0	0.09(35)	0.09(35)	|	6549	
1165	797	ok	|	0.08	1.00	1.00	0.09	0.04	0	|	rapi	0.08	0.09	0	|	35.0	0.09(35)	0.09(35)	|	6549	
1165	798	ok	|	0.07	1.00	1.00	0.08	0.04	0	|	rapi	0.07	0.08	0	|	35.0	0.08(35)	0.08(35)	|	6549	
1165	799	ok	|	0.08	1.00	1.00	0.08	0.04	0	|	rapi	0.08	0.08	0	|	35.0	0.08(35)	0.08(35)	|	6549	
1165	800	ok	|	0.07	1.00	1.00	0.07	0.04	0	|	rapi	0.07	0.07	0	|	35.0	0.07(35)	0.07(35)	|	6549	
1165	801	ok	|	0.06	1.00	1.00	0.06	0.03	0	|	rapi	0.06	0.06	0	|	35.0	0.06(35)	0.06(35)	|	6549	
1165	802	ok	|	0.07	1.00	1.00	0.07	0.04	0	|	rapi	0.07	0.07	0	|	35.0	0.07(35)	0.07(35)	|	6549	
1165	803	ok	|	0.06	1.00	1.00	0.06	0.03	0	|	rapi	0.06	0.06	0	|	35.0	0.06(35)	0.06(35)	|	6549	
1165	804	ok	|	0.07	1.00	1.00	0.07	0.04	0	|	rapi	0.07	0.07	0	|	35.0	0.07(35)	0.07(35)	|	6549	
1165	805	ok	|	0.08	1.00	1.00	0.08	0.04	0	|	rapi	0.08	0.08	0	|	35.0	0.08(35)	0.08(35)	|	6549	
1165	806	ok	|	0.07	1.00	1.00	0.08	0.04	0	|	rapi	0.07	0.08	0	|	35.0	0.08(35)	0.08(35)	|	6549	
1165	807	ok	|	0.08	1.00	1.00	0.08	0.04	0	|	rapi	0.08	0.08	0	|	35.0	0.08(35)	0.08(35)	|	6549	
1165	808	ok	|	0.08	1.00	1.00	0.08	0.04	0	|	rapi	0.08	0.08	0	|	35.0	0.08(35)	0.08(35)	|	6549	
1165	809	ok	|	0.07	1.00	1.00	0.07	0.03	0	|	rapi	0.07	0.07	0	|	35.0	0.07(35)	0.07(35)	|	6549	
1165	810	ok	|	0.04	1.00	1.00	0.04	0.02	0	|	rapi	0.04	0.04	0	|	35.0	0.04(35)	0.04(35)	|	6549	
1165	811	ok	|	0.05	1.00	1.00	0.05	0.02	0	|	rapi	0.05	0.05	0	|	35.0	0.05(35)	0.05(35)	|	6549	
1165	812	ok	|	0.06	1.00	1.00	0.06	0.03	0	|	rapi	0.06	0.06	0	|	35.0	0.06(35)	0.06(35)	|	6549	
1165	813	ok	|	0.05	1.00	1.00	0.06	0.03	0	|	rapi	0.05	0.06	0	|	35.0	0.06(35)	0.06(35)	|	6549	
1165	814	ok	|	0.05	1.00	1.00	0.05	0.02	0	|	rapi	0.05	0.05	0	|	35.0	0.05(35)	0.05(35)	|	6549	
1165	815	ok	|	0.03	1.00	1.00	0.03	0.02	0	|	rapi	0.03	0.03	0	|	35.0	0.03(35)	0.03(35)	|	6549	
1165	816	ok	|	0.04	1.00	1.00	0.04	0.02	0	|	rapi	0.04	0.04	0	|	35.0	0.04(35)	0.04(35)	|	6549	
1165	817	ok	|	0.04	1.00	1.00	0.04	0.02	0	|	rapi	0.04	0.04	0	|	35.0	0.04(35)	0.04(35)	|	6549	
1165	818	ok	|	0.04	1.00	1.00	0.04	0.02	0	|	rapi	0.04	0.04	0	|	35.0	0.04(35)	0.04(35)	|	6549	
1165	819	ok	|	0.05	1.00	1.00	0.05	0.03	0	|	rapi	0.05	0.05	0	|	35.0	0.05(35)	0.05(35)	|	6549	
1165	820	ok	|	0.04	1.00	1.00	0.04	0.02	0	|	rapi	0.04	0.04	0	|	35.0	0.04(35)	0.04(35)	|	6549	
1165	821	ok	|	0.05	1.00	1.00	0.06	0.03	0	|	rapi	0.05	0.06	0	|	35.0	0.06(35)	0.06(35)	|	6549	
1165	822	ok	|	0.05	1.00	1.00	0.05	0.03	0	|	rapi	0.05	0.05	0	|	35.0	0.05(35)	0.05(35)	|	6549	
1165	823	ok	|	0.04	1.00	1.00	0.04	0.02	0	|	rapi	0.04	0.04	0	|	35.0	0.04(35)	0.04(35)	|	6549	
1165	824	ok	|	0.03	1.00	1.00	0.03	0.02	0	|	rapi	0.03	0.03	0	|	35.0	0.03(35)	0.03(35)	|	6549	
1165	825	ok	|	0.03	1.00	1.00	0.03	0.01	0	|	rapi	0.03	0.03	0	|	35.0	0.03(35)	0.03(35)	|	6549	
1165	826	ok	|	0.02	1.00	1.00	0.02	0.01	0	|	rapi	0.02	0.02	0	|	35.0	0.02(35)	0.02(35)	|	6549	
1165	827	ok	|	0.02	1.00	1.00	0.02	0.01	0	|	rapi	0.02	0.02	0	|	35.0	0.02(35)	0.02(35)	|	6549	
1165	828	ok	|	0.02	1.00	1.00	0.02	0.01	0	|	rapi	0.02	0.02	0	|	35.0	0.02(35)	0.02(35)	|	6549	
1165	829	ok	|	0.02	1.00	1.00	0.02	0.01	0	|	rapi	0.02	0.02	0	|	35.0	0.02(35)	0.02(35)	|	6549	
1165	830	ok	|	0.02	1.00	1.00	0.02	0.01	0	|	rapi	0.02	0.02	0	|	35.0	0.02(35)	0.02(35)	|	6549	
1165	831	ok	|	0.02	1.00	1.00	0.02	0.01	0	|	rapi	0.02	0.02	0	|	35.0	0.02(35)	0.02(35)	|	6549	
1165	832	ok	|	0.01	1.00	1.00	0.01	0.01	0	|	rapi	0.01	0.01	0	|	35.0	0.01(35)	0.01(35)	|	6549	
1165	833	ok	|	0.01	1.00	1.00	0.01	0.01	0	|	rapi	0.01	0.01	0	|	35.0	0.01(35)	0.01(35)	|	6549	
1165	834	ok	|	0.01	1.00	1.00	0.01	0.00	0	|	rapi	0.01	0.01	0	|	35.0	0.01(35)	0.01(35)	|	6549	
1165	835	ok	|	0.01	1.00	1.00	0.01	0.00	0	|	rapi	0.01	0.01	0	|	35.0	0.01(35)	0.01(35)	|	6549	
1165	836	ok	|	0.01	1.00	1.00	0.01	0.00	0	|	rapi	0.01	0.01	0	|	35.0	0.01(35)	0.01(35)	|	6549	
1165	837	ok	|	0.01	1.00	1.00	0.01	0.00	0	|	rapi	0.01	0.01	0	|	35.0	0.01(35)	0.01(35)	|	6549	
1165	838	ok	|	0.01	1.00	1.00	0.01	0.00	0	|	rapi	0.01	0.01	0	|	35.0	0.01(35)	0.01(35)	|	6549	
1165	839	ok	|	0.01	1.00	1.00	0.01	0.00	0	|	rapi	0.01	0.01	0	|	35.0	0.01(35)	0.01(35)	|	6549	
1165	840	ok	|	0.00	1.00	1.00	0.00	0.00	0	|	rapi	0.00	0.00	0	|	35.0	0.00(35)	0.00(35)	|	6549	
1165	841	ok	|	0.00	1.00	1.00	0.00	0.00	0	|	rapi	0.00	0.00	0	|	35.0	0.00(35)	0.00(35)	|	6549	
1165	842	ok	|	0.00	1.00	1.00	0.00	0.00	0	|	rapi	0.00	0.00	0	|	35.0	0.00(35)	0.00(35)	|	6549	
1165	843	ok	|	0.00	1.00	1.00	0.00	0.00	0	|	rapi	0.00	0.00	0	|	35.0	0.00(35)	0.00(35)	|	6549	
1165	844	ok	|	0.00	1.00	1.00	0.00	0.00	0	|	rapi	0.00	0.00	0	|	35.0	0.00(35)	0.00(35)	|	6549	
1165	845	ok	|	0.00	1.00	1.00	0.00	0.00	0	|	rapi	0.00	0.00	0	|	35.0	0.00(35)	0.00(35)	|	6549	
1165	846	ok	|	0.00	1.00	1.00	0.00	0.00	0	|	rapi	0.00	0.00	0	|	35.0	0.00(35)	0.00(35)	|	6549	
1165	847	ok	|	0.00	1.00	1.00	0.00	0.00	0	|	rapi	0.00	0.00	0	|	35.0	0.00(35)	0.00(35)	|	6549	
1165	848	fail-0	|	0.00	1.00	1.00	0.00	NaN	0	|	rapi	0.00	0.00	0	|	NaN			|	6549	
