1233	0	ok	|	0.10	1.00	1.00	0.10	0.00	0	|	rapi	0.00	0.00	0	|	-4.0	0.10(-4)		|	1	
1233	1	ok	|	0.11	1.00	1.00	0.13	0.00	0	|	rapi	0.00	0.00	0	|	-4.0	0.13(-4)		|	1	
1233	2	ok	|	0.12	1.00	1.00	0.15	0.00	0	|	rapi	0.00	0.00	0	|	-4.0	0.15(-4)		|	1	
1233	3	ok	|	0.13	1.00	1.00	0.16	0.00	0	|	rapi	0.00	0.00	0	|	-4.0	0.16(-4)		|	1	
1233	4	ok	|	0.14	1.00	1.00	0.18	0.00	0	|	rapi	0.00	0.00	0	|	-4.0	0.18(-4)		|	1	
1233	5	ok	|	0.18	1.00	1.00	0.23	0.00	0	|	rapi	0.00	0.00	0	|	-4.0	0.23(-4)		|	1	
1233	6	ok	|	0.21	1.00	1.00	0.29	0.00	0	|	rapi	0.00	0.00	0	|	-4.0	0.29(-4)		|	1	
1233	7	ok	|	0.24	1.00	1.00	0.34	0.00	0	|	rapi	0.00	0.00	0	|	-4.0	0.34(-4)		|	1	
1233	8	ok	|	0.25	1.00	1.00	0.35	0.00	0	|	rapi	0.00	0.00	0	|	-4.0	0.35(-4)		|	1	
1233	9	ok	|	0.27	1.00	1.00	0.40	0.00	0	|	rapi	0.00	0.00	0	|	-4.0	0.40(-4)		|	1	
1233	10	ok	|	0.30	1.00	1.00	0.47	0.00	0	|	rapi	0.00	0.00	0	|	-4.0	0.47(-4)		|	1	
1233	11	ok	|	0.37	0.99	0.99	0.56	0.00	0	|	rapi	0.00	0.00	0	|	-4.0	0.56(-4)		|	1	
1233	12	ok	|	0.43	0.99	0.99	0.70	0.00	0	|	rapi	0.00	0.00	0	|	-4.0	0.70(-4)		|	1	
1233	13	ok	|	0.46	0.99	0.99	0.75	0.00	0	|	rapi	0.00	0.00	0	|	-4.0	0.75(-4)		|	1	
1233	14	ok	|	0.51	0.99	0.99	0.92	0.00	0	|	rapi	0.00	0.00	0	|	-4.0	0.92(-4)		|	1	
1233	15	ok	|	0.58	0.99	0.99	1.13	0.00	0	|	rapi	0.00	0.00	0	|	-4.0	1.13(-4)		|	1	
1233	16	ok	|	0.65	0.99	0.99	1.40	0.00	0	|	rapi	0.00	0.00	0	|	-4.0	1.40(-4)		|	1	
1233	17	ok	|	0.70	0.98	0.98	1.67	0.00	0	|	rapi	0.00	0.00	0	|	-4.0	1.67(-4)		|	1	
1233	18	ok	|	0.76	0.98	0.98	2.03	0.00	0	|	rapi	0.00	0.00	0	|	-4.0	2.03(-4)		|	1	
1233	19	ok	|	0.84	0.98	0.98	2.41	0.00	0	|	rapi	0.00	0.00	0	|	-4.0	2.41(-4)		|	1	
1233	20	ok	|	0.88	0.97	0.97	2.90	0.00	0	|	rapi	0.00	0.00	0	|	-4.0	2.90(-4)		|	1	
1233	21	ok	|	0.93	0.97	0.97	3.48	0.00	0	|	rapi	0.00	0.00	0	|	-4.0	3.48(-4)		|	1	
1233	22	ok	|	0.96	0.96	0.96	4.25	0.00	0	|	rapi	0.00	0.00	0	|	-4.0	4.25(-4)		|	1	
1233	23	ok	|	0.98	0.95	0.95	5.04	0.00	0	|	rapi	0.00	0.00	0	|	-4.0	5.04(-4)		|	1	
1233	24	ok	|	0.99	0.94	0.94	5.96	0.00	0	|	rapi	0.00	0.00	0	|	-4.0	5.96(-4)		|	1	
1233	25	ok	|	1.00	0.93	0.93	7.03	0.00	0	|	rapi	0.00	0.00	0	|	-4.0	7.03(-4)	0.00(-4)	|	1	
1233	26	ok	|	1.00	0.91	0.91	8.52	0.00	0	|	rapi	0.00	0.00	0	|	-4.0	8.52(-4)	0.00(-4)	|	1	
1233	27	ok	|	1.00	0.90	0.90	9.99	0.00	0	|	rapi	0.00	0.00	0	|	-4.0	9.99(-4)		|	1	
1233	28	ok	|	1.00	0.88	0.88	11.80	0.00	0	|	rapi	0.00	0.00	0	|	-4.0	11.80(-4)		|	1	
1233	29	ok	|	1.00	0.86	0.86	13.99	0.00	0	|	rapi	0.00	0.00	0	|	-4.0	13.99(-4)		|	1	
1233	30	ok	|	1.00	0.84	0.84	16.14	0.00	0	|	rapi	0.00	0.00	0	|	-4.0	16.14(-4)		|	1	
1233	31	ok	|	1.00	0.81	0.81	19.34	0.00	0	|	rapi	0.00	0.00	0	|	-4.0	19.34(-4)		|	1	
1233	32	ok	|	1.00	0.77	0.77	22.94	0.00	0	|	rapi	0.00	0.00	0	|	-4.0	22.94(-4)		|	1	
1233	33	ok	|	1.00	0.73	0.73	27.06	0.00	0	|	rapi	0.00	0.00	0	|	-4.0	27.06(-4)	0.00(-4)	|	1	
1233	34	ok	|	1.00	0.68	0.68	31.69	0.00	0	|	rapi	0.00	0.00	0	|	-4.0	31.69(-4)	0.00(-4)	|	1	
1233	35	ok	|	1.00	0.63	0.63	36.87	0.00	0	|	rapi	0.00	0.00	0	|	-4.0	36.87(-4)	0.00(-4)	|	1	
1233	36	ok	|	1.00	0.57	0.57	43.38	0.00	0	|	rapi	0.00	0.00	0	|	-4.0	43.38(-4)	0.00(-4)	|	1	
1233	37	ok	|	1.00	0.49	0.49	50.66	0.00	0	|	rapi	0.00	0.00	0	|	-4.0	50.66(-4)	0.00(-4)	|	1	
1233	38	ok	|	1.00	0.41	0.41	58.61	0.00	0	|	rapi	0.00	0.00	0	|	-4.0	58.61(-4)	0.00(-4)	|	1	
1233	39	ok	|	1.00	0.33	0.33	67.47	0.00	0	|	rapi	0.01	0.01	0	|	-4.0	67.47(-4)	0.01(-4)	|	1	
1233	40	ok	|	1.00	0.23	0.23	76.65	0.00	0	|	rapi	0.01	0.01	0	|	-4.0	76.65(-4)	0.01(-4)	|	1	
1233	41	ok	|	1.00	0.15	0.15	85.41	0.00	0	|	rapi	0.02	0.02	0	|	-4.0	85.41(-4)	0.02(-4)	|	1	
1233	42	fail-w	|	1.00	0.10	0.10	91.95	0.00	0	|	rapi	0.03	0.03	0	|	-4.0	91.95(-4)	0.03(-4)	|	1	
