1258	0	ok	|	0.10	1.00	1.00	0.10	0.00	0	|	rapi	0.00	0.00	0	|	37.0	0.10(37)		|	2	
1258	1	ok	|	0.11	1.00	1.00	0.12	0.00	0	|	rapi	0.00	0.00	0	|	37.0	0.12(37)		|	2	
1258	2	ok	|	0.11	1.00	1.00	0.13	0.00	0	|	rapi	0.00	0.00	0	|	37.0	0.13(37)		|	2	
1258	3	ok	|	0.13	1.00	1.00	0.17	0.00	0	|	rapi	0.00	0.00	0	|	37.0	0.17(37)	0.00(37)	|	2	
1258	4	ok	|	0.15	1.00	1.00	0.20	0.00	0	|	rapi	0.00	0.00	0	|	37.0	0.20(37)		|	2	
1258	5	ok	|	0.17	1.00	1.00	0.21	0.00	0	|	rapi	0.00	0.00	0	|	37.0	0.21(37)		|	2	
1258	6	ok	|	0.18	1.00	1.00	0.24	0.00	0	|	rapi	0.00	0.00	0	|	37.0	0.24(37)	0.00(37)	|	2	
1258	7	ok	|	0.21	1.00	1.00	0.29	0.00	0	|	rapi	0.00	0.00	0	|	37.0	0.29(37)	0.00(37)	|	2	
1258	8	ok	|	0.24	1.00	1.00	0.32	0.00	0	|	rapi	0.00	0.00	0	|	37.0	0.32(37)	0.00(37)	|	2	
1258	9	ok	|	0.29	1.00	1.00	0.41	0.00	0	|	rapi	0.00	0.00	0	|	37.0	0.41(37)	0.00(37)	|	2	
1258	10	ok	|	0.33	1.00	1.00	0.49	0.00	0	|	rapi	0.00	0.00	0	|	37.0	0.49(37)		|	2	
1258	11	ok	|	0.35	0.99	0.99	0.54	0.00	0	|	rapi	0.00	0.00	0	|	37.0	0.54(37)		|	2	
1258	12	ok	|	0.42	0.99	0.99	0.67	0.00	0	|	rapi	0.00	0.00	0	|	37.0	0.67(37)		|	2	
1258	13	ok	|	0.49	0.99	0.99	0.87	0.00	0	|	rapi	0.00	0.00	0	|	37.0	0.87(37)		|	2	
1258	14	ok	|	0.54	0.99	0.99	1.02	0.00	0	|	rapi	0.00	0.00	0	|	37.0	1.02(37)		|	2	
1258	15	ok	|	0.61	0.99	0.99	1.24	0.00	0	|	rapi	0.00	0.00	0	|	37.0	1.24(37)		|	2	
1258	16	ok	|	0.71	0.98	0.98	1.57	0.00	0	|	rapi	0.00	0.00	0	|	37.0	1.57(37)		|	2	
1258	17	ok	|	0.76	0.98	0.98	1.85	0.00	0	|	rapi	0.00	0.00	0	|	37.0	1.85(37)		|	2	
1258	18	ok	|	0.80	0.98	0.98	2.18	0.00	0	|	rapi	0.00	0.00	0	|	37.0	2.18(37)		|	2	
1258	19	ok	|	0.84	0.97	0.97	2.50	0.00	0	|	rapi	0.00	0.00	0	|	37.0	2.50(37)	0.00(37)	|	2	
1258	20	ok	|	0.87	0.97	0.97	2.81	0.00	0	|	rapi	0.00	0.00	0	|	37.0	2.81(37)	0.00(37)	|	2	
1258	21	ok	|	0.91	0.97	0.97	3.33	0.00	0	|	rapi	0.00	0.00	0	|	37.0	3.33(37)	0.00(37)	|	2	
1258	22	ok	|	0.94	0.96	0.96	3.81	0.00	0	|	rapi	0.00	0.00	0	|	37.0	3.81(37)		|	2	
1258	23	ok	|	0.97	0.96	0.96	4.46	0.00	0	|	rapi	0.00	0.00	0	|	37.0	4.46(37)	0.00(37)	|	2	
1258	24	ok	|	0.98	0.95	0.95	5.12	0.00	0	|	rapi	0.00	0.00	0	|	37.0	5.12(37)	0.00(37)	|	2	
1258	25	ok	|	0.99	0.94	0.94	6.19	0.00	0	|	rapi	0.00	0.00	0	|	37.0	6.19(37)	0.00(37)	|	2	
1258	26	ok	|	0.99	0.93	0.93	7.20	0.00	0	|	rapi	0.00	0.00	0	|	37.0	7.20(37)	0.00(37)	|	2	
1258	27	ok	|	1.00	0.91	0.91	8.53	0.00	0	|	rapi	0.00	0.00	0	|	37.0	8.53(37)	0.00(37)	|	2	
1258	28	ok	|	1.00	0.90	0.90	10.16	0.00	0	|	rapi	0.00	0.00	0	|	37.0	10.16(37)	0.00(37)	|	2	
1258	29	ok	|	1.00	0.88	0.88	11.79	0.00	0	|	rapi	0.00	0.00	0	|	37.0	11.79(37)	0.00(37)	|	2	
1258	30	ok	|	1.00	0.86	0.86	13.73	0.00	0	|	rapi	0.00	0.00	0	|	37.0	13.73(37)	0.00(37)	|	2	
1258	31	ok	|	1.00	0.84	0.84	16.19	0.00	0	|	rapi	0.01	0.01	0	|	37.0	16.19(37)	0.01(37)	|	2	
1258	32	ok	|	1.00	0.81	0.81	18.68	0.00	0	|	rapi	0.01	0.01	0	|	37.0	18.68(37)	0.01(37)	|	2	
1258	33	ok	|	1.00	0.78	0.78	22.11	0.00	0	|	rapi	0.01	0.01	0	|	37.0	22.11(37)	0.01(37)	|	2	
1258	34	ok	|	1.00	0.74	0.74	26.05	0.00	0	|	rapi	0.01	0.01	0	|	37.0	26.05(37)	0.01(37)	|	2	
1258	35	ok	|	1.00	0.70	0.70	30.09	0.00	0	|	rapi	0.01	0.01	0	|	37.0	30.09(37)	0.01(37)	|	2	
1258	36	ok	|	1.00	0.65	0.65	34.60	0.00	0	|	rapi	0.01	0.01	0	|	37.0	34.60(37)	0.01(37)	|	2	
1258	37	ok	|	1.00	0.60	0.60	39.98	0.00	0	|	rapi	0.01	0.01	0	|	37.0	39.98(37)	0.01(37)	|	2	
1258	38	ok	|	1.00	0.53	0.53	46.94	0.00	0	|	rapi	0.02	0.02	0	|	37.0	46.94(37)	0.02(37)	|	2	
1258	39	ok	|	1.00	0.46	0.46	54.48	0.00	0	|	rapi	0.03	0.03	0	|	37.0	54.48(37)	0.03(37)	|	2	
1258	40	ok	|	1.00	0.37	0.37	63.19	0.00	0	|	rapi	0.04	0.04	0	|	37.0	63.19(37)	0.04(37)	|	2	
1258	41	ok	|	1.00	0.28	0.28	71.84	0.00	0	|	rapi	0.04	0.05	0	|	37.0	71.84(37)	0.05(37)	|	2	
1258	42	ok	|	1.00	0.20	0.20	80.37	0.00	0	|	rapi	0.06	0.06	0	|	37.0	80.37(37)	0.06(37)	|	2	
1258	43	ok	|	1.00	0.13	0.13	88.09	0.00	0	|	rapi	0.09	0.09	0	|	37.0	88.09(37)	0.09(37)	|	2	
1258	44	ok	|	1.00	0.10	0.10	91.29	0.00	0	|	rapi	0.16	0.17	0	|	37.0	91.29(37)	0.17(37)	|	2	
1258	45	fail-w	|	1.00	0.09	0.09	93.27	0.00	0	|	rapi	0.28	0.31	0	|	37.0	93.27(37)	0.31(37)	|	2	
