1385	0	ok	|	0.10	1.00	1.00	0.10	0.00	0	|	rapi	0.00	0.00	0	|	4.0	0.10(4)		|	1	
1385	1	ok	|	0.10	1.00	1.00	0.11	0.00	0	|	rapi	0.00	0.00	0	|	4.0	0.11(4)		|	1	
1385	2	ok	|	0.12	1.00	1.00	0.15	0.00	0	|	rapi	0.00	0.00	0	|	4.0	0.15(4)		|	1	
1385	3	ok	|	0.13	1.00	1.00	0.16	0.00	0	|	rapi	0.00	0.00	0	|	4.0	0.16(4)	0.00(4)	|	1	
1385	4	ok	|	0.14	1.00	1.00	0.18	0.00	0	|	rapi	0.00	0.00	0	|	4.0	0.18(4)	0.00(4)	|	1	
1385	5	ok	|	0.16	1.00	1.00	0.22	0.00	0	|	rapi	0.00	0.00	0	|	4.0	0.22(4)		|	1	
1385	6	ok	|	0.19	1.00	1.00	0.24	0.00	0	|	rapi	0.00	0.00	0	|	4.0	0.24(4)		|	1	
1385	7	ok	|	0.21	1.00	1.00	0.29	0.00	0	|	rapi	0.00	0.00	0	|	4.0	0.29(4)		|	1	
1385	8	ok	|	0.23	1.00	1.00	0.34	0.00	0	|	rapi	0.00	0.00	0	|	4.0	0.34(4)		|	1	
1385	9	ok	|	0.27	1.00	1.00	0.39	0.00	0	|	rapi	0.00	0.00	0	|	4.0	0.39(4)		|	1	
1385	10	ok	|	0.29	1.00	1.00	0.44	0.00	0	|	rapi	0.00	0.00	0	|	4.0	0.44(4)		|	1	
1385	11	ok	|	0.32	0.99	0.99	0.51	0.00	0	|	rapi	0.00	0.00	0	|	4.0	0.51(4)		|	1	
1385	12	ok	|	0.36	0.99	0.99	0.58	0.00	0	|	rapi	0.00	0.00	0	|	4.0	0.58(4)		|	1	
1385	13	ok	|	0.45	0.99	0.99	0.75	0.00	0	|	rapi	0.00	0.00	0	|	4.0	0.75(4)		|	1	
1385	14	ok	|	0.48	0.99	0.99	0.88	0.00	0	|	rapi	0.00	0.00	0	|	4.0	0.88(4)		|	1	
1385	15	ok	|	0.54	0.99	0.99	1.07	0.00	0	|	rapi	0.00	0.00	0	|	4.0	1.07(4)		|	1	
1385	16	ok	|	0.59	0.99	0.99	1.28	0.00	0	|	rapi	0.00	0.00	0	|	4.0	1.28(4)		|	1	
1385	17	ok	|	0.67	0.98	0.98	1.53	0.00	0	|	rapi	0.00	0.00	0	|	4.0	1.53(4)		|	1	
1385	18	ok	|	0.74	0.98	0.98	1.85	0.00	0	|	rapi	0.00	0.00	0	|	4.0	1.85(4)		|	1	
1385	19	ok	|	0.81	0.98	0.98	2.19	0.00	0	|	rapi	0.00	0.00	0	|	4.0	2.19(4)		|	1	
1385	20	ok	|	0.85	0.97	0.97	2.58	0.00	0	|	rapi	0.00	0.00	0	|	4.0	2.58(4)		|	1	
1385	21	ok	|	0.90	0.97	0.97	3.14	0.00	0	|	rapi	0.00	0.00	0	|	4.0	3.14(4)		|	1	
1385	22	ok	|	0.94	0.96	0.96	3.68	0.00	0	|	rapi	0.00	0.00	0	|	4.0	3.68(4)		|	1	
1385	23	ok	|	0.96	0.96	0.96	4.32	0.00	0	|	rapi	0.00	0.00	0	|	4.0	4.32(4)		|	1	
1385	24	ok	|	0.99	0.95	0.95	5.22	0.00	0	|	rapi	0.00	0.00	0	|	4.0	5.22(4)		|	1	
1385	25	ok	|	1.00	0.94	0.94	6.21	0.00	0	|	rapi	0.00	0.00	0	|	4.0	6.21(4)		|	1	
1385	26	ok	|	1.00	0.93	0.93	7.30	0.00	0	|	rapi	0.00	0.00	0	|	4.0	7.30(4)	0.00(4)	|	1	
1385	27	ok	|	1.00	0.91	0.91	8.68	0.00	0	|	rapi	0.00	0.00	0	|	4.0	8.68(4)	0.00(4)	|	1	
1385	28	ok	|	1.00	0.90	0.90	10.34	0.00	0	|	rapi	0.00	0.00	0	|	4.0	10.34(4)	0.00(4)	|	1	
1385	29	ok	|	1.00	0.88	0.88	12.39	0.00	0	|	rapi	0.00	0.00	0	|	4.0	12.39(4)	0.00(4)	|	1	
1385	30	ok	|	1.00	0.85	0.85	14.54	0.00	0	|	rapi	0.00	0.00	0	|	4.0	14.54(4)	0.00(4)	|	1	
1385	31	ok	|	1.00	0.83	0.83	17.28	0.00	0	|	rapi	0.01	0.01	0	|	4.0	17.28(4)	0.01(4)	|	1	
1385	32	ok	|	1.00	0.80	0.80	20.00	0.00	0	|	rapi	0.00	0.00	0	|	4.0	20.00(4)	0.00(4)	|	1	
1385	33	ok	|	1.00	0.76	0.76	23.77	0.00	0	|	rapi	0.01	0.01	0	|	4.0	23.77(4)	0.01(4)	|	1	
1385	34	ok	|	1.00	0.72	0.72	27.82	0.00	0	|	rapi	0.01	0.01	0	|	4.0	27.82(4)	0.01(4)	|	1	
1385	35	ok	|	1.00	0.67	0.67	32.80	0.00	0	|	rapi	0.01	0.01	0	|	4.0	32.80(4)	0.01(4)	|	1	
1385	36	ok	|	1.00	0.62	0.62	38.27	0.00	0	|	rapi	0.01	0.01	0	|	4.0	38.27(4)	0.01(4)	|	1	
1385	37	ok	|	1.00	0.55	0.55	44.64	0.00	0	|	rapi	0.01	0.01	0	|	4.0	44.64(4)	0.01(4)	|	1	
1385	38	ok	|	1.00	0.48	0.48	51.98	0.00	0	|	rapi	0.01	0.01	0	|	4.0	51.98(4)	0.01(4)	|	1	
1385	39	ok	|	1.00	0.40	0.40	60.38	0.00	0	|	rapi	0.01	0.01	0	|	4.0	60.38(4)	0.01(4)	|	1	
1385	40	ok	|	1.00	0.30	0.30	69.54	0.00	0	|	rapi	0.01	0.01	0	|	4.0	69.54(4)	0.01(4)	|	1	
1385	41	ok	|	1.00	0.21	0.21	79.20	0.00	0	|	rapi	0.01	0.01	0	|	4.0	79.20(4)	0.01(4)	|	1	
1385	42	ok	|	1.00	0.13	0.13	87.93	0.00	0	|	rapi	0.01	0.01	0	|	4.0	87.93(4)	0.01(4)	|	1	
1385	43	fail-w	|	1.00	0.06	0.06	96.58	0.00	0	|	rapi	0.01	0.01	0	|	4.0	96.58(4)	0.01(4)	|	1	
