139	0	ok	|	0.10	1.00	1.00	0.10	0.00	0	|	rapi	0.00	0.00	0	|	-79.0	0.10(-79)		|	1	
139	1	ok	|	0.09	1.00	1.00	0.10	0.00	0	|	rapi	0.00	0.00	0	|	-79.0	0.10(-79)		|	1	
139	2	ok	|	0.09	1.00	1.00	0.10	0.00	0	|	rapi	0.00	0.00	0	|	-79.0	0.10(-79)		|	1	
139	3	ok	|	0.08	1.00	1.00	0.10	0.00	0	|	rapi	0.00	0.00	0	|	-79.0	0.10(-79)		|	1	
139	4	ok	|	0.09	1.00	1.00	0.12	0.00	0	|	rapi	0.00	0.00	0	|	-79.0	0.12(-79)		|	1	
139	5	ok	|	0.11	1.00	1.00	0.15	0.00	0	|	rapi	0.00	0.00	0	|	-79.0	0.15(-79)		|	1	
139	6	ok	|	0.12	1.00	1.00	0.16	0.00	0	|	rapi	0.00	0.00	0	|	-79.0	0.16(-79)		|	1	
139	7	ok	|	0.15	1.00	1.00	0.20	0.00	0	|	rapi	0.00	0.00	0	|	-79.0	0.20(-79)		|	1	
139	8	ok	|	0.16	1.00	1.00	0.22	0.00	0	|	rapi	0.00	0.00	0	|	-79.0	0.22(-79)		|	1	
139	9	ok	|	0.17	1.00	1.00	0.23	0.00	0	|	rapi	0.00	0.00	0	|	-79.0	0.23(-79)		|	1	
139	10	ok	|	0.18	1.00	1.00	0.25	0.00	0	|	rapi	0.00	0.00	0	|	-79.0	0.25(-79)		|	1	
139	11	ok	|	0.21	1.00	1.00	0.29	0.00	0	|	rapi	0.00	0.00	0	|	-79.0	0.29(-79)		|	1	
139	12	ok	|	0.23	1.00	1.00	0.35	0.00	0	|	rapi	0.00	0.00	0	|	-79.0	0.35(-79)		|	1	
139	13	ok	|	0.24	1.00	1.00	0.38	0.00	0	|	rapi	0.00	0.00	0	|	-79.0	0.38(-79)		|	1	
139	14	ok	|	0.29	1.00	1.00	0.49	0.00	0	|	rapi	0.00	0.00	0	|	-79.0	0.49(-79)		|	1	
139	15	ok	|	0.33	0.99	0.99	0.54	0.00	0	|	rapi	0.00	0.00	0	|	-79.0	0.54(-79)		|	1	
139	16	ok	|	0.36	0.99	0.99	0.58	0.00	0	|	rapi	0.00	0.00	0	|	-79.0	0.58(-79)		|	1	
139	17	ok	|	0.43	0.99	0.99	0.76	0.00	0	|	rapi	0.00	0.00	0	|	-79.0	0.76(-79)		|	1	
139	18	ok	|	0.48	0.99	0.99	0.88	0.00	0	|	rapi	0.00	0.00	0	|	-79.0	0.88(-79)		|	1	
139	19	ok	|	0.53	0.99	0.99	1.01	0.00	0	|	rapi	0.00	0.00	0	|	-79.0	1.01(-79)		|	1	
139	20	ok	|	0.60	0.99	0.99	1.21	0.00	0	|	rapi	0.00	0.00	0	|	-79.0	1.21(-79)		|	1	
139	21	ok	|	0.68	0.99	0.99	1.45	0.00	0	|	rapi	0.00	0.00	0	|	-79.0	1.45(-79)		|	1	
139	22	ok	|	0.73	0.98	0.98	1.74	0.00	0	|	rapi	0.00	0.00	0	|	-79.0	1.74(-79)		|	1	
139	23	ok	|	0.79	0.98	0.98	2.02	0.00	0	|	rapi	0.00	0.00	0	|	-79.0	2.02(-79)		|	1	
139	24	ok	|	0.84	0.98	0.98	2.39	0.00	0	|	rapi	0.00	0.00	0	|	-79.0	2.39(-79)		|	1	
139	25	ok	|	0.88	0.97	0.97	2.82	0.00	0	|	rapi	0.00	0.00	0	|	-79.0	2.82(-79)		|	1	
139	26	ok	|	0.91	0.97	0.97	3.30	0.00	0	|	rapi	0.00	0.00	0	|	-79.0	3.30(-79)		|	1	
139	27	ok	|	0.95	0.96	0.96	3.95	0.00	0	|	rapi	0.00	0.00	0	|	-79.0	3.95(-79)		|	1	
139	28	ok	|	0.98	0.95	0.95	4.60	0.00	0	|	rapi	0.00	0.00	0	|	-79.0	4.60(-79)		|	1	
139	29	ok	|	0.98	0.95	0.95	5.43	0.00	0	|	rapi	0.00	0.00	0	|	-79.0	5.43(-79)		|	1	
139	30	ok	|	0.99	0.94	0.94	6.23	0.00	0	|	rapi	0.00	0.00	0	|	-79.0	6.23(-79)		|	1	
139	31	ok	|	1.00	0.93	0.93	7.29	0.00	0	|	rapi	0.00	0.00	0	|	-79.0	7.29(-79)		|	1	
139	32	ok	|	1.00	0.91	0.91	8.55	0.00	0	|	rapi	0.00	0.00	0	|	-79.0	8.55(-79)		|	1	
139	33	ok	|	1.00	0.90	0.90	10.12	0.00	0	|	rapi	0.00	0.00	0	|	-79.0	10.12(-79)		|	1	
139	34	ok	|	1.00	0.88	0.88	12.15	0.00	0	|	rapi	0.00	0.00	0	|	-79.0	12.15(-79)		|	1	
139	35	ok	|	1.00	0.86	0.86	14.29	0.00	0	|	rapi	0.00	0.00	0	|	-79.0	14.29(-79)		|	1	
139	36	ok	|	1.00	0.83	0.83	16.80	0.00	0	|	rapi	0.00	0.00	0	|	-79.0	16.80(-79)		|	1	
139	37	ok	|	1.00	0.80	0.80	19.77	0.00	0	|	rapi	0.00	0.00	0	|	-79.0	19.77(-79)		|	1	
139	38	ok	|	1.00	0.77	0.77	23.17	0.00	0	|	rapi	0.00	0.00	0	|	-79.0	23.17(-79)		|	1	
139	39	ok	|	1.00	0.73	0.73	27.12	0.00	0	|	rapi	0.00	0.00	0	|	-79.0	27.12(-79)	0.00(-79)	|	1	
139	40	ok	|	1.00	0.68	0.68	32.08	0.00	0	|	rapi	0.00	0.00	0	|	-79.0	32.08(-79)		|	1	
139	41	ok	|	1.00	0.63	0.63	37.30	0.00	0	|	rapi	0.00	0.00	0	|	-79.0	37.30(-79)		|	1	
139	42	ok	|	1.00	0.56	0.56	43.82	0.00	0	|	rapi	0.00	0.00	0	|	-79.0	43.82(-79)	0.00(-79)	|	1	
139	43	ok	|	1.00	0.49	0.49	51.34	0.00	0	|	rapi	0.00	0.00	0	|	-79.0	51.34(-79)	0.00(-79)	|	1	
139	44	ok	|	1.00	0.40	0.40	59.51	0.00	0	|	rapi	0.00	0.00	0	|	-79.0	59.51(-79)	0.00(-79)	|	1	
139	45	ok	|	1.00	0.32	0.32	67.84	0.00	0	|	rapi	0.00	0.00	0	|	-79.0	67.84(-79)		|	1	
139	46	ok	|	1.00	0.22	0.22	77.79	0.00	0	|	rapi	0.00	0.00	0	|	-79.0	77.79(-79)		|	1	
139	47	ok	|	1.00	0.13	0.13	87.28	0.00	0	|	rapi	0.00	0.00	0	|	-79.0	87.28(-79)		|	1	
139	48	fail-w	|	1.00	0.06	0.06	96.24	0.00	0	|	rapi	0.00	0.00	0	|	-79.0	96.24(-79)		|	1	
