1492	0	ok	|	0.10	1.00	1.00	0.10	0.00	0	|	rapi	0.00	0.00	0	|	-99.0	0.10(-99)		|	21	
1492	1	ok	|	0.11	1.00	1.00	0.12	0.00	0	|	rapi	0.00	0.00	0	|	-99.0	0.12(-99)		|	21	
1492	2	ok	|	0.12	1.00	1.00	0.14	0.00	0	|	rapi	0.00	0.00	0	|	-99.0	0.14(-99)		|	21	
1492	3	ok	|	0.12	1.00	1.00	0.16	0.00	0	|	rapi	0.00	0.00	0	|	-99.0	0.16(-99)		|	21	
1492	4	ok	|	0.14	1.00	1.00	0.19	0.00	0	|	rapi	0.00	0.00	0	|	-99.0	0.19(-99)		|	21	
1492	5	ok	|	0.15	1.00	1.00	0.21	0.00	0	|	rapi	0.00	0.00	0	|	-99.0	0.21(-99)		|	21	
1492	6	ok	|	0.18	1.00	1.00	0.23	0.00	0	|	rapi	0.00	0.00	0	|	-99.0	0.23(-99)		|	21	
1492	7	ok	|	0.21	1.00	1.00	0.30	0.00	0	|	rapi	0.00	0.00	0	|	-99.0	0.30(-99)		|	21	
1492	8	ok	|	0.26	1.00	1.00	0.37	0.00	0	|	rapi	0.00	0.00	0	|	-99.0	0.37(-99)		|	21	
1492	9	ok	|	0.30	1.00	1.00	0.45	0.00	0	|	rapi	0.00	0.00	0	|	-99.0	0.45(-99)		|	21	
1492	10	ok	|	0.35	0.99	0.99	0.55	0.00	0	|	rapi	0.00	0.00	0	|	-99.0	0.55(-99)		|	21	
1492	11	ok	|	0.39	0.99	0.99	0.61	0.00	0	|	rapi	0.00	0.00	0	|	-99.0	0.61(-99)		|	21	
1492	12	ok	|	0.44	0.99	0.99	0.74	0.00	0	|	rapi	0.00	0.00	0	|	-99.0	0.74(-99)		|	21	
1492	13	ok	|	0.50	0.99	0.99	0.87	0.00	0	|	rapi	0.00	0.00	0	|	-99.0	0.87(-99)		|	21	
1492	14	ok	|	0.57	0.99	0.99	1.03	0.00	0	|	rapi	0.00	0.00	0	|	-99.0	1.03(-99)		|	21	
1492	15	ok	|	0.63	0.99	0.99	1.25	0.00	0	|	rapi	0.00	0.00	0	|	-99.0	1.25(-99)		|	21	
1492	16	ok	|	0.68	0.98	0.98	1.51	0.00	0	|	rapi	0.00	0.00	0	|	-99.0	1.51(-99)		|	21	
1492	17	ok	|	0.74	0.98	0.98	1.78	0.00	0	|	rapi	0.00	0.00	0	|	-99.0	1.78(-99)		|	21	
1492	18	ok	|	0.77	0.98	0.98	2.04	0.00	0	|	rapi	0.00	0.00	0	|	-99.0	2.04(-99)		|	21	
1492	19	ok	|	0.84	0.98	0.98	2.47	0.00	0	|	rapi	0.00	0.00	0	|	-99.0	2.47(-99)		|	21	
1492	20	ok	|	0.90	0.97	0.97	2.86	0.00	0	|	rapi	0.00	0.00	0	|	-99.0	2.86(-99)		|	21	
1492	21	ok	|	0.92	0.97	0.97	3.43	0.00	0	|	rapi	0.00	0.00	0	|	-99.0	3.43(-99)		|	21	
1492	22	ok	|	0.96	0.96	0.96	4.12	0.00	0	|	rapi	0.00	0.00	0	|	-99.0	4.12(-99)		|	21	
1492	23	ok	|	0.98	0.95	0.95	4.88	0.00	0	|	rapi	0.00	0.00	0	|	-99.0	4.88(-99)		|	21	
1492	24	ok	|	0.99	0.94	0.94	5.74	0.00	0	|	rapi	0.00	0.00	0	|	-99.0	5.74(-99)		|	21	
1492	25	ok	|	0.99	0.93	0.93	6.79	0.00	0	|	rapi	0.00	0.00	0	|	-99.0	6.79(-99)		|	21	
1492	26	ok	|	1.00	0.92	0.92	7.78	0.00	0	|	rapi	0.00	0.00	0	|	-99.0	7.78(-99)		|	21	
1492	27	ok	|	1.00	0.91	0.91	9.06	0.00	0	|	rapi	0.00	0.00	0	|	-99.0	9.06(-99)		|	21	
1492	28	ok	|	1.00	0.89	0.89	10.59	0.00	0	|	rapi	0.00	0.00	0	|	-99.0	10.59(-99)		|	21	
1492	29	ok	|	1.00	0.88	0.88	12.41	0.00	0	|	rapi	0.00	0.00	0	|	-99.0	12.41(-99)		|	21	
1492	30	ok	|	1.00	0.85	0.85	14.83	0.00	0	|	rapi	0.00	0.00	0	|	-99.0	14.83(-99)		|	21	
1492	31	ok	|	1.00	0.82	0.82	17.62	0.00	0	|	rapi	0.00	0.00	0	|	-99.0	17.62(-99)		|	21	
1492	32	ok	|	1.00	0.80	0.80	20.44	0.00	0	|	rapi	0.00	0.00	0	|	-99.0	20.44(-99)		|	21	
1492	33	ok	|	1.00	0.76	0.76	24.07	0.00	0	|	rapi	0.00	0.00	0	|	-99.0	24.07(-99)		|	21	
1492	34	ok	|	1.00	0.72	0.72	28.13	0.00	0	|	rapi	0.00	0.00	0	|	-99.0	28.13(-99)		|	21	
1492	35	ok	|	1.00	0.67	0.67	32.92	0.00	0	|	rapi	0.00	0.00	0	|	-99.0	32.92(-99)		|	21	
1492	36	ok	|	1.00	0.62	0.62	38.45	0.00	0	|	rapi	0.00	0.00	0	|	-99.0	38.45(-99)		|	21	
1492	37	ok	|	1.00	0.55	0.55	44.98	0.00	0	|	rapi	0.00	0.00	0	|	-99.0	44.98(-99)		|	21	
1492	38	ok	|	1.00	0.48	0.48	52.43	0.00	0	|	rapi	0.00	0.00	0	|	-99.0	52.43(-99)		|	21	
1492	39	ok	|	1.00	0.39	0.39	61.19	0.00	0	|	rapi	0.00	0.00	0	|	-99.0	61.19(-99)		|	21	
1492	40	ok	|	1.00	0.29	0.29	70.62	0.00	0	|	rapi	0.00	0.00	0	|	-99.0	70.62(-99)	0.00(-99)	|	21	
1492	41	ok	|	1.00	0.20	0.20	80.59	0.00	0	|	rapi	0.00	0.00	0	|	-99.0	80.59(-99)		|	21	
1492	42	ok	|	1.00	0.12	0.12	89.49	0.00	0	|	rapi	0.00	0.00	0	|	-99.0	89.49(-99)	0.00(-99)	|	21	
1492	43	fail-w	|	1.00	0.06	0.06	96.79	0.00	0	|	rapi	0.00	0.00	0	|	-99.0	96.79(-99)		|	21	
