1766	0	ok	|	0.09	1.00	1.00	0.10	0.00	0	|	rapi	0.00	0.00	0	|	-88.0	0.10(-88)		|	7	
1766	1	ok	|	0.12	1.00	1.00	0.14	0.00	0	|	rapi	0.00	0.00	0	|	-88.0	0.14(-88)		|	7	
1766	2	ok	|	0.13	1.00	1.00	0.16	0.00	0	|	rapi	0.00	0.00	0	|	-88.0	0.16(-88)		|	7	
1766	3	ok	|	0.14	1.00	1.00	0.18	0.00	0	|	rapi	0.00	0.00	0	|	-88.0	0.18(-88)		|	7	
1766	4	ok	|	0.14	1.00	1.00	0.18	0.00	0	|	rapi	0.00	0.00	0	|	-88.0	0.18(-88)		|	7	
1766	5	ok	|	0.14	1.00	1.00	0.20	0.00	0	|	rapi	0.00	0.00	0	|	-88.0	0.20(-88)		|	7	
1766	6	ok	|	0.17	1.00	1.00	0.21	0.00	0	|	rapi	0.00	0.00	0	|	-88.0	0.21(-88)		|	7	
1766	7	ok	|	0.17	1.00	1.00	0.22	0.00	0	|	rapi	0.00	0.00	0	|	-88.0	0.22(-88)		|	7	
1766	8	ok	|	0.19	1.00	1.00	0.27	0.00	0	|	rapi	0.00	0.00	0	|	-88.0	0.27(-88)		|	7	
1766	9	ok	|	0.20	1.00	1.00	0.29	0.00	0	|	rapi	0.00	0.00	0	|	-88.0	0.29(-88)		|	7	
1766	10	ok	|	0.22	1.00	1.00	0.34	0.00	0	|	rapi	0.00	0.00	0	|	-88.0	0.34(-88)		|	7	
1766	11	ok	|	0.25	1.00	1.00	0.39	0.00	0	|	rapi	0.00	0.00	0	|	-88.0	0.39(-88)		|	7	
1766	12	ok	|	0.28	1.00	1.00	0.46	0.00	0	|	rapi	0.00	0.00	0	|	-88.0	0.46(-88)		|	7	
1766	13	ok	|	0.33	0.99	0.99	0.51	0.00	0	|	rapi	0.00	0.00	0	|	-88.0	0.51(-88)		|	7	
1766	14	ok	|	0.37	0.99	0.99	0.60	0.00	0	|	rapi	0.00	0.00	0	|	-88.0	0.60(-88)		|	7	
1766	15	ok	|	0.42	0.99	0.99	0.70	0.00	0	|	rapi	0.00	0.00	0	|	-88.0	0.70(-88)		|	7	
1766	16	ok	|	0.49	0.99	0.99	0.88	0.00	0	|	rapi	0.00	0.00	0	|	-88.0	0.88(-88)		|	7	
1766	17	ok	|	0.51	0.99	0.99	0.98	0.00	0	|	rapi	0.00	0.00	0	|	-88.0	0.98(-88)		|	7	
1766	18	ok	|	0.56	0.99	0.99	1.18	0.00	0	|	rapi	0.00	0.00	0	|	-88.0	1.18(-88)		|	7	
1766	19	ok	|	0.64	0.99	0.99	1.44	0.00	0	|	rapi	0.00	0.00	0	|	-88.0	1.44(-88)		|	7	
1766	20	ok	|	0.70	0.98	0.98	1.66	0.00	0	|	rapi	0.00	0.00	0	|	-88.0	1.66(-88)		|	7	
1766	21	ok	|	0.78	0.98	0.98	2.00	0.00	0	|	rapi	0.00	0.00	0	|	-88.0	2.00(-88)		|	7	
1766	22	ok	|	0.82	0.98	0.98	2.35	0.00	0	|	rapi	0.00	0.00	0	|	-88.0	2.35(-88)		|	7	
1766	23	ok	|	0.88	0.97	0.97	2.77	0.00	0	|	rapi	0.00	0.00	0	|	-88.0	2.77(-88)		|	7	
1766	24	ok	|	0.92	0.97	0.97	3.37	0.00	0	|	rapi	0.00	0.00	0	|	-88.0	3.37(-88)		|	7	
1766	25	ok	|	0.95	0.96	0.96	3.93	0.00	0	|	rapi	0.00	0.00	0	|	-88.0	3.93(-88)		|	7	
1766	26	ok	|	0.98	0.95	0.95	4.69	0.00	0	|	rapi	0.00	0.00	0	|	-88.0	4.69(-88)		|	7	
1766	27	ok	|	0.99	0.95	0.95	5.44	0.00	0	|	rapi	0.00	0.00	0	|	-88.0	5.44(-88)		|	7	
1766	28	ok	|	1.00	0.94	0.94	6.35	0.00	0	|	rapi	0.00	0.00	0	|	-88.0	6.35(-88)		|	7	
1766	29	ok	|	1.00	0.93	0.93	7.50	0.00	0	|	rapi	0.00	0.00	0	|	-88.0	7.50(-88)		|	7	
1766	30	ok	|	1.00	0.91	0.91	8.91	0.00	0	|	rapi	0.00	0.00	0	|	-88.0	8.91(-88)		|	7	
1766	31	ok	|	1.00	0.89	0.89	10.50	0.00	0	|	rapi	0.00	0.00	0	|	-88.0	10.50(-88)		|	7	
1766	32	ok	|	1.00	0.88	0.88	12.41	0.00	0	|	rapi	0.00	0.00	0	|	-88.0	12.41(-88)		|	7	
1766	33	ok	|	1.00	0.85	0.85	14.52	0.00	0	|	rapi	0.00	0.00	0	|	-88.0	14.52(-88)		|	7	
1766	34	ok	|	1.00	0.83	0.83	17.19	0.00	0	|	rapi	0.00	0.00	0	|	-88.0	17.19(-88)		|	7	
1766	35	ok	|	1.00	0.80	0.80	20.21	0.00	0	|	rapi	0.00	0.00	0	|	-88.0	20.21(-88)		|	7	
1766	36	ok	|	1.00	0.76	0.76	23.69	0.00	0	|	rapi	0.00	0.00	0	|	-88.0	23.69(-88)		|	7	
1766	37	ok	|	1.00	0.72	0.72	27.93	0.00	0	|	rapi	0.00	0.00	0	|	-88.0	27.93(-88)		|	7	
1766	38	ok	|	1.00	0.67	0.67	32.95	0.00	0	|	rapi	0.00	0.00	0	|	-88.0	32.95(-88)		|	7	
1766	39	ok	|	1.00	0.61	0.61	39.04	0.00	0	|	rapi	0.00	0.00	0	|	-88.0	39.04(-88)		|	7	
1766	40	ok	|	1.00	0.55	0.55	45.44	0.00	0	|	rapi	0.00	0.00	0	|	-88.0	45.44(-88)		|	7	
1766	41	ok	|	1.00	0.47	0.47	53.16	0.00	0	|	rapi	0.00	0.00	0	|	-88.0	53.16(-88)		|	7	
1766	42	ok	|	1.00	0.38	0.38	62.29	0.00	0	|	rapi	0.00	0.00	0	|	-88.0	62.29(-88)		|	7	
1766	43	ok	|	1.00	0.28	0.28	72.17	0.00	0	|	rapi	0.00	0.00	0	|	-88.0	72.17(-88)		|	7	
1766	44	ok	|	1.00	0.19	0.19	81.73	0.00	0	|	rapi	0.00	0.00	0	|	-88.0	81.73(-88)	0.00(-88)	|	7	
1766	45	ok	|	1.00	0.11	0.11	90.49	0.00	0	|	rapi	0.00	0.00	0	|	-88.0	90.49(-88)	0.00(-88)	|	7	
1766	46	fail-w	|	1.00	0.05	0.05	98.42	0.00	0	|	rapi	0.00	0.00	0	|	-88.0	98.42(-88)	0.00(-88)	|	7	
