1829	0	ok	|	0.10	1.00	1.00	0.10	0.00	0	|	rapi	0.00	0.00	0	|	14.0	0.10(14)		|	3	
1829	1	ok	|	0.10	1.00	1.00	0.11	0.00	0	|	rapi	0.00	0.00	0	|	14.0	0.11(14)		|	3	
1829	2	ok	|	0.12	1.00	1.00	0.16	0.00	0	|	rapi	0.00	0.00	0	|	14.0	0.16(14)		|	3	
1829	3	ok	|	0.12	1.00	1.00	0.16	0.00	0	|	rapi	0.00	0.00	0	|	14.0	0.16(14)		|	3	
1829	4	ok	|	0.14	1.00	1.00	0.19	0.00	0	|	rapi	0.00	0.00	0	|	14.0	0.19(14)		|	3	
1829	5	ok	|	0.17	1.00	1.00	0.24	0.00	0	|	rapi	0.00	0.00	0	|	14.0	0.24(14)		|	3	
1829	6	ok	|	0.18	1.00	1.00	0.28	0.00	0	|	rapi	0.00	0.00	0	|	14.0	0.28(14)		|	3	
1829	7	ok	|	0.22	1.00	1.00	0.35	0.00	0	|	rapi	0.00	0.00	0	|	14.0	0.35(14)		|	3	
1829	8	ok	|	0.26	1.00	1.00	0.41	0.00	0	|	rapi	0.00	0.00	0	|	14.0	0.41(14)		|	3	
1829	9	ok	|	0.29	1.00	1.00	0.48	0.00	0	|	rapi	0.00	0.00	0	|	14.0	0.48(14)		|	3	
1829	10	ok	|	0.35	0.99	0.99	0.58	0.00	0	|	rapi	0.00	0.00	0	|	14.0	0.58(14)		|	3	
1829	11	ok	|	0.45	0.99	0.99	0.79	0.00	0	|	rapi	0.00	0.00	0	|	14.0	0.79(14)		|	3	
1829	12	ok	|	0.48	0.99	0.99	0.85	0.00	0	|	rapi	0.00	0.00	0	|	14.0	0.85(14)		|	3	
1829	13	ok	|	0.52	0.99	0.99	1.01	0.00	0	|	rapi	0.00	0.00	0	|	14.0	1.01(14)		|	3	
1829	14	ok	|	0.58	0.99	0.99	1.21	0.00	0	|	rapi	0.00	0.00	0	|	14.0	1.21(14)	0.00(14)	|	3	
1829	15	ok	|	0.65	0.99	0.99	1.33	0.00	0	|	rapi	0.00	0.00	0	|	14.0	1.33(14)		|	3	
1829	16	ok	|	0.69	0.98	0.98	1.58	0.00	0	|	rapi	0.00	0.00	0	|	14.0	1.58(14)		|	3	
1829	17	ok	|	0.76	0.98	0.98	1.87	0.00	0	|	rapi	0.00	0.00	0	|	14.0	1.87(14)		|	3	
1829	18	ok	|	0.83	0.98	0.98	2.19	0.00	0	|	rapi	0.00	0.00	0	|	14.0	2.19(14)		|	3	
1829	19	ok	|	0.89	0.97	0.97	2.69	0.00	0	|	rapi	0.00	0.00	0	|	14.0	2.69(14)		|	3	
1829	20	ok	|	0.91	0.97	0.97	3.15	0.00	0	|	rapi	0.00	0.00	0	|	14.0	3.15(14)		|	3	
1829	21	ok	|	0.94	0.96	0.96	3.70	0.00	0	|	rapi	0.00	0.00	0	|	14.0	3.70(14)		|	3	
1829	22	ok	|	0.97	0.96	0.96	4.41	0.00	0	|	rapi	0.00	0.00	0	|	14.0	4.41(14)		|	3	
1829	23	ok	|	0.98	0.95	0.95	5.33	0.00	0	|	rapi	0.00	0.00	0	|	14.0	5.33(14)		|	3	
1829	24	ok	|	0.99	0.94	0.94	6.27	0.00	0	|	rapi	0.00	0.00	0	|	14.0	6.27(14)		|	3	
1829	25	ok	|	1.00	0.93	0.93	7.34	0.00	0	|	rapi	0.00	0.00	0	|	14.0	7.34(14)		|	3	
1829	26	ok	|	1.00	0.91	0.91	8.85	0.00	0	|	rapi	0.00	0.00	0	|	14.0	8.85(14)		|	3	
1829	27	ok	|	1.00	0.90	0.90	10.48	0.00	0	|	rapi	0.00	0.00	0	|	14.0	10.48(14)	0.00(14)	|	3	
1829	28	ok	|	1.00	0.88	0.88	12.08	0.00	0	|	rapi	0.00	0.00	0	|	14.0	12.08(14)	0.00(14)	|	3	
1829	29	ok	|	1.00	0.86	0.86	14.26	0.00	0	|	rapi	0.00	0.00	0	|	14.0	14.26(14)	0.00(14)	|	3	
1829	30	ok	|	1.00	0.83	0.83	16.79	0.00	0	|	rapi	0.00	0.00	0	|	14.0	16.79(14)	0.00(14)	|	3	
1829	31	ok	|	1.00	0.80	0.80	19.73	0.00	0	|	rapi	0.00	0.00	0	|	14.0	19.73(14)	0.00(14)	|	3	
1829	32	ok	|	1.00	0.77	0.77	23.18	0.00	0	|	rapi	0.00	0.00	0	|	14.0	23.18(14)	0.00(14)	|	3	
1829	33	ok	|	1.00	0.73	0.73	27.44	0.00	0	|	rapi	0.00	0.00	0	|	14.0	27.44(14)	0.00(14)	|	3	
1829	34	ok	|	1.00	0.68	0.68	32.41	0.00	0	|	rapi	0.00	0.00	0	|	14.0	32.41(14)	0.00(14)	|	3	
1829	35	ok	|	1.00	0.62	0.62	38.16	0.00	0	|	rapi	0.00	0.00	0	|	14.0	38.16(14)	0.00(14)	|	3	
1829	36	ok	|	1.00	0.55	0.55	44.71	0.00	0	|	rapi	0.01	0.01	0	|	14.0	44.71(14)	0.01(14)	|	3	
1829	37	ok	|	1.00	0.48	0.48	51.88	0.00	0	|	rapi	0.01	0.01	0	|	14.0	51.88(14)	0.01(14)	|	3	
1829	38	ok	|	1.00	0.40	0.40	59.75	0.00	0	|	rapi	0.01	0.01	0	|	14.0	59.75(14)	0.01(14)	|	3	
1829	39	ok	|	1.00	0.31	0.31	69.08	0.00	0	|	rapi	0.01	0.01	0	|	14.0	69.08(14)	0.01(14)	|	3	
1829	40	ok	|	1.00	0.22	0.22	78.45	0.00	0	|	rapi	0.02	0.02	0	|	14.0	78.45(14)	0.02(14)	|	3	
1829	41	ok	|	1.00	0.13	0.13	87.58	0.00	0	|	rapi	0.04	0.04	0	|	14.0	87.58(14)	0.04(14)	|	3	
1829	42	fail-w	|	1.00	0.08	0.08	94.82	0.00	0	|	rapi	0.06	0.06	0	|	14.0	94.82(14)	0.06(14)	|	3	
