1976	0	ok	|	0.09	1.00	1.00	0.10	0.00	0	|	rapi	0.00	0.00	0	|	-49.0	0.10(-49)		|	2	
1976	1	ok	|	0.11	1.00	1.00	0.12	0.00	0	|	rapi	0.00	0.00	0	|	-49.0	0.12(-49)		|	2	
1976	2	ok	|	0.12	1.00	1.00	0.15	0.00	0	|	rapi	0.00	0.00	0	|	-49.0	0.15(-49)		|	2	
1976	3	ok	|	0.14	1.00	1.00	0.16	0.00	0	|	rapi	0.00	0.00	0	|	-49.0	0.16(-49)		|	2	
1976	4	ok	|	0.16	1.00	1.00	0.20	0.00	0	|	rapi	0.00	0.00	0	|	-49.0	0.20(-49)		|	2	
1976	5	ok	|	0.19	1.00	1.00	0.25	0.00	0	|	rapi	0.00	0.00	0	|	-49.0	0.25(-49)		|	2	
1976	6	ok	|	0.22	1.00	1.00	0.30	0.00	0	|	rapi	0.00	0.00	0	|	-49.0	0.30(-49)		|	2	
1976	7	ok	|	0.25	1.00	1.00	0.35	0.00	0	|	rapi	0.00	0.00	0	|	-49.0	0.35(-49)		|	2	
1976	8	ok	|	0.28	1.00	1.00	0.41	0.00	0	|	rapi	0.00	0.00	0	|	-49.0	0.41(-49)		|	2	
1976	9	ok	|	0.32	1.00	1.00	0.47	0.00	0	|	rapi	0.00	0.00	0	|	-49.0	0.47(-49)		|	2	
1976	10	ok	|	0.35	0.99	0.99	0.54	0.00	0	|	rapi	0.00	0.00	0	|	-49.0	0.54(-49)		|	2	
1976	11	ok	|	0.40	0.99	0.99	0.64	0.00	0	|	rapi	0.00	0.00	0	|	-49.0	0.64(-49)		|	2	
1976	12	ok	|	0.42	0.99	0.99	0.70	0.00	0	|	rapi	0.00	0.00	0	|	-49.0	0.70(-49)		|	2	
1976	13	ok	|	0.47	0.99	0.99	0.85	0.00	0	|	rapi	0.00	0.00	0	|	-49.0	0.85(-49)		|	2	
1976	14	ok	|	0.49	0.99	0.99	0.91	0.00	0	|	rapi	0.00	0.00	0	|	-49.0	0.91(-49)		|	2	
1976	15	ok	|	0.56	0.99	0.99	1.06	0.00	0	|	rapi	0.00	0.00	0	|	-49.0	1.06(-49)		|	2	
1976	16	ok	|	0.60	0.99	0.99	1.20	0.00	0	|	rapi	0.00	0.00	0	|	-49.0	1.20(-49)		|	2	
1976	17	ok	|	0.66	0.99	0.99	1.46	0.00	0	|	rapi	0.00	0.00	0	|	-49.0	1.46(-49)		|	2	
1976	18	ok	|	0.73	0.98	0.98	1.70	0.00	0	|	rapi	0.00	0.00	0	|	-49.0	1.70(-49)		|	2	
1976	19	ok	|	0.81	0.98	0.98	2.10	0.00	0	|	rapi	0.00	0.00	0	|	-49.0	2.10(-49)		|	2	
1976	20	ok	|	0.86	0.97	0.97	2.50	0.00	0	|	rapi	0.00	0.00	0	|	-49.0	2.50(-49)		|	2	
1976	21	ok	|	0.90	0.97	0.97	3.06	0.00	0	|	rapi	0.00	0.00	0	|	-49.0	3.06(-49)		|	2	
1976	22	ok	|	0.93	0.96	0.96	3.52	0.00	0	|	rapi	0.00	0.00	0	|	-49.0	3.52(-49)		|	2	
1976	23	ok	|	0.95	0.96	0.96	4.07	0.00	0	|	rapi	0.00	0.00	0	|	-49.0	4.07(-49)		|	2	
1976	24	ok	|	0.97	0.95	0.95	4.64	0.00	0	|	rapi	0.00	0.00	0	|	-49.0	4.64(-49)		|	2	
1976	25	ok	|	0.98	0.94	0.94	5.57	0.00	0	|	rapi	0.00	0.00	0	|	-49.0	5.57(-49)		|	2	
1976	26	ok	|	0.99	0.94	0.94	6.46	0.00	0	|	rapi	0.00	0.00	0	|	-49.0	6.46(-49)		|	2	
1976	27	ok	|	1.00	0.92	0.92	7.61	0.00	0	|	rapi	0.00	0.00	0	|	-49.0	7.61(-49)		|	2	
1976	28	ok	|	1.00	0.91	0.91	9.00	0.00	0	|	rapi	0.00	0.00	0	|	-49.0	9.00(-49)		|	2	
1976	29	ok	|	1.00	0.89	0.89	10.67	0.00	0	|	rapi	0.00	0.00	0	|	-49.0	10.67(-49)		|	2	
1976	30	ok	|	1.00	0.87	0.87	12.64	0.00	0	|	rapi	0.00	0.00	0	|	-49.0	12.64(-49)		|	2	
1976	31	ok	|	1.00	0.85	0.85	14.78	0.00	0	|	rapi	0.00	0.00	0	|	-49.0	14.78(-49)		|	2	
1976	32	ok	|	1.00	0.83	0.83	17.35	0.00	0	|	rapi	0.00	0.00	0	|	-49.0	17.35(-49)		|	2	
1976	33	ok	|	1.00	0.80	0.80	20.34	0.00	0	|	rapi	0.00	0.00	0	|	-49.0	20.34(-49)	0.00(-49)	|	2	
1976	34	ok	|	1.00	0.76	0.76	23.82	0.00	0	|	rapi	0.00	0.00	0	|	-49.0	23.82(-49)	0.00(-49)	|	2	
1976	35	ok	|	1.00	0.72	0.72	27.93	0.00	0	|	rapi	0.01	0.01	0	|	-49.0	27.93(-49)	0.01(-49)	|	2	
1976	36	ok	|	1.00	0.67	0.67	32.60	0.00	0	|	rapi	0.01	0.01	0	|	-49.0	32.60(-49)	0.01(-49)	|	2	
1976	37	ok	|	1.00	0.62	0.62	38.05	0.00	0	|	rapi	0.01	0.01	0	|	-49.0	38.05(-49)	0.01(-49)	|	2	
1976	38	ok	|	1.00	0.56	0.56	44.24	0.00	0	|	rapi	0.01	0.01	0	|	-49.0	44.24(-49)	0.01(-49)	|	2	
1976	39	ok	|	1.00	0.48	0.48	51.59	0.00	0	|	rapi	0.01	0.01	0	|	-49.0	51.59(-49)	0.01(-49)	|	2	
1976	40	ok	|	1.00	0.40	0.40	59.78	0.00	0	|	rapi	0.01	0.01	0	|	-49.0	59.78(-49)	0.01(-49)	|	2	
1976	41	ok	|	1.00	0.31	0.31	69.27	0.00	0	|	rapi	0.00	0.00	0	|	-49.0	69.27(-49)	0.00(-49)	|	2	
1976	42	ok	|	1.00	0.21	0.21	79.21	0.00	0	|	rapi	0.01	0.01	0	|	-49.0	79.21(-49)	0.01(-49)	|	2	
1976	43	ok	|	1.00	0.12	0.12	89.11	0.00	0	|	rapi	0.01	0.01	0	|	-49.0	89.11(-49)	0.01(-49)	|	2	
1976	44	fail-w	|	1.00	0.06	0.06	96.93	0.00	0	|	rapi	0.01	0.01	0	|	-49.0	96.93(-49)	0.01(-49)	|	2	
