1983	0	ok	|	0.09	1.00	1.00	0.10	0.00	0	|	rapi	0.00	0.00	0	|	-61.0	0.10(-61)		|	2	
1983	1	ok	|	0.10	1.00	1.00	0.11	0.00	0	|	rapi	0.00	0.00	0	|	-61.0	0.11(-61)		|	2	
1983	2	ok	|	0.11	1.00	1.00	0.12	0.00	0	|	rapi	0.00	0.00	0	|	-61.0	0.12(-61)		|	2	
1983	3	ok	|	0.14	1.00	1.00	0.18	0.00	0	|	rapi	0.00	0.00	0	|	-61.0	0.18(-61)		|	2	
1983	4	ok	|	0.15	1.00	1.00	0.20	0.00	0	|	rapi	0.00	0.00	0	|	-61.0	0.20(-61)		|	2	
1983	5	ok	|	0.18	1.00	1.00	0.26	0.00	0	|	rapi	0.00	0.00	0	|	-61.0	0.26(-61)		|	2	
1983	6	ok	|	0.21	1.00	1.00	0.31	0.00	0	|	rapi	0.00	0.00	0	|	-61.0	0.31(-61)		|	2	
1983	7	ok	|	0.23	1.00	1.00	0.37	0.00	0	|	rapi	0.00	0.00	0	|	-61.0	0.37(-61)		|	2	
1983	8	ok	|	0.29	1.00	1.00	0.47	0.00	0	|	rapi	0.00	0.00	0	|	-61.0	0.47(-61)		|	2	
1983	9	ok	|	0.33	0.99	0.99	0.53	0.00	0	|	rapi	0.00	0.00	0	|	-61.0	0.53(-61)		|	2	
1983	10	ok	|	0.34	0.99	0.99	0.58	0.00	0	|	rapi	0.00	0.00	0	|	-61.0	0.58(-61)	0.00(-61)	|	2	
1983	11	ok	|	0.41	0.99	0.99	0.71	0.00	0	|	rapi	0.00	0.00	0	|	-61.0	0.71(-61)		|	2	
1983	12	ok	|	0.46	0.99	0.99	0.86	0.00	0	|	rapi	0.00	0.00	0	|	-61.0	0.86(-61)		|	2	
1983	13	ok	|	0.52	0.99	0.99	1.03	0.00	0	|	rapi	0.00	0.00	0	|	-61.0	1.03(-61)		|	2	
1983	14	ok	|	0.60	0.99	0.99	1.27	0.00	0	|	rapi	0.00	0.00	0	|	-61.0	1.27(-61)		|	2	
1983	15	ok	|	0.70	0.98	0.98	1.56	0.00	0	|	rapi	0.00	0.00	0	|	-61.0	1.56(-61)		|	2	
1983	16	ok	|	0.76	0.98	0.98	1.88	0.00	0	|	rapi	0.00	0.00	0	|	-61.0	1.88(-61)		|	2	
1983	17	ok	|	0.81	0.98	0.98	2.24	0.00	0	|	rapi	0.00	0.00	0	|	-61.0	2.24(-61)		|	2	
1983	18	ok	|	0.85	0.97	0.97	2.58	0.00	0	|	rapi	0.00	0.00	0	|	-61.0	2.58(-61)		|	2	
1983	19	ok	|	0.92	0.97	0.97	3.13	0.00	0	|	rapi	0.00	0.00	0	|	-61.0	3.13(-61)		|	2	
1983	20	ok	|	0.94	0.96	0.96	3.73	0.00	0	|	rapi	0.00	0.00	0	|	-61.0	3.73(-61)		|	2	
1983	21	ok	|	0.97	0.96	0.96	4.50	0.00	0	|	rapi	0.00	0.00	0	|	-61.0	4.50(-61)		|	2	
1983	22	ok	|	0.98	0.95	0.95	5.46	0.00	0	|	rapi	0.00	0.00	0	|	-61.0	5.46(-61)		|	2	
1983	23	ok	|	1.00	0.94	0.94	6.40	0.00	0	|	rapi	0.00	0.00	0	|	-61.0	6.40(-61)		|	2	
1983	24	ok	|	1.00	0.92	0.92	7.70	0.00	0	|	rapi	0.00	0.00	0	|	-61.0	7.70(-61)		|	2	
1983	25	ok	|	1.00	0.91	0.91	9.37	0.00	0	|	rapi	0.00	0.00	0	|	-61.0	9.37(-61)		|	2	
1983	26	ok	|	1.00	0.89	0.89	11.15	0.00	0	|	rapi	0.00	0.00	0	|	-61.0	11.15(-61)		|	2	
1983	27	ok	|	1.00	0.87	0.87	13.05	0.00	0	|	rapi	0.00	0.00	0	|	-61.0	13.05(-61)		|	2	
1983	28	ok	|	1.00	0.85	0.85	15.49	0.00	0	|	rapi	0.00	0.00	0	|	-61.0	15.49(-61)		|	2	
1983	29	ok	|	1.00	0.81	0.81	18.62	0.00	0	|	rapi	0.00	0.00	0	|	-61.0	18.62(-61)		|	2	
1983	30	ok	|	1.00	0.78	0.78	21.76	0.00	0	|	rapi	0.00	0.00	0	|	-61.0	21.76(-61)	0.00(-61)	|	2	
1983	31	ok	|	1.00	0.74	0.74	25.82	0.00	0	|	rapi	0.00	0.00	0	|	-61.0	25.82(-61)	0.00(-61)	|	2	
1983	32	ok	|	1.00	0.70	0.70	30.20	0.00	0	|	rapi	0.00	0.00	0	|	-61.0	30.20(-61)	0.00(-61)	|	2	
1983	33	ok	|	1.00	0.65	0.65	35.15	0.00	0	|	rapi	0.00	0.00	0	|	-61.0	35.15(-61)		|	2	
1983	34	ok	|	1.00	0.59	0.59	41.49	0.00	0	|	rapi	0.00	0.00	0	|	-61.0	41.49(-61)	0.00(-61)	|	2	
1983	35	ok	|	1.00	0.52	0.52	48.12	0.00	0	|	rapi	0.00	0.00	0	|	-61.0	48.12(-61)	0.00(-61)	|	2	
1983	36	ok	|	1.00	0.44	0.44	55.90	0.00	0	|	rapi	0.00	0.00	0	|	-61.0	55.90(-61)		|	2	
1983	37	ok	|	1.00	0.36	0.36	64.23	0.00	0	|	rapi	0.00	0.00	0	|	-61.0	64.23(-61)		|	2	
1983	38	ok	|	1.00	0.26	0.26	73.95	0.00	0	|	rapi	0.00	0.00	0	|	-61.0	73.95(-61)		|	2	
1983	39	ok	|	1.00	0.16	0.16	83.95	0.00	0	|	rapi	0.00	0.00	0	|	-61.0	83.95(-61)		|	2	
1983	40	fail-w	|	1.00	0.09	0.09	92.76	0.00	0	|	rapi	0.00	0.00	0	|	-61.0	92.76(-61)		|	2	
