1988	0	ok	|	0.10	1.00	1.00	0.10	0.00	0	|	rapi	0.00	0.00	0	|	-92.0	0.10(-92)		|	191	
1988	1	ok	|	0.12	1.00	1.00	0.13	0.00	0	|	rapi	0.00	0.00	0	|	-92.0	0.13(-92)		|	191	
1988	2	ok	|	0.14	1.00	1.00	0.17	0.00	0	|	rapi	0.00	0.00	0	|	-92.0	0.17(-92)		|	191	
1988	3	ok	|	0.17	1.00	1.00	0.22	0.00	0	|	rapi	0.00	0.00	0	|	-92.0	0.22(-92)		|	191	
1988	4	ok	|	0.19	1.00	1.00	0.24	0.00	0	|	rapi	0.00	0.00	0	|	-92.0	0.24(-92)		|	191	
1988	5	ok	|	0.21	1.00	1.00	0.28	0.00	0	|	rapi	0.00	0.00	0	|	-92.0	0.28(-92)		|	191	
1988	6	ok	|	0.22	1.00	1.00	0.33	0.00	0	|	rapi	0.00	0.00	0	|	-92.0	0.33(-92)	0.00(-92)	|	191	
1988	7	ok	|	0.25	1.00	1.00	0.39	0.00	0	|	rapi	0.00	0.00	0	|	-92.0	0.39(-92)	0.00(-92)	|	191	
1988	8	ok	|	0.30	1.00	1.00	0.46	0.00	0	|	rapi	0.00	0.00	0	|	-92.0	0.46(-92)	0.00(-92)	|	191	
1988	9	ok	|	0.35	0.99	0.99	0.58	0.00	0	|	rapi	0.01	0.01	0	|	-92.0	0.58(-92)	0.01(-92)	|	191	
1988	10	ok	|	0.42	0.99	0.99	0.70	0.00	0	|	rapi	0.00	0.00	0	|	-92.0	0.70(-92)	0.00(-92)	|	191	
1988	11	ok	|	0.47	0.99	0.99	0.78	0.00	0	|	rapi	0.00	0.00	0	|	-92.0	0.78(-92)	0.00(-92)	|	191	
1988	12	ok	|	0.51	0.99	0.99	0.88	0.00	0	|	rapi	0.00	0.00	0	|	-92.0	0.88(-92)	0.00(-92)	|	191	
1988	13	ok	|	0.57	0.99	0.99	1.01	0.00	0	|	rapi	0.00	0.00	0	|	-92.0	1.01(-92)	0.00(-92)	|	191	
1988	14	ok	|	0.61	0.99	0.99	1.20	0.00	0	|	rapi	0.00	0.00	0	|	-92.0	1.20(-92)	0.00(-92)	|	191	
1988	15	ok	|	0.67	0.99	0.99	1.41	0.00	0	|	rapi	0.00	0.00	0	|	-92.0	1.41(-92)	0.00(-92)	|	191	
1988	16	ok	|	0.72	0.98	0.98	1.69	0.00	0	|	rapi	0.00	0.00	0	|	-92.0	1.69(-92)	0.00(-92)	|	191	
1988	17	ok	|	0.77	0.98	0.98	2.01	0.00	0	|	rapi	0.00	0.00	0	|	-92.0	2.01(-92)	0.00(-92)	|	191	
1988	18	ok	|	0.84	0.98	0.98	2.38	0.00	0	|	rapi	0.01	0.01	0	|	-92.0	2.38(-92)	0.01(-92)	|	191	
1988	19	ok	|	0.88	0.97	0.97	2.78	0.00	0	|	rapi	0.01	0.01	0	|	-92.0	2.78(-92)	0.01(-92)	|	191	
1988	20	ok	|	0.91	0.97	0.97	3.21	0.00	0	|	rapi	0.01	0.01	0	|	-92.0	3.21(-92)	0.01(-92)	|	191	
1988	21	ok	|	0.94	0.96	0.96	3.66	0.00	0	|	rapi	0.00	0.00	0	|	-92.0	3.66(-92)	0.00(-92)	|	191	
1988	22	ok	|	0.97	0.96	0.96	4.30	0.00	0	|	rapi	0.01	0.01	0	|	-92.0	4.30(-92)	0.01(-92)	|	191	
1988	23	ok	|	0.98	0.95	0.95	5.05	0.00	0	|	rapi	0.00	0.00	0	|	-92.0	5.05(-92)	0.00(-92)	|	191	
1988	24	ok	|	0.99	0.94	0.94	5.80	0.00	0	|	rapi	0.01	0.01	0	|	-92.0	5.80(-92)	0.01(-92)	|	191	
1988	25	ok	|	0.99	0.93	0.93	6.83	0.00	0	|	rapi	0.00	0.00	0	|	-92.0	6.83(-92)	0.00(-92)	|	191	
1988	26	ok	|	1.00	0.92	0.92	8.04	0.00	0	|	rapi	0.00	0.00	0	|	-92.0	8.04(-92)	0.00(-92)	|	191	
1988	27	ok	|	1.00	0.91	0.91	9.37	0.00	0	|	rapi	0.00	0.00	0	|	-92.0	9.37(-92)		|	191	
1988	28	ok	|	1.00	0.89	0.89	10.97	0.00	0	|	rapi	0.00	0.00	0	|	-92.0	10.97(-92)	0.00(-92)	|	191	
1988	29	ok	|	1.00	0.87	0.87	13.00	0.00	0	|	rapi	0.00	0.00	0	|	-92.0	13.00(-92)	0.00(-92)	|	191	
1988	30	ok	|	1.00	0.85	0.85	15.35	0.00	0	|	rapi	0.00	0.00	0	|	-92.0	15.35(-92)		|	191	
1988	31	ok	|	1.00	0.82	0.82	18.15	0.00	0	|	rapi	0.00	0.00	0	|	-92.0	18.15(-92)	0.00(-92)	|	191	
1988	32	ok	|	1.00	0.79	0.79	20.93	0.00	0	|	rapi	0.01	0.01	0	|	-92.0	20.93(-92)	0.01(-92)	|	191	
1988	33	ok	|	1.00	0.75	0.75	24.55	0.00	0	|	rapi	0.01	0.01	0	|	-92.0	24.55(-92)	0.01(-92)	|	191	
1988	34	ok	|	1.00	0.71	0.71	28.88	0.00	0	|	rapi	0.01	0.01	0	|	-92.0	28.88(-92)	0.01(-92)	|	191	
1988	35	ok	|	1.00	0.66	0.66	33.72	0.00	0	|	rapi	0.01	0.01	0	|	-92.0	33.72(-92)	0.01(-92)	|	191	
1988	36	ok	|	1.00	0.60	0.60	39.64	0.00	0	|	rapi	0.02	0.02	0	|	-92.0	39.64(-92)	0.02(-92)	|	191	
1988	37	ok	|	1.00	0.54	0.54	46.37	0.00	0	|	rapi	0.01	0.01	0	|	-92.0	46.37(-92)	0.01(-92)	|	191	
1988	38	ok	|	1.00	0.46	0.46	54.30	0.00	0	|	rapi	0.02	0.02	0	|	-92.0	54.30(-92)	0.02(-92)	|	191	
1988	39	ok	|	1.00	0.37	0.37	62.73	0.00	0	|	rapi	0.03	0.03	0	|	-92.0	62.73(-92)	0.03(-92)	|	191	
1988	40	ok	|	1.00	0.28	0.28	72.03	0.00	0	|	rapi	0.04	0.04	0	|	-92.0	72.03(-92)	0.04(-92)	|	191	
1988	41	ok	|	1.00	0.19	0.19	81.00	0.00	0	|	rapi	0.06	0.07	0	|	-92.0	81.00(-92)	0.07(-92)	|	191	
1988	42	ok	|	1.00	0.13	0.13	87.80	0.00	0	|	rapi	0.11	0.12	0	|	-92.0	87.80(-92)	0.12(-92)	|	191	
1988	43	fail-w	|	1.00	0.10	0.10	92.36	0.00	0	|	rapi	0.17	0.18	0	|	-92.0	92.36(-92)	0.18(-92)	|	191	
