2098	0	ok	|	0.10	1.00	1.00	0.10	0.00	0	|	rapi	0.00	0.00	0	|	-53.0	0.10(-53)		|	2	
2098	1	ok	|	0.10	1.00	1.00	0.12	0.00	0	|	rapi	0.00	0.00	0	|	-53.0	0.12(-53)		|	2	
2098	2	ok	|	0.12	1.00	1.00	0.16	0.00	0	|	rapi	0.00	0.00	0	|	-53.0	0.16(-53)		|	2	
2098	3	ok	|	0.14	1.00	1.00	0.20	0.00	0	|	rapi	0.00	0.00	0	|	-53.0	0.20(-53)		|	2	
2098	4	ok	|	0.17	1.00	1.00	0.25	0.00	0	|	rapi	0.00	0.00	0	|	-53.0	0.25(-53)		|	2	
2098	5	ok	|	0.23	1.00	1.00	0.35	0.00	0	|	rapi	0.00	0.00	0	|	-53.0	0.35(-53)		|	2	
2098	6	ok	|	0.25	1.00	1.00	0.38	0.00	0	|	rapi	0.00	0.00	0	|	-53.0	0.38(-53)		|	2	
2098	7	ok	|	0.31	1.00	1.00	0.47	0.00	0	|	rapi	0.00	0.00	0	|	-53.0	0.47(-53)		|	2	
2098	8	ok	|	0.37	0.99	0.99	0.58	0.00	0	|	rapi	0.00	0.00	0	|	-53.0	0.58(-53)		|	2	
2098	9	ok	|	0.42	0.99	0.99	0.72	0.00	0	|	rapi	0.00	0.00	0	|	-53.0	0.72(-53)		|	2	
2098	10	ok	|	0.50	0.99	0.99	0.92	0.00	0	|	rapi	0.00	0.00	0	|	-53.0	0.92(-53)		|	2	
2098	11	ok	|	0.56	0.99	0.99	1.13	0.00	0	|	rapi	0.00	0.00	0	|	-53.0	1.13(-53)		|	2	
2098	12	ok	|	0.61	0.99	0.99	1.34	0.00	0	|	rapi	0.00	0.00	0	|	-53.0	1.34(-53)		|	2	
2098	13	ok	|	0.66	0.98	0.98	1.52	0.00	0	|	rapi	0.00	0.00	0	|	-53.0	1.52(-53)		|	2	
2098	14	ok	|	0.76	0.98	0.98	1.93	0.00	0	|	rapi	0.00	0.00	0	|	-53.0	1.93(-53)		|	2	
2098	15	ok	|	0.82	0.98	0.98	2.33	0.00	0	|	rapi	0.00	0.00	0	|	-53.0	2.33(-53)		|	2	
2098	16	ok	|	0.87	0.97	0.97	2.70	0.00	0	|	rapi	0.00	0.00	0	|	-53.0	2.70(-53)		|	2	
2098	17	ok	|	0.92	0.97	0.97	3.23	0.00	0	|	rapi	0.00	0.00	0	|	-53.0	3.23(-53)		|	2	
2098	18	ok	|	0.95	0.96	0.96	3.77	0.00	0	|	rapi	0.00	0.00	0	|	-53.0	3.77(-53)	0.00(-53)	|	2	
2098	19	ok	|	0.97	0.96	0.96	4.39	0.00	0	|	rapi	0.00	0.00	0	|	-53.0	4.39(-53)	0.00(-53)	|	2	
2098	20	ok	|	0.98	0.95	0.95	5.02	0.00	0	|	rapi	0.00	0.00	0	|	-53.0	5.02(-53)		|	2	
2098	21	ok	|	0.99	0.94	0.94	5.90	0.00	0	|	rapi	0.00	0.00	0	|	-53.0	5.90(-53)		|	2	
2098	22	ok	|	0.99	0.93	0.93	6.93	0.00	0	|	rapi	0.00	0.00	0	|	-53.0	6.93(-53)		|	2	
2098	23	ok	|	1.00	0.92	0.92	8.25	0.00	0	|	rapi	0.00	0.00	0	|	-53.0	8.25(-53)		|	2	
2098	24	ok	|	1.00	0.90	0.90	9.66	0.00	0	|	rapi	0.00	0.00	0	|	-53.0	9.66(-53)		|	2	
2098	25	ok	|	1.00	0.89	0.89	11.33	0.00	0	|	rapi	0.00	0.00	0	|	-53.0	11.33(-53)		|	2	
2098	26	ok	|	1.00	0.87	0.87	13.38	0.00	0	|	rapi	0.00	0.00	0	|	-53.0	13.38(-53)		|	2	
2098	27	ok	|	1.00	0.84	0.84	15.69	0.00	0	|	rapi	0.00	0.00	0	|	-53.0	15.69(-53)		|	2	
2098	28	ok	|	1.00	0.82	0.82	18.21	0.00	0	|	rapi	0.00	0.00	0	|	-53.0	18.21(-53)	0.00(-53)	|	2	
2098	29	ok	|	1.00	0.78	0.78	21.69	0.00	0	|	rapi	0.00	0.00	0	|	-53.0	21.69(-53)	0.00(-53)	|	2	
2098	30	ok	|	1.00	0.74	0.74	25.59	0.00	0	|	rapi	0.00	0.00	0	|	-53.0	25.59(-53)	0.00(-53)	|	2	
2098	31	ok	|	1.00	0.70	0.70	30.02	0.00	0	|	rapi	0.00	0.00	0	|	-53.0	30.02(-53)		|	2	
2098	32	ok	|	1.00	0.65	0.65	34.96	0.00	0	|	rapi	0.00	0.00	0	|	-53.0	34.96(-53)	0.00(-53)	|	2	
2098	33	ok	|	1.00	0.59	0.59	40.89	0.00	0	|	rapi	0.00	0.00	0	|	-53.0	40.89(-53)	0.00(-53)	|	2	
2098	34	ok	|	1.00	0.52	0.52	47.54	0.00	0	|	rapi	0.00	0.00	0	|	-53.0	47.54(-53)	0.00(-53)	|	2	
2098	35	ok	|	1.00	0.45	0.45	54.92	0.00	0	|	rapi	0.00	0.00	0	|	-53.0	54.92(-53)	0.00(-53)	|	2	
2098	36	ok	|	1.00	0.36	0.36	63.71	0.00	0	|	rapi	0.00	0.00	0	|	-53.0	63.71(-53)	0.00(-53)	|	2	
2098	37	ok	|	1.00	0.27	0.27	72.95	0.00	0	|	rapi	0.00	0.00	0	|	-53.0	72.95(-53)	0.00(-53)	|	2	
2098	38	ok	|	1.00	0.18	0.18	82.67	0.00	0	|	rapi	0.01	0.01	0	|	-53.0	82.67(-53)	0.01(-53)	|	2	
2098	39	ok	|	1.00	0.10	0.10	91.16	0.00	0	|	rapi	0.01	0.01	0	|	-53.0	91.16(-53)	0.01(-53)	|	2	
2098	40	fail-w	|	1.00	0.06	0.06	97.37	0.00	0	|	rapi	0.02	0.02	0	|	-53.0	97.37(-53)	0.02(-53)	|	2	
