2188	0	ok	|	0.10	1.00	1.00	0.10	0.00	0	|	rapi	0.00	0.00	0	|	-89.0	0.10(-89)		|	48	
2188	1	ok	|	0.10	1.00	1.00	0.11	0.00	0	|	rapi	0.00	0.00	0	|	-89.0	0.11(-89)		|	48	
2188	2	ok	|	0.11	1.00	1.00	0.12	0.00	0	|	rapi	0.00	0.00	0	|	-89.0	0.12(-89)		|	48	
2188	3	ok	|	0.12	1.00	1.00	0.15	0.00	0	|	rapi	0.00	0.00	0	|	-89.0	0.15(-89)		|	48	
2188	4	ok	|	0.15	1.00	1.00	0.19	0.00	0	|	rapi	0.00	0.00	0	|	-89.0	0.19(-89)		|	48	
2188	5	ok	|	0.18	1.00	1.00	0.24	0.00	0	|	rapi	0.00	0.00	0	|	-89.0	0.24(-89)		|	48	
2188	6	ok	|	0.22	1.00	1.00	0.32	0.00	0	|	rapi	0.00	0.00	0	|	-89.0	0.32(-89)		|	48	
2188	7	ok	|	0.27	1.00	1.00	0.41	0.00	0	|	rapi	0.00	0.00	0	|	-89.0	0.41(-89)		|	48	
2188	8	ok	|	0.32	1.00	1.00	0.48	0.00	0	|	rapi	0.00	0.00	0	|	-89.0	0.48(-89)		|	48	
2188	9	ok	|	0.34	0.99	0.99	0.53	0.00	0	|	rapi	0.00	0.00	0	|	-89.0	0.53(-89)	0.00(-89)	|	48	
2188	10	ok	|	0.40	0.99	0.99	0.67	0.00	0	|	rapi	0.00	0.00	0	|	-89.0	0.67(-89)		|	48	
2188	11	ok	|	0.44	0.99	0.99	0.72	0.00	0	|	rapi	0.00	0.00	0	|	-89.0	0.72(-89)		|	48	
2188	12	ok	|	0.49	0.99	0.99	0.86	0.00	0	|	rapi	0.00	0.00	0	|	-89.0	0.86(-89)		|	48	
2188	13	ok	|	0.52	0.99	0.99	0.97	0.00	0	|	rapi	0.00	0.00	0	|	-89.0	0.97(-89)		|	48	
2188	14	ok	|	0.58	0.99	0.99	1.12	0.00	0	|	rapi	0.00	0.00	0	|	-89.0	1.12(-89)		|	48	
2188	15	ok	|	0.63	0.99	0.99	1.31	0.00	0	|	rapi	0.00	0.00	0	|	-89.0	1.31(-89)		|	48	
2188	16	ok	|	0.68	0.98	0.98	1.51	0.00	0	|	rapi	0.00	0.00	0	|	-89.0	1.51(-89)	0.00(-89)	|	48	
2188	17	ok	|	0.75	0.98	0.98	1.79	0.00	0	|	rapi	0.00	0.00	0	|	-89.0	1.79(-89)		|	48	
2188	18	ok	|	0.83	0.98	0.98	2.08	0.00	0	|	rapi	0.00	0.00	0	|	-89.0	2.08(-89)		|	48	
2188	19	ok	|	0.84	0.98	0.98	2.49	0.00	0	|	rapi	0.00	0.00	0	|	-89.0	2.49(-89)		|	48	
2188	20	ok	|	0.90	0.97	0.97	2.93	0.00	0	|	rapi	0.00	0.00	0	|	-89.0	2.93(-89)		|	48	
2188	21	ok	|	0.91	0.97	0.97	3.24	0.00	0	|	rapi	0.00	0.00	0	|	-89.0	3.24(-89)		|	48	
2188	22	ok	|	0.94	0.96	0.96	3.81	0.00	0	|	rapi	0.00	0.00	0	|	-89.0	3.81(-89)		|	48	
2188	23	ok	|	0.96	0.96	0.96	4.46	0.00	0	|	rapi	0.00	0.00	0	|	-89.0	4.46(-89)		|	48	
2188	24	ok	|	0.98	0.95	0.95	5.26	0.00	0	|	rapi	0.00	0.00	0	|	-89.0	5.26(-89)		|	48	
2188	25	ok	|	0.99	0.94	0.94	6.04	0.00	0	|	rapi	0.00	0.00	0	|	-89.0	6.04(-89)		|	48	
2188	26	ok	|	0.99	0.93	0.93	7.07	0.00	0	|	rapi	0.00	0.00	0	|	-89.0	7.07(-89)		|	48	
2188	27	ok	|	1.00	0.92	0.92	8.23	0.00	0	|	rapi	0.00	0.00	0	|	-89.0	8.23(-89)	0.00(-89)	|	48	
2188	28	ok	|	1.00	0.90	0.90	9.56	0.00	0	|	rapi	0.00	0.00	0	|	-89.0	9.56(-89)	0.00(-89)	|	48	
2188	29	ok	|	1.00	0.89	0.89	11.18	0.00	0	|	rapi	0.01	0.01	0	|	-89.0	11.18(-89)	0.01(-89)	|	48	
2188	30	ok	|	1.00	0.87	0.87	13.18	0.00	0	|	rapi	0.01	0.01	0	|	-89.0	13.18(-89)	0.01(-89)	|	48	
2188	31	ok	|	1.00	0.84	0.84	15.74	0.00	0	|	rapi	0.01	0.01	0	|	-89.0	15.74(-89)	0.01(-89)	|	48	
2188	32	ok	|	1.00	0.81	0.81	18.63	0.00	0	|	rapi	0.01	0.01	0	|	-89.0	18.63(-89)	0.01(-89)	|	48	
2188	33	ok	|	1.00	0.78	0.78	21.70	0.00	0	|	rapi	0.01	0.01	0	|	-89.0	21.70(-89)	0.01(-89)	|	48	
2188	34	ok	|	1.00	0.74	0.74	25.54	0.00	0	|	rapi	0.01	0.01	0	|	-89.0	25.54(-89)	0.01(-89)	|	48	
2188	35	ok	|	1.00	0.70	0.70	29.73	0.00	0	|	rapi	0.01	0.01	0	|	-89.0	29.73(-89)	0.01(-89)	|	48	
2188	36	ok	|	1.00	0.66	0.66	34.26	0.00	0	|	rapi	0.02	0.02	0	|	-89.0	34.26(-89)	0.02(-89)	|	48	
2188	37	ok	|	1.00	0.60	0.60	40.12	0.00	0	|	rapi	0.02	0.02	0	|	-89.0	40.12(-89)	0.02(-89)	|	48	
2188	38	ok	|	1.00	0.53	0.53	46.99	0.00	0	|	rapi	0.03	0.03	0	|	-89.0	46.99(-89)	0.03(-89)	|	48	
2188	39	ok	|	1.00	0.45	0.45	55.07	0.00	0	|	rapi	0.03	0.03	0	|	-89.0	55.07(-89)	0.03(-89)	|	48	
2188	40	ok	|	1.00	0.36	0.36	63.56	0.00	0	|	rapi	0.03	0.03	0	|	-89.0	63.56(-89)	0.03(-89)	|	48	
2188	41	ok	|	1.00	0.28	0.28	72.31	0.00	0	|	rapi	0.04	0.04	0	|	-89.0	72.31(-89)	0.04(-89)	|	48	
2188	42	ok	|	1.00	0.18	0.18	81.94	0.00	0	|	rapi	0.06	0.06	0	|	-89.0	81.94(-89)	0.06(-89)	|	48	
2188	43	ok	|	1.00	0.12	0.12	89.08	0.00	0	|	rapi	0.10	0.10	0	|	-89.0	89.08(-89)	0.10(-89)	|	48	
2188	44	fail-w	|	1.00	0.10	0.10	92.59	0.00	0	|	rapi	0.18	0.20	0	|	-89.0	92.59(-89)	0.20(-89)	|	48	
