2354	0	ok	|	0.09	1.00	1.00	0.10	0.00	0	|	rapi	0.07	0.07	0	|	45.0	0.10(45)	0.07(45)	|	5460	
2354	1	ok	|	0.09	1.00	1.00	0.10	0.00	0	|	rapi	0.08	0.08	0	|	45.0	0.10(45)	0.08(45)	|	5460	
2354	2	ok	|	0.09	1.00	1.00	0.10	0.00	0	|	rapi	0.07	0.08	0	|	45.0	0.10(45)	0.08(45)	|	5460	
2354	3	ok	|	0.09	1.00	1.00	0.10	0.00	0	|	rapi	0.07	0.08	0	|	45.0	0.10(45)	0.08(45)	|	5460	
2354	4	ok	|	0.09	1.00	1.00	0.10	0.00	0	|	rapi	0.07	0.08	0	|	45.0	0.10(45)	0.08(45)	|	5460	
2354	5	ok	|	0.10	1.00	1.00	0.10	0.00	0	|	rapi	0.08	0.08	0	|	45.0	0.10(45)	0.08(45)	|	5460	
2354	6	ok	|	0.10	1.00	1.00	0.10	0.00	0	|	rapi	0.08	0.08	0	|	45.0	0.10(45)	0.08(45)	|	5460	
2354	7	ok	|	0.10	1.00	1.00	0.11	0.00	0	|	rapi	0.08	0.08	0	|	45.0	0.11(45)	0.08(45)	|	5460	
2354	8	ok	|	0.09	1.00	1.00	0.10	0.00	0	|	rapi	0.06	0.07	0	|	45.0	0.10(45)	0.07(45)	|	5460	
2354	9	ok	|	0.09	1.00	1.00	0.09	0.00	0	|	rapi	0.07	0.07	0	|	45.0	0.09(45)	0.07(45)	|	5460	
2354	10	ok	|	0.08	1.00	1.00	0.08	0.00	0	|	rapi	0.06	0.06	0	|	45.0	0.08(45)	0.06(45)	|	5460	
2354	11	ok	|	0.07	1.00	1.00	0.08	0.00	0	|	rapi	0.06	0.06	0	|	45.0	0.08(45)	0.06(45)	|	5460	
2354	12	ok	|	0.07	1.00	1.00	0.07	0.00	0	|	rapi	0.05	0.05	0	|	45.0	0.07(45)	0.05(45)	|	5460	
2354	13	ok	|	0.08	1.00	1.00	0.08	0.00	0	|	rapi	0.06	0.06	0	|	45.0	0.08(45)	0.06(45)	|	5460	
2354	14	ok	|	0.08	1.00	1.00	0.09	0.00	0	|	rapi	0.06	0.06	0	|	45.0	0.09(45)	0.06(45)	|	5460	
2354	15	ok	|	0.09	1.00	1.00	0.09	0.00	0	|	rapi	0.07	0.07	0	|	45.0	0.09(45)	0.07(45)	|	5460	
2354	16	ok	|	0.09	1.00	1.00	0.09	0.00	0	|	rapi	0.08	0.08	0	|	45.0	0.09(45)	0.08(45)	|	5460	
2354	17	ok	|	0.10	1.00	1.00	0.10	0.00	0	|	rapi	0.08	0.09	0	|	45.0	0.10(45)	0.09(45)	|	5460	
2354	18	ok	|	0.10	1.00	1.00	0.10	0.00	0	|	rapi	0.09	0.09	0	|	45.0	0.10(45)	0.09(45)	|	5460	
2354	19	ok	|	0.09	1.00	1.00	0.10	0.00	0	|	rapi	0.08	0.08	0	|	45.0	0.10(45)	0.08(45)	|	5460	
2354	20	ok	|	0.09	1.00	1.00	0.10	0.00	0	|	rapi	0.08	0.09	0	|	45.0	0.10(45)	0.09(45)	|	5460	
2354	21	ok	|	0.07	1.00	1.00	0.08	0.00	0	|	rapi	0.07	0.07	0	|	45.0	0.08(45)	0.07(45)	|	5460	
2354	22	ok	|	0.07	1.00	1.00	0.07	0.00	0	|	rapi	0.07	0.07	0	|	45.0	0.07(45)	0.07(45)	|	5460	
2354	23	ok	|	0.08	1.00	1.00	0.09	0.00	0	|	rapi	0.08	0.08	0	|	45.0	0.09(45)	0.08(45)	|	5460	
2354	24	ok	|	0.09	1.00	1.00	0.10	0.00	0	|	rapi	0.09	0.09	0	|	45.0	0.10(45)	0.09(45)	|	5460	
2354	25	ok	|	0.10	1.00	1.00	0.11	0.00	0	|	rapi	0.10	0.10	0	|	45.0	0.11(45)	0.10(45)	|	5460	
2354	26	ok	|	0.12	1.00	1.00	0.12	0.01	0	|	rapi	0.12	0.12	0	|	45.0	0.12(45)	0.12(45)	|	5460	
2354	27	ok	|	0.12	1.00	1.00	0.13	0.01	0	|	rapi	0.12	0.13	0	|	45.0	0.13(45)	0.13(45)	|	5460	
2354	28	ok	|	0.12	1.00	1.00	0.13	0.01	0	|	rapi	0.12	0.13	0	|	45.0	0.13(45)	0.13(45)	|	5460	
2354	29	ok	|	0.12	1.00	1.00	0.14	0.01	0	|	rapi	0.12	0.14	0	|	45.0	0.14(45)	0.14(45)	|	5460	
2354	30	ok	|	0.14	1.00	1.00	0.15	0.01	0	|	rapi	0.14	0.15	0	|	45.0	0.15(45)	0.15(45)	|	5460	
2354	31	ok	|	0.12	1.00	1.00	0.13	0.01	0	|	rapi	0.12	0.13	0	|	45.0	0.13(45)	0.13(45)	|	5460	
2354	32	ok	|	0.12	1.00	1.00	0.13	0.01	0	|	rapi	0.12	0.13	0	|	45.0	0.13(45)	0.13(45)	|	5460	
2354	33	ok	|	0.12	1.00	1.00	0.12	0.01	0	|	rapi	0.12	0.12	0	|	45.0	0.12(45)	0.12(45)	|	5460	
2354	34	ok	|	0.12	1.00	1.00	0.13	0.01	0	|	rapi	0.12	0.13	0	|	45.0	0.13(45)	0.13(45)	|	5460	
2354	35	ok	|	0.13	1.00	1.00	0.13	0.02	0	|	rapi	0.13	0.13	0	|	45.0	0.13(45)	0.13(45)	|	5460	
2354	36	ok	|	0.14	1.00	1.00	0.14	0.02	0	|	rapi	0.14	0.14	0	|	45.0	0.14(45)	0.14(45)	|	5460	
2354	37	ok	|	0.15	1.00	1.00	0.16	0.02	0	|	rapi	0.15	0.16	0	|	45.0	0.16(45)	0.16(45)	|	5460	
2354	38	ok	|	0.13	1.00	1.00	0.14	0.02	0	|	rapi	0.13	0.14	0	|	45.0	0.14(45)	0.14(45)	|	5460	
2354	39	ok	|	0.14	1.00	1.00	0.14	0.02	0	|	rapi	0.14	0.14	0	|	45.0	0.14(45)	0.14(45)	|	5460	
2354	40	ok	|	0.14	1.00	1.00	0.15	0.02	0	|	rapi	0.14	0.15	0	|	45.0	0.15(45)	0.15(45)	|	5460	
2354	41	ok	|	0.14	1.00	1.00	0.15	0.02	0	|	rapi	0.14	0.15	0	|	45.0	0.15(45)	0.15(45)	|	5460	
2354	42	ok	|	0.14	1.00	1.00	0.15	0.02	0	|	rapi	0.14	0.15	0	|	45.0	0.15(45)	0.15(45)	|	5460	
2354	43	ok	|	0.16	1.00	1.00	0.17	0.02	0	|	rapi	0.16	0.17	0	|	45.0	0.17(45)	0.17(45)	|	5460	
2354	44	ok	|	0.17	1.00	1.00	0.17	0.02	0	|	rapi	0.17	0.17	0	|	45.0	0.17(45)	0.17(45)	|	5460	
2354	45	ok	|	0.17	1.00	1.00	0.18	0.02	0	|	rapi	0.17	0.18	0	|	45.0	0.18(45)	0.18(45)	|	5460	
2354	46	ok	|	0.17	1.00	1.00	0.18	0.02	0	|	rapi	0.17	0.18	0	|	45.0	0.18(45)	0.18(45)	|	5460	
2354	47	ok	|	0.18	1.00	1.00	0.19	0.02	0	|	rapi	0.18	0.19	0	|	45.0	0.19(45)	0.19(45)	|	5460	
2354	48	ok	|	0.21	1.00	1.00	0.22	0.03	0	|	rapi	0.21	0.22	0	|	45.0	0.22(45)	0.22(45)	|	5460	
2354	49	ok	|	0.22	1.00	1.00	0.23	0.03	0	|	rapi	0.22	0.23	0	|	45.0	0.23(45)	0.23(45)	|	5460	
2354	50	ok	|	0.20	1.00	1.00	0.21	0.03	0	|	rapi	0.20	0.21	0	|	45.0	0.21(45)	0.21(45)	|	5460	
2354	51	ok	|	0.17	1.00	1.00	0.19	0.02	0	|	rapi	0.17	0.19	0	|	45.0	0.19(45)	0.19(45)	|	5460	
2354	52	ok	|	0.18	1.00	1.00	0.20	0.02	0	|	rapi	0.18	0.20	0	|	45.0	0.20(45)	0.20(45)	|	5460	
2354	53	ok	|	0.19	1.00	1.00	0.20	0.03	0	|	rapi	0.19	0.20	0	|	45.0	0.20(45)	0.20(45)	|	5460	
2354	54	ok	|	0.20	1.00	1.00	0.22	0.03	0	|	rapi	0.20	0.22	0	|	45.0	0.22(45)	0.22(45)	|	5460	
2354	55	ok	|	0.20	1.00	1.00	0.21	0.03	0	|	rapi	0.20	0.21	0	|	45.0	0.21(45)	0.21(45)	|	5460	
2354	56	ok	|	0.19	1.00	1.00	0.20	0.03	0	|	rapi	0.19	0.20	0	|	45.0	0.20(45)	0.20(45)	|	5460	
2354	57	ok	|	0.21	1.00	1.00	0.22	0.03	0	|	rapi	0.21	0.22	0	|	45.0	0.22(45)	0.22(45)	|	5460	
2354	58	ok	|	0.20	1.00	1.00	0.21	0.03	0	|	rapi	0.20	0.21	0	|	45.0	0.21(45)	0.21(45)	|	5460	
2354	59	ok	|	0.18	1.00	1.00	0.20	0.03	0	|	rapi	0.18	0.20	0	|	45.0	0.20(45)	0.20(45)	|	5460	
2354	60	ok	|	0.17	1.00	1.00	0.19	0.03	0	|	rapi	0.17	0.19	0	|	45.0	0.19(45)	0.19(45)	|	5460	
2354	61	ok	|	0.16	1.00	1.00	0.17	0.03	0	|	rapi	0.16	0.17	0	|	45.0	0.17(45)	0.17(45)	|	5460	
2354	62	ok	|	0.17	1.00	1.00	0.19	0.03	0	|	rapi	0.17	0.19	0	|	45.0	0.19(45)	0.19(45)	|	5460	
2354	63	ok	|	0.17	1.00	1.00	0.18	0.03	0	|	rapi	0.17	0.18	0	|	45.0	0.18(45)	0.18(45)	|	5460	
2354	64	ok	|	0.16	1.00	1.00	0.18	0.03	0	|	rapi	0.16	0.18	0	|	45.0	0.18(45)	0.18(45)	|	5460	
2354	65	ok	|	0.16	1.00	1.00	0.17	0.03	0	|	rapi	0.16	0.17	0	|	45.0	0.17(45)	0.17(45)	|	5460	
2354	66	ok	|	0.17	1.00	1.00	0.18	0.03	0	|	rapi	0.17	0.18	0	|	45.0	0.18(45)	0.18(45)	|	5460	
2354	67	ok	|	0.15	1.00	1.00	0.16	0.03	0	|	rapi	0.15	0.16	0	|	45.0	0.16(45)	0.16(45)	|	5460	
2354	68	ok	|	0.14	1.00	1.00	0.15	0.03	0	|	rapi	0.14	0.15	0	|	45.0	0.15(45)	0.15(45)	|	5460	
2354	69	ok	|	0.15	1.00	1.00	0.16	0.03	0	|	rapi	0.15	0.16	0	|	45.0	0.16(45)	0.16(45)	|	5460	
2354	70	ok	|	0.18	1.00	1.00	0.19	0.03	0	|	rapi	0.18	0.19	0	|	45.0	0.19(45)	0.19(45)	|	5460	
2354	71	ok	|	0.17	1.00	1.00	0.20	0.03	0	|	rapi	0.17	0.20	0	|	45.0	0.20(45)	0.20(45)	|	5460	
2354	72	ok	|	0.19	1.00	1.00	0.21	0.03	0	|	rapi	0.19	0.21	0	|	45.0	0.21(45)	0.21(45)	|	5460	
2354	73	ok	|	0.17	1.00	1.00	0.20	0.03	0	|	rapi	0.17	0.20	0	|	45.0	0.20(45)	0.20(45)	|	5460	
2354	74	ok	|	0.18	1.00	1.00	0.20	0.03	0	|	rapi	0.18	0.20	0	|	45.0	0.20(45)	0.20(45)	|	5460	
2354	75	ok	|	0.19	1.00	1.00	0.21	0.04	0	|	rapi	0.19	0.21	0	|	45.0	0.21(45)	0.21(45)	|	5460	
2354	76	ok	|	0.21	1.00	1.00	0.23	0.04	0	|	rapi	0.21	0.23	0	|	45.0	0.23(45)	0.23(45)	|	5460	
2354	77	ok	|	0.21	1.00	1.00	0.22	0.04	0	|	rapi	0.21	0.22	0	|	45.0	0.22(45)	0.22(45)	|	5460	
2354	78	ok	|	0.21	1.00	1.00	0.23	0.04	0	|	rapi	0.21	0.23	0	|	45.0	0.23(45)	0.23(45)	|	5460	
2354	79	ok	|	0.24	1.00	1.00	0.25	0.04	0	|	rapi	0.24	0.25	0	|	45.0	0.25(45)	0.25(45)	|	5460	
2354	80	ok	|	0.24	1.00	1.00	0.26	0.04	0	|	rapi	0.24	0.26	0	|	45.0	0.26(45)	0.26(45)	|	5460	
2354	81	ok	|	0.25	1.00	1.00	0.28	0.05	0	|	rapi	0.25	0.28	0	|	45.0	0.28(45)	0.28(45)	|	5460	
2354	82	ok	|	0.24	1.00	1.00	0.27	0.04	0	|	rapi	0.24	0.27	0	|	45.0	0.27(45)	0.27(45)	|	5460	
2354	83	ok	|	0.25	1.00	1.00	0.27	0.05	0	|	rapi	0.25	0.27	0	|	45.0	0.27(45)	0.27(45)	|	5460	
2354	84	ok	|	0.26	1.00	1.00	0.28	0.05	0	|	rapi	0.26	0.28	0	|	45.0	0.28(45)	0.28(45)	|	5460	
2354	85	ok	|	0.24	1.00	1.00	0.26	0.04	0	|	rapi	0.24	0.26	0	|	45.0	0.26(45)	0.26(45)	|	5460	
2354	86	ok	|	0.25	1.00	1.00	0.27	0.05	0	|	rapi	0.25	0.27	0	|	45.0	0.27(45)	0.27(45)	|	5460	
2354	87	ok	|	0.23	1.00	1.00	0.26	0.04	0	|	rapi	0.23	0.26	0	|	45.0	0.26(45)	0.26(45)	|	5460	
2354	88	ok	|	0.22	1.00	1.00	0.25	0.04	0	|	rapi	0.22	0.25	0	|	45.0	0.25(45)	0.25(45)	|	5460	
2354	89	ok	|	0.24	1.00	1.00	0.27	0.04	0	|	rapi	0.24	0.27	0	|	45.0	0.27(45)	0.27(45)	|	5460	
2354	90	ok	|	0.23	1.00	1.00	0.26	0.04	0	|	rapi	0.23	0.26	0	|	45.0	0.26(45)	0.26(45)	|	5460	
2354	91	ok	|	0.25	1.00	1.00	0.26	0.04	0	|	rapi	0.25	0.26	0	|	45.0	0.26(45)	0.26(45)	|	5460	
2354	92	ok	|	0.25	1.00	1.00	0.27	0.04	0	|	rapi	0.25	0.27	0	|	45.0	0.27(45)	0.27(45)	|	5460	
2354	93	ok	|	0.22	1.00	1.00	0.24	0.04	0	|	rapi	0.22	0.24	0	|	45.0	0.24(45)	0.24(45)	|	5460	
2354	94	ok	|	0.21	1.00	1.00	0.22	0.04	0	|	rapi	0.21	0.22	0	|	45.0	0.22(45)	0.22(45)	|	5460	
2354	95	ok	|	0.20	1.00	1.00	0.20	0.03	0	|	rapi	0.20	0.20	0	|	45.0	0.20(45)	0.20(45)	|	5460	
2354	96	ok	|	0.17	1.00	1.00	0.18	0.03	0	|	rapi	0.17	0.18	0	|	45.0	0.18(45)	0.18(45)	|	5460	
2354	97	ok	|	0.18	1.00	1.00	0.19	0.03	0	|	rapi	0.18	0.19	0	|	45.0	0.19(45)	0.19(45)	|	5460	
2354	98	ok	|	0.19	1.00	1.00	0.20	0.03	0	|	rapi	0.19	0.20	0	|	45.0	0.20(45)	0.20(45)	|	5460	
2354	99	ok	|	0.18	1.00	1.00	0.20	0.03	0	|	rapi	0.18	0.20	0	|	45.0	0.20(45)	0.20(45)	|	5460	
2354	100	ok	|	0.20	1.00	1.00	0.23	0.04	0	|	rapi	0.20	0.23	0	|	45.0	0.23(45)	0.23(45)	|	5460	
2354	101	ok	|	0.21	1.00	1.00	0.23	0.04	0	|	rapi	0.21	0.23	0	|	45.0	0.23(45)	0.23(45)	|	5460	
2354	102	ok	|	0.21	1.00	1.00	0.23	0.04	0	|	rapi	0.21	0.23	0	|	45.0	0.23(45)	0.23(45)	|	5460	
2354	103	ok	|	0.23	1.00	1.00	0.26	0.04	0	|	rapi	0.23	0.26	0	|	45.0	0.26(45)	0.26(45)	|	5460	
2354	104	ok	|	0.26	1.00	1.00	0.29	0.05	0	|	rapi	0.26	0.29	0	|	45.0	0.29(45)	0.29(45)	|	5460	
2354	105	ok	|	0.28	1.00	1.00	0.30	0.05	0	|	rapi	0.28	0.30	0	|	45.0	0.30(45)	0.30(45)	|	5460	
2354	106	ok	|	0.26	1.00	1.00	0.29	0.05	0	|	rapi	0.26	0.29	0	|	45.0	0.29(45)	0.29(45)	|	5460	
2354	107	ok	|	0.26	1.00	1.00	0.30	0.05	0	|	rapi	0.26	0.30	0	|	45.0	0.30(45)	0.30(45)	|	5460	
2354	108	ok	|	0.27	1.00	1.00	0.32	0.05	0	|	rapi	0.27	0.32	0	|	45.0	0.32(45)	0.32(45)	|	5460	
2354	109	ok	|	0.29	1.00	1.00	0.34	0.06	0	|	rapi	0.29	0.34	0	|	45.0	0.34(45)	0.34(45)	|	5460	
2354	110	ok	|	0.30	1.00	1.00	0.34	0.06	0	|	rapi	0.30	0.34	0	|	45.0	0.34(45)	0.34(45)	|	5460	
2354	111	ok	|	0.30	1.00	1.00	0.34	0.06	0	|	rapi	0.30	0.34	0	|	45.0	0.34(45)	0.34(45)	|	5460	
2354	112	ok	|	0.30	1.00	1.00	0.35	0.06	0	|	rapi	0.30	0.35	0	|	45.0	0.35(45)	0.35(45)	|	5460	
2354	113	ok	|	0.30	1.00	1.00	0.35	0.06	0	|	rapi	0.30	0.35	0	|	45.0	0.35(45)	0.35(45)	|	5460	
2354	114	ok	|	0.31	1.00	1.00	0.37	0.06	0	|	rapi	0.31	0.37	0	|	45.0	0.37(45)	0.37(45)	|	5460	
2354	115	ok	|	0.33	1.00	1.00	0.39	0.07	0	|	rapi	0.33	0.39	0	|	45.0	0.39(45)	0.39(45)	|	5460	
2354	116	ok	|	0.33	1.00	1.00	0.40	0.07	0	|	rapi	0.33	0.40	0	|	45.0	0.40(45)	0.40(45)	|	5460	
2354	117	ok	|	0.35	1.00	1.00	0.41	0.07	0	|	rapi	0.35	0.41	0	|	45.0	0.41(45)	0.41(45)	|	5460	
2354	118	ok	|	0.36	1.00	1.00	0.43	0.07	0	|	rapi	0.36	0.43	0	|	45.0	0.43(45)	0.43(45)	|	5460	
2354	119	ok	|	0.36	1.00	1.00	0.45	0.07	0	|	rapi	0.36	0.45	0	|	45.0	0.45(45)	0.45(45)	|	5460	
2354	120	ok	|	0.39	1.00	1.00	0.49	0.08	0	|	rapi	0.39	0.49	0	|	45.0	0.49(45)	0.49(45)	|	5460	
2354	121	ok	|	0.38	1.00	1.00	0.47	0.08	0	|	rapi	0.38	0.47	0	|	45.0	0.47(45)	0.47(45)	|	5460	
2354	122	ok	|	0.39	1.00	1.00	0.48	0.08	0	|	rapi	0.39	0.48	0	|	45.0	0.48(45)	0.48(45)	|	5460	
2354	123	ok	|	0.40	1.00	1.00	0.49	0.08	0	|	rapi	0.40	0.49	0	|	45.0	0.49(45)	0.49(45)	|	5460	
2354	124	ok	|	0.39	1.00	1.00	0.48	0.08	0	|	rapi	0.39	0.48	0	|	45.0	0.48(45)	0.48(45)	|	5460	
2354	125	ok	|	0.39	1.00	1.00	0.47	0.08	0	|	rapi	0.39	0.47	0	|	45.0	0.47(45)	0.47(45)	|	5460	
2354	126	ok	|	0.39	1.00	1.00	0.47	0.08	0	|	rapi	0.39	0.47	0	|	45.0	0.47(45)	0.47(45)	|	5460	
2354	127	ok	|	0.40	1.00	1.00	0.48	0.08	0	|	rapi	0.40	0.48	0	|	45.0	0.48(45)	0.48(45)	|	5460	
2354	128	ok	|	0.40	1.00	1.00	0.51	0.09	0	|	rapi	0.40	0.51	0	|	45.0	0.51(45)	0.51(45)	|	5460	
2354	129	ok	|	0.41	1.00	1.00	0.54	0.09	0	|	rapi	0.41	0.54	0	|	45.0	0.54(45)	0.54(45)	|	5460	
2354	130	ok	|	0.42	1.00	1.00	0.52	0.09	0	|	rapi	0.42	0.52	0	|	45.0	0.52(45)	0.52(45)	|	5460	
2354	131	ok	|	0.42	1.00	1.00	0.52	0.09	0	|	rapi	0.42	0.52	0	|	45.0	0.52(45)	0.52(45)	|	5460	
2354	132	ok	|	0.41	1.00	1.00	0.51	0.08	0	|	rapi	0.41	0.51	0	|	45.0	0.51(45)	0.51(45)	|	5460	
2354	133	ok	|	0.43	1.00	1.00	0.54	0.09	0	|	rapi	0.43	0.54	0	|	45.0	0.54(45)	0.54(45)	|	5460	
2354	134	ok	|	0.43	1.00	1.00	0.55	0.09	0	|	rapi	0.43	0.55	0	|	45.0	0.55(45)	0.55(45)	|	5460	
2354	135	ok	|	0.41	1.00	1.00	0.51	0.08	0	|	rapi	0.41	0.51	0	|	45.0	0.51(45)	0.51(45)	|	5460	
2354	136	ok	|	0.41	1.00	1.00	0.51	0.09	0	|	rapi	0.41	0.51	0	|	45.0	0.51(45)	0.51(45)	|	5460	
2354	137	ok	|	0.40	1.00	1.00	0.49	0.08	0	|	rapi	0.40	0.49	0	|	45.0	0.49(45)	0.49(45)	|	5460	
2354	138	ok	|	0.39	1.00	1.00	0.47	0.08	0	|	rapi	0.39	0.47	0	|	45.0	0.47(45)	0.47(45)	|	5460	
2354	139	ok	|	0.39	1.00	1.00	0.47	0.08	0	|	rapi	0.39	0.47	0	|	45.0	0.47(45)	0.47(45)	|	5460	
2354	140	ok	|	0.36	1.00	1.00	0.43	0.07	0	|	rapi	0.36	0.43	0	|	45.0	0.43(45)	0.43(45)	|	5460	
2354	141	ok	|	0.36	1.00	1.00	0.44	0.07	0	|	rapi	0.36	0.44	0	|	45.0	0.44(45)	0.44(45)	|	5460	
2354	142	ok	|	0.39	1.00	1.00	0.47	0.08	0	|	rapi	0.39	0.47	0	|	45.0	0.47(45)	0.47(45)	|	5460	
2354	143	ok	|	0.40	1.00	1.00	0.48	0.08	0	|	rapi	0.40	0.48	0	|	45.0	0.48(45)	0.48(45)	|	5460	
2354	144	ok	|	0.38	1.00	1.00	0.48	0.08	0	|	rapi	0.38	0.48	0	|	45.0	0.48(45)	0.48(45)	|	5460	
2354	145	ok	|	0.41	1.00	1.00	0.52	0.09	0	|	rapi	0.41	0.52	0	|	45.0	0.52(45)	0.52(45)	|	5460	
2354	146	ok	|	0.42	1.00	1.00	0.53	0.09	0	|	rapi	0.42	0.53	0	|	45.0	0.53(45)	0.53(45)	|	5460	
2354	147	ok	|	0.42	1.00	1.00	0.52	0.09	0	|	rapi	0.42	0.52	0	|	45.0	0.52(45)	0.52(45)	|	5460	
2354	148	ok	|	0.41	1.00	1.00	0.49	0.08	0	|	rapi	0.41	0.49	0	|	45.0	0.49(45)	0.49(45)	|	5460	
2354	149	ok	|	0.39	1.00	1.00	0.47	0.08	0	|	rapi	0.39	0.47	0	|	45.0	0.47(45)	0.47(45)	|	5460	
2354	150	ok	|	0.38	1.00	1.00	0.46	0.08	0	|	rapi	0.38	0.46	0	|	45.0	0.46(45)	0.46(45)	|	5460	
2354	151	ok	|	0.35	1.00	1.00	0.43	0.07	0	|	rapi	0.35	0.43	0	|	45.0	0.43(45)	0.43(45)	|	5460	
2354	152	ok	|	0.38	1.00	1.00	0.46	0.08	0	|	rapi	0.38	0.46	0	|	45.0	0.46(45)	0.46(45)	|	5460	
2354	153	ok	|	0.39	1.00	1.00	0.45	0.07	0	|	rapi	0.39	0.45	0	|	45.0	0.45(45)	0.45(45)	|	5460	
2354	154	ok	|	0.39	1.00	1.00	0.47	0.08	0	|	rapi	0.39	0.47	0	|	45.0	0.47(45)	0.47(45)	|	5460	
2354	155	ok	|	0.37	1.00	1.00	0.44	0.07	0	|	rapi	0.37	0.44	0	|	45.0	0.44(45)	0.44(45)	|	5460	
2354	156	ok	|	0.36	1.00	1.00	0.43	0.07	0	|	rapi	0.36	0.43	0	|	45.0	0.43(45)	0.43(45)	|	5460	
2354	157	ok	|	0.36	1.00	1.00	0.42	0.07	0	|	rapi	0.36	0.42	0	|	45.0	0.42(45)	0.42(45)	|	5460	
2354	158	ok	|	0.36	1.00	1.00	0.43	0.07	0	|	rapi	0.36	0.43	0	|	45.0	0.43(45)	0.43(45)	|	5460	
2354	159	ok	|	0.36	1.00	1.00	0.42	0.07	0	|	rapi	0.36	0.42	0	|	45.0	0.42(45)	0.42(45)	|	5460	
2354	160	ok	|	0.36	1.00	1.00	0.43	0.07	0	|	rapi	0.36	0.43	0	|	45.0	0.43(45)	0.43(45)	|	5460	
2354	161	ok	|	0.35	1.00	1.00	0.42	0.07	0	|	rapi	0.35	0.42	0	|	45.0	0.42(45)	0.42(45)	|	5460	
2354	162	ok	|	0.35	1.00	1.00	0.42	0.07	0	|	rapi	0.35	0.42	0	|	45.0	0.42(45)	0.42(45)	|	5460	
2354	163	ok	|	0.34	1.00	1.00	0.41	0.07	0	|	rapi	0.34	0.41	0	|	45.0	0.41(45)	0.41(45)	|	5460	
2354	164	ok	|	0.32	1.00	1.00	0.39	0.07	0	|	rapi	0.32	0.39	0	|	45.0	0.39(45)	0.39(45)	|	5460	
2354	165	ok	|	0.33	1.00	1.00	0.41	0.07	0	|	rapi	0.33	0.41	0	|	45.0	0.41(45)	0.41(45)	|	5460	
2354	166	ok	|	0.33	1.00	1.00	0.40	0.07	0	|	rapi	0.33	0.40	0	|	45.0	0.40(45)	0.40(45)	|	5460	
2354	167	ok	|	0.34	1.00	1.00	0.42	0.07	0	|	rapi	0.34	0.42	0	|	45.0	0.42(45)	0.42(45)	|	5460	
2354	168	ok	|	0.36	1.00	1.00	0.45	0.07	0	|	rapi	0.36	0.45	0	|	45.0	0.45(45)	0.45(45)	|	5460	
2354	169	ok	|	0.37	1.00	1.00	0.43	0.07	0	|	rapi	0.37	0.43	0	|	45.0	0.43(45)	0.43(45)	|	5460	
2354	170	ok	|	0.33	1.00	1.00	0.39	0.06	0	|	rapi	0.33	0.39	0	|	45.0	0.39(45)	0.39(45)	|	5460	
2354	171	ok	|	0.33	1.00	1.00	0.39	0.07	0	|	rapi	0.33	0.39	0	|	45.0	0.39(45)	0.39(45)	|	5460	
2354	172	ok	|	0.32	1.00	1.00	0.38	0.06	0	|	rapi	0.32	0.38	0	|	45.0	0.38(45)	0.38(45)	|	5460	
2354	173	ok	|	0.36	1.00	1.00	0.42	0.07	0	|	rapi	0.36	0.42	0	|	45.0	0.42(45)	0.42(45)	|	5460	
2354	174	ok	|	0.34	1.00	1.00	0.41	0.07	0	|	rapi	0.34	0.41	0	|	45.0	0.41(45)	0.41(45)	|	5460	
2354	175	ok	|	0.34	1.00	1.00	0.41	0.07	0	|	rapi	0.34	0.41	0	|	45.0	0.41(45)	0.41(45)	|	5460	
2354	176	ok	|	0.35	1.00	1.00	0.40	0.07	0	|	rapi	0.35	0.40	0	|	45.0	0.40(45)	0.40(45)	|	5460	
2354	177	ok	|	0.32	1.00	1.00	0.38	0.06	0	|	rapi	0.32	0.38	0	|	45.0	0.38(45)	0.38(45)	|	5460	
2354	178	ok	|	0.35	1.00	1.00	0.41	0.07	0	|	rapi	0.35	0.41	0	|	45.0	0.41(45)	0.41(45)	|	5460	
2354	179	ok	|	0.35	1.00	1.00	0.40	0.07	0	|	rapi	0.35	0.40	0	|	45.0	0.40(45)	0.40(45)	|	5460	
2354	180	ok	|	0.36	1.00	1.00	0.41	0.07	0	|	rapi	0.36	0.41	0	|	45.0	0.41(45)	0.41(45)	|	5460	
2354	181	ok	|	0.34	1.00	1.00	0.40	0.07	0	|	rapi	0.34	0.40	0	|	45.0	0.40(45)	0.40(45)	|	5460	
2354	182	ok	|	0.33	1.00	1.00	0.37	0.06	0	|	rapi	0.33	0.37	0	|	45.0	0.37(45)	0.37(45)	|	5460	
2354	183	ok	|	0.31	1.00	1.00	0.35	0.06	0	|	rapi	0.31	0.35	0	|	45.0	0.35(45)	0.35(45)	|	5460	
2354	184	ok	|	0.32	1.00	1.00	0.37	0.06	0	|	rapi	0.32	0.37	0	|	45.0	0.37(45)	0.37(45)	|	5460	
2354	185	ok	|	0.34	1.00	1.00	0.39	0.06	0	|	rapi	0.34	0.39	0	|	45.0	0.39(45)	0.39(45)	|	5460	
2354	186	ok	|	0.34	1.00	1.00	0.38	0.06	0	|	rapi	0.34	0.38	0	|	45.0	0.38(45)	0.38(45)	|	5460	
2354	187	ok	|	0.36	1.00	1.00	0.42	0.07	0	|	rapi	0.36	0.42	0	|	45.0	0.42(45)	0.42(45)	|	5460	
2354	188	ok	|	0.36	1.00	1.00	0.42	0.07	0	|	rapi	0.36	0.42	0	|	45.0	0.42(45)	0.42(45)	|	5460	
2354	189	ok	|	0.37	1.00	1.00	0.43	0.07	0	|	rapi	0.37	0.43	0	|	45.0	0.43(45)	0.43(45)	|	5460	
2354	190	ok	|	0.36	1.00	1.00	0.42	0.07	0	|	rapi	0.36	0.42	0	|	45.0	0.42(45)	0.42(45)	|	5460	
2354	191	ok	|	0.36	1.00	1.00	0.43	0.07	0	|	rapi	0.36	0.43	0	|	45.0	0.43(45)	0.43(45)	|	5460	
2354	192	ok	|	0.36	1.00	1.00	0.42	0.07	0	|	rapi	0.36	0.42	0	|	45.0	0.42(45)	0.42(45)	|	5460	
2354	193	ok	|	0.39	1.00	1.00	0.46	0.08	0	|	rapi	0.39	0.46	0	|	45.0	0.46(45)	0.46(45)	|	5460	
2354	194	ok	|	0.36	1.00	1.00	0.42	0.07	0	|	rapi	0.36	0.42	0	|	45.0	0.42(45)	0.42(45)	|	5460	
2354	195	ok	|	0.37	1.00	1.00	0.43	0.07	0	|	rapi	0.37	0.43	0	|	45.0	0.43(45)	0.43(45)	|	5460	
2354	196	ok	|	0.39	1.00	1.00	0.45	0.08	0	|	rapi	0.39	0.45	0	|	45.0	0.45(45)	0.45(45)	|	5460	
2354	197	ok	|	0.36	1.00	1.00	0.43	0.07	0	|	rapi	0.36	0.43	0	|	45.0	0.43(45)	0.43(45)	|	5460	
2354	198	ok	|	0.36	1.00	1.00	0.41	0.07	0	|	rapi	0.36	0.41	0	|	45.0	0.41(45)	0.41(45)	|	5460	
2354	199	ok	|	0.37	1.00	1.00	0.43	0.07	0	|	rapi	0.37	0.43	0	|	45.0	0.43(45)	0.43(45)	|	5460	
2354	200	ok	|	0.36	1.00	1.00	0.42	0.07	0	|	rapi	0.36	0.42	0	|	45.0	0.42(45)	0.42(45)	|	5460	
2354	201	ok	|	0.35	1.00	1.00	0.40	0.07	0	|	rapi	0.35	0.40	0	|	45.0	0.40(45)	0.40(45)	|	5460	
2354	202	ok	|	0.36	1.00	1.00	0.41	0.07	0	|	rapi	0.36	0.41	0	|	45.0	0.41(45)	0.41(45)	|	5460	
2354	203	ok	|	0.34	1.00	1.00	0.39	0.07	0	|	rapi	0.34	0.39	0	|	45.0	0.39(45)	0.39(45)	|	5460	
2354	204	ok	|	0.36	1.00	1.00	0.40	0.07	0	|	rapi	0.36	0.40	0	|	45.0	0.40(45)	0.40(45)	|	5460	
2354	205	ok	|	0.38	1.00	1.00	0.44	0.07	0	|	rapi	0.38	0.44	0	|	45.0	0.44(45)	0.44(45)	|	5460	
2354	206	ok	|	0.34	1.00	1.00	0.39	0.07	0	|	rapi	0.34	0.39	0	|	45.0	0.39(45)	0.39(45)	|	5460	
2354	207	ok	|	0.34	1.00	1.00	0.39	0.06	0	|	rapi	0.34	0.39	0	|	45.0	0.39(45)	0.39(45)	|	5460	
2354	208	ok	|	0.32	1.00	1.00	0.37	0.06	0	|	rapi	0.32	0.37	0	|	45.0	0.37(45)	0.37(45)	|	5460	
2354	209	ok	|	0.34	1.00	1.00	0.39	0.06	0	|	rapi	0.34	0.39	0	|	45.0	0.39(45)	0.39(45)	|	5460	
2354	210	ok	|	0.34	1.00	1.00	0.38	0.06	0	|	rapi	0.34	0.38	0	|	45.0	0.38(45)	0.38(45)	|	5460	
2354	211	ok	|	0.32	1.00	1.00	0.36	0.06	0	|	rapi	0.32	0.36	0	|	45.0	0.36(45)	0.36(45)	|	5460	
2354	212	ok	|	0.31	1.00	1.00	0.35	0.06	0	|	rapi	0.31	0.35	0	|	45.0	0.35(45)	0.35(45)	|	5460	
2354	213	ok	|	0.32	1.00	1.00	0.36	0.06	0	|	rapi	0.32	0.36	0	|	45.0	0.36(45)	0.36(45)	|	5460	
2354	214	ok	|	0.35	1.00	1.00	0.40	0.07	0	|	rapi	0.35	0.40	0	|	45.0	0.40(45)	0.40(45)	|	5460	
2354	215	ok	|	0.36	1.00	1.00	0.42	0.07	0	|	rapi	0.36	0.42	0	|	45.0	0.42(45)	0.42(45)	|	5460	
2354	216	ok	|	0.37	1.00	1.00	0.44	0.07	0	|	rapi	0.37	0.44	0	|	45.0	0.44(45)	0.44(45)	|	5460	
2354	217	ok	|	0.38	1.00	1.00	0.43	0.07	0	|	rapi	0.38	0.43	0	|	45.0	0.43(45)	0.43(45)	|	5460	
2354	218	ok	|	0.37	1.00	1.00	0.44	0.07	0	|	rapi	0.37	0.44	0	|	45.0	0.44(45)	0.44(45)	|	5460	
2354	219	ok	|	0.39	1.00	1.00	0.46	0.08	0	|	rapi	0.39	0.46	0	|	45.0	0.46(45)	0.46(45)	|	5460	
2354	220	ok	|	0.39	1.00	1.00	0.45	0.07	0	|	rapi	0.39	0.45	0	|	45.0	0.45(45)	0.45(45)	|	5460	
2354	221	ok	|	0.41	1.00	1.00	0.47	0.08	0	|	rapi	0.41	0.47	0	|	45.0	0.47(45)	0.47(45)	|	5460	
2354	222	ok	|	0.38	1.00	1.00	0.44	0.07	0	|	rapi	0.38	0.44	0	|	45.0	0.44(45)	0.44(45)	|	5460	
2354	223	ok	|	0.41	1.00	1.00	0.49	0.08	0	|	rapi	0.41	0.49	0	|	45.0	0.49(45)	0.49(45)	|	5460	
2354	224	ok	|	0.41	1.00	1.00	0.48	0.08	0	|	rapi	0.41	0.48	0	|	45.0	0.48(45)	0.48(45)	|	5460	
2354	225	ok	|	0.38	1.00	1.00	0.46	0.08	0	|	rapi	0.38	0.46	0	|	45.0	0.46(45)	0.46(45)	|	5460	
2354	226	ok	|	0.40	1.00	1.00	0.48	0.08	0	|	rapi	0.40	0.48	0	|	45.0	0.48(45)	0.48(45)	|	5460	
2354	227	ok	|	0.39	1.00	1.00	0.47	0.08	0	|	rapi	0.39	0.47	0	|	45.0	0.47(45)	0.47(45)	|	5460	
2354	228	ok	|	0.41	1.00	1.00	0.48	0.08	0	|	rapi	0.41	0.48	0	|	45.0	0.48(45)	0.48(45)	|	5460	
2354	229	ok	|	0.42	1.00	1.00	0.49	0.08	0	|	rapi	0.42	0.49	0	|	45.0	0.49(45)	0.49(45)	|	5460	
2354	230	ok	|	0.41	1.00	1.00	0.49	0.08	0	|	rapi	0.41	0.49	0	|	45.0	0.49(45)	0.49(45)	|	5460	
2354	231	ok	|	0.40	1.00	1.00	0.51	0.08	0	|	rapi	0.40	0.51	0	|	45.0	0.51(45)	0.51(45)	|	5460	
2354	232	ok	|	0.41	1.00	1.00	0.52	0.09	0	|	rapi	0.41	0.52	0	|	45.0	0.52(45)	0.52(45)	|	5460	
2354	233	ok	|	0.41	1.00	1.00	0.50	0.08	0	|	rapi	0.41	0.50	0	|	45.0	0.50(45)	0.50(45)	|	5460	
2354	234	ok	|	0.44	1.00	1.00	0.53	0.09	0	|	rapi	0.44	0.53	0	|	45.0	0.53(45)	0.53(45)	|	5460	
2354	235	ok	|	0.44	1.00	1.00	0.53	0.09	0	|	rapi	0.44	0.53	0	|	45.0	0.53(45)	0.53(45)	|	5460	
2354	236	ok	|	0.42	1.00	1.00	0.53	0.09	0	|	rapi	0.42	0.53	0	|	45.0	0.53(45)	0.53(45)	|	5460	
2354	237	ok	|	0.40	1.00	1.00	0.50	0.08	0	|	rapi	0.40	0.50	0	|	45.0	0.50(45)	0.50(45)	|	5460	
2354	238	ok	|	0.40	1.00	1.00	0.48	0.08	0	|	rapi	0.40	0.48	0	|	45.0	0.48(45)	0.48(45)	|	5460	
2354	239	ok	|	0.41	1.00	1.00	0.49	0.08	0	|	rapi	0.41	0.49	0	|	45.0	0.49(45)	0.49(45)	|	5460	
2354	240	ok	|	0.40	1.00	1.00	0.49	0.08	0	|	rapi	0.40	0.49	0	|	45.0	0.49(45)	0.49(45)	|	5460	
2354	241	ok	|	0.42	1.00	1.00	0.53	0.09	0	|	rapi	0.42	0.53	0	|	45.0	0.53(45)	0.53(45)	|	5460	
2354	242	ok	|	0.42	1.00	1.00	0.53	0.09	0	|	rapi	0.42	0.53	0	|	45.0	0.53(45)	0.53(45)	|	5460	
2354	243	ok	|	0.41	1.00	1.00	0.51	0.09	0	|	rapi	0.41	0.51	0	|	45.0	0.51(45)	0.51(45)	|	5460	
2354	244	ok	|	0.40	1.00	1.00	0.49	0.08	0	|	rapi	0.40	0.49	0	|	45.0	0.49(45)	0.49(45)	|	5460	
2354	245	ok	|	0.39	1.00	1.00	0.49	0.08	0	|	rapi	0.39	0.49	0	|	45.0	0.49(45)	0.49(45)	|	5460	
2354	246	ok	|	0.42	1.00	1.00	0.50	0.08	0	|	rapi	0.42	0.50	0	|	45.0	0.50(45)	0.50(45)	|	5460	
2354	247	ok	|	0.42	1.00	1.00	0.52	0.09	0	|	rapi	0.42	0.52	0	|	45.0	0.52(45)	0.52(45)	|	5460	
2354	248	ok	|	0.41	1.00	1.00	0.51	0.08	0	|	rapi	0.41	0.51	0	|	45.0	0.51(45)	0.51(45)	|	5460	
2354	249	ok	|	0.41	1.00	1.00	0.50	0.08	0	|	rapi	0.41	0.50	0	|	45.0	0.50(45)	0.50(45)	|	5460	
2354	250	ok	|	0.41	1.00	1.00	0.49	0.08	0	|	rapi	0.41	0.49	0	|	45.0	0.49(45)	0.49(45)	|	5460	
2354	251	ok	|	0.42	1.00	1.00	0.50	0.08	0	|	rapi	0.42	0.50	0	|	45.0	0.50(45)	0.50(45)	|	5460	
2354	252	ok	|	0.41	1.00	1.00	0.51	0.08	0	|	rapi	0.41	0.51	0	|	45.0	0.51(45)	0.51(45)	|	5460	
2354	253	ok	|	0.42	1.00	1.00	0.51	0.08	0	|	rapi	0.42	0.51	0	|	45.0	0.51(45)	0.51(45)	|	5460	
2354	254	ok	|	0.43	1.00	1.00	0.50	0.08	0	|	rapi	0.43	0.50	0	|	45.0	0.50(45)	0.50(45)	|	5460	
2354	255	ok	|	0.43	1.00	1.00	0.51	0.09	0	|	rapi	0.43	0.51	0	|	45.0	0.51(45)	0.51(45)	|	5460	
2354	256	ok	|	0.42	1.00	1.00	0.49	0.08	0	|	rapi	0.42	0.49	0	|	45.0	0.49(45)	0.49(45)	|	5460	
2354	257	ok	|	0.42	1.00	1.00	0.51	0.08	0	|	rapi	0.42	0.51	0	|	45.0	0.51(45)	0.51(45)	|	5460	
2354	258	ok	|	0.42	1.00	1.00	0.50	0.08	0	|	rapi	0.42	0.50	0	|	45.0	0.50(45)	0.50(45)	|	5460	
2354	259	ok	|	0.43	1.00	1.00	0.53	0.09	0	|	rapi	0.43	0.53	0	|	45.0	0.53(45)	0.53(45)	|	5460	
2354	260	ok	|	0.45	1.00	1.00	0.54	0.09	0	|	rapi	0.45	0.54	0	|	45.0	0.54(45)	0.54(45)	|	5460	
2354	261	ok	|	0.46	1.00	1.00	0.56	0.09	0	|	rapi	0.46	0.56	0	|	45.0	0.56(45)	0.56(45)	|	5460	
2354	262	ok	|	0.45	1.00	1.00	0.56	0.09	0	|	rapi	0.45	0.56	0	|	45.0	0.56(45)	0.56(45)	|	5460	
2354	263	ok	|	0.47	1.00	1.00	0.58	0.10	0	|	rapi	0.47	0.58	0	|	45.0	0.58(45)	0.58(45)	|	5460	
2354	264	ok	|	0.50	1.00	1.00	0.61	0.10	0	|	rapi	0.50	0.61	0	|	45.0	0.61(45)	0.61(45)	|	5460	
2354	265	ok	|	0.51	1.00	1.00	0.67	0.11	0	|	rapi	0.51	0.67	0	|	45.0	0.67(45)	0.67(45)	|	5460	
2354	266	ok	|	0.52	1.00	1.00	0.67	0.11	0	|	rapi	0.52	0.67	0	|	45.0	0.67(45)	0.67(45)	|	5460	
2354	267	ok	|	0.49	1.00	1.00	0.64	0.11	0	|	rapi	0.49	0.64	0	|	45.0	0.64(45)	0.64(45)	|	5460	
2354	268	ok	|	0.49	1.00	1.00	0.67	0.11	0	|	rapi	0.49	0.67	0	|	45.0	0.67(45)	0.67(45)	|	5460	
2354	269	ok	|	0.51	1.00	1.00	0.68	0.11	0	|	rapi	0.51	0.68	0	|	45.0	0.68(45)	0.68(45)	|	5460	
2354	270	ok	|	0.50	1.00	1.00	0.66	0.11	0	|	rapi	0.50	0.66	0	|	45.0	0.66(45)	0.66(45)	|	5460	
2354	271	ok	|	0.52	1.00	1.00	0.67	0.11	0	|	rapi	0.52	0.67	0	|	45.0	0.67(45)	0.67(45)	|	5460	
2354	272	ok	|	0.52	1.00	1.00	0.66	0.11	0	|	rapi	0.52	0.66	0	|	45.0	0.66(45)	0.66(45)	|	5460	
2354	273	ok	|	0.50	1.00	1.00	0.64	0.11	0	|	rapi	0.50	0.64	0	|	45.0	0.64(45)	0.64(45)	|	5460	
2354	274	ok	|	0.50	1.00	1.00	0.64	0.11	0	|	rapi	0.50	0.64	0	|	45.0	0.64(45)	0.64(45)	|	5460	
2354	275	ok	|	0.49	1.00	1.00	0.61	0.10	0	|	rapi	0.49	0.61	0	|	45.0	0.61(45)	0.61(45)	|	5460	
2354	276	ok	|	0.48	1.00	1.00	0.62	0.10	0	|	rapi	0.48	0.62	0	|	45.0	0.62(45)	0.62(45)	|	5460	
2354	277	ok	|	0.46	1.00	1.00	0.58	0.10	0	|	rapi	0.46	0.58	0	|	45.0	0.58(45)	0.58(45)	|	5460	
2354	278	ok	|	0.45	1.00	1.00	0.58	0.10	0	|	rapi	0.45	0.58	0	|	45.0	0.58(45)	0.58(45)	|	5460	
2354	279	ok	|	0.45	1.00	1.00	0.58	0.10	0	|	rapi	0.45	0.58	0	|	45.0	0.58(45)	0.58(45)	|	5460	
2354	280	ok	|	0.44	1.00	1.00	0.55	0.09	0	|	rapi	0.44	0.55	0	|	45.0	0.55(45)	0.55(45)	|	5460	
2354	281	ok	|	0.45	1.00	1.00	0.56	0.09	0	|	rapi	0.45	0.56	0	|	45.0	0.56(45)	0.56(45)	|	5460	
2354	282	ok	|	0.43	1.00	1.00	0.55	0.09	0	|	rapi	0.43	0.55	0	|	45.0	0.55(45)	0.55(45)	|	5460	
2354	283	ok	|	0.42	1.00	1.00	0.54	0.09	0	|	rapi	0.42	0.54	0	|	45.0	0.54(45)	0.54(45)	|	5460	
2354	284	ok	|	0.40	1.00	1.00	0.51	0.09	0	|	rapi	0.40	0.51	0	|	45.0	0.51(45)	0.51(45)	|	5460	
2354	285	ok	|	0.41	1.00	1.00	0.51	0.09	0	|	rapi	0.41	0.51	0	|	45.0	0.51(45)	0.51(45)	|	5460	
2354	286	ok	|	0.44	1.00	1.00	0.56	0.09	0	|	rapi	0.44	0.56	0	|	45.0	0.56(45)	0.56(45)	|	5460	
2354	287	ok	|	0.48	1.00	1.00	0.64	0.11	0	|	rapi	0.48	0.64	0	|	45.0	0.64(45)	0.64(45)	|	5460	
2354	288	ok	|	0.47	1.00	1.00	0.60	0.10	0	|	rapi	0.47	0.60	0	|	45.0	0.60(45)	0.60(45)	|	5460	
2354	289	ok	|	0.45	1.00	1.00	0.59	0.10	0	|	rapi	0.45	0.59	0	|	45.0	0.59(45)	0.59(45)	|	5460	
2354	290	ok	|	0.46	1.00	1.00	0.58	0.10	0	|	rapi	0.46	0.58	0	|	45.0	0.58(45)	0.58(45)	|	5460	
2354	291	ok	|	0.46	1.00	1.00	0.57	0.09	0	|	rapi	0.46	0.57	0	|	45.0	0.57(45)	0.57(45)	|	5460	
2354	292	ok	|	0.45	1.00	1.00	0.56	0.09	0	|	rapi	0.45	0.56	0	|	45.0	0.56(45)	0.56(45)	|	5460	
2354	293	ok	|	0.48	1.00	1.00	0.60	0.10	0	|	rapi	0.48	0.60	0	|	45.0	0.60(45)	0.60(45)	|	5460	
2354	294	ok	|	0.53	1.00	1.00	0.64	0.11	0	|	rapi	0.53	0.64	0	|	45.0	0.64(45)	0.64(45)	|	5460	
2354	295	ok	|	0.51	1.00	1.00	0.67	0.11	0	|	rapi	0.51	0.67	0	|	45.0	0.67(45)	0.67(45)	|	5460	
2354	296	ok	|	0.52	1.00	1.00	0.68	0.11	0	|	rapi	0.52	0.68	0	|	45.0	0.68(45)	0.68(45)	|	5460	
2354	297	ok	|	0.52	1.00	1.00	0.64	0.11	0	|	rapi	0.52	0.64	0	|	45.0	0.64(45)	0.64(45)	|	5460	
2354	298	ok	|	0.52	1.00	1.00	0.67	0.11	0	|	rapi	0.52	0.67	0	|	45.0	0.67(45)	0.67(45)	|	5460	
2354	299	ok	|	0.53	1.00	1.00	0.68	0.11	0	|	rapi	0.53	0.68	0	|	45.0	0.68(45)	0.68(45)	|	5460	
2354	300	ok	|	0.54	1.00	1.00	0.72	0.12	0	|	rapi	0.54	0.72	0	|	45.0	0.72(45)	0.72(45)	|	5460	
2354	301	ok	|	0.57	1.00	1.00	0.74	0.12	0	|	rapi	0.57	0.74	0	|	45.0	0.74(45)	0.74(45)	|	5460	
2354	302	ok	|	0.58	1.00	1.00	0.74	0.12	0	|	rapi	0.58	0.74	0	|	45.0	0.74(45)	0.74(45)	|	5460	
2354	303	ok	|	0.55	1.00	1.00	0.71	0.12	0	|	rapi	0.55	0.71	0	|	45.0	0.71(45)	0.71(45)	|	5460	
2354	304	ok	|	0.54	1.00	1.00	0.69	0.11	0	|	rapi	0.54	0.69	0	|	45.0	0.69(45)	0.69(45)	|	5460	
2354	305	ok	|	0.53	1.00	1.00	0.69	0.11	0	|	rapi	0.53	0.69	0	|	45.0	0.69(45)	0.69(45)	|	5460	
2354	306	ok	|	0.53	1.00	1.00	0.67	0.11	0	|	rapi	0.53	0.67	0	|	45.0	0.67(45)	0.67(45)	|	5460	
2354	307	ok	|	0.52	1.00	1.00	0.67	0.11	0	|	rapi	0.52	0.67	0	|	45.0	0.67(45)	0.67(45)	|	5460	
2354	308	ok	|	0.53	1.00	1.00	0.68	0.11	0	|	rapi	0.53	0.68	0	|	45.0	0.68(45)	0.68(45)	|	5460	
2354	309	ok	|	0.52	1.00	1.00	0.68	0.11	0	|	rapi	0.52	0.68	0	|	45.0	0.68(45)	0.68(45)	|	5460	
2354	310	ok	|	0.56	1.00	1.00	0.72	0.12	0	|	rapi	0.56	0.72	0	|	45.0	0.72(45)	0.72(45)	|	5460	
2354	311	ok	|	0.55	1.00	1.00	0.70	0.12	0	|	rapi	0.55	0.70	0	|	45.0	0.70(45)	0.70(45)	|	5460	
2354	312	ok	|	0.56	1.00	1.00	0.70	0.12	0	|	rapi	0.56	0.70	0	|	45.0	0.70(45)	0.70(45)	|	5460	
2354	313	ok	|	0.58	1.00	1.00	0.73	0.12	0	|	rapi	0.58	0.73	0	|	45.0	0.73(45)	0.73(45)	|	5460	
2354	314	ok	|	0.59	1.00	1.00	0.76	0.13	0	|	rapi	0.59	0.76	0	|	45.0	0.76(45)	0.76(45)	|	5460	
2354	315	ok	|	0.58	1.00	1.00	0.74	0.12	0	|	rapi	0.58	0.74	0	|	45.0	0.74(45)	0.74(45)	|	5460	
2354	316	ok	|	0.59	1.00	1.00	0.76	0.13	0	|	rapi	0.59	0.76	0	|	45.0	0.76(45)	0.76(45)	|	5460	
2354	317	ok	|	0.59	1.00	1.00	0.77	0.13	0	|	rapi	0.59	0.77	0	|	45.0	0.77(45)	0.77(45)	|	5460	
2354	318	ok	|	0.59	1.00	1.00	0.76	0.13	0	|	rapi	0.59	0.76	0	|	45.0	0.76(45)	0.76(45)	|	5460	
2354	319	ok	|	0.60	1.00	1.00	0.78	0.13	0	|	rapi	0.60	0.78	0	|	45.0	0.78(45)	0.78(45)	|	5460	
2354	320	ok	|	0.59	1.00	1.00	0.76	0.13	0	|	rapi	0.59	0.76	0	|	45.0	0.76(45)	0.76(45)	|	5460	
2354	321	ok	|	0.58	1.00	1.00	0.73	0.12	0	|	rapi	0.58	0.73	0	|	45.0	0.73(45)	0.73(45)	|	5460	
2354	322	ok	|	0.61	1.00	1.00	0.78	0.13	0	|	rapi	0.61	0.78	0	|	45.0	0.78(45)	0.78(45)	|	5460	
2354	323	ok	|	0.58	1.00	1.00	0.76	0.13	0	|	rapi	0.58	0.76	0	|	45.0	0.76(45)	0.76(45)	|	5460	
2354	324	ok	|	0.60	1.00	1.00	0.80	0.13	0	|	rapi	0.60	0.80	0	|	45.0	0.80(45)	0.80(45)	|	5460	
2354	325	ok	|	0.61	1.00	1.00	0.81	0.14	0	|	rapi	0.61	0.81	0	|	45.0	0.81(45)	0.81(45)	|	5460	
2354	326	ok	|	0.59	1.00	1.00	0.76	0.13	0	|	rapi	0.59	0.76	0	|	45.0	0.76(45)	0.76(45)	|	5460	
2354	327	ok	|	0.57	1.00	1.00	0.75	0.12	0	|	rapi	0.57	0.75	0	|	45.0	0.75(45)	0.75(45)	|	5460	
2354	328	ok	|	0.58	1.00	1.00	0.76	0.13	0	|	rapi	0.58	0.76	0	|	45.0	0.76(45)	0.76(45)	|	5460	
2354	329	ok	|	0.59	1.00	1.00	0.77	0.13	0	|	rapi	0.59	0.77	0	|	45.0	0.77(45)	0.77(45)	|	5460	
2354	330	ok	|	0.60	1.00	1.00	0.77	0.13	0	|	rapi	0.60	0.77	0	|	45.0	0.77(45)	0.77(45)	|	5460	
2354	331	ok	|	0.58	1.00	1.00	0.77	0.13	0	|	rapi	0.58	0.77	0	|	45.0	0.77(45)	0.77(45)	|	5460	
2354	332	ok	|	0.60	1.00	1.00	0.76	0.13	0	|	rapi	0.60	0.76	0	|	45.0	0.76(45)	0.76(45)	|	5460	
2354	333	ok	|	0.58	1.00	1.00	0.75	0.12	0	|	rapi	0.58	0.75	0	|	45.0	0.75(45)	0.75(45)	|	5460	
2354	334	ok	|	0.60	1.00	1.00	0.79	0.13	0	|	rapi	0.60	0.79	0	|	45.0	0.79(45)	0.79(45)	|	5460	
2354	335	ok	|	0.59	1.00	1.00	0.79	0.20	0	|	rapi	0.59	0.79	0	|	45.0	0.79(45)	0.79(45)	|	5460	
2354	336	ok	|	0.59	1.00	1.00	0.77	0.19	0	|	rapi	0.59	0.77	0	|	45.0	0.77(45)	0.77(45)	|	5460	
2354	337	ok	|	0.63	1.00	1.00	0.82	0.20	0	|	rapi	0.63	0.82	0	|	45.0	0.82(45)	0.82(45)	|	5460	
2354	338	ok	|	0.62	1.00	1.00	0.81	0.20	0	|	rapi	0.62	0.81	0	|	45.0	0.81(45)	0.81(45)	|	5460	
2354	339	ok	|	0.66	1.00	1.00	0.84	0.21	0	|	rapi	0.66	0.84	0	|	45.0	0.84(45)	0.84(45)	|	5460	
2354	340	ok	|	0.64	1.00	1.00	0.86	0.21	0	|	rapi	0.64	0.86	0	|	45.0	0.86(45)	0.86(45)	|	5460	
2354	341	ok	|	0.64	1.00	1.00	0.85	0.21	0	|	rapi	0.64	0.85	0	|	45.0	0.85(45)	0.85(45)	|	5460	
2354	342	ok	|	0.65	1.00	1.00	0.88	0.22	0	|	rapi	0.65	0.88	0	|	45.0	0.88(45)	0.88(45)	|	5460	
2354	343	ok	|	0.65	1.00	1.00	0.89	0.22	0	|	rapi	0.65	0.89	0	|	45.0	0.89(45)	0.89(45)	|	5460	
2354	344	ok	|	0.66	1.00	1.00	0.88	0.22	0	|	rapi	0.66	0.88	0	|	45.0	0.88(45)	0.88(45)	|	5460	
2354	345	ok	|	0.67	1.00	1.00	0.91	0.23	0	|	rapi	0.67	0.91	0	|	45.0	0.91(45)	0.91(45)	|	5460	
2354	346	ok	|	0.67	1.00	1.00	0.92	0.23	0	|	rapi	0.67	0.92	0	|	45.0	0.92(45)	0.92(45)	|	5460	
2354	347	ok	|	0.68	1.00	1.00	0.93	0.23	0	|	rapi	0.68	0.93	0	|	45.0	0.93(45)	0.93(45)	|	5460	
2354	348	ok	|	0.65	1.00	1.00	0.90	0.22	0	|	rapi	0.65	0.90	0	|	45.0	0.90(45)	0.90(45)	|	5460	
2354	349	ok	|	0.65	1.00	1.00	0.89	0.22	0	|	rapi	0.65	0.89	0	|	45.0	0.89(45)	0.89(45)	|	5460	
2354	350	ok	|	0.65	1.00	1.00	0.89	0.22	0	|	rapi	0.65	0.89	0	|	45.0	0.89(45)	0.89(45)	|	5460	
2354	351	ok	|	0.67	1.00	1.00	0.93	0.23	0	|	rapi	0.67	0.93	0	|	45.0	0.93(45)	0.93(45)	|	5460	
2354	352	ok	|	0.68	1.00	1.00	0.95	0.24	0	|	rapi	0.68	0.95	0	|	45.0	0.95(45)	0.95(45)	|	5460	
2354	353	ok	|	0.66	1.00	1.00	0.95	0.24	0	|	rapi	0.66	0.95	0	|	45.0	0.95(45)	0.95(45)	|	5460	
2354	354	ok	|	0.67	1.00	1.00	0.97	0.24	0	|	rapi	0.67	0.97	0	|	45.0	0.97(45)	0.97(45)	|	5460	
2354	355	ok	|	0.67	1.00	1.00	0.93	0.23	0	|	rapi	0.67	0.93	0	|	45.0	0.93(45)	0.93(45)	|	5460	
2354	356	ok	|	0.66	1.00	1.00	0.90	0.23	0	|	rapi	0.66	0.90	0	|	45.0	0.90(45)	0.90(45)	|	5460	
2354	357	ok	|	0.64	1.00	1.00	0.90	0.22	0	|	rapi	0.64	0.90	0	|	45.0	0.90(45)	0.90(45)	|	5460	
2354	358	ok	|	0.66	1.00	1.00	0.90	0.22	0	|	rapi	0.66	0.90	0	|	45.0	0.90(45)	0.90(45)	|	5460	
2354	359	ok	|	0.66	1.00	1.00	0.93	0.23	0	|	rapi	0.66	0.93	0	|	45.0	0.93(45)	0.93(45)	|	5460	
2354	360	ok	|	0.66	1.00	1.00	0.91	0.23	0	|	rapi	0.66	0.91	0	|	45.0	0.91(45)	0.91(45)	|	5460	
2354	361	ok	|	0.66	1.00	1.00	0.89	0.22	0	|	rapi	0.66	0.89	0	|	45.0	0.89(45)	0.89(45)	|	5460	
2354	362	ok	|	0.64	1.00	1.00	0.89	0.22	0	|	rapi	0.64	0.89	0	|	45.0	0.89(45)	0.89(45)	|	5460	
2354	363	ok	|	0.64	1.00	1.00	0.90	0.22	0	|	rapi	0.64	0.90	0	|	45.0	0.90(45)	0.90(45)	|	5460	
2354	364	ok	|	0.67	1.00	1.00	0.90	0.23	0	|	rapi	0.67	0.90	0	|	45.0	0.90(45)	0.90(45)	|	5460	
2354	365	ok	|	0.67	1.00	1.00	0.96	0.24	0	|	rapi	0.67	0.96	0	|	45.0	0.96(45)	0.96(45)	|	5460	
2354	366	ok	|	0.69	1.00	1.00	0.99	0.25	0	|	rapi	0.69	0.99	0	|	45.0	0.99(45)	0.99(45)	|	5460	
2354	367	ok	|	0.68	1.00	1.00	0.98	0.25	0	|	rapi	0.68	0.98	0	|	45.0	0.98(45)	0.98(45)	|	5460	
2354	368	ok	|	0.68	1.00	1.00	0.96	0.24	0	|	rapi	0.68	0.96	0	|	45.0	0.96(45)	0.96(45)	|	5460	
2354	369	ok	|	0.67	1.00	1.00	0.93	0.23	0	|	rapi	0.67	0.93	0	|	45.0	0.93(45)	0.93(45)	|	5460	
2354	370	ok	|	0.64	1.00	1.00	0.94	0.23	0	|	rapi	0.64	0.94	0	|	45.0	0.94(45)	0.94(45)	|	5460	
2354	371	ok	|	0.69	1.00	1.00	0.97	0.24	0	|	rapi	0.69	0.97	0	|	45.0	0.97(45)	0.97(45)	|	5460	
2354	372	ok	|	0.69	1.00	1.00	1.01	0.25	0	|	rapi	0.69	1.01	0	|	45.0	1.01(45)	1.01(45)	|	5460	
2354	373	ok	|	0.72	1.00	1.00	1.07	0.27	0	|	rapi	0.72	1.07	0	|	45.0	1.07(45)	1.07(45)	|	5460	
2354	374	ok	|	0.69	1.00	1.00	1.02	0.25	0	|	rapi	0.69	1.02	0	|	45.0	1.02(45)	1.02(45)	|	5460	
2354	375	ok	|	0.70	1.00	1.00	1.04	0.26	0	|	rapi	0.70	1.04	0	|	45.0	1.04(45)	1.04(45)	|	5460	
2354	376	ok	|	0.69	1.00	1.00	0.99	0.25	0	|	rapi	0.69	0.99	0	|	45.0	0.99(45)	0.99(45)	|	5460	
2354	377	ok	|	0.70	1.00	1.00	0.97	0.24	0	|	rapi	0.70	0.97	0	|	45.0	0.97(45)	0.97(45)	|	5460	
2354	378	ok	|	0.66	1.00	1.00	0.97	0.24	0	|	rapi	0.66	0.97	0	|	45.0	0.97(45)	0.97(45)	|	5460	
2354	379	ok	|	0.67	1.00	1.00	0.96	0.24	0	|	rapi	0.67	0.96	0	|	45.0	0.96(45)	0.96(45)	|	5460	
2354	380	ok	|	0.67	1.00	1.00	0.94	0.24	0	|	rapi	0.67	0.94	0	|	45.0	0.94(45)	0.94(45)	|	5460	
2354	381	ok	|	0.66	1.00	1.00	0.93	0.23	0	|	rapi	0.66	0.93	0	|	45.0	0.93(45)	0.93(45)	|	5460	
2354	382	ok	|	0.69	1.00	1.00	0.97	0.24	0	|	rapi	0.69	0.97	0	|	45.0	0.97(45)	0.97(45)	|	5460	
2354	383	ok	|	0.68	1.00	1.00	0.95	0.24	0	|	rapi	0.68	0.95	0	|	45.0	0.95(45)	0.95(45)	|	5460	
2354	384	ok	|	0.68	1.00	1.00	0.95	0.24	0	|	rapi	0.68	0.95	0	|	45.0	0.95(45)	0.95(45)	|	5460	
2354	385	ok	|	0.69	1.00	1.00	0.96	0.24	0	|	rapi	0.69	0.96	0	|	45.0	0.96(45)	0.96(45)	|	5460	
2354	386	ok	|	0.65	1.00	1.00	0.90	0.22	0	|	rapi	0.65	0.90	0	|	45.0	0.90(45)	0.90(45)	|	5460	
2354	387	ok	|	0.64	1.00	1.00	0.87	0.22	0	|	rapi	0.64	0.87	0	|	45.0	0.87(45)	0.87(45)	|	5460	
2354	388	ok	|	0.66	1.00	1.00	0.90	0.22	0	|	rapi	0.66	0.90	0	|	45.0	0.90(45)	0.90(45)	|	5460	
2354	389	ok	|	0.67	1.00	1.00	0.91	0.23	0	|	rapi	0.67	0.91	0	|	45.0	0.91(45)	0.91(45)	|	5460	
2354	390	ok	|	0.66	1.00	1.00	0.90	0.22	0	|	rapi	0.66	0.90	0	|	45.0	0.90(45)	0.90(45)	|	5460	
2354	391	ok	|	0.66	1.00	1.00	0.87	0.22	0	|	rapi	0.66	0.87	0	|	45.0	0.87(45)	0.87(45)	|	5460	
2354	392	ok	|	0.64	1.00	1.00	0.84	0.21	0	|	rapi	0.64	0.84	0	|	45.0	0.84(45)	0.84(45)	|	5460	
2354	393	ok	|	0.61	1.00	1.00	0.82	0.20	0	|	rapi	0.61	0.82	0	|	45.0	0.82(45)	0.82(45)	|	5460	
2354	394	ok	|	0.63	1.00	1.00	0.87	0.22	0	|	rapi	0.63	0.87	0	|	45.0	0.87(45)	0.87(45)	|	5460	
2354	395	ok	|	0.65	1.00	1.00	0.87	0.22	0	|	rapi	0.65	0.87	0	|	45.0	0.87(45)	0.87(45)	|	5460	
2354	396	ok	|	0.67	1.00	1.00	0.92	0.23	0	|	rapi	0.67	0.92	0	|	45.0	0.92(45)	0.92(45)	|	5460	
2354	397	ok	|	0.66	1.00	1.00	0.92	0.23	0	|	rapi	0.66	0.92	0	|	45.0	0.92(45)	0.92(45)	|	5460	
2354	398	ok	|	0.68	1.00	1.00	0.93	0.23	0	|	rapi	0.68	0.93	0	|	45.0	0.93(45)	0.93(45)	|	5460	
2354	399	ok	|	0.67	1.00	1.00	0.92	0.23	0	|	rapi	0.67	0.92	0	|	45.0	0.92(45)	0.92(45)	|	5460	
2354	400	ok	|	0.68	1.00	1.00	0.91	0.23	0	|	rapi	0.68	0.91	0	|	45.0	0.91(45)	0.91(45)	|	5460	
2354	401	ok	|	0.68	1.00	1.00	0.92	0.23	0	|	rapi	0.68	0.92	0	|	45.0	0.92(45)	0.92(45)	|	5460	
2354	402	ok	|	0.68	1.00	1.00	0.94	0.23	0	|	rapi	0.68	0.94	0	|	45.0	0.94(45)	0.94(45)	|	5460	
2354	403	ok	|	0.67	1.00	1.00	0.94	0.23	0	|	rapi	0.67	0.94	0	|	45.0	0.94(45)	0.94(45)	|	5460	
2354	404	ok	|	0.67	1.00	1.00	0.94	0.24	0	|	rapi	0.67	0.94	0	|	45.0	0.94(45)	0.94(45)	|	5460	
2354	405	ok	|	0.70	1.00	1.00	0.95	0.24	0	|	rapi	0.70	0.95	0	|	45.0	0.95(45)	0.95(45)	|	5460	
2354	406	ok	|	0.68	1.00	1.00	0.94	0.23	0	|	rapi	0.68	0.94	0	|	45.0	0.94(45)	0.94(45)	|	5460	
2354	407	ok	|	0.68	1.00	1.00	0.94	0.23	0	|	rapi	0.68	0.94	0	|	45.0	0.94(45)	0.94(45)	|	5460	
2354	408	ok	|	0.68	1.00	1.00	0.93	0.23	0	|	rapi	0.68	0.93	0	|	45.0	0.93(45)	0.93(45)	|	5460	
2354	409	ok	|	0.69	1.00	1.00	0.93	0.23	0	|	rapi	0.69	0.93	0	|	45.0	0.93(45)	0.93(45)	|	5460	
2354	410	ok	|	0.68	1.00	1.00	0.93	0.23	0	|	rapi	0.68	0.93	0	|	45.0	0.93(45)	0.93(45)	|	5460	
2354	411	ok	|	0.66	1.00	1.00	0.89	0.22	0	|	rapi	0.66	0.89	0	|	45.0	0.89(45)	0.89(45)	|	5460	
2354	412	ok	|	0.67	1.00	1.00	0.89	0.22	0	|	rapi	0.67	0.89	0	|	45.0	0.89(45)	0.89(45)	|	5460	
2354	413	ok	|	0.64	1.00	1.00	0.87	0.22	0	|	rapi	0.64	0.87	0	|	45.0	0.87(45)	0.87(45)	|	5460	
2354	414	ok	|	0.66	1.00	1.00	0.91	0.23	0	|	rapi	0.66	0.91	0	|	45.0	0.91(45)	0.91(45)	|	5460	
2354	415	ok	|	0.65	1.00	1.00	0.92	0.23	0	|	rapi	0.65	0.92	0	|	45.0	0.92(45)	0.92(45)	|	5460	
2354	416	ok	|	0.66	1.00	1.00	0.91	0.23	0	|	rapi	0.66	0.91	0	|	45.0	0.91(45)	0.91(45)	|	5460	
2354	417	ok	|	0.67	1.00	1.00	0.90	0.22	0	|	rapi	0.67	0.90	0	|	45.0	0.90(45)	0.90(45)	|	5460	
2354	418	ok	|	0.69	1.00	1.00	0.93	0.23	0	|	rapi	0.69	0.93	0	|	45.0	0.93(45)	0.93(45)	|	5460	
2354	419	ok	|	0.67	1.00	1.00	0.91	0.23	0	|	rapi	0.67	0.91	0	|	45.0	0.91(45)	0.91(45)	|	5460	
2354	420	ok	|	0.66	1.00	1.00	0.91	0.23	0	|	rapi	0.66	0.91	0	|	45.0	0.91(45)	0.91(45)	|	5460	
2354	421	ok	|	0.65	1.00	1.00	0.91	0.23	0	|	rapi	0.65	0.91	0	|	45.0	0.91(45)	0.91(45)	|	5460	
2354	422	ok	|	0.68	1.00	1.00	0.92	0.23	0	|	rapi	0.68	0.92	0	|	45.0	0.92(45)	0.92(45)	|	5460	
2354	423	ok	|	0.65	1.00	1.00	0.92	0.23	0	|	rapi	0.65	0.92	0	|	45.0	0.92(45)	0.92(45)	|	5460	
2354	424	ok	|	0.64	1.00	1.00	0.86	0.21	0	|	rapi	0.64	0.86	0	|	45.0	0.86(45)	0.86(45)	|	5460	
2354	425	ok	|	0.62	1.00	1.00	0.86	0.21	0	|	rapi	0.62	0.86	0	|	45.0	0.86(45)	0.86(45)	|	5460	
2354	426	ok	|	0.63	1.00	1.00	0.85	0.21	0	|	rapi	0.63	0.85	0	|	45.0	0.85(45)	0.85(45)	|	5460	
2354	427	ok	|	0.65	1.00	1.00	0.90	0.22	0	|	rapi	0.65	0.90	0	|	45.0	0.90(45)	0.90(45)	|	5460	
2354	428	ok	|	0.62	1.00	1.00	0.87	0.22	0	|	rapi	0.62	0.87	0	|	45.0	0.87(45)	0.87(45)	|	5460	
2354	429	ok	|	0.62	1.00	1.00	0.85	0.21	0	|	rapi	0.62	0.85	0	|	45.0	0.85(45)	0.85(45)	|	5460	
2354	430	ok	|	0.60	1.00	1.00	0.83	0.21	0	|	rapi	0.60	0.83	0	|	45.0	0.83(45)	0.83(45)	|	5460	
2354	431	ok	|	0.59	1.00	1.00	0.83	0.21	0	|	rapi	0.59	0.83	0	|	45.0	0.83(45)	0.83(45)	|	5460	
2354	432	ok	|	0.59	1.00	1.00	0.85	0.21	0	|	rapi	0.59	0.85	0	|	45.0	0.85(45)	0.85(45)	|	5460	
2354	433	ok	|	0.61	1.00	1.00	0.85	0.21	0	|	rapi	0.61	0.85	0	|	45.0	0.85(45)	0.85(45)	|	5460	
2354	434	ok	|	0.56	1.00	1.00	0.77	0.19	0	|	rapi	0.56	0.77	0	|	45.0	0.77(45)	0.77(45)	|	5460	
2354	435	ok	|	0.55	1.00	1.00	0.74	0.18	0	|	rapi	0.55	0.74	0	|	45.0	0.74(45)	0.74(45)	|	5460	
2354	436	ok	|	0.53	1.00	1.00	0.71	0.18	0	|	rapi	0.53	0.71	0	|	45.0	0.71(45)	0.71(45)	|	5460	
2354	437	ok	|	0.55	1.00	1.00	0.76	0.19	0	|	rapi	0.55	0.76	0	|	45.0	0.76(45)	0.76(45)	|	5460	
2354	438	ok	|	0.54	1.00	1.00	0.75	0.19	0	|	rapi	0.54	0.75	0	|	45.0	0.75(45)	0.75(45)	|	5460	
2354	439	ok	|	0.56	1.00	1.00	0.75	0.19	0	|	rapi	0.56	0.75	0	|	45.0	0.75(45)	0.75(45)	|	5460	
2354	440	ok	|	0.53	1.00	1.00	0.71	0.18	0	|	rapi	0.53	0.71	0	|	45.0	0.71(45)	0.71(45)	|	5460	
2354	441	ok	|	0.54	1.00	1.00	0.71	0.18	0	|	rapi	0.54	0.71	0	|	45.0	0.71(45)	0.71(45)	|	5460	
2354	442	ok	|	0.52	1.00	1.00	0.66	0.16	0	|	rapi	0.52	0.66	0	|	45.0	0.66(45)	0.66(45)	|	5460	
2354	443	ok	|	0.51	1.00	1.00	0.67	0.17	0	|	rapi	0.51	0.67	0	|	45.0	0.67(45)	0.67(45)	|	5460	
2354	444	ok	|	0.51	1.00	1.00	0.67	0.17	0	|	rapi	0.51	0.67	0	|	45.0	0.67(45)	0.67(45)	|	5460	
2354	445	ok	|	0.52	1.00	1.00	0.68	0.17	0	|	rapi	0.52	0.68	0	|	45.0	0.68(45)	0.68(45)	|	5460	
2354	446	ok	|	0.51	1.00	1.00	0.64	0.16	0	|	rapi	0.51	0.64	0	|	45.0	0.64(45)	0.64(45)	|	5460	
2354	447	ok	|	0.51	1.00	1.00	0.63	0.16	0	|	rapi	0.51	0.63	0	|	45.0	0.63(45)	0.63(45)	|	5460	
2354	448	ok	|	0.48	1.00	1.00	0.60	0.15	0	|	rapi	0.48	0.60	0	|	45.0	0.60(45)	0.60(45)	|	5460	
2354	449	ok	|	0.48	1.00	1.00	0.60	0.15	0	|	rapi	0.48	0.60	0	|	45.0	0.60(45)	0.60(45)	|	5460	
2354	450	ok	|	0.47	1.00	1.00	0.61	0.15	0	|	rapi	0.47	0.61	0	|	45.0	0.61(45)	0.61(45)	|	5460	
2354	451	ok	|	0.47	1.00	1.00	0.60	0.15	0	|	rapi	0.47	0.60	0	|	45.0	0.60(45)	0.60(45)	|	5460	
2354	452	ok	|	0.48	1.00	1.00	0.60	0.15	0	|	rapi	0.48	0.60	0	|	45.0	0.60(45)	0.60(45)	|	5460	
2354	453	ok	|	0.48	1.00	1.00	0.60	0.15	0	|	rapi	0.48	0.60	0	|	45.0	0.60(45)	0.60(45)	|	5460	
2354	454	ok	|	0.48	1.00	1.00	0.60	0.15	0	|	rapi	0.48	0.60	0	|	45.0	0.60(45)	0.60(45)	|	5460	
2354	455	ok	|	0.48	1.00	1.00	0.60	0.15	0	|	rapi	0.48	0.60	0	|	45.0	0.60(45)	0.60(45)	|	5460	
2354	456	ok	|	0.46	1.00	1.00	0.57	0.14	0	|	rapi	0.46	0.57	0	|	45.0	0.57(45)	0.57(45)	|	5460	
2354	457	ok	|	0.48	1.00	1.00	0.60	0.15	0	|	rapi	0.48	0.60	0	|	45.0	0.60(45)	0.60(45)	|	5460	
2354	458	ok	|	0.47	1.00	1.00	0.60	0.15	0	|	rapi	0.47	0.60	0	|	45.0	0.60(45)	0.60(45)	|	5460	
2354	459	ok	|	0.47	1.00	1.00	0.59	0.15	0	|	rapi	0.47	0.59	0	|	45.0	0.59(45)	0.59(45)	|	5460	
2354	460	ok	|	0.46	1.00	1.00	0.58	0.15	0	|	rapi	0.46	0.58	0	|	45.0	0.58(45)	0.58(45)	|	5460	
2354	461	ok	|	0.49	1.00	1.00	0.65	0.16	0	|	rapi	0.49	0.65	0	|	45.0	0.65(45)	0.65(45)	|	5460	
2354	462	ok	|	0.48	1.00	1.00	0.62	0.16	0	|	rapi	0.48	0.62	0	|	45.0	0.62(45)	0.62(45)	|	5460	
2354	463	ok	|	0.46	1.00	1.00	0.60	0.15	0	|	rapi	0.46	0.60	0	|	45.0	0.60(45)	0.60(45)	|	5460	
2354	464	ok	|	0.48	1.00	1.00	0.60	0.15	0	|	rapi	0.48	0.60	0	|	45.0	0.60(45)	0.60(45)	|	5460	
2354	465	ok	|	0.48	1.00	1.00	0.60	0.15	0	|	rapi	0.48	0.60	0	|	45.0	0.60(45)	0.60(45)	|	5460	
2354	466	ok	|	0.50	1.00	1.00	0.63	0.16	0	|	rapi	0.50	0.63	0	|	45.0	0.63(45)	0.63(45)	|	5460	
2354	467	ok	|	0.51	1.00	1.00	0.63	0.16	0	|	rapi	0.51	0.63	0	|	45.0	0.63(45)	0.63(45)	|	5460	
2354	468	ok	|	0.51	1.00	1.00	0.63	0.16	0	|	rapi	0.51	0.63	0	|	45.0	0.63(45)	0.63(45)	|	5460	
2354	469	ok	|	0.51	1.00	1.00	0.63	0.16	0	|	rapi	0.51	0.63	0	|	45.0	0.63(45)	0.63(45)	|	5460	
2354	470	ok	|	0.51	1.00	1.00	0.63	0.16	0	|	rapi	0.51	0.63	0	|	45.0	0.63(45)	0.63(45)	|	5460	
2354	471	ok	|	0.54	1.00	1.00	0.67	0.17	0	|	rapi	0.54	0.67	0	|	45.0	0.67(45)	0.67(45)	|	5460	
2354	472	ok	|	0.53	1.00	1.00	0.64	0.16	0	|	rapi	0.53	0.64	0	|	45.0	0.64(45)	0.64(45)	|	5460	
2354	473	ok	|	0.55	1.00	1.00	0.70	0.17	0	|	rapi	0.55	0.70	0	|	45.0	0.70(45)	0.70(45)	|	5460	
2354	474	ok	|	0.53	1.00	1.00	0.65	0.16	0	|	rapi	0.53	0.65	0	|	45.0	0.65(45)	0.65(45)	|	5460	
2354	475	ok	|	0.49	1.00	1.00	0.60	0.15	0	|	rapi	0.49	0.60	0	|	45.0	0.60(45)	0.60(45)	|	5460	
2354	476	ok	|	0.48	1.00	1.00	0.59	0.15	0	|	rapi	0.48	0.59	0	|	45.0	0.59(45)	0.59(45)	|	5460	
2354	477	ok	|	0.48	1.00	1.00	0.58	0.14	0	|	rapi	0.48	0.58	0	|	45.0	0.58(45)	0.58(45)	|	5460	
2354	478	ok	|	0.47	1.00	1.00	0.58	0.14	0	|	rapi	0.47	0.58	0	|	45.0	0.58(45)	0.58(45)	|	5460	
2354	479	ok	|	0.47	1.00	1.00	0.56	0.14	0	|	rapi	0.47	0.56	0	|	45.0	0.56(45)	0.56(45)	|	5460	
2354	480	ok	|	0.42	1.00	1.00	0.50	0.13	0	|	rapi	0.42	0.50	0	|	45.0	0.50(45)	0.50(45)	|	5460	
2354	481	ok	|	0.43	1.00	1.00	0.50	0.12	0	|	rapi	0.43	0.50	0	|	45.0	0.50(45)	0.50(45)	|	5460	
2354	482	ok	|	0.43	1.00	1.00	0.50	0.13	0	|	rapi	0.43	0.50	0	|	45.0	0.50(45)	0.50(45)	|	5460	
2354	483	ok	|	0.40	1.00	1.00	0.46	0.11	0	|	rapi	0.40	0.46	0	|	45.0	0.46(45)	0.46(45)	|	5460	
2354	484	ok	|	0.42	1.00	1.00	0.48	0.12	0	|	rapi	0.42	0.48	0	|	45.0	0.48(45)	0.48(45)	|	5460	
2354	485	ok	|	0.43	1.00	1.00	0.51	0.13	0	|	rapi	0.43	0.51	0	|	45.0	0.51(45)	0.51(45)	|	5460	
2354	486	ok	|	0.43	1.00	1.00	0.49	0.12	0	|	rapi	0.43	0.49	0	|	45.0	0.49(45)	0.49(45)	|	5460	
2354	487	ok	|	0.43	1.00	1.00	0.50	0.12	0	|	rapi	0.43	0.50	0	|	45.0	0.50(45)	0.50(45)	|	5460	
2354	488	ok	|	0.44	1.00	1.00	0.51	0.13	0	|	rapi	0.44	0.51	0	|	45.0	0.51(45)	0.51(45)	|	5460	
2354	489	ok	|	0.45	1.00	1.00	0.53	0.13	0	|	rapi	0.45	0.53	0	|	45.0	0.53(45)	0.53(45)	|	5460	
2354	490	ok	|	0.45	1.00	1.00	0.52	0.13	0	|	rapi	0.45	0.52	0	|	45.0	0.52(45)	0.52(45)	|	5460	
2354	491	ok	|	0.47	1.00	1.00	0.55	0.14	0	|	rapi	0.47	0.55	0	|	45.0	0.55(45)	0.55(45)	|	5460	
2354	492	ok	|	0.47	1.00	1.00	0.55	0.14	0	|	rapi	0.47	0.55	0	|	45.0	0.55(45)	0.55(45)	|	5460	
2354	493	ok	|	0.44	1.00	1.00	0.51	0.13	0	|	rapi	0.44	0.51	0	|	45.0	0.51(45)	0.51(45)	|	5460	
2354	494	ok	|	0.42	1.00	1.00	0.50	0.12	0	|	rapi	0.42	0.50	0	|	45.0	0.50(45)	0.50(45)	|	5460	
2354	495	ok	|	0.44	1.00	1.00	0.50	0.13	0	|	rapi	0.44	0.50	0	|	45.0	0.50(45)	0.50(45)	|	5460	
2354	496	ok	|	0.42	1.00	1.00	0.49	0.12	0	|	rapi	0.42	0.49	0	|	45.0	0.49(45)	0.49(45)	|	5460	
2354	497	ok	|	0.42	1.00	1.00	0.48	0.12	0	|	rapi	0.42	0.48	0	|	45.0	0.48(45)	0.48(45)	|	5460	
2354	498	ok	|	0.41	1.00	1.00	0.47	0.12	0	|	rapi	0.41	0.47	0	|	45.0	0.47(45)	0.47(45)	|	5460	
2354	499	ok	|	0.40	1.00	1.00	0.48	0.12	0	|	rapi	0.40	0.48	0	|	45.0	0.48(45)	0.48(45)	|	5460	
2354	500	ok	|	0.38	1.00	1.00	0.44	0.11	0	|	rapi	0.38	0.44	0	|	45.0	0.44(45)	0.44(45)	|	5460	
2354	501	ok	|	0.40	1.00	1.00	0.46	0.12	0	|	rapi	0.40	0.46	0	|	45.0	0.46(45)	0.46(45)	|	5460	
2354	502	ok	|	0.40	1.00	1.00	0.46	0.12	0	|	rapi	0.40	0.46	0	|	45.0	0.46(45)	0.46(45)	|	5460	
2354	503	ok	|	0.41	1.00	1.00	0.47	0.12	0	|	rapi	0.41	0.47	0	|	45.0	0.47(45)	0.47(45)	|	5460	
2354	504	ok	|	0.41	1.00	1.00	0.46	0.12	0	|	rapi	0.41	0.46	0	|	45.0	0.46(45)	0.46(45)	|	5460	
2354	505	ok	|	0.40	1.00	1.00	0.45	0.11	0	|	rapi	0.40	0.45	0	|	45.0	0.45(45)	0.45(45)	|	5460	
2354	506	ok	|	0.39	1.00	1.00	0.44	0.11	0	|	rapi	0.39	0.44	0	|	45.0	0.44(45)	0.44(45)	|	5460	
2354	507	ok	|	0.40	1.00	1.00	0.45	0.11	0	|	rapi	0.40	0.45	0	|	45.0	0.45(45)	0.45(45)	|	5460	
2354	508	ok	|	0.39	1.00	1.00	0.44	0.11	0	|	rapi	0.39	0.44	0	|	45.0	0.44(45)	0.44(45)	|	5460	
2354	509	ok	|	0.37	1.00	1.00	0.43	0.11	0	|	rapi	0.37	0.43	0	|	45.0	0.43(45)	0.43(45)	|	5460	
2354	510	ok	|	0.35	1.00	1.00	0.39	0.10	0	|	rapi	0.35	0.39	0	|	45.0	0.39(45)	0.39(45)	|	5460	
2354	511	ok	|	0.34	1.00	1.00	0.39	0.10	0	|	rapi	0.34	0.39	0	|	45.0	0.39(45)	0.39(45)	|	5460	
2354	512	ok	|	0.36	1.00	1.00	0.42	0.10	0	|	rapi	0.36	0.42	0	|	45.0	0.42(45)	0.42(45)	|	5460	
2354	513	ok	|	0.36	1.00	1.00	0.42	0.11	0	|	rapi	0.36	0.42	0	|	45.0	0.42(45)	0.42(45)	|	5460	
2354	514	ok	|	0.34	1.00	1.00	0.39	0.10	0	|	rapi	0.34	0.39	0	|	45.0	0.39(45)	0.39(45)	|	5460	
2354	515	ok	|	0.33	1.00	1.00	0.38	0.09	0	|	rapi	0.33	0.38	0	|	45.0	0.38(45)	0.38(45)	|	5460	
2354	516	ok	|	0.32	1.00	1.00	0.36	0.09	0	|	rapi	0.32	0.36	0	|	45.0	0.36(45)	0.36(45)	|	5460	
2354	517	ok	|	0.32	1.00	1.00	0.38	0.09	0	|	rapi	0.32	0.38	0	|	45.0	0.38(45)	0.38(45)	|	5460	
2354	518	ok	|	0.33	1.00	1.00	0.37	0.09	0	|	rapi	0.33	0.37	0	|	45.0	0.37(45)	0.37(45)	|	5460	
2354	519	ok	|	0.33	1.00	1.00	0.38	0.10	0	|	rapi	0.33	0.38	0	|	45.0	0.38(45)	0.38(45)	|	5460	
2354	520	ok	|	0.33	1.00	1.00	0.38	0.09	0	|	rapi	0.33	0.38	0	|	45.0	0.38(45)	0.38(45)	|	5460	
2354	521	ok	|	0.33	1.00	1.00	0.39	0.10	0	|	rapi	0.33	0.39	0	|	45.0	0.39(45)	0.39(45)	|	5460	
2354	522	ok	|	0.32	1.00	1.00	0.38	0.10	0	|	rapi	0.32	0.38	0	|	45.0	0.38(45)	0.38(45)	|	5460	
2354	523	ok	|	0.34	1.00	1.00	0.40	0.10	0	|	rapi	0.34	0.40	0	|	45.0	0.40(45)	0.40(45)	|	5460	
2354	524	ok	|	0.35	1.00	1.00	0.40	0.10	0	|	rapi	0.35	0.40	0	|	45.0	0.40(45)	0.40(45)	|	5460	
2354	525	ok	|	0.36	1.00	1.00	0.42	0.11	0	|	rapi	0.36	0.42	0	|	45.0	0.42(45)	0.42(45)	|	5460	
2354	526	ok	|	0.35	1.00	1.00	0.40	0.10	0	|	rapi	0.35	0.40	0	|	45.0	0.40(45)	0.40(45)	|	5460	
2354	527	ok	|	0.35	1.00	1.00	0.40	0.10	0	|	rapi	0.35	0.40	0	|	45.0	0.40(45)	0.40(45)	|	5460	
2354	528	ok	|	0.34	1.00	1.00	0.38	0.10	0	|	rapi	0.34	0.38	0	|	45.0	0.38(45)	0.38(45)	|	5460	
2354	529	ok	|	0.34	1.00	1.00	0.38	0.09	0	|	rapi	0.34	0.38	0	|	45.0	0.38(45)	0.38(45)	|	5460	
2354	530	ok	|	0.34	1.00	1.00	0.38	0.10	0	|	rapi	0.34	0.38	0	|	45.0	0.38(45)	0.38(45)	|	5460	
2354	531	ok	|	0.35	1.00	1.00	0.39	0.10	0	|	rapi	0.35	0.39	0	|	45.0	0.39(45)	0.39(45)	|	5460	
2354	532	ok	|	0.34	1.00	1.00	0.39	0.10	0	|	rapi	0.34	0.39	0	|	45.0	0.39(45)	0.39(45)	|	5460	
2354	533	ok	|	0.34	1.00	1.00	0.38	0.10	0	|	rapi	0.34	0.38	0	|	45.0	0.38(45)	0.38(45)	|	5460	
2354	534	ok	|	0.35	1.00	1.00	0.40	0.10	0	|	rapi	0.35	0.40	0	|	45.0	0.40(45)	0.40(45)	|	5460	
2354	535	ok	|	0.38	1.00	1.00	0.44	0.11	0	|	rapi	0.38	0.44	0	|	45.0	0.44(45)	0.44(45)	|	5460	
2354	536	ok	|	0.42	1.00	1.00	0.49	0.12	0	|	rapi	0.42	0.49	0	|	45.0	0.49(45)	0.49(45)	|	5460	
2354	537	ok	|	0.42	1.00	1.00	0.48	0.12	0	|	rapi	0.42	0.48	0	|	45.0	0.48(45)	0.48(45)	|	5460	
2354	538	ok	|	0.39	1.00	1.00	0.47	0.12	0	|	rapi	0.39	0.47	0	|	45.0	0.47(45)	0.47(45)	|	5460	
2354	539	ok	|	0.41	1.00	1.00	0.49	0.12	0	|	rapi	0.41	0.49	0	|	45.0	0.49(45)	0.49(45)	|	5460	
2354	540	ok	|	0.40	1.00	1.00	0.46	0.12	0	|	rapi	0.40	0.46	0	|	45.0	0.46(45)	0.46(45)	|	5460	
2354	541	ok	|	0.41	1.00	1.00	0.48	0.12	0	|	rapi	0.41	0.48	0	|	45.0	0.48(45)	0.48(45)	|	5460	
2354	542	ok	|	0.42	1.00	1.00	0.49	0.12	0	|	rapi	0.42	0.49	0	|	45.0	0.49(45)	0.49(45)	|	5460	
2354	543	ok	|	0.41	1.00	1.00	0.48	0.12	0	|	rapi	0.41	0.48	0	|	45.0	0.48(45)	0.48(45)	|	5460	
2354	544	ok	|	0.42	1.00	1.00	0.49	0.12	0	|	rapi	0.42	0.49	0	|	45.0	0.49(45)	0.49(45)	|	5460	
2354	545	ok	|	0.37	1.00	1.00	0.44	0.11	0	|	rapi	0.37	0.44	0	|	45.0	0.44(45)	0.44(45)	|	5460	
2354	546	ok	|	0.36	1.00	1.00	0.42	0.11	0	|	rapi	0.36	0.42	0	|	45.0	0.42(45)	0.42(45)	|	5460	
2354	547	ok	|	0.36	1.00	1.00	0.41	0.10	0	|	rapi	0.36	0.41	0	|	45.0	0.41(45)	0.41(45)	|	5460	
2354	548	ok	|	0.34	1.00	1.00	0.39	0.10	0	|	rapi	0.34	0.39	0	|	45.0	0.39(45)	0.39(45)	|	5460	
2354	549	ok	|	0.33	1.00	1.00	0.38	0.10	0	|	rapi	0.33	0.38	0	|	45.0	0.38(45)	0.38(45)	|	5460	
2354	550	ok	|	0.33	1.00	1.00	0.36	0.09	0	|	rapi	0.33	0.36	0	|	45.0	0.36(45)	0.36(45)	|	5460	
2354	551	ok	|	0.30	1.00	1.00	0.34	0.09	0	|	rapi	0.30	0.34	0	|	45.0	0.34(45)	0.34(45)	|	5460	
2354	552	ok	|	0.33	1.00	1.00	0.36	0.09	0	|	rapi	0.33	0.36	0	|	45.0	0.36(45)	0.36(45)	|	5460	
2354	553	ok	|	0.32	1.00	1.00	0.35	0.09	0	|	rapi	0.32	0.35	0	|	45.0	0.35(45)	0.35(45)	|	5460	
2354	554	ok	|	0.31	1.00	1.00	0.34	0.09	0	|	rapi	0.31	0.34	0	|	45.0	0.34(45)	0.34(45)	|	5460	
2354	555	ok	|	0.32	1.00	1.00	0.35	0.09	0	|	rapi	0.32	0.35	0	|	45.0	0.35(45)	0.35(45)	|	5460	
2354	556	ok	|	0.31	1.00	1.00	0.35	0.09	0	|	rapi	0.31	0.35	0	|	45.0	0.35(45)	0.35(45)	|	5460	
2354	557	ok	|	0.32	1.00	1.00	0.36	0.09	0	|	rapi	0.32	0.36	0	|	45.0	0.36(45)	0.36(45)	|	5460	
2354	558	ok	|	0.31	1.00	1.00	0.36	0.09	0	|	rapi	0.31	0.36	0	|	45.0	0.36(45)	0.36(45)	|	5460	
2354	559	ok	|	0.32	1.00	1.00	0.36	0.09	0	|	rapi	0.32	0.36	0	|	45.0	0.36(45)	0.36(45)	|	5460	
2354	560	ok	|	0.33	1.00	1.00	0.37	0.09	0	|	rapi	0.33	0.37	0	|	45.0	0.37(45)	0.37(45)	|	5460	
2354	561	ok	|	0.32	1.00	1.00	0.35	0.09	0	|	rapi	0.32	0.35	0	|	45.0	0.35(45)	0.35(45)	|	5460	
2354	562	ok	|	0.35	1.00	1.00	0.39	0.10	0	|	rapi	0.35	0.39	0	|	45.0	0.39(45)	0.39(45)	|	5460	
2354	563	ok	|	0.33	1.00	1.00	0.37	0.09	0	|	rapi	0.33	0.37	0	|	45.0	0.37(45)	0.37(45)	|	5460	
2354	564	ok	|	0.33	1.00	1.00	0.37	0.09	0	|	rapi	0.33	0.37	0	|	45.0	0.37(45)	0.37(45)	|	5460	
2354	565	ok	|	0.31	1.00	1.00	0.34	0.08	0	|	rapi	0.31	0.34	0	|	45.0	0.34(45)	0.34(45)	|	5460	
2354	566	ok	|	0.33	1.00	1.00	0.36	0.09	0	|	rapi	0.33	0.36	0	|	45.0	0.36(45)	0.36(45)	|	5460	
2354	567	ok	|	0.30	1.00	1.00	0.33	0.08	0	|	rapi	0.30	0.33	0	|	45.0	0.33(45)	0.33(45)	|	5460	
2354	568	ok	|	0.29	1.00	1.00	0.33	0.08	0	|	rapi	0.29	0.33	0	|	45.0	0.33(45)	0.33(45)	|	5460	
2354	569	ok	|	0.30	1.00	1.00	0.33	0.08	0	|	rapi	0.30	0.33	0	|	45.0	0.33(45)	0.33(45)	|	5460	
2354	570	ok	|	0.27	1.00	1.00	0.30	0.08	0	|	rapi	0.27	0.30	0	|	45.0	0.30(45)	0.30(45)	|	5460	
2354	571	ok	|	0.27	1.00	1.00	0.29	0.07	0	|	rapi	0.27	0.29	0	|	45.0	0.29(45)	0.29(45)	|	5460	
2354	572	ok	|	0.28	1.00	1.00	0.30	0.08	0	|	rapi	0.28	0.30	0	|	45.0	0.30(45)	0.30(45)	|	5460	
2354	573	ok	|	0.28	1.00	1.00	0.31	0.08	0	|	rapi	0.28	0.31	0	|	45.0	0.31(45)	0.31(45)	|	5460	
2354	574	ok	|	0.27	1.00	1.00	0.29	0.07	0	|	rapi	0.27	0.29	0	|	45.0	0.29(45)	0.29(45)	|	5460	
2354	575	ok	|	0.25	1.00	1.00	0.28	0.07	0	|	rapi	0.25	0.28	0	|	45.0	0.28(45)	0.28(45)	|	5460	
2354	576	ok	|	0.26	1.00	1.00	0.28	0.07	0	|	rapi	0.26	0.28	0	|	45.0	0.28(45)	0.28(45)	|	5460	
2354	577	ok	|	0.24	1.00	1.00	0.26	0.06	0	|	rapi	0.24	0.26	0	|	45.0	0.26(45)	0.26(45)	|	5460	
2354	578	ok	|	0.23	1.00	1.00	0.25	0.06	0	|	rapi	0.23	0.25	0	|	45.0	0.25(45)	0.25(45)	|	5460	
2354	579	ok	|	0.22	1.00	1.00	0.23	0.06	0	|	rapi	0.22	0.23	0	|	45.0	0.23(45)	0.23(45)	|	5460	
2354	580	ok	|	0.21	1.00	1.00	0.22	0.06	0	|	rapi	0.21	0.22	0	|	45.0	0.22(45)	0.22(45)	|	5460	
2354	581	ok	|	0.22	1.00	1.00	0.23	0.06	0	|	rapi	0.22	0.23	0	|	45.0	0.23(45)	0.23(45)	|	5460	
2354	582	ok	|	0.23	1.00	1.00	0.25	0.06	0	|	rapi	0.23	0.25	0	|	45.0	0.25(45)	0.25(45)	|	5460	
2354	583	ok	|	0.24	1.00	1.00	0.26	0.06	0	|	rapi	0.24	0.26	0	|	45.0	0.26(45)	0.26(45)	|	5460	
2354	584	ok	|	0.22	1.00	1.00	0.23	0.06	0	|	rapi	0.22	0.23	0	|	45.0	0.23(45)	0.23(45)	|	5460	
2354	585	ok	|	0.21	1.00	1.00	0.22	0.06	0	|	rapi	0.21	0.22	0	|	45.0	0.22(45)	0.22(45)	|	5460	
2354	586	ok	|	0.20	1.00	1.00	0.21	0.05	0	|	rapi	0.20	0.21	0	|	45.0	0.21(45)	0.21(45)	|	5460	
2354	587	ok	|	0.19	1.00	1.00	0.21	0.05	0	|	rapi	0.19	0.21	0	|	45.0	0.21(45)	0.21(45)	|	5460	
2354	588	ok	|	0.21	1.00	1.00	0.22	0.06	0	|	rapi	0.21	0.22	0	|	45.0	0.22(45)	0.22(45)	|	5460	
2354	589	ok	|	0.21	1.00	1.00	0.23	0.06	0	|	rapi	0.21	0.23	0	|	45.0	0.23(45)	0.23(45)	|	5460	
2354	590	ok	|	0.19	1.00	1.00	0.21	0.05	0	|	rapi	0.19	0.21	0	|	45.0	0.21(45)	0.21(45)	|	5460	
2354	591	ok	|	0.19	1.00	1.00	0.20	0.05	0	|	rapi	0.19	0.20	0	|	45.0	0.20(45)	0.20(45)	|	5460	
2354	592	ok	|	0.19	1.00	1.00	0.20	0.05	0	|	rapi	0.19	0.20	0	|	45.0	0.20(45)	0.20(45)	|	5460	
2354	593	ok	|	0.17	1.00	1.00	0.18	0.04	0	|	rapi	0.17	0.18	0	|	45.0	0.18(45)	0.18(45)	|	5460	
2354	594	ok	|	0.16	1.00	1.00	0.17	0.04	0	|	rapi	0.16	0.17	0	|	45.0	0.17(45)	0.17(45)	|	5460	
2354	595	ok	|	0.17	1.00	1.00	0.18	0.04	0	|	rapi	0.17	0.18	0	|	45.0	0.18(45)	0.18(45)	|	5460	
2354	596	ok	|	0.16	1.00	1.00	0.17	0.04	0	|	rapi	0.16	0.17	0	|	45.0	0.17(45)	0.17(45)	|	5460	
2354	597	ok	|	0.14	1.00	1.00	0.15	0.04	0	|	rapi	0.14	0.15	0	|	45.0	0.15(45)	0.15(45)	|	5460	
2354	598	ok	|	0.14	1.00	1.00	0.15	0.04	0	|	rapi	0.14	0.15	0	|	45.0	0.15(45)	0.15(45)	|	5460	
2354	599	ok	|	0.14	1.00	1.00	0.15	0.04	0	|	rapi	0.14	0.15	0	|	45.0	0.15(45)	0.15(45)	|	5460	
2354	600	ok	|	0.14	1.00	1.00	0.15	0.04	0	|	rapi	0.14	0.15	0	|	45.0	0.15(45)	0.15(45)	|	5460	
2354	601	ok	|	0.13	1.00	1.00	0.14	0.03	0	|	rapi	0.13	0.14	0	|	45.0	0.14(45)	0.14(45)	|	5460	
2354	602	ok	|	0.13	1.00	1.00	0.14	0.03	0	|	rapi	0.13	0.14	0	|	45.0	0.14(45)	0.14(45)	|	5460	
2354	603	ok	|	0.14	1.00	1.00	0.15	0.04	0	|	rapi	0.14	0.15	0	|	45.0	0.15(45)	0.15(45)	|	5460	
2354	604	ok	|	0.15	1.00	1.00	0.15	0.04	0	|	rapi	0.15	0.15	0	|	45.0	0.15(45)	0.15(45)	|	5460	
2354	605	ok	|	0.15	1.00	1.00	0.16	0.04	0	|	rapi	0.15	0.16	0	|	45.0	0.16(45)	0.16(45)	|	5460	
2354	606	ok	|	0.14	1.00	1.00	0.14	0.04	0	|	rapi	0.14	0.14	0	|	45.0	0.14(45)	0.14(45)	|	5460	
2354	607	ok	|	0.12	1.00	1.00	0.13	0.03	0	|	rapi	0.12	0.13	0	|	45.0	0.13(45)	0.13(45)	|	5460	
2354	608	ok	|	0.12	1.00	1.00	0.13	0.03	0	|	rapi	0.12	0.13	0	|	45.0	0.13(45)	0.13(45)	|	5460	
2354	609	ok	|	0.11	1.00	1.00	0.11	0.06	0	|	rapi	0.11	0.11	0	|	45.0	0.11(45)	0.11(45)	|	5460	
2354	610	ok	|	0.11	1.00	1.00	0.11	0.06	0	|	rapi	0.11	0.11	0	|	45.0	0.11(45)	0.11(45)	|	5460	
2354	611	ok	|	0.11	1.00	1.00	0.12	0.06	0	|	rapi	0.11	0.12	0	|	45.0	0.12(45)	0.12(45)	|	5460	
2354	612	ok	|	0.12	1.00	1.00	0.12	0.06	0	|	rapi	0.12	0.12	0	|	45.0	0.12(45)	0.12(45)	|	5460	
2354	613	ok	|	0.11	1.00	1.00	0.12	0.06	0	|	rapi	0.11	0.12	0	|	45.0	0.12(45)	0.12(45)	|	5460	
2354	614	ok	|	0.09	1.00	1.00	0.09	0.05	0	|	rapi	0.09	0.09	0	|	45.0	0.09(45)	0.09(45)	|	5460	
2354	615	ok	|	0.08	1.00	1.00	0.09	0.04	0	|	rapi	0.08	0.09	0	|	45.0	0.09(45)	0.09(45)	|	5460	
2354	616	ok	|	0.07	1.00	1.00	0.07	0.04	0	|	rapi	0.07	0.07	0	|	45.0	0.07(45)	0.07(45)	|	5460	
2354	617	ok	|	0.07	1.00	1.00	0.07	0.04	0	|	rapi	0.07	0.07	0	|	45.0	0.07(45)	0.07(45)	|	5460	
2354	618	ok	|	0.07	1.00	1.00	0.07	0.04	0	|	rapi	0.07	0.07	0	|	45.0	0.07(45)	0.07(45)	|	5460	
2354	619	ok	|	0.06	1.00	1.00	0.06	0.03	0	|	rapi	0.06	0.06	0	|	45.0	0.06(45)	0.06(45)	|	5460	
2354	620	ok	|	0.07	1.00	1.00	0.07	0.04	0	|	rapi	0.07	0.07	0	|	45.0	0.07(45)	0.07(45)	|	5460	
2354	621	ok	|	0.07	1.00	1.00	0.07	0.04	0	|	rapi	0.07	0.07	0	|	45.0	0.07(45)	0.07(45)	|	5460	
2354	622	ok	|	0.07	1.00	1.00	0.07	0.04	0	|	rapi	0.07	0.07	0	|	45.0	0.07(45)	0.07(45)	|	5460	
2354	623	ok	|	0.07	1.00	1.00	0.07	0.04	0	|	rapi	0.07	0.07	0	|	45.0	0.07(45)	0.07(45)	|	5460	
2354	624	ok	|	0.07	1.00	1.00	0.07	0.03	0	|	rapi	0.07	0.07	0	|	45.0	0.07(45)	0.07(45)	|	5460	
2354	625	ok	|	0.08	1.00	1.00	0.08	0.04	0	|	rapi	0.08	0.08	0	|	45.0	0.08(45)	0.08(45)	|	5460	
2354	626	ok	|	0.07	1.00	1.00	0.07	0.04	0	|	rapi	0.07	0.07	0	|	45.0	0.07(45)	0.07(45)	|	5460	
2354	627	ok	|	0.07	1.00	1.00	0.07	0.04	0	|	rapi	0.07	0.07	0	|	45.0	0.07(45)	0.07(45)	|	5460	
2354	628	ok	|	0.07	1.00	1.00	0.07	0.03	0	|	rapi	0.07	0.07	0	|	45.0	0.07(45)	0.07(45)	|	5460	
2354	629	ok	|	0.07	1.00	1.00	0.07	0.04	0	|	rapi	0.07	0.07	0	|	45.0	0.07(45)	0.07(45)	|	5460	
2354	630	ok	|	0.08	1.00	1.00	0.08	0.04	0	|	rapi	0.08	0.08	0	|	45.0	0.08(45)	0.08(45)	|	5460	
2354	631	ok	|	0.09	1.00	1.00	0.09	0.04	0	|	rapi	0.09	0.09	0	|	45.0	0.09(45)	0.09(45)	|	5460	
2354	632	ok	|	0.10	1.00	1.00	0.10	0.05	0	|	rapi	0.10	0.10	0	|	45.0	0.10(45)	0.10(45)	|	5460	
2354	633	ok	|	0.10	1.00	1.00	0.10	0.05	0	|	rapi	0.10	0.10	0	|	45.0	0.10(45)	0.10(45)	|	5460	
2354	634	ok	|	0.09	1.00	1.00	0.10	0.05	0	|	rapi	0.09	0.10	0	|	45.0	0.10(45)	0.10(45)	|	5460	
2354	635	ok	|	0.10	1.00	1.00	0.10	0.05	0	|	rapi	0.10	0.10	0	|	45.0	0.10(45)	0.10(45)	|	5460	
2354	636	ok	|	0.10	1.00	1.00	0.10	0.05	0	|	rapi	0.10	0.10	0	|	45.0	0.10(45)	0.10(45)	|	5460	
2354	637	ok	|	0.11	1.00	1.00	0.11	0.06	0	|	rapi	0.11	0.11	0	|	45.0	0.11(45)	0.11(45)	|	5460	
2354	638	ok	|	0.09	1.00	1.00	0.09	0.05	0	|	rapi	0.09	0.09	0	|	45.0	0.09(45)	0.09(45)	|	5460	
2354	639	ok	|	0.09	1.00	1.00	0.09	0.04	0	|	rapi	0.09	0.09	0	|	45.0	0.09(45)	0.09(45)	|	5460	
2354	640	ok	|	0.07	1.00	1.00	0.07	0.03	0	|	rapi	0.07	0.07	0	|	45.0	0.07(45)	0.07(45)	|	5460	
2354	641	ok	|	0.06	1.00	1.00	0.06	0.03	0	|	rapi	0.06	0.06	0	|	45.0	0.06(45)	0.06(45)	|	5460	
2354	642	ok	|	0.05	1.00	1.00	0.05	0.03	0	|	rapi	0.05	0.05	0	|	45.0	0.05(45)	0.05(45)	|	5460	
2354	643	ok	|	0.06	1.00	1.00	0.06	0.03	0	|	rapi	0.06	0.06	0	|	45.0	0.06(45)	0.06(45)	|	5460	
2354	644	ok	|	0.06	1.00	1.00	0.06	0.03	0	|	rapi	0.06	0.06	0	|	45.0	0.06(45)	0.06(45)	|	5460	
2354	645	ok	|	0.06	1.00	1.00	0.06	0.03	0	|	rapi	0.06	0.06	0	|	45.0	0.06(45)	0.06(45)	|	5460	
2354	646	ok	|	0.06	1.00	1.00	0.06	0.03	0	|	rapi	0.06	0.06	0	|	45.0	0.06(45)	0.06(45)	|	5460	
2354	647	ok	|	0.06	1.00	1.00	0.06	0.03	0	|	rapi	0.06	0.06	0	|	45.0	0.06(45)	0.06(45)	|	5460	
2354	648	ok	|	0.06	1.00	1.00	0.06	0.03	0	|	rapi	0.06	0.06	0	|	45.0	0.06(45)	0.06(45)	|	5460	
2354	649	ok	|	0.06	1.00	1.00	0.06	0.03	0	|	rapi	0.06	0.06	0	|	45.0	0.06(45)	0.06(45)	|	5460	
2354	650	ok	|	0.06	1.00	1.00	0.06	0.03	0	|	rapi	0.06	0.06	0	|	45.0	0.06(45)	0.06(45)	|	5460	
2354	651	ok	|	0.06	1.00	1.00	0.06	0.03	0	|	rapi	0.06	0.06	0	|	45.0	0.06(45)	0.06(45)	|	5460	
2354	652	ok	|	0.06	1.00	1.00	0.06	0.03	0	|	rapi	0.06	0.06	0	|	45.0	0.06(45)	0.06(45)	|	5460	
2354	653	ok	|	0.06	1.00	1.00	0.06	0.03	0	|	rapi	0.06	0.06	0	|	45.0	0.06(45)	0.06(45)	|	5460	
2354	654	ok	|	0.05	1.00	1.00	0.05	0.02	0	|	rapi	0.05	0.05	0	|	45.0	0.05(45)	0.05(45)	|	5460	
2354	655	ok	|	0.04	1.00	1.00	0.04	0.02	0	|	rapi	0.04	0.04	0	|	45.0	0.04(45)	0.04(45)	|	5460	
2354	656	ok	|	0.04	1.00	1.00	0.04	0.02	0	|	rapi	0.04	0.04	0	|	45.0	0.04(45)	0.04(45)	|	5460	
2354	657	ok	|	0.03	1.00	1.00	0.03	0.02	0	|	rapi	0.03	0.03	0	|	45.0	0.03(45)	0.03(45)	|	5460	
2354	658	ok	|	0.03	1.00	1.00	0.03	0.02	0	|	rapi	0.03	0.03	0	|	45.0	0.03(45)	0.03(45)	|	5460	
2354	659	ok	|	0.03	1.00	1.00	0.03	0.01	0	|	rapi	0.03	0.03	0	|	45.0	0.03(45)	0.03(45)	|	5460	
2354	660	ok	|	0.03	1.00	1.00	0.03	0.01	0	|	rapi	0.03	0.03	0	|	45.0	0.03(45)	0.03(45)	|	5460	
2354	661	ok	|	0.04	1.00	1.00	0.04	0.02	0	|	rapi	0.04	0.04	0	|	45.0	0.04(45)	0.04(45)	|	5460	
2354	662	ok	|	0.03	1.00	1.00	0.03	0.02	0	|	rapi	0.03	0.03	0	|	45.0	0.03(45)	0.03(45)	|	5460	
2354	663	ok	|	0.04	1.00	1.00	0.04	0.02	0	|	rapi	0.04	0.04	0	|	45.0	0.04(45)	0.04(45)	|	5460	
2354	664	ok	|	0.04	1.00	1.00	0.04	0.02	0	|	rapi	0.04	0.04	0	|	45.0	0.04(45)	0.04(45)	|	5460	
2354	665	ok	|	0.04	1.00	1.00	0.04	0.02	0	|	rapi	0.04	0.04	0	|	45.0	0.04(45)	0.04(45)	|	5460	
2354	666	ok	|	0.04	1.00	1.00	0.04	0.02	0	|	rapi	0.04	0.04	0	|	45.0	0.04(45)	0.04(45)	|	5460	
2354	667	ok	|	0.04	1.00	1.00	0.04	0.02	0	|	rapi	0.04	0.04	0	|	45.0	0.04(45)	0.04(45)	|	5460	
2354	668	ok	|	0.03	1.00	1.00	0.03	0.02	0	|	rapi	0.03	0.03	0	|	45.0	0.03(45)	0.03(45)	|	5460	
2354	669	ok	|	0.04	1.00	1.00	0.04	0.02	0	|	rapi	0.04	0.04	0	|	45.0	0.04(45)	0.04(45)	|	5460	
2354	670	ok	|	0.04	1.00	1.00	0.04	0.02	0	|	rapi	0.04	0.04	0	|	45.0	0.04(45)	0.04(45)	|	5460	
2354	671	ok	|	0.04	1.00	1.00	0.04	0.02	0	|	rapi	0.04	0.04	0	|	45.0	0.04(45)	0.04(45)	|	5460	
2354	672	ok	|	0.03	1.00	1.00	0.03	0.01	0	|	rapi	0.03	0.03	0	|	45.0	0.03(45)	0.03(45)	|	5460	
2354	673	ok	|	0.03	1.00	1.00	0.03	0.02	0	|	rapi	0.03	0.03	0	|	45.0	0.03(45)	0.03(45)	|	5460	
2354	674	ok	|	0.03	1.00	1.00	0.03	0.01	0	|	rapi	0.03	0.03	0	|	45.0	0.03(45)	0.03(45)	|	5460	
2354	675	ok	|	0.03	1.00	1.00	0.03	0.01	0	|	rapi	0.03	0.03	0	|	45.0	0.03(45)	0.03(45)	|	5460	
2354	676	ok	|	0.02	1.00	1.00	0.02	0.01	0	|	rapi	0.02	0.02	0	|	45.0	0.02(45)	0.02(45)	|	5460	
2354	677	ok	|	0.02	1.00	1.00	0.02	0.01	0	|	rapi	0.02	0.02	0	|	45.0	0.02(45)	0.02(45)	|	5460	
2354	678	ok	|	0.02	1.00	1.00	0.02	0.01	0	|	rapi	0.02	0.02	0	|	45.0	0.02(45)	0.02(45)	|	5460	
2354	679	ok	|	0.02	1.00	1.00	0.02	0.01	0	|	rapi	0.02	0.02	0	|	45.0	0.02(45)	0.02(45)	|	5460	
2354	680	ok	|	0.02	1.00	1.00	0.02	0.01	0	|	rapi	0.02	0.02	0	|	45.0	0.02(45)	0.02(45)	|	5460	
2354	681	ok	|	0.03	1.00	1.00	0.03	0.01	0	|	rapi	0.03	0.03	0	|	45.0	0.03(45)	0.03(45)	|	5460	
2354	682	ok	|	0.03	1.00	1.00	0.03	0.01	0	|	rapi	0.03	0.03	0	|	45.0	0.03(45)	0.03(45)	|	5460	
2354	683	ok	|	0.03	1.00	1.00	0.03	0.01	0	|	rapi	0.03	0.03	0	|	45.0	0.03(45)	0.03(45)	|	5460	
2354	684	ok	|	0.03	1.00	1.00	0.03	0.02	0	|	rapi	0.03	0.03	0	|	45.0	0.03(45)	0.03(45)	|	5460	
2354	685	ok	|	0.04	1.00	1.00	0.04	0.02	0	|	rapi	0.04	0.04	0	|	45.0	0.04(45)	0.04(45)	|	5460	
2354	686	ok	|	0.03	1.00	1.00	0.03	0.02	0	|	rapi	0.03	0.03	0	|	45.0	0.03(45)	0.03(45)	|	5460	
2354	687	ok	|	0.04	1.00	1.00	0.04	0.02	0	|	rapi	0.04	0.04	0	|	45.0	0.04(45)	0.04(45)	|	5460	
2354	688	ok	|	0.05	1.00	1.00	0.05	0.02	0	|	rapi	0.05	0.05	0	|	45.0	0.05(45)	0.05(45)	|	5460	
2354	689	ok	|	0.06	1.00	1.00	0.06	0.03	0	|	rapi	0.06	0.06	0	|	45.0	0.06(45)	0.06(45)	|	5460	
2354	690	ok	|	0.07	1.00	1.00	0.07	0.04	0	|	rapi	0.07	0.07	0	|	45.0	0.07(45)	0.07(45)	|	5460	
2354	691	ok	|	0.07	1.00	1.00	0.07	0.04	0	|	rapi	0.07	0.07	0	|	45.0	0.07(45)	0.07(45)	|	5460	
2354	692	ok	|	0.06	1.00	1.00	0.07	0.03	0	|	rapi	0.06	0.07	0	|	45.0	0.07(45)	0.07(45)	|	5460	
2354	693	ok	|	0.05	1.00	1.00	0.06	0.03	0	|	rapi	0.05	0.06	0	|	45.0	0.06(45)	0.06(45)	|	5460	
2354	694	ok	|	0.04	1.00	1.00	0.04	0.02	0	|	rapi	0.04	0.04	0	|	45.0	0.04(45)	0.04(45)	|	5460	
2354	695	ok	|	0.04	1.00	1.00	0.04	0.02	0	|	rapi	0.04	0.04	0	|	45.0	0.04(45)	0.04(45)	|	5460	
2354	696	ok	|	0.04	1.00	1.00	0.04	0.02	0	|	rapi	0.04	0.04	0	|	45.0	0.04(45)	0.04(45)	|	5460	
2354	697	ok	|	0.04	1.00	1.00	0.04	0.02	0	|	rapi	0.04	0.04	0	|	45.0	0.04(45)	0.04(45)	|	5460	
2354	698	ok	|	0.04	1.00	1.00	0.04	0.02	0	|	rapi	0.04	0.04	0	|	45.0	0.04(45)	0.04(45)	|	5460	
2354	699	ok	|	0.05	1.00	1.00	0.05	0.02	0	|	rapi	0.05	0.05	0	|	45.0	0.05(45)	0.05(45)	|	5460	
2354	700	ok	|	0.04	1.00	1.00	0.04	0.02	0	|	rapi	0.04	0.04	0	|	45.0	0.04(45)	0.04(45)	|	5460	
2354	701	ok	|	0.04	1.00	1.00	0.04	0.02	0	|	rapi	0.04	0.04	0	|	45.0	0.04(45)	0.04(45)	|	5460	
2354	702	ok	|	0.04	1.00	1.00	0.04	0.02	0	|	rapi	0.04	0.04	0	|	45.0	0.04(45)	0.04(45)	|	5460	
2354	703	ok	|	0.04	1.00	1.00	0.05	0.02	0	|	rapi	0.04	0.05	0	|	45.0	0.05(45)	0.05(45)	|	5460	
2354	704	ok	|	0.05	1.00	1.00	0.05	0.02	0	|	rapi	0.05	0.05	0	|	45.0	0.05(45)	0.05(45)	|	5460	
2354	705	ok	|	0.04	1.00	1.00	0.04	0.02	0	|	rapi	0.04	0.04	0	|	45.0	0.04(45)	0.04(45)	|	5460	
2354	706	ok	|	0.04	1.00	1.00	0.04	0.02	0	|	rapi	0.04	0.04	0	|	45.0	0.04(45)	0.04(45)	|	5460	
2354	707	ok	|	0.03	1.00	1.00	0.03	0.01	0	|	rapi	0.03	0.03	0	|	45.0	0.03(45)	0.03(45)	|	5460	
2354	708	ok	|	0.03	1.00	1.00	0.03	0.01	0	|	rapi	0.03	0.03	0	|	45.0	0.03(45)	0.03(45)	|	5460	
2354	709	ok	|	0.03	1.00	1.00	0.03	0.01	0	|	rapi	0.03	0.03	0	|	45.0	0.03(45)	0.03(45)	|	5460	
2354	710	ok	|	0.03	1.00	1.00	0.03	0.01	0	|	rapi	0.03	0.03	0	|	45.0	0.03(45)	0.03(45)	|	5460	
2354	711	ok	|	0.03	1.00	1.00	0.03	0.01	0	|	rapi	0.03	0.03	0	|	45.0	0.03(45)	0.03(45)	|	5460	
2354	712	ok	|	0.04	1.00	1.00	0.04	0.02	0	|	rapi	0.04	0.04	0	|	45.0	0.04(45)	0.04(45)	|	5460	
2354	713	ok	|	0.05	1.00	1.00	0.05	0.02	0	|	rapi	0.05	0.05	0	|	45.0	0.05(45)	0.05(45)	|	5460	
2354	714	ok	|	0.04	1.00	1.00	0.04	0.02	0	|	rapi	0.04	0.04	0	|	45.0	0.04(45)	0.04(45)	|	5460	
2354	715	ok	|	0.04	1.00	1.00	0.04	0.02	0	|	rapi	0.04	0.04	0	|	45.0	0.04(45)	0.04(45)	|	5460	
2354	716	ok	|	0.04	1.00	1.00	0.04	0.02	0	|	rapi	0.04	0.04	0	|	45.0	0.04(45)	0.04(45)	|	5460	
2354	717	ok	|	0.04	1.00	1.00	0.04	0.02	0	|	rapi	0.04	0.04	0	|	45.0	0.04(45)	0.04(45)	|	5460	
2354	718	ok	|	0.04	1.00	1.00	0.04	0.02	0	|	rapi	0.04	0.04	0	|	45.0	0.04(45)	0.04(45)	|	5460	
2354	719	ok	|	0.05	1.00	1.00	0.05	0.02	0	|	rapi	0.05	0.05	0	|	45.0	0.05(45)	0.05(45)	|	5460	
2354	720	ok	|	0.05	1.00	1.00	0.05	0.02	0	|	rapi	0.05	0.05	0	|	45.0	0.05(45)	0.05(45)	|	5460	
2354	721	ok	|	0.06	1.00	1.00	0.06	0.03	0	|	rapi	0.06	0.06	0	|	45.0	0.06(45)	0.06(45)	|	5460	
2354	722	ok	|	0.07	1.00	1.00	0.07	0.04	0	|	rapi	0.07	0.07	0	|	45.0	0.07(45)	0.07(45)	|	5460	
2354	723	ok	|	0.08	1.00	1.00	0.08	0.04	0	|	rapi	0.08	0.08	0	|	45.0	0.08(45)	0.08(45)	|	5460	
2354	724	ok	|	0.08	1.00	1.00	0.09	0.04	0	|	rapi	0.08	0.09	0	|	45.0	0.09(45)	0.09(45)	|	5460	
2354	725	ok	|	0.08	1.00	1.00	0.09	0.04	0	|	rapi	0.08	0.09	0	|	45.0	0.09(45)	0.09(45)	|	5460	
2354	726	ok	|	0.09	1.00	1.00	0.09	0.05	0	|	rapi	0.09	0.09	0	|	45.0	0.09(45)	0.09(45)	|	5460	
2354	727	ok	|	0.09	1.00	1.00	0.09	0.05	0	|	rapi	0.09	0.09	0	|	45.0	0.09(45)	0.09(45)	|	5460	
2354	728	ok	|	0.08	1.00	1.00	0.08	0.04	0	|	rapi	0.08	0.08	0	|	45.0	0.08(45)	0.08(45)	|	5460	
2354	729	ok	|	0.07	1.00	1.00	0.07	0.04	0	|	rapi	0.07	0.07	0	|	45.0	0.07(45)	0.07(45)	|	5460	
2354	730	ok	|	0.07	1.00	1.00	0.08	0.04	0	|	rapi	0.07	0.08	0	|	45.0	0.08(45)	0.08(45)	|	5460	
2354	731	ok	|	0.08	1.00	1.00	0.08	0.04	0	|	rapi	0.08	0.08	0	|	45.0	0.08(45)	0.08(45)	|	5460	
2354	732	ok	|	0.07	1.00	1.00	0.08	0.04	0	|	rapi	0.07	0.08	0	|	45.0	0.08(45)	0.08(45)	|	5460	
2354	733	ok	|	0.07	1.00	1.00	0.07	0.03	0	|	rapi	0.07	0.07	0	|	45.0	0.07(45)	0.07(45)	|	5460	
2354	734	ok	|	0.06	1.00	1.00	0.07	0.03	0	|	rapi	0.06	0.07	0	|	45.0	0.07(45)	0.07(45)	|	5460	
2354	735	ok	|	0.08	1.00	1.00	0.08	0.04	0	|	rapi	0.08	0.08	0	|	45.0	0.08(45)	0.08(45)	|	5460	
2354	736	ok	|	0.08	1.00	1.00	0.09	0.04	0	|	rapi	0.08	0.09	0	|	45.0	0.09(45)	0.09(45)	|	5460	
2354	737	ok	|	0.07	1.00	1.00	0.07	0.03	0	|	rapi	0.07	0.07	0	|	45.0	0.07(45)	0.07(45)	|	5460	
2354	738	ok	|	0.08	1.00	1.00	0.09	0.04	0	|	rapi	0.08	0.09	0	|	45.0	0.09(45)	0.09(45)	|	5460	
2354	739	ok	|	0.10	1.00	1.00	0.10	0.05	0	|	rapi	0.10	0.10	0	|	45.0	0.10(45)	0.10(45)	|	5460	
2354	740	ok	|	0.12	1.00	1.00	0.12	0.06	0	|	rapi	0.12	0.12	0	|	45.0	0.12(45)	0.12(45)	|	5460	
2354	741	ok	|	0.10	1.00	1.00	0.10	0.05	0	|	rapi	0.10	0.10	0	|	45.0	0.10(45)	0.10(45)	|	5460	
2354	742	ok	|	0.09	1.00	1.00	0.10	0.05	0	|	rapi	0.09	0.10	0	|	45.0	0.10(45)	0.10(45)	|	5460	
2354	743	ok	|	0.10	1.00	1.00	0.10	0.05	0	|	rapi	0.10	0.10	0	|	45.0	0.10(45)	0.10(45)	|	5460	
2354	744	ok	|	0.10	1.00	1.00	0.10	0.05	0	|	rapi	0.10	0.10	0	|	45.0	0.10(45)	0.10(45)	|	5460	
2354	745	ok	|	0.09	1.00	1.00	0.09	0.04	0	|	rapi	0.09	0.09	0	|	45.0	0.09(45)	0.09(45)	|	5460	
2354	746	ok	|	0.09	1.00	1.00	0.09	0.04	0	|	rapi	0.09	0.09	0	|	45.0	0.09(45)	0.09(45)	|	5460	
2354	747	ok	|	0.10	1.00	1.00	0.10	0.05	0	|	rapi	0.10	0.10	0	|	45.0	0.10(45)	0.10(45)	|	5460	
2354	748	ok	|	0.11	1.00	1.00	0.12	0.06	0	|	rapi	0.11	0.12	0	|	45.0	0.12(45)	0.12(45)	|	5460	
2354	749	ok	|	0.11	1.00	1.00	0.11	0.05	0	|	rapi	0.11	0.11	0	|	45.0	0.11(45)	0.11(45)	|	5460	
2354	750	ok	|	0.10	1.00	1.00	0.10	0.05	0	|	rapi	0.10	0.10	0	|	45.0	0.10(45)	0.10(45)	|	5460	
2354	751	ok	|	0.10	1.00	1.00	0.10	0.05	0	|	rapi	0.10	0.10	0	|	45.0	0.10(45)	0.10(45)	|	5460	
2354	752	ok	|	0.10	1.00	1.00	0.10	0.05	0	|	rapi	0.10	0.10	0	|	45.0	0.10(45)	0.10(45)	|	5460	
2354	753	ok	|	0.12	1.00	1.00	0.12	0.06	0	|	rapi	0.12	0.12	0	|	45.0	0.12(45)	0.12(45)	|	5460	
2354	754	ok	|	0.12	1.00	1.00	0.12	0.06	0	|	rapi	0.12	0.12	0	|	45.0	0.12(45)	0.12(45)	|	5460	
2354	755	ok	|	0.12	1.00	1.00	0.13	0.06	0	|	rapi	0.12	0.13	0	|	45.0	0.13(45)	0.13(45)	|	5460	
2354	756	ok	|	0.11	1.00	1.00	0.12	0.06	0	|	rapi	0.11	0.12	0	|	45.0	0.12(45)	0.12(45)	|	5460	
2354	757	ok	|	0.11	1.00	1.00	0.11	0.06	0	|	rapi	0.11	0.11	0	|	45.0	0.11(45)	0.11(45)	|	5460	
2354	758	ok	|	0.12	1.00	1.00	0.12	0.06	0	|	rapi	0.12	0.12	0	|	45.0	0.12(45)	0.12(45)	|	5460	
2354	759	ok	|	0.13	1.00	1.00	0.13	0.07	0	|	rapi	0.13	0.13	0	|	45.0	0.13(45)	0.13(45)	|	5460	
2354	760	ok	|	0.13	1.00	1.00	0.13	0.07	0	|	rapi	0.13	0.13	0	|	45.0	0.13(45)	0.13(45)	|	5460	
2354	761	ok	|	0.12	1.00	1.00	0.12	0.06	0	|	rapi	0.12	0.12	0	|	45.0	0.12(45)	0.12(45)	|	5460	
2354	762	ok	|	0.14	1.00	1.00	0.14	0.07	0	|	rapi	0.14	0.14	0	|	45.0	0.14(45)	0.14(45)	|	5460	
2354	763	ok	|	0.15	1.00	1.00	0.15	0.07	0	|	rapi	0.15	0.15	0	|	45.0	0.15(45)	0.15(45)	|	5460	
2354	764	ok	|	0.15	1.00	1.00	0.15	0.08	0	|	rapi	0.15	0.15	0	|	45.0	0.15(45)	0.15(45)	|	5460	
2354	765	ok	|	0.14	1.00	1.00	0.14	0.07	0	|	rapi	0.14	0.14	0	|	45.0	0.14(45)	0.14(45)	|	5460	
2354	766	ok	|	0.13	1.00	1.00	0.13	0.06	0	|	rapi	0.13	0.13	0	|	45.0	0.13(45)	0.13(45)	|	5460	
2354	767	ok	|	0.13	1.00	1.00	0.14	0.07	0	|	rapi	0.13	0.14	0	|	45.0	0.14(45)	0.14(45)	|	5460	
2354	768	ok	|	0.12	1.00	1.00	0.13	0.06	0	|	rapi	0.12	0.13	0	|	45.0	0.13(45)	0.13(45)	|	5460	
2354	769	ok	|	0.12	1.00	1.00	0.13	0.06	0	|	rapi	0.12	0.13	0	|	45.0	0.13(45)	0.13(45)	|	5460	
2354	770	ok	|	0.12	1.00	1.00	0.12	0.06	0	|	rapi	0.12	0.12	0	|	45.0	0.12(45)	0.12(45)	|	5460	
2354	771	ok	|	0.12	1.00	1.00	0.12	0.06	0	|	rapi	0.12	0.12	0	|	45.0	0.12(45)	0.12(45)	|	5460	
2354	772	ok	|	0.10	1.00	1.00	0.10	0.05	0	|	rapi	0.10	0.10	0	|	45.0	0.10(45)	0.10(45)	|	5460	
2354	773	ok	|	0.11	1.00	1.00	0.11	0.06	0	|	rapi	0.11	0.11	0	|	45.0	0.11(45)	0.11(45)	|	5460	
2354	774	ok	|	0.10	1.00	1.00	0.10	0.05	0	|	rapi	0.10	0.10	0	|	45.0	0.10(45)	0.10(45)	|	5460	
2354	775	ok	|	0.10	1.00	1.00	0.10	0.05	0	|	rapi	0.10	0.10	0	|	45.0	0.10(45)	0.10(45)	|	5460	
2354	776	ok	|	0.12	1.00	1.00	0.12	0.06	0	|	rapi	0.12	0.12	0	|	45.0	0.12(45)	0.12(45)	|	5460	
2354	777	ok	|	0.10	1.00	1.00	0.11	0.05	0	|	rapi	0.10	0.11	0	|	45.0	0.11(45)	0.11(45)	|	5460	
2354	778	ok	|	0.10	1.00	1.00	0.10	0.05	0	|	rapi	0.10	0.10	0	|	45.0	0.10(45)	0.10(45)	|	5460	
2354	779	ok	|	0.10	1.00	1.00	0.10	0.05	0	|	rapi	0.10	0.10	0	|	45.0	0.10(45)	0.10(45)	|	5460	
2354	780	ok	|	0.10	1.00	1.00	0.10	0.05	0	|	rapi	0.10	0.10	0	|	45.0	0.10(45)	0.10(45)	|	5460	
2354	781	ok	|	0.09	1.00	1.00	0.10	0.05	0	|	rapi	0.09	0.10	0	|	45.0	0.10(45)	0.10(45)	|	5460	
2354	782	ok	|	0.09	1.00	1.00	0.09	0.04	0	|	rapi	0.09	0.09	0	|	45.0	0.09(45)	0.09(45)	|	5460	
2354	783	ok	|	0.07	1.00	1.00	0.08	0.04	0	|	rapi	0.07	0.08	0	|	45.0	0.08(45)	0.08(45)	|	5460	
2354	784	ok	|	0.07	1.00	1.00	0.07	0.04	0	|	rapi	0.07	0.07	0	|	45.0	0.07(45)	0.07(45)	|	5460	
2354	785	ok	|	0.08	1.00	1.00	0.08	0.04	0	|	rapi	0.08	0.08	0	|	45.0	0.08(45)	0.08(45)	|	5460	
2354	786	ok	|	0.07	1.00	1.00	0.07	0.04	0	|	rapi	0.07	0.07	0	|	45.0	0.07(45)	0.07(45)	|	5460	
2354	787	ok	|	0.07	1.00	1.00	0.07	0.04	0	|	rapi	0.07	0.07	0	|	45.0	0.07(45)	0.07(45)	|	5460	
2354	788	ok	|	0.07	1.00	1.00	0.07	0.03	0	|	rapi	0.07	0.07	0	|	45.0	0.07(45)	0.07(45)	|	5460	
2354	789	ok	|	0.07	1.00	1.00	0.07	0.04	0	|	rapi	0.07	0.07	0	|	45.0	0.07(45)	0.07(45)	|	5460	
2354	790	ok	|	0.07	1.00	1.00	0.07	0.04	0	|	rapi	0.07	0.07	0	|	45.0	0.07(45)	0.07(45)	|	5460	
2354	791	ok	|	0.08	1.00	1.00	0.08	0.04	0	|	rapi	0.08	0.08	0	|	45.0	0.08(45)	0.08(45)	|	5460	
2354	792	ok	|	0.07	1.00	1.00	0.08	0.04	0	|	rapi	0.07	0.08	0	|	45.0	0.08(45)	0.08(45)	|	5460	
2354	793	ok	|	0.07	1.00	1.00	0.08	0.04	0	|	rapi	0.07	0.08	0	|	45.0	0.08(45)	0.08(45)	|	5460	
2354	794	ok	|	0.07	1.00	1.00	0.07	0.03	0	|	rapi	0.07	0.07	0	|	45.0	0.07(45)	0.07(45)	|	5460	
2354	795	ok	|	0.08	1.00	1.00	0.08	0.04	0	|	rapi	0.08	0.08	0	|	45.0	0.08(45)	0.08(45)	|	5460	
2354	796	ok	|	0.08	1.00	1.00	0.08	0.04	0	|	rapi	0.08	0.08	0	|	45.0	0.08(45)	0.08(45)	|	5460	
2354	797	ok	|	0.08	1.00	1.00	0.08	0.04	0	|	rapi	0.08	0.08	0	|	45.0	0.08(45)	0.08(45)	|	5460	
2354	798	ok	|	0.07	1.00	1.00	0.07	0.04	0	|	rapi	0.07	0.07	0	|	45.0	0.07(45)	0.07(45)	|	5460	
2354	799	ok	|	0.06	1.00	1.00	0.06	0.03	0	|	rapi	0.06	0.06	0	|	45.0	0.06(45)	0.06(45)	|	5460	
2354	800	ok	|	0.06	1.00	1.00	0.06	0.03	0	|	rapi	0.06	0.06	0	|	45.0	0.06(45)	0.06(45)	|	5460	
2354	801	ok	|	0.07	1.00	1.00	0.07	0.04	0	|	rapi	0.07	0.07	0	|	45.0	0.07(45)	0.07(45)	|	5460	
2354	802	ok	|	0.07	1.00	1.00	0.07	0.03	0	|	rapi	0.07	0.07	0	|	45.0	0.07(45)	0.07(45)	|	5460	
2354	803	ok	|	0.08	1.00	1.00	0.08	0.04	0	|	rapi	0.08	0.08	0	|	45.0	0.08(45)	0.08(45)	|	5460	
2354	804	ok	|	0.07	1.00	1.00	0.07	0.04	0	|	rapi	0.07	0.07	0	|	45.0	0.07(45)	0.07(45)	|	5460	
2354	805	ok	|	0.06	1.00	1.00	0.06	0.03	0	|	rapi	0.06	0.06	0	|	45.0	0.06(45)	0.06(45)	|	5460	
2354	806	ok	|	0.07	1.00	1.00	0.08	0.04	0	|	rapi	0.07	0.08	0	|	45.0	0.08(45)	0.08(45)	|	5460	
2354	807	ok	|	0.07	1.00	1.00	0.07	0.03	0	|	rapi	0.07	0.07	0	|	45.0	0.07(45)	0.07(45)	|	5460	
2354	808	ok	|	0.06	1.00	1.00	0.07	0.03	0	|	rapi	0.06	0.07	0	|	45.0	0.07(45)	0.07(45)	|	5460	
2354	809	ok	|	0.05	1.00	1.00	0.05	0.03	0	|	rapi	0.05	0.05	0	|	45.0	0.05(45)	0.05(45)	|	5460	
2354	810	ok	|	0.04	1.00	1.00	0.04	0.02	0	|	rapi	0.04	0.04	0	|	45.0	0.04(45)	0.04(45)	|	5460	
2354	811	ok	|	0.04	1.00	1.00	0.04	0.02	0	|	rapi	0.04	0.04	0	|	45.0	0.04(45)	0.04(45)	|	5460	
2354	812	ok	|	0.04	1.00	1.00	0.04	0.02	0	|	rapi	0.04	0.04	0	|	45.0	0.04(45)	0.04(45)	|	5460	
2354	813	ok	|	0.04	1.00	1.00	0.04	0.02	0	|	rapi	0.04	0.04	0	|	45.0	0.04(45)	0.04(45)	|	5460	
2354	814	ok	|	0.03	1.00	1.00	0.03	0.01	0	|	rapi	0.03	0.03	0	|	45.0	0.03(45)	0.03(45)	|	5460	
2354	815	ok	|	0.02	1.00	1.00	0.02	0.01	0	|	rapi	0.02	0.02	0	|	45.0	0.02(45)	0.02(45)	|	5460	
2354	816	ok	|	0.03	1.00	1.00	0.03	0.01	0	|	rapi	0.03	0.03	0	|	45.0	0.03(45)	0.03(45)	|	5460	
2354	817	ok	|	0.03	1.00	1.00	0.03	0.02	0	|	rapi	0.03	0.03	0	|	45.0	0.03(45)	0.03(45)	|	5460	
2354	818	ok	|	0.03	1.00	1.00	0.03	0.02	0	|	rapi	0.03	0.03	0	|	45.0	0.03(45)	0.03(45)	|	5460	
2354	819	ok	|	0.04	1.00	1.00	0.04	0.02	0	|	rapi	0.04	0.04	0	|	45.0	0.04(45)	0.04(45)	|	5460	
2354	820	ok	|	0.04	1.00	1.00	0.04	0.02	0	|	rapi	0.04	0.04	0	|	45.0	0.04(45)	0.04(45)	|	5460	
2354	821	ok	|	0.03	1.00	1.00	0.03	0.02	0	|	rapi	0.03	0.03	0	|	45.0	0.03(45)	0.03(45)	|	5460	
2354	822	ok	|	0.04	1.00	1.00	0.04	0.02	0	|	rapi	0.04	0.04	0	|	45.0	0.04(45)	0.04(45)	|	5460	
2354	823	ok	|	0.03	1.00	1.00	0.03	0.02	0	|	rapi	0.03	0.03	0	|	45.0	0.03(45)	0.03(45)	|	5460	
2354	824	ok	|	0.04	1.00	1.00	0.04	0.02	0	|	rapi	0.04	0.04	0	|	45.0	0.04(45)	0.04(45)	|	5460	
2354	825	ok	|	0.04	1.00	1.00	0.04	0.02	0	|	rapi	0.04	0.04	0	|	45.0	0.04(45)	0.04(45)	|	5460	
2354	826	ok	|	0.03	1.00	1.00	0.03	0.01	0	|	rapi	0.03	0.03	0	|	45.0	0.03(45)	0.03(45)	|	5460	
2354	827	ok	|	0.03	1.00	1.00	0.03	0.02	0	|	rapi	0.03	0.03	0	|	45.0	0.03(45)	0.03(45)	|	5460	
2354	828	ok	|	0.05	1.00	1.00	0.05	0.02	0	|	rapi	0.05	0.05	0	|	45.0	0.05(45)	0.05(45)	|	5460	
2354	829	ok	|	0.04	1.00	1.00	0.04	0.02	0	|	rapi	0.04	0.04	0	|	45.0	0.04(45)	0.04(45)	|	5460	
2354	830	ok	|	0.05	1.00	1.00	0.05	0.02	0	|	rapi	0.05	0.05	0	|	45.0	0.05(45)	0.05(45)	|	5460	
2354	831	ok	|	0.04	1.00	1.00	0.04	0.02	0	|	rapi	0.04	0.04	0	|	45.0	0.04(45)	0.04(45)	|	5460	
2354	832	ok	|	0.05	1.00	1.00	0.05	0.02	0	|	rapi	0.05	0.05	0	|	45.0	0.05(45)	0.05(45)	|	5460	
2354	833	ok	|	0.04	1.00	1.00	0.04	0.02	0	|	rapi	0.04	0.04	0	|	45.0	0.04(45)	0.04(45)	|	5460	
2354	834	ok	|	0.05	1.00	1.00	0.05	0.02	0	|	rapi	0.05	0.05	0	|	45.0	0.05(45)	0.05(45)	|	5460	
2354	835	ok	|	0.04	1.00	1.00	0.04	0.02	0	|	rapi	0.04	0.04	0	|	45.0	0.04(45)	0.04(45)	|	5460	
2354	836	ok	|	0.05	1.00	1.00	0.05	0.03	0	|	rapi	0.05	0.05	0	|	45.0	0.05(45)	0.05(45)	|	5460	
2354	837	ok	|	0.06	1.00	1.00	0.06	0.03	0	|	rapi	0.06	0.06	0	|	45.0	0.06(45)	0.06(45)	|	5460	
2354	838	ok	|	0.06	1.00	1.00	0.06	0.03	0	|	rapi	0.06	0.06	0	|	45.0	0.06(45)	0.06(45)	|	5460	
2354	839	ok	|	0.05	1.00	1.00	0.05	0.03	0	|	rapi	0.05	0.05	0	|	45.0	0.05(45)	0.05(45)	|	5460	
2354	840	ok	|	0.05	1.00	1.00	0.05	0.02	0	|	rapi	0.05	0.05	0	|	45.0	0.05(45)	0.05(45)	|	5460	
2354	841	ok	|	0.06	1.00	1.00	0.06	0.03	0	|	rapi	0.06	0.06	0	|	45.0	0.06(45)	0.06(45)	|	5460	
2354	842	ok	|	0.07	1.00	1.00	0.07	0.04	0	|	rapi	0.07	0.07	0	|	45.0	0.07(45)	0.07(45)	|	5460	
2354	843	ok	|	0.07	1.00	1.00	0.07	0.03	0	|	rapi	0.07	0.07	0	|	45.0	0.07(45)	0.07(45)	|	5460	
2354	844	ok	|	0.07	1.00	1.00	0.07	0.04	0	|	rapi	0.07	0.07	0	|	45.0	0.07(45)	0.07(45)	|	5460	
2354	845	ok	|	0.08	1.00	1.00	0.08	0.04	0	|	rapi	0.08	0.08	0	|	45.0	0.08(45)	0.08(45)	|	5460	
2354	846	ok	|	0.08	1.00	1.00	0.08	0.04	0	|	rapi	0.08	0.08	0	|	45.0	0.08(45)	0.08(45)	|	5460	
2354	847	ok	|	0.08	1.00	1.00	0.08	0.04	0	|	rapi	0.08	0.08	0	|	45.0	0.08(45)	0.08(45)	|	5460	
2354	848	ok	|	0.07	1.00	1.00	0.07	0.04	0	|	rapi	0.07	0.07	0	|	45.0	0.07(45)	0.07(45)	|	5460	
2354	849	ok	|	0.08	1.00	1.00	0.08	0.04	0	|	rapi	0.08	0.08	0	|	45.0	0.08(45)	0.08(45)	|	5460	
2354	850	ok	|	0.08	1.00	1.00	0.08	0.04	0	|	rapi	0.08	0.08	0	|	45.0	0.08(45)	0.08(45)	|	5460	
2354	851	ok	|	0.08	1.00	1.00	0.08	0.04	0	|	rapi	0.08	0.08	0	|	45.0	0.08(45)	0.08(45)	|	5460	
2354	852	ok	|	0.07	1.00	1.00	0.08	0.04	0	|	rapi	0.07	0.08	0	|	45.0	0.08(45)	0.08(45)	|	5460	
2354	853	ok	|	0.07	1.00	1.00	0.07	0.03	0	|	rapi	0.07	0.07	0	|	45.0	0.07(45)	0.07(45)	|	5460	
2354	854	ok	|	0.07	1.00	1.00	0.07	0.03	0	|	rapi	0.07	0.07	0	|	45.0	0.07(45)	0.07(45)	|	5460	
2354	855	ok	|	0.05	1.00	1.00	0.05	0.03	0	|	rapi	0.05	0.05	0	|	45.0	0.05(45)	0.05(45)	|	5460	
2354	856	ok	|	0.06	1.00	1.00	0.06	0.03	0	|	rapi	0.06	0.06	0	|	45.0	0.06(45)	0.06(45)	|	5460	
2354	857	ok	|	0.05	1.00	1.00	0.06	0.03	0	|	rapi	0.05	0.06	0	|	45.0	0.06(45)	0.06(45)	|	5460	
2354	858	ok	|	0.05	1.00	1.00	0.05	0.02	0	|	rapi	0.05	0.05	0	|	45.0	0.05(45)	0.05(45)	|	5460	
2354	859	ok	|	0.04	1.00	1.00	0.04	0.02	0	|	rapi	0.04	0.04	0	|	45.0	0.04(45)	0.04(45)	|	5460	
2354	860	ok	|	0.04	1.00	1.00	0.04	0.02	0	|	rapi	0.04	0.04	0	|	45.0	0.04(45)	0.04(45)	|	5460	
2354	861	ok	|	0.04	1.00	1.00	0.04	0.02	0	|	rapi	0.04	0.04	0	|	45.0	0.04(45)	0.04(45)	|	5460	
2354	862	ok	|	0.04	1.00	1.00	0.04	0.02	0	|	rapi	0.04	0.04	0	|	45.0	0.04(45)	0.04(45)	|	5460	
2354	863	ok	|	0.04	1.00	1.00	0.04	0.02	0	|	rapi	0.04	0.04	0	|	45.0	0.04(45)	0.04(45)	|	5460	
2354	864	ok	|	0.03	1.00	1.00	0.03	0.01	0	|	rapi	0.03	0.03	0	|	45.0	0.03(45)	0.03(45)	|	5460	
2354	865	ok	|	0.03	1.00	1.00	0.03	0.01	0	|	rapi	0.03	0.03	0	|	45.0	0.03(45)	0.03(45)	|	5460	
2354	866	ok	|	0.03	1.00	1.00	0.03	0.01	0	|	rapi	0.03	0.03	0	|	45.0	0.03(45)	0.03(45)	|	5460	
2354	867	ok	|	0.02	1.00	1.00	0.02	0.01	0	|	rapi	0.02	0.02	0	|	45.0	0.02(45)	0.02(45)	|	5460	
2354	868	ok	|	0.02	1.00	1.00	0.02	0.01	0	|	rapi	0.02	0.02	0	|	45.0	0.02(45)	0.02(45)	|	5460	
2354	869	ok	|	0.01	1.00	1.00	0.01	0.01	0	|	rapi	0.01	0.01	0	|	45.0	0.01(45)	0.01(45)	|	5460	
2354	870	ok	|	0.02	1.00	1.00	0.02	0.01	0	|	rapi	0.02	0.02	0	|	45.0	0.02(45)	0.02(45)	|	5460	
2354	871	ok	|	0.02	1.00	1.00	0.02	0.01	0	|	rapi	0.02	0.02	0	|	45.0	0.02(45)	0.02(45)	|	5460	
2354	872	ok	|	0.02	1.00	1.00	0.02	0.01	0	|	rapi	0.02	0.02	0	|	45.0	0.02(45)	0.02(45)	|	5460	
2354	873	ok	|	0.01	1.00	1.00	0.01	0.01	0	|	rapi	0.01	0.01	0	|	45.0	0.01(45)	0.01(45)	|	5460	
2354	874	ok	|	0.01	1.00	1.00	0.01	0.01	0	|	rapi	0.01	0.01	0	|	45.0	0.01(45)	0.01(45)	|	5460	
2354	875	ok	|	0.01	1.00	1.00	0.01	0.01	0	|	rapi	0.01	0.01	0	|	45.0	0.01(45)	0.01(45)	|	5460	
2354	876	ok	|	0.01	1.00	1.00	0.01	0.01	0	|	rapi	0.01	0.01	0	|	45.0	0.01(45)	0.01(45)	|	5460	
2354	877	ok	|	0.01	1.00	1.00	0.01	0.01	0	|	rapi	0.01	0.01	0	|	45.0	0.01(45)	0.01(45)	|	5460	
2354	878	ok	|	0.01	1.00	1.00	0.01	0.01	0	|	rapi	0.01	0.01	0	|	45.0	0.01(45)	0.01(45)	|	5460	
2354	879	ok	|	0.02	1.00	1.00	0.02	0.01	0	|	rapi	0.02	0.02	0	|	45.0	0.02(45)	0.02(45)	|	5460	
2354	880	ok	|	0.02	1.00	1.00	0.02	0.01	0	|	rapi	0.02	0.02	0	|	45.0	0.02(45)	0.02(45)	|	5460	
2354	881	ok	|	0.02	1.00	1.00	0.02	0.01	0	|	rapi	0.02	0.02	0	|	45.0	0.02(45)	0.02(45)	|	5460	
2354	882	ok	|	0.02	1.00	1.00	0.02	0.01	0	|	rapi	0.02	0.02	0	|	45.0	0.02(45)	0.02(45)	|	5460	
2354	883	ok	|	0.01	1.00	1.00	0.01	0.01	0	|	rapi	0.01	0.01	0	|	45.0	0.01(45)	0.01(45)	|	5460	
2354	884	ok	|	0.01	1.00	1.00	0.01	0.01	0	|	rapi	0.01	0.01	0	|	45.0	0.01(45)	0.01(45)	|	5460	
2354	885	ok	|	0.01	1.00	1.00	0.01	0.01	0	|	rapi	0.01	0.01	0	|	45.0	0.01(45)	0.01(45)	|	5460	
2354	886	ok	|	0.01	1.00	1.00	0.01	0.01	0	|	rapi	0.01	0.01	0	|	45.0	0.01(45)	0.01(45)	|	5460	
2354	887	ok	|	0.01	1.00	1.00	0.01	0.00	0	|	rapi	0.01	0.01	0	|	45.0	0.01(45)	0.01(45)	|	5460	
2354	888	ok	|	0.00	1.00	1.00	0.00	0.00	0	|	rapi	0.00	0.00	0	|	45.0	0.00(45)	0.00(45)	|	5460	
2354	889	ok	|	0.00	1.00	1.00	0.00	0.00	0	|	rapi	0.00	0.00	0	|	45.0	0.00(45)	0.00(45)	|	5460	
2354	890	ok	|	0.00	1.00	1.00	0.00	0.00	0	|	rapi	0.00	0.00	0	|	45.0	0.00(45)	0.00(45)	|	5460	
2354	891	ok	|	0.00	1.00	1.00	0.00	0.00	0	|	rapi	0.00	0.00	0	|	45.0	0.00(45)	0.00(45)	|	5460	
2354	892	ok	|	0.00	1.00	1.00	0.00	0.00	0	|	rapi	0.00	0.00	0	|	45.0	0.00(45)	0.00(45)	|	5460	
2354	893	ok	|	0.00	1.00	1.00	0.00	0.00	0	|	rapi	0.00	0.00	0	|	45.0	0.00(45)	0.00(45)	|	5460	
2354	894	ok	|	0.00	1.00	1.00	0.00	0.00	0	|	rapi	0.00	0.00	0	|	45.0	0.00(45)	0.00(45)	|	5460	
2354	895	ok	|	0.00	1.00	1.00	0.00	0.00	0	|	rapi	0.00	0.00	0	|	45.0	0.00(45)	0.00(45)	|	5460	
2354	896	ok	|	0.00	1.00	1.00	0.00	0.00	0	|	rapi	0.00	0.00	0	|	45.0	0.00(45)	0.00(45)	|	5460	
2354	897	ok	|	0.00	1.00	1.00	0.00	0.00	0	|	rapi	0.00	0.00	0	|	45.0	0.00(45)	0.00(45)	|	5460	
2354	898	ok	|	0.00	1.00	1.00	0.00	0.00	0	|	rapi	0.00	0.00	0	|	45.0	0.00(45)	0.00(45)	|	5460	
2354	899	ok	|	0.00	1.00	1.00	0.00	0.00	0	|	rapi	0.00	0.00	0	|	45.0	0.00(45)	0.00(45)	|	5460	
2354	900	fail-0	|	0.00	1.00	1.00	0.00	NaN	0	|	rapi	0.00	0.00	0	|	NaN			|	5460	
