2403	0	ok	|	0.10	1.00	1.00	0.10	0.00	0	|	rapi	0.00	0.00	0	|	-87.0	0.10(-87)		|	31	
2403	1	ok	|	0.10	1.00	1.00	0.12	0.00	0	|	rapi	0.00	0.00	0	|	-87.0	0.12(-87)		|	31	
2403	2	ok	|	0.13	1.00	1.00	0.17	0.00	0	|	rapi	0.00	0.00	0	|	-87.0	0.17(-87)		|	31	
2403	3	ok	|	0.14	1.00	1.00	0.18	0.00	0	|	rapi	0.00	0.00	0	|	-87.0	0.18(-87)		|	31	
2403	4	ok	|	0.18	1.00	1.00	0.23	0.00	0	|	rapi	0.00	0.00	0	|	-87.0	0.23(-87)		|	31	
2403	5	ok	|	0.21	1.00	1.00	0.31	0.00	0	|	rapi	0.00	0.00	0	|	-87.0	0.31(-87)		|	31	
2403	6	ok	|	0.24	1.00	1.00	0.37	0.00	0	|	rapi	0.00	0.00	0	|	-87.0	0.37(-87)		|	31	
2403	7	ok	|	0.28	1.00	1.00	0.44	0.00	0	|	rapi	0.00	0.00	0	|	-87.0	0.44(-87)		|	31	
2403	8	ok	|	0.31	0.99	0.99	0.50	0.00	0	|	rapi	0.00	0.00	0	|	-87.0	0.50(-87)		|	31	
2403	9	ok	|	0.37	0.99	0.99	0.61	0.00	0	|	rapi	0.00	0.00	0	|	-87.0	0.61(-87)		|	31	
2403	10	ok	|	0.41	0.99	0.99	0.71	0.00	0	|	rapi	0.00	0.00	0	|	-87.0	0.71(-87)		|	31	
2403	11	ok	|	0.47	0.99	0.99	0.86	0.00	0	|	rapi	0.00	0.00	0	|	-87.0	0.86(-87)		|	31	
2403	12	ok	|	0.51	0.99	0.99	0.96	0.00	0	|	rapi	0.00	0.00	0	|	-87.0	0.96(-87)		|	31	
2403	13	ok	|	0.57	0.99	0.99	1.11	0.00	0	|	rapi	0.00	0.00	0	|	-87.0	1.11(-87)		|	31	
2403	14	ok	|	0.61	0.99	0.99	1.29	0.00	0	|	rapi	0.00	0.00	0	|	-87.0	1.29(-87)		|	31	
2403	15	ok	|	0.69	0.98	0.98	1.57	0.00	0	|	rapi	0.00	0.00	0	|	-87.0	1.57(-87)		|	31	
2403	16	ok	|	0.73	0.98	0.98	1.83	0.00	0	|	rapi	0.00	0.00	0	|	-87.0	1.83(-87)		|	31	
2403	17	ok	|	0.78	0.98	0.98	2.07	0.00	0	|	rapi	0.00	0.00	0	|	-87.0	2.07(-87)		|	31	
2403	18	ok	|	0.82	0.98	0.98	2.38	0.00	0	|	rapi	0.00	0.00	0	|	-87.0	2.38(-87)		|	31	
2403	19	ok	|	0.88	0.97	0.97	2.84	0.00	0	|	rapi	0.00	0.00	0	|	-87.0	2.84(-87)	0.00(-87)	|	31	
2403	20	ok	|	0.94	0.97	0.97	3.46	0.00	0	|	rapi	0.00	0.00	0	|	-87.0	3.46(-87)	0.00(-87)	|	31	
2403	21	ok	|	0.95	0.96	0.96	4.11	0.00	0	|	rapi	0.00	0.00	0	|	-87.0	4.11(-87)	0.00(-87)	|	31	
2403	22	ok	|	0.97	0.95	0.95	4.78	0.00	0	|	rapi	0.00	0.00	0	|	-87.0	4.78(-87)	0.00(-87)	|	31	
2403	23	ok	|	0.98	0.94	0.94	5.71	0.00	0	|	rapi	0.00	0.00	0	|	-87.0	5.71(-87)	0.00(-87)	|	31	
2403	24	ok	|	0.99	0.93	0.93	6.71	0.00	0	|	rapi	0.00	0.00	0	|	-87.0	6.71(-87)	0.00(-87)	|	31	
2403	25	ok	|	1.00	0.92	0.92	7.79	0.00	0	|	rapi	0.00	0.00	0	|	-87.0	7.79(-87)	0.00(-87)	|	31	
2403	26	ok	|	1.00	0.91	0.91	9.28	0.00	0	|	rapi	0.01	0.01	0	|	-87.0	9.28(-87)	0.01(-87)	|	31	
2403	27	ok	|	1.00	0.89	0.89	10.81	0.00	0	|	rapi	0.01	0.01	0	|	-87.0	10.81(-87)	0.01(-87)	|	31	
2403	28	ok	|	1.00	0.87	0.87	12.60	0.00	0	|	rapi	0.01	0.01	0	|	-87.0	12.60(-87)	0.01(-87)	|	31	
2403	29	ok	|	1.00	0.85	0.85	14.90	0.00	0	|	rapi	0.01	0.01	0	|	-87.0	14.90(-87)	0.01(-87)	|	31	
2403	30	ok	|	1.00	0.82	0.82	17.51	0.00	0	|	rapi	0.01	0.01	0	|	-87.0	17.51(-87)	0.01(-87)	|	31	
2403	31	ok	|	1.00	0.79	0.79	20.57	0.00	0	|	rapi	0.01	0.01	0	|	-87.0	20.57(-87)	0.01(-87)	|	31	
2403	32	ok	|	1.00	0.76	0.76	24.36	0.00	0	|	rapi	0.01	0.01	0	|	-87.0	24.36(-87)	0.01(-87)	|	31	
2403	33	ok	|	1.00	0.71	0.71	28.63	0.00	0	|	rapi	0.02	0.02	0	|	-87.0	28.63(-87)	0.02(-87)	|	31	
2403	34	ok	|	1.00	0.66	0.66	33.76	0.00	0	|	rapi	0.01	0.01	0	|	-87.0	33.76(-87)	0.01(-87)	|	31	
2403	35	ok	|	1.00	0.61	0.61	39.21	0.00	0	|	rapi	0.02	0.02	0	|	-87.0	39.21(-87)	0.02(-87)	|	31	
2403	36	ok	|	1.00	0.54	0.54	45.95	0.00	0	|	rapi	0.02	0.02	0	|	-87.0	45.95(-87)	0.02(-87)	|	31	
2403	37	ok	|	1.00	0.47	0.47	53.33	0.00	0	|	rapi	0.02	0.02	0	|	-87.0	53.33(-87)	0.02(-87)	|	31	
2403	38	ok	|	1.00	0.39	0.39	61.45	0.00	0	|	rapi	0.02	0.02	0	|	-87.0	61.45(-87)	0.02(-87)	|	31	
2403	39	ok	|	1.00	0.29	0.29	70.87	0.00	0	|	rapi	0.03	0.03	0	|	-87.0	70.87(-87)	0.03(-87)	|	31	
2403	40	ok	|	1.00	0.20	0.20	80.36	0.00	0	|	rapi	0.04	0.04	0	|	-87.0	80.36(-87)	0.04(-87)	|	31	
2403	41	ok	|	1.00	0.12	0.12	88.58	0.00	0	|	rapi	0.05	0.05	0	|	-87.0	88.58(-87)	0.05(-87)	|	31	
2403	42	fail-w	|	1.00	0.09	0.09	93.27	0.00	0	|	rapi	0.12	0.12	0	|	-87.0	93.27(-87)	0.12(-87)	|	31	
