2414	0	ok	|	0.10	1.00	1.00	0.10	0.00	0	|	rapi	0.09	0.09	0	|	36.0	0.10(36)	0.09(36)	|	7991	
2414	1	ok	|	0.09	1.00	1.00	0.09	0.00	0	|	rapi	0.08	0.09	0	|	36.0	0.09(36)	0.09(36)	|	7991	
2414	2	ok	|	0.10	1.00	1.00	0.11	0.00	0	|	rapi	0.09	0.10	0	|	36.0	0.11(36)	0.10(36)	|	7991	
2414	3	ok	|	0.11	1.00	1.00	0.12	0.00	0	|	rapi	0.11	0.12	0	|	36.0	0.12(36)	0.12(36)	|	7991	
2414	4	ok	|	0.11	1.00	1.00	0.12	0.00	0	|	rapi	0.11	0.11	0	|	36.0	0.12(36)	0.11(36)	|	7991	
2414	5	ok	|	0.10	1.00	1.00	0.11	0.00	0	|	rapi	0.10	0.11	0	|	36.0	0.11(36)	0.11(36)	|	7991	
2414	6	ok	|	0.10	1.00	1.00	0.10	0.00	0	|	rapi	0.10	0.10	0	|	36.0	0.10(36)	0.10(36)	|	7991	
2414	7	ok	|	0.10	1.00	1.00	0.10	0.00	0	|	rapi	0.10	0.10	0	|	36.0	0.10(36)	0.10(36)	|	7991	
2414	8	ok	|	0.10	1.00	1.00	0.10	0.00	0	|	rapi	0.10	0.10	0	|	36.0	0.10(36)	0.10(36)	|	7991	
2414	9	ok	|	0.09	1.00	1.00	0.10	0.00	0	|	rapi	0.09	0.10	0	|	36.0	0.10(36)	0.10(36)	|	7991	
2414	10	ok	|	0.08	1.00	1.00	0.08	0.00	0	|	rapi	0.08	0.08	0	|	36.0	0.08(36)	0.08(36)	|	7991	
2414	11	ok	|	0.08	1.00	1.00	0.08	0.00	0	|	rapi	0.08	0.08	0	|	36.0	0.08(36)	0.08(36)	|	7991	
2414	12	ok	|	0.08	1.00	1.00	0.08	0.00	0	|	rapi	0.08	0.08	0	|	36.0	0.08(36)	0.08(36)	|	7991	
2414	13	ok	|	0.08	1.00	1.00	0.08	0.00	0	|	rapi	0.08	0.08	0	|	36.0	0.08(36)	0.08(36)	|	7991	
2414	14	ok	|	0.07	1.00	1.00	0.08	0.00	0	|	rapi	0.07	0.08	0	|	36.0	0.08(36)	0.08(36)	|	7991	
2414	15	ok	|	0.06	1.00	1.00	0.07	0.00	0	|	rapi	0.06	0.07	0	|	36.0	0.07(36)	0.07(36)	|	7991	
2414	16	ok	|	0.06	1.00	1.00	0.06	0.00	0	|	rapi	0.06	0.06	0	|	36.0	0.06(36)	0.06(36)	|	7991	
2414	17	ok	|	0.06	1.00	1.00	0.06	0.00	0	|	rapi	0.06	0.06	0	|	36.0	0.06(36)	0.06(36)	|	7991	
2414	18	ok	|	0.07	1.00	1.00	0.07	0.00	0	|	rapi	0.07	0.07	0	|	36.0	0.07(36)	0.07(36)	|	7991	
2414	19	ok	|	0.07	1.00	1.00	0.07	0.00	0	|	rapi	0.07	0.07	0	|	36.0	0.07(36)	0.07(36)	|	7991	
2414	20	ok	|	0.06	1.00	1.00	0.07	0.00	0	|	rapi	0.06	0.07	0	|	36.0	0.07(36)	0.07(36)	|	7991	
2414	21	ok	|	0.06	1.00	1.00	0.06	0.00	0	|	rapi	0.06	0.06	0	|	36.0	0.06(36)	0.06(36)	|	7991	
2414	22	ok	|	0.05	1.00	1.00	0.05	0.00	0	|	rapi	0.05	0.05	0	|	36.0	0.05(36)	0.05(36)	|	7991	
2414	23	ok	|	0.05	1.00	1.00	0.05	0.00	0	|	rapi	0.05	0.05	0	|	36.0	0.05(36)	0.05(36)	|	7991	
2414	24	ok	|	0.04	1.00	1.00	0.04	0.00	0	|	rapi	0.04	0.04	0	|	36.0	0.04(36)	0.04(36)	|	7991	
2414	25	ok	|	0.06	1.00	1.00	0.06	0.00	0	|	rapi	0.06	0.06	0	|	36.0	0.06(36)	0.06(36)	|	7991	
2414	26	ok	|	0.06	1.00	1.00	0.06	0.00	0	|	rapi	0.06	0.06	0	|	36.0	0.06(36)	0.06(36)	|	7991	
2414	27	ok	|	0.05	1.00	1.00	0.05	0.00	0	|	rapi	0.05	0.05	0	|	36.0	0.05(36)	0.05(36)	|	7991	
2414	28	ok	|	0.04	1.00	1.00	0.04	0.00	0	|	rapi	0.04	0.04	0	|	36.0	0.04(36)	0.04(36)	|	7991	
2414	29	ok	|	0.04	1.00	1.00	0.04	0.00	0	|	rapi	0.04	0.04	0	|	36.0	0.04(36)	0.04(36)	|	7991	
2414	30	ok	|	0.03	1.00	1.00	0.03	0.00	0	|	rapi	0.03	0.03	0	|	36.0	0.03(36)	0.03(36)	|	7991	
2414	31	ok	|	0.03	1.00	1.00	0.03	0.00	0	|	rapi	0.03	0.03	0	|	36.0	0.03(36)	0.03(36)	|	7991	
2414	32	ok	|	0.03	1.00	1.00	0.03	0.00	0	|	rapi	0.03	0.03	0	|	36.0	0.03(36)	0.03(36)	|	7991	
2414	33	ok	|	0.03	1.00	1.00	0.03	0.00	0	|	rapi	0.03	0.03	0	|	36.0	0.03(36)	0.03(36)	|	7991	
2414	34	ok	|	0.03	1.00	1.00	0.03	0.01	0	|	rapi	0.03	0.03	0	|	36.0	0.03(36)	0.03(36)	|	7991	
2414	35	ok	|	0.02	1.00	1.00	0.03	0.01	0	|	rapi	0.02	0.03	0	|	36.0	0.03(36)	0.03(36)	|	7991	
2414	36	ok	|	0.02	1.00	1.00	0.02	0.01	0	|	rapi	0.02	0.02	0	|	36.0	0.02(36)	0.02(36)	|	7991	
2414	37	ok	|	0.03	1.00	1.00	0.03	0.01	0	|	rapi	0.03	0.03	0	|	36.0	0.03(36)	0.03(36)	|	7991	
2414	38	ok	|	0.02	1.00	1.00	0.02	0.01	0	|	rapi	0.02	0.02	0	|	36.0	0.02(36)	0.02(36)	|	7991	
2414	39	ok	|	0.02	1.00	1.00	0.02	0.01	0	|	rapi	0.02	0.02	0	|	36.0	0.02(36)	0.02(36)	|	7991	
2414	40	ok	|	0.02	1.00	1.00	0.02	0.00	0	|	rapi	0.02	0.02	0	|	36.0	0.02(36)	0.02(36)	|	7991	
2414	41	ok	|	0.02	1.00	1.00	0.02	0.01	0	|	rapi	0.02	0.02	0	|	36.0	0.02(36)	0.02(36)	|	7991	
2414	42	ok	|	0.02	1.00	1.00	0.02	0.00	0	|	rapi	0.02	0.02	0	|	36.0	0.02(36)	0.02(36)	|	7991	
2414	43	ok	|	0.01	1.00	1.00	0.01	0.00	0	|	rapi	0.01	0.01	0	|	36.0	0.01(36)	0.01(36)	|	7991	
2414	44	ok	|	0.01	1.00	1.00	0.01	0.00	0	|	rapi	0.01	0.01	0	|	36.0	0.01(36)	0.01(36)	|	7991	
2414	45	ok	|	0.02	1.00	1.00	0.02	0.00	0	|	rapi	0.02	0.02	0	|	36.0	0.02(36)	0.02(36)	|	7991	
2414	46	ok	|	0.02	1.00	1.00	0.02	0.00	0	|	rapi	0.02	0.02	0	|	36.0	0.02(36)	0.02(36)	|	7991	
2414	47	ok	|	0.02	1.00	1.00	0.02	0.00	0	|	rapi	0.02	0.02	0	|	36.0	0.02(36)	0.02(36)	|	7991	
2414	48	ok	|	0.02	1.00	1.00	0.02	0.00	0	|	rapi	0.02	0.02	0	|	36.0	0.02(36)	0.02(36)	|	7991	
2414	49	ok	|	0.01	1.00	1.00	0.01	0.00	0	|	rapi	0.01	0.01	0	|	36.0	0.01(36)	0.01(36)	|	7991	
2414	50	ok	|	0.01	1.00	1.00	0.01	0.01	0	|	rapi	0.01	0.01	0	|	36.0	0.01(36)	0.01(36)	|	7991	
2414	51	ok	|	0.01	1.00	1.00	0.01	0.01	0	|	rapi	0.01	0.01	0	|	36.0	0.01(36)	0.01(36)	|	7991	
2414	52	ok	|	0.01	1.00	1.00	0.01	0.01	0	|	rapi	0.01	0.01	0	|	36.0	0.01(36)	0.01(36)	|	7991	
2414	53	ok	|	0.01	1.00	1.00	0.01	0.01	0	|	rapi	0.01	0.01	0	|	36.0	0.01(36)	0.01(36)	|	7991	
2414	54	ok	|	0.01	1.00	1.00	0.01	0.01	0	|	rapi	0.01	0.01	0	|	36.0	0.01(36)	0.01(36)	|	7991	
2414	55	ok	|	0.02	1.00	1.00	0.02	0.01	0	|	rapi	0.02	0.02	0	|	36.0	0.02(36)	0.02(36)	|	7991	
2414	56	ok	|	0.02	1.00	1.00	0.02	0.01	0	|	rapi	0.02	0.02	0	|	36.0	0.02(36)	0.02(36)	|	7991	
2414	57	ok	|	0.01	1.00	1.00	0.01	0.01	0	|	rapi	0.01	0.01	0	|	36.0	0.01(36)	0.01(36)	|	7991	
2414	58	ok	|	0.01	1.00	1.00	0.01	0.01	0	|	rapi	0.01	0.01	0	|	36.0	0.01(36)	0.01(36)	|	7991	
2414	59	ok	|	0.01	1.00	1.00	0.01	0.01	0	|	rapi	0.01	0.01	0	|	36.0	0.01(36)	0.01(36)	|	7991	
2414	60	ok	|	0.01	1.00	1.00	0.01	0.00	0	|	rapi	0.01	0.01	0	|	36.0	0.01(36)	0.01(36)	|	7991	
2414	61	ok	|	0.01	1.00	1.00	0.01	0.00	0	|	rapi	0.01	0.01	0	|	36.0	0.01(36)	0.01(36)	|	7991	
2414	62	ok	|	0.01	1.00	1.00	0.01	0.01	0	|	rapi	0.01	0.01	0	|	36.0	0.01(36)	0.01(36)	|	7991	
2414	63	ok	|	0.01	1.00	1.00	0.01	0.01	0	|	rapi	0.01	0.01	0	|	36.0	0.01(36)	0.01(36)	|	7991	
2414	64	ok	|	0.01	1.00	1.00	0.01	0.00	0	|	rapi	0.01	0.01	0	|	36.0	0.01(36)	0.01(36)	|	7991	
2414	65	ok	|	0.00	1.00	1.00	0.00	0.00	0	|	rapi	0.00	0.00	0	|	36.0	0.00(36)	0.00(36)	|	7991	
2414	66	ok	|	0.00	1.00	1.00	0.00	0.00	0	|	rapi	0.00	0.00	0	|	36.0	0.00(36)	0.00(36)	|	7991	
2414	67	fail-0	|	0.00	1.00	1.00	0.00	NaN	0	|	rapi	0.00	0.00	0	|	NaN			|	7991	
