2437	0	ok	|	0.10	1.00	1.00	0.10	0.00	0	|	rapi	0.00	0.00	0	|	39.0	0.10(39)		|	2	
2437	1	ok	|	0.10	1.00	1.00	0.12	0.00	0	|	rapi	0.00	0.00	0	|	39.0	0.12(39)		|	2	
2437	2	ok	|	0.12	1.00	1.00	0.14	0.00	0	|	rapi	0.00	0.00	0	|	39.0	0.14(39)		|	2	
2437	3	ok	|	0.12	1.00	1.00	0.14	0.00	0	|	rapi	0.00	0.00	0	|	39.0	0.14(39)		|	2	
2437	4	ok	|	0.14	1.00	1.00	0.17	0.00	0	|	rapi	0.00	0.00	0	|	39.0	0.17(39)		|	2	
2437	5	ok	|	0.15	1.00	1.00	0.18	0.00	0	|	rapi	0.00	0.00	0	|	39.0	0.18(39)		|	2	
2437	6	ok	|	0.15	1.00	1.00	0.20	0.00	0	|	rapi	0.00	0.00	0	|	39.0	0.20(39)		|	2	
2437	7	ok	|	0.18	1.00	1.00	0.25	0.00	0	|	rapi	0.00	0.00	0	|	39.0	0.25(39)		|	2	
2437	8	ok	|	0.20	1.00	1.00	0.27	0.00	0	|	rapi	0.00	0.00	0	|	39.0	0.27(39)		|	2	
2437	9	ok	|	0.22	1.00	1.00	0.30	0.00	0	|	rapi	0.00	0.00	0	|	39.0	0.30(39)		|	2	
2437	10	ok	|	0.27	1.00	1.00	0.38	0.00	0	|	rapi	0.00	0.00	0	|	39.0	0.38(39)		|	2	
2437	11	ok	|	0.30	1.00	1.00	0.47	0.00	0	|	rapi	0.00	0.00	0	|	39.0	0.47(39)		|	2	
2437	12	ok	|	0.35	0.99	0.99	0.56	0.00	0	|	rapi	0.00	0.00	0	|	39.0	0.56(39)		|	2	
2437	13	ok	|	0.37	0.99	0.99	0.61	0.00	0	|	rapi	0.00	0.00	0	|	39.0	0.61(39)		|	2	
2437	14	ok	|	0.41	0.99	0.99	0.72	0.00	0	|	rapi	0.00	0.00	0	|	39.0	0.72(39)		|	2	
2437	15	ok	|	0.49	0.99	0.99	0.87	0.00	0	|	rapi	0.00	0.00	0	|	39.0	0.87(39)		|	2	
2437	16	ok	|	0.53	0.99	0.99	1.00	0.00	0	|	rapi	0.00	0.00	0	|	39.0	1.00(39)		|	2	
2437	17	ok	|	0.58	0.99	0.99	1.19	0.00	0	|	rapi	0.00	0.00	0	|	39.0	1.19(39)		|	2	
2437	18	ok	|	0.64	0.99	0.99	1.34	0.00	0	|	rapi	0.00	0.00	0	|	39.0	1.34(39)		|	2	
2437	19	ok	|	0.72	0.98	0.98	1.53	0.00	0	|	rapi	0.00	0.00	0	|	39.0	1.53(39)		|	2	
2437	20	ok	|	0.74	0.98	0.98	1.79	0.00	0	|	rapi	0.00	0.00	0	|	39.0	1.79(39)		|	2	
2437	21	ok	|	0.80	0.98	0.98	2.04	0.00	0	|	rapi	0.00	0.00	0	|	39.0	2.04(39)		|	2	
2437	22	ok	|	0.84	0.98	0.98	2.34	0.00	0	|	rapi	0.00	0.00	0	|	39.0	2.34(39)		|	2	
2437	23	ok	|	0.89	0.97	0.97	2.67	0.00	0	|	rapi	0.00	0.00	0	|	39.0	2.67(39)	0.00(39)	|	2	
2437	24	ok	|	0.92	0.97	0.97	3.09	0.00	0	|	rapi	0.00	0.00	0	|	39.0	3.09(39)	0.00(39)	|	2	
2437	25	ok	|	0.95	0.96	0.96	3.68	0.00	0	|	rapi	0.00	0.00	0	|	39.0	3.68(39)	0.00(39)	|	2	
2437	26	ok	|	0.95	0.96	0.96	4.25	0.00	0	|	rapi	0.00	0.00	0	|	39.0	4.25(39)	0.00(39)	|	2	
2437	27	ok	|	0.97	0.95	0.95	5.18	0.00	0	|	rapi	0.00	0.00	0	|	39.0	5.18(39)	0.00(39)	|	2	
2437	28	ok	|	0.99	0.94	0.94	6.19	0.00	0	|	rapi	0.00	0.00	0	|	39.0	6.19(39)	0.00(39)	|	2	
2437	29	ok	|	1.00	0.93	0.93	7.24	0.00	0	|	rapi	0.00	0.00	0	|	39.0	7.24(39)	0.00(39)	|	2	
2437	30	ok	|	1.00	0.91	0.91	8.53	0.00	0	|	rapi	0.00	0.00	0	|	39.0	8.53(39)	0.00(39)	|	2	
2437	31	ok	|	1.00	0.90	0.90	10.11	0.00	0	|	rapi	0.00	0.00	0	|	39.0	10.11(39)	0.00(39)	|	2	
2437	32	ok	|	1.00	0.88	0.88	11.85	0.00	0	|	rapi	0.00	0.00	0	|	39.0	11.85(39)	0.00(39)	|	2	
2437	33	ok	|	1.00	0.86	0.86	13.89	0.00	0	|	rapi	0.01	0.01	0	|	39.0	13.89(39)	0.01(39)	|	2	
2437	34	ok	|	1.00	0.83	0.83	16.57	0.00	0	|	rapi	0.01	0.01	0	|	39.0	16.57(39)	0.01(39)	|	2	
2437	35	ok	|	1.00	0.81	0.81	19.35	0.00	0	|	rapi	0.01	0.01	0	|	39.0	19.35(39)	0.01(39)	|	2	
2437	36	ok	|	1.00	0.77	0.77	22.64	0.00	0	|	rapi	0.01	0.01	0	|	39.0	22.64(39)	0.01(39)	|	2	
2437	37	ok	|	1.00	0.74	0.74	26.27	0.00	0	|	rapi	0.02	0.02	0	|	39.0	26.27(39)	0.02(39)	|	2	
2437	38	ok	|	1.00	0.69	0.69	31.01	0.00	0	|	rapi	0.02	0.02	0	|	39.0	31.01(39)	0.02(39)	|	2	
2437	39	ok	|	1.00	0.64	0.64	36.05	0.00	0	|	rapi	0.02	0.02	0	|	39.0	36.05(39)	0.02(39)	|	2	
2437	40	ok	|	1.00	0.58	0.58	41.81	0.00	0	|	rapi	0.03	0.03	0	|	39.0	41.81(39)	0.03(39)	|	2	
2437	41	ok	|	1.00	0.51	0.51	48.76	0.00	0	|	rapi	0.03	0.03	0	|	39.0	48.76(39)	0.03(39)	|	2	
2437	42	ok	|	1.00	0.44	0.44	56.41	0.00	0	|	rapi	0.04	0.04	0	|	39.0	56.41(39)	0.04(39)	|	2	
2437	43	ok	|	1.00	0.35	0.35	64.92	0.00	0	|	rapi	0.04	0.04	0	|	39.0	64.92(39)	0.04(39)	|	2	
2437	44	ok	|	1.00	0.26	0.26	73.60	0.00	0	|	rapi	0.05	0.06	0	|	39.0	73.60(39)	0.06(39)	|	2	
2437	45	ok	|	1.00	0.18	0.18	82.12	0.00	0	|	rapi	0.07	0.07	0	|	39.0	82.12(39)	0.07(39)	|	2	
2437	46	ok	|	1.00	0.12	0.12	89.26	0.00	0	|	rapi	0.10	0.10	0	|	39.0	89.26(39)	0.10(39)	|	2	
2437	47	fail-w	|	1.00	0.09	0.09	93.10	0.00	0	|	rapi	0.19	0.20	0	|	39.0	93.10(39)	0.20(39)	|	2	
