2445	0	ok	|	0.10	1.00	1.00	0.10	0.00	0	|	rapi	0.00	0.00	0	|	-24.0	0.10(-24)		|	7	
2445	1	ok	|	0.09	1.00	1.00	0.10	0.00	0	|	rapi	0.00	0.00	0	|	-24.0	0.10(-24)		|	7	
2445	2	ok	|	0.11	1.00	1.00	0.14	0.00	0	|	rapi	0.00	0.00	0	|	-24.0	0.14(-24)		|	7	
2445	3	ok	|	0.12	1.00	1.00	0.15	0.00	0	|	rapi	0.00	0.00	0	|	-24.0	0.15(-24)		|	7	
2445	4	ok	|	0.16	1.00	1.00	0.19	0.00	0	|	rapi	0.00	0.00	0	|	-24.0	0.19(-24)		|	7	
2445	5	ok	|	0.18	1.00	1.00	0.23	0.00	0	|	rapi	0.00	0.00	0	|	-24.0	0.23(-24)		|	7	
2445	6	ok	|	0.21	1.00	1.00	0.31	0.00	0	|	rapi	0.00	0.00	0	|	-24.0	0.31(-24)		|	7	
2445	7	ok	|	0.22	1.00	1.00	0.32	0.00	0	|	rapi	0.00	0.00	0	|	-24.0	0.32(-24)		|	7	
2445	8	ok	|	0.23	1.00	1.00	0.34	0.00	0	|	rapi	0.00	0.00	0	|	-24.0	0.34(-24)		|	7	
2445	9	ok	|	0.24	1.00	1.00	0.39	0.00	0	|	rapi	0.00	0.00	0	|	-24.0	0.39(-24)		|	7	
2445	10	ok	|	0.27	1.00	1.00	0.41	0.00	0	|	rapi	0.00	0.00	0	|	-24.0	0.41(-24)		|	7	
2445	11	ok	|	0.30	1.00	1.00	0.49	0.00	0	|	rapi	0.00	0.00	0	|	-24.0	0.49(-24)		|	7	
2445	12	ok	|	0.35	0.99	0.99	0.60	0.00	0	|	rapi	0.00	0.00	0	|	-24.0	0.60(-24)	0.00(-24)	|	7	
2445	13	ok	|	0.42	0.99	0.99	0.74	0.00	0	|	rapi	0.00	0.00	0	|	-24.0	0.74(-24)	0.00(-24)	|	7	
2445	14	ok	|	0.47	0.99	0.99	0.81	0.00	0	|	rapi	0.00	0.00	0	|	-24.0	0.81(-24)	0.00(-24)	|	7	
2445	15	ok	|	0.53	0.99	0.99	0.97	0.00	0	|	rapi	0.00	0.00	0	|	-24.0	0.97(-24)	0.00(-24)	|	7	
2445	16	ok	|	0.57	0.99	0.99	1.09	0.00	0	|	rapi	0.00	0.00	0	|	-24.0	1.09(-24)	0.00(-24)	|	7	
2445	17	ok	|	0.64	0.99	0.99	1.30	0.00	0	|	rapi	0.00	0.00	0	|	-24.0	1.30(-24)	0.00(-24)	|	7	
2445	18	ok	|	0.69	0.99	0.99	1.50	0.00	0	|	rapi	0.00	0.00	0	|	-24.0	1.50(-24)		|	7	
2445	19	ok	|	0.76	0.98	0.98	1.79	0.00	0	|	rapi	0.00	0.00	0	|	-24.0	1.79(-24)		|	7	
2445	20	ok	|	0.80	0.98	0.98	2.16	0.00	0	|	rapi	0.00	0.00	0	|	-24.0	2.16(-24)		|	7	
2445	21	ok	|	0.86	0.97	0.97	2.62	0.00	0	|	rapi	0.00	0.00	0	|	-24.0	2.62(-24)		|	7	
2445	22	ok	|	0.89	0.97	0.97	3.05	0.00	0	|	rapi	0.00	0.00	0	|	-24.0	3.05(-24)	0.00(-24)	|	7	
2445	23	ok	|	0.93	0.96	0.96	3.59	0.00	0	|	rapi	0.00	0.00	0	|	-24.0	3.59(-24)	0.00(-24)	|	7	
2445	24	ok	|	0.96	0.96	0.96	4.21	0.00	0	|	rapi	0.00	0.00	0	|	-24.0	4.21(-24)	0.00(-24)	|	7	
2445	25	ok	|	0.98	0.95	0.95	4.93	0.00	0	|	rapi	0.00	0.00	0	|	-24.0	4.93(-24)	0.00(-24)	|	7	
2445	26	ok	|	0.99	0.94	0.94	5.65	0.00	0	|	rapi	0.00	0.00	0	|	-24.0	5.65(-24)	0.00(-24)	|	7	
2445	27	ok	|	1.00	0.93	0.93	6.69	0.00	0	|	rapi	0.00	0.00	0	|	-24.0	6.69(-24)	0.00(-24)	|	7	
2445	28	ok	|	1.00	0.92	0.92	7.81	0.00	0	|	rapi	0.00	0.00	0	|	-24.0	7.81(-24)	0.00(-24)	|	7	
2445	29	ok	|	1.00	0.91	0.91	9.34	0.00	0	|	rapi	0.00	0.00	0	|	-24.0	9.34(-24)	0.00(-24)	|	7	
2445	30	ok	|	1.00	0.89	0.89	10.88	0.00	0	|	rapi	0.01	0.01	0	|	-24.0	10.88(-24)	0.01(-24)	|	7	
2445	31	ok	|	1.00	0.87	0.87	12.71	0.00	0	|	rapi	0.01	0.01	0	|	-24.0	12.71(-24)	0.01(-24)	|	7	
2445	32	ok	|	1.00	0.85	0.85	14.92	0.00	0	|	rapi	0.01	0.01	0	|	-24.0	14.92(-24)	0.01(-24)	|	7	
2445	33	ok	|	1.00	0.82	0.82	17.75	0.00	0	|	rapi	0.01	0.01	0	|	-24.0	17.75(-24)	0.01(-24)	|	7	
2445	34	ok	|	1.00	0.79	0.79	20.99	0.00	0	|	rapi	0.01	0.01	0	|	-24.0	20.99(-24)	0.01(-24)	|	7	
2445	35	ok	|	1.00	0.75	0.75	24.61	0.00	0	|	rapi	0.01	0.01	0	|	-24.0	24.61(-24)	0.01(-24)	|	7	
2445	36	ok	|	1.00	0.71	0.71	28.70	0.00	0	|	rapi	0.01	0.01	0	|	-24.0	28.70(-24)	0.01(-24)	|	7	
2445	37	ok	|	1.00	0.67	0.67	33.25	0.00	0	|	rapi	0.01	0.01	0	|	-24.0	33.25(-24)	0.01(-24)	|	7	
2445	38	ok	|	1.00	0.61	0.61	38.77	0.00	0	|	rapi	0.02	0.02	0	|	-24.0	38.77(-24)	0.02(-24)	|	7	
2445	39	ok	|	1.00	0.55	0.55	45.39	0.00	0	|	rapi	0.03	0.03	0	|	-24.0	45.39(-24)	0.03(-24)	|	7	
2445	40	ok	|	1.00	0.48	0.48	52.46	0.00	0	|	rapi	0.04	0.04	0	|	-24.0	52.46(-24)	0.04(-24)	|	7	
2445	41	ok	|	1.00	0.39	0.39	60.79	0.00	0	|	rapi	0.04	0.04	0	|	-24.0	60.79(-24)	0.04(-24)	|	7	
2445	42	ok	|	1.00	0.30	0.30	69.93	0.00	0	|	rapi	0.05	0.05	0	|	-24.0	69.93(-24)	0.05(-24)	|	7	
2445	43	ok	|	1.00	0.21	0.21	79.59	0.00	0	|	rapi	0.06	0.06	0	|	-24.0	79.59(-24)	0.06(-24)	|	7	
2445	44	ok	|	1.00	0.13	0.13	88.18	0.00	0	|	rapi	0.09	0.10	0	|	-24.0	88.18(-24)	0.10(-24)	|	7	
2445	45	fail-w	|	1.00	0.10	0.10	92.16	0.00	0	|	rapi	0.17	0.18	0	|	-24.0	92.16(-24)	0.18(-24)	|	7	
