2451	0	ok	|	0.10	1.00	1.00	0.10	0.00	0	|	rapi	0.00	0.00	0	|	-15.0	0.10(-15)		|	5	
2451	1	ok	|	0.11	1.00	1.00	0.12	0.00	0	|	rapi	0.00	0.00	0	|	-15.0	0.12(-15)		|	5	
2451	2	ok	|	0.11	1.00	1.00	0.13	0.00	0	|	rapi	0.00	0.00	0	|	-15.0	0.13(-15)		|	5	
2451	3	ok	|	0.13	1.00	1.00	0.17	0.00	0	|	rapi	0.00	0.00	0	|	-15.0	0.17(-15)		|	5	
2451	4	ok	|	0.15	1.00	1.00	0.20	0.00	0	|	rapi	0.00	0.00	0	|	-15.0	0.20(-15)		|	5	
2451	5	ok	|	0.16	1.00	1.00	0.21	0.00	0	|	rapi	0.00	0.00	0	|	-15.0	0.21(-15)		|	5	
2451	6	ok	|	0.17	1.00	1.00	0.24	0.00	0	|	rapi	0.00	0.00	0	|	-15.0	0.24(-15)		|	5	
2451	7	ok	|	0.20	1.00	1.00	0.29	0.00	0	|	rapi	0.00	0.00	0	|	-15.0	0.29(-15)		|	5	
2451	8	ok	|	0.25	1.00	1.00	0.37	0.00	0	|	rapi	0.00	0.00	0	|	-15.0	0.37(-15)		|	5	
2451	9	ok	|	0.25	1.00	1.00	0.36	0.00	0	|	rapi	0.00	0.00	0	|	-15.0	0.36(-15)		|	5	
2451	10	ok	|	0.29	1.00	1.00	0.44	0.00	0	|	rapi	0.00	0.00	0	|	-15.0	0.44(-15)		|	5	
2451	11	ok	|	0.33	0.99	0.99	0.52	0.00	0	|	rapi	0.00	0.00	0	|	-15.0	0.52(-15)		|	5	
2451	12	ok	|	0.37	0.99	0.99	0.62	0.00	0	|	rapi	0.00	0.00	0	|	-15.0	0.62(-15)		|	5	
2451	13	ok	|	0.45	0.99	0.99	0.77	0.00	0	|	rapi	0.00	0.00	0	|	-15.0	0.77(-15)		|	5	
2451	14	ok	|	0.49	0.99	0.99	0.90	0.00	0	|	rapi	0.00	0.00	0	|	-15.0	0.90(-15)		|	5	
2451	15	ok	|	0.60	0.99	0.99	1.13	0.00	0	|	rapi	0.00	0.00	0	|	-15.0	1.13(-15)		|	5	
2451	16	ok	|	0.65	0.99	0.99	1.31	0.00	0	|	rapi	0.00	0.00	0	|	-15.0	1.31(-15)		|	5	
2451	17	ok	|	0.71	0.98	0.98	1.51	0.00	0	|	rapi	0.00	0.00	0	|	-15.0	1.51(-15)		|	5	
2451	18	ok	|	0.76	0.98	0.98	1.76	0.00	0	|	rapi	0.00	0.00	0	|	-15.0	1.76(-15)		|	5	
2451	19	ok	|	0.81	0.98	0.98	2.02	0.00	0	|	rapi	0.00	0.00	0	|	-15.0	2.02(-15)		|	5	
2451	20	ok	|	0.84	0.98	0.98	2.46	0.00	0	|	rapi	0.00	0.00	0	|	-15.0	2.46(-15)		|	5	
2451	21	ok	|	0.90	0.97	0.97	3.00	0.00	0	|	rapi	0.00	0.00	0	|	-15.0	3.00(-15)		|	5	
2451	22	ok	|	0.94	0.96	0.96	3.63	0.00	0	|	rapi	0.00	0.00	0	|	-15.0	3.63(-15)		|	5	
2451	23	ok	|	0.96	0.96	0.96	4.37	0.00	0	|	rapi	0.00	0.00	0	|	-15.0	4.37(-15)		|	5	
2451	24	ok	|	0.98	0.95	0.95	5.07	0.00	0	|	rapi	0.00	0.00	0	|	-15.0	5.07(-15)	0.00(-15)	|	5	
2451	25	ok	|	0.99	0.94	0.94	6.11	0.00	0	|	rapi	0.00	0.00	0	|	-15.0	6.11(-15)	0.00(-15)	|	5	
2451	26	ok	|	1.00	0.93	0.93	7.18	0.00	0	|	rapi	0.00	0.00	0	|	-15.0	7.18(-15)	0.00(-15)	|	5	
2451	27	ok	|	1.00	0.92	0.92	8.42	0.00	0	|	rapi	0.00	0.00	0	|	-15.0	8.42(-15)	0.00(-15)	|	5	
2451	28	ok	|	1.00	0.90	0.90	9.93	0.00	0	|	rapi	0.01	0.01	0	|	-15.0	9.93(-15)	0.01(-15)	|	5	
2451	29	ok	|	1.00	0.88	0.88	11.76	0.00	0	|	rapi	0.00	0.00	0	|	-15.0	11.76(-15)	0.00(-15)	|	5	
2451	30	ok	|	1.00	0.86	0.86	13.88	0.00	0	|	rapi	0.00	0.00	0	|	-15.0	13.88(-15)	0.00(-15)	|	5	
2451	31	ok	|	1.00	0.84	0.84	16.38	0.00	0	|	rapi	0.00	0.00	0	|	-15.0	16.38(-15)	0.00(-15)	|	5	
2451	32	ok	|	1.00	0.81	0.81	19.23	0.00	0	|	rapi	0.01	0.01	0	|	-15.0	19.23(-15)	0.01(-15)	|	5	
2451	33	ok	|	1.00	0.77	0.77	22.54	0.00	0	|	rapi	0.01	0.01	0	|	-15.0	22.54(-15)	0.01(-15)	|	5	
2451	34	ok	|	1.00	0.74	0.74	26.37	0.00	0	|	rapi	0.01	0.01	0	|	-15.0	26.37(-15)	0.01(-15)	|	5	
2451	35	ok	|	1.00	0.69	0.69	31.02	0.00	0	|	rapi	0.01	0.01	0	|	-15.0	31.02(-15)	0.01(-15)	|	5	
2451	36	ok	|	1.00	0.64	0.64	36.25	0.00	0	|	rapi	0.01	0.01	0	|	-15.0	36.25(-15)	0.01(-15)	|	5	
2451	37	ok	|	1.00	0.57	0.57	42.56	0.00	0	|	rapi	0.01	0.01	0	|	-15.0	42.56(-15)	0.01(-15)	|	5	
2451	38	ok	|	1.00	0.50	0.50	49.66	0.00	0	|	rapi	0.01	0.01	0	|	-15.0	49.66(-15)	0.01(-15)	|	5	
2451	39	ok	|	1.00	0.43	0.43	57.50	0.00	0	|	rapi	0.01	0.01	0	|	-15.0	57.50(-15)	0.01(-15)	|	5	
2451	40	ok	|	1.00	0.33	0.33	66.62	0.00	0	|	rapi	0.01	0.01	0	|	-15.0	66.62(-15)	0.01(-15)	|	5	
2451	41	ok	|	1.00	0.24	0.24	76.11	0.00	0	|	rapi	0.02	0.02	0	|	-15.0	76.11(-15)	0.02(-15)	|	5	
2451	42	ok	|	1.00	0.16	0.16	84.91	0.00	0	|	rapi	0.03	0.03	0	|	-15.0	84.91(-15)	0.03(-15)	|	5	
2451	43	fail-w	|	1.00	0.09	0.09	93.06	0.00	0	|	rapi	0.04	0.04	0	|	-15.0	93.06(-15)	0.04(-15)	|	5	
