2501	0	ok	|	0.10	1.00	1.00	0.10	0.00	0	|	rapi	0.10	0.10	0	|	99.0	0.10(99)	0.10(99)	|	7900	
2501	1	ok	|	0.08	1.00	1.00	0.08	0.00	0	|	rapi	0.08	0.08	0	|	99.0	0.08(99)	0.08(99)	|	7900	
2501	2	ok	|	0.07	1.00	1.00	0.07	0.00	0	|	rapi	0.07	0.07	0	|	99.0	0.07(99)	0.07(99)	|	7900	
2501	3	ok	|	0.07	1.00	1.00	0.07	0.00	0	|	rapi	0.07	0.07	0	|	99.0	0.07(99)	0.07(99)	|	7900	
2501	4	ok	|	0.06	1.00	1.00	0.07	0.00	0	|	rapi	0.06	0.07	0	|	99.0	0.07(99)	0.07(99)	|	7900	
2501	5	ok	|	0.07	1.00	1.00	0.07	0.00	0	|	rapi	0.07	0.07	0	|	99.0	0.07(99)	0.07(99)	|	7900	
2501	6	ok	|	0.07	1.00	1.00	0.08	0.00	0	|	rapi	0.07	0.08	0	|	99.0	0.08(99)	0.08(99)	|	7900	
2501	7	ok	|	0.06	1.00	1.00	0.06	0.00	0	|	rapi	0.06	0.06	0	|	99.0	0.06(99)	0.06(99)	|	7900	
2501	8	ok	|	0.06	1.00	1.00	0.06	0.00	0	|	rapi	0.06	0.06	0	|	99.0	0.06(99)	0.06(99)	|	7900	
2501	9	ok	|	0.04	1.00	1.00	0.04	0.00	0	|	rapi	0.04	0.04	0	|	99.0	0.04(99)	0.04(99)	|	7900	
2501	10	ok	|	0.04	1.00	1.00	0.04	0.00	0	|	rapi	0.04	0.04	0	|	99.0	0.04(99)	0.04(99)	|	7900	
2501	11	ok	|	0.05	1.00	1.00	0.05	0.00	0	|	rapi	0.05	0.05	0	|	99.0	0.05(99)	0.05(99)	|	7900	
2501	12	ok	|	0.04	1.00	1.00	0.04	0.00	0	|	rapi	0.04	0.04	0	|	99.0	0.04(99)	0.04(99)	|	7900	
2501	13	ok	|	0.06	1.00	1.00	0.06	0.00	0	|	rapi	0.06	0.06	0	|	99.0	0.06(99)	0.06(99)	|	7900	
2501	14	ok	|	0.06	1.00	1.00	0.06	0.00	0	|	rapi	0.06	0.06	0	|	99.0	0.06(99)	0.06(99)	|	7900	
2501	15	ok	|	0.04	1.00	1.00	0.04	0.00	0	|	rapi	0.04	0.04	0	|	99.0	0.04(99)	0.04(99)	|	7900	
2501	16	ok	|	0.04	1.00	1.00	0.04	0.00	0	|	rapi	0.04	0.04	0	|	99.0	0.04(99)	0.04(99)	|	7900	
2501	17	ok	|	0.04	1.00	1.00	0.04	0.00	0	|	rapi	0.04	0.04	0	|	99.0	0.04(99)	0.04(99)	|	7900	
2501	18	ok	|	0.04	1.00	1.00	0.04	0.00	0	|	rapi	0.04	0.04	0	|	99.0	0.04(99)	0.04(99)	|	7900	
2501	19	ok	|	0.04	1.00	1.00	0.04	0.00	0	|	rapi	0.04	0.04	0	|	99.0	0.04(99)	0.04(99)	|	7900	
2501	20	ok	|	0.03	1.00	1.00	0.03	0.00	0	|	rapi	0.03	0.03	0	|	99.0	0.03(99)	0.03(99)	|	7900	
2501	21	ok	|	0.04	1.00	1.00	0.04	0.00	0	|	rapi	0.04	0.04	0	|	99.0	0.04(99)	0.04(99)	|	7900	
2501	22	ok	|	0.03	1.00	1.00	0.03	0.00	0	|	rapi	0.03	0.03	0	|	99.0	0.03(99)	0.03(99)	|	7900	
2501	23	ok	|	0.03	1.00	1.00	0.03	0.00	0	|	rapi	0.03	0.03	0	|	99.0	0.03(99)	0.03(99)	|	7900	
2501	24	ok	|	0.03	1.00	1.00	0.03	0.00	0	|	rapi	0.03	0.03	0	|	99.0	0.03(99)	0.03(99)	|	7900	
2501	25	ok	|	0.02	1.00	1.00	0.02	0.00	0	|	rapi	0.02	0.02	0	|	99.0	0.02(99)	0.02(99)	|	7900	
2501	26	ok	|	0.02	1.00	1.00	0.02	0.00	0	|	rapi	0.02	0.02	0	|	99.0	0.02(99)	0.02(99)	|	7900	
2501	27	ok	|	0.03	1.00	1.00	0.03	0.00	0	|	rapi	0.03	0.03	0	|	99.0	0.03(99)	0.03(99)	|	7900	
2501	28	ok	|	0.04	1.00	1.00	0.04	0.01	0	|	rapi	0.04	0.04	0	|	99.0	0.04(99)	0.04(99)	|	7900	
2501	29	ok	|	0.04	1.00	1.00	0.04	0.01	0	|	rapi	0.04	0.04	0	|	99.0	0.04(99)	0.04(99)	|	7900	
2501	30	ok	|	0.04	1.00	1.00	0.05	0.01	0	|	rapi	0.04	0.05	0	|	99.0	0.05(99)	0.05(99)	|	7900	
2501	31	ok	|	0.05	1.00	1.00	0.05	0.01	0	|	rapi	0.05	0.05	0	|	99.0	0.05(99)	0.05(99)	|	7900	
2501	32	ok	|	0.05	1.00	1.00	0.05	0.01	0	|	rapi	0.05	0.05	0	|	99.0	0.05(99)	0.05(99)	|	7900	
2501	33	ok	|	0.04	1.00	1.00	0.04	0.01	0	|	rapi	0.04	0.04	0	|	99.0	0.04(99)	0.04(99)	|	7900	
2501	34	ok	|	0.05	1.00	1.00	0.05	0.01	0	|	rapi	0.05	0.05	0	|	99.0	0.05(99)	0.05(99)	|	7900	
2501	35	ok	|	0.06	1.00	1.00	0.06	0.01	0	|	rapi	0.06	0.06	0	|	99.0	0.06(99)	0.06(99)	|	7900	
2501	36	ok	|	0.06	1.00	1.00	0.06	0.01	0	|	rapi	0.06	0.06	0	|	99.0	0.06(99)	0.06(99)	|	7900	
2501	37	ok	|	0.06	1.00	1.00	0.06	0.01	0	|	rapi	0.06	0.06	0	|	99.0	0.06(99)	0.06(99)	|	7900	
2501	38	ok	|	0.06	1.00	1.00	0.06	0.01	0	|	rapi	0.06	0.06	0	|	99.0	0.06(99)	0.06(99)	|	7900	
2501	39	ok	|	0.07	1.00	1.00	0.07	0.01	0	|	rapi	0.07	0.07	0	|	99.0	0.07(99)	0.07(99)	|	7900	
2501	40	ok	|	0.07	1.00	1.00	0.07	0.02	0	|	rapi	0.07	0.07	0	|	99.0	0.07(99)	0.07(99)	|	7900	
2501	41	ok	|	0.09	1.00	1.00	0.09	0.02	0	|	rapi	0.09	0.09	0	|	99.0	0.09(99)	0.09(99)	|	7900	
2501	42	ok	|	0.09	1.00	1.00	0.09	0.02	0	|	rapi	0.09	0.09	0	|	99.0	0.09(99)	0.09(99)	|	7900	
2501	43	ok	|	0.09	1.00	1.00	0.10	0.02	0	|	rapi	0.09	0.10	0	|	99.0	0.10(99)	0.10(99)	|	7900	
2501	44	ok	|	0.09	1.00	1.00	0.09	0.02	0	|	rapi	0.09	0.09	0	|	99.0	0.09(99)	0.09(99)	|	7900	
2501	45	ok	|	0.09	1.00	1.00	0.10	0.02	0	|	rapi	0.09	0.10	0	|	99.0	0.10(99)	0.10(99)	|	7900	
2501	46	ok	|	0.10	1.00	1.00	0.10	0.03	0	|	rapi	0.10	0.10	0	|	99.0	0.10(99)	0.10(99)	|	7900	
2501	47	ok	|	0.09	1.00	1.00	0.09	0.02	0	|	rapi	0.09	0.09	0	|	99.0	0.09(99)	0.09(99)	|	7900	
2501	48	ok	|	0.09	1.00	1.00	0.10	0.02	0	|	rapi	0.09	0.10	0	|	99.0	0.10(99)	0.10(99)	|	7900	
2501	49	ok	|	0.09	1.00	1.00	0.09	0.02	0	|	rapi	0.09	0.09	0	|	99.0	0.09(99)	0.09(99)	|	7900	
2501	50	ok	|	0.09	1.00	1.00	0.10	0.02	0	|	rapi	0.09	0.10	0	|	99.0	0.10(99)	0.10(99)	|	7900	
2501	51	ok	|	0.11	1.00	1.00	0.11	0.03	0	|	rapi	0.11	0.11	0	|	99.0	0.11(99)	0.11(99)	|	7900	
2501	52	ok	|	0.12	1.00	1.00	0.13	0.03	0	|	rapi	0.12	0.13	0	|	99.0	0.13(99)	0.13(99)	|	7900	
2501	53	ok	|	0.11	1.00	1.00	0.12	0.03	0	|	rapi	0.11	0.12	0	|	99.0	0.12(99)	0.12(99)	|	7900	
2501	54	ok	|	0.10	1.00	1.00	0.11	0.03	0	|	rapi	0.10	0.11	0	|	99.0	0.11(99)	0.11(99)	|	7900	
2501	55	ok	|	0.12	1.00	1.00	0.12	0.03	0	|	rapi	0.12	0.12	0	|	99.0	0.12(99)	0.12(99)	|	7900	
2501	56	ok	|	0.09	1.00	1.00	0.09	0.02	0	|	rapi	0.09	0.09	0	|	99.0	0.09(99)	0.09(99)	|	7900	
2501	57	ok	|	0.10	1.00	1.00	0.10	0.02	0	|	rapi	0.10	0.10	0	|	99.0	0.10(99)	0.10(99)	|	7900	
2501	58	ok	|	0.09	1.00	1.00	0.09	0.02	0	|	rapi	0.09	0.09	0	|	99.0	0.09(99)	0.09(99)	|	7900	
2501	59	ok	|	0.09	1.00	1.00	0.09	0.02	0	|	rapi	0.09	0.09	0	|	99.0	0.09(99)	0.09(99)	|	7900	
2501	60	ok	|	0.08	1.00	1.00	0.08	0.02	0	|	rapi	0.08	0.08	0	|	99.0	0.08(99)	0.08(99)	|	7900	
2501	61	ok	|	0.06	1.00	1.00	0.07	0.02	0	|	rapi	0.06	0.07	0	|	99.0	0.07(99)	0.07(99)	|	7900	
2501	62	ok	|	0.07	1.00	1.00	0.07	0.02	0	|	rapi	0.07	0.07	0	|	99.0	0.07(99)	0.07(99)	|	7900	
2501	63	ok	|	0.08	1.00	1.00	0.09	0.02	0	|	rapi	0.08	0.09	0	|	99.0	0.09(99)	0.09(99)	|	7900	
2501	64	ok	|	0.08	1.00	1.00	0.08	0.02	0	|	rapi	0.08	0.08	0	|	99.0	0.08(99)	0.08(99)	|	7900	
2501	65	ok	|	0.10	1.00	1.00	0.10	0.05	0	|	rapi	0.10	0.10	0	|	99.0	0.10(99)	0.10(99)	|	7900	
2501	66	ok	|	0.12	1.00	1.00	0.12	0.06	0	|	rapi	0.12	0.12	0	|	99.0	0.12(99)	0.12(99)	|	7900	
2501	67	ok	|	0.12	1.00	1.00	0.12	0.06	0	|	rapi	0.12	0.12	0	|	99.0	0.12(99)	0.12(99)	|	7900	
2501	68	ok	|	0.12	1.00	1.00	0.12	0.06	0	|	rapi	0.12	0.12	0	|	99.0	0.12(99)	0.12(99)	|	7900	
2501	69	ok	|	0.10	1.00	1.00	0.10	0.05	0	|	rapi	0.10	0.10	0	|	99.0	0.10(99)	0.10(99)	|	7900	
2501	70	ok	|	0.10	1.00	1.00	0.10	0.05	0	|	rapi	0.10	0.10	0	|	99.0	0.10(99)	0.10(99)	|	7900	
2501	71	ok	|	0.10	1.00	1.00	0.10	0.05	0	|	rapi	0.10	0.10	0	|	99.0	0.10(99)	0.10(99)	|	7900	
2501	72	ok	|	0.10	1.00	1.00	0.10	0.05	0	|	rapi	0.10	0.10	0	|	99.0	0.10(99)	0.10(99)	|	7900	
2501	73	ok	|	0.10	1.00	1.00	0.11	0.06	0	|	rapi	0.10	0.11	0	|	99.0	0.11(99)	0.11(99)	|	7900	
2501	74	ok	|	0.12	1.00	1.00	0.12	0.06	0	|	rapi	0.12	0.12	0	|	99.0	0.12(99)	0.12(99)	|	7900	
2501	75	ok	|	0.12	1.00	1.00	0.12	0.06	0	|	rapi	0.12	0.12	0	|	99.0	0.12(99)	0.12(99)	|	7900	
2501	76	ok	|	0.11	1.00	1.00	0.12	0.06	0	|	rapi	0.11	0.12	0	|	99.0	0.12(99)	0.12(99)	|	7900	
2501	77	ok	|	0.12	1.00	1.00	0.12	0.06	0	|	rapi	0.12	0.12	0	|	99.0	0.12(99)	0.12(99)	|	7900	
2501	78	ok	|	0.12	1.00	1.00	0.13	0.06	0	|	rapi	0.12	0.13	0	|	99.0	0.13(99)	0.13(99)	|	7900	
2501	79	ok	|	0.12	1.00	1.00	0.12	0.06	0	|	rapi	0.12	0.12	0	|	99.0	0.12(99)	0.12(99)	|	7900	
2501	80	ok	|	0.12	1.00	1.00	0.12	0.06	0	|	rapi	0.12	0.12	0	|	99.0	0.12(99)	0.12(99)	|	7900	
2501	81	ok	|	0.14	1.00	1.00	0.15	0.07	0	|	rapi	0.14	0.15	0	|	99.0	0.15(99)	0.15(99)	|	7900	
2501	82	ok	|	0.14	1.00	1.00	0.14	0.07	0	|	rapi	0.14	0.14	0	|	99.0	0.14(99)	0.14(99)	|	7900	
2501	83	ok	|	0.14	1.00	1.00	0.14	0.07	0	|	rapi	0.14	0.14	0	|	99.0	0.14(99)	0.14(99)	|	7900	
2501	84	ok	|	0.14	1.00	1.00	0.15	0.07	0	|	rapi	0.14	0.15	0	|	99.0	0.15(99)	0.15(99)	|	7900	
2501	85	ok	|	0.13	1.00	1.00	0.14	0.07	0	|	rapi	0.13	0.14	0	|	99.0	0.14(99)	0.14(99)	|	7900	
2501	86	ok	|	0.12	1.00	1.00	0.13	0.06	0	|	rapi	0.12	0.13	0	|	99.0	0.13(99)	0.13(99)	|	7900	
2501	87	ok	|	0.14	1.00	1.00	0.15	0.07	0	|	rapi	0.14	0.15	0	|	99.0	0.15(99)	0.15(99)	|	7900	
2501	88	ok	|	0.13	1.00	1.00	0.13	0.07	0	|	rapi	0.13	0.13	0	|	99.0	0.13(99)	0.13(99)	|	7900	
2501	89	ok	|	0.13	1.00	1.00	0.13	0.07	0	|	rapi	0.13	0.13	0	|	99.0	0.13(99)	0.13(99)	|	7900	
2501	90	ok	|	0.13	1.00	1.00	0.13	0.07	0	|	rapi	0.13	0.13	0	|	99.0	0.13(99)	0.13(99)	|	7900	
2501	91	ok	|	0.14	1.00	1.00	0.14	0.07	0	|	rapi	0.14	0.14	0	|	99.0	0.14(99)	0.14(99)	|	7900	
2501	92	ok	|	0.14	1.00	1.00	0.14	0.07	0	|	rapi	0.14	0.14	0	|	99.0	0.14(99)	0.14(99)	|	7900	
2501	93	ok	|	0.13	1.00	1.00	0.14	0.07	0	|	rapi	0.13	0.14	0	|	99.0	0.14(99)	0.14(99)	|	7900	
2501	94	ok	|	0.12	1.00	1.00	0.13	0.07	0	|	rapi	0.12	0.13	0	|	99.0	0.13(99)	0.13(99)	|	7900	
2501	95	ok	|	0.12	1.00	1.00	0.12	0.06	0	|	rapi	0.12	0.12	0	|	99.0	0.12(99)	0.12(99)	|	7900	
2501	96	ok	|	0.14	1.00	1.00	0.14	0.07	0	|	rapi	0.14	0.14	0	|	99.0	0.14(99)	0.14(99)	|	7900	
2501	97	ok	|	0.15	1.00	1.00	0.16	0.08	0	|	rapi	0.15	0.16	0	|	99.0	0.16(99)	0.16(99)	|	7900	
2501	98	ok	|	0.15	1.00	1.00	0.15	0.08	0	|	rapi	0.15	0.15	0	|	99.0	0.15(99)	0.15(99)	|	7900	
2501	99	ok	|	0.14	1.00	1.00	0.14	0.07	0	|	rapi	0.14	0.14	0	|	99.0	0.14(99)	0.14(99)	|	7900	
2501	100	ok	|	0.15	1.00	1.00	0.16	0.08	0	|	rapi	0.15	0.16	0	|	99.0	0.16(99)	0.16(99)	|	7900	
2501	101	ok	|	0.16	1.00	1.00	0.16	0.08	0	|	rapi	0.16	0.16	0	|	99.0	0.16(99)	0.16(99)	|	7900	
2501	102	ok	|	0.16	1.00	1.00	0.17	0.09	0	|	rapi	0.16	0.17	0	|	99.0	0.17(99)	0.17(99)	|	7900	
2501	103	ok	|	0.19	1.00	1.00	0.20	0.10	0	|	rapi	0.19	0.20	0	|	99.0	0.20(99)	0.20(99)	|	7900	
2501	104	ok	|	0.18	1.00	1.00	0.19	0.09	0	|	rapi	0.18	0.19	0	|	99.0	0.19(99)	0.19(99)	|	7900	
2501	105	ok	|	0.18	1.00	1.00	0.18	0.09	0	|	rapi	0.18	0.18	0	|	99.0	0.18(99)	0.18(99)	|	7900	
2501	106	ok	|	0.19	1.00	1.00	0.20	0.10	0	|	rapi	0.19	0.20	0	|	99.0	0.20(99)	0.20(99)	|	7900	
2501	107	ok	|	0.20	1.00	1.00	0.21	0.10	0	|	rapi	0.20	0.21	0	|	99.0	0.21(99)	0.21(99)	|	7900	
2501	108	ok	|	0.22	1.00	1.00	0.23	0.11	0	|	rapi	0.22	0.23	0	|	99.0	0.23(99)	0.23(99)	|	7900	
2501	109	ok	|	0.22	1.00	1.00	0.24	0.12	0	|	rapi	0.22	0.24	0	|	99.0	0.24(99)	0.24(99)	|	7900	
2501	110	ok	|	0.22	1.00	1.00	0.22	0.11	0	|	rapi	0.22	0.22	0	|	99.0	0.22(99)	0.22(99)	|	7900	
2501	111	ok	|	0.21	1.00	1.00	0.23	0.11	0	|	rapi	0.21	0.23	0	|	99.0	0.23(99)	0.23(99)	|	7900	
2501	112	ok	|	0.23	1.00	1.00	0.25	0.12	0	|	rapi	0.23	0.25	0	|	99.0	0.25(99)	0.25(99)	|	7900	
2501	113	ok	|	0.23	1.00	1.00	0.25	0.13	0	|	rapi	0.23	0.25	0	|	99.0	0.25(99)	0.25(99)	|	7900	
2501	114	ok	|	0.22	1.00	1.00	0.23	0.12	0	|	rapi	0.22	0.23	0	|	99.0	0.23(99)	0.23(99)	|	7900	
2501	115	ok	|	0.21	1.00	1.00	0.22	0.11	0	|	rapi	0.21	0.22	0	|	99.0	0.22(99)	0.22(99)	|	7900	
2501	116	ok	|	0.21	1.00	1.00	0.22	0.11	0	|	rapi	0.21	0.22	0	|	99.0	0.22(99)	0.22(99)	|	7900	
2501	117	ok	|	0.21	1.00	1.00	0.22	0.11	0	|	rapi	0.21	0.22	0	|	99.0	0.22(99)	0.22(99)	|	7900	
2501	118	ok	|	0.21	1.00	1.00	0.22	0.11	0	|	rapi	0.21	0.22	0	|	99.0	0.22(99)	0.22(99)	|	7900	
2501	119	ok	|	0.21	1.00	1.00	0.21	0.11	0	|	rapi	0.21	0.21	0	|	99.0	0.21(99)	0.21(99)	|	7900	
2501	120	ok	|	0.20	1.00	1.00	0.21	0.10	0	|	rapi	0.20	0.21	0	|	99.0	0.21(99)	0.21(99)	|	7900	
2501	121	ok	|	0.19	1.00	1.00	0.20	0.10	0	|	rapi	0.19	0.20	0	|	99.0	0.20(99)	0.20(99)	|	7900	
2501	122	ok	|	0.17	1.00	1.00	0.17	0.09	0	|	rapi	0.17	0.17	0	|	99.0	0.17(99)	0.17(99)	|	7900	
2501	123	ok	|	0.17	1.00	1.00	0.18	0.09	0	|	rapi	0.17	0.18	0	|	99.0	0.18(99)	0.18(99)	|	7900	
2501	124	ok	|	0.18	1.00	1.00	0.18	0.09	0	|	rapi	0.18	0.18	0	|	99.0	0.18(99)	0.18(99)	|	7900	
2501	125	ok	|	0.17	1.00	1.00	0.18	0.09	0	|	rapi	0.17	0.18	0	|	99.0	0.18(99)	0.18(99)	|	7900	
2501	126	ok	|	0.16	1.00	1.00	0.17	0.08	0	|	rapi	0.16	0.17	0	|	99.0	0.17(99)	0.17(99)	|	7900	
2501	127	ok	|	0.14	1.00	1.00	0.15	0.08	0	|	rapi	0.14	0.15	0	|	99.0	0.15(99)	0.15(99)	|	7900	
2501	128	ok	|	0.13	1.00	1.00	0.14	0.07	0	|	rapi	0.13	0.14	0	|	99.0	0.14(99)	0.14(99)	|	7900	
2501	129	ok	|	0.14	1.00	1.00	0.15	0.07	0	|	rapi	0.14	0.15	0	|	99.0	0.15(99)	0.15(99)	|	7900	
2501	130	ok	|	0.15	1.00	1.00	0.16	0.08	0	|	rapi	0.15	0.16	0	|	99.0	0.16(99)	0.16(99)	|	7900	
2501	131	ok	|	0.13	1.00	1.00	0.14	0.07	0	|	rapi	0.13	0.14	0	|	99.0	0.14(99)	0.14(99)	|	7900	
2501	132	ok	|	0.12	1.00	1.00	0.13	0.06	0	|	rapi	0.12	0.13	0	|	99.0	0.13(99)	0.13(99)	|	7900	
2501	133	ok	|	0.13	1.00	1.00	0.13	0.07	0	|	rapi	0.13	0.13	0	|	99.0	0.13(99)	0.13(99)	|	7900	
2501	134	ok	|	0.13	1.00	1.00	0.13	0.07	0	|	rapi	0.13	0.13	0	|	99.0	0.13(99)	0.13(99)	|	7900	
2501	135	ok	|	0.11	1.00	1.00	0.12	0.06	0	|	rapi	0.11	0.12	0	|	99.0	0.12(99)	0.12(99)	|	7900	
2501	136	ok	|	0.13	1.00	1.00	0.13	0.07	0	|	rapi	0.13	0.13	0	|	99.0	0.13(99)	0.13(99)	|	7900	
2501	137	ok	|	0.10	1.00	1.00	0.11	0.06	0	|	rapi	0.10	0.11	0	|	99.0	0.11(99)	0.11(99)	|	7900	
2501	138	ok	|	0.11	1.00	1.00	0.11	0.06	0	|	rapi	0.11	0.11	0	|	99.0	0.11(99)	0.11(99)	|	7900	
2501	139	ok	|	0.11	1.00	1.00	0.12	0.06	0	|	rapi	0.11	0.12	0	|	99.0	0.12(99)	0.12(99)	|	7900	
2501	140	ok	|	0.11	1.00	1.00	0.11	0.05	0	|	rapi	0.11	0.11	0	|	99.0	0.11(99)	0.11(99)	|	7900	
2501	141	ok	|	0.12	1.00	1.00	0.12	0.06	0	|	rapi	0.12	0.12	0	|	99.0	0.12(99)	0.12(99)	|	7900	
2501	142	ok	|	0.11	1.00	1.00	0.12	0.06	0	|	rapi	0.11	0.12	0	|	99.0	0.12(99)	0.12(99)	|	7900	
2501	143	ok	|	0.10	1.00	1.00	0.11	0.05	0	|	rapi	0.10	0.11	0	|	99.0	0.11(99)	0.11(99)	|	7900	
2501	144	ok	|	0.10	1.00	1.00	0.10	0.05	0	|	rapi	0.10	0.10	0	|	99.0	0.10(99)	0.10(99)	|	7900	
2501	145	ok	|	0.08	1.00	1.00	0.08	0.04	0	|	rapi	0.08	0.08	0	|	99.0	0.08(99)	0.08(99)	|	7900	
2501	146	ok	|	0.08	1.00	1.00	0.08	0.04	0	|	rapi	0.08	0.08	0	|	99.0	0.08(99)	0.08(99)	|	7900	
2501	147	ok	|	0.07	1.00	1.00	0.08	0.04	0	|	rapi	0.07	0.08	0	|	99.0	0.08(99)	0.08(99)	|	7900	
2501	148	ok	|	0.07	1.00	1.00	0.07	0.03	0	|	rapi	0.07	0.07	0	|	99.0	0.07(99)	0.07(99)	|	7900	
2501	149	ok	|	0.07	1.00	1.00	0.07	0.04	0	|	rapi	0.07	0.07	0	|	99.0	0.07(99)	0.07(99)	|	7900	
2501	150	ok	|	0.07	1.00	1.00	0.07	0.03	0	|	rapi	0.07	0.07	0	|	99.0	0.07(99)	0.07(99)	|	7900	
2501	151	ok	|	0.07	1.00	1.00	0.07	0.04	0	|	rapi	0.07	0.07	0	|	99.0	0.07(99)	0.07(99)	|	7900	
2501	152	ok	|	0.07	1.00	1.00	0.07	0.04	0	|	rapi	0.07	0.07	0	|	99.0	0.07(99)	0.07(99)	|	7900	
2501	153	ok	|	0.07	1.00	1.00	0.08	0.04	0	|	rapi	0.07	0.08	0	|	99.0	0.08(99)	0.08(99)	|	7900	
2501	154	ok	|	0.10	1.00	1.00	0.10	0.05	0	|	rapi	0.10	0.10	0	|	99.0	0.10(99)	0.10(99)	|	7900	
2501	155	ok	|	0.07	1.00	1.00	0.08	0.04	0	|	rapi	0.07	0.08	0	|	99.0	0.08(99)	0.08(99)	|	7900	
2501	156	ok	|	0.08	1.00	1.00	0.08	0.04	0	|	rapi	0.08	0.08	0	|	99.0	0.08(99)	0.08(99)	|	7900	
2501	157	ok	|	0.07	1.00	1.00	0.08	0.04	0	|	rapi	0.07	0.08	0	|	99.0	0.08(99)	0.08(99)	|	7900	
2501	158	ok	|	0.06	1.00	1.00	0.06	0.03	0	|	rapi	0.06	0.06	0	|	99.0	0.06(99)	0.06(99)	|	7900	
2501	159	ok	|	0.05	1.00	1.00	0.05	0.03	0	|	rapi	0.05	0.05	0	|	99.0	0.05(99)	0.05(99)	|	7900	
2501	160	ok	|	0.05	1.00	1.00	0.05	0.02	0	|	rapi	0.05	0.05	0	|	99.0	0.05(99)	0.05(99)	|	7900	
2501	161	ok	|	0.05	1.00	1.00	0.05	0.02	0	|	rapi	0.05	0.05	0	|	99.0	0.05(99)	0.05(99)	|	7900	
2501	162	ok	|	0.03	1.00	1.00	0.03	0.02	0	|	rapi	0.03	0.03	0	|	99.0	0.03(99)	0.03(99)	|	7900	
2501	163	ok	|	0.04	1.00	1.00	0.04	0.02	0	|	rapi	0.04	0.04	0	|	99.0	0.04(99)	0.04(99)	|	7900	
2501	164	ok	|	0.04	1.00	1.00	0.04	0.02	0	|	rapi	0.04	0.04	0	|	99.0	0.04(99)	0.04(99)	|	7900	
2501	165	ok	|	0.04	1.00	1.00	0.04	0.02	0	|	rapi	0.04	0.04	0	|	99.0	0.04(99)	0.04(99)	|	7900	
2501	166	ok	|	0.05	1.00	1.00	0.05	0.03	0	|	rapi	0.05	0.05	0	|	99.0	0.05(99)	0.05(99)	|	7900	
2501	167	ok	|	0.05	1.00	1.00	0.05	0.03	0	|	rapi	0.05	0.05	0	|	99.0	0.05(99)	0.05(99)	|	7900	
2501	168	ok	|	0.04	1.00	1.00	0.04	0.02	0	|	rapi	0.04	0.04	0	|	99.0	0.04(99)	0.04(99)	|	7900	
2501	169	ok	|	0.04	1.00	1.00	0.04	0.02	0	|	rapi	0.04	0.04	0	|	99.0	0.04(99)	0.04(99)	|	7900	
2501	170	ok	|	0.04	1.00	1.00	0.04	0.02	0	|	rapi	0.04	0.04	0	|	99.0	0.04(99)	0.04(99)	|	7900	
2501	171	ok	|	0.04	1.00	1.00	0.04	0.02	0	|	rapi	0.04	0.04	0	|	99.0	0.04(99)	0.04(99)	|	7900	
2501	172	ok	|	0.04	1.00	1.00	0.04	0.02	0	|	rapi	0.04	0.04	0	|	99.0	0.04(99)	0.04(99)	|	7900	
2501	173	ok	|	0.04	1.00	1.00	0.04	0.02	0	|	rapi	0.04	0.04	0	|	99.0	0.04(99)	0.04(99)	|	7900	
2501	174	ok	|	0.04	1.00	1.00	0.04	0.02	0	|	rapi	0.04	0.04	0	|	99.0	0.04(99)	0.04(99)	|	7900	
2501	175	ok	|	0.04	1.00	1.00	0.04	0.02	0	|	rapi	0.04	0.04	0	|	99.0	0.04(99)	0.04(99)	|	7900	
2501	176	ok	|	0.05	1.00	1.00	0.05	0.02	0	|	rapi	0.05	0.05	0	|	99.0	0.05(99)	0.05(99)	|	7900	
2501	177	ok	|	0.06	1.00	1.00	0.06	0.03	0	|	rapi	0.06	0.06	0	|	99.0	0.06(99)	0.06(99)	|	7900	
2501	178	ok	|	0.05	1.00	1.00	0.06	0.03	0	|	rapi	0.05	0.06	0	|	99.0	0.06(99)	0.06(99)	|	7900	
2501	179	ok	|	0.06	1.00	1.00	0.06	0.03	0	|	rapi	0.06	0.06	0	|	99.0	0.06(99)	0.06(99)	|	7900	
2501	180	ok	|	0.06	1.00	1.00	0.06	0.03	0	|	rapi	0.06	0.06	0	|	99.0	0.06(99)	0.06(99)	|	7900	
2501	181	ok	|	0.06	1.00	1.00	0.06	0.03	0	|	rapi	0.06	0.06	0	|	99.0	0.06(99)	0.06(99)	|	7900	
2501	182	ok	|	0.05	1.00	1.00	0.05	0.03	0	|	rapi	0.05	0.05	0	|	99.0	0.05(99)	0.05(99)	|	7900	
2501	183	ok	|	0.05	1.00	1.00	0.05	0.02	0	|	rapi	0.05	0.05	0	|	99.0	0.05(99)	0.05(99)	|	7900	
2501	184	ok	|	0.04	1.00	1.00	0.04	0.02	0	|	rapi	0.04	0.04	0	|	99.0	0.04(99)	0.04(99)	|	7900	
2501	185	ok	|	0.04	1.00	1.00	0.04	0.02	0	|	rapi	0.04	0.04	0	|	99.0	0.04(99)	0.04(99)	|	7900	
2501	186	ok	|	0.04	1.00	1.00	0.04	0.02	0	|	rapi	0.04	0.04	0	|	99.0	0.04(99)	0.04(99)	|	7900	
2501	187	ok	|	0.04	1.00	1.00	0.04	0.02	0	|	rapi	0.04	0.04	0	|	99.0	0.04(99)	0.04(99)	|	7900	
2501	188	ok	|	0.04	1.00	1.00	0.04	0.02	0	|	rapi	0.04	0.04	0	|	99.0	0.04(99)	0.04(99)	|	7900	
2501	189	ok	|	0.04	1.00	1.00	0.04	0.02	0	|	rapi	0.04	0.04	0	|	99.0	0.04(99)	0.04(99)	|	7900	
2501	190	ok	|	0.05	1.00	1.00	0.05	0.02	0	|	rapi	0.05	0.05	0	|	99.0	0.05(99)	0.05(99)	|	7900	
2501	191	ok	|	0.05	1.00	1.00	0.05	0.02	0	|	rapi	0.05	0.05	0	|	99.0	0.05(99)	0.05(99)	|	7900	
2501	192	ok	|	0.04	1.00	1.00	0.04	0.02	0	|	rapi	0.04	0.04	0	|	99.0	0.04(99)	0.04(99)	|	7900	
2501	193	ok	|	0.04	1.00	1.00	0.04	0.02	0	|	rapi	0.04	0.04	0	|	99.0	0.04(99)	0.04(99)	|	7900	
2501	194	ok	|	0.04	1.00	1.00	0.04	0.02	0	|	rapi	0.04	0.04	0	|	99.0	0.04(99)	0.04(99)	|	7900	
2501	195	ok	|	0.04	1.00	1.00	0.04	0.02	0	|	rapi	0.04	0.04	0	|	99.0	0.04(99)	0.04(99)	|	7900	
2501	196	ok	|	0.04	1.00	1.00	0.04	0.02	0	|	rapi	0.04	0.04	0	|	99.0	0.04(99)	0.04(99)	|	7900	
2501	197	ok	|	0.05	1.00	1.00	0.05	0.02	0	|	rapi	0.05	0.05	0	|	99.0	0.05(99)	0.05(99)	|	7900	
2501	198	ok	|	0.06	1.00	1.00	0.06	0.03	0	|	rapi	0.06	0.06	0	|	99.0	0.06(99)	0.06(99)	|	7900	
2501	199	ok	|	0.06	1.00	1.00	0.06	0.03	0	|	rapi	0.06	0.06	0	|	99.0	0.06(99)	0.06(99)	|	7900	
2501	200	ok	|	0.05	1.00	1.00	0.05	0.03	0	|	rapi	0.05	0.05	0	|	99.0	0.05(99)	0.05(99)	|	7900	
2501	201	ok	|	0.05	1.00	1.00	0.05	0.03	0	|	rapi	0.05	0.05	0	|	99.0	0.05(99)	0.05(99)	|	7900	
2501	202	ok	|	0.05	1.00	1.00	0.05	0.03	0	|	rapi	0.05	0.05	0	|	99.0	0.05(99)	0.05(99)	|	7900	
2501	203	ok	|	0.05	1.00	1.00	0.05	0.02	0	|	rapi	0.05	0.05	0	|	99.0	0.05(99)	0.05(99)	|	7900	
2501	204	ok	|	0.05	1.00	1.00	0.05	0.02	0	|	rapi	0.05	0.05	0	|	99.0	0.05(99)	0.05(99)	|	7900	
2501	205	ok	|	0.05	1.00	1.00	0.05	0.02	0	|	rapi	0.05	0.05	0	|	99.0	0.05(99)	0.05(99)	|	7900	
2501	206	ok	|	0.05	1.00	1.00	0.05	0.02	0	|	rapi	0.05	0.05	0	|	99.0	0.05(99)	0.05(99)	|	7900	
2501	207	ok	|	0.04	1.00	1.00	0.04	0.02	0	|	rapi	0.04	0.04	0	|	99.0	0.04(99)	0.04(99)	|	7900	
2501	208	ok	|	0.04	1.00	1.00	0.04	0.02	0	|	rapi	0.04	0.04	0	|	99.0	0.04(99)	0.04(99)	|	7900	
2501	209	ok	|	0.04	1.00	1.00	0.04	0.02	0	|	rapi	0.04	0.04	0	|	99.0	0.04(99)	0.04(99)	|	7900	
2501	210	ok	|	0.04	1.00	1.00	0.04	0.02	0	|	rapi	0.04	0.04	0	|	99.0	0.04(99)	0.04(99)	|	7900	
2501	211	ok	|	0.04	1.00	1.00	0.04	0.02	0	|	rapi	0.04	0.04	0	|	99.0	0.04(99)	0.04(99)	|	7900	
2501	212	ok	|	0.04	1.00	1.00	0.04	0.02	0	|	rapi	0.04	0.04	0	|	99.0	0.04(99)	0.04(99)	|	7900	
2501	213	ok	|	0.04	1.00	1.00	0.04	0.02	0	|	rapi	0.04	0.04	0	|	99.0	0.04(99)	0.04(99)	|	7900	
2501	214	ok	|	0.03	1.00	1.00	0.03	0.02	0	|	rapi	0.03	0.03	0	|	99.0	0.03(99)	0.03(99)	|	7900	
2501	215	ok	|	0.04	1.00	1.00	0.04	0.02	0	|	rapi	0.04	0.04	0	|	99.0	0.04(99)	0.04(99)	|	7900	
2501	216	ok	|	0.04	1.00	1.00	0.04	0.02	0	|	rapi	0.04	0.04	0	|	99.0	0.04(99)	0.04(99)	|	7900	
2501	217	ok	|	0.04	1.00	1.00	0.04	0.02	0	|	rapi	0.04	0.04	0	|	99.0	0.04(99)	0.04(99)	|	7900	
2501	218	ok	|	0.04	1.00	1.00	0.04	0.02	0	|	rapi	0.04	0.04	0	|	99.0	0.04(99)	0.04(99)	|	7900	
2501	219	ok	|	0.04	1.00	1.00	0.04	0.02	0	|	rapi	0.04	0.04	0	|	99.0	0.04(99)	0.04(99)	|	7900	
2501	220	ok	|	0.05	1.00	1.00	0.05	0.02	0	|	rapi	0.05	0.05	0	|	99.0	0.05(99)	0.05(99)	|	7900	
2501	221	ok	|	0.05	1.00	1.00	0.05	0.02	0	|	rapi	0.05	0.05	0	|	99.0	0.05(99)	0.05(99)	|	7900	
2501	222	ok	|	0.03	1.00	1.00	0.03	0.02	0	|	rapi	0.03	0.03	0	|	99.0	0.03(99)	0.03(99)	|	7900	
2501	223	ok	|	0.04	1.00	1.00	0.04	0.02	0	|	rapi	0.04	0.04	0	|	99.0	0.04(99)	0.04(99)	|	7900	
2501	224	ok	|	0.05	1.00	1.00	0.05	0.02	0	|	rapi	0.05	0.05	0	|	99.0	0.05(99)	0.05(99)	|	7900	
2501	225	ok	|	0.06	1.00	1.00	0.06	0.03	0	|	rapi	0.06	0.06	0	|	99.0	0.06(99)	0.06(99)	|	7900	
2501	226	ok	|	0.05	1.00	1.00	0.05	0.03	0	|	rapi	0.05	0.05	0	|	99.0	0.05(99)	0.05(99)	|	7900	
2501	227	ok	|	0.04	1.00	1.00	0.04	0.02	0	|	rapi	0.04	0.04	0	|	99.0	0.04(99)	0.04(99)	|	7900	
2501	228	ok	|	0.04	1.00	1.00	0.04	0.02	0	|	rapi	0.04	0.04	0	|	99.0	0.04(99)	0.04(99)	|	7900	
2501	229	ok	|	0.04	1.00	1.00	0.04	0.02	0	|	rapi	0.04	0.04	0	|	99.0	0.04(99)	0.04(99)	|	7900	
2501	230	ok	|	0.04	1.00	1.00	0.04	0.02	0	|	rapi	0.04	0.04	0	|	99.0	0.04(99)	0.04(99)	|	7900	
2501	231	ok	|	0.04	1.00	1.00	0.04	0.02	0	|	rapi	0.04	0.04	0	|	99.0	0.04(99)	0.04(99)	|	7900	
2501	232	ok	|	0.04	1.00	1.00	0.04	0.02	0	|	rapi	0.04	0.04	0	|	99.0	0.04(99)	0.04(99)	|	7900	
2501	233	ok	|	0.04	1.00	1.00	0.04	0.02	0	|	rapi	0.04	0.04	0	|	99.0	0.04(99)	0.04(99)	|	7900	
2501	234	ok	|	0.04	1.00	1.00	0.04	0.02	0	|	rapi	0.04	0.04	0	|	99.0	0.04(99)	0.04(99)	|	7900	
2501	235	ok	|	0.04	1.00	1.00	0.04	0.02	0	|	rapi	0.04	0.04	0	|	99.0	0.04(99)	0.04(99)	|	7900	
2501	236	ok	|	0.05	1.00	1.00	0.05	0.02	0	|	rapi	0.05	0.05	0	|	99.0	0.05(99)	0.05(99)	|	7900	
2501	237	ok	|	0.04	1.00	1.00	0.04	0.02	0	|	rapi	0.04	0.04	0	|	99.0	0.04(99)	0.04(99)	|	7900	
2501	238	ok	|	0.03	1.00	1.00	0.03	0.02	0	|	rapi	0.03	0.03	0	|	99.0	0.03(99)	0.03(99)	|	7900	
2501	239	ok	|	0.03	1.00	1.00	0.03	0.01	0	|	rapi	0.03	0.03	0	|	99.0	0.03(99)	0.03(99)	|	7900	
2501	240	ok	|	0.03	1.00	1.00	0.03	0.01	0	|	rapi	0.03	0.03	0	|	99.0	0.03(99)	0.03(99)	|	7900	
2501	241	ok	|	0.03	1.00	1.00	0.03	0.01	0	|	rapi	0.03	0.03	0	|	99.0	0.03(99)	0.03(99)	|	7900	
2501	242	ok	|	0.02	1.00	1.00	0.02	0.01	0	|	rapi	0.02	0.02	0	|	99.0	0.02(99)	0.02(99)	|	7900	
2501	243	ok	|	0.02	1.00	1.00	0.02	0.01	0	|	rapi	0.02	0.02	0	|	99.0	0.02(99)	0.02(99)	|	7900	
2501	244	ok	|	0.02	1.00	1.00	0.02	0.01	0	|	rapi	0.02	0.02	0	|	99.0	0.02(99)	0.02(99)	|	7900	
2501	245	ok	|	0.01	1.00	1.00	0.01	0.01	0	|	rapi	0.01	0.01	0	|	99.0	0.01(99)	0.01(99)	|	7900	
2501	246	ok	|	0.01	1.00	1.00	0.01	0.01	0	|	rapi	0.01	0.01	0	|	99.0	0.01(99)	0.01(99)	|	7900	
2501	247	ok	|	0.01	1.00	1.00	0.01	0.01	0	|	rapi	0.01	0.01	0	|	99.0	0.01(99)	0.01(99)	|	7900	
2501	248	ok	|	0.02	1.00	1.00	0.02	0.01	0	|	rapi	0.02	0.02	0	|	99.0	0.02(99)	0.02(99)	|	7900	
2501	249	ok	|	0.03	1.00	1.00	0.03	0.01	0	|	rapi	0.03	0.03	0	|	99.0	0.03(99)	0.03(99)	|	7900	
2501	250	ok	|	0.02	1.00	1.00	0.02	0.01	0	|	rapi	0.02	0.02	0	|	99.0	0.02(99)	0.02(99)	|	7900	
2501	251	ok	|	0.03	1.00	1.00	0.03	0.01	0	|	rapi	0.03	0.03	0	|	99.0	0.03(99)	0.03(99)	|	7900	
2501	252	ok	|	0.02	1.00	1.00	0.02	0.01	0	|	rapi	0.02	0.02	0	|	99.0	0.02(99)	0.02(99)	|	7900	
2501	253	ok	|	0.03	1.00	1.00	0.03	0.01	0	|	rapi	0.03	0.03	0	|	99.0	0.03(99)	0.03(99)	|	7900	
2501	254	ok	|	0.03	1.00	1.00	0.03	0.01	0	|	rapi	0.03	0.03	0	|	99.0	0.03(99)	0.03(99)	|	7900	
2501	255	ok	|	0.03	1.00	1.00	0.03	0.01	0	|	rapi	0.03	0.03	0	|	99.0	0.03(99)	0.03(99)	|	7900	
2501	256	ok	|	0.02	1.00	1.00	0.02	0.01	0	|	rapi	0.02	0.02	0	|	99.0	0.02(99)	0.02(99)	|	7900	
2501	257	ok	|	0.02	1.00	1.00	0.02	0.01	0	|	rapi	0.02	0.02	0	|	99.0	0.02(99)	0.02(99)	|	7900	
2501	258	ok	|	0.02	1.00	1.00	0.02	0.01	0	|	rapi	0.02	0.02	0	|	99.0	0.02(99)	0.02(99)	|	7900	
2501	259	ok	|	0.01	1.00	1.00	0.01	0.01	0	|	rapi	0.01	0.01	0	|	99.0	0.01(99)	0.01(99)	|	7900	
2501	260	ok	|	0.01	1.00	1.00	0.01	0.01	0	|	rapi	0.01	0.01	0	|	99.0	0.01(99)	0.01(99)	|	7900	
2501	261	ok	|	0.01	1.00	1.00	0.01	0.01	0	|	rapi	0.01	0.01	0	|	99.0	0.01(99)	0.01(99)	|	7900	
2501	262	ok	|	0.01	1.00	1.00	0.01	0.00	0	|	rapi	0.01	0.01	0	|	99.0	0.01(99)	0.01(99)	|	7900	
2501	263	ok	|	0.01	1.00	1.00	0.01	0.00	0	|	rapi	0.01	0.01	0	|	99.0	0.01(99)	0.01(99)	|	7900	
2501	264	ok	|	0.01	1.00	1.00	0.01	0.00	0	|	rapi	0.01	0.01	0	|	99.0	0.01(99)	0.01(99)	|	7900	
2501	265	ok	|	0.01	1.00	1.00	0.01	0.01	0	|	rapi	0.01	0.01	0	|	99.0	0.01(99)	0.01(99)	|	7900	
2501	266	ok	|	0.01	1.00	1.00	0.01	0.01	0	|	rapi	0.01	0.01	0	|	99.0	0.01(99)	0.01(99)	|	7900	
2501	267	ok	|	0.01	1.00	1.00	0.01	0.01	0	|	rapi	0.01	0.01	0	|	99.0	0.01(99)	0.01(99)	|	7900	
2501	268	ok	|	0.01	1.00	1.00	0.01	0.00	0	|	rapi	0.01	0.01	0	|	99.0	0.01(99)	0.01(99)	|	7900	
2501	269	ok	|	0.01	1.00	1.00	0.01	0.00	0	|	rapi	0.01	0.01	0	|	99.0	0.01(99)	0.01(99)	|	7900	
2501	270	ok	|	0.01	1.00	1.00	0.01	0.01	0	|	rapi	0.01	0.01	0	|	99.0	0.01(99)	0.01(99)	|	7900	
2501	271	ok	|	0.01	1.00	1.00	0.01	0.00	0	|	rapi	0.01	0.01	0	|	99.0	0.01(99)	0.01(99)	|	7900	
2501	272	ok	|	0.01	1.00	1.00	0.01	0.00	0	|	rapi	0.01	0.01	0	|	99.0	0.01(99)	0.01(99)	|	7900	
2501	273	ok	|	0.01	1.00	1.00	0.01	0.00	0	|	rapi	0.01	0.01	0	|	99.0	0.01(99)	0.01(99)	|	7900	
2501	274	ok	|	0.01	1.00	1.00	0.01	0.00	0	|	rapi	0.01	0.01	0	|	99.0	0.01(99)	0.01(99)	|	7900	
2501	275	ok	|	0.01	1.00	1.00	0.01	0.01	0	|	rapi	0.01	0.01	0	|	99.0	0.01(99)	0.01(99)	|	7900	
2501	276	ok	|	0.02	1.00	1.00	0.02	0.01	0	|	rapi	0.02	0.02	0	|	99.0	0.02(99)	0.02(99)	|	7900	
2501	277	ok	|	0.01	1.00	1.00	0.01	0.01	0	|	rapi	0.01	0.01	0	|	99.0	0.01(99)	0.01(99)	|	7900	
2501	278	ok	|	0.01	1.00	1.00	0.01	0.00	0	|	rapi	0.01	0.01	0	|	99.0	0.01(99)	0.01(99)	|	7900	
2501	279	ok	|	0.01	1.00	1.00	0.01	0.00	0	|	rapi	0.01	0.01	0	|	99.0	0.01(99)	0.01(99)	|	7900	
2501	280	ok	|	0.01	1.00	1.00	0.01	0.00	0	|	rapi	0.01	0.01	0	|	99.0	0.01(99)	0.01(99)	|	7900	
2501	281	ok	|	0.01	1.00	1.00	0.01	0.01	0	|	rapi	0.01	0.01	0	|	99.0	0.01(99)	0.01(99)	|	7900	
2501	282	ok	|	0.02	1.00	1.00	0.02	0.01	0	|	rapi	0.02	0.02	0	|	99.0	0.02(99)	0.02(99)	|	7900	
2501	283	ok	|	0.02	1.00	1.00	0.02	0.01	0	|	rapi	0.02	0.02	0	|	99.0	0.02(99)	0.02(99)	|	7900	
2501	284	ok	|	0.02	1.00	1.00	0.02	0.01	0	|	rapi	0.02	0.02	0	|	99.0	0.02(99)	0.02(99)	|	7900	
2501	285	ok	|	0.02	1.00	1.00	0.02	0.01	0	|	rapi	0.02	0.02	0	|	99.0	0.02(99)	0.02(99)	|	7900	
2501	286	ok	|	0.02	1.00	1.00	0.02	0.01	0	|	rapi	0.02	0.02	0	|	99.0	0.02(99)	0.02(99)	|	7900	
2501	287	ok	|	0.03	1.00	1.00	0.03	0.01	0	|	rapi	0.03	0.03	0	|	99.0	0.03(99)	0.03(99)	|	7900	
2501	288	ok	|	0.02	1.00	1.00	0.02	0.01	0	|	rapi	0.02	0.02	0	|	99.0	0.02(99)	0.02(99)	|	7900	
2501	289	ok	|	0.03	1.00	1.00	0.03	0.01	0	|	rapi	0.03	0.03	0	|	99.0	0.03(99)	0.03(99)	|	7900	
2501	290	ok	|	0.03	1.00	1.00	0.03	0.01	0	|	rapi	0.03	0.03	0	|	99.0	0.03(99)	0.03(99)	|	7900	
2501	291	ok	|	0.02	1.00	1.00	0.02	0.01	0	|	rapi	0.02	0.02	0	|	99.0	0.02(99)	0.02(99)	|	7900	
2501	292	ok	|	0.02	1.00	1.00	0.02	0.01	0	|	rapi	0.02	0.02	0	|	99.0	0.02(99)	0.02(99)	|	7900	
2501	293	ok	|	0.02	1.00	1.00	0.02	0.01	0	|	rapi	0.02	0.02	0	|	99.0	0.02(99)	0.02(99)	|	7900	
2501	294	ok	|	0.02	1.00	1.00	0.02	0.01	0	|	rapi	0.02	0.02	0	|	99.0	0.02(99)	0.02(99)	|	7900	
2501	295	ok	|	0.01	1.00	1.00	0.01	0.01	0	|	rapi	0.01	0.01	0	|	99.0	0.01(99)	0.01(99)	|	7900	
2501	296	ok	|	0.01	1.00	1.00	0.01	0.01	0	|	rapi	0.01	0.01	0	|	99.0	0.01(99)	0.01(99)	|	7900	
2501	297	ok	|	0.01	1.00	1.00	0.01	0.01	0	|	rapi	0.01	0.01	0	|	99.0	0.01(99)	0.01(99)	|	7900	
2501	298	ok	|	0.01	1.00	1.00	0.01	0.01	0	|	rapi	0.01	0.01	0	|	99.0	0.01(99)	0.01(99)	|	7900	
2501	299	ok	|	0.01	1.00	1.00	0.01	0.00	0	|	rapi	0.01	0.01	0	|	99.0	0.01(99)	0.01(99)	|	7900	
2501	300	ok	|	0.01	1.00	1.00	0.01	0.01	0	|	rapi	0.01	0.01	0	|	99.0	0.01(99)	0.01(99)	|	7900	
2501	301	ok	|	0.01	1.00	1.00	0.01	0.01	0	|	rapi	0.01	0.01	0	|	99.0	0.01(99)	0.01(99)	|	7900	
2501	302	ok	|	0.01	1.00	1.00	0.01	0.01	0	|	rapi	0.01	0.01	0	|	99.0	0.01(99)	0.01(99)	|	7900	
2501	303	ok	|	0.02	1.00	1.00	0.02	0.01	0	|	rapi	0.02	0.02	0	|	99.0	0.02(99)	0.02(99)	|	7900	
2501	304	ok	|	0.03	1.00	1.00	0.03	0.01	0	|	rapi	0.03	0.03	0	|	99.0	0.03(99)	0.03(99)	|	7900	
2501	305	ok	|	0.03	1.00	1.00	0.03	0.02	0	|	rapi	0.03	0.03	0	|	99.0	0.03(99)	0.03(99)	|	7900	
2501	306	ok	|	0.04	1.00	1.00	0.04	0.02	0	|	rapi	0.04	0.04	0	|	99.0	0.04(99)	0.04(99)	|	7900	
2501	307	ok	|	0.03	1.00	1.00	0.03	0.02	0	|	rapi	0.03	0.03	0	|	99.0	0.03(99)	0.03(99)	|	7900	
2501	308	ok	|	0.04	1.00	1.00	0.04	0.02	0	|	rapi	0.04	0.04	0	|	99.0	0.04(99)	0.04(99)	|	7900	
2501	309	ok	|	0.04	1.00	1.00	0.04	0.02	0	|	rapi	0.04	0.04	0	|	99.0	0.04(99)	0.04(99)	|	7900	
2501	310	ok	|	0.04	1.00	1.00	0.04	0.02	0	|	rapi	0.04	0.04	0	|	99.0	0.04(99)	0.04(99)	|	7900	
2501	311	ok	|	0.04	1.00	1.00	0.04	0.02	0	|	rapi	0.04	0.04	0	|	99.0	0.04(99)	0.04(99)	|	7900	
2501	312	ok	|	0.03	1.00	1.00	0.03	0.02	0	|	rapi	0.03	0.03	0	|	99.0	0.03(99)	0.03(99)	|	7900	
2501	313	ok	|	0.03	1.00	1.00	0.03	0.01	0	|	rapi	0.03	0.03	0	|	99.0	0.03(99)	0.03(99)	|	7900	
2501	314	ok	|	0.03	1.00	1.00	0.03	0.02	0	|	rapi	0.03	0.03	0	|	99.0	0.03(99)	0.03(99)	|	7900	
2501	315	ok	|	0.03	1.00	1.00	0.04	0.02	0	|	rapi	0.03	0.04	0	|	99.0	0.04(99)	0.04(99)	|	7900	
2501	316	ok	|	0.03	1.00	1.00	0.03	0.01	0	|	rapi	0.03	0.03	0	|	99.0	0.03(99)	0.03(99)	|	7900	
2501	317	ok	|	0.03	1.00	1.00	0.03	0.02	0	|	rapi	0.03	0.03	0	|	99.0	0.03(99)	0.03(99)	|	7900	
2501	318	ok	|	0.04	1.00	1.00	0.04	0.02	0	|	rapi	0.04	0.04	0	|	99.0	0.04(99)	0.04(99)	|	7900	
2501	319	ok	|	0.03	1.00	1.00	0.03	0.02	0	|	rapi	0.03	0.03	0	|	99.0	0.03(99)	0.03(99)	|	7900	
2501	320	ok	|	0.03	1.00	1.00	0.03	0.01	0	|	rapi	0.03	0.03	0	|	99.0	0.03(99)	0.03(99)	|	7900	
2501	321	ok	|	0.02	1.00	1.00	0.02	0.01	0	|	rapi	0.02	0.02	0	|	99.0	0.02(99)	0.02(99)	|	7900	
2501	322	ok	|	0.02	1.00	1.00	0.02	0.01	0	|	rapi	0.02	0.02	0	|	99.0	0.02(99)	0.02(99)	|	7900	
2501	323	ok	|	0.03	1.00	1.00	0.03	0.02	0	|	rapi	0.03	0.03	0	|	99.0	0.03(99)	0.03(99)	|	7900	
2501	324	ok	|	0.03	1.00	1.00	0.03	0.01	0	|	rapi	0.03	0.03	0	|	99.0	0.03(99)	0.03(99)	|	7900	
2501	325	ok	|	0.03	1.00	1.00	0.03	0.02	0	|	rapi	0.03	0.03	0	|	99.0	0.03(99)	0.03(99)	|	7900	
2501	326	ok	|	0.03	1.00	1.00	0.03	0.01	0	|	rapi	0.03	0.03	0	|	99.0	0.03(99)	0.03(99)	|	7900	
2501	327	ok	|	0.03	1.00	1.00	0.03	0.01	0	|	rapi	0.03	0.03	0	|	99.0	0.03(99)	0.03(99)	|	7900	
2501	328	ok	|	0.03	1.00	1.00	0.03	0.01	0	|	rapi	0.03	0.03	0	|	99.0	0.03(99)	0.03(99)	|	7900	
2501	329	ok	|	0.02	1.00	1.00	0.02	0.01	0	|	rapi	0.02	0.02	0	|	99.0	0.02(99)	0.02(99)	|	7900	
2501	330	ok	|	0.02	1.00	1.00	0.02	0.01	0	|	rapi	0.02	0.02	0	|	99.0	0.02(99)	0.02(99)	|	7900	
2501	331	ok	|	0.01	1.00	1.00	0.01	0.01	0	|	rapi	0.01	0.01	0	|	99.0	0.01(99)	0.01(99)	|	7900	
2501	332	ok	|	0.01	1.00	1.00	0.01	0.01	0	|	rapi	0.01	0.01	0	|	99.0	0.01(99)	0.01(99)	|	7900	
2501	333	ok	|	0.01	1.00	1.00	0.01	0.01	0	|	rapi	0.01	0.01	0	|	99.0	0.01(99)	0.01(99)	|	7900	
2501	334	ok	|	0.01	1.00	1.00	0.01	0.00	0	|	rapi	0.01	0.01	0	|	99.0	0.01(99)	0.01(99)	|	7900	
2501	335	ok	|	0.01	1.00	1.00	0.01	0.01	0	|	rapi	0.01	0.01	0	|	99.0	0.01(99)	0.01(99)	|	7900	
2501	336	ok	|	0.01	1.00	1.00	0.01	0.01	0	|	rapi	0.01	0.01	0	|	99.0	0.01(99)	0.01(99)	|	7900	
2501	337	ok	|	0.02	1.00	1.00	0.02	0.01	0	|	rapi	0.02	0.02	0	|	99.0	0.02(99)	0.02(99)	|	7900	
2501	338	ok	|	0.03	1.00	1.00	0.03	0.01	0	|	rapi	0.03	0.03	0	|	99.0	0.03(99)	0.03(99)	|	7900	
2501	339	ok	|	0.02	1.00	1.00	0.02	0.01	0	|	rapi	0.02	0.02	0	|	99.0	0.02(99)	0.02(99)	|	7900	
2501	340	ok	|	0.02	1.00	1.00	0.02	0.01	0	|	rapi	0.02	0.02	0	|	99.0	0.02(99)	0.02(99)	|	7900	
2501	341	ok	|	0.02	1.00	1.00	0.02	0.01	0	|	rapi	0.02	0.02	0	|	99.0	0.02(99)	0.02(99)	|	7900	
2501	342	ok	|	0.01	1.00	1.00	0.01	0.01	0	|	rapi	0.01	0.01	0	|	99.0	0.01(99)	0.01(99)	|	7900	
2501	343	ok	|	0.01	1.00	1.00	0.01	0.01	0	|	rapi	0.01	0.01	0	|	99.0	0.01(99)	0.01(99)	|	7900	
2501	344	ok	|	0.01	1.00	1.00	0.01	0.01	0	|	rapi	0.01	0.01	0	|	99.0	0.01(99)	0.01(99)	|	7900	
2501	345	ok	|	0.02	1.00	1.00	0.02	0.01	0	|	rapi	0.02	0.02	0	|	99.0	0.02(99)	0.02(99)	|	7900	
2501	346	ok	|	0.02	1.00	1.00	0.02	0.01	0	|	rapi	0.02	0.02	0	|	99.0	0.02(99)	0.02(99)	|	7900	
2501	347	ok	|	0.01	1.00	1.00	0.01	0.01	0	|	rapi	0.01	0.01	0	|	99.0	0.01(99)	0.01(99)	|	7900	
2501	348	ok	|	0.01	1.00	1.00	0.01	0.01	0	|	rapi	0.01	0.01	0	|	99.0	0.01(99)	0.01(99)	|	7900	
2501	349	ok	|	0.01	1.00	1.00	0.01	0.00	0	|	rapi	0.01	0.01	0	|	99.0	0.01(99)	0.01(99)	|	7900	
2501	350	ok	|	0.00	1.00	1.00	0.00	0.00	0	|	rapi	0.00	0.00	0	|	99.0	0.00(99)	0.00(99)	|	7900	
2501	351	ok	|	0.00	1.00	1.00	0.00	0.00	0	|	rapi	0.00	0.00	0	|	99.0	0.00(99)	0.00(99)	|	7900	
2501	352	ok	|	0.00	1.00	1.00	0.00	0.00	0	|	rapi	0.00	0.00	0	|	99.0	0.00(99)	0.00(99)	|	7900	
2501	353	ok	|	0.01	1.00	1.00	0.01	0.00	0	|	rapi	0.01	0.01	0	|	99.0	0.01(99)	0.01(99)	|	7900	
2501	354	ok	|	0.00	1.00	1.00	0.00	0.00	0	|	rapi	0.00	0.00	0	|	99.0	0.00(99)	0.00(99)	|	7900	
2501	355	ok	|	0.00	1.00	1.00	0.00	0.00	0	|	rapi	0.00	0.00	0	|	99.0	0.00(99)	0.00(99)	|	7900	
2501	356	ok	|	0.00	1.00	1.00	0.00	0.00	0	|	rapi	0.00	0.00	0	|	99.0	0.00(99)	0.00(99)	|	7900	
2501	357	ok	|	0.00	1.00	1.00	0.00	0.00	0	|	rapi	0.00	0.00	0	|	99.0	0.00(99)	0.00(99)	|	7900	
2501	358	ok	|	0.00	1.00	1.00	0.00	0.00	0	|	rapi	0.00	0.00	0	|	99.0	0.00(99)	0.00(99)	|	7900	
2501	359	ok	|	0.00	1.00	1.00	0.00	0.00	0	|	rapi	0.00	0.00	0	|	99.0	0.00(99)	0.00(99)	|	7900	
2501	360	ok	|	0.00	1.00	1.00	0.00	0.00	0	|	rapi	0.00	0.00	0	|	99.0	0.00(99)	0.00(99)	|	7900	
2501	361	ok	|	0.00	1.00	1.00	0.00	0.00	0	|	rapi	0.00	0.00	0	|	99.0	0.00(99)	0.00(99)	|	7900	
2501	362	ok	|	0.00	1.00	1.00	0.00	0.00	0	|	rapi	0.00	0.00	0	|	99.0	0.00(99)	0.00(99)	|	7900	
2501	363	ok	|	0.00	1.00	1.00	0.00	0.00	0	|	rapi	0.00	0.00	0	|	99.0	0.00(99)	0.00(99)	|	7900	
2501	364	ok	|	0.00	1.00	1.00	0.00	0.00	0	|	rapi	0.00	0.00	0	|	99.0	0.00(99)	0.00(99)	|	7900	
2501	365	fail-0	|	0.00	1.00	1.00	0.00	NaN	0	|	rapi	0.00	0.00	0	|	NaN			|	7900	
