2586	0	ok	|	0.09	1.00	1.00	0.10	0.00	0	|	rapi	0.00	0.00	0	|	-100.0	0.10(-100)		|	193	
2586	1	ok	|	0.09	1.00	1.00	0.11	0.00	0	|	rapi	0.00	0.00	0	|	-100.0	0.11(-100)		|	193	
2586	2	ok	|	0.09	1.00	1.00	0.11	0.00	0	|	rapi	0.00	0.00	0	|	-100.0	0.11(-100)		|	193	
2586	3	ok	|	0.08	1.00	1.00	0.12	0.00	0	|	rapi	0.00	0.00	0	|	-100.0	0.12(-100)		|	193	
2586	4	ok	|	0.13	1.00	1.00	0.19	0.00	0	|	rapi	0.00	0.00	0	|	-100.0	0.19(-100)		|	193	
2586	5	ok	|	0.16	1.00	1.00	0.23	0.00	0	|	rapi	0.00	0.00	0	|	-100.0	0.23(-100)		|	193	
2586	6	ok	|	0.19	1.00	1.00	0.27	0.00	0	|	rapi	0.00	0.00	0	|	-100.0	0.27(-100)		|	193	
2586	7	ok	|	0.20	1.00	1.00	0.28	0.00	0	|	rapi	0.00	0.00	0	|	-100.0	0.28(-100)		|	193	
2586	8	ok	|	0.22	1.00	1.00	0.31	0.00	0	|	rapi	0.00	0.00	0	|	-100.0	0.31(-100)		|	193	
2586	9	ok	|	0.25	1.00	1.00	0.34	0.00	0	|	rapi	0.00	0.00	0	|	-100.0	0.34(-100)		|	193	
2586	10	ok	|	0.29	1.00	1.00	0.42	0.00	0	|	rapi	0.00	0.00	0	|	-100.0	0.42(-100)		|	193	
2586	11	ok	|	0.30	1.00	1.00	0.45	0.00	0	|	rapi	0.00	0.00	0	|	-100.0	0.45(-100)		|	193	
2586	12	ok	|	0.34	0.99	0.99	0.52	0.00	0	|	rapi	0.00	0.00	0	|	-100.0	0.52(-100)		|	193	
2586	13	ok	|	0.41	0.99	0.99	0.64	0.00	0	|	rapi	0.00	0.00	0	|	-100.0	0.64(-100)		|	193	
2586	14	ok	|	0.43	0.99	0.99	0.70	0.00	0	|	rapi	0.00	0.00	0	|	-100.0	0.70(-100)		|	193	
2586	15	ok	|	0.45	0.99	0.99	0.80	0.00	0	|	rapi	0.00	0.00	0	|	-100.0	0.80(-100)		|	193	
2586	16	ok	|	0.51	0.99	0.99	0.89	0.00	0	|	rapi	0.00	0.00	0	|	-100.0	0.89(-100)		|	193	
2586	17	ok	|	0.58	0.99	0.99	1.08	0.00	0	|	rapi	0.00	0.00	0	|	-100.0	1.08(-100)		|	193	
2586	18	ok	|	0.62	0.99	0.99	1.28	0.00	0	|	rapi	0.00	0.00	0	|	-100.0	1.28(-100)		|	193	
2586	19	ok	|	0.67	0.99	0.99	1.42	0.00	0	|	rapi	0.00	0.00	0	|	-100.0	1.42(-100)		|	193	
2586	20	ok	|	0.72	0.98	0.98	1.71	0.00	0	|	rapi	0.00	0.00	0	|	-100.0	1.71(-100)		|	193	
2586	21	ok	|	0.80	0.98	0.98	2.07	0.00	0	|	rapi	0.00	0.00	0	|	-100.0	2.07(-100)		|	193	
2586	22	ok	|	0.85	0.98	0.98	2.49	0.00	0	|	rapi	0.00	0.00	0	|	-100.0	2.49(-100)		|	193	
2586	23	ok	|	0.91	0.97	0.97	2.92	0.00	0	|	rapi	0.00	0.00	0	|	-100.0	2.92(-100)		|	193	
2586	24	ok	|	0.93	0.97	0.97	3.45	0.00	0	|	rapi	0.00	0.00	0	|	-100.0	3.45(-100)		|	193	
2586	25	ok	|	0.96	0.96	0.96	4.20	0.00	0	|	rapi	0.00	0.00	0	|	-100.0	4.20(-100)		|	193	
2586	26	ok	|	0.98	0.95	0.95	5.03	0.00	0	|	rapi	0.00	0.00	0	|	-100.0	5.03(-100)		|	193	
2586	27	ok	|	0.99	0.94	0.94	5.76	0.00	0	|	rapi	0.00	0.00	0	|	-100.0	5.76(-100)		|	193	
2586	28	ok	|	1.00	0.93	0.93	6.95	0.00	0	|	rapi	0.00	0.00	0	|	-100.0	6.95(-100)		|	193	
2586	29	ok	|	1.00	0.92	0.92	8.17	0.00	0	|	rapi	0.00	0.00	0	|	-100.0	8.17(-100)		|	193	
2586	30	ok	|	1.00	0.90	0.90	9.61	0.00	0	|	rapi	0.00	0.00	0	|	-100.0	9.61(-100)		|	193	
2586	31	ok	|	1.00	0.88	0.88	11.57	0.00	0	|	rapi	0.00	0.00	0	|	-100.0	11.57(-100)		|	193	
2586	32	ok	|	1.00	0.86	0.86	13.70	0.00	0	|	rapi	0.00	0.00	0	|	-100.0	13.70(-100)		|	193	
2586	33	ok	|	1.00	0.84	0.84	16.23	0.00	0	|	rapi	0.00	0.00	0	|	-100.0	16.23(-100)		|	193	
2586	34	ok	|	1.00	0.81	0.81	18.87	0.00	0	|	rapi	0.00	0.00	0	|	-100.0	18.87(-100)		|	193	
2586	35	ok	|	1.00	0.78	0.78	21.96	0.00	0	|	rapi	0.00	0.00	0	|	-100.0	21.96(-100)		|	193	
2586	36	ok	|	1.00	0.74	0.74	25.97	0.00	0	|	rapi	0.00	0.00	0	|	-100.0	25.97(-100)		|	193	
2586	37	ok	|	1.00	0.70	0.70	30.49	0.00	0	|	rapi	0.00	0.00	0	|	-100.0	30.49(-100)		|	193	
2586	38	ok	|	1.00	0.65	0.65	35.38	0.00	0	|	rapi	0.00	0.00	0	|	-100.0	35.38(-100)		|	193	
2586	39	ok	|	1.00	0.59	0.59	41.24	0.00	0	|	rapi	0.00	0.00	0	|	-100.0	41.24(-100)		|	193	
2586	40	ok	|	1.00	0.52	0.52	48.46	0.00	0	|	rapi	0.00	0.00	0	|	-100.0	48.46(-100)		|	193	
2586	41	ok	|	1.00	0.44	0.44	55.85	0.00	0	|	rapi	0.00	0.00	0	|	-100.0	55.85(-100)		|	193	
2586	42	ok	|	1.00	0.36	0.36	64.27	0.00	0	|	rapi	0.00	0.00	0	|	-100.0	64.27(-100)		|	193	
2586	43	ok	|	1.00	0.26	0.26	74.44	0.00	0	|	rapi	0.00	0.00	0	|	-100.0	74.44(-100)		|	193	
2586	44	ok	|	1.00	0.17	0.17	83.77	0.00	0	|	rapi	0.00	0.00	0	|	-100.0	83.77(-100)		|	193	
2586	45	fail-w	|	1.00	0.10	0.10	92.08	0.00	0	|	rapi	0.00	0.00	0	|	-100.0	92.08(-100)		|	193	
