2591	0	ok	|	0.09	1.00	1.00	0.10	0.00	0	|	rapi	0.00	0.00	0	|	-57.0	0.10(-57)		|	3	
2591	1	ok	|	0.10	1.00	1.00	0.12	0.00	0	|	rapi	0.00	0.00	0	|	-57.0	0.12(-57)		|	3	
2591	2	ok	|	0.11	1.00	1.00	0.13	0.00	0	|	rapi	0.00	0.00	0	|	-57.0	0.13(-57)		|	3	
2591	3	ok	|	0.11	1.00	1.00	0.15	0.00	0	|	rapi	0.00	0.00	0	|	-57.0	0.15(-57)		|	3	
2591	4	ok	|	0.13	1.00	1.00	0.18	0.00	0	|	rapi	0.00	0.00	0	|	-57.0	0.18(-57)		|	3	
2591	5	ok	|	0.15	1.00	1.00	0.22	0.00	0	|	rapi	0.00	0.00	0	|	-57.0	0.22(-57)		|	3	
2591	6	ok	|	0.18	1.00	1.00	0.24	0.00	0	|	rapi	0.00	0.00	0	|	-57.0	0.24(-57)		|	3	
2591	7	ok	|	0.18	1.00	1.00	0.26	0.00	0	|	rapi	0.00	0.00	0	|	-57.0	0.26(-57)		|	3	
2591	8	ok	|	0.21	1.00	1.00	0.31	0.00	0	|	rapi	0.00	0.00	0	|	-57.0	0.31(-57)		|	3	
2591	9	ok	|	0.26	1.00	1.00	0.40	0.00	0	|	rapi	0.00	0.00	0	|	-57.0	0.40(-57)		|	3	
2591	10	ok	|	0.30	1.00	1.00	0.48	0.00	0	|	rapi	0.00	0.00	0	|	-57.0	0.48(-57)		|	3	
2591	11	ok	|	0.34	0.99	0.99	0.56	0.00	0	|	rapi	0.00	0.00	0	|	-57.0	0.56(-57)		|	3	
2591	12	ok	|	0.40	0.99	0.99	0.69	0.00	0	|	rapi	0.00	0.00	0	|	-57.0	0.69(-57)		|	3	
2591	13	ok	|	0.41	0.99	0.99	0.78	0.00	0	|	rapi	0.00	0.00	0	|	-57.0	0.78(-57)		|	3	
2591	14	ok	|	0.46	0.99	0.99	0.92	0.00	0	|	rapi	0.00	0.00	0	|	-57.0	0.92(-57)		|	3	
2591	15	ok	|	0.53	0.99	0.99	1.10	0.00	0	|	rapi	0.00	0.00	0	|	-57.0	1.10(-57)		|	3	
2591	16	ok	|	0.61	0.99	0.99	1.24	0.00	0	|	rapi	0.00	0.00	0	|	-57.0	1.24(-57)		|	3	
2591	17	ok	|	0.66	0.99	0.99	1.45	0.00	0	|	rapi	0.00	0.00	0	|	-57.0	1.45(-57)		|	3	
2591	18	ok	|	0.72	0.98	0.98	1.69	0.00	0	|	rapi	0.00	0.00	0	|	-57.0	1.69(-57)		|	3	
2591	19	ok	|	0.79	0.98	0.98	1.94	0.00	0	|	rapi	0.00	0.00	0	|	-57.0	1.94(-57)		|	3	
2591	20	ok	|	0.82	0.98	0.98	2.26	0.00	0	|	rapi	0.00	0.00	0	|	-57.0	2.26(-57)		|	3	
2591	21	ok	|	0.86	0.97	0.97	2.68	0.00	0	|	rapi	0.00	0.00	0	|	-57.0	2.68(-57)		|	3	
2591	22	ok	|	0.88	0.97	0.97	2.99	0.00	0	|	rapi	0.00	0.00	0	|	-57.0	2.99(-57)		|	3	
2591	23	ok	|	0.93	0.96	0.96	3.58	0.00	0	|	rapi	0.00	0.00	0	|	-57.0	3.58(-57)		|	3	
2591	24	ok	|	0.96	0.96	0.96	4.20	0.00	0	|	rapi	0.00	0.00	0	|	-57.0	4.20(-57)		|	3	
2591	25	ok	|	0.98	0.95	0.95	4.92	0.00	0	|	rapi	0.00	0.00	0	|	-57.0	4.92(-57)		|	3	
2591	26	ok	|	0.99	0.94	0.94	5.78	0.00	0	|	rapi	0.00	0.00	0	|	-57.0	5.78(-57)		|	3	
2591	27	ok	|	1.00	0.93	0.93	6.95	0.00	0	|	rapi	0.00	0.00	0	|	-57.0	6.95(-57)		|	3	
2591	28	ok	|	1.00	0.92	0.92	8.13	0.00	0	|	rapi	0.00	0.00	0	|	-57.0	8.13(-57)		|	3	
2591	29	ok	|	1.00	0.90	0.90	9.56	0.00	0	|	rapi	0.00	0.00	0	|	-57.0	9.56(-57)		|	3	
2591	30	ok	|	1.00	0.89	0.89	11.12	0.00	0	|	rapi	0.00	0.00	0	|	-57.0	11.12(-57)	0.00(-57)	|	3	
2591	31	ok	|	1.00	0.87	0.87	12.90	0.00	0	|	rapi	0.00	0.00	0	|	-57.0	12.90(-57)		|	3	
2591	32	ok	|	1.00	0.85	0.85	14.98	0.00	0	|	rapi	0.00	0.00	0	|	-57.0	14.98(-57)		|	3	
2591	33	ok	|	1.00	0.82	0.82	18.00	0.00	0	|	rapi	0.00	0.00	0	|	-57.0	18.00(-57)		|	3	
2591	34	ok	|	1.00	0.79	0.79	21.45	0.00	0	|	rapi	0.00	0.00	0	|	-57.0	21.45(-57)		|	3	
2591	35	ok	|	1.00	0.75	0.75	25.10	0.00	0	|	rapi	0.00	0.00	0	|	-57.0	25.10(-57)	0.00(-57)	|	3	
2591	36	ok	|	1.00	0.70	0.70	29.97	0.00	0	|	rapi	0.00	0.00	0	|	-57.0	29.97(-57)	0.00(-57)	|	3	
2591	37	ok	|	1.00	0.65	0.65	35.03	0.00	0	|	rapi	0.00	0.00	0	|	-57.0	35.03(-57)	0.00(-57)	|	3	
2591	38	ok	|	1.00	0.59	0.59	41.28	0.00	0	|	rapi	0.00	0.00	0	|	-57.0	41.28(-57)	0.00(-57)	|	3	
2591	39	ok	|	1.00	0.52	0.52	48.40	0.00	0	|	rapi	0.01	0.01	0	|	-57.0	48.40(-57)	0.01(-57)	|	3	
2591	40	ok	|	1.00	0.44	0.44	56.42	0.00	0	|	rapi	0.01	0.01	0	|	-57.0	56.42(-57)	0.01(-57)	|	3	
2591	41	ok	|	1.00	0.34	0.34	65.52	0.00	0	|	rapi	0.01	0.01	0	|	-57.0	65.52(-57)	0.01(-57)	|	3	
2591	42	ok	|	1.00	0.25	0.25	74.82	0.00	0	|	rapi	0.01	0.01	0	|	-57.0	74.82(-57)	0.01(-57)	|	3	
2591	43	ok	|	1.00	0.16	0.16	84.24	0.00	0	|	rapi	0.02	0.02	0	|	-57.0	84.24(-57)	0.02(-57)	|	3	
2591	44	fail-w	|	1.00	0.09	0.09	92.11	0.00	0	|	rapi	0.03	0.03	0	|	-57.0	92.11(-57)	0.03(-57)	|	3	
