2731	0	ok	|	0.10	1.00	1.00	0.10	0.00	0	|	rapi	0.00	0.00	0	|	-35.0	0.10(-35)		|	8	
2731	1	ok	|	0.10	1.00	1.00	0.12	0.00	0	|	rapi	0.00	0.00	0	|	-35.0	0.12(-35)		|	8	
2731	2	ok	|	0.12	1.00	1.00	0.14	0.00	0	|	rapi	0.00	0.00	0	|	-35.0	0.14(-35)		|	8	
2731	3	ok	|	0.14	1.00	1.00	0.16	0.00	0	|	rapi	0.00	0.00	0	|	-35.0	0.16(-35)		|	8	
2731	4	ok	|	0.15	1.00	1.00	0.18	0.00	0	|	rapi	0.00	0.00	0	|	-35.0	0.18(-35)		|	8	
2731	5	ok	|	0.19	1.00	1.00	0.26	0.00	0	|	rapi	0.00	0.00	0	|	-35.0	0.26(-35)		|	8	
2731	6	ok	|	0.23	1.00	1.00	0.33	0.00	0	|	rapi	0.00	0.00	0	|	-35.0	0.33(-35)		|	8	
2731	7	ok	|	0.28	1.00	1.00	0.42	0.00	0	|	rapi	0.00	0.00	0	|	-35.0	0.42(-35)		|	8	
2731	8	ok	|	0.31	1.00	1.00	0.48	0.00	0	|	rapi	0.00	0.00	0	|	-35.0	0.48(-35)		|	8	
2731	9	ok	|	0.36	0.99	0.99	0.57	0.00	0	|	rapi	0.00	0.00	0	|	-35.0	0.57(-35)		|	8	
2731	10	ok	|	0.40	0.99	0.99	0.67	0.00	0	|	rapi	0.00	0.00	0	|	-35.0	0.67(-35)		|	8	
2731	11	ok	|	0.44	0.99	0.99	0.78	0.00	0	|	rapi	0.00	0.00	0	|	-35.0	0.78(-35)		|	8	
2731	12	ok	|	0.47	0.99	0.99	0.86	0.00	0	|	rapi	0.00	0.00	0	|	-35.0	0.86(-35)		|	8	
2731	13	ok	|	0.55	0.99	0.99	0.99	0.00	0	|	rapi	0.00	0.00	0	|	-35.0	0.99(-35)		|	8	
2731	14	ok	|	0.59	0.99	0.99	1.20	0.00	0	|	rapi	0.00	0.00	0	|	-35.0	1.20(-35)		|	8	
2731	15	ok	|	0.68	0.99	0.99	1.42	0.00	0	|	rapi	0.00	0.00	0	|	-35.0	1.42(-35)		|	8	
2731	16	ok	|	0.74	0.98	0.98	1.66	0.00	0	|	rapi	0.00	0.00	0	|	-35.0	1.66(-35)		|	8	
2731	17	ok	|	0.80	0.98	0.98	2.06	0.00	0	|	rapi	0.00	0.00	0	|	-35.0	2.06(-35)		|	8	
2731	18	ok	|	0.85	0.98	0.98	2.44	0.00	0	|	rapi	0.00	0.00	0	|	-35.0	2.44(-35)		|	8	
2731	19	ok	|	0.87	0.97	0.97	2.87	0.00	0	|	rapi	0.00	0.00	0	|	-35.0	2.87(-35)		|	8	
2731	20	ok	|	0.92	0.97	0.97	3.41	0.00	0	|	rapi	0.00	0.00	0	|	-35.0	3.41(-35)		|	8	
2731	21	ok	|	0.95	0.96	0.96	4.04	0.00	0	|	rapi	0.00	0.00	0	|	-35.0	4.04(-35)		|	8	
2731	22	ok	|	0.97	0.95	0.95	4.62	0.00	0	|	rapi	0.00	0.00	0	|	-35.0	4.62(-35)	0.00(-35)	|	8	
2731	23	ok	|	0.98	0.95	0.95	5.37	0.00	0	|	rapi	0.00	0.00	0	|	-35.0	5.37(-35)	0.00(-35)	|	8	
2731	24	ok	|	0.99	0.94	0.94	6.30	0.00	0	|	rapi	0.00	0.00	0	|	-35.0	6.30(-35)	0.00(-35)	|	8	
2731	25	ok	|	1.00	0.92	0.92	7.56	0.00	0	|	rapi	0.00	0.00	0	|	-35.0	7.56(-35)	0.00(-35)	|	8	
2731	26	ok	|	1.00	0.91	0.91	8.72	0.00	0	|	rapi	0.00	0.00	0	|	-35.0	8.72(-35)	0.00(-35)	|	8	
2731	27	ok	|	1.00	0.90	0.90	10.36	0.00	0	|	rapi	0.00	0.00	0	|	-35.0	10.36(-35)		|	8	
2731	28	ok	|	1.00	0.88	0.88	12.29	0.00	0	|	rapi	0.00	0.00	0	|	-35.0	12.29(-35)		|	8	
2731	29	ok	|	1.00	0.86	0.86	14.23	0.00	0	|	rapi	0.00	0.00	0	|	-35.0	14.23(-35)	0.00(-35)	|	8	
2731	30	ok	|	1.00	0.83	0.83	16.80	0.00	0	|	rapi	0.00	0.00	0	|	-35.0	16.80(-35)	0.00(-35)	|	8	
2731	31	ok	|	1.00	0.80	0.80	19.77	0.00	0	|	rapi	0.01	0.01	0	|	-35.0	19.77(-35)	0.01(-35)	|	8	
2731	32	ok	|	1.00	0.77	0.77	23.21	0.00	0	|	rapi	0.01	0.01	0	|	-35.0	23.21(-35)	0.01(-35)	|	8	
2731	33	ok	|	1.00	0.73	0.73	27.14	0.00	0	|	rapi	0.01	0.01	0	|	-35.0	27.14(-35)	0.01(-35)	|	8	
2731	34	ok	|	1.00	0.68	0.68	31.86	0.00	0	|	rapi	0.01	0.01	0	|	-35.0	31.86(-35)	0.01(-35)	|	8	
2731	35	ok	|	1.00	0.62	0.62	37.68	0.00	0	|	rapi	0.01	0.01	0	|	-35.0	37.68(-35)	0.01(-35)	|	8	
2731	36	ok	|	1.00	0.56	0.56	43.99	0.00	0	|	rapi	0.01	0.01	0	|	-35.0	43.99(-35)	0.01(-35)	|	8	
2731	37	ok	|	1.00	0.49	0.49	51.13	0.00	0	|	rapi	0.00	0.00	0	|	-35.0	51.13(-35)	0.00(-35)	|	8	
2731	38	ok	|	1.00	0.41	0.41	59.15	0.00	0	|	rapi	0.01	0.01	0	|	-35.0	59.15(-35)	0.01(-35)	|	8	
2731	39	ok	|	1.00	0.32	0.32	68.22	0.00	0	|	rapi	0.02	0.02	0	|	-35.0	68.22(-35)	0.02(-35)	|	8	
2731	40	ok	|	1.00	0.22	0.22	78.15	0.00	0	|	rapi	0.02	0.02	0	|	-35.0	78.15(-35)	0.02(-35)	|	8	
2731	41	ok	|	1.00	0.13	0.13	87.42	0.00	0	|	rapi	0.04	0.04	0	|	-35.0	87.42(-35)	0.04(-35)	|	8	
2731	42	fail-w	|	1.00	0.07	0.07	95.05	0.00	0	|	rapi	0.07	0.07	0	|	-35.0	95.05(-35)	0.07(-35)	|	8	
