276	0	ok	|	0.09	1.00	1.00	0.10	0.00	0	|	rapi	0.07	0.08	0	|	-38.0	0.10(-38)	0.08(-38)	|	8884	
276	1	ok	|	0.09	1.00	1.00	0.11	0.00	0	|	rapi	0.08	0.09	0	|	-38.0	0.11(-38)	0.09(-38)	|	8884	
276	2	ok	|	0.12	1.00	1.00	0.13	0.00	0	|	rapi	0.10	0.10	0	|	-38.0	0.13(-38)	0.10(-38)	|	8884	
276	3	ok	|	0.11	1.00	1.00	0.12	0.00	0	|	rapi	0.10	0.10	0	|	-38.0	0.12(-38)	0.10(-38)	|	8884	
276	4	ok	|	0.11	1.00	1.00	0.12	0.00	0	|	rapi	0.09	0.09	0	|	-38.0	0.12(-38)	0.09(-38)	|	8884	
276	5	ok	|	0.11	1.00	1.00	0.12	0.00	0	|	rapi	0.10	0.10	0	|	-38.0	0.12(-38)	0.10(-38)	|	8884	
276	6	ok	|	0.11	1.00	1.00	0.12	0.00	0	|	rapi	0.09	0.10	0	|	-38.0	0.12(-38)	0.10(-38)	|	8884	
276	7	ok	|	0.11	1.00	1.00	0.12	0.00	0	|	rapi	0.09	0.09	0	|	-38.0	0.12(-38)	0.09(-38)	|	8884	
276	8	ok	|	0.10	1.00	1.00	0.11	0.00	0	|	rapi	0.08	0.08	0	|	-38.0	0.11(-38)	0.08(-38)	|	8884	
276	9	ok	|	0.09	1.00	1.00	0.10	0.00	0	|	rapi	0.07	0.08	0	|	-38.0	0.10(-38)	0.08(-38)	|	8884	
276	10	ok	|	0.09	1.00	1.00	0.11	0.00	0	|	rapi	0.08	0.08	0	|	-38.0	0.11(-38)	0.08(-38)	|	8884	
276	11	ok	|	0.10	1.00	1.00	0.11	0.00	0	|	rapi	0.08	0.08	0	|	-38.0	0.11(-38)	0.08(-38)	|	8884	
276	12	ok	|	0.10	1.00	1.00	0.11	0.00	0	|	rapi	0.08	0.08	0	|	-38.0	0.11(-38)	0.08(-38)	|	8884	
276	13	ok	|	0.08	1.00	1.00	0.10	0.00	0	|	rapi	0.06	0.07	0	|	-38.0	0.10(-38)	0.07(-38)	|	8884	
276	14	ok	|	0.08	1.00	1.00	0.10	0.00	0	|	rapi	0.07	0.07	0	|	-38.0	0.10(-38)	0.07(-38)	|	8884	
276	15	ok	|	0.09	1.00	1.00	0.10	0.00	0	|	rapi	0.07	0.07	0	|	-38.0	0.10(-38)	0.07(-38)	|	8884	
276	16	ok	|	0.07	1.00	1.00	0.09	0.00	0	|	rapi	0.06	0.06	0	|	-38.0	0.09(-38)	0.06(-38)	|	8884	
276	17	ok	|	0.07	1.00	1.00	0.08	0.00	0	|	rapi	0.06	0.06	0	|	-38.0	0.08(-38)	0.06(-38)	|	8884	
276	18	ok	|	0.07	1.00	1.00	0.08	0.00	0	|	rapi	0.05	0.05	0	|	-38.0	0.08(-38)	0.05(-38)	|	8884	
276	19	ok	|	0.07	1.00	1.00	0.08	0.00	0	|	rapi	0.05	0.05	0	|	-38.0	0.08(-38)	0.05(-38)	|	8884	
276	20	ok	|	0.07	1.00	1.00	0.08	0.00	0	|	rapi	0.05	0.05	0	|	-38.0	0.08(-38)	0.05(-38)	|	8884	
276	21	ok	|	0.06	1.00	1.00	0.08	0.00	0	|	rapi	0.05	0.05	0	|	-38.0	0.08(-38)	0.05(-38)	|	8884	
276	22	ok	|	0.06	1.00	1.00	0.07	0.00	0	|	rapi	0.04	0.05	0	|	-38.0	0.07(-38)	0.05(-38)	|	8884	
276	23	ok	|	0.07	1.00	1.00	0.09	0.00	0	|	rapi	0.05	0.05	0	|	-38.0	0.09(-38)	0.05(-38)	|	8884	
276	24	ok	|	0.07	1.00	1.00	0.08	0.00	0	|	rapi	0.04	0.05	0	|	-38.0	0.08(-38)	0.05(-38)	|	8884	
276	25	ok	|	0.07	1.00	1.00	0.08	0.00	0	|	rapi	0.05	0.05	0	|	-38.0	0.08(-38)	0.05(-38)	|	8884	
276	26	ok	|	0.07	1.00	1.00	0.08	0.00	0	|	rapi	0.05	0.05	0	|	-38.0	0.08(-38)	0.05(-38)	|	8884	
276	27	ok	|	0.08	1.00	1.00	0.08	0.00	0	|	rapi	0.06	0.06	0	|	-38.0	0.08(-38)	0.06(-38)	|	8884	
276	28	ok	|	0.07	1.00	1.00	0.07	0.00	0	|	rapi	0.06	0.06	0	|	-38.0	0.07(-38)	0.06(-38)	|	8884	
276	29	ok	|	0.07	1.00	1.00	0.07	0.00	0	|	rapi	0.06	0.06	0	|	-38.0	0.07(-38)	0.06(-38)	|	8884	
276	30	ok	|	0.07	1.00	1.00	0.08	0.00	0	|	rapi	0.07	0.07	0	|	-38.0	0.08(-38)	0.07(-38)	|	8884	
276	31	ok	|	0.08	1.00	1.00	0.09	0.00	0	|	rapi	0.07	0.07	0	|	-38.0	0.09(-38)	0.07(-38)	|	8884	
276	32	ok	|	0.09	1.00	1.00	0.10	0.00	0	|	rapi	0.08	0.09	0	|	-38.0	0.10(-38)	0.09(-38)	|	8884	
276	33	ok	|	0.09	1.00	1.00	0.10	0.00	0	|	rapi	0.09	0.09	0	|	-38.0	0.10(-38)	0.09(-38)	|	8884	
276	34	ok	|	0.11	1.00	1.00	0.11	0.00	0	|	rapi	0.10	0.10	0	|	-38.0	0.11(-38)	0.10(-38)	|	8884	
276	35	ok	|	0.10	1.00	1.00	0.10	0.00	0	|	rapi	0.09	0.09	0	|	-38.0	0.10(-38)	0.09(-38)	|	8884	
276	36	ok	|	0.09	1.00	1.00	0.09	0.00	0	|	rapi	0.08	0.09	0	|	-38.0	0.09(-38)	0.09(-38)	|	8884	
276	37	ok	|	0.10	1.00	1.00	0.10	0.00	0	|	rapi	0.09	0.10	0	|	-38.0	0.10(-38)	0.10(-38)	|	8884	
276	38	ok	|	0.10	1.00	1.00	0.11	0.00	0	|	rapi	0.10	0.11	0	|	-38.0	0.11(-38)	0.11(-38)	|	8884	
276	39	ok	|	0.10	1.00	1.00	0.11	0.00	0	|	rapi	0.10	0.10	0	|	-38.0	0.11(-38)	0.10(-38)	|	8884	
276	40	ok	|	0.09	1.00	1.00	0.10	0.00	0	|	rapi	0.09	0.09	0	|	-38.0	0.10(-38)	0.09(-38)	|	8884	
276	41	ok	|	0.09	1.00	1.00	0.10	0.01	0	|	rapi	0.09	0.10	0	|	-38.0	0.10(-38)	0.10(-38)	|	8884	
276	42	ok	|	0.09	1.00	1.00	0.10	0.01	0	|	rapi	0.09	0.10	0	|	-38.0	0.10(-38)	0.10(-38)	|	8884	
276	43	ok	|	0.09	1.00	1.00	0.09	0.01	0	|	rapi	0.09	0.09	0	|	-38.0	0.09(-38)	0.09(-38)	|	8884	
276	44	ok	|	0.09	1.00	1.00	0.09	0.00	0	|	rapi	0.08	0.09	0	|	-38.0	0.09(-38)	0.09(-38)	|	8884	
276	45	ok	|	0.10	1.00	1.00	0.11	0.01	0	|	rapi	0.10	0.10	0	|	-38.0	0.11(-38)	0.10(-38)	|	8884	
276	46	ok	|	0.09	1.00	1.00	0.10	0.01	0	|	rapi	0.09	0.10	0	|	-38.0	0.10(-38)	0.10(-38)	|	8884	
276	47	ok	|	0.07	1.00	1.00	0.08	0.01	0	|	rapi	0.07	0.07	0	|	-38.0	0.08(-38)	0.07(-38)	|	8884	
276	48	ok	|	0.06	1.00	1.00	0.07	0.01	0	|	rapi	0.06	0.06	0	|	-38.0	0.07(-38)	0.06(-38)	|	8884	
276	49	ok	|	0.06	1.00	1.00	0.06	0.00	0	|	rapi	0.06	0.06	0	|	-38.0	0.06(-38)	0.06(-38)	|	8884	
276	50	ok	|	0.05	1.00	1.00	0.05	0.00	0	|	rapi	0.05	0.05	0	|	-38.0	0.05(-38)	0.05(-38)	|	8884	
276	51	ok	|	0.04	1.00	1.00	0.04	0.00	0	|	rapi	0.04	0.04	0	|	-38.0	0.04(-38)	0.04(-38)	|	8884	
276	52	ok	|	0.04	1.00	1.00	0.04	0.00	0	|	rapi	0.04	0.04	0	|	-38.0	0.04(-38)	0.04(-38)	|	8884	
276	53	ok	|	0.03	1.00	1.00	0.03	0.00	0	|	rapi	0.03	0.03	0	|	-38.0	0.03(-38)	0.03(-38)	|	8884	
276	54	ok	|	0.03	1.00	1.00	0.03	0.00	0	|	rapi	0.03	0.03	0	|	-38.0	0.03(-38)	0.03(-38)	|	8884	
276	55	ok	|	0.02	1.00	1.00	0.02	0.00	0	|	rapi	0.02	0.02	0	|	-38.0	0.02(-38)	0.02(-38)	|	8884	
276	56	ok	|	0.02	1.00	1.00	0.02	0.00	0	|	rapi	0.02	0.02	0	|	-38.0	0.02(-38)	0.02(-38)	|	8884	
276	57	ok	|	0.02	1.00	1.00	0.02	0.00	0	|	rapi	0.02	0.02	0	|	-38.0	0.02(-38)	0.02(-38)	|	8884	
276	58	ok	|	0.02	1.00	1.00	0.02	0.01	0	|	rapi	0.02	0.02	0	|	-38.0	0.02(-38)	0.02(-38)	|	8884	
276	59	ok	|	0.02	1.00	1.00	0.02	0.01	0	|	rapi	0.02	0.02	0	|	-38.0	0.02(-38)	0.02(-38)	|	8884	
276	60	ok	|	0.01	1.00	1.00	0.01	0.01	0	|	rapi	0.01	0.01	0	|	-38.0	0.01(-38)	0.01(-38)	|	8884	
276	61	ok	|	0.01	1.00	1.00	0.01	0.00	0	|	rapi	0.01	0.01	0	|	-38.0	0.01(-38)	0.01(-38)	|	8884	
276	62	ok	|	0.01	1.00	1.00	0.01	0.01	0	|	rapi	0.01	0.01	0	|	-38.0	0.01(-38)	0.01(-38)	|	8884	
276	63	ok	|	0.02	1.00	1.00	0.02	0.01	0	|	rapi	0.02	0.02	0	|	-38.0	0.02(-38)	0.02(-38)	|	8884	
276	64	ok	|	0.03	1.00	1.00	0.03	0.01	0	|	rapi	0.03	0.03	0	|	-38.0	0.03(-38)	0.03(-38)	|	8884	
276	65	ok	|	0.03	1.00	1.00	0.03	0.02	0	|	rapi	0.03	0.03	0	|	-38.0	0.03(-38)	0.03(-38)	|	8884	
276	66	ok	|	0.04	1.00	1.00	0.04	0.02	0	|	rapi	0.04	0.04	0	|	-38.0	0.04(-38)	0.04(-38)	|	8884	
276	67	ok	|	0.03	1.00	1.00	0.03	0.01	0	|	rapi	0.03	0.03	0	|	-38.0	0.03(-38)	0.03(-38)	|	8884	
276	68	ok	|	0.02	1.00	1.00	0.02	0.01	0	|	rapi	0.02	0.02	0	|	-38.0	0.02(-38)	0.02(-38)	|	8884	
276	69	ok	|	0.03	1.00	1.00	0.03	0.01	0	|	rapi	0.03	0.03	0	|	-38.0	0.03(-38)	0.03(-38)	|	8884	
276	70	ok	|	0.03	1.00	1.00	0.03	0.02	0	|	rapi	0.03	0.03	0	|	-38.0	0.03(-38)	0.03(-38)	|	8884	
276	71	ok	|	0.03	1.00	1.00	0.03	0.01	0	|	rapi	0.03	0.03	0	|	-38.0	0.03(-38)	0.03(-38)	|	8884	
276	72	ok	|	0.03	1.00	1.00	0.03	0.01	0	|	rapi	0.03	0.03	0	|	-38.0	0.03(-38)	0.03(-38)	|	8884	
276	73	ok	|	0.03	1.00	1.00	0.03	0.01	0	|	rapi	0.03	0.03	0	|	-38.0	0.03(-38)	0.03(-38)	|	8884	
276	74	ok	|	0.03	1.00	1.00	0.03	0.01	0	|	rapi	0.03	0.03	0	|	-38.0	0.03(-38)	0.03(-38)	|	8884	
276	75	ok	|	0.03	1.00	1.00	0.03	0.02	0	|	rapi	0.03	0.03	0	|	-38.0	0.03(-38)	0.03(-38)	|	8884	
276	76	ok	|	0.03	1.00	1.00	0.03	0.01	0	|	rapi	0.03	0.03	0	|	-38.0	0.03(-38)	0.03(-38)	|	8884	
276	77	ok	|	0.04	1.00	1.00	0.04	0.02	0	|	rapi	0.04	0.04	0	|	-38.0	0.04(-38)	0.04(-38)	|	8884	
276	78	ok	|	0.04	1.00	1.00	0.04	0.02	0	|	rapi	0.04	0.04	0	|	-38.0	0.04(-38)	0.04(-38)	|	8884	
276	79	ok	|	0.04	1.00	1.00	0.04	0.02	0	|	rapi	0.04	0.04	0	|	-38.0	0.04(-38)	0.04(-38)	|	8884	
276	80	ok	|	0.04	1.00	1.00	0.04	0.02	0	|	rapi	0.04	0.04	0	|	-38.0	0.04(-38)	0.04(-38)	|	8884	
276	81	ok	|	0.04	1.00	1.00	0.04	0.02	0	|	rapi	0.04	0.04	0	|	-38.0	0.04(-38)	0.04(-38)	|	8884	
276	82	ok	|	0.04	1.00	1.00	0.04	0.02	0	|	rapi	0.04	0.04	0	|	-38.0	0.04(-38)	0.04(-38)	|	8884	
276	83	ok	|	0.04	1.00	1.00	0.04	0.02	0	|	rapi	0.04	0.04	0	|	-38.0	0.04(-38)	0.04(-38)	|	8884	
276	84	ok	|	0.03	1.00	1.00	0.03	0.02	0	|	rapi	0.03	0.03	0	|	-38.0	0.03(-38)	0.03(-38)	|	8884	
276	85	ok	|	0.03	1.00	1.00	0.03	0.01	0	|	rapi	0.03	0.03	0	|	-38.0	0.03(-38)	0.03(-38)	|	8884	
276	86	ok	|	0.03	1.00	1.00	0.03	0.01	0	|	rapi	0.03	0.03	0	|	-38.0	0.03(-38)	0.03(-38)	|	8884	
276	87	ok	|	0.03	1.00	1.00	0.03	0.01	0	|	rapi	0.03	0.03	0	|	-38.0	0.03(-38)	0.03(-38)	|	8884	
276	88	ok	|	0.03	1.00	1.00	0.03	0.02	0	|	rapi	0.03	0.03	0	|	-38.0	0.03(-38)	0.03(-38)	|	8884	
276	89	ok	|	0.02	1.00	1.00	0.03	0.01	0	|	rapi	0.02	0.03	0	|	-38.0	0.03(-38)	0.03(-38)	|	8884	
276	90	ok	|	0.02	1.00	1.00	0.02	0.01	0	|	rapi	0.02	0.02	0	|	-38.0	0.02(-38)	0.02(-38)	|	8884	
276	91	ok	|	0.03	1.00	1.00	0.03	0.01	0	|	rapi	0.03	0.03	0	|	-38.0	0.03(-38)	0.03(-38)	|	8884	
276	92	ok	|	0.02	1.00	1.00	0.02	0.01	0	|	rapi	0.02	0.02	0	|	-38.0	0.02(-38)	0.02(-38)	|	8884	
276	93	ok	|	0.01	1.00	1.00	0.01	0.01	0	|	rapi	0.01	0.01	0	|	-38.0	0.01(-38)	0.01(-38)	|	8884	
276	94	ok	|	0.01	1.00	1.00	0.01	0.01	0	|	rapi	0.01	0.01	0	|	-38.0	0.01(-38)	0.01(-38)	|	8884	
276	95	ok	|	0.01	1.00	1.00	0.01	0.00	0	|	rapi	0.01	0.01	0	|	-38.0	0.01(-38)	0.01(-38)	|	8884	
276	96	ok	|	0.01	1.00	1.00	0.01	0.01	0	|	rapi	0.01	0.01	0	|	-38.0	0.01(-38)	0.01(-38)	|	8884	
276	97	ok	|	0.01	1.00	1.00	0.01	0.01	0	|	rapi	0.01	0.01	0	|	-38.0	0.01(-38)	0.01(-38)	|	8884	
276	98	ok	|	0.02	1.00	1.00	0.02	0.01	0	|	rapi	0.02	0.02	0	|	-38.0	0.02(-38)	0.02(-38)	|	8884	
276	99	ok	|	0.02	1.00	1.00	0.02	0.01	0	|	rapi	0.02	0.02	0	|	-38.0	0.02(-38)	0.02(-38)	|	8884	
276	100	ok	|	0.02	1.00	1.00	0.02	0.01	0	|	rapi	0.02	0.02	0	|	-38.0	0.02(-38)	0.02(-38)	|	8884	
276	101	ok	|	0.02	1.00	1.00	0.02	0.01	0	|	rapi	0.02	0.02	0	|	-38.0	0.02(-38)	0.02(-38)	|	8884	
276	102	ok	|	0.02	1.00	1.00	0.02	0.01	0	|	rapi	0.02	0.02	0	|	-38.0	0.02(-38)	0.02(-38)	|	8884	
276	103	ok	|	0.02	1.00	1.00	0.02	0.01	0	|	rapi	0.02	0.02	0	|	-38.0	0.02(-38)	0.02(-38)	|	8884	
276	104	ok	|	0.02	1.00	1.00	0.02	0.01	0	|	rapi	0.02	0.02	0	|	-38.0	0.02(-38)	0.02(-38)	|	8884	
276	105	ok	|	0.02	1.00	1.00	0.02	0.01	0	|	rapi	0.02	0.02	0	|	-38.0	0.02(-38)	0.02(-38)	|	8884	
276	106	ok	|	0.02	1.00	1.00	0.02	0.01	0	|	rapi	0.02	0.02	0	|	-38.0	0.02(-38)	0.02(-38)	|	8884	
276	107	ok	|	0.02	1.00	1.00	0.02	0.01	0	|	rapi	0.02	0.02	0	|	-38.0	0.02(-38)	0.02(-38)	|	8884	
276	108	ok	|	0.02	1.00	1.00	0.02	0.01	0	|	rapi	0.02	0.02	0	|	-38.0	0.02(-38)	0.02(-38)	|	8884	
276	109	ok	|	0.02	1.00	1.00	0.02	0.01	0	|	rapi	0.02	0.02	0	|	-38.0	0.02(-38)	0.02(-38)	|	8884	
276	110	ok	|	0.02	1.00	1.00	0.02	0.01	0	|	rapi	0.02	0.02	0	|	-38.0	0.02(-38)	0.02(-38)	|	8884	
276	111	ok	|	0.03	1.00	1.00	0.03	0.01	0	|	rapi	0.03	0.03	0	|	-38.0	0.03(-38)	0.03(-38)	|	8884	
276	112	ok	|	0.03	1.00	1.00	0.03	0.02	0	|	rapi	0.03	0.03	0	|	-38.0	0.03(-38)	0.03(-38)	|	8884	
276	113	ok	|	0.03	1.00	1.00	0.03	0.01	0	|	rapi	0.03	0.03	0	|	-38.0	0.03(-38)	0.03(-38)	|	8884	
276	114	ok	|	0.03	1.00	1.00	0.03	0.01	0	|	rapi	0.03	0.03	0	|	-38.0	0.03(-38)	0.03(-38)	|	8884	
276	115	ok	|	0.03	1.00	1.00	0.03	0.01	0	|	rapi	0.03	0.03	0	|	-38.0	0.03(-38)	0.03(-38)	|	8884	
276	116	ok	|	0.03	1.00	1.00	0.03	0.01	0	|	rapi	0.03	0.03	0	|	-38.0	0.03(-38)	0.03(-38)	|	8884	
276	117	ok	|	0.03	1.00	1.00	0.03	0.01	0	|	rapi	0.03	0.03	0	|	-38.0	0.03(-38)	0.03(-38)	|	8884	
276	118	ok	|	0.03	1.00	1.00	0.03	0.01	0	|	rapi	0.03	0.03	0	|	-38.0	0.03(-38)	0.03(-38)	|	8884	
276	119	ok	|	0.02	1.00	1.00	0.02	0.01	0	|	rapi	0.02	0.02	0	|	-38.0	0.02(-38)	0.02(-38)	|	8884	
276	120	ok	|	0.01	1.00	1.00	0.01	0.01	0	|	rapi	0.01	0.01	0	|	-38.0	0.01(-38)	0.01(-38)	|	8884	
276	121	ok	|	0.01	1.00	1.00	0.01	0.01	0	|	rapi	0.01	0.01	0	|	-38.0	0.01(-38)	0.01(-38)	|	8884	
276	122	ok	|	0.01	1.00	1.00	0.01	0.01	0	|	rapi	0.01	0.01	0	|	-38.0	0.01(-38)	0.01(-38)	|	8884	
276	123	ok	|	0.01	1.00	1.00	0.01	0.01	0	|	rapi	0.01	0.01	0	|	-38.0	0.01(-38)	0.01(-38)	|	8884	
276	124	ok	|	0.01	1.00	1.00	0.01	0.01	0	|	rapi	0.01	0.01	0	|	-38.0	0.01(-38)	0.01(-38)	|	8884	
276	125	ok	|	0.02	1.00	1.00	0.02	0.01	0	|	rapi	0.02	0.02	0	|	-38.0	0.02(-38)	0.02(-38)	|	8884	
276	126	ok	|	0.02	1.00	1.00	0.02	0.01	0	|	rapi	0.02	0.02	0	|	-38.0	0.02(-38)	0.02(-38)	|	8884	
276	127	ok	|	0.02	1.00	1.00	0.02	0.01	0	|	rapi	0.02	0.02	0	|	-38.0	0.02(-38)	0.02(-38)	|	8884	
276	128	ok	|	0.02	1.00	1.00	0.02	0.01	0	|	rapi	0.02	0.02	0	|	-38.0	0.02(-38)	0.02(-38)	|	8884	
276	129	ok	|	0.02	1.00	1.00	0.02	0.01	0	|	rapi	0.02	0.02	0	|	-38.0	0.02(-38)	0.02(-38)	|	8884	
276	130	ok	|	0.02	1.00	1.00	0.02	0.01	0	|	rapi	0.02	0.02	0	|	-38.0	0.02(-38)	0.02(-38)	|	8884	
276	131	ok	|	0.02	1.00	1.00	0.02	0.01	0	|	rapi	0.02	0.02	0	|	-38.0	0.02(-38)	0.02(-38)	|	8884	
276	132	ok	|	0.02	1.00	1.00	0.02	0.01	0	|	rapi	0.02	0.02	0	|	-38.0	0.02(-38)	0.02(-38)	|	8884	
276	133	ok	|	0.01	1.00	1.00	0.01	0.01	0	|	rapi	0.01	0.01	0	|	-38.0	0.01(-38)	0.01(-38)	|	8884	
276	134	ok	|	0.01	1.00	1.00	0.01	0.01	0	|	rapi	0.01	0.01	0	|	-38.0	0.01(-38)	0.01(-38)	|	8884	
276	135	ok	|	0.01	1.00	1.00	0.01	0.01	0	|	rapi	0.01	0.01	0	|	-38.0	0.01(-38)	0.01(-38)	|	8884	
276	136	ok	|	0.01	1.00	1.00	0.01	0.01	0	|	rapi	0.01	0.01	0	|	-38.0	0.01(-38)	0.01(-38)	|	8884	
276	137	ok	|	0.01	1.00	1.00	0.01	0.00	0	|	rapi	0.01	0.01	0	|	-38.0	0.01(-38)	0.01(-38)	|	8884	
276	138	ok	|	0.01	1.00	1.00	0.01	0.00	0	|	rapi	0.01	0.01	0	|	-38.0	0.01(-38)	0.01(-38)	|	8884	
276	139	ok	|	0.01	1.00	1.00	0.01	0.00	0	|	rapi	0.01	0.01	0	|	-38.0	0.01(-38)	0.01(-38)	|	8884	
276	140	ok	|	0.01	1.00	1.00	0.01	0.00	0	|	rapi	0.01	0.01	0	|	-38.0	0.01(-38)	0.01(-38)	|	8884	
276	141	ok	|	0.01	1.00	1.00	0.01	0.00	0	|	rapi	0.01	0.01	0	|	-38.0	0.01(-38)	0.01(-38)	|	8884	
276	142	ok	|	0.00	1.00	1.00	0.00	0.00	0	|	rapi	0.00	0.00	0	|	-38.0	0.00(-38)	0.00(-38)	|	8884	
276	143	ok	|	0.00	1.00	1.00	0.00	0.00	0	|	rapi	0.00	0.00	0	|	-38.0	0.00(-38)	0.00(-38)	|	8884	
276	144	ok	|	0.00	1.00	1.00	0.00	0.00	0	|	rapi	0.00	0.00	0	|	-38.0	0.00(-38)	0.00(-38)	|	8884	
276	145	ok	|	0.00	1.00	1.00	0.00	0.00	0	|	rapi	0.00	0.00	0	|	-38.0	0.00(-38)	0.00(-38)	|	8884	
276	146	fail-0	|	0.00	1.00	1.00	0.00	NaN	0	|	rapi	0.00	0.00	0	|	NaN			|	8884	
