29	0	ok	|	0.10	1.00	1.00	0.10	0.00	0	|	rapi	0.00	0.00	0	|	17.0	0.10(17)		|	1	
29	1	ok	|	0.09	1.00	1.00	0.10	0.00	0	|	rapi	0.00	0.00	0	|	17.0	0.10(17)		|	1	
29	2	ok	|	0.10	1.00	1.00	0.12	0.00	0	|	rapi	0.00	0.00	0	|	17.0	0.12(17)		|	1	
29	3	ok	|	0.12	1.00	1.00	0.15	0.00	0	|	rapi	0.00	0.00	0	|	17.0	0.15(17)		|	1	
29	4	ok	|	0.15	1.00	1.00	0.21	0.00	0	|	rapi	0.00	0.00	0	|	17.0	0.21(17)		|	1	
29	5	ok	|	0.16	1.00	1.00	0.24	0.00	0	|	rapi	0.00	0.00	0	|	17.0	0.24(17)		|	1	
29	6	ok	|	0.19	1.00	1.00	0.29	0.00	0	|	rapi	0.00	0.00	0	|	17.0	0.29(17)		|	1	
29	7	ok	|	0.25	1.00	1.00	0.38	0.00	0	|	rapi	0.00	0.00	0	|	17.0	0.38(17)		|	1	
29	8	ok	|	0.29	1.00	1.00	0.45	0.00	0	|	rapi	0.00	0.00	0	|	17.0	0.45(17)		|	1	
29	9	ok	|	0.35	0.99	0.99	0.57	0.00	0	|	rapi	0.00	0.00	0	|	17.0	0.57(17)		|	1	
29	10	ok	|	0.41	0.99	0.99	0.70	0.00	0	|	rapi	0.00	0.00	0	|	17.0	0.70(17)		|	1	
29	11	ok	|	0.47	0.99	0.99	0.78	0.00	0	|	rapi	0.00	0.00	0	|	17.0	0.78(17)		|	1	
29	12	ok	|	0.53	0.99	0.99	0.94	0.00	0	|	rapi	0.00	0.00	0	|	17.0	0.94(17)		|	1	
29	13	ok	|	0.58	0.99	0.99	1.11	0.00	0	|	rapi	0.00	0.00	0	|	17.0	1.11(17)		|	1	
29	14	ok	|	0.64	0.99	0.99	1.33	0.00	0	|	rapi	0.00	0.00	0	|	17.0	1.33(17)		|	1	
29	15	ok	|	0.70	0.99	0.99	1.49	0.00	0	|	rapi	0.00	0.00	0	|	17.0	1.49(17)		|	1	
29	16	ok	|	0.73	0.98	0.98	1.70	0.00	0	|	rapi	0.00	0.00	0	|	17.0	1.70(17)		|	1	
29	17	ok	|	0.81	0.98	0.98	2.09	0.00	0	|	rapi	0.00	0.00	0	|	17.0	2.09(17)		|	1	
29	18	ok	|	0.85	0.97	0.97	2.56	0.00	0	|	rapi	0.00	0.00	0	|	17.0	2.56(17)		|	1	
29	19	ok	|	0.88	0.97	0.97	2.93	0.00	0	|	rapi	0.00	0.00	0	|	17.0	2.93(17)	0.00(17)	|	1	
29	20	ok	|	0.93	0.97	0.97	3.47	0.00	0	|	rapi	0.00	0.00	0	|	17.0	3.47(17)		|	1	
29	21	ok	|	0.95	0.96	0.96	4.02	0.00	0	|	rapi	0.00	0.00	0	|	17.0	4.02(17)		|	1	
29	22	ok	|	0.97	0.95	0.95	4.64	0.00	0	|	rapi	0.00	0.00	0	|	17.0	4.64(17)		|	1	
29	23	ok	|	0.99	0.95	0.95	5.49	0.00	0	|	rapi	0.00	0.00	0	|	17.0	5.49(17)		|	1	
29	24	ok	|	0.99	0.93	0.93	6.54	0.00	0	|	rapi	0.00	0.00	0	|	17.0	6.54(17)	0.00(17)	|	1	
29	25	ok	|	1.00	0.92	0.92	7.71	0.00	0	|	rapi	0.00	0.00	0	|	17.0	7.71(17)	0.00(17)	|	1	
29	26	ok	|	1.00	0.91	0.91	9.19	0.00	0	|	rapi	0.00	0.00	0	|	17.0	9.19(17)		|	1	
29	27	ok	|	1.00	0.89	0.89	10.82	0.00	0	|	rapi	0.00	0.00	0	|	17.0	10.82(17)		|	1	
29	28	ok	|	1.00	0.87	0.87	12.96	0.00	0	|	rapi	0.00	0.00	0	|	17.0	12.96(17)		|	1	
29	29	ok	|	1.00	0.85	0.85	15.20	0.00	0	|	rapi	0.00	0.00	0	|	17.0	15.20(17)		|	1	
29	30	ok	|	1.00	0.82	0.82	18.06	0.00	0	|	rapi	0.00	0.00	0	|	17.0	18.06(17)		|	1	
29	31	ok	|	1.00	0.79	0.79	21.37	0.00	0	|	rapi	0.00	0.00	0	|	17.0	21.37(17)		|	1	
29	32	ok	|	1.00	0.75	0.75	25.01	0.00	0	|	rapi	0.00	0.00	0	|	17.0	25.01(17)		|	1	
29	33	ok	|	1.00	0.70	0.70	29.52	0.00	0	|	rapi	0.00	0.00	0	|	17.0	29.52(17)		|	1	
29	34	ok	|	1.00	0.65	0.65	34.73	0.00	0	|	rapi	0.00	0.00	0	|	17.0	34.73(17)		|	1	
29	35	ok	|	1.00	0.59	0.59	40.68	0.00	0	|	rapi	0.00	0.00	0	|	17.0	40.68(17)		|	1	
29	36	ok	|	1.00	0.52	0.52	47.71	0.00	0	|	rapi	0.00	0.00	0	|	17.0	47.71(17)	0.00(17)	|	1	
29	37	ok	|	1.00	0.45	0.45	55.33	0.00	0	|	rapi	0.00	0.00	0	|	17.0	55.33(17)	0.00(17)	|	1	
29	38	ok	|	1.00	0.36	0.36	64.20	0.00	0	|	rapi	0.00	0.00	0	|	17.0	64.20(17)	0.00(17)	|	1	
29	39	ok	|	1.00	0.26	0.26	73.64	0.00	0	|	rapi	0.01	0.01	0	|	17.0	73.64(17)	0.01(17)	|	1	
29	40	ok	|	1.00	0.17	0.17	83.16	0.00	0	|	rapi	0.01	0.01	0	|	17.0	83.16(17)	0.01(17)	|	1	
29	41	ok	|	1.00	0.10	0.10	91.24	0.00	0	|	rapi	0.01	0.01	0	|	17.0	91.24(17)	0.01(17)	|	1	
29	42	fail-w	|	1.00	0.05	0.05	97.94	0.00	0	|	rapi	0.03	0.03	0	|	17.0	97.94(17)	0.03(17)	|	1	
