2930	0	ok	|	0.10	1.00	1.00	0.10	0.00	0	|	rapi	0.00	0.00	0	|	-50.0	0.10(-50)		|	2	
2930	1	ok	|	0.10	1.00	1.00	0.11	0.00	0	|	rapi	0.00	0.00	0	|	-50.0	0.11(-50)		|	2	
2930	2	ok	|	0.10	1.00	1.00	0.14	0.00	0	|	rapi	0.00	0.00	0	|	-50.0	0.14(-50)		|	2	
2930	3	ok	|	0.12	1.00	1.00	0.15	0.00	0	|	rapi	0.00	0.00	0	|	-50.0	0.15(-50)		|	2	
2930	4	ok	|	0.12	1.00	1.00	0.17	0.00	0	|	rapi	0.00	0.00	0	|	-50.0	0.17(-50)		|	2	
2930	5	ok	|	0.15	1.00	1.00	0.21	0.00	0	|	rapi	0.00	0.00	0	|	-50.0	0.21(-50)		|	2	
2930	6	ok	|	0.16	1.00	1.00	0.23	0.00	0	|	rapi	0.00	0.00	0	|	-50.0	0.23(-50)		|	2	
2930	7	ok	|	0.19	1.00	1.00	0.28	0.00	0	|	rapi	0.00	0.00	0	|	-50.0	0.28(-50)		|	2	
2930	8	ok	|	0.23	1.00	1.00	0.36	0.00	0	|	rapi	0.00	0.00	0	|	-50.0	0.36(-50)		|	2	
2930	9	ok	|	0.26	1.00	1.00	0.43	0.00	0	|	rapi	0.00	0.00	0	|	-50.0	0.43(-50)		|	2	
2930	10	ok	|	0.30	0.99	0.99	0.51	0.00	0	|	rapi	0.00	0.00	0	|	-50.0	0.51(-50)		|	2	
2930	11	ok	|	0.34	0.99	0.99	0.57	0.00	0	|	rapi	0.00	0.00	0	|	-50.0	0.57(-50)		|	2	
2930	12	ok	|	0.37	0.99	0.99	0.61	0.00	0	|	rapi	0.00	0.00	0	|	-50.0	0.61(-50)		|	2	
2930	13	ok	|	0.42	0.99	0.99	0.73	0.00	0	|	rapi	0.00	0.00	0	|	-50.0	0.73(-50)		|	2	
2930	14	ok	|	0.48	0.99	0.99	0.84	0.00	0	|	rapi	0.00	0.00	0	|	-50.0	0.84(-50)		|	2	
2930	15	ok	|	0.52	0.99	0.99	0.94	0.00	0	|	rapi	0.00	0.00	0	|	-50.0	0.94(-50)		|	2	
2930	16	ok	|	0.59	0.99	0.99	1.12	0.00	0	|	rapi	0.00	0.00	0	|	-50.0	1.12(-50)		|	2	
2930	17	ok	|	0.64	0.99	0.99	1.27	0.00	0	|	rapi	0.00	0.00	0	|	-50.0	1.27(-50)		|	2	
2930	18	ok	|	0.68	0.99	0.99	1.44	0.00	0	|	rapi	0.00	0.00	0	|	-50.0	1.44(-50)		|	2	
2930	19	ok	|	0.74	0.98	0.98	1.72	0.00	0	|	rapi	0.00	0.00	0	|	-50.0	1.72(-50)		|	2	
2930	20	ok	|	0.80	0.98	0.98	2.13	0.00	0	|	rapi	0.00	0.00	0	|	-50.0	2.13(-50)		|	2	
2930	21	ok	|	0.84	0.98	0.98	2.43	0.00	0	|	rapi	0.00	0.00	0	|	-50.0	2.43(-50)		|	2	
2930	22	ok	|	0.89	0.97	0.97	2.81	0.00	0	|	rapi	0.00	0.00	0	|	-50.0	2.81(-50)		|	2	
2930	23	ok	|	0.93	0.97	0.97	3.40	0.00	0	|	rapi	0.00	0.00	0	|	-50.0	3.40(-50)		|	2	
2930	24	ok	|	0.95	0.96	0.96	4.04	0.00	0	|	rapi	0.00	0.00	0	|	-50.0	4.04(-50)		|	2	
2930	25	ok	|	0.98	0.95	0.95	4.76	0.00	0	|	rapi	0.00	0.00	0	|	-50.0	4.76(-50)		|	2	
2930	26	ok	|	0.99	0.94	0.94	5.56	0.00	0	|	rapi	0.00	0.00	0	|	-50.0	5.56(-50)		|	2	
2930	27	ok	|	0.99	0.94	0.94	6.50	0.00	0	|	rapi	0.00	0.00	0	|	-50.0	6.50(-50)		|	2	
2930	28	ok	|	1.00	0.92	0.92	7.72	0.00	0	|	rapi	0.00	0.00	0	|	-50.0	7.72(-50)		|	2	
2930	29	ok	|	1.00	0.91	0.91	8.89	0.00	0	|	rapi	0.00	0.00	0	|	-50.0	8.89(-50)		|	2	
2930	30	ok	|	1.00	0.90	0.90	10.38	0.00	0	|	rapi	0.00	0.00	0	|	-50.0	10.38(-50)		|	2	
2930	31	ok	|	1.00	0.87	0.87	12.63	0.00	0	|	rapi	0.00	0.00	0	|	-50.0	12.63(-50)		|	2	
2930	32	ok	|	1.00	0.85	0.85	14.93	0.00	0	|	rapi	0.00	0.00	0	|	-50.0	14.93(-50)		|	2	
2930	33	ok	|	1.00	0.83	0.83	17.16	0.00	0	|	rapi	0.00	0.00	0	|	-50.0	17.16(-50)		|	2	
2930	34	ok	|	1.00	0.80	0.80	20.21	0.00	0	|	rapi	0.00	0.00	0	|	-50.0	20.21(-50)	0.00(-50)	|	2	
2930	35	ok	|	1.00	0.76	0.76	23.95	0.00	0	|	rapi	0.00	0.00	0	|	-50.0	23.95(-50)	0.00(-50)	|	2	
2930	36	ok	|	1.00	0.72	0.72	28.13	0.00	0	|	rapi	0.00	0.00	0	|	-50.0	28.13(-50)	0.00(-50)	|	2	
2930	37	ok	|	1.00	0.67	0.67	32.83	0.00	0	|	rapi	0.00	0.00	0	|	-50.0	32.83(-50)	0.00(-50)	|	2	
2930	38	ok	|	1.00	0.61	0.61	38.78	0.00	0	|	rapi	0.00	0.00	0	|	-50.0	38.78(-50)	0.00(-50)	|	2	
2930	39	ok	|	1.00	0.54	0.54	45.59	0.00	0	|	rapi	0.01	0.01	0	|	-50.0	45.59(-50)	0.01(-50)	|	2	
2930	40	ok	|	1.00	0.47	0.47	53.21	0.00	0	|	rapi	0.01	0.01	0	|	-50.0	53.21(-50)	0.01(-50)	|	2	
2930	41	ok	|	1.00	0.38	0.38	61.65	0.00	0	|	rapi	0.01	0.01	0	|	-50.0	61.65(-50)	0.01(-50)	|	2	
2930	42	ok	|	1.00	0.29	0.29	70.62	0.00	0	|	rapi	0.01	0.01	0	|	-50.0	70.62(-50)	0.01(-50)	|	2	
2930	43	ok	|	1.00	0.20	0.20	80.48	0.00	0	|	rapi	0.02	0.02	0	|	-50.0	80.48(-50)	0.02(-50)	|	2	
2930	44	ok	|	1.00	0.12	0.12	89.13	0.00	0	|	rapi	0.04	0.05	0	|	-50.0	89.13(-50)	0.05(-50)	|	2	
2930	45	fail-w	|	1.00	0.08	0.08	95.10	0.00	0	|	rapi	0.10	0.10	0	|	-50.0	95.10(-50)	0.10(-50)	|	2	
