3063	0	ok	|	0.10	1.00	1.00	0.10	0.00	0	|	rapi	0.10	0.10	0	|	87.0	0.10(87)	0.10(87)	|	7716	
3063	1	ok	|	0.11	1.00	1.00	0.11	0.00	0	|	rapi	0.11	0.11	0	|	87.0	0.11(87)	0.11(87)	|	7716	
3063	2	ok	|	0.11	1.00	1.00	0.11	0.00	0	|	rapi	0.11	0.11	0	|	87.0	0.11(87)	0.11(87)	|	7716	
3063	3	ok	|	0.09	1.00	1.00	0.10	0.00	0	|	rapi	0.09	0.09	0	|	87.0	0.10(87)	0.09(87)	|	7716	
3063	4	ok	|	0.08	1.00	1.00	0.08	0.00	0	|	rapi	0.08	0.08	0	|	87.0	0.08(87)	0.08(87)	|	7716	
3063	5	ok	|	0.08	1.00	1.00	0.08	0.00	0	|	rapi	0.08	0.08	0	|	87.0	0.08(87)	0.08(87)	|	7716	
3063	6	ok	|	0.07	1.00	1.00	0.07	0.00	0	|	rapi	0.07	0.07	0	|	87.0	0.07(87)	0.07(87)	|	7716	
3063	7	ok	|	0.08	1.00	1.00	0.09	0.00	0	|	rapi	0.08	0.09	0	|	87.0	0.09(87)	0.09(87)	|	7716	
3063	8	ok	|	0.08	1.00	1.00	0.08	0.00	0	|	rapi	0.08	0.08	0	|	87.0	0.08(87)	0.08(87)	|	7716	
3063	9	ok	|	0.07	1.00	1.00	0.07	0.00	0	|	rapi	0.07	0.07	0	|	87.0	0.07(87)	0.07(87)	|	7716	
3063	10	ok	|	0.07	1.00	1.00	0.07	0.00	0	|	rapi	0.07	0.07	0	|	87.0	0.07(87)	0.07(87)	|	7716	
3063	11	ok	|	0.06	1.00	1.00	0.06	0.00	0	|	rapi	0.06	0.06	0	|	87.0	0.06(87)	0.06(87)	|	7716	
3063	12	ok	|	0.07	1.00	1.00	0.07	0.00	0	|	rapi	0.07	0.07	0	|	87.0	0.07(87)	0.07(87)	|	7716	
3063	13	ok	|	0.05	1.00	1.00	0.05	0.00	0	|	rapi	0.05	0.05	0	|	87.0	0.05(87)	0.05(87)	|	7716	
3063	14	ok	|	0.05	1.00	1.00	0.05	0.00	0	|	rapi	0.05	0.05	0	|	87.0	0.05(87)	0.05(87)	|	7716	
3063	15	ok	|	0.05	1.00	1.00	0.05	0.00	0	|	rapi	0.05	0.05	0	|	87.0	0.05(87)	0.05(87)	|	7716	
3063	16	ok	|	0.04	1.00	1.00	0.04	0.00	0	|	rapi	0.04	0.04	0	|	87.0	0.04(87)	0.04(87)	|	7716	
3063	17	ok	|	0.04	1.00	1.00	0.04	0.00	0	|	rapi	0.04	0.04	0	|	87.0	0.04(87)	0.04(87)	|	7716	
3063	18	ok	|	0.04	1.00	1.00	0.04	0.00	0	|	rapi	0.04	0.04	0	|	87.0	0.04(87)	0.04(87)	|	7716	
3063	19	ok	|	0.05	1.00	1.00	0.05	0.00	0	|	rapi	0.05	0.05	0	|	87.0	0.05(87)	0.05(87)	|	7716	
3063	20	ok	|	0.05	1.00	1.00	0.06	0.01	0	|	rapi	0.05	0.06	0	|	87.0	0.06(87)	0.06(87)	|	7716	
3063	21	ok	|	0.06	1.00	1.00	0.06	0.01	0	|	rapi	0.06	0.06	0	|	87.0	0.06(87)	0.06(87)	|	7716	
3063	22	ok	|	0.05	1.00	1.00	0.05	0.01	0	|	rapi	0.05	0.05	0	|	87.0	0.05(87)	0.05(87)	|	7716	
3063	23	ok	|	0.05	1.00	1.00	0.05	0.01	0	|	rapi	0.05	0.05	0	|	87.0	0.05(87)	0.05(87)	|	7716	
3063	24	ok	|	0.06	1.00	1.00	0.06	0.01	0	|	rapi	0.06	0.06	0	|	87.0	0.06(87)	0.06(87)	|	7716	
3063	25	ok	|	0.06	1.00	1.00	0.06	0.01	0	|	rapi	0.06	0.06	0	|	87.0	0.06(87)	0.06(87)	|	7716	
3063	26	ok	|	0.06	1.00	1.00	0.06	0.01	0	|	rapi	0.06	0.06	0	|	87.0	0.06(87)	0.06(87)	|	7716	
3063	27	ok	|	0.05	1.00	1.00	0.05	0.01	0	|	rapi	0.05	0.05	0	|	87.0	0.05(87)	0.05(87)	|	7716	
3063	28	ok	|	0.04	1.00	1.00	0.05	0.01	0	|	rapi	0.04	0.05	0	|	87.0	0.05(87)	0.05(87)	|	7716	
3063	29	ok	|	0.04	1.00	1.00	0.04	0.01	0	|	rapi	0.04	0.04	0	|	87.0	0.04(87)	0.04(87)	|	7716	
3063	30	ok	|	0.04	1.00	1.00	0.04	0.01	0	|	rapi	0.04	0.04	0	|	87.0	0.04(87)	0.04(87)	|	7716	
3063	31	ok	|	0.05	1.00	1.00	0.05	0.01	0	|	rapi	0.05	0.05	0	|	87.0	0.05(87)	0.05(87)	|	7716	
3063	32	ok	|	0.05	1.00	1.00	0.05	0.01	0	|	rapi	0.05	0.05	0	|	87.0	0.05(87)	0.05(87)	|	7716	
3063	33	ok	|	0.05	1.00	1.00	0.05	0.01	0	|	rapi	0.05	0.05	0	|	87.0	0.05(87)	0.05(87)	|	7716	
3063	34	ok	|	0.05	1.00	1.00	0.05	0.01	0	|	rapi	0.05	0.05	0	|	87.0	0.05(87)	0.05(87)	|	7716	
3063	35	ok	|	0.06	1.00	1.00	0.06	0.02	0	|	rapi	0.06	0.06	0	|	87.0	0.06(87)	0.06(87)	|	7716	
3063	36	ok	|	0.06	1.00	1.00	0.06	0.01	0	|	rapi	0.06	0.06	0	|	87.0	0.06(87)	0.06(87)	|	7716	
3063	37	ok	|	0.05	1.00	1.00	0.05	0.01	0	|	rapi	0.05	0.05	0	|	87.0	0.05(87)	0.05(87)	|	7716	
3063	38	ok	|	0.05	1.00	1.00	0.05	0.01	0	|	rapi	0.05	0.05	0	|	87.0	0.05(87)	0.05(87)	|	7716	
3063	39	ok	|	0.05	1.00	1.00	0.05	0.01	0	|	rapi	0.05	0.05	0	|	87.0	0.05(87)	0.05(87)	|	7716	
3063	40	ok	|	0.05	1.00	1.00	0.05	0.01	0	|	rapi	0.05	0.05	0	|	87.0	0.05(87)	0.05(87)	|	7716	
3063	41	ok	|	0.05	1.00	1.00	0.05	0.01	0	|	rapi	0.05	0.05	0	|	87.0	0.05(87)	0.05(87)	|	7716	
3063	42	ok	|	0.06	1.00	1.00	0.06	0.02	0	|	rapi	0.06	0.06	0	|	87.0	0.06(87)	0.06(87)	|	7716	
3063	43	ok	|	0.07	1.00	1.00	0.07	0.02	0	|	rapi	0.07	0.07	0	|	87.0	0.07(87)	0.07(87)	|	7716	
3063	44	ok	|	0.07	1.00	1.00	0.08	0.02	0	|	rapi	0.07	0.08	0	|	87.0	0.08(87)	0.08(87)	|	7716	
3063	45	ok	|	0.08	1.00	1.00	0.08	0.02	0	|	rapi	0.08	0.08	0	|	87.0	0.08(87)	0.08(87)	|	7716	
3063	46	ok	|	0.09	1.00	1.00	0.09	0.02	0	|	rapi	0.09	0.09	0	|	87.0	0.09(87)	0.09(87)	|	7716	
3063	47	ok	|	0.07	1.00	1.00	0.07	0.02	0	|	rapi	0.07	0.07	0	|	87.0	0.07(87)	0.07(87)	|	7716	
3063	48	ok	|	0.06	1.00	1.00	0.06	0.01	0	|	rapi	0.06	0.06	0	|	87.0	0.06(87)	0.06(87)	|	7716	
3063	49	ok	|	0.06	1.00	1.00	0.06	0.01	0	|	rapi	0.06	0.06	0	|	87.0	0.06(87)	0.06(87)	|	7716	
3063	50	ok	|	0.06	1.00	1.00	0.06	0.01	0	|	rapi	0.06	0.06	0	|	87.0	0.06(87)	0.06(87)	|	7716	
3063	51	ok	|	0.06	1.00	1.00	0.06	0.02	0	|	rapi	0.06	0.06	0	|	87.0	0.06(87)	0.06(87)	|	7716	
3063	52	ok	|	0.07	1.00	1.00	0.07	0.02	0	|	rapi	0.07	0.07	0	|	87.0	0.07(87)	0.07(87)	|	7716	
3063	53	ok	|	0.07	1.00	1.00	0.08	0.02	0	|	rapi	0.07	0.08	0	|	87.0	0.08(87)	0.08(87)	|	7716	
3063	54	ok	|	0.07	1.00	1.00	0.08	0.02	0	|	rapi	0.07	0.08	0	|	87.0	0.08(87)	0.08(87)	|	7716	
3063	55	ok	|	0.09	1.00	1.00	0.09	0.02	0	|	rapi	0.09	0.09	0	|	87.0	0.09(87)	0.09(87)	|	7716	
3063	56	ok	|	0.08	1.00	1.00	0.09	0.02	0	|	rapi	0.08	0.09	0	|	87.0	0.09(87)	0.09(87)	|	7716	
3063	57	ok	|	0.07	1.00	1.00	0.08	0.02	0	|	rapi	0.07	0.08	0	|	87.0	0.08(87)	0.08(87)	|	7716	
3063	58	ok	|	0.07	1.00	1.00	0.07	0.02	0	|	rapi	0.07	0.07	0	|	87.0	0.07(87)	0.07(87)	|	7716	
3063	59	ok	|	0.07	1.00	1.00	0.08	0.02	0	|	rapi	0.07	0.08	0	|	87.0	0.08(87)	0.08(87)	|	7716	
3063	60	ok	|	0.10	1.00	1.00	0.10	0.02	0	|	rapi	0.10	0.10	0	|	87.0	0.10(87)	0.10(87)	|	7716	
3063	61	ok	|	0.08	1.00	1.00	0.08	0.02	0	|	rapi	0.08	0.08	0	|	87.0	0.08(87)	0.08(87)	|	7716	
3063	62	ok	|	0.07	1.00	1.00	0.07	0.02	0	|	rapi	0.07	0.07	0	|	87.0	0.07(87)	0.07(87)	|	7716	
3063	63	ok	|	0.07	1.00	1.00	0.07	0.02	0	|	rapi	0.07	0.07	0	|	87.0	0.07(87)	0.07(87)	|	7716	
3063	64	ok	|	0.08	1.00	1.00	0.08	0.02	0	|	rapi	0.08	0.08	0	|	87.0	0.08(87)	0.08(87)	|	7716	
3063	65	ok	|	0.09	1.00	1.00	0.10	0.02	0	|	rapi	0.09	0.10	0	|	87.0	0.10(87)	0.10(87)	|	7716	
3063	66	ok	|	0.09	1.00	1.00	0.10	0.02	0	|	rapi	0.09	0.10	0	|	87.0	0.10(87)	0.10(87)	|	7716	
3063	67	ok	|	0.09	1.00	1.00	0.09	0.02	0	|	rapi	0.09	0.09	0	|	87.0	0.09(87)	0.09(87)	|	7716	
3063	68	ok	|	0.10	1.00	1.00	0.11	0.03	0	|	rapi	0.10	0.11	0	|	87.0	0.11(87)	0.11(87)	|	7716	
3063	69	ok	|	0.12	1.00	1.00	0.12	0.06	0	|	rapi	0.12	0.12	0	|	87.0	0.12(87)	0.12(87)	|	7716	
3063	70	ok	|	0.11	1.00	1.00	0.11	0.05	0	|	rapi	0.11	0.11	0	|	87.0	0.11(87)	0.11(87)	|	7716	
3063	71	ok	|	0.10	1.00	1.00	0.11	0.06	0	|	rapi	0.10	0.11	0	|	87.0	0.11(87)	0.11(87)	|	7716	
3063	72	ok	|	0.11	1.00	1.00	0.11	0.06	0	|	rapi	0.11	0.11	0	|	87.0	0.11(87)	0.11(87)	|	7716	
3063	73	ok	|	0.11	1.00	1.00	0.11	0.06	0	|	rapi	0.11	0.11	0	|	87.0	0.11(87)	0.11(87)	|	7716	
3063	74	ok	|	0.12	1.00	1.00	0.12	0.06	0	|	rapi	0.12	0.12	0	|	87.0	0.12(87)	0.12(87)	|	7716	
3063	75	ok	|	0.12	1.00	1.00	0.12	0.06	0	|	rapi	0.12	0.12	0	|	87.0	0.12(87)	0.12(87)	|	7716	
3063	76	ok	|	0.12	1.00	1.00	0.13	0.06	0	|	rapi	0.12	0.13	0	|	87.0	0.13(87)	0.13(87)	|	7716	
3063	77	ok	|	0.12	1.00	1.00	0.13	0.06	0	|	rapi	0.12	0.13	0	|	87.0	0.13(87)	0.13(87)	|	7716	
3063	78	ok	|	0.14	1.00	1.00	0.15	0.08	0	|	rapi	0.14	0.15	0	|	87.0	0.15(87)	0.15(87)	|	7716	
3063	79	ok	|	0.15	1.00	1.00	0.16	0.08	0	|	rapi	0.15	0.16	0	|	87.0	0.16(87)	0.16(87)	|	7716	
3063	80	ok	|	0.16	1.00	1.00	0.17	0.08	0	|	rapi	0.16	0.17	0	|	87.0	0.17(87)	0.17(87)	|	7716	
3063	81	ok	|	0.16	1.00	1.00	0.16	0.08	0	|	rapi	0.16	0.16	0	|	87.0	0.16(87)	0.16(87)	|	7716	
3063	82	ok	|	0.15	1.00	1.00	0.15	0.07	0	|	rapi	0.15	0.15	0	|	87.0	0.15(87)	0.15(87)	|	7716	
3063	83	ok	|	0.13	1.00	1.00	0.13	0.07	0	|	rapi	0.13	0.13	0	|	87.0	0.13(87)	0.13(87)	|	7716	
3063	84	ok	|	0.13	1.00	1.00	0.13	0.07	0	|	rapi	0.13	0.13	0	|	87.0	0.13(87)	0.13(87)	|	7716	
3063	85	ok	|	0.13	1.00	1.00	0.14	0.07	0	|	rapi	0.13	0.14	0	|	87.0	0.14(87)	0.14(87)	|	7716	
3063	86	ok	|	0.14	1.00	1.00	0.15	0.08	0	|	rapi	0.14	0.15	0	|	87.0	0.15(87)	0.15(87)	|	7716	
3063	87	ok	|	0.14	1.00	1.00	0.14	0.07	0	|	rapi	0.14	0.14	0	|	87.0	0.14(87)	0.14(87)	|	7716	
3063	88	ok	|	0.12	1.00	1.00	0.13	0.06	0	|	rapi	0.12	0.13	0	|	87.0	0.13(87)	0.13(87)	|	7716	
3063	89	ok	|	0.13	1.00	1.00	0.14	0.07	0	|	rapi	0.13	0.14	0	|	87.0	0.14(87)	0.14(87)	|	7716	
3063	90	ok	|	0.14	1.00	1.00	0.14	0.07	0	|	rapi	0.14	0.14	0	|	87.0	0.14(87)	0.14(87)	|	7716	
3063	91	ok	|	0.13	1.00	1.00	0.13	0.07	0	|	rapi	0.13	0.13	0	|	87.0	0.13(87)	0.13(87)	|	7716	
3063	92	ok	|	0.13	1.00	1.00	0.14	0.07	0	|	rapi	0.13	0.14	0	|	87.0	0.14(87)	0.14(87)	|	7716	
3063	93	ok	|	0.15	1.00	1.00	0.16	0.08	0	|	rapi	0.15	0.16	0	|	87.0	0.16(87)	0.16(87)	|	7716	
3063	94	ok	|	0.14	1.00	1.00	0.15	0.08	0	|	rapi	0.14	0.15	0	|	87.0	0.15(87)	0.15(87)	|	7716	
3063	95	ok	|	0.13	1.00	1.00	0.13	0.07	0	|	rapi	0.13	0.13	0	|	87.0	0.13(87)	0.13(87)	|	7716	
3063	96	ok	|	0.12	1.00	1.00	0.13	0.06	0	|	rapi	0.12	0.13	0	|	87.0	0.13(87)	0.13(87)	|	7716	
3063	97	ok	|	0.13	1.00	1.00	0.14	0.07	0	|	rapi	0.13	0.14	0	|	87.0	0.14(87)	0.14(87)	|	7716	
3063	98	ok	|	0.12	1.00	1.00	0.12	0.06	0	|	rapi	0.12	0.12	0	|	87.0	0.12(87)	0.12(87)	|	7716	
3063	99	ok	|	0.12	1.00	1.00	0.12	0.06	0	|	rapi	0.12	0.12	0	|	87.0	0.12(87)	0.12(87)	|	7716	
3063	100	ok	|	0.12	1.00	1.00	0.12	0.06	0	|	rapi	0.12	0.12	0	|	87.0	0.12(87)	0.12(87)	|	7716	
3063	101	ok	|	0.12	1.00	1.00	0.13	0.06	0	|	rapi	0.12	0.13	0	|	87.0	0.13(87)	0.13(87)	|	7716	
3063	102	ok	|	0.11	1.00	1.00	0.11	0.05	0	|	rapi	0.11	0.11	0	|	87.0	0.11(87)	0.11(87)	|	7716	
3063	103	ok	|	0.10	1.00	1.00	0.11	0.05	0	|	rapi	0.10	0.11	0	|	87.0	0.11(87)	0.11(87)	|	7716	
3063	104	ok	|	0.12	1.00	1.00	0.12	0.06	0	|	rapi	0.12	0.12	0	|	87.0	0.12(87)	0.12(87)	|	7716	
3063	105	ok	|	0.13	1.00	1.00	0.13	0.07	0	|	rapi	0.13	0.13	0	|	87.0	0.13(87)	0.13(87)	|	7716	
3063	106	ok	|	0.12	1.00	1.00	0.13	0.06	0	|	rapi	0.12	0.13	0	|	87.0	0.13(87)	0.13(87)	|	7716	
3063	107	ok	|	0.12	1.00	1.00	0.13	0.06	0	|	rapi	0.12	0.13	0	|	87.0	0.13(87)	0.13(87)	|	7716	
3063	108	ok	|	0.15	1.00	1.00	0.15	0.08	0	|	rapi	0.15	0.15	0	|	87.0	0.15(87)	0.15(87)	|	7716	
3063	109	ok	|	0.14	1.00	1.00	0.15	0.07	0	|	rapi	0.14	0.15	0	|	87.0	0.15(87)	0.15(87)	|	7716	
3063	110	ok	|	0.12	1.00	1.00	0.12	0.06	0	|	rapi	0.12	0.12	0	|	87.0	0.12(87)	0.12(87)	|	7716	
3063	111	ok	|	0.12	1.00	1.00	0.12	0.06	0	|	rapi	0.12	0.12	0	|	87.0	0.12(87)	0.12(87)	|	7716	
3063	112	ok	|	0.12	1.00	1.00	0.12	0.06	0	|	rapi	0.12	0.12	0	|	87.0	0.12(87)	0.12(87)	|	7716	
3063	113	ok	|	0.12	1.00	1.00	0.13	0.06	0	|	rapi	0.12	0.13	0	|	87.0	0.13(87)	0.13(87)	|	7716	
3063	114	ok	|	0.13	1.00	1.00	0.13	0.07	0	|	rapi	0.13	0.13	0	|	87.0	0.13(87)	0.13(87)	|	7716	
3063	115	ok	|	0.13	1.00	1.00	0.13	0.07	0	|	rapi	0.13	0.13	0	|	87.0	0.13(87)	0.13(87)	|	7716	
3063	116	ok	|	0.11	1.00	1.00	0.11	0.06	0	|	rapi	0.11	0.11	0	|	87.0	0.11(87)	0.11(87)	|	7716	
3063	117	ok	|	0.11	1.00	1.00	0.12	0.06	0	|	rapi	0.11	0.12	0	|	87.0	0.12(87)	0.12(87)	|	7716	
3063	118	ok	|	0.12	1.00	1.00	0.12	0.06	0	|	rapi	0.12	0.12	0	|	87.0	0.12(87)	0.12(87)	|	7716	
3063	119	ok	|	0.12	1.00	1.00	0.12	0.06	0	|	rapi	0.12	0.12	0	|	87.0	0.12(87)	0.12(87)	|	7716	
3063	120	ok	|	0.12	1.00	1.00	0.12	0.06	0	|	rapi	0.12	0.12	0	|	87.0	0.12(87)	0.12(87)	|	7716	
3063	121	ok	|	0.12	1.00	1.00	0.12	0.06	0	|	rapi	0.12	0.12	0	|	87.0	0.12(87)	0.12(87)	|	7716	
3063	122	ok	|	0.11	1.00	1.00	0.12	0.06	0	|	rapi	0.11	0.12	0	|	87.0	0.12(87)	0.12(87)	|	7716	
3063	123	ok	|	0.11	1.00	1.00	0.12	0.06	0	|	rapi	0.11	0.12	0	|	87.0	0.12(87)	0.12(87)	|	7716	
3063	124	ok	|	0.11	1.00	1.00	0.11	0.06	0	|	rapi	0.11	0.11	0	|	87.0	0.11(87)	0.11(87)	|	7716	
3063	125	ok	|	0.11	1.00	1.00	0.12	0.06	0	|	rapi	0.11	0.12	0	|	87.0	0.12(87)	0.12(87)	|	7716	
3063	126	ok	|	0.11	1.00	1.00	0.12	0.06	0	|	rapi	0.11	0.12	0	|	87.0	0.12(87)	0.12(87)	|	7716	
3063	127	ok	|	0.12	1.00	1.00	0.12	0.06	0	|	rapi	0.12	0.12	0	|	87.0	0.12(87)	0.12(87)	|	7716	
3063	128	ok	|	0.11	1.00	1.00	0.11	0.06	0	|	rapi	0.11	0.11	0	|	87.0	0.11(87)	0.11(87)	|	7716	
3063	129	ok	|	0.11	1.00	1.00	0.12	0.06	0	|	rapi	0.11	0.12	0	|	87.0	0.12(87)	0.12(87)	|	7716	
3063	130	ok	|	0.12	1.00	1.00	0.12	0.06	0	|	rapi	0.12	0.12	0	|	87.0	0.12(87)	0.12(87)	|	7716	
3063	131	ok	|	0.12	1.00	1.00	0.12	0.06	0	|	rapi	0.12	0.12	0	|	87.0	0.12(87)	0.12(87)	|	7716	
3063	132	ok	|	0.12	1.00	1.00	0.13	0.06	0	|	rapi	0.12	0.13	0	|	87.0	0.13(87)	0.13(87)	|	7716	
3063	133	ok	|	0.11	1.00	1.00	0.12	0.06	0	|	rapi	0.11	0.12	0	|	87.0	0.12(87)	0.12(87)	|	7716	
3063	134	ok	|	0.10	1.00	1.00	0.11	0.05	0	|	rapi	0.10	0.11	0	|	87.0	0.11(87)	0.11(87)	|	7716	
3063	135	ok	|	0.09	1.00	1.00	0.10	0.05	0	|	rapi	0.09	0.10	0	|	87.0	0.10(87)	0.10(87)	|	7716	
3063	136	ok	|	0.11	1.00	1.00	0.11	0.06	0	|	rapi	0.11	0.11	0	|	87.0	0.11(87)	0.11(87)	|	7716	
3063	137	ok	|	0.12	1.00	1.00	0.12	0.06	0	|	rapi	0.12	0.12	0	|	87.0	0.12(87)	0.12(87)	|	7716	
3063	138	ok	|	0.11	1.00	1.00	0.11	0.06	0	|	rapi	0.11	0.11	0	|	87.0	0.11(87)	0.11(87)	|	7716	
3063	139	ok	|	0.10	1.00	1.00	0.10	0.05	0	|	rapi	0.10	0.10	0	|	87.0	0.10(87)	0.10(87)	|	7716	
3063	140	ok	|	0.10	1.00	1.00	0.10	0.05	0	|	rapi	0.10	0.10	0	|	87.0	0.10(87)	0.10(87)	|	7716	
3063	141	ok	|	0.09	1.00	1.00	0.09	0.05	0	|	rapi	0.09	0.09	0	|	87.0	0.09(87)	0.09(87)	|	7716	
3063	142	ok	|	0.09	1.00	1.00	0.09	0.04	0	|	rapi	0.09	0.09	0	|	87.0	0.09(87)	0.09(87)	|	7716	
3063	143	ok	|	0.09	1.00	1.00	0.09	0.04	0	|	rapi	0.09	0.09	0	|	87.0	0.09(87)	0.09(87)	|	7716	
3063	144	ok	|	0.09	1.00	1.00	0.09	0.04	0	|	rapi	0.09	0.09	0	|	87.0	0.09(87)	0.09(87)	|	7716	
3063	145	ok	|	0.09	1.00	1.00	0.09	0.04	0	|	rapi	0.09	0.09	0	|	87.0	0.09(87)	0.09(87)	|	7716	
3063	146	ok	|	0.09	1.00	1.00	0.09	0.05	0	|	rapi	0.09	0.09	0	|	87.0	0.09(87)	0.09(87)	|	7716	
3063	147	ok	|	0.08	1.00	1.00	0.09	0.04	0	|	rapi	0.08	0.09	0	|	87.0	0.09(87)	0.09(87)	|	7716	
3063	148	ok	|	0.08	1.00	1.00	0.08	0.04	0	|	rapi	0.08	0.08	0	|	87.0	0.08(87)	0.08(87)	|	7716	
3063	149	ok	|	0.06	1.00	1.00	0.07	0.03	0	|	rapi	0.06	0.07	0	|	87.0	0.07(87)	0.07(87)	|	7716	
3063	150	ok	|	0.06	1.00	1.00	0.07	0.03	0	|	rapi	0.06	0.07	0	|	87.0	0.07(87)	0.07(87)	|	7716	
3063	151	ok	|	0.07	1.00	1.00	0.07	0.04	0	|	rapi	0.07	0.07	0	|	87.0	0.07(87)	0.07(87)	|	7716	
3063	152	ok	|	0.07	1.00	1.00	0.07	0.04	0	|	rapi	0.07	0.07	0	|	87.0	0.07(87)	0.07(87)	|	7716	
3063	153	ok	|	0.07	1.00	1.00	0.07	0.03	0	|	rapi	0.07	0.07	0	|	87.0	0.07(87)	0.07(87)	|	7716	
3063	154	ok	|	0.07	1.00	1.00	0.08	0.04	0	|	rapi	0.07	0.08	0	|	87.0	0.08(87)	0.08(87)	|	7716	
3063	155	ok	|	0.08	1.00	1.00	0.08	0.04	0	|	rapi	0.08	0.08	0	|	87.0	0.08(87)	0.08(87)	|	7716	
3063	156	ok	|	0.08	1.00	1.00	0.08	0.04	0	|	rapi	0.08	0.08	0	|	87.0	0.08(87)	0.08(87)	|	7716	
3063	157	ok	|	0.06	1.00	1.00	0.06	0.03	0	|	rapi	0.06	0.06	0	|	87.0	0.06(87)	0.06(87)	|	7716	
3063	158	ok	|	0.06	1.00	1.00	0.06	0.03	0	|	rapi	0.06	0.06	0	|	87.0	0.06(87)	0.06(87)	|	7716	
3063	159	ok	|	0.06	1.00	1.00	0.06	0.03	0	|	rapi	0.06	0.06	0	|	87.0	0.06(87)	0.06(87)	|	7716	
3063	160	ok	|	0.05	1.00	1.00	0.05	0.02	0	|	rapi	0.05	0.05	0	|	87.0	0.05(87)	0.05(87)	|	7716	
3063	161	ok	|	0.04	1.00	1.00	0.05	0.02	0	|	rapi	0.04	0.05	0	|	87.0	0.05(87)	0.05(87)	|	7716	
3063	162	ok	|	0.04	1.00	1.00	0.04	0.02	0	|	rapi	0.04	0.04	0	|	87.0	0.04(87)	0.04(87)	|	7716	
3063	163	ok	|	0.04	1.00	1.00	0.04	0.02	0	|	rapi	0.04	0.04	0	|	87.0	0.04(87)	0.04(87)	|	7716	
3063	164	ok	|	0.04	1.00	1.00	0.04	0.02	0	|	rapi	0.04	0.04	0	|	87.0	0.04(87)	0.04(87)	|	7716	
3063	165	ok	|	0.03	1.00	1.00	0.03	0.02	0	|	rapi	0.03	0.03	0	|	87.0	0.03(87)	0.03(87)	|	7716	
3063	166	ok	|	0.02	1.00	1.00	0.02	0.01	0	|	rapi	0.02	0.02	0	|	87.0	0.02(87)	0.02(87)	|	7716	
3063	167	ok	|	0.01	1.00	1.00	0.01	0.01	0	|	rapi	0.01	0.01	0	|	87.0	0.01(87)	0.01(87)	|	7716	
3063	168	ok	|	0.01	1.00	1.00	0.01	0.00	0	|	rapi	0.01	0.01	0	|	87.0	0.01(87)	0.01(87)	|	7716	
3063	169	ok	|	0.01	1.00	1.00	0.01	0.00	0	|	rapi	0.01	0.01	0	|	87.0	0.01(87)	0.01(87)	|	7716	
3063	170	ok	|	0.00	1.00	1.00	0.00	0.00	0	|	rapi	0.00	0.00	0	|	87.0	0.00(87)	0.00(87)	|	7716	
3063	171	ok	|	0.01	1.00	1.00	0.01	0.01	0	|	rapi	0.01	0.01	0	|	87.0	0.01(87)	0.01(87)	|	7716	
3063	172	ok	|	0.01	1.00	1.00	0.01	0.00	0	|	rapi	0.01	0.01	0	|	87.0	0.01(87)	0.01(87)	|	7716	
3063	173	ok	|	0.01	1.00	1.00	0.01	0.00	0	|	rapi	0.01	0.01	0	|	87.0	0.01(87)	0.01(87)	|	7716	
3063	174	ok	|	0.01	1.00	1.00	0.01	0.00	0	|	rapi	0.01	0.01	0	|	87.0	0.01(87)	0.01(87)	|	7716	
3063	175	ok	|	0.01	1.00	1.00	0.01	0.00	0	|	rapi	0.01	0.01	0	|	87.0	0.01(87)	0.01(87)	|	7716	
3063	176	ok	|	0.01	1.00	1.00	0.01	0.00	0	|	rapi	0.01	0.01	0	|	87.0	0.01(87)	0.01(87)	|	7716	
3063	177	ok	|	0.00	1.00	1.00	0.00	0.00	0	|	rapi	0.00	0.00	0	|	87.0	0.00(87)	0.00(87)	|	7716	
3063	178	ok	|	0.00	1.00	1.00	0.00	0.00	0	|	rapi	0.00	0.00	0	|	87.0	0.00(87)	0.00(87)	|	7716	
3063	179	ok	|	0.00	1.00	1.00	0.00	0.00	0	|	rapi	0.00	0.00	0	|	87.0	0.00(87)	0.00(87)	|	7716	
3063	180	ok	|	0.00	1.00	1.00	0.00	0.00	0	|	rapi	0.00	0.00	0	|	87.0	0.00(87)	0.00(87)	|	7716	
3063	181	ok	|	0.00	1.00	1.00	0.00	0.00	0	|	rapi	0.00	0.00	0	|	87.0	0.00(87)	0.00(87)	|	7716	
3063	182	ok	|	0.00	1.00	1.00	0.00	0.00	0	|	rapi	0.00	0.00	0	|	87.0	0.00(87)	0.00(87)	|	7716	
3063	183	fail-0	|	0.00	1.00	1.00	0.00	NaN	0	|	rapi	0.00	0.00	0	|	NaN			|	7716	
