3126	0	ok	|	0.09	1.00	1.00	0.10	0.00	0	|	rapi	0.00	0.00	0	|	-91.0	0.10(-91)		|	2	
3126	1	ok	|	0.10	1.00	1.00	0.11	0.00	0	|	rapi	0.00	0.00	0	|	-91.0	0.11(-91)		|	2	
3126	2	ok	|	0.11	1.00	1.00	0.12	0.00	0	|	rapi	0.00	0.00	0	|	-91.0	0.12(-91)		|	2	
3126	3	ok	|	0.13	1.00	1.00	0.18	0.00	0	|	rapi	0.00	0.00	0	|	-91.0	0.18(-91)		|	2	
3126	4	ok	|	0.16	1.00	1.00	0.21	0.00	0	|	rapi	0.00	0.00	0	|	-91.0	0.21(-91)		|	2	
3126	5	ok	|	0.18	1.00	1.00	0.24	0.00	0	|	rapi	0.00	0.00	0	|	-91.0	0.24(-91)		|	2	
3126	6	ok	|	0.19	1.00	1.00	0.26	0.00	0	|	rapi	0.00	0.00	0	|	-91.0	0.26(-91)		|	2	
3126	7	ok	|	0.21	1.00	1.00	0.29	0.00	0	|	rapi	0.00	0.00	0	|	-91.0	0.29(-91)		|	2	
3126	8	ok	|	0.22	1.00	1.00	0.32	0.00	0	|	rapi	0.00	0.00	0	|	-91.0	0.32(-91)		|	2	
3126	9	ok	|	0.25	1.00	1.00	0.37	0.00	0	|	rapi	0.00	0.00	0	|	-91.0	0.37(-91)		|	2	
3126	10	ok	|	0.28	1.00	1.00	0.43	0.00	0	|	rapi	0.00	0.00	0	|	-91.0	0.43(-91)		|	2	
3126	11	ok	|	0.34	0.99	0.99	0.53	0.00	0	|	rapi	0.00	0.00	0	|	-91.0	0.53(-91)		|	2	
3126	12	ok	|	0.39	0.99	0.99	0.63	0.00	0	|	rapi	0.00	0.00	0	|	-91.0	0.63(-91)		|	2	
3126	13	ok	|	0.45	0.99	0.99	0.77	0.00	0	|	rapi	0.00	0.00	0	|	-91.0	0.77(-91)		|	2	
3126	14	ok	|	0.52	0.99	0.99	0.94	0.00	0	|	rapi	0.00	0.00	0	|	-91.0	0.94(-91)		|	2	
3126	15	ok	|	0.55	0.99	0.99	1.03	0.00	0	|	rapi	0.00	0.00	0	|	-91.0	1.03(-91)		|	2	
3126	16	ok	|	0.59	0.99	0.99	1.14	0.00	0	|	rapi	0.00	0.00	0	|	-91.0	1.14(-91)		|	2	
3126	17	ok	|	0.64	0.99	0.99	1.30	0.00	0	|	rapi	0.00	0.00	0	|	-91.0	1.30(-91)		|	2	
3126	18	ok	|	0.71	0.98	0.98	1.55	0.00	0	|	rapi	0.00	0.00	0	|	-91.0	1.55(-91)		|	2	
3126	19	ok	|	0.78	0.98	0.98	1.86	0.00	0	|	rapi	0.00	0.00	0	|	-91.0	1.86(-91)		|	2	
3126	20	ok	|	0.84	0.98	0.98	2.21	0.00	0	|	rapi	0.00	0.00	0	|	-91.0	2.21(-91)		|	2	
3126	21	ok	|	0.89	0.97	0.97	2.62	0.00	0	|	rapi	0.00	0.00	0	|	-91.0	2.62(-91)		|	2	
3126	22	ok	|	0.92	0.97	0.97	2.94	0.00	0	|	rapi	0.00	0.00	0	|	-91.0	2.94(-91)		|	2	
3126	23	ok	|	0.94	0.96	0.96	3.60	0.00	0	|	rapi	0.00	0.00	0	|	-91.0	3.60(-91)		|	2	
3126	24	ok	|	0.97	0.96	0.96	4.23	0.00	0	|	rapi	0.00	0.00	0	|	-91.0	4.23(-91)		|	2	
3126	25	ok	|	0.98	0.95	0.95	4.94	0.00	0	|	rapi	0.00	0.00	0	|	-91.0	4.94(-91)		|	2	
3126	26	ok	|	0.98	0.94	0.94	5.78	0.00	0	|	rapi	0.00	0.00	0	|	-91.0	5.78(-91)		|	2	
3126	27	ok	|	1.00	0.93	0.93	6.85	0.00	0	|	rapi	0.00	0.00	0	|	-91.0	6.85(-91)		|	2	
3126	28	ok	|	1.00	0.92	0.92	8.32	0.00	0	|	rapi	0.00	0.00	0	|	-91.0	8.32(-91)		|	2	
3126	29	ok	|	1.00	0.90	0.90	9.72	0.00	0	|	rapi	0.00	0.00	0	|	-91.0	9.72(-91)		|	2	
3126	30	ok	|	1.00	0.89	0.89	11.42	0.00	0	|	rapi	0.00	0.00	0	|	-91.0	11.42(-91)		|	2	
3126	31	ok	|	1.00	0.86	0.86	13.69	0.00	0	|	rapi	0.00	0.00	0	|	-91.0	13.69(-91)		|	2	
3126	32	ok	|	1.00	0.84	0.84	15.86	0.00	0	|	rapi	0.00	0.00	0	|	-91.0	15.86(-91)		|	2	
3126	33	ok	|	1.00	0.81	0.81	18.68	0.00	0	|	rapi	0.00	0.00	0	|	-91.0	18.68(-91)		|	2	
3126	34	ok	|	1.00	0.78	0.78	22.35	0.00	0	|	rapi	0.00	0.00	0	|	-91.0	22.35(-91)	0.00(-91)	|	2	
3126	35	ok	|	1.00	0.74	0.74	26.26	0.00	0	|	rapi	0.00	0.00	0	|	-91.0	26.26(-91)	0.00(-91)	|	2	
3126	36	ok	|	1.00	0.69	0.69	30.55	0.00	0	|	rapi	0.00	0.00	0	|	-91.0	30.55(-91)		|	2	
3126	37	ok	|	1.00	0.64	0.64	35.87	0.00	0	|	rapi	0.00	0.00	0	|	-91.0	35.87(-91)	0.00(-91)	|	2	
3126	38	ok	|	1.00	0.59	0.59	41.46	0.00	0	|	rapi	0.00	0.00	0	|	-91.0	41.46(-91)	0.00(-91)	|	2	
3126	39	ok	|	1.00	0.51	0.51	48.87	0.00	0	|	rapi	0.00	0.00	0	|	-91.0	48.87(-91)	0.00(-91)	|	2	
3126	40	ok	|	1.00	0.43	0.43	57.33	0.00	0	|	rapi	0.00	0.00	0	|	-91.0	57.33(-91)	0.00(-91)	|	2	
3126	41	ok	|	1.00	0.34	0.34	66.32	0.00	0	|	rapi	0.00	0.00	0	|	-91.0	66.32(-91)	0.00(-91)	|	2	
3126	42	ok	|	1.00	0.25	0.25	75.54	0.00	0	|	rapi	0.00	0.00	0	|	-91.0	75.54(-91)	0.00(-91)	|	2	
3126	43	ok	|	1.00	0.15	0.15	85.01	0.00	0	|	rapi	0.00	0.00	0	|	-91.0	85.01(-91)	0.00(-91)	|	2	
3126	44	fail-w	|	1.00	0.08	0.08	93.41	0.00	0	|	rapi	0.00	0.00	0	|	-91.0	93.41(-91)	0.00(-91)	|	2	
