3234	0	ok	|	0.10	1.00	1.00	0.10	0.00	0	|	rapi	0.00	0.00	0	|	-81.0	0.10(-81)		|	5	
3234	1	ok	|	0.12	1.00	1.00	0.14	0.00	0	|	rapi	0.00	0.00	0	|	-81.0	0.14(-81)		|	5	
3234	2	ok	|	0.12	1.00	1.00	0.15	0.00	0	|	rapi	0.00	0.00	0	|	-81.0	0.15(-81)		|	5	
3234	3	ok	|	0.13	1.00	1.00	0.17	0.00	0	|	rapi	0.00	0.00	0	|	-81.0	0.17(-81)		|	5	
3234	4	ok	|	0.16	1.00	1.00	0.20	0.00	0	|	rapi	0.00	0.00	0	|	-81.0	0.20(-81)		|	5	
3234	5	ok	|	0.17	1.00	1.00	0.24	0.00	0	|	rapi	0.00	0.00	0	|	-81.0	0.24(-81)		|	5	
3234	6	ok	|	0.20	1.00	1.00	0.28	0.00	0	|	rapi	0.00	0.00	0	|	-81.0	0.28(-81)		|	5	
3234	7	ok	|	0.22	1.00	1.00	0.30	0.00	0	|	rapi	0.00	0.00	0	|	-81.0	0.30(-81)		|	5	
3234	8	ok	|	0.26	1.00	1.00	0.39	0.00	0	|	rapi	0.00	0.00	0	|	-81.0	0.39(-81)		|	5	
3234	9	ok	|	0.31	1.00	1.00	0.46	0.00	0	|	rapi	0.00	0.00	0	|	-81.0	0.46(-81)		|	5	
3234	10	ok	|	0.36	0.99	0.99	0.60	0.00	0	|	rapi	0.00	0.00	0	|	-81.0	0.60(-81)		|	5	
3234	11	ok	|	0.39	0.99	0.99	0.65	0.00	0	|	rapi	0.00	0.00	0	|	-81.0	0.65(-81)		|	5	
3234	12	ok	|	0.45	0.99	0.99	0.77	0.00	0	|	rapi	0.00	0.00	0	|	-81.0	0.77(-81)		|	5	
3234	13	ok	|	0.52	0.99	0.99	0.93	0.00	0	|	rapi	0.00	0.00	0	|	-81.0	0.93(-81)		|	5	
3234	14	ok	|	0.59	0.99	0.99	1.06	0.00	0	|	rapi	0.00	0.00	0	|	-81.0	1.06(-81)		|	5	
3234	15	ok	|	0.65	0.99	0.99	1.27	0.00	0	|	rapi	0.00	0.00	0	|	-81.0	1.27(-81)		|	5	
3234	16	ok	|	0.71	0.99	0.99	1.47	0.00	0	|	rapi	0.00	0.00	0	|	-81.0	1.47(-81)		|	5	
3234	17	ok	|	0.77	0.98	0.98	1.79	0.00	0	|	rapi	0.00	0.00	0	|	-81.0	1.79(-81)		|	5	
3234	18	ok	|	0.83	0.98	0.98	2.13	0.00	0	|	rapi	0.00	0.00	0	|	-81.0	2.13(-81)		|	5	
3234	19	ok	|	0.87	0.98	0.98	2.46	0.00	0	|	rapi	0.00	0.00	0	|	-81.0	2.46(-81)		|	5	
3234	20	ok	|	0.91	0.97	0.97	2.85	0.00	0	|	rapi	0.00	0.00	0	|	-81.0	2.85(-81)		|	5	
3234	21	ok	|	0.93	0.97	0.97	3.42	0.00	0	|	rapi	0.00	0.00	0	|	-81.0	3.42(-81)		|	5	
3234	22	ok	|	0.94	0.96	0.96	4.00	0.00	0	|	rapi	0.00	0.00	0	|	-81.0	4.00(-81)		|	5	
3234	23	ok	|	0.97	0.95	0.95	4.83	0.00	0	|	rapi	0.00	0.00	0	|	-81.0	4.83(-81)		|	5	
3234	24	ok	|	0.99	0.94	0.94	5.60	0.00	0	|	rapi	0.00	0.00	0	|	-81.0	5.60(-81)		|	5	
3234	25	ok	|	0.99	0.93	0.93	6.72	0.00	0	|	rapi	0.00	0.00	0	|	-81.0	6.72(-81)		|	5	
3234	26	ok	|	1.00	0.92	0.92	8.05	0.00	0	|	rapi	0.00	0.00	0	|	-81.0	8.05(-81)	0.00(-81)	|	5	
3234	27	ok	|	1.00	0.91	0.91	9.44	0.00	0	|	rapi	0.00	0.00	0	|	-81.0	9.44(-81)		|	5	
3234	28	ok	|	1.00	0.89	0.89	10.81	0.00	0	|	rapi	0.00	0.00	0	|	-81.0	10.81(-81)	0.00(-81)	|	5	
3234	29	ok	|	1.00	0.87	0.87	12.56	0.00	0	|	rapi	0.00	0.00	0	|	-81.0	12.56(-81)	0.00(-81)	|	5	
3234	30	ok	|	1.00	0.85	0.85	14.90	0.00	0	|	rapi	0.01	0.01	0	|	-81.0	14.90(-81)	0.01(-81)	|	5	
3234	31	ok	|	1.00	0.82	0.82	17.73	0.00	0	|	rapi	0.00	0.00	0	|	-81.0	17.73(-81)	0.00(-81)	|	5	
3234	32	ok	|	1.00	0.79	0.79	20.73	0.00	0	|	rapi	0.00	0.00	0	|	-81.0	20.73(-81)	0.00(-81)	|	5	
3234	33	ok	|	1.00	0.76	0.76	24.16	0.00	0	|	rapi	0.01	0.01	0	|	-81.0	24.16(-81)	0.01(-81)	|	5	
3234	34	ok	|	1.00	0.72	0.72	28.31	0.00	0	|	rapi	0.00	0.00	0	|	-81.0	28.31(-81)	0.00(-81)	|	5	
3234	35	ok	|	1.00	0.67	0.67	33.03	0.00	0	|	rapi	0.01	0.01	0	|	-81.0	33.03(-81)	0.01(-81)	|	5	
3234	36	ok	|	1.00	0.62	0.62	38.21	0.00	0	|	rapi	0.00	0.00	0	|	-81.0	38.21(-81)	0.00(-81)	|	5	
3234	37	ok	|	1.00	0.56	0.56	44.04	0.00	0	|	rapi	0.00	0.00	0	|	-81.0	44.04(-81)	0.00(-81)	|	5	
3234	38	ok	|	1.00	0.49	0.49	51.51	0.00	0	|	rapi	0.01	0.01	0	|	-81.0	51.51(-81)	0.01(-81)	|	5	
3234	39	ok	|	1.00	0.40	0.40	59.65	0.00	0	|	rapi	0.01	0.01	0	|	-81.0	59.65(-81)	0.01(-81)	|	5	
3234	40	ok	|	1.00	0.32	0.32	68.48	0.00	0	|	rapi	0.01	0.01	0	|	-81.0	68.48(-81)	0.01(-81)	|	5	
3234	41	ok	|	1.00	0.22	0.22	77.90	0.00	0	|	rapi	0.01	0.01	0	|	-81.0	77.90(-81)	0.01(-81)	|	5	
3234	42	ok	|	1.00	0.14	0.14	86.49	0.00	0	|	rapi	0.03	0.03	0	|	-81.0	86.49(-81)	0.03(-81)	|	5	
3234	43	fail-w	|	1.00	0.08	0.08	93.97	0.00	0	|	rapi	0.06	0.06	0	|	-81.0	93.97(-81)	0.06(-81)	|	5	
