3269	0	ok	|	0.10	1.00	1.00	0.10	0.00	0	|	rapi	0.10	0.10	0	|	97.0	0.10(97)	0.10(97)	|	8530	
3269	1	ok	|	0.10	1.00	1.00	0.10	0.00	0	|	rapi	0.10	0.10	0	|	97.0	0.10(97)	0.10(97)	|	8530	
3269	2	ok	|	0.10	1.00	1.00	0.10	0.00	0	|	rapi	0.10	0.10	0	|	97.0	0.10(97)	0.10(97)	|	8530	
3269	3	ok	|	0.09	1.00	1.00	0.09	0.00	0	|	rapi	0.09	0.09	0	|	97.0	0.09(97)	0.09(97)	|	8530	
3269	4	ok	|	0.09	1.00	1.00	0.10	0.00	0	|	rapi	0.09	0.10	0	|	97.0	0.10(97)	0.10(97)	|	8530	
3269	5	ok	|	0.10	1.00	1.00	0.10	0.00	0	|	rapi	0.10	0.10	0	|	97.0	0.10(97)	0.10(97)	|	8530	
3269	6	ok	|	0.08	1.00	1.00	0.08	0.00	0	|	rapi	0.08	0.08	0	|	97.0	0.08(97)	0.08(97)	|	8530	
3269	7	ok	|	0.09	1.00	1.00	0.09	0.00	0	|	rapi	0.09	0.09	0	|	97.0	0.09(97)	0.09(97)	|	8530	
3269	8	ok	|	0.08	1.00	1.00	0.08	0.00	0	|	rapi	0.08	0.08	0	|	97.0	0.08(97)	0.08(97)	|	8530	
3269	9	ok	|	0.09	1.00	1.00	0.10	0.00	0	|	rapi	0.09	0.10	0	|	97.0	0.10(97)	0.10(97)	|	8530	
3269	10	ok	|	0.12	1.00	1.00	0.12	0.01	0	|	rapi	0.12	0.12	0	|	97.0	0.12(97)	0.12(97)	|	8530	
3269	11	ok	|	0.13	1.00	1.00	0.14	0.01	0	|	rapi	0.13	0.14	0	|	97.0	0.14(97)	0.14(97)	|	8530	
3269	12	ok	|	0.14	1.00	1.00	0.14	0.01	0	|	rapi	0.14	0.14	0	|	97.0	0.14(97)	0.14(97)	|	8530	
3269	13	ok	|	0.15	1.00	1.00	0.16	0.01	0	|	rapi	0.15	0.16	0	|	97.0	0.16(97)	0.16(97)	|	8530	
3269	14	ok	|	0.15	1.00	1.00	0.15	0.01	0	|	rapi	0.15	0.15	0	|	97.0	0.15(97)	0.15(97)	|	8530	
3269	15	ok	|	0.17	1.00	1.00	0.18	0.01	0	|	rapi	0.17	0.18	0	|	97.0	0.18(97)	0.18(97)	|	8530	
3269	16	ok	|	0.17	1.00	1.00	0.18	0.02	0	|	rapi	0.17	0.18	0	|	97.0	0.18(97)	0.18(97)	|	8530	
3269	17	ok	|	0.17	1.00	1.00	0.18	0.01	0	|	rapi	0.17	0.18	0	|	97.0	0.18(97)	0.18(97)	|	8530	
3269	18	ok	|	0.16	1.00	1.00	0.18	0.02	0	|	rapi	0.16	0.18	0	|	97.0	0.18(97)	0.18(97)	|	8530	
3269	19	ok	|	0.18	1.00	1.00	0.20	0.02	0	|	rapi	0.18	0.20	0	|	97.0	0.20(97)	0.20(97)	|	8530	
3269	20	ok	|	0.17	1.00	1.00	0.19	0.02	0	|	rapi	0.17	0.19	0	|	97.0	0.19(97)	0.19(97)	|	8530	
3269	21	ok	|	0.16	1.00	1.00	0.17	0.01	0	|	rapi	0.16	0.17	0	|	97.0	0.17(97)	0.17(97)	|	8530	
3269	22	ok	|	0.16	1.00	1.00	0.17	0.02	0	|	rapi	0.16	0.17	0	|	97.0	0.17(97)	0.17(97)	|	8530	
3269	23	ok	|	0.17	1.00	1.00	0.18	0.02	0	|	rapi	0.17	0.18	0	|	97.0	0.18(97)	0.18(97)	|	8530	
3269	24	ok	|	0.16	1.00	1.00	0.18	0.02	0	|	rapi	0.16	0.18	0	|	97.0	0.18(97)	0.18(97)	|	8530	
3269	25	ok	|	0.17	1.00	1.00	0.19	0.02	0	|	rapi	0.17	0.19	0	|	97.0	0.19(97)	0.19(97)	|	8530	
3269	26	ok	|	0.17	1.00	1.00	0.19	0.02	0	|	rapi	0.17	0.19	0	|	97.0	0.19(97)	0.19(97)	|	8530	
3269	27	ok	|	0.18	1.00	1.00	0.19	0.02	0	|	rapi	0.18	0.19	0	|	97.0	0.19(97)	0.19(97)	|	8530	
3269	28	ok	|	0.19	1.00	1.00	0.20	0.03	0	|	rapi	0.19	0.20	0	|	97.0	0.20(97)	0.20(97)	|	8530	
3269	29	ok	|	0.18	1.00	1.00	0.20	0.02	0	|	rapi	0.18	0.20	0	|	97.0	0.20(97)	0.20(97)	|	8530	
3269	30	ok	|	0.21	1.00	1.00	0.22	0.03	0	|	rapi	0.21	0.22	0	|	97.0	0.22(97)	0.22(97)	|	8530	
3269	31	ok	|	0.21	1.00	1.00	0.23	0.03	0	|	rapi	0.21	0.23	0	|	97.0	0.23(97)	0.23(97)	|	8530	
3269	32	ok	|	0.21	1.00	1.00	0.22	0.03	0	|	rapi	0.21	0.22	0	|	97.0	0.22(97)	0.22(97)	|	8530	
3269	33	ok	|	0.22	1.00	1.00	0.24	0.03	0	|	rapi	0.22	0.24	0	|	97.0	0.24(97)	0.24(97)	|	8530	
3269	34	ok	|	0.23	1.00	1.00	0.25	0.03	0	|	rapi	0.23	0.25	0	|	97.0	0.25(97)	0.25(97)	|	8530	
3269	35	ok	|	0.22	1.00	1.00	0.23	0.03	0	|	rapi	0.22	0.23	0	|	97.0	0.23(97)	0.23(97)	|	8530	
3269	36	ok	|	0.21	1.00	1.00	0.22	0.03	0	|	rapi	0.21	0.22	0	|	97.0	0.22(97)	0.22(97)	|	8530	
3269	37	ok	|	0.21	1.00	1.00	0.21	0.03	0	|	rapi	0.21	0.21	0	|	97.0	0.21(97)	0.21(97)	|	8530	
3269	38	ok	|	0.20	1.00	1.00	0.22	0.03	0	|	rapi	0.20	0.22	0	|	97.0	0.22(97)	0.22(97)	|	8530	
3269	39	ok	|	0.20	1.00	1.00	0.22	0.03	0	|	rapi	0.20	0.22	0	|	97.0	0.22(97)	0.22(97)	|	8530	
3269	40	ok	|	0.20	1.00	1.00	0.21	0.03	0	|	rapi	0.20	0.21	0	|	97.0	0.21(97)	0.21(97)	|	8530	
3269	41	ok	|	0.21	1.00	1.00	0.22	0.03	0	|	rapi	0.21	0.22	0	|	97.0	0.22(97)	0.22(97)	|	8530	
3269	42	ok	|	0.21	1.00	1.00	0.23	0.03	0	|	rapi	0.21	0.23	0	|	97.0	0.23(97)	0.23(97)	|	8530	
3269	43	ok	|	0.21	1.00	1.00	0.23	0.03	0	|	rapi	0.21	0.23	0	|	97.0	0.23(97)	0.23(97)	|	8530	
3269	44	ok	|	0.21	1.00	1.00	0.23	0.03	0	|	rapi	0.21	0.23	0	|	97.0	0.23(97)	0.23(97)	|	8530	
3269	45	ok	|	0.22	1.00	1.00	0.24	0.03	0	|	rapi	0.22	0.24	0	|	97.0	0.24(97)	0.24(97)	|	8530	
3269	46	ok	|	0.20	1.00	1.00	0.23	0.03	0	|	rapi	0.20	0.23	0	|	97.0	0.23(97)	0.23(97)	|	8530	
3269	47	ok	|	0.20	1.00	1.00	0.22	0.03	0	|	rapi	0.20	0.22	0	|	97.0	0.22(97)	0.22(97)	|	8530	
3269	48	ok	|	0.19	1.00	1.00	0.22	0.03	0	|	rapi	0.19	0.22	0	|	97.0	0.22(97)	0.22(97)	|	8530	
3269	49	ok	|	0.20	1.00	1.00	0.22	0.03	0	|	rapi	0.20	0.22	0	|	97.0	0.22(97)	0.22(97)	|	8530	
3269	50	ok	|	0.20	1.00	1.00	0.23	0.03	0	|	rapi	0.20	0.23	0	|	97.0	0.23(97)	0.23(97)	|	8530	
3269	51	ok	|	0.20	1.00	1.00	0.22	0.03	0	|	rapi	0.20	0.22	0	|	97.0	0.22(97)	0.22(97)	|	8530	
3269	52	ok	|	0.23	1.00	1.00	0.25	0.03	0	|	rapi	0.23	0.25	0	|	97.0	0.25(97)	0.25(97)	|	8530	
3269	53	ok	|	0.23	1.00	1.00	0.25	0.03	0	|	rapi	0.23	0.25	0	|	97.0	0.25(97)	0.25(97)	|	8530	
3269	54	ok	|	0.23	1.00	1.00	0.26	0.03	0	|	rapi	0.23	0.26	0	|	97.0	0.26(97)	0.26(97)	|	8530	
3269	55	ok	|	0.22	1.00	1.00	0.24	0.03	0	|	rapi	0.22	0.24	0	|	97.0	0.24(97)	0.24(97)	|	8530	
3269	56	ok	|	0.23	1.00	1.00	0.26	0.03	0	|	rapi	0.23	0.26	0	|	97.0	0.26(97)	0.26(97)	|	8530	
3269	57	ok	|	0.22	1.00	1.00	0.24	0.03	0	|	rapi	0.22	0.24	0	|	97.0	0.24(97)	0.24(97)	|	8530	
3269	58	ok	|	0.21	1.00	1.00	0.23	0.03	0	|	rapi	0.21	0.23	0	|	97.0	0.23(97)	0.23(97)	|	8530	
3269	59	ok	|	0.19	1.00	1.00	0.21	0.03	0	|	rapi	0.19	0.21	0	|	97.0	0.21(97)	0.21(97)	|	8530	
3269	60	ok	|	0.21	1.00	1.00	0.23	0.03	0	|	rapi	0.21	0.23	0	|	97.0	0.23(97)	0.23(97)	|	8530	
3269	61	ok	|	0.23	1.00	1.00	0.25	0.03	0	|	rapi	0.23	0.25	0	|	97.0	0.25(97)	0.25(97)	|	8530	
3269	62	ok	|	0.23	1.00	1.00	0.25	0.03	0	|	rapi	0.23	0.25	0	|	97.0	0.25(97)	0.25(97)	|	8530	
3269	63	ok	|	0.22	1.00	1.00	0.24	0.03	0	|	rapi	0.22	0.24	0	|	97.0	0.24(97)	0.24(97)	|	8530	
3269	64	ok	|	0.22	1.00	1.00	0.24	0.03	0	|	rapi	0.22	0.24	0	|	97.0	0.24(97)	0.24(97)	|	8530	
3269	65	ok	|	0.22	1.00	1.00	0.25	0.03	0	|	rapi	0.22	0.25	0	|	97.0	0.25(97)	0.25(97)	|	8530	
3269	66	ok	|	0.25	1.00	1.00	0.28	0.03	0	|	rapi	0.25	0.28	0	|	97.0	0.28(97)	0.28(97)	|	8530	
3269	67	ok	|	0.28	1.00	1.00	0.31	0.04	0	|	rapi	0.28	0.31	0	|	97.0	0.31(97)	0.31(97)	|	8530	
3269	68	ok	|	0.27	1.00	1.00	0.31	0.04	0	|	rapi	0.27	0.31	0	|	97.0	0.31(97)	0.31(97)	|	8530	
3269	69	ok	|	0.25	1.00	1.00	0.28	0.05	0	|	rapi	0.25	0.28	0	|	97.0	0.28(97)	0.28(97)	|	8530	
3269	70	ok	|	0.25	1.00	1.00	0.27	0.05	0	|	rapi	0.25	0.27	0	|	97.0	0.27(97)	0.27(97)	|	8530	
3269	71	ok	|	0.24	1.00	1.00	0.27	0.04	0	|	rapi	0.24	0.27	0	|	97.0	0.27(97)	0.27(97)	|	8530	
3269	72	ok	|	0.27	1.00	1.00	0.29	0.05	0	|	rapi	0.27	0.29	0	|	97.0	0.29(97)	0.29(97)	|	8530	
3269	73	ok	|	0.27	1.00	1.00	0.29	0.05	0	|	rapi	0.27	0.29	0	|	97.0	0.29(97)	0.29(97)	|	8530	
3269	74	ok	|	0.26	1.00	1.00	0.29	0.05	0	|	rapi	0.26	0.29	0	|	97.0	0.29(97)	0.29(97)	|	8530	
3269	75	ok	|	0.27	1.00	1.00	0.29	0.05	0	|	rapi	0.27	0.29	0	|	97.0	0.29(97)	0.29(97)	|	8530	
3269	76	ok	|	0.23	1.00	1.00	0.26	0.04	0	|	rapi	0.23	0.26	0	|	97.0	0.26(97)	0.26(97)	|	8530	
3269	77	ok	|	0.24	1.00	1.00	0.26	0.04	0	|	rapi	0.24	0.26	0	|	97.0	0.26(97)	0.26(97)	|	8530	
3269	78	ok	|	0.22	1.00	1.00	0.25	0.04	0	|	rapi	0.22	0.25	0	|	97.0	0.25(97)	0.25(97)	|	8530	
3269	79	ok	|	0.22	1.00	1.00	0.24	0.04	0	|	rapi	0.22	0.24	0	|	97.0	0.24(97)	0.24(97)	|	8530	
3269	80	ok	|	0.23	1.00	1.00	0.26	0.04	0	|	rapi	0.23	0.26	0	|	97.0	0.26(97)	0.26(97)	|	8530	
3269	81	ok	|	0.24	1.00	1.00	0.27	0.04	0	|	rapi	0.24	0.27	0	|	97.0	0.27(97)	0.27(97)	|	8530	
3269	82	ok	|	0.23	1.00	1.00	0.26	0.04	0	|	rapi	0.23	0.26	0	|	97.0	0.26(97)	0.26(97)	|	8530	
3269	83	ok	|	0.24	1.00	1.00	0.26	0.04	0	|	rapi	0.24	0.26	0	|	97.0	0.26(97)	0.26(97)	|	8530	
3269	84	ok	|	0.23	1.00	1.00	0.24	0.04	0	|	rapi	0.23	0.24	0	|	97.0	0.24(97)	0.24(97)	|	8530	
3269	85	ok	|	0.22	1.00	1.00	0.24	0.04	0	|	rapi	0.22	0.24	0	|	97.0	0.24(97)	0.24(97)	|	8530	
3269	86	ok	|	0.24	1.00	1.00	0.26	0.04	0	|	rapi	0.24	0.26	0	|	97.0	0.26(97)	0.26(97)	|	8530	
3269	87	ok	|	0.25	1.00	1.00	0.28	0.05	0	|	rapi	0.25	0.28	0	|	97.0	0.28(97)	0.28(97)	|	8530	
3269	88	ok	|	0.26	1.00	1.00	0.28	0.05	0	|	rapi	0.26	0.28	0	|	97.0	0.28(97)	0.28(97)	|	8530	
3269	89	ok	|	0.24	1.00	1.00	0.27	0.04	0	|	rapi	0.24	0.27	0	|	97.0	0.27(97)	0.27(97)	|	8530	
3269	90	ok	|	0.25	1.00	1.00	0.28	0.05	0	|	rapi	0.25	0.28	0	|	97.0	0.28(97)	0.28(97)	|	8530	
3269	91	ok	|	0.24	1.00	1.00	0.27	0.04	0	|	rapi	0.24	0.27	0	|	97.0	0.27(97)	0.27(97)	|	8530	
3269	92	ok	|	0.24	1.00	1.00	0.27	0.05	0	|	rapi	0.24	0.27	0	|	97.0	0.27(97)	0.27(97)	|	8530	
3269	93	ok	|	0.26	1.00	1.00	0.29	0.05	0	|	rapi	0.26	0.29	0	|	97.0	0.29(97)	0.29(97)	|	8530	
3269	94	ok	|	0.28	1.00	1.00	0.31	0.05	0	|	rapi	0.28	0.31	0	|	97.0	0.31(97)	0.31(97)	|	8530	
3269	95	ok	|	0.27	1.00	1.00	0.31	0.05	0	|	rapi	0.27	0.31	0	|	97.0	0.31(97)	0.31(97)	|	8530	
3269	96	ok	|	0.28	1.00	1.00	0.31	0.05	0	|	rapi	0.28	0.31	0	|	97.0	0.31(97)	0.31(97)	|	8530	
3269	97	ok	|	0.28	1.00	1.00	0.31	0.05	0	|	rapi	0.28	0.31	0	|	97.0	0.31(97)	0.31(97)	|	8530	
3269	98	ok	|	0.29	1.00	1.00	0.33	0.06	0	|	rapi	0.29	0.33	0	|	97.0	0.33(97)	0.33(97)	|	8530	
3269	99	ok	|	0.30	1.00	1.00	0.34	0.06	0	|	rapi	0.30	0.34	0	|	97.0	0.34(97)	0.34(97)	|	8530	
3269	100	ok	|	0.31	1.00	1.00	0.35	0.06	0	|	rapi	0.31	0.35	0	|	97.0	0.35(97)	0.35(97)	|	8530	
3269	101	ok	|	0.29	1.00	1.00	0.31	0.05	0	|	rapi	0.29	0.31	0	|	97.0	0.31(97)	0.31(97)	|	8530	
3269	102	ok	|	0.30	1.00	1.00	0.34	0.06	0	|	rapi	0.30	0.34	0	|	97.0	0.34(97)	0.34(97)	|	8530	
3269	103	ok	|	0.32	1.00	1.00	0.37	0.06	0	|	rapi	0.32	0.37	0	|	97.0	0.37(97)	0.37(97)	|	8530	
3269	104	ok	|	0.30	1.00	1.00	0.35	0.06	0	|	rapi	0.30	0.35	0	|	97.0	0.35(97)	0.35(97)	|	8530	
3269	105	ok	|	0.31	1.00	1.00	0.35	0.06	0	|	rapi	0.31	0.35	0	|	97.0	0.35(97)	0.35(97)	|	8530	
3269	106	ok	|	0.30	1.00	1.00	0.35	0.06	0	|	rapi	0.30	0.35	0	|	97.0	0.35(97)	0.35(97)	|	8530	
3269	107	ok	|	0.30	1.00	1.00	0.35	0.06	0	|	rapi	0.30	0.35	0	|	97.0	0.35(97)	0.35(97)	|	8530	
3269	108	ok	|	0.29	1.00	1.00	0.35	0.06	0	|	rapi	0.29	0.35	0	|	97.0	0.35(97)	0.35(97)	|	8530	
3269	109	ok	|	0.29	1.00	1.00	0.34	0.06	0	|	rapi	0.29	0.34	0	|	97.0	0.34(97)	0.34(97)	|	8530	
3269	110	ok	|	0.30	1.00	1.00	0.35	0.06	0	|	rapi	0.30	0.35	0	|	97.0	0.35(97)	0.35(97)	|	8530	
3269	111	ok	|	0.33	1.00	1.00	0.38	0.06	0	|	rapi	0.33	0.38	0	|	97.0	0.38(97)	0.38(97)	|	8530	
3269	112	ok	|	0.32	1.00	1.00	0.36	0.06	0	|	rapi	0.32	0.36	0	|	97.0	0.36(97)	0.36(97)	|	8530	
3269	113	ok	|	0.31	1.00	1.00	0.34	0.06	0	|	rapi	0.31	0.34	0	|	97.0	0.34(97)	0.34(97)	|	8530	
3269	114	ok	|	0.30	1.00	1.00	0.34	0.06	0	|	rapi	0.30	0.34	0	|	97.0	0.34(97)	0.34(97)	|	8530	
3269	115	ok	|	0.30	1.00	1.00	0.33	0.06	0	|	rapi	0.30	0.33	0	|	97.0	0.33(97)	0.33(97)	|	8530	
3269	116	ok	|	0.28	1.00	1.00	0.31	0.05	0	|	rapi	0.28	0.31	0	|	97.0	0.31(97)	0.31(97)	|	8530	
3269	117	ok	|	0.28	1.00	1.00	0.32	0.05	0	|	rapi	0.28	0.32	0	|	97.0	0.32(97)	0.32(97)	|	8530	
3269	118	ok	|	0.28	1.00	1.00	0.31	0.05	0	|	rapi	0.28	0.31	0	|	97.0	0.31(97)	0.31(97)	|	8530	
3269	119	ok	|	0.28	1.00	1.00	0.32	0.05	0	|	rapi	0.28	0.32	0	|	97.0	0.32(97)	0.32(97)	|	8530	
3269	120	ok	|	0.28	1.00	1.00	0.33	0.05	0	|	rapi	0.28	0.33	0	|	97.0	0.33(97)	0.33(97)	|	8530	
3269	121	ok	|	0.26	1.00	1.00	0.31	0.05	0	|	rapi	0.26	0.31	0	|	97.0	0.31(97)	0.31(97)	|	8530	
3269	122	ok	|	0.28	1.00	1.00	0.32	0.05	0	|	rapi	0.28	0.32	0	|	97.0	0.32(97)	0.32(97)	|	8530	
3269	123	ok	|	0.29	1.00	1.00	0.32	0.05	0	|	rapi	0.29	0.32	0	|	97.0	0.32(97)	0.32(97)	|	8530	
3269	124	ok	|	0.31	1.00	1.00	0.36	0.06	0	|	rapi	0.31	0.36	0	|	97.0	0.36(97)	0.36(97)	|	8530	
3269	125	ok	|	0.32	1.00	1.00	0.36	0.06	0	|	rapi	0.32	0.36	0	|	97.0	0.36(97)	0.36(97)	|	8530	
3269	126	ok	|	0.32	1.00	1.00	0.36	0.06	0	|	rapi	0.32	0.36	0	|	97.0	0.36(97)	0.36(97)	|	8530	
3269	127	ok	|	0.32	1.00	1.00	0.38	0.06	0	|	rapi	0.32	0.38	0	|	97.0	0.38(97)	0.38(97)	|	8530	
3269	128	ok	|	0.32	1.00	1.00	0.37	0.06	0	|	rapi	0.32	0.37	0	|	97.0	0.37(97)	0.37(97)	|	8530	
3269	129	ok	|	0.34	1.00	1.00	0.40	0.07	0	|	rapi	0.34	0.40	0	|	97.0	0.40(97)	0.40(97)	|	8530	
3269	130	ok	|	0.36	1.00	1.00	0.42	0.07	0	|	rapi	0.36	0.42	0	|	97.0	0.42(97)	0.42(97)	|	8530	
3269	131	ok	|	0.36	1.00	1.00	0.41	0.07	0	|	rapi	0.36	0.41	0	|	97.0	0.41(97)	0.41(97)	|	8530	
3269	132	ok	|	0.33	1.00	1.00	0.38	0.06	0	|	rapi	0.33	0.38	0	|	97.0	0.38(97)	0.38(97)	|	8530	
3269	133	ok	|	0.36	1.00	1.00	0.41	0.07	0	|	rapi	0.36	0.41	0	|	97.0	0.41(97)	0.41(97)	|	8530	
3269	134	ok	|	0.38	1.00	1.00	0.46	0.08	0	|	rapi	0.38	0.46	0	|	97.0	0.46(97)	0.46(97)	|	8530	
3269	135	ok	|	0.35	1.00	1.00	0.44	0.07	0	|	rapi	0.35	0.44	0	|	97.0	0.44(97)	0.44(97)	|	8530	
3269	136	ok	|	0.38	1.00	1.00	0.46	0.08	0	|	rapi	0.38	0.46	0	|	97.0	0.46(97)	0.46(97)	|	8530	
3269	137	ok	|	0.39	1.00	1.00	0.47	0.08	0	|	rapi	0.39	0.47	0	|	97.0	0.47(97)	0.47(97)	|	8530	
3269	138	ok	|	0.40	1.00	1.00	0.49	0.08	0	|	rapi	0.40	0.49	0	|	97.0	0.49(97)	0.49(97)	|	8530	
3269	139	ok	|	0.41	1.00	1.00	0.48	0.08	0	|	rapi	0.41	0.48	0	|	97.0	0.48(97)	0.48(97)	|	8530	
3269	140	ok	|	0.41	1.00	1.00	0.50	0.08	0	|	rapi	0.41	0.50	0	|	97.0	0.50(97)	0.50(97)	|	8530	
3269	141	ok	|	0.39	1.00	1.00	0.46	0.08	0	|	rapi	0.39	0.46	0	|	97.0	0.46(97)	0.46(97)	|	8530	
3269	142	ok	|	0.37	1.00	1.00	0.44	0.07	0	|	rapi	0.37	0.44	0	|	97.0	0.44(97)	0.44(97)	|	8530	
3269	143	ok	|	0.37	1.00	1.00	0.43	0.07	0	|	rapi	0.37	0.43	0	|	97.0	0.43(97)	0.43(97)	|	8530	
3269	144	ok	|	0.38	1.00	1.00	0.45	0.07	0	|	rapi	0.38	0.45	0	|	97.0	0.45(97)	0.45(97)	|	8530	
3269	145	ok	|	0.37	1.00	1.00	0.43	0.07	0	|	rapi	0.37	0.43	0	|	97.0	0.43(97)	0.43(97)	|	8530	
3269	146	ok	|	0.38	1.00	1.00	0.46	0.08	0	|	rapi	0.38	0.46	0	|	97.0	0.46(97)	0.46(97)	|	8530	
3269	147	ok	|	0.37	1.00	1.00	0.44	0.07	0	|	rapi	0.37	0.44	0	|	97.0	0.44(97)	0.44(97)	|	8530	
3269	148	ok	|	0.38	1.00	1.00	0.45	0.08	0	|	rapi	0.38	0.45	0	|	97.0	0.45(97)	0.45(97)	|	8530	
3269	149	ok	|	0.35	1.00	1.00	0.41	0.07	0	|	rapi	0.35	0.41	0	|	97.0	0.41(97)	0.41(97)	|	8530	
3269	150	ok	|	0.34	1.00	1.00	0.41	0.07	0	|	rapi	0.34	0.41	0	|	97.0	0.41(97)	0.41(97)	|	8530	
3269	151	ok	|	0.35	1.00	1.00	0.41	0.07	0	|	rapi	0.35	0.41	0	|	97.0	0.41(97)	0.41(97)	|	8530	
3269	152	ok	|	0.38	1.00	1.00	0.44	0.07	0	|	rapi	0.38	0.44	0	|	97.0	0.44(97)	0.44(97)	|	8530	
3269	153	ok	|	0.35	1.00	1.00	0.43	0.07	0	|	rapi	0.35	0.43	0	|	97.0	0.43(97)	0.43(97)	|	8530	
3269	154	ok	|	0.36	1.00	1.00	0.43	0.07	0	|	rapi	0.36	0.43	0	|	97.0	0.43(97)	0.43(97)	|	8530	
3269	155	ok	|	0.37	1.00	1.00	0.45	0.08	0	|	rapi	0.37	0.45	0	|	97.0	0.45(97)	0.45(97)	|	8530	
3269	156	ok	|	0.36	1.00	1.00	0.44	0.07	0	|	rapi	0.36	0.44	0	|	97.0	0.44(97)	0.44(97)	|	8530	
3269	157	ok	|	0.35	1.00	1.00	0.42	0.07	0	|	rapi	0.35	0.42	0	|	97.0	0.42(97)	0.42(97)	|	8530	
3269	158	ok	|	0.33	1.00	1.00	0.40	0.07	0	|	rapi	0.33	0.40	0	|	97.0	0.40(97)	0.40(97)	|	8530	
3269	159	ok	|	0.30	1.00	1.00	0.36	0.06	0	|	rapi	0.30	0.36	0	|	97.0	0.36(97)	0.36(97)	|	8530	
3269	160	ok	|	0.29	1.00	1.00	0.34	0.06	0	|	rapi	0.29	0.34	0	|	97.0	0.34(97)	0.34(97)	|	8530	
3269	161	ok	|	0.29	1.00	1.00	0.33	0.05	0	|	rapi	0.29	0.33	0	|	97.0	0.33(97)	0.33(97)	|	8530	
3269	162	ok	|	0.28	1.00	1.00	0.32	0.05	0	|	rapi	0.28	0.32	0	|	97.0	0.32(97)	0.32(97)	|	8530	
3269	163	ok	|	0.28	1.00	1.00	0.32	0.05	0	|	rapi	0.28	0.32	0	|	97.0	0.32(97)	0.32(97)	|	8530	
3269	164	ok	|	0.29	1.00	1.00	0.33	0.05	0	|	rapi	0.29	0.33	0	|	97.0	0.33(97)	0.33(97)	|	8530	
3269	165	ok	|	0.29	1.00	1.00	0.34	0.06	0	|	rapi	0.29	0.34	0	|	97.0	0.34(97)	0.34(97)	|	8530	
3269	166	ok	|	0.32	1.00	1.00	0.36	0.06	0	|	rapi	0.32	0.36	0	|	97.0	0.36(97)	0.36(97)	|	8530	
3269	167	ok	|	0.31	1.00	1.00	0.36	0.06	0	|	rapi	0.31	0.36	0	|	97.0	0.36(97)	0.36(97)	|	8530	
3269	168	ok	|	0.29	1.00	1.00	0.33	0.06	0	|	rapi	0.29	0.33	0	|	97.0	0.33(97)	0.33(97)	|	8530	
3269	169	ok	|	0.29	1.00	1.00	0.33	0.06	0	|	rapi	0.29	0.33	0	|	97.0	0.33(97)	0.33(97)	|	8530	
3269	170	ok	|	0.27	1.00	1.00	0.32	0.05	0	|	rapi	0.27	0.32	0	|	97.0	0.32(97)	0.32(97)	|	8530	
3269	171	ok	|	0.25	1.00	1.00	0.28	0.05	0	|	rapi	0.25	0.28	0	|	97.0	0.28(97)	0.28(97)	|	8530	
3269	172	ok	|	0.24	1.00	1.00	0.28	0.05	0	|	rapi	0.24	0.28	0	|	97.0	0.28(97)	0.28(97)	|	8530	
3269	173	ok	|	0.25	1.00	1.00	0.27	0.05	0	|	rapi	0.25	0.27	0	|	97.0	0.27(97)	0.27(97)	|	8530	
3269	174	ok	|	0.27	1.00	1.00	0.30	0.05	0	|	rapi	0.27	0.30	0	|	97.0	0.30(97)	0.30(97)	|	8530	
3269	175	ok	|	0.27	1.00	1.00	0.30	0.05	0	|	rapi	0.27	0.30	0	|	97.0	0.30(97)	0.30(97)	|	8530	
3269	176	ok	|	0.24	1.00	1.00	0.26	0.04	0	|	rapi	0.24	0.26	0	|	97.0	0.26(97)	0.26(97)	|	8530	
3269	177	ok	|	0.24	1.00	1.00	0.26	0.04	0	|	rapi	0.24	0.26	0	|	97.0	0.26(97)	0.26(97)	|	8530	
3269	178	ok	|	0.25	1.00	1.00	0.28	0.05	0	|	rapi	0.25	0.28	0	|	97.0	0.28(97)	0.28(97)	|	8530	
3269	179	ok	|	0.25	1.00	1.00	0.28	0.05	0	|	rapi	0.25	0.28	0	|	97.0	0.28(97)	0.28(97)	|	8530	
3269	180	ok	|	0.26	1.00	1.00	0.29	0.05	0	|	rapi	0.26	0.29	0	|	97.0	0.29(97)	0.29(97)	|	8530	
3269	181	ok	|	0.27	1.00	1.00	0.30	0.05	0	|	rapi	0.27	0.30	0	|	97.0	0.30(97)	0.30(97)	|	8530	
3269	182	ok	|	0.27	1.00	1.00	0.32	0.05	0	|	rapi	0.27	0.32	0	|	97.0	0.32(97)	0.32(97)	|	8530	
3269	183	ok	|	0.25	1.00	1.00	0.29	0.05	0	|	rapi	0.25	0.29	0	|	97.0	0.29(97)	0.29(97)	|	8530	
3269	184	ok	|	0.27	1.00	1.00	0.30	0.05	0	|	rapi	0.27	0.30	0	|	97.0	0.30(97)	0.30(97)	|	8530	
3269	185	ok	|	0.26	1.00	1.00	0.31	0.05	0	|	rapi	0.26	0.31	0	|	97.0	0.31(97)	0.31(97)	|	8530	
3269	186	ok	|	0.26	1.00	1.00	0.30	0.05	0	|	rapi	0.26	0.30	0	|	97.0	0.30(97)	0.30(97)	|	8530	
3269	187	ok	|	0.26	1.00	1.00	0.30	0.05	0	|	rapi	0.26	0.30	0	|	97.0	0.30(97)	0.30(97)	|	8530	
3269	188	ok	|	0.25	1.00	1.00	0.30	0.05	0	|	rapi	0.25	0.30	0	|	97.0	0.30(97)	0.30(97)	|	8530	
3269	189	ok	|	0.28	1.00	1.00	0.31	0.05	0	|	rapi	0.28	0.31	0	|	97.0	0.31(97)	0.31(97)	|	8530	
3269	190	ok	|	0.29	1.00	1.00	0.34	0.06	0	|	rapi	0.29	0.34	0	|	97.0	0.34(97)	0.34(97)	|	8530	
3269	191	ok	|	0.26	1.00	1.00	0.30	0.05	0	|	rapi	0.26	0.30	0	|	97.0	0.30(97)	0.30(97)	|	8530	
3269	192	ok	|	0.28	1.00	1.00	0.32	0.05	0	|	rapi	0.28	0.32	0	|	97.0	0.32(97)	0.32(97)	|	8530	
3269	193	ok	|	0.26	1.00	1.00	0.31	0.05	0	|	rapi	0.26	0.31	0	|	97.0	0.31(97)	0.31(97)	|	8530	
3269	194	ok	|	0.29	1.00	1.00	0.34	0.06	0	|	rapi	0.29	0.34	0	|	97.0	0.34(97)	0.34(97)	|	8530	
3269	195	ok	|	0.30	1.00	1.00	0.35	0.06	0	|	rapi	0.30	0.35	0	|	97.0	0.35(97)	0.35(97)	|	8530	
3269	196	ok	|	0.30	1.00	1.00	0.35	0.06	0	|	rapi	0.30	0.35	0	|	97.0	0.35(97)	0.35(97)	|	8530	
3269	197	ok	|	0.32	1.00	1.00	0.36	0.06	0	|	rapi	0.32	0.36	0	|	97.0	0.36(97)	0.36(97)	|	8530	
3269	198	ok	|	0.32	1.00	1.00	0.38	0.06	0	|	rapi	0.32	0.38	0	|	97.0	0.38(97)	0.38(97)	|	8530	
3269	199	ok	|	0.32	1.00	1.00	0.36	0.06	0	|	rapi	0.32	0.36	0	|	97.0	0.36(97)	0.36(97)	|	8530	
3269	200	ok	|	0.30	1.00	1.00	0.35	0.06	0	|	rapi	0.30	0.35	0	|	97.0	0.35(97)	0.35(97)	|	8530	
3269	201	ok	|	0.31	1.00	1.00	0.37	0.06	0	|	rapi	0.31	0.37	0	|	97.0	0.37(97)	0.37(97)	|	8530	
3269	202	ok	|	0.31	1.00	1.00	0.37	0.06	0	|	rapi	0.31	0.37	0	|	97.0	0.37(97)	0.37(97)	|	8530	
3269	203	ok	|	0.32	1.00	1.00	0.38	0.06	0	|	rapi	0.32	0.38	0	|	97.0	0.38(97)	0.38(97)	|	8530	
3269	204	ok	|	0.32	1.00	1.00	0.38	0.06	0	|	rapi	0.32	0.38	0	|	97.0	0.38(97)	0.38(97)	|	8530	
3269	205	ok	|	0.32	1.00	1.00	0.39	0.06	0	|	rapi	0.32	0.39	0	|	97.0	0.39(97)	0.39(97)	|	8530	
3269	206	ok	|	0.34	1.00	1.00	0.41	0.07	0	|	rapi	0.34	0.41	0	|	97.0	0.41(97)	0.41(97)	|	8530	
3269	207	ok	|	0.34	1.00	1.00	0.41	0.07	0	|	rapi	0.34	0.41	0	|	97.0	0.41(97)	0.41(97)	|	8530	
3269	208	ok	|	0.32	1.00	1.00	0.37	0.06	0	|	rapi	0.32	0.37	0	|	97.0	0.37(97)	0.37(97)	|	8530	
3269	209	ok	|	0.32	1.00	1.00	0.35	0.06	0	|	rapi	0.32	0.35	0	|	97.0	0.35(97)	0.35(97)	|	8530	
3269	210	ok	|	0.33	1.00	1.00	0.37	0.06	0	|	rapi	0.33	0.37	0	|	97.0	0.37(97)	0.37(97)	|	8530	
3269	211	ok	|	0.33	1.00	1.00	0.37	0.06	0	|	rapi	0.33	0.37	0	|	97.0	0.37(97)	0.37(97)	|	8530	
3269	212	ok	|	0.29	1.00	1.00	0.34	0.06	0	|	rapi	0.29	0.34	0	|	97.0	0.34(97)	0.34(97)	|	8530	
3269	213	ok	|	0.28	1.00	1.00	0.32	0.05	0	|	rapi	0.28	0.32	0	|	97.0	0.32(97)	0.32(97)	|	8530	
3269	214	ok	|	0.26	1.00	1.00	0.30	0.05	0	|	rapi	0.26	0.30	0	|	97.0	0.30(97)	0.30(97)	|	8530	
3269	215	ok	|	0.26	1.00	1.00	0.29	0.05	0	|	rapi	0.26	0.29	0	|	97.0	0.29(97)	0.29(97)	|	8530	
3269	216	ok	|	0.26	1.00	1.00	0.30	0.05	0	|	rapi	0.26	0.30	0	|	97.0	0.30(97)	0.30(97)	|	8530	
3269	217	ok	|	0.28	1.00	1.00	0.32	0.05	0	|	rapi	0.28	0.32	0	|	97.0	0.32(97)	0.32(97)	|	8530	
3269	218	ok	|	0.31	1.00	1.00	0.35	0.06	0	|	rapi	0.31	0.35	0	|	97.0	0.35(97)	0.35(97)	|	8530	
3269	219	ok	|	0.34	1.00	1.00	0.38	0.06	0	|	rapi	0.34	0.38	0	|	97.0	0.38(97)	0.38(97)	|	8530	
3269	220	ok	|	0.34	1.00	1.00	0.38	0.06	0	|	rapi	0.34	0.38	0	|	97.0	0.38(97)	0.38(97)	|	8530	
3269	221	ok	|	0.33	1.00	1.00	0.39	0.06	0	|	rapi	0.33	0.39	0	|	97.0	0.39(97)	0.39(97)	|	8530	
3269	222	ok	|	0.30	1.00	1.00	0.35	0.06	0	|	rapi	0.30	0.35	0	|	97.0	0.35(97)	0.35(97)	|	8530	
3269	223	ok	|	0.31	1.00	1.00	0.35	0.06	0	|	rapi	0.31	0.35	0	|	97.0	0.35(97)	0.35(97)	|	8530	
3269	224	ok	|	0.30	1.00	1.00	0.35	0.06	0	|	rapi	0.30	0.35	0	|	97.0	0.35(97)	0.35(97)	|	8530	
3269	225	ok	|	0.33	1.00	1.00	0.38	0.06	0	|	rapi	0.33	0.38	0	|	97.0	0.38(97)	0.38(97)	|	8530	
3269	226	ok	|	0.35	1.00	1.00	0.42	0.07	0	|	rapi	0.35	0.42	0	|	97.0	0.42(97)	0.42(97)	|	8530	
3269	227	ok	|	0.36	1.00	1.00	0.44	0.07	0	|	rapi	0.36	0.44	0	|	97.0	0.44(97)	0.44(97)	|	8530	
3269	228	ok	|	0.36	1.00	1.00	0.42	0.07	0	|	rapi	0.36	0.42	0	|	97.0	0.42(97)	0.42(97)	|	8530	
3269	229	ok	|	0.34	1.00	1.00	0.39	0.06	0	|	rapi	0.34	0.39	0	|	97.0	0.39(97)	0.39(97)	|	8530	
3269	230	ok	|	0.30	1.00	1.00	0.35	0.06	0	|	rapi	0.30	0.35	0	|	97.0	0.35(97)	0.35(97)	|	8530	
3269	231	ok	|	0.31	1.00	1.00	0.35	0.06	0	|	rapi	0.31	0.35	0	|	97.0	0.35(97)	0.35(97)	|	8530	
3269	232	ok	|	0.30	1.00	1.00	0.35	0.06	0	|	rapi	0.30	0.35	0	|	97.0	0.35(97)	0.35(97)	|	8530	
3269	233	ok	|	0.31	1.00	1.00	0.36	0.06	0	|	rapi	0.31	0.36	0	|	97.0	0.36(97)	0.36(97)	|	8530	
3269	234	ok	|	0.30	1.00	1.00	0.36	0.06	0	|	rapi	0.30	0.36	0	|	97.0	0.36(97)	0.36(97)	|	8530	
3269	235	ok	|	0.30	1.00	1.00	0.35	0.06	0	|	rapi	0.30	0.35	0	|	97.0	0.35(97)	0.35(97)	|	8530	
3269	236	ok	|	0.29	1.00	1.00	0.34	0.06	0	|	rapi	0.29	0.34	0	|	97.0	0.34(97)	0.34(97)	|	8530	
3269	237	ok	|	0.29	1.00	1.00	0.34	0.06	0	|	rapi	0.29	0.34	0	|	97.0	0.34(97)	0.34(97)	|	8530	
3269	238	ok	|	0.32	1.00	1.00	0.37	0.06	0	|	rapi	0.32	0.37	0	|	97.0	0.37(97)	0.37(97)	|	8530	
3269	239	ok	|	0.31	1.00	1.00	0.38	0.06	0	|	rapi	0.31	0.38	0	|	97.0	0.38(97)	0.38(97)	|	8530	
3269	240	ok	|	0.31	1.00	1.00	0.37	0.06	0	|	rapi	0.31	0.37	0	|	97.0	0.37(97)	0.37(97)	|	8530	
3269	241	ok	|	0.28	1.00	1.00	0.33	0.06	0	|	rapi	0.28	0.33	0	|	97.0	0.33(97)	0.33(97)	|	8530	
3269	242	ok	|	0.28	1.00	1.00	0.32	0.05	0	|	rapi	0.28	0.32	0	|	97.0	0.32(97)	0.32(97)	|	8530	
3269	243	ok	|	0.29	1.00	1.00	0.32	0.05	0	|	rapi	0.29	0.32	0	|	97.0	0.32(97)	0.32(97)	|	8530	
3269	244	ok	|	0.28	1.00	1.00	0.32	0.05	0	|	rapi	0.28	0.32	0	|	97.0	0.32(97)	0.32(97)	|	8530	
3269	245	ok	|	0.31	1.00	1.00	0.37	0.06	0	|	rapi	0.31	0.37	0	|	97.0	0.37(97)	0.37(97)	|	8530	
3269	246	ok	|	0.33	1.00	1.00	0.38	0.06	0	|	rapi	0.33	0.38	0	|	97.0	0.38(97)	0.38(97)	|	8530	
3269	247	ok	|	0.33	1.00	1.00	0.39	0.06	0	|	rapi	0.33	0.39	0	|	97.0	0.39(97)	0.39(97)	|	8530	
3269	248	ok	|	0.32	1.00	1.00	0.37	0.06	0	|	rapi	0.32	0.37	0	|	97.0	0.37(97)	0.37(97)	|	8530	
3269	249	ok	|	0.30	1.00	1.00	0.34	0.06	0	|	rapi	0.30	0.34	0	|	97.0	0.34(97)	0.34(97)	|	8530	
3269	250	ok	|	0.28	1.00	1.00	0.32	0.05	0	|	rapi	0.28	0.32	0	|	97.0	0.32(97)	0.32(97)	|	8530	
3269	251	ok	|	0.30	1.00	1.00	0.35	0.06	0	|	rapi	0.30	0.35	0	|	97.0	0.35(97)	0.35(97)	|	8530	
3269	252	ok	|	0.32	1.00	1.00	0.37	0.06	0	|	rapi	0.32	0.37	0	|	97.0	0.37(97)	0.37(97)	|	8530	
3269	253	ok	|	0.32	1.00	1.00	0.39	0.06	0	|	rapi	0.32	0.39	0	|	97.0	0.39(97)	0.39(97)	|	8530	
3269	254	ok	|	0.32	1.00	1.00	0.38	0.06	0	|	rapi	0.32	0.38	0	|	97.0	0.38(97)	0.38(97)	|	8530	
3269	255	ok	|	0.31	1.00	1.00	0.36	0.06	0	|	rapi	0.31	0.36	0	|	97.0	0.36(97)	0.36(97)	|	8530	
3269	256	ok	|	0.31	1.00	1.00	0.36	0.06	0	|	rapi	0.31	0.36	0	|	97.0	0.36(97)	0.36(97)	|	8530	
3269	257	ok	|	0.32	1.00	1.00	0.38	0.06	0	|	rapi	0.32	0.38	0	|	97.0	0.38(97)	0.38(97)	|	8530	
3269	258	ok	|	0.32	1.00	1.00	0.37	0.06	0	|	rapi	0.32	0.37	0	|	97.0	0.37(97)	0.37(97)	|	8530	
3269	259	ok	|	0.33	1.00	1.00	0.39	0.06	0	|	rapi	0.33	0.39	0	|	97.0	0.39(97)	0.39(97)	|	8530	
3269	260	ok	|	0.32	1.00	1.00	0.38	0.06	0	|	rapi	0.32	0.38	0	|	97.0	0.38(97)	0.38(97)	|	8530	
3269	261	ok	|	0.34	1.00	1.00	0.40	0.07	0	|	rapi	0.34	0.40	0	|	97.0	0.40(97)	0.40(97)	|	8530	
3269	262	ok	|	0.34	1.00	1.00	0.40	0.07	0	|	rapi	0.34	0.40	0	|	97.0	0.40(97)	0.40(97)	|	8530	
3269	263	ok	|	0.35	1.00	1.00	0.41	0.07	0	|	rapi	0.35	0.41	0	|	97.0	0.41(97)	0.41(97)	|	8530	
3269	264	ok	|	0.35	1.00	1.00	0.42	0.07	0	|	rapi	0.35	0.42	0	|	97.0	0.42(97)	0.42(97)	|	8530	
3269	265	ok	|	0.36	1.00	1.00	0.42	0.07	0	|	rapi	0.36	0.42	0	|	97.0	0.42(97)	0.42(97)	|	8530	
3269	266	ok	|	0.35	1.00	1.00	0.40	0.07	0	|	rapi	0.35	0.40	0	|	97.0	0.40(97)	0.40(97)	|	8530	
3269	267	ok	|	0.35	1.00	1.00	0.40	0.07	0	|	rapi	0.35	0.40	0	|	97.0	0.40(97)	0.40(97)	|	8530	
3269	268	ok	|	0.30	1.00	1.00	0.36	0.06	0	|	rapi	0.30	0.36	0	|	97.0	0.36(97)	0.36(97)	|	8530	
3269	269	ok	|	0.31	1.00	1.00	0.38	0.06	0	|	rapi	0.31	0.38	0	|	97.0	0.38(97)	0.38(97)	|	8530	
3269	270	ok	|	0.34	1.00	1.00	0.39	0.07	0	|	rapi	0.34	0.39	0	|	97.0	0.39(97)	0.39(97)	|	8530	
3269	271	ok	|	0.35	1.00	1.00	0.40	0.07	0	|	rapi	0.35	0.40	0	|	97.0	0.40(97)	0.40(97)	|	8530	
3269	272	ok	|	0.34	1.00	1.00	0.40	0.07	0	|	rapi	0.34	0.40	0	|	97.0	0.40(97)	0.40(97)	|	8530	
3269	273	ok	|	0.33	1.00	1.00	0.39	0.07	0	|	rapi	0.33	0.39	0	|	97.0	0.39(97)	0.39(97)	|	8530	
3269	274	ok	|	0.34	1.00	1.00	0.40	0.07	0	|	rapi	0.34	0.40	0	|	97.0	0.40(97)	0.40(97)	|	8530	
3269	275	ok	|	0.35	1.00	1.00	0.42	0.07	0	|	rapi	0.35	0.42	0	|	97.0	0.42(97)	0.42(97)	|	8530	
3269	276	ok	|	0.33	1.00	1.00	0.39	0.07	0	|	rapi	0.33	0.39	0	|	97.0	0.39(97)	0.39(97)	|	8530	
3269	277	ok	|	0.32	1.00	1.00	0.36	0.06	0	|	rapi	0.32	0.36	0	|	97.0	0.36(97)	0.36(97)	|	8530	
3269	278	ok	|	0.32	1.00	1.00	0.37	0.06	0	|	rapi	0.32	0.37	0	|	97.0	0.37(97)	0.37(97)	|	8530	
3269	279	ok	|	0.31	1.00	1.00	0.35	0.06	0	|	rapi	0.31	0.35	0	|	97.0	0.35(97)	0.35(97)	|	8530	
3269	280	ok	|	0.30	1.00	1.00	0.35	0.06	0	|	rapi	0.30	0.35	0	|	97.0	0.35(97)	0.35(97)	|	8530	
3269	281	ok	|	0.31	1.00	1.00	0.37	0.06	0	|	rapi	0.31	0.37	0	|	97.0	0.37(97)	0.37(97)	|	8530	
3269	282	ok	|	0.31	1.00	1.00	0.37	0.06	0	|	rapi	0.31	0.37	0	|	97.0	0.37(97)	0.37(97)	|	8530	
3269	283	ok	|	0.29	1.00	1.00	0.34	0.06	0	|	rapi	0.29	0.34	0	|	97.0	0.34(97)	0.34(97)	|	8530	
3269	284	ok	|	0.29	1.00	1.00	0.33	0.05	0	|	rapi	0.29	0.33	0	|	97.0	0.33(97)	0.33(97)	|	8530	
3269	285	ok	|	0.29	1.00	1.00	0.35	0.06	0	|	rapi	0.29	0.35	0	|	97.0	0.35(97)	0.35(97)	|	8530	
3269	286	ok	|	0.27	1.00	1.00	0.32	0.05	0	|	rapi	0.27	0.32	0	|	97.0	0.32(97)	0.32(97)	|	8530	
3269	287	ok	|	0.28	1.00	1.00	0.31	0.05	0	|	rapi	0.28	0.31	0	|	97.0	0.31(97)	0.31(97)	|	8530	
3269	288	ok	|	0.28	1.00	1.00	0.32	0.05	0	|	rapi	0.28	0.32	0	|	97.0	0.32(97)	0.32(97)	|	8530	
3269	289	ok	|	0.27	1.00	1.00	0.30	0.05	0	|	rapi	0.27	0.30	0	|	97.0	0.30(97)	0.30(97)	|	8530	
3269	290	ok	|	0.26	1.00	1.00	0.29	0.05	0	|	rapi	0.26	0.29	0	|	97.0	0.29(97)	0.29(97)	|	8530	
3269	291	ok	|	0.24	1.00	1.00	0.27	0.04	0	|	rapi	0.24	0.27	0	|	97.0	0.27(97)	0.27(97)	|	8530	
3269	292	ok	|	0.25	1.00	1.00	0.27	0.04	0	|	rapi	0.25	0.27	0	|	97.0	0.27(97)	0.27(97)	|	8530	
3269	293	ok	|	0.27	1.00	1.00	0.29	0.05	0	|	rapi	0.27	0.29	0	|	97.0	0.29(97)	0.29(97)	|	8530	
3269	294	ok	|	0.27	1.00	1.00	0.30	0.05	0	|	rapi	0.27	0.30	0	|	97.0	0.30(97)	0.30(97)	|	8530	
3269	295	ok	|	0.28	1.00	1.00	0.33	0.05	0	|	rapi	0.28	0.33	0	|	97.0	0.33(97)	0.33(97)	|	8530	
3269	296	ok	|	0.30	1.00	1.00	0.33	0.05	0	|	rapi	0.30	0.33	0	|	97.0	0.33(97)	0.33(97)	|	8530	
3269	297	ok	|	0.27	1.00	1.00	0.30	0.05	0	|	rapi	0.27	0.30	0	|	97.0	0.30(97)	0.30(97)	|	8530	
3269	298	ok	|	0.28	1.00	1.00	0.30	0.05	0	|	rapi	0.28	0.30	0	|	97.0	0.30(97)	0.30(97)	|	8530	
3269	299	ok	|	0.26	1.00	1.00	0.28	0.05	0	|	rapi	0.26	0.28	0	|	97.0	0.28(97)	0.28(97)	|	8530	
3269	300	ok	|	0.25	1.00	1.00	0.27	0.05	0	|	rapi	0.25	0.27	0	|	97.0	0.27(97)	0.27(97)	|	8530	
3269	301	ok	|	0.25	1.00	1.00	0.27	0.05	0	|	rapi	0.25	0.27	0	|	97.0	0.27(97)	0.27(97)	|	8530	
3269	302	ok	|	0.26	1.00	1.00	0.28	0.05	0	|	rapi	0.26	0.28	0	|	97.0	0.28(97)	0.28(97)	|	8530	
3269	303	ok	|	0.25	1.00	1.00	0.28	0.05	0	|	rapi	0.25	0.28	0	|	97.0	0.28(97)	0.28(97)	|	8530	
3269	304	ok	|	0.25	1.00	1.00	0.28	0.05	0	|	rapi	0.25	0.28	0	|	97.0	0.28(97)	0.28(97)	|	8530	
3269	305	ok	|	0.24	1.00	1.00	0.27	0.04	0	|	rapi	0.24	0.27	0	|	97.0	0.27(97)	0.27(97)	|	8530	
3269	306	ok	|	0.24	1.00	1.00	0.26	0.04	0	|	rapi	0.24	0.26	0	|	97.0	0.26(97)	0.26(97)	|	8530	
3269	307	ok	|	0.23	1.00	1.00	0.26	0.04	0	|	rapi	0.23	0.26	0	|	97.0	0.26(97)	0.26(97)	|	8530	
3269	308	ok	|	0.27	1.00	1.00	0.30	0.05	0	|	rapi	0.27	0.30	0	|	97.0	0.30(97)	0.30(97)	|	8530	
3269	309	ok	|	0.26	1.00	1.00	0.28	0.05	0	|	rapi	0.26	0.28	0	|	97.0	0.28(97)	0.28(97)	|	8530	
3269	310	ok	|	0.27	1.00	1.00	0.30	0.05	0	|	rapi	0.27	0.30	0	|	97.0	0.30(97)	0.30(97)	|	8530	
3269	311	ok	|	0.27	1.00	1.00	0.31	0.05	0	|	rapi	0.27	0.31	0	|	97.0	0.31(97)	0.31(97)	|	8530	
3269	312	ok	|	0.27	1.00	1.00	0.31	0.05	0	|	rapi	0.27	0.31	0	|	97.0	0.31(97)	0.31(97)	|	8530	
3269	313	ok	|	0.24	1.00	1.00	0.27	0.04	0	|	rapi	0.24	0.27	0	|	97.0	0.27(97)	0.27(97)	|	8530	
3269	314	ok	|	0.25	1.00	1.00	0.28	0.05	0	|	rapi	0.25	0.28	0	|	97.0	0.28(97)	0.28(97)	|	8530	
3269	315	ok	|	0.26	1.00	1.00	0.28	0.05	0	|	rapi	0.26	0.28	0	|	97.0	0.28(97)	0.28(97)	|	8530	
3269	316	ok	|	0.27	1.00	1.00	0.29	0.05	0	|	rapi	0.27	0.29	0	|	97.0	0.29(97)	0.29(97)	|	8530	
3269	317	ok	|	0.28	1.00	1.00	0.31	0.05	0	|	rapi	0.28	0.31	0	|	97.0	0.31(97)	0.31(97)	|	8530	
3269	318	ok	|	0.26	1.00	1.00	0.29	0.05	0	|	rapi	0.26	0.29	0	|	97.0	0.29(97)	0.29(97)	|	8530	
3269	319	ok	|	0.28	1.00	1.00	0.31	0.05	0	|	rapi	0.28	0.31	0	|	97.0	0.31(97)	0.31(97)	|	8530	
3269	320	ok	|	0.28	1.00	1.00	0.32	0.05	0	|	rapi	0.28	0.32	0	|	97.0	0.32(97)	0.32(97)	|	8530	
3269	321	ok	|	0.27	1.00	1.00	0.30	0.05	0	|	rapi	0.27	0.30	0	|	97.0	0.30(97)	0.30(97)	|	8530	
3269	322	ok	|	0.27	1.00	1.00	0.31	0.05	0	|	rapi	0.27	0.31	0	|	97.0	0.31(97)	0.31(97)	|	8530	
3269	323	ok	|	0.27	1.00	1.00	0.31	0.05	0	|	rapi	0.27	0.31	0	|	97.0	0.31(97)	0.31(97)	|	8530	
3269	324	ok	|	0.28	1.00	1.00	0.32	0.05	0	|	rapi	0.28	0.32	0	|	97.0	0.32(97)	0.32(97)	|	8530	
3269	325	ok	|	0.27	1.00	1.00	0.30	0.05	0	|	rapi	0.27	0.30	0	|	97.0	0.30(97)	0.30(97)	|	8530	
3269	326	ok	|	0.22	1.00	1.00	0.25	0.04	0	|	rapi	0.22	0.25	0	|	97.0	0.25(97)	0.25(97)	|	8530	
3269	327	ok	|	0.21	1.00	1.00	0.24	0.04	0	|	rapi	0.21	0.24	0	|	97.0	0.24(97)	0.24(97)	|	8530	
3269	328	ok	|	0.20	1.00	1.00	0.23	0.04	0	|	rapi	0.20	0.23	0	|	97.0	0.23(97)	0.23(97)	|	8530	
3269	329	ok	|	0.20	1.00	1.00	0.23	0.04	0	|	rapi	0.20	0.23	0	|	97.0	0.23(97)	0.23(97)	|	8530	
3269	330	ok	|	0.22	1.00	1.00	0.23	0.04	0	|	rapi	0.22	0.23	0	|	97.0	0.23(97)	0.23(97)	|	8530	
3269	331	ok	|	0.21	1.00	1.00	0.23	0.04	0	|	rapi	0.21	0.23	0	|	97.0	0.23(97)	0.23(97)	|	8530	
3269	332	ok	|	0.24	1.00	1.00	0.26	0.04	0	|	rapi	0.24	0.26	0	|	97.0	0.26(97)	0.26(97)	|	8530	
3269	333	ok	|	0.23	1.00	1.00	0.25	0.04	0	|	rapi	0.23	0.25	0	|	97.0	0.25(97)	0.25(97)	|	8530	
3269	334	ok	|	0.22	1.00	1.00	0.24	0.04	0	|	rapi	0.22	0.24	0	|	97.0	0.24(97)	0.24(97)	|	8530	
3269	335	ok	|	0.23	1.00	1.00	0.27	0.04	0	|	rapi	0.23	0.27	0	|	97.0	0.27(97)	0.27(97)	|	8530	
3269	336	ok	|	0.23	1.00	1.00	0.26	0.04	0	|	rapi	0.23	0.26	0	|	97.0	0.26(97)	0.26(97)	|	8530	
3269	337	ok	|	0.24	1.00	1.00	0.28	0.05	0	|	rapi	0.24	0.28	0	|	97.0	0.28(97)	0.28(97)	|	8530	
3269	338	ok	|	0.25	1.00	1.00	0.28	0.05	0	|	rapi	0.25	0.28	0	|	97.0	0.28(97)	0.28(97)	|	8530	
3269	339	ok	|	0.25	1.00	1.00	0.28	0.05	0	|	rapi	0.25	0.28	0	|	97.0	0.28(97)	0.28(97)	|	8530	
3269	340	ok	|	0.26	1.00	1.00	0.30	0.05	0	|	rapi	0.26	0.30	0	|	97.0	0.30(97)	0.30(97)	|	8530	
3269	341	ok	|	0.27	1.00	1.00	0.30	0.05	0	|	rapi	0.27	0.30	0	|	97.0	0.30(97)	0.30(97)	|	8530	
3269	342	ok	|	0.28	1.00	1.00	0.32	0.05	0	|	rapi	0.28	0.32	0	|	97.0	0.32(97)	0.32(97)	|	8530	
3269	343	ok	|	0.27	1.00	1.00	0.29	0.05	0	|	rapi	0.27	0.29	0	|	97.0	0.29(97)	0.29(97)	|	8530	
3269	344	ok	|	0.28	1.00	1.00	0.31	0.05	0	|	rapi	0.28	0.31	0	|	97.0	0.31(97)	0.31(97)	|	8530	
3269	345	ok	|	0.27	1.00	1.00	0.31	0.05	0	|	rapi	0.27	0.31	0	|	97.0	0.31(97)	0.31(97)	|	8530	
3269	346	ok	|	0.27	1.00	1.00	0.30	0.05	0	|	rapi	0.27	0.30	0	|	97.0	0.30(97)	0.30(97)	|	8530	
3269	347	ok	|	0.27	1.00	1.00	0.29	0.05	0	|	rapi	0.27	0.29	0	|	97.0	0.29(97)	0.29(97)	|	8530	
3269	348	ok	|	0.26	1.00	1.00	0.29	0.05	0	|	rapi	0.26	0.29	0	|	97.0	0.29(97)	0.29(97)	|	8530	
3269	349	ok	|	0.24	1.00	1.00	0.27	0.05	0	|	rapi	0.24	0.27	0	|	97.0	0.27(97)	0.27(97)	|	8530	
3269	350	ok	|	0.27	1.00	1.00	0.30	0.05	0	|	rapi	0.27	0.30	0	|	97.0	0.30(97)	0.30(97)	|	8530	
3269	351	ok	|	0.27	1.00	1.00	0.31	0.05	0	|	rapi	0.27	0.31	0	|	97.0	0.31(97)	0.31(97)	|	8530	
3269	352	ok	|	0.28	1.00	1.00	0.31	0.05	0	|	rapi	0.28	0.31	0	|	97.0	0.31(97)	0.31(97)	|	8530	
3269	353	ok	|	0.27	1.00	1.00	0.30	0.05	0	|	rapi	0.27	0.30	0	|	97.0	0.30(97)	0.30(97)	|	8530	
3269	354	ok	|	0.27	1.00	1.00	0.30	0.05	0	|	rapi	0.27	0.30	0	|	97.0	0.30(97)	0.30(97)	|	8530	
3269	355	ok	|	0.27	1.00	1.00	0.29	0.05	0	|	rapi	0.27	0.29	0	|	97.0	0.29(97)	0.29(97)	|	8530	
3269	356	ok	|	0.23	1.00	1.00	0.26	0.04	0	|	rapi	0.23	0.26	0	|	97.0	0.26(97)	0.26(97)	|	8530	
3269	357	ok	|	0.21	1.00	1.00	0.23	0.06	0	|	rapi	0.21	0.23	0	|	97.0	0.23(97)	0.23(97)	|	8530	
3269	358	ok	|	0.23	1.00	1.00	0.25	0.06	0	|	rapi	0.23	0.25	0	|	97.0	0.25(97)	0.25(97)	|	8530	
3269	359	ok	|	0.23	1.00	1.00	0.25	0.06	0	|	rapi	0.23	0.25	0	|	97.0	0.25(97)	0.25(97)	|	8530	
3269	360	ok	|	0.23	1.00	1.00	0.25	0.06	0	|	rapi	0.23	0.25	0	|	97.0	0.25(97)	0.25(97)	|	8530	
3269	361	ok	|	0.24	1.00	1.00	0.26	0.06	0	|	rapi	0.24	0.26	0	|	97.0	0.26(97)	0.26(97)	|	8530	
3269	362	ok	|	0.24	1.00	1.00	0.26	0.06	0	|	rapi	0.24	0.26	0	|	97.0	0.26(97)	0.26(97)	|	8530	
3269	363	ok	|	0.26	1.00	1.00	0.28	0.07	0	|	rapi	0.26	0.28	0	|	97.0	0.28(97)	0.28(97)	|	8530	
3269	364	ok	|	0.26	1.00	1.00	0.29	0.07	0	|	rapi	0.26	0.29	0	|	97.0	0.29(97)	0.29(97)	|	8530	
3269	365	ok	|	0.26	1.00	1.00	0.28	0.07	0	|	rapi	0.26	0.28	0	|	97.0	0.28(97)	0.28(97)	|	8530	
3269	366	ok	|	0.26	1.00	1.00	0.28	0.07	0	|	rapi	0.26	0.28	0	|	97.0	0.28(97)	0.28(97)	|	8530	
3269	367	ok	|	0.27	1.00	1.00	0.29	0.07	0	|	rapi	0.27	0.29	0	|	97.0	0.29(97)	0.29(97)	|	8530	
3269	368	ok	|	0.25	1.00	1.00	0.27	0.07	0	|	rapi	0.25	0.27	0	|	97.0	0.27(97)	0.27(97)	|	8530	
3269	369	ok	|	0.22	1.00	1.00	0.24	0.06	0	|	rapi	0.22	0.24	0	|	97.0	0.24(97)	0.24(97)	|	8530	
3269	370	ok	|	0.22	1.00	1.00	0.24	0.06	0	|	rapi	0.22	0.24	0	|	97.0	0.24(97)	0.24(97)	|	8530	
3269	371	ok	|	0.22	1.00	1.00	0.24	0.06	0	|	rapi	0.22	0.24	0	|	97.0	0.24(97)	0.24(97)	|	8530	
3269	372	ok	|	0.25	1.00	1.00	0.27	0.07	0	|	rapi	0.25	0.27	0	|	97.0	0.27(97)	0.27(97)	|	8530	
3269	373	ok	|	0.22	1.00	1.00	0.25	0.06	0	|	rapi	0.22	0.25	0	|	97.0	0.25(97)	0.25(97)	|	8530	
3269	374	ok	|	0.22	1.00	1.00	0.24	0.06	0	|	rapi	0.22	0.24	0	|	97.0	0.24(97)	0.24(97)	|	8530	
3269	375	ok	|	0.22	1.00	1.00	0.24	0.06	0	|	rapi	0.22	0.24	0	|	97.0	0.24(97)	0.24(97)	|	8530	
3269	376	ok	|	0.22	1.00	1.00	0.24	0.06	0	|	rapi	0.22	0.24	0	|	97.0	0.24(97)	0.24(97)	|	8530	
3269	377	ok	|	0.23	1.00	1.00	0.25	0.06	0	|	rapi	0.23	0.25	0	|	97.0	0.25(97)	0.25(97)	|	8530	
3269	378	ok	|	0.24	1.00	1.00	0.25	0.06	0	|	rapi	0.24	0.25	0	|	97.0	0.25(97)	0.25(97)	|	8530	
3269	379	ok	|	0.25	1.00	1.00	0.27	0.07	0	|	rapi	0.25	0.27	0	|	97.0	0.27(97)	0.27(97)	|	8530	
3269	380	ok	|	0.25	1.00	1.00	0.27	0.07	0	|	rapi	0.25	0.27	0	|	97.0	0.27(97)	0.27(97)	|	8530	
3269	381	ok	|	0.26	1.00	1.00	0.28	0.07	0	|	rapi	0.26	0.28	0	|	97.0	0.28(97)	0.28(97)	|	8530	
3269	382	ok	|	0.25	1.00	1.00	0.27	0.07	0	|	rapi	0.25	0.27	0	|	97.0	0.27(97)	0.27(97)	|	8530	
3269	383	ok	|	0.25	1.00	1.00	0.28	0.07	0	|	rapi	0.25	0.28	0	|	97.0	0.28(97)	0.28(97)	|	8530	
3269	384	ok	|	0.26	1.00	1.00	0.28	0.07	0	|	rapi	0.26	0.28	0	|	97.0	0.28(97)	0.28(97)	|	8530	
3269	385	ok	|	0.23	1.00	1.00	0.25	0.06	0	|	rapi	0.23	0.25	0	|	97.0	0.25(97)	0.25(97)	|	8530	
3269	386	ok	|	0.24	1.00	1.00	0.27	0.07	0	|	rapi	0.24	0.27	0	|	97.0	0.27(97)	0.27(97)	|	8530	
3269	387	ok	|	0.24	1.00	1.00	0.26	0.07	0	|	rapi	0.24	0.26	0	|	97.0	0.26(97)	0.26(97)	|	8530	
3269	388	ok	|	0.25	1.00	1.00	0.28	0.07	0	|	rapi	0.25	0.28	0	|	97.0	0.28(97)	0.28(97)	|	8530	
3269	389	ok	|	0.26	1.00	1.00	0.28	0.07	0	|	rapi	0.26	0.28	0	|	97.0	0.28(97)	0.28(97)	|	8530	
3269	390	ok	|	0.26	1.00	1.00	0.27	0.07	0	|	rapi	0.26	0.27	0	|	97.0	0.27(97)	0.27(97)	|	8530	
3269	391	ok	|	0.23	1.00	1.00	0.25	0.06	0	|	rapi	0.23	0.25	0	|	97.0	0.25(97)	0.25(97)	|	8530	
3269	392	ok	|	0.24	1.00	1.00	0.26	0.07	0	|	rapi	0.24	0.26	0	|	97.0	0.26(97)	0.26(97)	|	8530	
3269	393	ok	|	0.21	1.00	1.00	0.22	0.06	0	|	rapi	0.21	0.22	0	|	97.0	0.22(97)	0.22(97)	|	8530	
3269	394	ok	|	0.21	1.00	1.00	0.22	0.06	0	|	rapi	0.21	0.22	0	|	97.0	0.22(97)	0.22(97)	|	8530	
3269	395	ok	|	0.22	1.00	1.00	0.23	0.06	0	|	rapi	0.22	0.23	0	|	97.0	0.23(97)	0.23(97)	|	8530	
3269	396	ok	|	0.20	1.00	1.00	0.21	0.05	0	|	rapi	0.20	0.21	0	|	97.0	0.21(97)	0.21(97)	|	8530	
3269	397	ok	|	0.22	1.00	1.00	0.24	0.06	0	|	rapi	0.22	0.24	0	|	97.0	0.24(97)	0.24(97)	|	8530	
3269	398	ok	|	0.22	1.00	1.00	0.24	0.06	0	|	rapi	0.22	0.24	0	|	97.0	0.24(97)	0.24(97)	|	8530	
3269	399	ok	|	0.21	1.00	1.00	0.23	0.06	0	|	rapi	0.21	0.23	0	|	97.0	0.23(97)	0.23(97)	|	8530	
3269	400	ok	|	0.22	1.00	1.00	0.23	0.06	0	|	rapi	0.22	0.23	0	|	97.0	0.23(97)	0.23(97)	|	8530	
3269	401	ok	|	0.22	1.00	1.00	0.24	0.06	0	|	rapi	0.22	0.24	0	|	97.0	0.24(97)	0.24(97)	|	8530	
3269	402	ok	|	0.20	1.00	1.00	0.22	0.06	0	|	rapi	0.20	0.22	0	|	97.0	0.22(97)	0.22(97)	|	8530	
3269	403	ok	|	0.21	1.00	1.00	0.22	0.06	0	|	rapi	0.21	0.22	0	|	97.0	0.22(97)	0.22(97)	|	8530	
3269	404	ok	|	0.22	1.00	1.00	0.24	0.06	0	|	rapi	0.22	0.24	0	|	97.0	0.24(97)	0.24(97)	|	8530	
3269	405	ok	|	0.22	1.00	1.00	0.24	0.06	0	|	rapi	0.22	0.24	0	|	97.0	0.24(97)	0.24(97)	|	8530	
3269	406	ok	|	0.20	1.00	1.00	0.23	0.06	0	|	rapi	0.20	0.23	0	|	97.0	0.23(97)	0.23(97)	|	8530	
3269	407	ok	|	0.21	1.00	1.00	0.23	0.06	0	|	rapi	0.21	0.23	0	|	97.0	0.23(97)	0.23(97)	|	8530	
3269	408	ok	|	0.20	1.00	1.00	0.23	0.06	0	|	rapi	0.20	0.23	0	|	97.0	0.23(97)	0.23(97)	|	8530	
3269	409	ok	|	0.25	1.00	1.00	0.27	0.07	0	|	rapi	0.25	0.27	0	|	97.0	0.27(97)	0.27(97)	|	8530	
3269	410	ok	|	0.23	1.00	1.00	0.25	0.06	0	|	rapi	0.23	0.25	0	|	97.0	0.25(97)	0.25(97)	|	8530	
3269	411	ok	|	0.22	1.00	1.00	0.23	0.06	0	|	rapi	0.22	0.23	0	|	97.0	0.23(97)	0.23(97)	|	8530	
3269	412	ok	|	0.21	1.00	1.00	0.22	0.05	0	|	rapi	0.21	0.22	0	|	97.0	0.22(97)	0.22(97)	|	8530	
3269	413	ok	|	0.20	1.00	1.00	0.21	0.05	0	|	rapi	0.20	0.21	0	|	97.0	0.21(97)	0.21(97)	|	8530	
3269	414	ok	|	0.21	1.00	1.00	0.23	0.06	0	|	rapi	0.21	0.23	0	|	97.0	0.23(97)	0.23(97)	|	8530	
3269	415	ok	|	0.18	1.00	1.00	0.19	0.05	0	|	rapi	0.18	0.19	0	|	97.0	0.19(97)	0.19(97)	|	8530	
3269	416	ok	|	0.15	1.00	1.00	0.16	0.04	0	|	rapi	0.15	0.16	0	|	97.0	0.16(97)	0.16(97)	|	8530	
3269	417	ok	|	0.15	1.00	1.00	0.17	0.04	0	|	rapi	0.15	0.17	0	|	97.0	0.17(97)	0.17(97)	|	8530	
3269	418	ok	|	0.13	1.00	1.00	0.14	0.04	0	|	rapi	0.13	0.14	0	|	97.0	0.14(97)	0.14(97)	|	8530	
3269	419	ok	|	0.12	1.00	1.00	0.13	0.03	0	|	rapi	0.12	0.13	0	|	97.0	0.13(97)	0.13(97)	|	8530	
3269	420	ok	|	0.12	1.00	1.00	0.13	0.03	0	|	rapi	0.12	0.13	0	|	97.0	0.13(97)	0.13(97)	|	8530	
3269	421	ok	|	0.14	1.00	1.00	0.14	0.04	0	|	rapi	0.14	0.14	0	|	97.0	0.14(97)	0.14(97)	|	8530	
3269	422	ok	|	0.16	1.00	1.00	0.17	0.04	0	|	rapi	0.16	0.17	0	|	97.0	0.17(97)	0.17(97)	|	8530	
3269	423	ok	|	0.15	1.00	1.00	0.15	0.04	0	|	rapi	0.15	0.15	0	|	97.0	0.15(97)	0.15(97)	|	8530	
3269	424	ok	|	0.15	1.00	1.00	0.16	0.04	0	|	rapi	0.15	0.16	0	|	97.0	0.16(97)	0.16(97)	|	8530	
3269	425	ok	|	0.17	1.00	1.00	0.18	0.04	0	|	rapi	0.17	0.18	0	|	97.0	0.18(97)	0.18(97)	|	8530	
3269	426	ok	|	0.17	1.00	1.00	0.18	0.05	0	|	rapi	0.17	0.18	0	|	97.0	0.18(97)	0.18(97)	|	8530	
3269	427	ok	|	0.18	1.00	1.00	0.19	0.05	0	|	rapi	0.18	0.19	0	|	97.0	0.19(97)	0.19(97)	|	8530	
3269	428	ok	|	0.18	1.00	1.00	0.18	0.05	0	|	rapi	0.18	0.18	0	|	97.0	0.18(97)	0.18(97)	|	8530	
3269	429	ok	|	0.17	1.00	1.00	0.17	0.04	0	|	rapi	0.17	0.17	0	|	97.0	0.17(97)	0.17(97)	|	8530	
3269	430	ok	|	0.18	1.00	1.00	0.19	0.05	0	|	rapi	0.18	0.19	0	|	97.0	0.19(97)	0.19(97)	|	8530	
3269	431	ok	|	0.20	1.00	1.00	0.20	0.05	0	|	rapi	0.20	0.20	0	|	97.0	0.20(97)	0.20(97)	|	8530	
3269	432	ok	|	0.18	1.00	1.00	0.19	0.05	0	|	rapi	0.18	0.19	0	|	97.0	0.19(97)	0.19(97)	|	8530	
3269	433	ok	|	0.19	1.00	1.00	0.19	0.05	0	|	rapi	0.19	0.19	0	|	97.0	0.19(97)	0.19(97)	|	8530	
3269	434	ok	|	0.17	1.00	1.00	0.18	0.04	0	|	rapi	0.17	0.18	0	|	97.0	0.18(97)	0.18(97)	|	8530	
3269	435	ok	|	0.19	1.00	1.00	0.19	0.05	0	|	rapi	0.19	0.19	0	|	97.0	0.19(97)	0.19(97)	|	8530	
3269	436	ok	|	0.20	1.00	1.00	0.20	0.05	0	|	rapi	0.20	0.20	0	|	97.0	0.20(97)	0.20(97)	|	8530	
3269	437	ok	|	0.20	1.00	1.00	0.21	0.05	0	|	rapi	0.20	0.21	0	|	97.0	0.21(97)	0.21(97)	|	8530	
3269	438	ok	|	0.20	1.00	1.00	0.21	0.05	0	|	rapi	0.20	0.21	0	|	97.0	0.21(97)	0.21(97)	|	8530	
3269	439	ok	|	0.20	1.00	1.00	0.21	0.05	0	|	rapi	0.20	0.21	0	|	97.0	0.21(97)	0.21(97)	|	8530	
3269	440	ok	|	0.19	1.00	1.00	0.20	0.05	0	|	rapi	0.19	0.20	0	|	97.0	0.20(97)	0.20(97)	|	8530	
3269	441	ok	|	0.19	1.00	1.00	0.20	0.05	0	|	rapi	0.19	0.20	0	|	97.0	0.20(97)	0.20(97)	|	8530	
3269	442	ok	|	0.17	1.00	1.00	0.18	0.05	0	|	rapi	0.17	0.18	0	|	97.0	0.18(97)	0.18(97)	|	8530	
3269	443	ok	|	0.19	1.00	1.00	0.20	0.05	0	|	rapi	0.19	0.20	0	|	97.0	0.20(97)	0.20(97)	|	8530	
3269	444	ok	|	0.18	1.00	1.00	0.19	0.05	0	|	rapi	0.18	0.19	0	|	97.0	0.19(97)	0.19(97)	|	8530	
3269	445	ok	|	0.16	1.00	1.00	0.17	0.04	0	|	rapi	0.16	0.17	0	|	97.0	0.17(97)	0.17(97)	|	8530	
3269	446	ok	|	0.15	1.00	1.00	0.16	0.04	0	|	rapi	0.15	0.16	0	|	97.0	0.16(97)	0.16(97)	|	8530	
3269	447	ok	|	0.18	1.00	1.00	0.19	0.05	0	|	rapi	0.18	0.19	0	|	97.0	0.19(97)	0.19(97)	|	8530	
3269	448	ok	|	0.18	1.00	1.00	0.19	0.05	0	|	rapi	0.18	0.19	0	|	97.0	0.19(97)	0.19(97)	|	8530	
3269	449	ok	|	0.19	1.00	1.00	0.20	0.05	0	|	rapi	0.19	0.20	0	|	97.0	0.20(97)	0.20(97)	|	8530	
3269	450	ok	|	0.18	1.00	1.00	0.19	0.05	0	|	rapi	0.18	0.19	0	|	97.0	0.19(97)	0.19(97)	|	8530	
3269	451	ok	|	0.18	1.00	1.00	0.19	0.05	0	|	rapi	0.18	0.19	0	|	97.0	0.19(97)	0.19(97)	|	8530	
3269	452	ok	|	0.17	1.00	1.00	0.18	0.04	0	|	rapi	0.17	0.18	0	|	97.0	0.18(97)	0.18(97)	|	8530	
3269	453	ok	|	0.15	1.00	1.00	0.15	0.04	0	|	rapi	0.15	0.15	0	|	97.0	0.15(97)	0.15(97)	|	8530	
3269	454	ok	|	0.14	1.00	1.00	0.15	0.04	0	|	rapi	0.14	0.15	0	|	97.0	0.15(97)	0.15(97)	|	8530	
3269	455	ok	|	0.14	1.00	1.00	0.14	0.03	0	|	rapi	0.14	0.14	0	|	97.0	0.14(97)	0.14(97)	|	8530	
3269	456	ok	|	0.14	1.00	1.00	0.15	0.04	0	|	rapi	0.14	0.15	0	|	97.0	0.15(97)	0.15(97)	|	8530	
3269	457	ok	|	0.13	1.00	1.00	0.14	0.04	0	|	rapi	0.13	0.14	0	|	97.0	0.14(97)	0.14(97)	|	8530	
3269	458	ok	|	0.14	1.00	1.00	0.14	0.04	0	|	rapi	0.14	0.14	0	|	97.0	0.14(97)	0.14(97)	|	8530	
3269	459	ok	|	0.14	1.00	1.00	0.14	0.04	0	|	rapi	0.14	0.14	0	|	97.0	0.14(97)	0.14(97)	|	8530	
3269	460	ok	|	0.15	1.00	1.00	0.15	0.04	0	|	rapi	0.15	0.15	0	|	97.0	0.15(97)	0.15(97)	|	8530	
3269	461	ok	|	0.15	1.00	1.00	0.16	0.04	0	|	rapi	0.15	0.16	0	|	97.0	0.16(97)	0.16(97)	|	8530	
3269	462	ok	|	0.18	1.00	1.00	0.18	0.05	0	|	rapi	0.18	0.18	0	|	97.0	0.18(97)	0.18(97)	|	8530	
3269	463	ok	|	0.18	1.00	1.00	0.18	0.05	0	|	rapi	0.18	0.18	0	|	97.0	0.18(97)	0.18(97)	|	8530	
3269	464	ok	|	0.18	1.00	1.00	0.19	0.05	0	|	rapi	0.18	0.19	0	|	97.0	0.19(97)	0.19(97)	|	8530	
3269	465	ok	|	0.17	1.00	1.00	0.19	0.05	0	|	rapi	0.17	0.19	0	|	97.0	0.19(97)	0.19(97)	|	8530	
3269	466	ok	|	0.16	1.00	1.00	0.17	0.04	0	|	rapi	0.16	0.17	0	|	97.0	0.17(97)	0.17(97)	|	8530	
3269	467	ok	|	0.15	1.00	1.00	0.16	0.04	0	|	rapi	0.15	0.16	0	|	97.0	0.16(97)	0.16(97)	|	8530	
3269	468	ok	|	0.17	1.00	1.00	0.18	0.09	0	|	rapi	0.17	0.18	0	|	97.0	0.18(97)	0.18(97)	|	8530	
3269	469	ok	|	0.18	1.00	1.00	0.18	0.09	0	|	rapi	0.18	0.18	0	|	97.0	0.18(97)	0.18(97)	|	8530	
3269	470	ok	|	0.17	1.00	1.00	0.18	0.09	0	|	rapi	0.17	0.18	0	|	97.0	0.18(97)	0.18(97)	|	8530	
3269	471	ok	|	0.17	1.00	1.00	0.18	0.09	0	|	rapi	0.17	0.18	0	|	97.0	0.18(97)	0.18(97)	|	8530	
3269	472	ok	|	0.18	1.00	1.00	0.19	0.09	0	|	rapi	0.18	0.19	0	|	97.0	0.19(97)	0.19(97)	|	8530	
3269	473	ok	|	0.18	1.00	1.00	0.18	0.09	0	|	rapi	0.18	0.18	0	|	97.0	0.18(97)	0.18(97)	|	8530	
3269	474	ok	|	0.18	1.00	1.00	0.19	0.09	0	|	rapi	0.18	0.19	0	|	97.0	0.19(97)	0.19(97)	|	8530	
3269	475	ok	|	0.20	1.00	1.00	0.21	0.10	0	|	rapi	0.20	0.21	0	|	97.0	0.21(97)	0.21(97)	|	8530	
3269	476	ok	|	0.19	1.00	1.00	0.20	0.10	0	|	rapi	0.19	0.20	0	|	97.0	0.20(97)	0.20(97)	|	8530	
3269	477	ok	|	0.20	1.00	1.00	0.21	0.10	0	|	rapi	0.20	0.21	0	|	97.0	0.21(97)	0.21(97)	|	8530	
3269	478	ok	|	0.21	1.00	1.00	0.22	0.11	0	|	rapi	0.21	0.22	0	|	97.0	0.22(97)	0.22(97)	|	8530	
3269	479	ok	|	0.20	1.00	1.00	0.21	0.11	0	|	rapi	0.20	0.21	0	|	97.0	0.21(97)	0.21(97)	|	8530	
3269	480	ok	|	0.20	1.00	1.00	0.22	0.11	0	|	rapi	0.20	0.22	0	|	97.0	0.22(97)	0.22(97)	|	8530	
3269	481	ok	|	0.21	1.00	1.00	0.23	0.11	0	|	rapi	0.21	0.23	0	|	97.0	0.23(97)	0.23(97)	|	8530	
3269	482	ok	|	0.22	1.00	1.00	0.24	0.12	0	|	rapi	0.22	0.24	0	|	97.0	0.24(97)	0.24(97)	|	8530	
3269	483	ok	|	0.21	1.00	1.00	0.22	0.11	0	|	rapi	0.21	0.22	0	|	97.0	0.22(97)	0.22(97)	|	8530	
3269	484	ok	|	0.21	1.00	1.00	0.21	0.11	0	|	rapi	0.21	0.21	0	|	97.0	0.21(97)	0.21(97)	|	8530	
3269	485	ok	|	0.21	1.00	1.00	0.21	0.11	0	|	rapi	0.21	0.21	0	|	97.0	0.21(97)	0.21(97)	|	8530	
3269	486	ok	|	0.21	1.00	1.00	0.22	0.11	0	|	rapi	0.21	0.22	0	|	97.0	0.22(97)	0.22(97)	|	8530	
3269	487	ok	|	0.20	1.00	1.00	0.21	0.10	0	|	rapi	0.20	0.21	0	|	97.0	0.21(97)	0.21(97)	|	8530	
3269	488	ok	|	0.21	1.00	1.00	0.22	0.11	0	|	rapi	0.21	0.22	0	|	97.0	0.22(97)	0.22(97)	|	8530	
3269	489	ok	|	0.20	1.00	1.00	0.20	0.10	0	|	rapi	0.20	0.20	0	|	97.0	0.20(97)	0.20(97)	|	8530	
3269	490	ok	|	0.17	1.00	1.00	0.17	0.09	0	|	rapi	0.17	0.17	0	|	97.0	0.17(97)	0.17(97)	|	8530	
3269	491	ok	|	0.16	1.00	1.00	0.16	0.08	0	|	rapi	0.16	0.16	0	|	97.0	0.16(97)	0.16(97)	|	8530	
3269	492	ok	|	0.16	1.00	1.00	0.17	0.08	0	|	rapi	0.16	0.17	0	|	97.0	0.17(97)	0.17(97)	|	8530	
3269	493	ok	|	0.18	1.00	1.00	0.19	0.09	0	|	rapi	0.18	0.19	0	|	97.0	0.19(97)	0.19(97)	|	8530	
3269	494	ok	|	0.19	1.00	1.00	0.20	0.10	0	|	rapi	0.19	0.20	0	|	97.0	0.20(97)	0.20(97)	|	8530	
3269	495	ok	|	0.20	1.00	1.00	0.22	0.11	0	|	rapi	0.20	0.22	0	|	97.0	0.22(97)	0.22(97)	|	8530	
3269	496	ok	|	0.20	1.00	1.00	0.22	0.11	0	|	rapi	0.20	0.22	0	|	97.0	0.22(97)	0.22(97)	|	8530	
3269	497	ok	|	0.21	1.00	1.00	0.22	0.11	0	|	rapi	0.21	0.22	0	|	97.0	0.22(97)	0.22(97)	|	8530	
3269	498	ok	|	0.21	1.00	1.00	0.23	0.11	0	|	rapi	0.21	0.23	0	|	97.0	0.23(97)	0.23(97)	|	8530	
3269	499	ok	|	0.23	1.00	1.00	0.24	0.12	0	|	rapi	0.23	0.24	0	|	97.0	0.24(97)	0.24(97)	|	8530	
3269	500	ok	|	0.27	1.00	1.00	0.28	0.14	0	|	rapi	0.27	0.28	0	|	97.0	0.28(97)	0.28(97)	|	8530	
3269	501	ok	|	0.26	1.00	1.00	0.29	0.14	0	|	rapi	0.26	0.29	0	|	97.0	0.29(97)	0.29(97)	|	8530	
3269	502	ok	|	0.26	1.00	1.00	0.28	0.14	0	|	rapi	0.26	0.28	0	|	97.0	0.28(97)	0.28(97)	|	8530	
3269	503	ok	|	0.25	1.00	1.00	0.27	0.13	0	|	rapi	0.25	0.27	0	|	97.0	0.27(97)	0.27(97)	|	8530	
3269	504	ok	|	0.26	1.00	1.00	0.27	0.14	0	|	rapi	0.26	0.27	0	|	97.0	0.27(97)	0.27(97)	|	8530	
3269	505	ok	|	0.25	1.00	1.00	0.27	0.13	0	|	rapi	0.25	0.27	0	|	97.0	0.27(97)	0.27(97)	|	8530	
3269	506	ok	|	0.26	1.00	1.00	0.27	0.14	0	|	rapi	0.26	0.27	0	|	97.0	0.27(97)	0.27(97)	|	8530	
3269	507	ok	|	0.24	1.00	1.00	0.26	0.13	0	|	rapi	0.24	0.26	0	|	97.0	0.26(97)	0.26(97)	|	8530	
3269	508	ok	|	0.21	1.00	1.00	0.23	0.12	0	|	rapi	0.21	0.23	0	|	97.0	0.23(97)	0.23(97)	|	8530	
3269	509	ok	|	0.22	1.00	1.00	0.24	0.12	0	|	rapi	0.22	0.24	0	|	97.0	0.24(97)	0.24(97)	|	8530	
3269	510	ok	|	0.23	1.00	1.00	0.24	0.12	0	|	rapi	0.23	0.24	0	|	97.0	0.24(97)	0.24(97)	|	8530	
3269	511	ok	|	0.22	1.00	1.00	0.23	0.12	0	|	rapi	0.22	0.23	0	|	97.0	0.23(97)	0.23(97)	|	8530	
3269	512	ok	|	0.21	1.00	1.00	0.22	0.11	0	|	rapi	0.21	0.22	0	|	97.0	0.22(97)	0.22(97)	|	8530	
3269	513	ok	|	0.18	1.00	1.00	0.20	0.10	0	|	rapi	0.18	0.20	0	|	97.0	0.20(97)	0.20(97)	|	8530	
3269	514	ok	|	0.17	1.00	1.00	0.18	0.09	0	|	rapi	0.17	0.18	0	|	97.0	0.18(97)	0.18(97)	|	8530	
3269	515	ok	|	0.17	1.00	1.00	0.18	0.09	0	|	rapi	0.17	0.18	0	|	97.0	0.18(97)	0.18(97)	|	8530	
3269	516	ok	|	0.17	1.00	1.00	0.18	0.09	0	|	rapi	0.17	0.18	0	|	97.0	0.18(97)	0.18(97)	|	8530	
3269	517	ok	|	0.17	1.00	1.00	0.18	0.09	0	|	rapi	0.17	0.18	0	|	97.0	0.18(97)	0.18(97)	|	8530	
3269	518	ok	|	0.15	1.00	1.00	0.16	0.08	0	|	rapi	0.15	0.16	0	|	97.0	0.16(97)	0.16(97)	|	8530	
3269	519	ok	|	0.17	1.00	1.00	0.17	0.08	0	|	rapi	0.17	0.17	0	|	97.0	0.17(97)	0.17(97)	|	8530	
3269	520	ok	|	0.15	1.00	1.00	0.16	0.08	0	|	rapi	0.15	0.16	0	|	97.0	0.16(97)	0.16(97)	|	8530	
3269	521	ok	|	0.15	1.00	1.00	0.16	0.08	0	|	rapi	0.15	0.16	0	|	97.0	0.16(97)	0.16(97)	|	8530	
3269	522	ok	|	0.15	1.00	1.00	0.15	0.08	0	|	rapi	0.15	0.15	0	|	97.0	0.15(97)	0.15(97)	|	8530	
3269	523	ok	|	0.13	1.00	1.00	0.14	0.07	0	|	rapi	0.13	0.14	0	|	97.0	0.14(97)	0.14(97)	|	8530	
3269	524	ok	|	0.12	1.00	1.00	0.12	0.06	0	|	rapi	0.12	0.12	0	|	97.0	0.12(97)	0.12(97)	|	8530	
3269	525	ok	|	0.10	1.00	1.00	0.10	0.05	0	|	rapi	0.10	0.10	0	|	97.0	0.10(97)	0.10(97)	|	8530	
3269	526	ok	|	0.10	1.00	1.00	0.11	0.05	0	|	rapi	0.10	0.11	0	|	97.0	0.11(97)	0.11(97)	|	8530	
3269	527	ok	|	0.10	1.00	1.00	0.11	0.06	0	|	rapi	0.10	0.11	0	|	97.0	0.11(97)	0.11(97)	|	8530	
3269	528	ok	|	0.11	1.00	1.00	0.11	0.06	0	|	rapi	0.11	0.11	0	|	97.0	0.11(97)	0.11(97)	|	8530	
3269	529	ok	|	0.09	1.00	1.00	0.10	0.05	0	|	rapi	0.09	0.10	0	|	97.0	0.10(97)	0.10(97)	|	8530	
3269	530	ok	|	0.11	1.00	1.00	0.11	0.06	0	|	rapi	0.11	0.11	0	|	97.0	0.11(97)	0.11(97)	|	8530	
3269	531	ok	|	0.09	1.00	1.00	0.09	0.04	0	|	rapi	0.09	0.09	0	|	97.0	0.09(97)	0.09(97)	|	8530	
3269	532	ok	|	0.09	1.00	1.00	0.09	0.04	0	|	rapi	0.09	0.09	0	|	97.0	0.09(97)	0.09(97)	|	8530	
3269	533	ok	|	0.07	1.00	1.00	0.07	0.04	0	|	rapi	0.07	0.07	0	|	97.0	0.07(97)	0.07(97)	|	8530	
3269	534	ok	|	0.09	1.00	1.00	0.09	0.04	0	|	rapi	0.09	0.09	0	|	97.0	0.09(97)	0.09(97)	|	8530	
3269	535	ok	|	0.10	1.00	1.00	0.10	0.05	0	|	rapi	0.10	0.10	0	|	97.0	0.10(97)	0.10(97)	|	8530	
3269	536	ok	|	0.09	1.00	1.00	0.09	0.04	0	|	rapi	0.09	0.09	0	|	97.0	0.09(97)	0.09(97)	|	8530	
3269	537	ok	|	0.07	1.00	1.00	0.07	0.03	0	|	rapi	0.07	0.07	0	|	97.0	0.07(97)	0.07(97)	|	8530	
3269	538	ok	|	0.04	1.00	1.00	0.04	0.02	0	|	rapi	0.04	0.04	0	|	97.0	0.04(97)	0.04(97)	|	8530	
3269	539	ok	|	0.05	1.00	1.00	0.05	0.02	0	|	rapi	0.05	0.05	0	|	97.0	0.05(97)	0.05(97)	|	8530	
3269	540	ok	|	0.05	1.00	1.00	0.05	0.03	0	|	rapi	0.05	0.05	0	|	97.0	0.05(97)	0.05(97)	|	8530	
3269	541	ok	|	0.05	1.00	1.00	0.05	0.03	0	|	rapi	0.05	0.05	0	|	97.0	0.05(97)	0.05(97)	|	8530	
3269	542	ok	|	0.05	1.00	1.00	0.06	0.03	0	|	rapi	0.05	0.06	0	|	97.0	0.06(97)	0.06(97)	|	8530	
3269	543	ok	|	0.05	1.00	1.00	0.05	0.03	0	|	rapi	0.05	0.05	0	|	97.0	0.05(97)	0.05(97)	|	8530	
3269	544	ok	|	0.06	1.00	1.00	0.06	0.03	0	|	rapi	0.06	0.06	0	|	97.0	0.06(97)	0.06(97)	|	8530	
3269	545	ok	|	0.06	1.00	1.00	0.06	0.03	0	|	rapi	0.06	0.06	0	|	97.0	0.06(97)	0.06(97)	|	8530	
3269	546	ok	|	0.06	1.00	1.00	0.07	0.03	0	|	rapi	0.06	0.07	0	|	97.0	0.07(97)	0.07(97)	|	8530	
3269	547	ok	|	0.06	1.00	1.00	0.06	0.03	0	|	rapi	0.06	0.06	0	|	97.0	0.06(97)	0.06(97)	|	8530	
3269	548	ok	|	0.07	1.00	1.00	0.07	0.03	0	|	rapi	0.07	0.07	0	|	97.0	0.07(97)	0.07(97)	|	8530	
3269	549	ok	|	0.06	1.00	1.00	0.07	0.03	0	|	rapi	0.06	0.07	0	|	97.0	0.07(97)	0.07(97)	|	8530	
3269	550	ok	|	0.07	1.00	1.00	0.07	0.04	0	|	rapi	0.07	0.07	0	|	97.0	0.07(97)	0.07(97)	|	8530	
3269	551	ok	|	0.07	1.00	1.00	0.07	0.04	0	|	rapi	0.07	0.07	0	|	97.0	0.07(97)	0.07(97)	|	8530	
3269	552	ok	|	0.06	1.00	1.00	0.06	0.03	0	|	rapi	0.06	0.06	0	|	97.0	0.06(97)	0.06(97)	|	8530	
3269	553	ok	|	0.05	1.00	1.00	0.05	0.03	0	|	rapi	0.05	0.05	0	|	97.0	0.05(97)	0.05(97)	|	8530	
3269	554	ok	|	0.05	1.00	1.00	0.05	0.03	0	|	rapi	0.05	0.05	0	|	97.0	0.05(97)	0.05(97)	|	8530	
3269	555	ok	|	0.06	1.00	1.00	0.06	0.03	0	|	rapi	0.06	0.06	0	|	97.0	0.06(97)	0.06(97)	|	8530	
3269	556	ok	|	0.05	1.00	1.00	0.05	0.02	0	|	rapi	0.05	0.05	0	|	97.0	0.05(97)	0.05(97)	|	8530	
3269	557	ok	|	0.05	1.00	1.00	0.05	0.03	0	|	rapi	0.05	0.05	0	|	97.0	0.05(97)	0.05(97)	|	8530	
3269	558	ok	|	0.05	1.00	1.00	0.05	0.03	0	|	rapi	0.05	0.05	0	|	97.0	0.05(97)	0.05(97)	|	8530	
3269	559	ok	|	0.04	1.00	1.00	0.04	0.02	0	|	rapi	0.04	0.04	0	|	97.0	0.04(97)	0.04(97)	|	8530	
3269	560	ok	|	0.04	1.00	1.00	0.04	0.02	0	|	rapi	0.04	0.04	0	|	97.0	0.04(97)	0.04(97)	|	8530	
3269	561	ok	|	0.04	1.00	1.00	0.04	0.02	0	|	rapi	0.04	0.04	0	|	97.0	0.04(97)	0.04(97)	|	8530	
3269	562	ok	|	0.04	1.00	1.00	0.04	0.02	0	|	rapi	0.04	0.04	0	|	97.0	0.04(97)	0.04(97)	|	8530	
3269	563	ok	|	0.03	1.00	1.00	0.03	0.01	0	|	rapi	0.03	0.03	0	|	97.0	0.03(97)	0.03(97)	|	8530	
3269	564	ok	|	0.03	1.00	1.00	0.03	0.01	0	|	rapi	0.03	0.03	0	|	97.0	0.03(97)	0.03(97)	|	8530	
3269	565	ok	|	0.03	1.00	1.00	0.03	0.02	0	|	rapi	0.03	0.03	0	|	97.0	0.03(97)	0.03(97)	|	8530	
3269	566	ok	|	0.03	1.00	1.00	0.03	0.01	0	|	rapi	0.03	0.03	0	|	97.0	0.03(97)	0.03(97)	|	8530	
3269	567	ok	|	0.03	1.00	1.00	0.03	0.02	0	|	rapi	0.03	0.03	0	|	97.0	0.03(97)	0.03(97)	|	8530	
3269	568	ok	|	0.03	1.00	1.00	0.03	0.01	0	|	rapi	0.03	0.03	0	|	97.0	0.03(97)	0.03(97)	|	8530	
3269	569	ok	|	0.02	1.00	1.00	0.02	0.01	0	|	rapi	0.02	0.02	0	|	97.0	0.02(97)	0.02(97)	|	8530	
3269	570	ok	|	0.03	1.00	1.00	0.03	0.02	0	|	rapi	0.03	0.03	0	|	97.0	0.03(97)	0.03(97)	|	8530	
3269	571	ok	|	0.02	1.00	1.00	0.02	0.01	0	|	rapi	0.02	0.02	0	|	97.0	0.02(97)	0.02(97)	|	8530	
3269	572	ok	|	0.02	1.00	1.00	0.02	0.01	0	|	rapi	0.02	0.02	0	|	97.0	0.02(97)	0.02(97)	|	8530	
3269	573	ok	|	0.03	1.00	1.00	0.03	0.01	0	|	rapi	0.03	0.03	0	|	97.0	0.03(97)	0.03(97)	|	8530	
3269	574	ok	|	0.03	1.00	1.00	0.03	0.02	0	|	rapi	0.03	0.03	0	|	97.0	0.03(97)	0.03(97)	|	8530	
3269	575	ok	|	0.03	1.00	1.00	0.03	0.02	0	|	rapi	0.03	0.03	0	|	97.0	0.03(97)	0.03(97)	|	8530	
3269	576	ok	|	0.04	1.00	1.00	0.04	0.02	0	|	rapi	0.04	0.04	0	|	97.0	0.04(97)	0.04(97)	|	8530	
3269	577	ok	|	0.04	1.00	1.00	0.04	0.02	0	|	rapi	0.04	0.04	0	|	97.0	0.04(97)	0.04(97)	|	8530	
3269	578	ok	|	0.04	1.00	1.00	0.04	0.02	0	|	rapi	0.04	0.04	0	|	97.0	0.04(97)	0.04(97)	|	8530	
3269	579	ok	|	0.04	1.00	1.00	0.04	0.02	0	|	rapi	0.04	0.04	0	|	97.0	0.04(97)	0.04(97)	|	8530	
3269	580	ok	|	0.04	1.00	1.00	0.04	0.02	0	|	rapi	0.04	0.04	0	|	97.0	0.04(97)	0.04(97)	|	8530	
3269	581	ok	|	0.04	1.00	1.00	0.04	0.02	0	|	rapi	0.04	0.04	0	|	97.0	0.04(97)	0.04(97)	|	8530	
3269	582	ok	|	0.04	1.00	1.00	0.04	0.02	0	|	rapi	0.04	0.04	0	|	97.0	0.04(97)	0.04(97)	|	8530	
3269	583	ok	|	0.03	1.00	1.00	0.03	0.02	0	|	rapi	0.03	0.03	0	|	97.0	0.03(97)	0.03(97)	|	8530	
3269	584	ok	|	0.03	1.00	1.00	0.03	0.02	0	|	rapi	0.03	0.03	0	|	97.0	0.03(97)	0.03(97)	|	8530	
3269	585	ok	|	0.03	1.00	1.00	0.03	0.02	0	|	rapi	0.03	0.03	0	|	97.0	0.03(97)	0.03(97)	|	8530	
3269	586	ok	|	0.02	1.00	1.00	0.02	0.01	0	|	rapi	0.02	0.02	0	|	97.0	0.02(97)	0.02(97)	|	8530	
3269	587	ok	|	0.02	1.00	1.00	0.02	0.01	0	|	rapi	0.02	0.02	0	|	97.0	0.02(97)	0.02(97)	|	8530	
3269	588	ok	|	0.02	1.00	1.00	0.02	0.01	0	|	rapi	0.02	0.02	0	|	97.0	0.02(97)	0.02(97)	|	8530	
3269	589	ok	|	0.02	1.00	1.00	0.02	0.01	0	|	rapi	0.02	0.02	0	|	97.0	0.02(97)	0.02(97)	|	8530	
3269	590	ok	|	0.02	1.00	1.00	0.02	0.01	0	|	rapi	0.02	0.02	0	|	97.0	0.02(97)	0.02(97)	|	8530	
3269	591	ok	|	0.03	1.00	1.00	0.03	0.01	0	|	rapi	0.03	0.03	0	|	97.0	0.03(97)	0.03(97)	|	8530	
3269	592	ok	|	0.02	1.00	1.00	0.02	0.01	0	|	rapi	0.02	0.02	0	|	97.0	0.02(97)	0.02(97)	|	8530	
3269	593	ok	|	0.02	1.00	1.00	0.02	0.01	0	|	rapi	0.02	0.02	0	|	97.0	0.02(97)	0.02(97)	|	8530	
3269	594	ok	|	0.02	1.00	1.00	0.02	0.01	0	|	rapi	0.02	0.02	0	|	97.0	0.02(97)	0.02(97)	|	8530	
3269	595	ok	|	0.02	1.00	1.00	0.02	0.01	0	|	rapi	0.02	0.02	0	|	97.0	0.02(97)	0.02(97)	|	8530	
3269	596	ok	|	0.03	1.00	1.00	0.03	0.01	0	|	rapi	0.03	0.03	0	|	97.0	0.03(97)	0.03(97)	|	8530	
3269	597	ok	|	0.02	1.00	1.00	0.02	0.01	0	|	rapi	0.02	0.02	0	|	97.0	0.02(97)	0.02(97)	|	8530	
3269	598	ok	|	0.02	1.00	1.00	0.02	0.01	0	|	rapi	0.02	0.02	0	|	97.0	0.02(97)	0.02(97)	|	8530	
3269	599	ok	|	0.01	1.00	1.00	0.01	0.01	0	|	rapi	0.01	0.01	0	|	97.0	0.01(97)	0.01(97)	|	8530	
3269	600	ok	|	0.01	1.00	1.00	0.01	0.01	0	|	rapi	0.01	0.01	0	|	97.0	0.01(97)	0.01(97)	|	8530	
3269	601	ok	|	0.01	1.00	1.00	0.01	0.00	0	|	rapi	0.01	0.01	0	|	97.0	0.01(97)	0.01(97)	|	8530	
3269	602	ok	|	0.01	1.00	1.00	0.01	0.01	0	|	rapi	0.01	0.01	0	|	97.0	0.01(97)	0.01(97)	|	8530	
3269	603	ok	|	0.01	1.00	1.00	0.01	0.00	0	|	rapi	0.01	0.01	0	|	97.0	0.01(97)	0.01(97)	|	8530	
3269	604	ok	|	0.01	1.00	1.00	0.01	0.01	0	|	rapi	0.01	0.01	0	|	97.0	0.01(97)	0.01(97)	|	8530	
3269	605	ok	|	0.01	1.00	1.00	0.01	0.00	0	|	rapi	0.01	0.01	0	|	97.0	0.01(97)	0.01(97)	|	8530	
3269	606	ok	|	0.01	1.00	1.00	0.01	0.00	0	|	rapi	0.01	0.01	0	|	97.0	0.01(97)	0.01(97)	|	8530	
3269	607	ok	|	0.01	1.00	1.00	0.01	0.00	0	|	rapi	0.01	0.01	0	|	97.0	0.01(97)	0.01(97)	|	8530	
3269	608	ok	|	0.01	1.00	1.00	0.01	0.01	0	|	rapi	0.01	0.01	0	|	97.0	0.01(97)	0.01(97)	|	8530	
3269	609	ok	|	0.01	1.00	1.00	0.01	0.01	0	|	rapi	0.01	0.01	0	|	97.0	0.01(97)	0.01(97)	|	8530	
3269	610	ok	|	0.02	1.00	1.00	0.02	0.01	0	|	rapi	0.02	0.02	0	|	97.0	0.02(97)	0.02(97)	|	8530	
3269	611	ok	|	0.01	1.00	1.00	0.01	0.01	0	|	rapi	0.01	0.01	0	|	97.0	0.01(97)	0.01(97)	|	8530	
3269	612	ok	|	0.02	1.00	1.00	0.02	0.01	0	|	rapi	0.02	0.02	0	|	97.0	0.02(97)	0.02(97)	|	8530	
3269	613	ok	|	0.02	1.00	1.00	0.02	0.01	0	|	rapi	0.02	0.02	0	|	97.0	0.02(97)	0.02(97)	|	8530	
3269	614	ok	|	0.03	1.00	1.00	0.03	0.01	0	|	rapi	0.03	0.03	0	|	97.0	0.03(97)	0.03(97)	|	8530	
3269	615	ok	|	0.02	1.00	1.00	0.02	0.01	0	|	rapi	0.02	0.02	0	|	97.0	0.02(97)	0.02(97)	|	8530	
3269	616	ok	|	0.02	1.00	1.00	0.02	0.01	0	|	rapi	0.02	0.02	0	|	97.0	0.02(97)	0.02(97)	|	8530	
3269	617	ok	|	0.02	1.00	1.00	0.02	0.01	0	|	rapi	0.02	0.02	0	|	97.0	0.02(97)	0.02(97)	|	8530	
3269	618	ok	|	0.02	1.00	1.00	0.02	0.01	0	|	rapi	0.02	0.02	0	|	97.0	0.02(97)	0.02(97)	|	8530	
3269	619	ok	|	0.01	1.00	1.00	0.01	0.01	0	|	rapi	0.01	0.01	0	|	97.0	0.01(97)	0.01(97)	|	8530	
3269	620	ok	|	0.02	1.00	1.00	0.02	0.01	0	|	rapi	0.02	0.02	0	|	97.0	0.02(97)	0.02(97)	|	8530	
3269	621	ok	|	0.03	1.00	1.00	0.03	0.01	0	|	rapi	0.03	0.03	0	|	97.0	0.03(97)	0.03(97)	|	8530	
3269	622	ok	|	0.03	1.00	1.00	0.03	0.02	0	|	rapi	0.03	0.03	0	|	97.0	0.03(97)	0.03(97)	|	8530	
3269	623	ok	|	0.04	1.00	1.00	0.04	0.02	0	|	rapi	0.04	0.04	0	|	97.0	0.04(97)	0.04(97)	|	8530	
3269	624	ok	|	0.03	1.00	1.00	0.03	0.02	0	|	rapi	0.03	0.03	0	|	97.0	0.03(97)	0.03(97)	|	8530	
3269	625	ok	|	0.03	1.00	1.00	0.03	0.02	0	|	rapi	0.03	0.03	0	|	97.0	0.03(97)	0.03(97)	|	8530	
3269	626	ok	|	0.03	1.00	1.00	0.03	0.01	0	|	rapi	0.03	0.03	0	|	97.0	0.03(97)	0.03(97)	|	8530	
3269	627	ok	|	0.04	1.00	1.00	0.04	0.02	0	|	rapi	0.04	0.04	0	|	97.0	0.04(97)	0.04(97)	|	8530	
3269	628	ok	|	0.04	1.00	1.00	0.04	0.02	0	|	rapi	0.04	0.04	0	|	97.0	0.04(97)	0.04(97)	|	8530	
3269	629	ok	|	0.04	1.00	1.00	0.04	0.02	0	|	rapi	0.04	0.04	0	|	97.0	0.04(97)	0.04(97)	|	8530	
3269	630	ok	|	0.04	1.00	1.00	0.04	0.02	0	|	rapi	0.04	0.04	0	|	97.0	0.04(97)	0.04(97)	|	8530	
3269	631	ok	|	0.04	1.00	1.00	0.04	0.02	0	|	rapi	0.04	0.04	0	|	97.0	0.04(97)	0.04(97)	|	8530	
3269	632	ok	|	0.03	1.00	1.00	0.03	0.02	0	|	rapi	0.03	0.03	0	|	97.0	0.03(97)	0.03(97)	|	8530	
3269	633	ok	|	0.04	1.00	1.00	0.04	0.02	0	|	rapi	0.04	0.04	0	|	97.0	0.04(97)	0.04(97)	|	8530	
3269	634	ok	|	0.05	1.00	1.00	0.05	0.02	0	|	rapi	0.05	0.05	0	|	97.0	0.05(97)	0.05(97)	|	8530	
3269	635	ok	|	0.04	1.00	1.00	0.04	0.02	0	|	rapi	0.04	0.04	0	|	97.0	0.04(97)	0.04(97)	|	8530	
3269	636	ok	|	0.03	1.00	1.00	0.03	0.01	0	|	rapi	0.03	0.03	0	|	97.0	0.03(97)	0.03(97)	|	8530	
3269	637	ok	|	0.03	1.00	1.00	0.03	0.01	0	|	rapi	0.03	0.03	0	|	97.0	0.03(97)	0.03(97)	|	8530	
3269	638	ok	|	0.04	1.00	1.00	0.04	0.02	0	|	rapi	0.04	0.04	0	|	97.0	0.04(97)	0.04(97)	|	8530	
3269	639	ok	|	0.03	1.00	1.00	0.03	0.02	0	|	rapi	0.03	0.03	0	|	97.0	0.03(97)	0.03(97)	|	8530	
3269	640	ok	|	0.02	1.00	1.00	0.02	0.01	0	|	rapi	0.02	0.02	0	|	97.0	0.02(97)	0.02(97)	|	8530	
3269	641	ok	|	0.02	1.00	1.00	0.02	0.01	0	|	rapi	0.02	0.02	0	|	97.0	0.02(97)	0.02(97)	|	8530	
3269	642	ok	|	0.02	1.00	1.00	0.02	0.01	0	|	rapi	0.02	0.02	0	|	97.0	0.02(97)	0.02(97)	|	8530	
3269	643	ok	|	0.01	1.00	1.00	0.01	0.01	0	|	rapi	0.01	0.01	0	|	97.0	0.01(97)	0.01(97)	|	8530	
3269	644	ok	|	0.01	1.00	1.00	0.01	0.01	0	|	rapi	0.01	0.01	0	|	97.0	0.01(97)	0.01(97)	|	8530	
3269	645	ok	|	0.01	1.00	1.00	0.01	0.00	0	|	rapi	0.01	0.01	0	|	97.0	0.01(97)	0.01(97)	|	8530	
3269	646	ok	|	0.00	1.00	1.00	0.00	0.00	0	|	rapi	0.00	0.00	0	|	97.0	0.00(97)	0.00(97)	|	8530	
3269	647	ok	|	0.00	1.00	1.00	0.00	0.00	0	|	rapi	0.00	0.00	0	|	97.0	0.00(97)	0.00(97)	|	8530	
3269	648	ok	|	0.01	1.00	1.00	0.01	0.00	0	|	rapi	0.01	0.01	0	|	97.0	0.01(97)	0.01(97)	|	8530	
3269	649	ok	|	0.01	1.00	1.00	0.01	0.00	0	|	rapi	0.01	0.01	0	|	97.0	0.01(97)	0.01(97)	|	8530	
3269	650	ok	|	0.01	1.00	1.00	0.01	0.00	0	|	rapi	0.01	0.01	0	|	97.0	0.01(97)	0.01(97)	|	8530	
3269	651	ok	|	0.01	1.00	1.00	0.01	0.00	0	|	rapi	0.01	0.01	0	|	97.0	0.01(97)	0.01(97)	|	8530	
3269	652	ok	|	0.01	1.00	1.00	0.01	0.00	0	|	rapi	0.01	0.01	0	|	97.0	0.01(97)	0.01(97)	|	8530	
3269	653	ok	|	0.01	1.00	1.00	0.01	0.01	0	|	rapi	0.01	0.01	0	|	97.0	0.01(97)	0.01(97)	|	8530	
3269	654	ok	|	0.01	1.00	1.00	0.01	0.00	0	|	rapi	0.01	0.01	0	|	97.0	0.01(97)	0.01(97)	|	8530	
3269	655	ok	|	0.00	1.00	1.00	0.00	0.00	0	|	rapi	0.00	0.00	0	|	97.0	0.00(97)	0.00(97)	|	8530	
3269	656	ok	|	0.00	1.00	1.00	0.00	0.00	0	|	rapi	0.00	0.00	0	|	97.0	0.00(97)	0.00(97)	|	8530	
3269	657	ok	|	0.00	1.00	1.00	0.00	0.00	0	|	rapi	0.00	0.00	0	|	97.0	0.00(97)	0.00(97)	|	8530	
3269	658	ok	|	0.00	1.00	1.00	0.00	0.00	0	|	rapi	0.00	0.00	0	|	97.0	0.00(97)	0.00(97)	|	8530	
3269	659	ok	|	0.00	1.00	1.00	0.00	0.00	0	|	rapi	0.00	0.00	0	|	97.0	0.00(97)	0.00(97)	|	8530	
3269	660	ok	|	0.00	1.00	1.00	0.00	0.00	0	|	rapi	0.00	0.00	0	|	97.0	0.00(97)	0.00(97)	|	8530	
3269	661	ok	|	0.00	1.00	1.00	0.00	0.00	0	|	rapi	0.00	0.00	0	|	97.0	0.00(97)	0.00(97)	|	8530	
3269	662	ok	|	0.00	1.00	1.00	0.00	0.00	0	|	rapi	0.00	0.00	0	|	97.0	0.00(97)	0.00(97)	|	8530	
3269	663	ok	|	0.00	1.00	1.00	0.00	0.00	0	|	rapi	0.00	0.00	0	|	97.0	0.00(97)	0.00(97)	|	8530	
3269	664	ok	|	0.00	1.00	1.00	0.00	0.00	0	|	rapi	0.00	0.00	0	|	97.0	0.00(97)	0.00(97)	|	8530	
3269	665	ok	|	0.00	1.00	1.00	0.00	0.00	0	|	rapi	0.00	0.00	0	|	97.0	0.00(97)	0.00(97)	|	8530	
3269	666	ok	|	0.00	1.00	1.00	0.00	0.00	0	|	rapi	0.00	0.00	0	|	97.0	0.00(97)	0.00(97)	|	8530	
3269	667	fail-0	|	0.00	1.00	1.00	0.00	NaN	0	|	rapi	0.00	0.00	0	|	NaN			|	8530	
