3369	0	ok	|	0.09	1.00	1.00	0.10	0.00	0	|	rapi	0.00	0.00	0	|	-70.0	0.10(-70)		|	4	
3369	1	ok	|	0.08	1.00	1.00	0.09	0.00	0	|	rapi	0.00	0.00	0	|	-70.0	0.09(-70)		|	4	
3369	2	ok	|	0.09	1.00	1.00	0.12	0.00	0	|	rapi	0.00	0.00	0	|	-70.0	0.12(-70)		|	4	
3369	3	ok	|	0.11	1.00	1.00	0.15	0.00	0	|	rapi	0.00	0.00	0	|	-70.0	0.15(-70)		|	4	
3369	4	ok	|	0.13	1.00	1.00	0.17	0.00	0	|	rapi	0.00	0.00	0	|	-70.0	0.17(-70)		|	4	
3369	5	ok	|	0.13	1.00	1.00	0.18	0.00	0	|	rapi	0.00	0.00	0	|	-70.0	0.18(-70)		|	4	
3369	6	ok	|	0.17	1.00	1.00	0.24	0.00	0	|	rapi	0.00	0.00	0	|	-70.0	0.24(-70)		|	4	
3369	7	ok	|	0.20	1.00	1.00	0.30	0.00	0	|	rapi	0.00	0.00	0	|	-70.0	0.30(-70)		|	4	
3369	8	ok	|	0.23	1.00	1.00	0.35	0.00	0	|	rapi	0.00	0.00	0	|	-70.0	0.35(-70)		|	4	
3369	9	ok	|	0.28	1.00	1.00	0.48	0.00	0	|	rapi	0.00	0.00	0	|	-70.0	0.48(-70)		|	4	
3369	10	ok	|	0.31	0.99	0.99	0.50	0.00	0	|	rapi	0.00	0.00	0	|	-70.0	0.50(-70)		|	4	
3369	11	ok	|	0.35	0.99	0.99	0.56	0.00	0	|	rapi	0.00	0.00	0	|	-70.0	0.56(-70)		|	4	
3369	12	ok	|	0.39	0.99	0.99	0.66	0.00	0	|	rapi	0.00	0.00	0	|	-70.0	0.66(-70)		|	4	
3369	13	ok	|	0.42	0.99	0.99	0.79	0.00	0	|	rapi	0.00	0.00	0	|	-70.0	0.79(-70)		|	4	
3369	14	ok	|	0.47	0.99	0.99	0.91	0.00	0	|	rapi	0.00	0.00	0	|	-70.0	0.91(-70)		|	4	
3369	15	ok	|	0.51	0.99	0.99	1.03	0.00	0	|	rapi	0.00	0.00	0	|	-70.0	1.03(-70)		|	4	
3369	16	ok	|	0.55	0.99	0.99	1.22	0.00	0	|	rapi	0.00	0.00	0	|	-70.0	1.22(-70)		|	4	
3369	17	ok	|	0.64	0.99	0.99	1.38	0.00	0	|	rapi	0.00	0.00	0	|	-70.0	1.38(-70)		|	4	
3369	18	ok	|	0.71	0.98	0.98	1.63	0.00	0	|	rapi	0.00	0.00	0	|	-70.0	1.63(-70)		|	4	
3369	19	ok	|	0.77	0.98	0.98	1.89	0.00	0	|	rapi	0.00	0.00	0	|	-70.0	1.89(-70)		|	4	
3369	20	ok	|	0.79	0.98	0.98	2.21	0.00	0	|	rapi	0.00	0.00	0	|	-70.0	2.21(-70)		|	4	
3369	21	ok	|	0.88	0.97	0.97	2.58	0.00	0	|	rapi	0.00	0.00	0	|	-70.0	2.58(-70)		|	4	
3369	22	ok	|	0.91	0.97	0.97	2.99	0.00	0	|	rapi	0.00	0.00	0	|	-70.0	2.99(-70)		|	4	
3369	23	ok	|	0.94	0.96	0.96	3.67	0.00	0	|	rapi	0.00	0.00	0	|	-70.0	3.67(-70)		|	4	
3369	24	ok	|	0.96	0.96	0.96	4.30	0.00	0	|	rapi	0.00	0.00	0	|	-70.0	4.30(-70)		|	4	
3369	25	ok	|	0.99	0.95	0.95	5.01	0.00	0	|	rapi	0.00	0.00	0	|	-70.0	5.01(-70)		|	4	
3369	26	ok	|	0.99	0.94	0.94	6.04	0.00	0	|	rapi	0.00	0.00	0	|	-70.0	6.04(-70)		|	4	
3369	27	ok	|	0.99	0.93	0.93	7.15	0.00	0	|	rapi	0.00	0.00	0	|	-70.0	7.15(-70)		|	4	
3369	28	ok	|	1.00	0.92	0.92	8.30	0.00	0	|	rapi	0.00	0.00	0	|	-70.0	8.30(-70)	0.00(-70)	|	4	
3369	29	ok	|	1.00	0.90	0.90	9.77	0.00	0	|	rapi	0.00	0.00	0	|	-70.0	9.77(-70)		|	4	
3369	30	ok	|	1.00	0.88	0.88	11.79	0.00	0	|	rapi	0.00	0.00	0	|	-70.0	11.79(-70)		|	4	
3369	31	ok	|	1.00	0.86	0.86	13.81	0.00	0	|	rapi	0.00	0.00	0	|	-70.0	13.81(-70)		|	4	
3369	32	ok	|	1.00	0.84	0.84	16.04	0.00	0	|	rapi	0.00	0.00	0	|	-70.0	16.04(-70)		|	4	
3369	33	ok	|	1.00	0.81	0.81	18.61	0.00	0	|	rapi	0.00	0.00	0	|	-70.0	18.61(-70)		|	4	
3369	34	ok	|	1.00	0.78	0.78	21.57	0.00	0	|	rapi	0.00	0.00	0	|	-70.0	21.57(-70)		|	4	
3369	35	ok	|	1.00	0.75	0.75	25.42	0.00	0	|	rapi	0.00	0.00	0	|	-70.0	25.42(-70)		|	4	
3369	36	ok	|	1.00	0.70	0.70	29.64	0.00	0	|	rapi	0.00	0.00	0	|	-70.0	29.64(-70)		|	4	
3369	37	ok	|	1.00	0.65	0.65	34.52	0.00	0	|	rapi	0.00	0.00	0	|	-70.0	34.52(-70)		|	4	
3369	38	ok	|	1.00	0.60	0.60	40.47	0.00	0	|	rapi	0.00	0.00	0	|	-70.0	40.47(-70)		|	4	
3369	39	ok	|	1.00	0.53	0.53	46.87	0.00	0	|	rapi	0.00	0.00	0	|	-70.0	46.87(-70)		|	4	
3369	40	ok	|	1.00	0.45	0.45	54.85	0.00	0	|	rapi	0.00	0.00	0	|	-70.0	54.85(-70)	0.00(-70)	|	4	
3369	41	ok	|	1.00	0.36	0.36	63.86	0.00	0	|	rapi	0.00	0.00	0	|	-70.0	63.86(-70)	0.00(-70)	|	4	
3369	42	ok	|	1.00	0.26	0.26	73.63	0.00	0	|	rapi	0.00	0.00	0	|	-70.0	73.63(-70)	0.00(-70)	|	4	
3369	43	ok	|	1.00	0.17	0.17	83.38	0.00	0	|	rapi	0.01	0.01	0	|	-70.0	83.38(-70)	0.01(-70)	|	4	
3369	44	fail-w	|	1.00	0.09	0.09	92.94	0.00	0	|	rapi	0.01	0.01	0	|	-70.0	92.94(-70)	0.01(-70)	|	4	
