352	0	ok	|	0.09	1.00	1.00	0.10	0.00	0	|	rapi	0.09	0.10	0	|	77.0	0.10(77)	0.10(77)	|	7739	
352	1	ok	|	0.09	1.00	1.00	0.09	0.00	0	|	rapi	0.08	0.09	0	|	77.0	0.09(77)	0.09(77)	|	7739	
352	2	ok	|	0.08	1.00	1.00	0.08	0.00	0	|	rapi	0.08	0.08	0	|	77.0	0.08(77)	0.08(77)	|	7739	
352	3	ok	|	0.09	1.00	1.00	0.09	0.00	0	|	rapi	0.09	0.09	0	|	77.0	0.09(77)	0.09(77)	|	7739	
352	4	ok	|	0.08	1.00	1.00	0.08	0.00	0	|	rapi	0.08	0.08	0	|	77.0	0.08(77)	0.08(77)	|	7739	
352	5	ok	|	0.07	1.00	1.00	0.07	0.00	0	|	rapi	0.07	0.07	0	|	77.0	0.07(77)	0.07(77)	|	7739	
352	6	ok	|	0.07	1.00	1.00	0.08	0.00	0	|	rapi	0.07	0.08	0	|	77.0	0.08(77)	0.08(77)	|	7739	
352	7	ok	|	0.07	1.00	1.00	0.08	0.00	0	|	rapi	0.07	0.08	0	|	77.0	0.08(77)	0.08(77)	|	7739	
352	8	ok	|	0.06	1.00	1.00	0.06	0.00	0	|	rapi	0.06	0.06	0	|	77.0	0.06(77)	0.06(77)	|	7739	
352	9	ok	|	0.06	1.00	1.00	0.06	0.00	0	|	rapi	0.06	0.06	0	|	77.0	0.06(77)	0.06(77)	|	7739	
352	10	ok	|	0.06	1.00	1.00	0.06	0.00	0	|	rapi	0.06	0.06	0	|	77.0	0.06(77)	0.06(77)	|	7739	
352	11	ok	|	0.07	1.00	1.00	0.07	0.00	0	|	rapi	0.07	0.07	0	|	77.0	0.07(77)	0.07(77)	|	7739	
352	12	ok	|	0.06	1.00	1.00	0.06	0.00	0	|	rapi	0.06	0.06	0	|	77.0	0.06(77)	0.06(77)	|	7739	
352	13	ok	|	0.06	1.00	1.00	0.06	0.00	0	|	rapi	0.06	0.06	0	|	77.0	0.06(77)	0.06(77)	|	7739	
352	14	ok	|	0.05	1.00	1.00	0.05	0.00	0	|	rapi	0.05	0.05	0	|	77.0	0.05(77)	0.05(77)	|	7739	
352	15	ok	|	0.06	1.00	1.00	0.06	0.00	0	|	rapi	0.06	0.06	0	|	77.0	0.06(77)	0.06(77)	|	7739	
352	16	ok	|	0.06	1.00	1.00	0.06	0.00	0	|	rapi	0.06	0.06	0	|	77.0	0.06(77)	0.06(77)	|	7739	
352	17	ok	|	0.07	1.00	1.00	0.07	0.00	0	|	rapi	0.07	0.07	0	|	77.0	0.07(77)	0.07(77)	|	7739	
352	18	ok	|	0.07	1.00	1.00	0.08	0.00	0	|	rapi	0.07	0.08	0	|	77.0	0.08(77)	0.08(77)	|	7739	
352	19	ok	|	0.07	1.00	1.00	0.07	0.00	0	|	rapi	0.07	0.07	0	|	77.0	0.07(77)	0.07(77)	|	7739	
352	20	ok	|	0.07	1.00	1.00	0.07	0.01	0	|	rapi	0.07	0.07	0	|	77.0	0.07(77)	0.07(77)	|	7739	
352	21	ok	|	0.06	1.00	1.00	0.06	0.01	0	|	rapi	0.06	0.06	0	|	77.0	0.06(77)	0.06(77)	|	7739	
352	22	ok	|	0.05	1.00	1.00	0.06	0.00	0	|	rapi	0.05	0.06	0	|	77.0	0.06(77)	0.06(77)	|	7739	
352	23	ok	|	0.06	1.00	1.00	0.06	0.01	0	|	rapi	0.06	0.06	0	|	77.0	0.06(77)	0.06(77)	|	7739	
352	24	ok	|	0.05	1.00	1.00	0.05	0.00	0	|	rapi	0.05	0.05	0	|	77.0	0.05(77)	0.05(77)	|	7739	
352	25	ok	|	0.04	1.00	1.00	0.04	0.01	0	|	rapi	0.04	0.04	0	|	77.0	0.04(77)	0.04(77)	|	7739	
352	26	ok	|	0.04	1.00	1.00	0.04	0.01	0	|	rapi	0.04	0.04	0	|	77.0	0.04(77)	0.04(77)	|	7739	
352	27	ok	|	0.04	1.00	1.00	0.04	0.01	0	|	rapi	0.04	0.04	0	|	77.0	0.04(77)	0.04(77)	|	7739	
352	28	ok	|	0.03	1.00	1.00	0.03	0.01	0	|	rapi	0.03	0.03	0	|	77.0	0.03(77)	0.03(77)	|	7739	
352	29	ok	|	0.03	1.00	1.00	0.03	0.01	0	|	rapi	0.03	0.03	0	|	77.0	0.03(77)	0.03(77)	|	7739	
352	30	ok	|	0.02	1.00	1.00	0.03	0.00	0	|	rapi	0.02	0.03	0	|	77.0	0.03(77)	0.03(77)	|	7739	
352	31	ok	|	0.02	1.00	1.00	0.02	0.00	0	|	rapi	0.02	0.02	0	|	77.0	0.02(77)	0.02(77)	|	7739	
352	32	ok	|	0.02	1.00	1.00	0.02	0.00	0	|	rapi	0.02	0.02	0	|	77.0	0.02(77)	0.02(77)	|	7739	
352	33	ok	|	0.02	1.00	1.00	0.02	0.00	0	|	rapi	0.02	0.02	0	|	77.0	0.02(77)	0.02(77)	|	7739	
352	34	ok	|	0.01	1.00	1.00	0.01	0.00	0	|	rapi	0.01	0.01	0	|	77.0	0.01(77)	0.01(77)	|	7739	
352	35	ok	|	0.01	1.00	1.00	0.01	0.00	0	|	rapi	0.01	0.01	0	|	77.0	0.01(77)	0.01(77)	|	7739	
352	36	ok	|	0.01	1.00	1.00	0.01	0.00	0	|	rapi	0.01	0.01	0	|	77.0	0.01(77)	0.01(77)	|	7739	
352	37	ok	|	0.01	1.00	1.00	0.01	0.00	0	|	rapi	0.01	0.01	0	|	77.0	0.01(77)	0.01(77)	|	7739	
352	38	ok	|	0.00	1.00	1.00	0.00	0.00	0	|	rapi	0.00	0.00	0	|	77.0	0.00(77)	0.00(77)	|	7739	
352	39	ok	|	0.00	1.00	1.00	0.00	0.00	0	|	rapi	0.00	0.00	0	|	77.0	0.00(77)	0.00(77)	|	7739	
352	40	ok	|	0.00	1.00	1.00	0.00	0.00	0	|	rapi	0.00	0.00	0	|	77.0	0.00(77)	0.00(77)	|	7739	
352	41	ok	|	0.01	1.00	1.00	0.01	0.00	0	|	rapi	0.01	0.01	0	|	77.0	0.01(77)	0.01(77)	|	7739	
352	42	ok	|	0.00	1.00	1.00	0.00	0.00	0	|	rapi	0.00	0.00	0	|	77.0	0.00(77)	0.00(77)	|	7739	
352	43	ok	|	0.00	1.00	1.00	0.00	0.00	0	|	rapi	0.00	0.00	0	|	77.0	0.00(77)	0.00(77)	|	7739	
352	44	ok	|	0.00	1.00	1.00	0.00	0.00	0	|	rapi	0.00	0.00	0	|	77.0	0.00(77)	0.00(77)	|	7739	
352	45	ok	|	0.00	1.00	1.00	0.00	0.00	0	|	rapi	0.00	0.00	0	|	77.0	0.00(77)	0.00(77)	|	7739	
352	46	ok	|	0.00	1.00	1.00	0.00	0.00	0	|	rapi	0.00	0.00	0	|	77.0	0.00(77)	0.00(77)	|	7739	
352	47	ok	|	0.01	1.00	1.00	0.01	0.00	0	|	rapi	0.01	0.01	0	|	77.0	0.01(77)	0.01(77)	|	7739	
352	48	ok	|	0.01	1.00	1.00	0.01	0.00	0	|	rapi	0.01	0.01	0	|	77.0	0.01(77)	0.01(77)	|	7739	
352	49	ok	|	0.01	1.00	1.00	0.01	0.00	0	|	rapi	0.01	0.01	0	|	77.0	0.01(77)	0.01(77)	|	7739	
352	50	ok	|	0.00	1.00	1.00	0.00	0.00	0	|	rapi	0.00	0.00	0	|	77.0	0.00(77)	0.00(77)	|	7739	
352	51	ok	|	0.00	1.00	1.00	0.00	0.00	0	|	rapi	0.00	0.00	0	|	77.0	0.00(77)	0.00(77)	|	7739	
352	52	ok	|	0.01	1.00	1.00	0.01	0.00	0	|	rapi	0.01	0.01	0	|	77.0	0.01(77)	0.01(77)	|	7739	
352	53	ok	|	0.01	1.00	1.00	0.01	0.01	0	|	rapi	0.01	0.01	0	|	77.0	0.01(77)	0.01(77)	|	7739	
352	54	ok	|	0.01	1.00	1.00	0.01	0.00	0	|	rapi	0.01	0.01	0	|	77.0	0.01(77)	0.01(77)	|	7739	
352	55	ok	|	0.00	1.00	1.00	0.00	0.00	0	|	rapi	0.00	0.00	0	|	77.0	0.00(77)	0.00(77)	|	7739	
352	56	ok	|	0.01	1.00	1.00	0.01	0.00	0	|	rapi	0.01	0.01	0	|	77.0	0.01(77)	0.01(77)	|	7739	
352	57	ok	|	0.01	1.00	1.00	0.01	0.00	0	|	rapi	0.01	0.01	0	|	77.0	0.01(77)	0.01(77)	|	7739	
352	58	ok	|	0.01	1.00	1.00	0.01	0.00	0	|	rapi	0.01	0.01	0	|	77.0	0.01(77)	0.01(77)	|	7739	
352	59	ok	|	0.01	1.00	1.00	0.01	0.00	0	|	rapi	0.01	0.01	0	|	77.0	0.01(77)	0.01(77)	|	7739	
352	60	ok	|	0.01	1.00	1.00	0.01	0.00	0	|	rapi	0.01	0.01	0	|	77.0	0.01(77)	0.01(77)	|	7739	
352	61	ok	|	0.01	1.00	1.00	0.01	0.00	0	|	rapi	0.01	0.01	0	|	77.0	0.01(77)	0.01(77)	|	7739	
352	62	ok	|	0.00	1.00	1.00	0.00	0.00	0	|	rapi	0.00	0.00	0	|	77.0	0.00(77)	0.00(77)	|	7739	
352	63	ok	|	0.00	1.00	1.00	0.00	0.00	0	|	rapi	0.00	0.00	0	|	77.0	0.00(77)	0.00(77)	|	7739	
352	64	ok	|	0.00	1.00	1.00	0.00	0.00	0	|	rapi	0.00	0.00	0	|	77.0	0.00(77)	0.00(77)	|	7739	
352	65	ok	|	0.00	1.00	1.00	0.00	0.00	0	|	rapi	0.00	0.00	0	|	77.0	0.00(77)	0.00(77)	|	7739	
352	66	ok	|	0.00	1.00	1.00	0.00	0.00	0	|	rapi	0.00	0.00	0	|	77.0	0.00(77)	0.00(77)	|	7739	
352	67	ok	|	0.00	1.00	1.00	0.00	0.00	0	|	rapi	0.00	0.00	0	|	77.0	0.00(77)	0.00(77)	|	7739	
352	68	ok	|	0.00	1.00	1.00	0.00	0.00	0	|	rapi	0.00	0.00	0	|	77.0	0.00(77)	0.00(77)	|	7739	
352	69	ok	|	0.00	1.00	1.00	0.00	0.00	0	|	rapi	0.00	0.00	0	|	77.0	0.00(77)	0.00(77)	|	7739	
352	70	fail-0	|	0.00	1.00	1.00	0.00	NaN	0	|	rapi	0.00	0.00	0	|	NaN			|	7739	
