3558	0	ok	|	0.09	1.00	1.00	0.10	0.00	0	|	rapi	0.00	0.00	0	|	-9.0	0.10(-9)		|	3	
3558	1	ok	|	0.11	1.00	1.00	0.12	0.00	0	|	rapi	0.00	0.00	0	|	-9.0	0.12(-9)		|	3	
3558	2	ok	|	0.10	1.00	1.00	0.13	0.00	0	|	rapi	0.00	0.00	0	|	-9.0	0.13(-9)		|	3	
3558	3	ok	|	0.12	1.00	1.00	0.15	0.00	0	|	rapi	0.00	0.00	0	|	-9.0	0.15(-9)		|	3	
3558	4	ok	|	0.13	1.00	1.00	0.17	0.00	0	|	rapi	0.00	0.00	0	|	-9.0	0.17(-9)		|	3	
3558	5	ok	|	0.14	1.00	1.00	0.18	0.00	0	|	rapi	0.00	0.00	0	|	-9.0	0.18(-9)		|	3	
3558	6	ok	|	0.17	1.00	1.00	0.23	0.00	0	|	rapi	0.00	0.00	0	|	-9.0	0.23(-9)		|	3	
3558	7	ok	|	0.21	1.00	1.00	0.29	0.00	0	|	rapi	0.00	0.00	0	|	-9.0	0.29(-9)		|	3	
3558	8	ok	|	0.23	1.00	1.00	0.32	0.00	0	|	rapi	0.00	0.00	0	|	-9.0	0.32(-9)		|	3	
3558	9	ok	|	0.25	1.00	1.00	0.36	0.00	0	|	rapi	0.00	0.00	0	|	-9.0	0.36(-9)		|	3	
3558	10	ok	|	0.32	1.00	1.00	0.46	0.00	0	|	rapi	0.00	0.00	0	|	-9.0	0.46(-9)		|	3	
3558	11	ok	|	0.36	0.99	0.99	0.56	0.00	0	|	rapi	0.00	0.00	0	|	-9.0	0.56(-9)		|	3	
3558	12	ok	|	0.40	0.99	0.99	0.67	0.00	0	|	rapi	0.00	0.00	0	|	-9.0	0.67(-9)		|	3	
3558	13	ok	|	0.46	0.99	0.99	0.81	0.00	0	|	rapi	0.00	0.00	0	|	-9.0	0.81(-9)		|	3	
3558	14	ok	|	0.49	0.99	0.99	0.88	0.00	0	|	rapi	0.00	0.00	0	|	-9.0	0.88(-9)		|	3	
3558	15	ok	|	0.53	0.99	0.99	1.00	0.00	0	|	rapi	0.00	0.00	0	|	-9.0	1.00(-9)		|	3	
3558	16	ok	|	0.58	0.99	0.99	1.15	0.00	0	|	rapi	0.00	0.00	0	|	-9.0	1.15(-9)		|	3	
3558	17	ok	|	0.66	0.99	0.99	1.40	0.00	0	|	rapi	0.00	0.00	0	|	-9.0	1.40(-9)		|	3	
3558	18	ok	|	0.70	0.98	0.98	1.62	0.00	0	|	rapi	0.00	0.00	0	|	-9.0	1.62(-9)		|	3	
3558	19	ok	|	0.75	0.98	0.98	1.89	0.00	0	|	rapi	0.00	0.00	0	|	-9.0	1.89(-9)		|	3	
3558	20	ok	|	0.81	0.98	0.98	2.18	0.00	0	|	rapi	0.00	0.00	0	|	-9.0	2.18(-9)		|	3	
3558	21	ok	|	0.86	0.97	0.97	2.62	0.00	0	|	rapi	0.00	0.00	0	|	-9.0	2.62(-9)	0.00(-9)	|	3	
3558	22	ok	|	0.89	0.97	0.97	2.97	0.00	0	|	rapi	0.00	0.00	0	|	-9.0	2.97(-9)	0.00(-9)	|	3	
3558	23	ok	|	0.91	0.97	0.97	3.49	0.00	0	|	rapi	0.00	0.00	0	|	-9.0	3.49(-9)		|	3	
3558	24	ok	|	0.95	0.96	0.96	4.19	0.00	0	|	rapi	0.00	0.00	0	|	-9.0	4.19(-9)		|	3	
3558	25	ok	|	0.98	0.95	0.95	4.97	0.00	0	|	rapi	0.00	0.00	0	|	-9.0	4.97(-9)	0.00(-9)	|	3	
3558	26	ok	|	0.99	0.94	0.94	5.75	0.00	0	|	rapi	0.00	0.00	0	|	-9.0	5.75(-9)		|	3	
3558	27	ok	|	1.00	0.93	0.93	6.65	0.00	0	|	rapi	0.00	0.00	0	|	-9.0	6.65(-9)		|	3	
3558	28	ok	|	1.00	0.92	0.92	7.78	0.00	0	|	rapi	0.00	0.00	0	|	-9.0	7.78(-9)		|	3	
3558	29	ok	|	1.00	0.90	0.90	9.51	0.00	0	|	rapi	0.00	0.00	0	|	-9.0	9.51(-9)		|	3	
3558	30	ok	|	1.00	0.89	0.89	11.27	0.00	0	|	rapi	0.00	0.00	0	|	-9.0	11.27(-9)		|	3	
3558	31	ok	|	1.00	0.87	0.87	12.99	0.00	0	|	rapi	0.00	0.00	0	|	-9.0	12.99(-9)	0.00(-9)	|	3	
3558	32	ok	|	1.00	0.85	0.85	15.16	0.00	0	|	rapi	0.00	0.00	0	|	-9.0	15.16(-9)	0.00(-9)	|	3	
3558	33	ok	|	1.00	0.83	0.83	17.37	0.00	0	|	rapi	0.00	0.00	0	|	-9.0	17.37(-9)	0.00(-9)	|	3	
3558	34	ok	|	1.00	0.80	0.80	20.35	0.00	0	|	rapi	0.01	0.01	0	|	-9.0	20.35(-9)	0.01(-9)	|	3	
3558	35	ok	|	1.00	0.76	0.76	24.00	0.00	0	|	rapi	0.01	0.01	0	|	-9.0	24.00(-9)	0.01(-9)	|	3	
3558	36	ok	|	1.00	0.72	0.72	28.07	0.00	0	|	rapi	0.00	0.00	0	|	-9.0	28.07(-9)	0.00(-9)	|	3	
3558	37	ok	|	1.00	0.67	0.67	33.30	0.00	0	|	rapi	0.00	0.00	0	|	-9.0	33.30(-9)	0.00(-9)	|	3	
3558	38	ok	|	1.00	0.61	0.61	39.11	0.00	0	|	rapi	0.01	0.01	0	|	-9.0	39.11(-9)	0.01(-9)	|	3	
3558	39	ok	|	1.00	0.54	0.54	46.02	0.00	0	|	rapi	0.00	0.00	0	|	-9.0	46.02(-9)	0.00(-9)	|	3	
3558	40	ok	|	1.00	0.47	0.47	53.21	0.00	0	|	rapi	0.01	0.01	0	|	-9.0	53.21(-9)	0.01(-9)	|	3	
3558	41	ok	|	1.00	0.39	0.39	61.45	0.00	0	|	rapi	0.01	0.01	0	|	-9.0	61.45(-9)	0.01(-9)	|	3	
3558	42	ok	|	1.00	0.30	0.30	69.77	0.00	0	|	rapi	0.02	0.02	0	|	-9.0	69.77(-9)	0.02(-9)	|	3	
3558	43	ok	|	1.00	0.21	0.21	79.08	0.00	0	|	rapi	0.02	0.02	0	|	-9.0	79.08(-9)	0.02(-9)	|	3	
3558	44	ok	|	1.00	0.13	0.13	88.23	0.00	0	|	rapi	0.02	0.02	0	|	-9.0	88.23(-9)	0.02(-9)	|	3	
3558	45	fail-w	|	1.00	0.08	0.08	95.06	0.00	0	|	rapi	0.04	0.04	0	|	-9.0	95.06(-9)	0.04(-9)	|	3	
