3608	0	ok	|	0.10	1.00	1.00	0.10	0.00	0	|	rapi	0.00	0.00	0	|	4.0	0.10(4)		|	3	
3608	1	ok	|	0.09	1.00	1.00	0.11	0.00	0	|	rapi	0.00	0.00	0	|	4.0	0.11(4)		|	3	
3608	2	ok	|	0.10	1.00	1.00	0.13	0.00	0	|	rapi	0.00	0.00	0	|	4.0	0.13(4)		|	3	
3608	3	ok	|	0.11	1.00	1.00	0.14	0.00	0	|	rapi	0.00	0.00	0	|	4.0	0.14(4)		|	3	
3608	4	ok	|	0.13	1.00	1.00	0.15	0.00	0	|	rapi	0.00	0.00	0	|	4.0	0.15(4)		|	3	
3608	5	ok	|	0.15	1.00	1.00	0.21	0.00	0	|	rapi	0.00	0.00	0	|	4.0	0.21(4)		|	3	
3608	6	ok	|	0.18	1.00	1.00	0.26	0.00	0	|	rapi	0.00	0.00	0	|	4.0	0.26(4)		|	3	
3608	7	ok	|	0.19	1.00	1.00	0.29	0.00	0	|	rapi	0.00	0.00	0	|	4.0	0.29(4)		|	3	
3608	8	ok	|	0.22	1.00	1.00	0.34	0.00	0	|	rapi	0.00	0.00	0	|	4.0	0.34(4)		|	3	
3608	9	ok	|	0.26	1.00	1.00	0.39	0.00	0	|	rapi	0.00	0.00	0	|	4.0	0.39(4)		|	3	
3608	10	ok	|	0.28	1.00	1.00	0.44	0.00	0	|	rapi	0.00	0.00	0	|	4.0	0.44(4)		|	3	
3608	11	ok	|	0.33	0.99	0.99	0.51	0.00	0	|	rapi	0.00	0.00	0	|	4.0	0.51(4)		|	3	
3608	12	ok	|	0.40	0.99	0.99	0.64	0.00	0	|	rapi	0.00	0.00	0	|	4.0	0.64(4)		|	3	
3608	13	ok	|	0.45	0.99	0.99	0.77	0.00	0	|	rapi	0.00	0.00	0	|	4.0	0.77(4)		|	3	
3608	14	ok	|	0.53	0.99	0.99	0.98	0.00	0	|	rapi	0.00	0.00	0	|	4.0	0.98(4)		|	3	
3608	15	ok	|	0.57	0.99	0.99	1.15	0.00	0	|	rapi	0.00	0.00	0	|	4.0	1.15(4)		|	3	
3608	16	ok	|	0.62	0.99	0.99	1.29	0.00	0	|	rapi	0.00	0.00	0	|	4.0	1.29(4)		|	3	
3608	17	ok	|	0.70	0.98	0.98	1.59	0.00	0	|	rapi	0.00	0.00	0	|	4.0	1.59(4)	0.00(4)	|	3	
3608	18	ok	|	0.77	0.98	0.98	1.96	0.00	0	|	rapi	0.00	0.00	0	|	4.0	1.96(4)		|	3	
3608	19	ok	|	0.84	0.98	0.98	2.38	0.00	0	|	rapi	0.00	0.00	0	|	4.0	2.38(4)		|	3	
3608	20	ok	|	0.89	0.97	0.97	2.87	0.00	0	|	rapi	0.00	0.00	0	|	4.0	2.87(4)		|	3	
3608	21	ok	|	0.92	0.97	0.97	3.45	0.00	0	|	rapi	0.00	0.00	0	|	4.0	3.45(4)		|	3	
3608	22	ok	|	0.94	0.96	0.96	4.09	0.00	0	|	rapi	0.00	0.00	0	|	4.0	4.09(4)	0.00(4)	|	3	
3608	23	ok	|	0.97	0.95	0.95	4.82	0.00	0	|	rapi	0.00	0.00	0	|	4.0	4.82(4)		|	3	
3608	24	ok	|	0.99	0.94	0.94	5.74	0.00	0	|	rapi	0.00	0.00	0	|	4.0	5.74(4)		|	3	
3608	25	ok	|	0.99	0.93	0.93	6.91	0.00	0	|	rapi	0.00	0.00	0	|	4.0	6.91(4)		|	3	
3608	26	ok	|	1.00	0.92	0.92	8.24	0.00	0	|	rapi	0.00	0.00	0	|	4.0	8.24(4)	0.00(4)	|	3	
3608	27	ok	|	1.00	0.90	0.90	9.85	0.00	0	|	rapi	0.00	0.00	0	|	4.0	9.85(4)	0.00(4)	|	3	
3608	28	ok	|	1.00	0.89	0.89	11.39	0.00	0	|	rapi	0.00	0.00	0	|	4.0	11.39(4)	0.00(4)	|	3	
3608	29	ok	|	1.00	0.87	0.87	13.41	0.00	0	|	rapi	0.01	0.01	0	|	4.0	13.41(4)	0.01(4)	|	3	
3608	30	ok	|	1.00	0.84	0.84	15.70	0.00	0	|	rapi	0.01	0.01	0	|	4.0	15.70(4)	0.01(4)	|	3	
3608	31	ok	|	1.00	0.82	0.82	18.44	0.00	0	|	rapi	0.01	0.01	0	|	4.0	18.44(4)	0.01(4)	|	3	
3608	32	ok	|	1.00	0.78	0.78	21.64	0.00	0	|	rapi	0.01	0.01	0	|	4.0	21.64(4)	0.01(4)	|	3	
3608	33	ok	|	1.00	0.75	0.75	25.25	0.00	0	|	rapi	0.01	0.01	0	|	4.0	25.25(4)	0.01(4)	|	3	
3608	34	ok	|	1.00	0.70	0.70	29.80	0.00	0	|	rapi	0.01	0.01	0	|	4.0	29.80(4)	0.01(4)	|	3	
3608	35	ok	|	1.00	0.65	0.65	34.68	0.00	0	|	rapi	0.01	0.01	0	|	4.0	34.68(4)	0.01(4)	|	3	
3608	36	ok	|	1.00	0.59	0.59	40.64	0.00	0	|	rapi	0.01	0.01	0	|	4.0	40.64(4)	0.01(4)	|	3	
3608	37	ok	|	1.00	0.53	0.53	47.32	0.00	0	|	rapi	0.01	0.01	0	|	4.0	47.32(4)	0.01(4)	|	3	
3608	38	ok	|	1.00	0.45	0.45	54.88	0.00	0	|	rapi	0.01	0.01	0	|	4.0	54.88(4)	0.01(4)	|	3	
3608	39	ok	|	1.00	0.37	0.37	62.92	0.00	0	|	rapi	0.01	0.01	0	|	4.0	62.92(4)	0.01(4)	|	3	
3608	40	ok	|	1.00	0.29	0.29	71.33	0.00	0	|	rapi	0.02	0.02	0	|	4.0	71.33(4)	0.02(4)	|	3	
3608	41	ok	|	1.00	0.20	0.20	80.58	0.00	0	|	rapi	0.03	0.03	0	|	4.0	80.58(4)	0.03(4)	|	3	
3608	42	ok	|	1.00	0.12	0.12	88.58	0.00	0	|	rapi	0.05	0.05	0	|	4.0	88.58(4)	0.05(4)	|	3	
3608	43	fail-w	|	1.00	0.08	0.08	94.67	0.00	0	|	rapi	0.11	0.11	0	|	4.0	94.67(4)	0.11(4)	|	3	
