3682	0	ok	|	0.09	1.00	1.00	0.10	0.00	0	|	rapi	0.07	0.08	0	|	62.0	0.10(62)	0.08(62)	|	4550	
3682	1	ok	|	0.10	1.00	1.00	0.11	0.00	0	|	rapi	0.08	0.08	0	|	62.0	0.11(62)	0.08(62)	|	4550	
3682	2	ok	|	0.11	1.00	1.00	0.12	0.00	0	|	rapi	0.08	0.08	0	|	62.0	0.12(62)	0.08(62)	|	4550	
3682	3	ok	|	0.12	1.00	1.00	0.13	0.00	0	|	rapi	0.09	0.09	0	|	62.0	0.13(62)	0.09(62)	|	4550	
3682	4	ok	|	0.10	1.00	1.00	0.12	0.00	0	|	rapi	0.08	0.09	0	|	62.0	0.12(62)	0.09(62)	|	4550	
3682	5	ok	|	0.10	1.00	1.00	0.11	0.00	0	|	rapi	0.09	0.09	0	|	62.0	0.11(62)	0.09(62)	|	4550	
3682	6	ok	|	0.10	1.00	1.00	0.11	0.00	0	|	rapi	0.08	0.08	0	|	62.0	0.11(62)	0.08(62)	|	4550	
3682	7	ok	|	0.09	1.00	1.00	0.09	0.00	0	|	rapi	0.07	0.07	0	|	62.0	0.09(62)	0.07(62)	|	4550	
3682	8	ok	|	0.09	1.00	1.00	0.10	0.00	0	|	rapi	0.08	0.08	0	|	62.0	0.10(62)	0.08(62)	|	4550	
3682	9	ok	|	0.09	1.00	1.00	0.10	0.00	0	|	rapi	0.08	0.08	0	|	62.0	0.10(62)	0.08(62)	|	4550	
3682	10	ok	|	0.09	1.00	1.00	0.10	0.00	0	|	rapi	0.08	0.08	0	|	62.0	0.10(62)	0.08(62)	|	4550	
3682	11	ok	|	0.09	1.00	1.00	0.09	0.00	0	|	rapi	0.07	0.08	0	|	62.0	0.09(62)	0.08(62)	|	4550	
3682	12	ok	|	0.08	1.00	1.00	0.08	0.00	0	|	rapi	0.06	0.06	0	|	62.0	0.08(62)	0.06(62)	|	4550	
3682	13	ok	|	0.10	1.00	1.00	0.10	0.00	0	|	rapi	0.08	0.08	0	|	62.0	0.10(62)	0.08(62)	|	4550	
3682	14	ok	|	0.11	1.00	1.00	0.11	0.00	0	|	rapi	0.10	0.10	0	|	62.0	0.11(62)	0.10(62)	|	4550	
3682	15	ok	|	0.11	1.00	1.00	0.12	0.00	0	|	rapi	0.10	0.11	0	|	62.0	0.12(62)	0.11(62)	|	4550	
3682	16	ok	|	0.10	1.00	1.00	0.11	0.00	0	|	rapi	0.10	0.10	0	|	62.0	0.11(62)	0.10(62)	|	4550	
3682	17	ok	|	0.11	1.00	1.00	0.11	0.00	0	|	rapi	0.10	0.10	0	|	62.0	0.11(62)	0.10(62)	|	4550	
3682	18	ok	|	0.11	1.00	1.00	0.11	0.00	0	|	rapi	0.10	0.11	0	|	62.0	0.11(62)	0.11(62)	|	4550	
3682	19	ok	|	0.10	1.00	1.00	0.10	0.00	0	|	rapi	0.10	0.10	0	|	62.0	0.10(62)	0.10(62)	|	4550	
3682	20	ok	|	0.10	1.00	1.00	0.10	0.00	0	|	rapi	0.10	0.10	0	|	62.0	0.10(62)	0.10(62)	|	4550	
3682	21	ok	|	0.10	1.00	1.00	0.11	0.00	0	|	rapi	0.10	0.11	0	|	62.0	0.11(62)	0.11(62)	|	4550	
3682	22	ok	|	0.11	1.00	1.00	0.12	0.00	0	|	rapi	0.10	0.12	0	|	62.0	0.12(62)	0.12(62)	|	4550	
3682	23	ok	|	0.10	1.00	1.00	0.11	0.00	0	|	rapi	0.10	0.11	0	|	62.0	0.11(62)	0.11(62)	|	4550	
3682	24	ok	|	0.10	1.00	1.00	0.10	0.00	0	|	rapi	0.09	0.10	0	|	62.0	0.10(62)	0.10(62)	|	4550	
3682	25	ok	|	0.09	1.00	1.00	0.10	0.00	0	|	rapi	0.09	0.10	0	|	62.0	0.10(62)	0.10(62)	|	4550	
3682	26	ok	|	0.10	1.00	1.00	0.11	0.00	0	|	rapi	0.10	0.11	0	|	62.0	0.11(62)	0.11(62)	|	4550	
3682	27	ok	|	0.11	1.00	1.00	0.12	0.00	0	|	rapi	0.11	0.11	0	|	62.0	0.12(62)	0.11(62)	|	4550	
3682	28	ok	|	0.11	1.00	1.00	0.12	0.00	0	|	rapi	0.11	0.12	0	|	62.0	0.12(62)	0.12(62)	|	4550	
3682	29	ok	|	0.12	1.00	1.00	0.13	0.01	0	|	rapi	0.12	0.13	0	|	62.0	0.13(62)	0.13(62)	|	4550	
3682	30	ok	|	0.13	1.00	1.00	0.14	0.01	0	|	rapi	0.13	0.14	0	|	62.0	0.14(62)	0.14(62)	|	4550	
3682	31	ok	|	0.14	1.00	1.00	0.15	0.01	0	|	rapi	0.14	0.15	0	|	62.0	0.15(62)	0.15(62)	|	4550	
3682	32	ok	|	0.14	1.00	1.00	0.15	0.01	0	|	rapi	0.14	0.15	0	|	62.0	0.15(62)	0.15(62)	|	4550	
3682	33	ok	|	0.14	1.00	1.00	0.15	0.01	0	|	rapi	0.14	0.15	0	|	62.0	0.15(62)	0.15(62)	|	4550	
3682	34	ok	|	0.15	1.00	1.00	0.16	0.01	0	|	rapi	0.15	0.16	0	|	62.0	0.16(62)	0.16(62)	|	4550	
3682	35	ok	|	0.15	1.00	1.00	0.16	0.01	0	|	rapi	0.15	0.16	0	|	62.0	0.16(62)	0.16(62)	|	4550	
3682	36	ok	|	0.16	1.00	1.00	0.17	0.01	0	|	rapi	0.16	0.17	0	|	62.0	0.17(62)	0.17(62)	|	4550	
3682	37	ok	|	0.14	1.00	1.00	0.15	0.01	0	|	rapi	0.14	0.15	0	|	62.0	0.15(62)	0.15(62)	|	4550	
3682	38	ok	|	0.14	1.00	1.00	0.15	0.01	0	|	rapi	0.14	0.15	0	|	62.0	0.15(62)	0.15(62)	|	4550	
3682	39	ok	|	0.14	1.00	1.00	0.14	0.01	0	|	rapi	0.14	0.14	0	|	62.0	0.14(62)	0.14(62)	|	4550	
3682	40	ok	|	0.12	1.00	1.00	0.13	0.01	0	|	rapi	0.12	0.13	0	|	62.0	0.13(62)	0.13(62)	|	4550	
3682	41	ok	|	0.12	1.00	1.00	0.13	0.01	0	|	rapi	0.12	0.13	0	|	62.0	0.13(62)	0.13(62)	|	4550	
3682	42	ok	|	0.13	1.00	1.00	0.14	0.01	0	|	rapi	0.13	0.14	0	|	62.0	0.14(62)	0.14(62)	|	4550	
3682	43	ok	|	0.12	1.00	1.00	0.13	0.01	0	|	rapi	0.12	0.13	0	|	62.0	0.13(62)	0.13(62)	|	4550	
3682	44	ok	|	0.12	1.00	1.00	0.13	0.01	0	|	rapi	0.12	0.13	0	|	62.0	0.13(62)	0.13(62)	|	4550	
3682	45	ok	|	0.12	1.00	1.00	0.14	0.01	0	|	rapi	0.12	0.14	0	|	62.0	0.14(62)	0.14(62)	|	4550	
3682	46	ok	|	0.12	1.00	1.00	0.13	0.01	0	|	rapi	0.12	0.13	0	|	62.0	0.13(62)	0.13(62)	|	4550	
3682	47	ok	|	0.11	1.00	1.00	0.11	0.01	0	|	rapi	0.11	0.11	0	|	62.0	0.11(62)	0.11(62)	|	4550	
3682	48	ok	|	0.11	1.00	1.00	0.11	0.01	0	|	rapi	0.11	0.11	0	|	62.0	0.11(62)	0.11(62)	|	4550	
3682	49	ok	|	0.10	1.00	1.00	0.11	0.01	0	|	rapi	0.10	0.11	0	|	62.0	0.11(62)	0.11(62)	|	4550	
3682	50	ok	|	0.10	1.00	1.00	0.12	0.01	0	|	rapi	0.10	0.12	0	|	62.0	0.12(62)	0.12(62)	|	4550	
3682	51	ok	|	0.12	1.00	1.00	0.12	0.01	0	|	rapi	0.12	0.12	0	|	62.0	0.12(62)	0.12(62)	|	4550	
3682	52	ok	|	0.13	1.00	1.00	0.13	0.01	0	|	rapi	0.13	0.13	0	|	62.0	0.13(62)	0.13(62)	|	4550	
3682	53	ok	|	0.13	1.00	1.00	0.13	0.01	0	|	rapi	0.13	0.13	0	|	62.0	0.13(62)	0.13(62)	|	4550	
3682	54	ok	|	0.09	1.00	1.00	0.10	0.01	0	|	rapi	0.09	0.10	0	|	62.0	0.10(62)	0.10(62)	|	4550	
3682	55	ok	|	0.11	1.00	1.00	0.11	0.01	0	|	rapi	0.11	0.11	0	|	62.0	0.11(62)	0.11(62)	|	4550	
3682	56	ok	|	0.11	1.00	1.00	0.11	0.01	0	|	rapi	0.11	0.11	0	|	62.0	0.11(62)	0.11(62)	|	4550	
3682	57	ok	|	0.11	1.00	1.00	0.11	0.01	0	|	rapi	0.11	0.11	0	|	62.0	0.11(62)	0.11(62)	|	4550	
3682	58	ok	|	0.11	1.00	1.00	0.12	0.01	0	|	rapi	0.11	0.12	0	|	62.0	0.12(62)	0.12(62)	|	4550	
3682	59	ok	|	0.13	1.00	1.00	0.13	0.02	0	|	rapi	0.13	0.13	0	|	62.0	0.13(62)	0.13(62)	|	4550	
3682	60	ok	|	0.13	1.00	1.00	0.14	0.02	0	|	rapi	0.13	0.14	0	|	62.0	0.14(62)	0.14(62)	|	4550	
3682	61	ok	|	0.12	1.00	1.00	0.13	0.02	0	|	rapi	0.12	0.13	0	|	62.0	0.13(62)	0.13(62)	|	4550	
3682	62	ok	|	0.12	1.00	1.00	0.12	0.02	0	|	rapi	0.12	0.12	0	|	62.0	0.12(62)	0.12(62)	|	4550	
3682	63	ok	|	0.13	1.00	1.00	0.13	0.02	0	|	rapi	0.13	0.13	0	|	62.0	0.13(62)	0.13(62)	|	4550	
3682	64	ok	|	0.12	1.00	1.00	0.12	0.02	0	|	rapi	0.12	0.12	0	|	62.0	0.12(62)	0.12(62)	|	4550	
3682	65	ok	|	0.12	1.00	1.00	0.13	0.02	0	|	rapi	0.12	0.13	0	|	62.0	0.13(62)	0.13(62)	|	4550	
3682	66	ok	|	0.11	1.00	1.00	0.12	0.02	0	|	rapi	0.11	0.12	0	|	62.0	0.12(62)	0.12(62)	|	4550	
3682	67	ok	|	0.11	1.00	1.00	0.12	0.01	0	|	rapi	0.11	0.12	0	|	62.0	0.12(62)	0.12(62)	|	4550	
3682	68	ok	|	0.12	1.00	1.00	0.12	0.02	0	|	rapi	0.12	0.12	0	|	62.0	0.12(62)	0.12(62)	|	4550	
3682	69	ok	|	0.12	1.00	1.00	0.13	0.02	0	|	rapi	0.12	0.13	0	|	62.0	0.13(62)	0.13(62)	|	4550	
3682	70	ok	|	0.12	1.00	1.00	0.12	0.02	0	|	rapi	0.12	0.12	0	|	62.0	0.12(62)	0.12(62)	|	4550	
3682	71	ok	|	0.13	1.00	1.00	0.14	0.02	0	|	rapi	0.13	0.14	0	|	62.0	0.14(62)	0.14(62)	|	4550	
3682	72	ok	|	0.14	1.00	1.00	0.14	0.02	0	|	rapi	0.14	0.14	0	|	62.0	0.14(62)	0.14(62)	|	4550	
3682	73	ok	|	0.14	1.00	1.00	0.15	0.02	0	|	rapi	0.14	0.15	0	|	62.0	0.15(62)	0.15(62)	|	4550	
3682	74	ok	|	0.13	1.00	1.00	0.14	0.02	0	|	rapi	0.13	0.14	0	|	62.0	0.14(62)	0.14(62)	|	4550	
3682	75	ok	|	0.13	1.00	1.00	0.14	0.02	0	|	rapi	0.13	0.14	0	|	62.0	0.14(62)	0.14(62)	|	4550	
3682	76	ok	|	0.13	1.00	1.00	0.14	0.02	0	|	rapi	0.13	0.14	0	|	62.0	0.14(62)	0.14(62)	|	4550	
3682	77	ok	|	0.17	1.00	1.00	0.18	0.02	0	|	rapi	0.17	0.18	0	|	62.0	0.18(62)	0.18(62)	|	4550	
3682	78	ok	|	0.16	1.00	1.00	0.17	0.02	0	|	rapi	0.16	0.17	0	|	62.0	0.17(62)	0.17(62)	|	4550	
3682	79	ok	|	0.15	1.00	1.00	0.16	0.02	0	|	rapi	0.15	0.16	0	|	62.0	0.16(62)	0.16(62)	|	4550	
3682	80	ok	|	0.16	1.00	1.00	0.17	0.02	0	|	rapi	0.16	0.17	0	|	62.0	0.17(62)	0.17(62)	|	4550	
3682	81	ok	|	0.14	1.00	1.00	0.15	0.02	0	|	rapi	0.14	0.15	0	|	62.0	0.15(62)	0.15(62)	|	4550	
3682	82	ok	|	0.14	1.00	1.00	0.16	0.02	0	|	rapi	0.14	0.16	0	|	62.0	0.16(62)	0.16(62)	|	4550	
3682	83	ok	|	0.14	1.00	1.00	0.15	0.02	0	|	rapi	0.14	0.15	0	|	62.0	0.15(62)	0.15(62)	|	4550	
3682	84	ok	|	0.12	1.00	1.00	0.13	0.02	0	|	rapi	0.12	0.13	0	|	62.0	0.13(62)	0.13(62)	|	4550	
3682	85	ok	|	0.12	1.00	1.00	0.13	0.02	0	|	rapi	0.12	0.13	0	|	62.0	0.13(62)	0.13(62)	|	4550	
3682	86	ok	|	0.13	1.00	1.00	0.14	0.02	0	|	rapi	0.13	0.14	0	|	62.0	0.14(62)	0.14(62)	|	4550	
3682	87	ok	|	0.15	1.00	1.00	0.15	0.02	0	|	rapi	0.15	0.15	0	|	62.0	0.15(62)	0.15(62)	|	4550	
3682	88	ok	|	0.15	1.00	1.00	0.15	0.02	0	|	rapi	0.15	0.15	0	|	62.0	0.15(62)	0.15(62)	|	4550	
3682	89	ok	|	0.15	1.00	1.00	0.16	0.02	0	|	rapi	0.15	0.16	0	|	62.0	0.16(62)	0.16(62)	|	4550	
3682	90	ok	|	0.15	1.00	1.00	0.16	0.02	0	|	rapi	0.15	0.16	0	|	62.0	0.16(62)	0.16(62)	|	4550	
3682	91	ok	|	0.14	1.00	1.00	0.15	0.02	0	|	rapi	0.14	0.15	0	|	62.0	0.15(62)	0.15(62)	|	4550	
3682	92	ok	|	0.17	1.00	1.00	0.18	0.02	0	|	rapi	0.17	0.18	0	|	62.0	0.18(62)	0.18(62)	|	4550	
3682	93	ok	|	0.15	1.00	1.00	0.17	0.02	0	|	rapi	0.15	0.17	0	|	62.0	0.17(62)	0.17(62)	|	4550	
3682	94	ok	|	0.15	1.00	1.00	0.16	0.02	0	|	rapi	0.15	0.16	0	|	62.0	0.16(62)	0.16(62)	|	4550	
3682	95	ok	|	0.15	1.00	1.00	0.17	0.02	0	|	rapi	0.15	0.17	0	|	62.0	0.17(62)	0.17(62)	|	4550	
3682	96	ok	|	0.16	1.00	1.00	0.17	0.02	0	|	rapi	0.16	0.17	0	|	62.0	0.17(62)	0.17(62)	|	4550	
3682	97	ok	|	0.15	1.00	1.00	0.16	0.02	0	|	rapi	0.15	0.16	0	|	62.0	0.16(62)	0.16(62)	|	4550	
3682	98	ok	|	0.15	1.00	1.00	0.16	0.02	0	|	rapi	0.15	0.16	0	|	62.0	0.16(62)	0.16(62)	|	4550	
3682	99	ok	|	0.16	1.00	1.00	0.18	0.02	0	|	rapi	0.16	0.18	0	|	62.0	0.18(62)	0.18(62)	|	4550	
3682	100	ok	|	0.17	1.00	1.00	0.18	0.02	0	|	rapi	0.17	0.18	0	|	62.0	0.18(62)	0.18(62)	|	4550	
3682	101	ok	|	0.17	1.00	1.00	0.18	0.02	0	|	rapi	0.17	0.18	0	|	62.0	0.18(62)	0.18(62)	|	4550	
3682	102	ok	|	0.17	1.00	1.00	0.18	0.02	0	|	rapi	0.17	0.18	0	|	62.0	0.18(62)	0.18(62)	|	4550	
3682	103	ok	|	0.17	1.00	1.00	0.18	0.02	0	|	rapi	0.17	0.18	0	|	62.0	0.18(62)	0.18(62)	|	4550	
3682	104	ok	|	0.19	1.00	1.00	0.20	0.03	0	|	rapi	0.19	0.20	0	|	62.0	0.20(62)	0.20(62)	|	4550	
3682	105	ok	|	0.18	1.00	1.00	0.19	0.02	0	|	rapi	0.18	0.19	0	|	62.0	0.19(62)	0.19(62)	|	4550	
3682	106	ok	|	0.16	1.00	1.00	0.17	0.02	0	|	rapi	0.16	0.17	0	|	62.0	0.17(62)	0.17(62)	|	4550	
3682	107	ok	|	0.15	1.00	1.00	0.16	0.02	0	|	rapi	0.15	0.16	0	|	62.0	0.16(62)	0.16(62)	|	4550	
3682	108	ok	|	0.15	1.00	1.00	0.16	0.02	0	|	rapi	0.15	0.16	0	|	62.0	0.16(62)	0.16(62)	|	4550	
3682	109	ok	|	0.15	1.00	1.00	0.15	0.02	0	|	rapi	0.15	0.15	0	|	62.0	0.15(62)	0.15(62)	|	4550	
3682	110	ok	|	0.15	1.00	1.00	0.16	0.02	0	|	rapi	0.15	0.16	0	|	62.0	0.16(62)	0.16(62)	|	4550	
3682	111	ok	|	0.14	1.00	1.00	0.15	0.02	0	|	rapi	0.14	0.15	0	|	62.0	0.15(62)	0.15(62)	|	4550	
3682	112	ok	|	0.16	1.00	1.00	0.17	0.02	0	|	rapi	0.16	0.17	0	|	62.0	0.17(62)	0.17(62)	|	4550	
3682	113	ok	|	0.14	1.00	1.00	0.15	0.02	0	|	rapi	0.14	0.15	0	|	62.0	0.15(62)	0.15(62)	|	4550	
3682	114	ok	|	0.16	1.00	1.00	0.17	0.02	0	|	rapi	0.16	0.17	0	|	62.0	0.17(62)	0.17(62)	|	4550	
3682	115	ok	|	0.16	1.00	1.00	0.17	0.02	0	|	rapi	0.16	0.17	0	|	62.0	0.17(62)	0.17(62)	|	4550	
3682	116	ok	|	0.17	1.00	1.00	0.18	0.02	0	|	rapi	0.17	0.18	0	|	62.0	0.18(62)	0.18(62)	|	4550	
3682	117	ok	|	0.18	1.00	1.00	0.19	0.02	0	|	rapi	0.18	0.19	0	|	62.0	0.19(62)	0.19(62)	|	4550	
3682	118	ok	|	0.16	1.00	1.00	0.18	0.02	0	|	rapi	0.16	0.18	0	|	62.0	0.18(62)	0.18(62)	|	4550	
3682	119	ok	|	0.17	1.00	1.00	0.18	0.02	0	|	rapi	0.17	0.18	0	|	62.0	0.18(62)	0.18(62)	|	4550	
3682	120	ok	|	0.19	1.00	1.00	0.20	0.02	0	|	rapi	0.19	0.20	0	|	62.0	0.20(62)	0.20(62)	|	4550	
3682	121	ok	|	0.20	1.00	1.00	0.22	0.03	0	|	rapi	0.20	0.22	0	|	62.0	0.22(62)	0.22(62)	|	4550	
3682	122	ok	|	0.20	1.00	1.00	0.21	0.03	0	|	rapi	0.20	0.21	0	|	62.0	0.21(62)	0.21(62)	|	4550	
3682	123	ok	|	0.19	1.00	1.00	0.21	0.03	0	|	rapi	0.19	0.21	0	|	62.0	0.21(62)	0.21(62)	|	4550	
3682	124	ok	|	0.21	1.00	1.00	0.24	0.03	0	|	rapi	0.21	0.24	0	|	62.0	0.24(62)	0.24(62)	|	4550	
3682	125	ok	|	0.22	1.00	1.00	0.24	0.03	0	|	rapi	0.22	0.24	0	|	62.0	0.24(62)	0.24(62)	|	4550	
3682	126	ok	|	0.20	1.00	1.00	0.22	0.03	0	|	rapi	0.20	0.22	0	|	62.0	0.22(62)	0.22(62)	|	4550	
3682	127	ok	|	0.21	1.00	1.00	0.24	0.03	0	|	rapi	0.21	0.24	0	|	62.0	0.24(62)	0.24(62)	|	4550	
3682	128	ok	|	0.21	1.00	1.00	0.23	0.03	0	|	rapi	0.21	0.23	0	|	62.0	0.23(62)	0.23(62)	|	4550	
3682	129	ok	|	0.21	1.00	1.00	0.23	0.03	0	|	rapi	0.21	0.23	0	|	62.0	0.23(62)	0.23(62)	|	4550	
3682	130	ok	|	0.23	1.00	1.00	0.24	0.03	0	|	rapi	0.23	0.24	0	|	62.0	0.24(62)	0.24(62)	|	4550	
3682	131	ok	|	0.20	1.00	1.00	0.23	0.03	0	|	rapi	0.20	0.23	0	|	62.0	0.23(62)	0.23(62)	|	4550	
3682	132	ok	|	0.21	1.00	1.00	0.23	0.03	0	|	rapi	0.21	0.23	0	|	62.0	0.23(62)	0.23(62)	|	4550	
3682	133	ok	|	0.21	1.00	1.00	0.22	0.03	0	|	rapi	0.21	0.22	0	|	62.0	0.22(62)	0.22(62)	|	4550	
3682	134	ok	|	0.18	1.00	1.00	0.18	0.02	0	|	rapi	0.18	0.18	0	|	62.0	0.18(62)	0.18(62)	|	4550	
3682	135	ok	|	0.18	1.00	1.00	0.20	0.02	0	|	rapi	0.18	0.20	0	|	62.0	0.20(62)	0.20(62)	|	4550	
3682	136	ok	|	0.19	1.00	1.00	0.21	0.03	0	|	rapi	0.19	0.21	0	|	62.0	0.21(62)	0.21(62)	|	4550	
3682	137	ok	|	0.20	1.00	1.00	0.21	0.03	0	|	rapi	0.20	0.21	0	|	62.0	0.21(62)	0.21(62)	|	4550	
3682	138	ok	|	0.18	1.00	1.00	0.20	0.03	0	|	rapi	0.18	0.20	0	|	62.0	0.20(62)	0.20(62)	|	4550	
3682	139	ok	|	0.17	1.00	1.00	0.18	0.02	0	|	rapi	0.17	0.18	0	|	62.0	0.18(62)	0.18(62)	|	4550	
3682	140	ok	|	0.17	1.00	1.00	0.18	0.02	0	|	rapi	0.17	0.18	0	|	62.0	0.18(62)	0.18(62)	|	4550	
3682	141	ok	|	0.17	1.00	1.00	0.18	0.02	0	|	rapi	0.17	0.18	0	|	62.0	0.18(62)	0.18(62)	|	4550	
3682	142	ok	|	0.16	1.00	1.00	0.17	0.02	0	|	rapi	0.16	0.17	0	|	62.0	0.17(62)	0.17(62)	|	4550	
3682	143	ok	|	0.14	1.00	1.00	0.15	0.02	0	|	rapi	0.14	0.15	0	|	62.0	0.15(62)	0.15(62)	|	4550	
3682	144	ok	|	0.13	1.00	1.00	0.14	0.02	0	|	rapi	0.13	0.14	0	|	62.0	0.14(62)	0.14(62)	|	4550	
3682	145	ok	|	0.15	1.00	1.00	0.15	0.02	0	|	rapi	0.15	0.15	0	|	62.0	0.15(62)	0.15(62)	|	4550	
3682	146	ok	|	0.13	1.00	1.00	0.14	0.02	0	|	rapi	0.13	0.14	0	|	62.0	0.14(62)	0.14(62)	|	4550	
3682	147	ok	|	0.12	1.00	1.00	0.12	0.02	0	|	rapi	0.12	0.12	0	|	62.0	0.12(62)	0.12(62)	|	4550	
3682	148	ok	|	0.11	1.00	1.00	0.12	0.02	0	|	rapi	0.11	0.12	0	|	62.0	0.12(62)	0.12(62)	|	4550	
3682	149	ok	|	0.10	1.00	1.00	0.11	0.02	0	|	rapi	0.10	0.11	0	|	62.0	0.11(62)	0.11(62)	|	4550	
3682	150	ok	|	0.12	1.00	1.00	0.13	0.02	0	|	rapi	0.12	0.13	0	|	62.0	0.13(62)	0.13(62)	|	4550	
3682	151	ok	|	0.12	1.00	1.00	0.13	0.02	0	|	rapi	0.12	0.13	0	|	62.0	0.13(62)	0.13(62)	|	4550	
3682	152	ok	|	0.12	1.00	1.00	0.13	0.02	0	|	rapi	0.12	0.13	0	|	62.0	0.13(62)	0.13(62)	|	4550	
3682	153	ok	|	0.12	1.00	1.00	0.13	0.02	0	|	rapi	0.12	0.13	0	|	62.0	0.13(62)	0.13(62)	|	4550	
3682	154	ok	|	0.13	1.00	1.00	0.14	0.02	0	|	rapi	0.13	0.14	0	|	62.0	0.14(62)	0.14(62)	|	4550	
3682	155	ok	|	0.14	1.00	1.00	0.14	0.02	0	|	rapi	0.14	0.14	0	|	62.0	0.14(62)	0.14(62)	|	4550	
3682	156	ok	|	0.13	1.00	1.00	0.14	0.02	0	|	rapi	0.13	0.14	0	|	62.0	0.14(62)	0.14(62)	|	4550	
3682	157	ok	|	0.11	1.00	1.00	0.12	0.02	0	|	rapi	0.11	0.12	0	|	62.0	0.12(62)	0.12(62)	|	4550	
3682	158	ok	|	0.12	1.00	1.00	0.13	0.02	0	|	rapi	0.12	0.13	0	|	62.0	0.13(62)	0.13(62)	|	4550	
3682	159	ok	|	0.14	1.00	1.00	0.14	0.02	0	|	rapi	0.14	0.14	0	|	62.0	0.14(62)	0.14(62)	|	4550	
3682	160	ok	|	0.13	1.00	1.00	0.14	0.02	0	|	rapi	0.13	0.14	0	|	62.0	0.14(62)	0.14(62)	|	4550	
3682	161	ok	|	0.13	1.00	1.00	0.13	0.02	0	|	rapi	0.13	0.13	0	|	62.0	0.13(62)	0.13(62)	|	4550	
3682	162	ok	|	0.14	1.00	1.00	0.14	0.02	0	|	rapi	0.14	0.14	0	|	62.0	0.14(62)	0.14(62)	|	4550	
3682	163	ok	|	0.16	1.00	1.00	0.17	0.03	0	|	rapi	0.16	0.17	0	|	62.0	0.17(62)	0.17(62)	|	4550	
3682	164	ok	|	0.17	1.00	1.00	0.18	0.03	0	|	rapi	0.17	0.18	0	|	62.0	0.18(62)	0.18(62)	|	4550	
3682	165	ok	|	0.17	1.00	1.00	0.18	0.03	0	|	rapi	0.17	0.18	0	|	62.0	0.18(62)	0.18(62)	|	4550	
3682	166	ok	|	0.19	1.00	1.00	0.20	0.03	0	|	rapi	0.19	0.20	0	|	62.0	0.20(62)	0.20(62)	|	4550	
3682	167	ok	|	0.18	1.00	1.00	0.20	0.03	0	|	rapi	0.18	0.20	0	|	62.0	0.20(62)	0.20(62)	|	4550	
3682	168	ok	|	0.16	1.00	1.00	0.18	0.03	0	|	rapi	0.16	0.18	0	|	62.0	0.18(62)	0.18(62)	|	4550	
3682	169	ok	|	0.18	1.00	1.00	0.19	0.03	0	|	rapi	0.18	0.19	0	|	62.0	0.19(62)	0.19(62)	|	4550	
3682	170	ok	|	0.18	1.00	1.00	0.21	0.04	0	|	rapi	0.18	0.21	0	|	62.0	0.21(62)	0.21(62)	|	4550	
3682	171	ok	|	0.20	1.00	1.00	0.22	0.04	0	|	rapi	0.20	0.22	0	|	62.0	0.22(62)	0.22(62)	|	4550	
3682	172	ok	|	0.20	1.00	1.00	0.22	0.04	0	|	rapi	0.20	0.22	0	|	62.0	0.22(62)	0.22(62)	|	4550	
3682	173	ok	|	0.20	1.00	1.00	0.21	0.04	0	|	rapi	0.20	0.21	0	|	62.0	0.21(62)	0.21(62)	|	4550	
3682	174	ok	|	0.19	1.00	1.00	0.20	0.03	0	|	rapi	0.19	0.20	0	|	62.0	0.20(62)	0.20(62)	|	4550	
3682	175	ok	|	0.20	1.00	1.00	0.21	0.03	0	|	rapi	0.20	0.21	0	|	62.0	0.21(62)	0.21(62)	|	4550	
3682	176	ok	|	0.21	1.00	1.00	0.23	0.04	0	|	rapi	0.21	0.23	0	|	62.0	0.23(62)	0.23(62)	|	4550	
3682	177	ok	|	0.24	1.00	1.00	0.26	0.04	0	|	rapi	0.24	0.26	0	|	62.0	0.26(62)	0.26(62)	|	4550	
3682	178	ok	|	0.24	1.00	1.00	0.27	0.04	0	|	rapi	0.24	0.27	0	|	62.0	0.27(62)	0.27(62)	|	4550	
3682	179	ok	|	0.23	1.00	1.00	0.25	0.04	0	|	rapi	0.23	0.25	0	|	62.0	0.25(62)	0.25(62)	|	4550	
3682	180	ok	|	0.21	1.00	1.00	0.22	0.04	0	|	rapi	0.21	0.22	0	|	62.0	0.22(62)	0.22(62)	|	4550	
3682	181	ok	|	0.22	1.00	1.00	0.24	0.04	0	|	rapi	0.22	0.24	0	|	62.0	0.24(62)	0.24(62)	|	4550	
3682	182	ok	|	0.24	1.00	1.00	0.26	0.04	0	|	rapi	0.24	0.26	0	|	62.0	0.26(62)	0.26(62)	|	4550	
3682	183	ok	|	0.25	1.00	1.00	0.27	0.04	0	|	rapi	0.25	0.27	0	|	62.0	0.27(62)	0.27(62)	|	4550	
3682	184	ok	|	0.25	1.00	1.00	0.27	0.04	0	|	rapi	0.25	0.27	0	|	62.0	0.27(62)	0.27(62)	|	4550	
3682	185	ok	|	0.24	1.00	1.00	0.27	0.05	0	|	rapi	0.24	0.27	0	|	62.0	0.27(62)	0.27(62)	|	4550	
3682	186	ok	|	0.22	1.00	1.00	0.24	0.04	0	|	rapi	0.22	0.24	0	|	62.0	0.24(62)	0.24(62)	|	4550	
3682	187	ok	|	0.23	1.00	1.00	0.25	0.04	0	|	rapi	0.23	0.25	0	|	62.0	0.25(62)	0.25(62)	|	4550	
3682	188	ok	|	0.21	1.00	1.00	0.23	0.04	0	|	rapi	0.21	0.23	0	|	62.0	0.23(62)	0.23(62)	|	4550	
3682	189	ok	|	0.20	1.00	1.00	0.22	0.04	0	|	rapi	0.20	0.22	0	|	62.0	0.22(62)	0.22(62)	|	4550	
3682	190	ok	|	0.21	1.00	1.00	0.23	0.04	0	|	rapi	0.21	0.23	0	|	62.0	0.23(62)	0.23(62)	|	4550	
3682	191	ok	|	0.20	1.00	1.00	0.23	0.04	0	|	rapi	0.20	0.23	0	|	62.0	0.23(62)	0.23(62)	|	4550	
3682	192	ok	|	0.21	1.00	1.00	0.23	0.04	0	|	rapi	0.21	0.23	0	|	62.0	0.23(62)	0.23(62)	|	4550	
3682	193	ok	|	0.22	1.00	1.00	0.24	0.04	0	|	rapi	0.22	0.24	0	|	62.0	0.24(62)	0.24(62)	|	4550	
3682	194	ok	|	0.20	1.00	1.00	0.23	0.04	0	|	rapi	0.20	0.23	0	|	62.0	0.23(62)	0.23(62)	|	4550	
3682	195	ok	|	0.20	1.00	1.00	0.22	0.04	0	|	rapi	0.20	0.22	0	|	62.0	0.22(62)	0.22(62)	|	4550	
3682	196	ok	|	0.21	1.00	1.00	0.22	0.04	0	|	rapi	0.21	0.22	0	|	62.0	0.22(62)	0.22(62)	|	4550	
3682	197	ok	|	0.20	1.00	1.00	0.22	0.04	0	|	rapi	0.20	0.22	0	|	62.0	0.22(62)	0.22(62)	|	4550	
3682	198	ok	|	0.19	1.00	1.00	0.20	0.03	0	|	rapi	0.19	0.20	0	|	62.0	0.20(62)	0.20(62)	|	4550	
3682	199	ok	|	0.20	1.00	1.00	0.22	0.04	0	|	rapi	0.20	0.22	0	|	62.0	0.22(62)	0.22(62)	|	4550	
3682	200	ok	|	0.20	1.00	1.00	0.22	0.04	0	|	rapi	0.20	0.22	0	|	62.0	0.22(62)	0.22(62)	|	4550	
3682	201	ok	|	0.20	1.00	1.00	0.21	0.04	0	|	rapi	0.20	0.21	0	|	62.0	0.21(62)	0.21(62)	|	4550	
3682	202	ok	|	0.20	1.00	1.00	0.20	0.03	0	|	rapi	0.20	0.20	0	|	62.0	0.20(62)	0.20(62)	|	4550	
3682	203	ok	|	0.20	1.00	1.00	0.21	0.04	0	|	rapi	0.20	0.21	0	|	62.0	0.21(62)	0.21(62)	|	4550	
3682	204	ok	|	0.19	1.00	1.00	0.21	0.04	0	|	rapi	0.19	0.21	0	|	62.0	0.21(62)	0.21(62)	|	4550	
3682	205	ok	|	0.18	1.00	1.00	0.19	0.03	0	|	rapi	0.18	0.19	0	|	62.0	0.19(62)	0.19(62)	|	4550	
3682	206	ok	|	0.19	1.00	1.00	0.20	0.03	0	|	rapi	0.19	0.20	0	|	62.0	0.20(62)	0.20(62)	|	4550	
3682	207	ok	|	0.19	1.00	1.00	0.20	0.03	0	|	rapi	0.19	0.20	0	|	62.0	0.20(62)	0.20(62)	|	4550	
3682	208	ok	|	0.18	1.00	1.00	0.20	0.03	0	|	rapi	0.18	0.20	0	|	62.0	0.20(62)	0.20(62)	|	4550	
3682	209	ok	|	0.19	1.00	1.00	0.20	0.03	0	|	rapi	0.19	0.20	0	|	62.0	0.20(62)	0.20(62)	|	4550	
3682	210	ok	|	0.20	1.00	1.00	0.21	0.04	0	|	rapi	0.20	0.21	0	|	62.0	0.21(62)	0.21(62)	|	4550	
3682	211	ok	|	0.18	1.00	1.00	0.20	0.03	0	|	rapi	0.18	0.20	0	|	62.0	0.20(62)	0.20(62)	|	4550	
3682	212	ok	|	0.19	1.00	1.00	0.21	0.03	0	|	rapi	0.19	0.21	0	|	62.0	0.21(62)	0.21(62)	|	4550	
3682	213	ok	|	0.21	1.00	1.00	0.23	0.04	0	|	rapi	0.21	0.23	0	|	62.0	0.23(62)	0.23(62)	|	4550	
3682	214	ok	|	0.22	1.00	1.00	0.23	0.04	0	|	rapi	0.22	0.23	0	|	62.0	0.23(62)	0.23(62)	|	4550	
3682	215	ok	|	0.23	1.00	1.00	0.24	0.04	0	|	rapi	0.23	0.24	0	|	62.0	0.24(62)	0.24(62)	|	4550	
3682	216	ok	|	0.23	1.00	1.00	0.23	0.04	0	|	rapi	0.23	0.23	0	|	62.0	0.23(62)	0.23(62)	|	4550	
3682	217	ok	|	0.24	1.00	1.00	0.25	0.04	0	|	rapi	0.24	0.25	0	|	62.0	0.25(62)	0.25(62)	|	4550	
3682	218	ok	|	0.26	1.00	1.00	0.28	0.05	0	|	rapi	0.26	0.28	0	|	62.0	0.28(62)	0.28(62)	|	4550	
3682	219	ok	|	0.26	1.00	1.00	0.28	0.05	0	|	rapi	0.26	0.28	0	|	62.0	0.28(62)	0.28(62)	|	4550	
3682	220	ok	|	0.26	1.00	1.00	0.27	0.07	0	|	rapi	0.26	0.27	0	|	62.0	0.27(62)	0.27(62)	|	4550	
3682	221	ok	|	0.26	1.00	1.00	0.28	0.14	0	|	rapi	0.26	0.28	0	|	62.0	0.28(62)	0.28(62)	|	4550	
3682	222	ok	|	0.25	1.00	1.00	0.27	0.14	0	|	rapi	0.25	0.27	0	|	62.0	0.27(62)	0.27(62)	|	4550	
3682	223	ok	|	0.26	1.00	1.00	0.28	0.14	0	|	rapi	0.26	0.28	0	|	62.0	0.28(62)	0.28(62)	|	4550	
3682	224	ok	|	0.26	1.00	1.00	0.28	0.14	0	|	rapi	0.26	0.28	0	|	62.0	0.28(62)	0.28(62)	|	4550	
3682	225	ok	|	0.26	1.00	1.00	0.29	0.14	0	|	rapi	0.26	0.29	0	|	62.0	0.29(62)	0.29(62)	|	4550	
3682	226	ok	|	0.27	1.00	1.00	0.30	0.15	0	|	rapi	0.27	0.30	0	|	62.0	0.30(62)	0.30(62)	|	4550	
3682	227	ok	|	0.26	1.00	1.00	0.28	0.14	0	|	rapi	0.26	0.28	0	|	62.0	0.28(62)	0.28(62)	|	4550	
3682	228	ok	|	0.24	1.00	1.00	0.26	0.13	0	|	rapi	0.24	0.26	0	|	62.0	0.26(62)	0.26(62)	|	4550	
3682	229	ok	|	0.27	1.00	1.00	0.28	0.14	0	|	rapi	0.27	0.28	0	|	62.0	0.28(62)	0.28(62)	|	4550	
3682	230	ok	|	0.25	1.00	1.00	0.27	0.14	0	|	rapi	0.25	0.27	0	|	62.0	0.27(62)	0.27(62)	|	4550	
3682	231	ok	|	0.22	1.00	1.00	0.23	0.12	0	|	rapi	0.22	0.23	0	|	62.0	0.23(62)	0.23(62)	|	4550	
3682	232	ok	|	0.21	1.00	1.00	0.23	0.11	0	|	rapi	0.21	0.23	0	|	62.0	0.23(62)	0.23(62)	|	4550	
3682	233	ok	|	0.19	1.00	1.00	0.20	0.10	0	|	rapi	0.19	0.20	0	|	62.0	0.20(62)	0.20(62)	|	4550	
3682	234	ok	|	0.21	1.00	1.00	0.23	0.11	0	|	rapi	0.21	0.23	0	|	62.0	0.23(62)	0.23(62)	|	4550	
3682	235	ok	|	0.20	1.00	1.00	0.21	0.11	0	|	rapi	0.20	0.21	0	|	62.0	0.21(62)	0.21(62)	|	4550	
3682	236	ok	|	0.21	1.00	1.00	0.23	0.12	0	|	rapi	0.21	0.23	0	|	62.0	0.23(62)	0.23(62)	|	4550	
3682	237	ok	|	0.21	1.00	1.00	0.22	0.11	0	|	rapi	0.21	0.22	0	|	62.0	0.22(62)	0.22(62)	|	4550	
3682	238	ok	|	0.19	1.00	1.00	0.20	0.10	0	|	rapi	0.19	0.20	0	|	62.0	0.20(62)	0.20(62)	|	4550	
3682	239	ok	|	0.18	1.00	1.00	0.19	0.10	0	|	rapi	0.18	0.19	0	|	62.0	0.19(62)	0.19(62)	|	4550	
3682	240	ok	|	0.17	1.00	1.00	0.18	0.09	0	|	rapi	0.17	0.18	0	|	62.0	0.18(62)	0.18(62)	|	4550	
3682	241	ok	|	0.17	1.00	1.00	0.17	0.09	0	|	rapi	0.17	0.17	0	|	62.0	0.17(62)	0.17(62)	|	4550	
3682	242	ok	|	0.15	1.00	1.00	0.16	0.08	0	|	rapi	0.15	0.16	0	|	62.0	0.16(62)	0.16(62)	|	4550	
3682	243	ok	|	0.14	1.00	1.00	0.14	0.07	0	|	rapi	0.14	0.14	0	|	62.0	0.14(62)	0.14(62)	|	4550	
3682	244	ok	|	0.14	1.00	1.00	0.15	0.07	0	|	rapi	0.14	0.15	0	|	62.0	0.15(62)	0.15(62)	|	4550	
3682	245	ok	|	0.17	1.00	1.00	0.17	0.09	0	|	rapi	0.17	0.17	0	|	62.0	0.17(62)	0.17(62)	|	4550	
3682	246	ok	|	0.20	1.00	1.00	0.21	0.10	0	|	rapi	0.20	0.21	0	|	62.0	0.21(62)	0.21(62)	|	4550	
3682	247	ok	|	0.19	1.00	1.00	0.20	0.10	0	|	rapi	0.19	0.20	0	|	62.0	0.20(62)	0.20(62)	|	4550	
3682	248	ok	|	0.16	1.00	1.00	0.17	0.09	0	|	rapi	0.16	0.17	0	|	62.0	0.17(62)	0.17(62)	|	4550	
3682	249	ok	|	0.16	1.00	1.00	0.17	0.08	0	|	rapi	0.16	0.17	0	|	62.0	0.17(62)	0.17(62)	|	4550	
3682	250	ok	|	0.16	1.00	1.00	0.16	0.08	0	|	rapi	0.16	0.16	0	|	62.0	0.16(62)	0.16(62)	|	4550	
3682	251	ok	|	0.18	1.00	1.00	0.18	0.09	0	|	rapi	0.18	0.18	0	|	62.0	0.18(62)	0.18(62)	|	4550	
3682	252	ok	|	0.20	1.00	1.00	0.21	0.11	0	|	rapi	0.20	0.21	0	|	62.0	0.21(62)	0.21(62)	|	4550	
3682	253	ok	|	0.18	1.00	1.00	0.19	0.10	0	|	rapi	0.18	0.19	0	|	62.0	0.19(62)	0.19(62)	|	4550	
3682	254	ok	|	0.17	1.00	1.00	0.18	0.09	0	|	rapi	0.17	0.18	0	|	62.0	0.18(62)	0.18(62)	|	4550	
3682	255	ok	|	0.18	1.00	1.00	0.19	0.10	0	|	rapi	0.18	0.19	0	|	62.0	0.19(62)	0.19(62)	|	4550	
3682	256	ok	|	0.19	1.00	1.00	0.19	0.10	0	|	rapi	0.19	0.19	0	|	62.0	0.19(62)	0.19(62)	|	4550	
3682	257	ok	|	0.19	1.00	1.00	0.20	0.10	0	|	rapi	0.19	0.20	0	|	62.0	0.20(62)	0.20(62)	|	4550	
3682	258	ok	|	0.20	1.00	1.00	0.22	0.11	0	|	rapi	0.20	0.22	0	|	62.0	0.22(62)	0.22(62)	|	4550	
3682	259	ok	|	0.21	1.00	1.00	0.22	0.11	0	|	rapi	0.21	0.22	0	|	62.0	0.22(62)	0.22(62)	|	4550	
3682	260	ok	|	0.23	1.00	1.00	0.25	0.12	0	|	rapi	0.23	0.25	0	|	62.0	0.25(62)	0.25(62)	|	4550	
3682	261	ok	|	0.23	1.00	1.00	0.24	0.12	0	|	rapi	0.23	0.24	0	|	62.0	0.24(62)	0.24(62)	|	4550	
3682	262	ok	|	0.23	1.00	1.00	0.25	0.13	0	|	rapi	0.23	0.25	0	|	62.0	0.25(62)	0.25(62)	|	4550	
3682	263	ok	|	0.24	1.00	1.00	0.25	0.13	0	|	rapi	0.24	0.25	0	|	62.0	0.25(62)	0.25(62)	|	4550	
3682	264	ok	|	0.25	1.00	1.00	0.27	0.13	0	|	rapi	0.25	0.27	0	|	62.0	0.27(62)	0.27(62)	|	4550	
3682	265	ok	|	0.24	1.00	1.00	0.26	0.13	0	|	rapi	0.24	0.26	0	|	62.0	0.26(62)	0.26(62)	|	4550	
3682	266	ok	|	0.23	1.00	1.00	0.24	0.12	0	|	rapi	0.23	0.24	0	|	62.0	0.24(62)	0.24(62)	|	4550	
3682	267	ok	|	0.20	1.00	1.00	0.21	0.10	0	|	rapi	0.20	0.21	0	|	62.0	0.21(62)	0.21(62)	|	4550	
3682	268	ok	|	0.17	1.00	1.00	0.18	0.09	0	|	rapi	0.17	0.18	0	|	62.0	0.18(62)	0.18(62)	|	4550	
3682	269	ok	|	0.18	1.00	1.00	0.19	0.09	0	|	rapi	0.18	0.19	0	|	62.0	0.19(62)	0.19(62)	|	4550	
3682	270	ok	|	0.18	1.00	1.00	0.19	0.09	0	|	rapi	0.18	0.19	0	|	62.0	0.19(62)	0.19(62)	|	4550	
3682	271	ok	|	0.18	1.00	1.00	0.19	0.09	0	|	rapi	0.18	0.19	0	|	62.0	0.19(62)	0.19(62)	|	4550	
3682	272	ok	|	0.20	1.00	1.00	0.21	0.10	0	|	rapi	0.20	0.21	0	|	62.0	0.21(62)	0.21(62)	|	4550	
3682	273	ok	|	0.20	1.00	1.00	0.22	0.11	0	|	rapi	0.20	0.22	0	|	62.0	0.22(62)	0.22(62)	|	4550	
3682	274	ok	|	0.21	1.00	1.00	0.22	0.11	0	|	rapi	0.21	0.22	0	|	62.0	0.22(62)	0.22(62)	|	4550	
3682	275	ok	|	0.21	1.00	1.00	0.22	0.11	0	|	rapi	0.21	0.22	0	|	62.0	0.22(62)	0.22(62)	|	4550	
3682	276	ok	|	0.23	1.00	1.00	0.24	0.12	0	|	rapi	0.23	0.24	0	|	62.0	0.24(62)	0.24(62)	|	4550	
3682	277	ok	|	0.21	1.00	1.00	0.23	0.11	0	|	rapi	0.21	0.23	0	|	62.0	0.23(62)	0.23(62)	|	4550	
3682	278	ok	|	0.23	1.00	1.00	0.25	0.12	0	|	rapi	0.23	0.25	0	|	62.0	0.25(62)	0.25(62)	|	4550	
3682	279	ok	|	0.24	1.00	1.00	0.25	0.12	0	|	rapi	0.24	0.25	0	|	62.0	0.25(62)	0.25(62)	|	4550	
3682	280	ok	|	0.25	1.00	1.00	0.26	0.13	0	|	rapi	0.25	0.26	0	|	62.0	0.26(62)	0.26(62)	|	4550	
3682	281	ok	|	0.24	1.00	1.00	0.26	0.13	0	|	rapi	0.24	0.26	0	|	62.0	0.26(62)	0.26(62)	|	4550	
3682	282	ok	|	0.24	1.00	1.00	0.26	0.13	0	|	rapi	0.24	0.26	0	|	62.0	0.26(62)	0.26(62)	|	4550	
3682	283	ok	|	0.24	1.00	1.00	0.26	0.13	0	|	rapi	0.24	0.26	0	|	62.0	0.26(62)	0.26(62)	|	4550	
3682	284	ok	|	0.25	1.00	1.00	0.27	0.13	0	|	rapi	0.25	0.27	0	|	62.0	0.27(62)	0.27(62)	|	4550	
3682	285	ok	|	0.24	1.00	1.00	0.27	0.13	0	|	rapi	0.24	0.27	0	|	62.0	0.27(62)	0.27(62)	|	4550	
3682	286	ok	|	0.25	1.00	1.00	0.27	0.13	0	|	rapi	0.25	0.27	0	|	62.0	0.27(62)	0.27(62)	|	4550	
3682	287	ok	|	0.24	1.00	1.00	0.27	0.13	0	|	rapi	0.24	0.27	0	|	62.0	0.27(62)	0.27(62)	|	4550	
3682	288	ok	|	0.24	1.00	1.00	0.26	0.13	0	|	rapi	0.24	0.26	0	|	62.0	0.26(62)	0.26(62)	|	4550	
3682	289	ok	|	0.26	1.00	1.00	0.28	0.14	0	|	rapi	0.26	0.28	0	|	62.0	0.28(62)	0.28(62)	|	4550	
3682	290	ok	|	0.27	1.00	1.00	0.29	0.14	0	|	rapi	0.27	0.29	0	|	62.0	0.29(62)	0.29(62)	|	4550	
3682	291	ok	|	0.27	1.00	1.00	0.30	0.15	0	|	rapi	0.27	0.30	0	|	62.0	0.30(62)	0.30(62)	|	4550	
3682	292	ok	|	0.29	1.00	1.00	0.32	0.16	0	|	rapi	0.29	0.32	0	|	62.0	0.32(62)	0.32(62)	|	4550	
3682	293	ok	|	0.30	1.00	1.00	0.33	0.16	0	|	rapi	0.30	0.33	0	|	62.0	0.33(62)	0.33(62)	|	4550	
3682	294	ok	|	0.29	1.00	1.00	0.31	0.15	0	|	rapi	0.29	0.31	0	|	62.0	0.31(62)	0.31(62)	|	4550	
3682	295	ok	|	0.28	1.00	1.00	0.30	0.15	0	|	rapi	0.28	0.30	0	|	62.0	0.30(62)	0.30(62)	|	4550	
3682	296	ok	|	0.25	1.00	1.00	0.28	0.14	0	|	rapi	0.25	0.28	0	|	62.0	0.28(62)	0.28(62)	|	4550	
3682	297	ok	|	0.25	1.00	1.00	0.28	0.14	0	|	rapi	0.25	0.28	0	|	62.0	0.28(62)	0.28(62)	|	4550	
3682	298	ok	|	0.28	1.00	1.00	0.30	0.15	0	|	rapi	0.28	0.30	0	|	62.0	0.30(62)	0.30(62)	|	4550	
3682	299	ok	|	0.26	1.00	1.00	0.27	0.14	0	|	rapi	0.26	0.27	0	|	62.0	0.27(62)	0.27(62)	|	4550	
3682	300	ok	|	0.26	1.00	1.00	0.28	0.14	0	|	rapi	0.26	0.28	0	|	62.0	0.28(62)	0.28(62)	|	4550	
3682	301	ok	|	0.27	1.00	1.00	0.29	0.15	0	|	rapi	0.27	0.29	0	|	62.0	0.29(62)	0.29(62)	|	4550	
3682	302	ok	|	0.29	1.00	1.00	0.32	0.16	0	|	rapi	0.29	0.32	0	|	62.0	0.32(62)	0.32(62)	|	4550	
3682	303	ok	|	0.28	1.00	1.00	0.31	0.15	0	|	rapi	0.28	0.31	0	|	62.0	0.31(62)	0.31(62)	|	4550	
3682	304	ok	|	0.27	1.00	1.00	0.30	0.15	0	|	rapi	0.27	0.30	0	|	62.0	0.30(62)	0.30(62)	|	4550	
3682	305	ok	|	0.27	1.00	1.00	0.29	0.14	0	|	rapi	0.27	0.29	0	|	62.0	0.29(62)	0.29(62)	|	4550	
3682	306	ok	|	0.26	1.00	1.00	0.28	0.14	0	|	rapi	0.26	0.28	0	|	62.0	0.28(62)	0.28(62)	|	4550	
3682	307	ok	|	0.27	1.00	1.00	0.29	0.15	0	|	rapi	0.27	0.29	0	|	62.0	0.29(62)	0.29(62)	|	4550	
3682	308	ok	|	0.25	1.00	1.00	0.28	0.14	0	|	rapi	0.25	0.28	0	|	62.0	0.28(62)	0.28(62)	|	4550	
3682	309	ok	|	0.27	1.00	1.00	0.28	0.14	0	|	rapi	0.27	0.28	0	|	62.0	0.28(62)	0.28(62)	|	4550	
3682	310	ok	|	0.25	1.00	1.00	0.27	0.13	0	|	rapi	0.25	0.27	0	|	62.0	0.27(62)	0.27(62)	|	4550	
3682	311	ok	|	0.25	1.00	1.00	0.27	0.13	0	|	rapi	0.25	0.27	0	|	62.0	0.27(62)	0.27(62)	|	4550	
3682	312	ok	|	0.29	1.00	1.00	0.31	0.16	0	|	rapi	0.29	0.31	0	|	62.0	0.31(62)	0.31(62)	|	4550	
3682	313	ok	|	0.26	1.00	1.00	0.28	0.14	0	|	rapi	0.26	0.28	0	|	62.0	0.28(62)	0.28(62)	|	4550	
3682	314	ok	|	0.25	1.00	1.00	0.27	0.14	0	|	rapi	0.25	0.27	0	|	62.0	0.27(62)	0.27(62)	|	4550	
3682	315	ok	|	0.24	1.00	1.00	0.26	0.13	0	|	rapi	0.24	0.26	0	|	62.0	0.26(62)	0.26(62)	|	4550	
3682	316	ok	|	0.20	1.00	1.00	0.21	0.10	0	|	rapi	0.20	0.21	0	|	62.0	0.21(62)	0.21(62)	|	4550	
3682	317	ok	|	0.19	1.00	1.00	0.20	0.10	0	|	rapi	0.19	0.20	0	|	62.0	0.20(62)	0.20(62)	|	4550	
3682	318	ok	|	0.19	1.00	1.00	0.20	0.10	0	|	rapi	0.19	0.20	0	|	62.0	0.20(62)	0.20(62)	|	4550	
3682	319	ok	|	0.16	1.00	1.00	0.17	0.09	0	|	rapi	0.16	0.17	0	|	62.0	0.17(62)	0.17(62)	|	4550	
3682	320	ok	|	0.15	1.00	1.00	0.16	0.08	0	|	rapi	0.15	0.16	0	|	62.0	0.16(62)	0.16(62)	|	4550	
3682	321	ok	|	0.16	1.00	1.00	0.16	0.08	0	|	rapi	0.16	0.16	0	|	62.0	0.16(62)	0.16(62)	|	4550	
3682	322	ok	|	0.16	1.00	1.00	0.17	0.08	0	|	rapi	0.16	0.17	0	|	62.0	0.17(62)	0.17(62)	|	4550	
3682	323	ok	|	0.14	1.00	1.00	0.14	0.07	0	|	rapi	0.14	0.14	0	|	62.0	0.14(62)	0.14(62)	|	4550	
3682	324	ok	|	0.13	1.00	1.00	0.14	0.07	0	|	rapi	0.13	0.14	0	|	62.0	0.14(62)	0.14(62)	|	4550	
3682	325	ok	|	0.14	1.00	1.00	0.15	0.07	0	|	rapi	0.14	0.15	0	|	62.0	0.15(62)	0.15(62)	|	4550	
3682	326	ok	|	0.13	1.00	1.00	0.14	0.07	0	|	rapi	0.13	0.14	0	|	62.0	0.14(62)	0.14(62)	|	4550	
3682	327	ok	|	0.13	1.00	1.00	0.14	0.07	0	|	rapi	0.13	0.14	0	|	62.0	0.14(62)	0.14(62)	|	4550	
3682	328	ok	|	0.13	1.00	1.00	0.13	0.07	0	|	rapi	0.13	0.13	0	|	62.0	0.13(62)	0.13(62)	|	4550	
3682	329	ok	|	0.13	1.00	1.00	0.13	0.07	0	|	rapi	0.13	0.13	0	|	62.0	0.13(62)	0.13(62)	|	4550	
3682	330	ok	|	0.11	1.00	1.00	0.11	0.06	0	|	rapi	0.11	0.11	0	|	62.0	0.11(62)	0.11(62)	|	4550	
3682	331	ok	|	0.10	1.00	1.00	0.11	0.05	0	|	rapi	0.10	0.11	0	|	62.0	0.11(62)	0.11(62)	|	4550	
3682	332	ok	|	0.11	1.00	1.00	0.11	0.05	0	|	rapi	0.11	0.11	0	|	62.0	0.11(62)	0.11(62)	|	4550	
3682	333	ok	|	0.11	1.00	1.00	0.11	0.05	0	|	rapi	0.11	0.11	0	|	62.0	0.11(62)	0.11(62)	|	4550	
3682	334	ok	|	0.09	1.00	1.00	0.09	0.05	0	|	rapi	0.09	0.09	0	|	62.0	0.09(62)	0.09(62)	|	4550	
3682	335	ok	|	0.10	1.00	1.00	0.10	0.05	0	|	rapi	0.10	0.10	0	|	62.0	0.10(62)	0.10(62)	|	4550	
3682	336	ok	|	0.09	1.00	1.00	0.09	0.05	0	|	rapi	0.09	0.09	0	|	62.0	0.09(62)	0.09(62)	|	4550	
3682	337	ok	|	0.07	1.00	1.00	0.08	0.04	0	|	rapi	0.07	0.08	0	|	62.0	0.08(62)	0.08(62)	|	4550	
3682	338	ok	|	0.08	1.00	1.00	0.08	0.04	0	|	rapi	0.08	0.08	0	|	62.0	0.08(62)	0.08(62)	|	4550	
3682	339	ok	|	0.09	1.00	1.00	0.09	0.05	0	|	rapi	0.09	0.09	0	|	62.0	0.09(62)	0.09(62)	|	4550	
3682	340	ok	|	0.09	1.00	1.00	0.10	0.05	0	|	rapi	0.09	0.10	0	|	62.0	0.10(62)	0.10(62)	|	4550	
3682	341	ok	|	0.09	1.00	1.00	0.10	0.05	0	|	rapi	0.09	0.10	0	|	62.0	0.10(62)	0.10(62)	|	4550	
3682	342	ok	|	0.08	1.00	1.00	0.09	0.04	0	|	rapi	0.08	0.09	0	|	62.0	0.09(62)	0.09(62)	|	4550	
3682	343	ok	|	0.09	1.00	1.00	0.09	0.04	0	|	rapi	0.09	0.09	0	|	62.0	0.09(62)	0.09(62)	|	4550	
3682	344	ok	|	0.08	1.00	1.00	0.08	0.04	0	|	rapi	0.08	0.08	0	|	62.0	0.08(62)	0.08(62)	|	4550	
3682	345	ok	|	0.08	1.00	1.00	0.08	0.04	0	|	rapi	0.08	0.08	0	|	62.0	0.08(62)	0.08(62)	|	4550	
3682	346	ok	|	0.09	1.00	1.00	0.09	0.05	0	|	rapi	0.09	0.09	0	|	62.0	0.09(62)	0.09(62)	|	4550	
3682	347	ok	|	0.09	1.00	1.00	0.09	0.05	0	|	rapi	0.09	0.09	0	|	62.0	0.09(62)	0.09(62)	|	4550	
3682	348	ok	|	0.09	1.00	1.00	0.10	0.05	0	|	rapi	0.09	0.10	0	|	62.0	0.10(62)	0.10(62)	|	4550	
3682	349	ok	|	0.09	1.00	1.00	0.09	0.04	0	|	rapi	0.09	0.09	0	|	62.0	0.09(62)	0.09(62)	|	4550	
3682	350	ok	|	0.08	1.00	1.00	0.09	0.04	0	|	rapi	0.08	0.09	0	|	62.0	0.09(62)	0.09(62)	|	4550	
3682	351	ok	|	0.10	1.00	1.00	0.10	0.05	0	|	rapi	0.10	0.10	0	|	62.0	0.10(62)	0.10(62)	|	4550	
3682	352	ok	|	0.11	1.00	1.00	0.11	0.06	0	|	rapi	0.11	0.11	0	|	62.0	0.11(62)	0.11(62)	|	4550	
3682	353	ok	|	0.10	1.00	1.00	0.10	0.05	0	|	rapi	0.10	0.10	0	|	62.0	0.10(62)	0.10(62)	|	4550	
3682	354	ok	|	0.11	1.00	1.00	0.11	0.06	0	|	rapi	0.11	0.11	0	|	62.0	0.11(62)	0.11(62)	|	4550	
3682	355	ok	|	0.09	1.00	1.00	0.10	0.05	0	|	rapi	0.09	0.10	0	|	62.0	0.10(62)	0.10(62)	|	4550	
3682	356	ok	|	0.10	1.00	1.00	0.10	0.05	0	|	rapi	0.10	0.10	0	|	62.0	0.10(62)	0.10(62)	|	4550	
3682	357	ok	|	0.12	1.00	1.00	0.12	0.06	0	|	rapi	0.12	0.12	0	|	62.0	0.12(62)	0.12(62)	|	4550	
3682	358	ok	|	0.13	1.00	1.00	0.14	0.07	0	|	rapi	0.13	0.14	0	|	62.0	0.14(62)	0.14(62)	|	4550	
3682	359	ok	|	0.14	1.00	1.00	0.14	0.07	0	|	rapi	0.14	0.14	0	|	62.0	0.14(62)	0.14(62)	|	4550	
3682	360	ok	|	0.13	1.00	1.00	0.13	0.07	0	|	rapi	0.13	0.13	0	|	62.0	0.13(62)	0.13(62)	|	4550	
3682	361	ok	|	0.12	1.00	1.00	0.13	0.07	0	|	rapi	0.12	0.13	0	|	62.0	0.13(62)	0.13(62)	|	4550	
3682	362	ok	|	0.15	1.00	1.00	0.15	0.07	0	|	rapi	0.15	0.15	0	|	62.0	0.15(62)	0.15(62)	|	4550	
3682	363	ok	|	0.14	1.00	1.00	0.15	0.07	0	|	rapi	0.14	0.15	0	|	62.0	0.15(62)	0.15(62)	|	4550	
3682	364	ok	|	0.14	1.00	1.00	0.15	0.07	0	|	rapi	0.14	0.15	0	|	62.0	0.15(62)	0.15(62)	|	4550	
3682	365	ok	|	0.14	1.00	1.00	0.15	0.07	0	|	rapi	0.14	0.15	0	|	62.0	0.15(62)	0.15(62)	|	4550	
3682	366	ok	|	0.14	1.00	1.00	0.14	0.07	0	|	rapi	0.14	0.14	0	|	62.0	0.14(62)	0.14(62)	|	4550	
3682	367	ok	|	0.13	1.00	1.00	0.14	0.07	0	|	rapi	0.13	0.14	0	|	62.0	0.14(62)	0.14(62)	|	4550	
3682	368	ok	|	0.15	1.00	1.00	0.15	0.07	0	|	rapi	0.15	0.15	0	|	62.0	0.15(62)	0.15(62)	|	4550	
3682	369	ok	|	0.15	1.00	1.00	0.16	0.08	0	|	rapi	0.15	0.16	0	|	62.0	0.16(62)	0.16(62)	|	4550	
3682	370	ok	|	0.15	1.00	1.00	0.15	0.08	0	|	rapi	0.15	0.15	0	|	62.0	0.15(62)	0.15(62)	|	4550	
3682	371	ok	|	0.15	1.00	1.00	0.16	0.08	0	|	rapi	0.15	0.16	0	|	62.0	0.16(62)	0.16(62)	|	4550	
3682	372	ok	|	0.16	1.00	1.00	0.17	0.08	0	|	rapi	0.16	0.17	0	|	62.0	0.17(62)	0.17(62)	|	4550	
3682	373	ok	|	0.16	1.00	1.00	0.17	0.09	0	|	rapi	0.16	0.17	0	|	62.0	0.17(62)	0.17(62)	|	4550	
3682	374	ok	|	0.16	1.00	1.00	0.17	0.08	0	|	rapi	0.16	0.17	0	|	62.0	0.17(62)	0.17(62)	|	4550	
3682	375	ok	|	0.16	1.00	1.00	0.17	0.08	0	|	rapi	0.16	0.17	0	|	62.0	0.17(62)	0.17(62)	|	4550	
3682	376	ok	|	0.18	1.00	1.00	0.18	0.09	0	|	rapi	0.18	0.18	0	|	62.0	0.18(62)	0.18(62)	|	4550	
3682	377	ok	|	0.15	1.00	1.00	0.16	0.08	0	|	rapi	0.15	0.16	0	|	62.0	0.16(62)	0.16(62)	|	4550	
3682	378	ok	|	0.14	1.00	1.00	0.15	0.07	0	|	rapi	0.14	0.15	0	|	62.0	0.15(62)	0.15(62)	|	4550	
3682	379	ok	|	0.14	1.00	1.00	0.15	0.07	0	|	rapi	0.14	0.15	0	|	62.0	0.15(62)	0.15(62)	|	4550	
3682	380	ok	|	0.15	1.00	1.00	0.16	0.08	0	|	rapi	0.15	0.16	0	|	62.0	0.16(62)	0.16(62)	|	4550	
3682	381	ok	|	0.15	1.00	1.00	0.15	0.08	0	|	rapi	0.15	0.15	0	|	62.0	0.15(62)	0.15(62)	|	4550	
3682	382	ok	|	0.16	1.00	1.00	0.16	0.08	0	|	rapi	0.16	0.16	0	|	62.0	0.16(62)	0.16(62)	|	4550	
3682	383	ok	|	0.15	1.00	1.00	0.16	0.08	0	|	rapi	0.15	0.16	0	|	62.0	0.16(62)	0.16(62)	|	4550	
3682	384	ok	|	0.16	1.00	1.00	0.17	0.08	0	|	rapi	0.16	0.17	0	|	62.0	0.17(62)	0.17(62)	|	4550	
3682	385	ok	|	0.15	1.00	1.00	0.15	0.08	0	|	rapi	0.15	0.15	0	|	62.0	0.15(62)	0.15(62)	|	4550	
3682	386	ok	|	0.14	1.00	1.00	0.14	0.07	0	|	rapi	0.14	0.14	0	|	62.0	0.14(62)	0.14(62)	|	4550	
3682	387	ok	|	0.14	1.00	1.00	0.15	0.07	0	|	rapi	0.14	0.15	0	|	62.0	0.15(62)	0.15(62)	|	4550	
3682	388	ok	|	0.11	1.00	1.00	0.11	0.06	0	|	rapi	0.11	0.11	0	|	62.0	0.11(62)	0.11(62)	|	4550	
3682	389	ok	|	0.13	1.00	1.00	0.14	0.07	0	|	rapi	0.13	0.14	0	|	62.0	0.14(62)	0.14(62)	|	4550	
3682	390	ok	|	0.14	1.00	1.00	0.15	0.07	0	|	rapi	0.14	0.15	0	|	62.0	0.15(62)	0.15(62)	|	4550	
3682	391	ok	|	0.13	1.00	1.00	0.14	0.07	0	|	rapi	0.13	0.14	0	|	62.0	0.14(62)	0.14(62)	|	4550	
3682	392	ok	|	0.11	1.00	1.00	0.12	0.06	0	|	rapi	0.11	0.12	0	|	62.0	0.12(62)	0.12(62)	|	4550	
3682	393	ok	|	0.12	1.00	1.00	0.12	0.06	0	|	rapi	0.12	0.12	0	|	62.0	0.12(62)	0.12(62)	|	4550	
3682	394	ok	|	0.12	1.00	1.00	0.12	0.06	0	|	rapi	0.12	0.12	0	|	62.0	0.12(62)	0.12(62)	|	4550	
3682	395	ok	|	0.12	1.00	1.00	0.12	0.06	0	|	rapi	0.12	0.12	0	|	62.0	0.12(62)	0.12(62)	|	4550	
3682	396	ok	|	0.12	1.00	1.00	0.12	0.06	0	|	rapi	0.12	0.12	0	|	62.0	0.12(62)	0.12(62)	|	4550	
3682	397	ok	|	0.11	1.00	1.00	0.11	0.06	0	|	rapi	0.11	0.11	0	|	62.0	0.11(62)	0.11(62)	|	4550	
3682	398	ok	|	0.10	1.00	1.00	0.10	0.05	0	|	rapi	0.10	0.10	0	|	62.0	0.10(62)	0.10(62)	|	4550	
3682	399	ok	|	0.10	1.00	1.00	0.10	0.05	0	|	rapi	0.10	0.10	0	|	62.0	0.10(62)	0.10(62)	|	4550	
3682	400	ok	|	0.09	1.00	1.00	0.10	0.05	0	|	rapi	0.09	0.10	0	|	62.0	0.10(62)	0.10(62)	|	4550	
3682	401	ok	|	0.10	1.00	1.00	0.10	0.05	0	|	rapi	0.10	0.10	0	|	62.0	0.10(62)	0.10(62)	|	4550	
3682	402	ok	|	0.09	1.00	1.00	0.09	0.04	0	|	rapi	0.09	0.09	0	|	62.0	0.09(62)	0.09(62)	|	4550	
3682	403	ok	|	0.10	1.00	1.00	0.10	0.05	0	|	rapi	0.10	0.10	0	|	62.0	0.10(62)	0.10(62)	|	4550	
3682	404	ok	|	0.09	1.00	1.00	0.09	0.05	0	|	rapi	0.09	0.09	0	|	62.0	0.09(62)	0.09(62)	|	4550	
3682	405	ok	|	0.09	1.00	1.00	0.10	0.05	0	|	rapi	0.09	0.10	0	|	62.0	0.10(62)	0.10(62)	|	4550	
3682	406	ok	|	0.09	1.00	1.00	0.10	0.05	0	|	rapi	0.09	0.10	0	|	62.0	0.10(62)	0.10(62)	|	4550	
3682	407	ok	|	0.10	1.00	1.00	0.10	0.05	0	|	rapi	0.10	0.10	0	|	62.0	0.10(62)	0.10(62)	|	4550	
3682	408	ok	|	0.09	1.00	1.00	0.09	0.04	0	|	rapi	0.09	0.09	0	|	62.0	0.09(62)	0.09(62)	|	4550	
3682	409	ok	|	0.08	1.00	1.00	0.08	0.04	0	|	rapi	0.08	0.08	0	|	62.0	0.08(62)	0.08(62)	|	4550	
3682	410	ok	|	0.07	1.00	1.00	0.07	0.04	0	|	rapi	0.07	0.07	0	|	62.0	0.07(62)	0.07(62)	|	4550	
3682	411	ok	|	0.08	1.00	1.00	0.08	0.04	0	|	rapi	0.08	0.08	0	|	62.0	0.08(62)	0.08(62)	|	4550	
3682	412	ok	|	0.08	1.00	1.00	0.08	0.04	0	|	rapi	0.08	0.08	0	|	62.0	0.08(62)	0.08(62)	|	4550	
3682	413	ok	|	0.09	1.00	1.00	0.09	0.04	0	|	rapi	0.09	0.09	0	|	62.0	0.09(62)	0.09(62)	|	4550	
3682	414	ok	|	0.08	1.00	1.00	0.08	0.04	0	|	rapi	0.08	0.08	0	|	62.0	0.08(62)	0.08(62)	|	4550	
3682	415	ok	|	0.08	1.00	1.00	0.08	0.04	0	|	rapi	0.08	0.08	0	|	62.0	0.08(62)	0.08(62)	|	4550	
3682	416	ok	|	0.07	1.00	1.00	0.07	0.04	0	|	rapi	0.07	0.07	0	|	62.0	0.07(62)	0.07(62)	|	4550	
3682	417	ok	|	0.08	1.00	1.00	0.09	0.04	0	|	rapi	0.08	0.09	0	|	62.0	0.09(62)	0.09(62)	|	4550	
3682	418	ok	|	0.09	1.00	1.00	0.09	0.04	0	|	rapi	0.09	0.09	0	|	62.0	0.09(62)	0.09(62)	|	4550	
3682	419	ok	|	0.07	1.00	1.00	0.07	0.03	0	|	rapi	0.07	0.07	0	|	62.0	0.07(62)	0.07(62)	|	4550	
3682	420	ok	|	0.07	1.00	1.00	0.07	0.04	0	|	rapi	0.07	0.07	0	|	62.0	0.07(62)	0.07(62)	|	4550	
3682	421	ok	|	0.08	1.00	1.00	0.08	0.04	0	|	rapi	0.08	0.08	0	|	62.0	0.08(62)	0.08(62)	|	4550	
3682	422	ok	|	0.07	1.00	1.00	0.07	0.04	0	|	rapi	0.07	0.07	0	|	62.0	0.07(62)	0.07(62)	|	4550	
3682	423	ok	|	0.07	1.00	1.00	0.08	0.04	0	|	rapi	0.07	0.08	0	|	62.0	0.08(62)	0.08(62)	|	4550	
3682	424	ok	|	0.09	1.00	1.00	0.09	0.04	0	|	rapi	0.09	0.09	0	|	62.0	0.09(62)	0.09(62)	|	4550	
3682	425	ok	|	0.08	1.00	1.00	0.08	0.04	0	|	rapi	0.08	0.08	0	|	62.0	0.08(62)	0.08(62)	|	4550	
3682	426	ok	|	0.08	1.00	1.00	0.08	0.04	0	|	rapi	0.08	0.08	0	|	62.0	0.08(62)	0.08(62)	|	4550	
3682	427	ok	|	0.09	1.00	1.00	0.09	0.05	0	|	rapi	0.09	0.09	0	|	62.0	0.09(62)	0.09(62)	|	4550	
3682	428	ok	|	0.10	1.00	1.00	0.10	0.05	0	|	rapi	0.10	0.10	0	|	62.0	0.10(62)	0.10(62)	|	4550	
3682	429	ok	|	0.08	1.00	1.00	0.08	0.04	0	|	rapi	0.08	0.08	0	|	62.0	0.08(62)	0.08(62)	|	4550	
3682	430	ok	|	0.08	1.00	1.00	0.08	0.04	0	|	rapi	0.08	0.08	0	|	62.0	0.08(62)	0.08(62)	|	4550	
3682	431	ok	|	0.07	1.00	1.00	0.07	0.04	0	|	rapi	0.07	0.07	0	|	62.0	0.07(62)	0.07(62)	|	4550	
3682	432	ok	|	0.05	1.00	1.00	0.06	0.03	0	|	rapi	0.05	0.06	0	|	62.0	0.06(62)	0.06(62)	|	4550	
3682	433	ok	|	0.05	1.00	1.00	0.05	0.03	0	|	rapi	0.05	0.05	0	|	62.0	0.05(62)	0.05(62)	|	4550	
3682	434	ok	|	0.04	1.00	1.00	0.05	0.02	0	|	rapi	0.04	0.05	0	|	62.0	0.05(62)	0.05(62)	|	4550	
3682	435	ok	|	0.05	1.00	1.00	0.05	0.03	0	|	rapi	0.05	0.05	0	|	62.0	0.05(62)	0.05(62)	|	4550	
3682	436	ok	|	0.05	1.00	1.00	0.05	0.02	0	|	rapi	0.05	0.05	0	|	62.0	0.05(62)	0.05(62)	|	4550	
3682	437	ok	|	0.04	1.00	1.00	0.04	0.02	0	|	rapi	0.04	0.04	0	|	62.0	0.04(62)	0.04(62)	|	4550	
3682	438	ok	|	0.05	1.00	1.00	0.05	0.02	0	|	rapi	0.05	0.05	0	|	62.0	0.05(62)	0.05(62)	|	4550	
3682	439	ok	|	0.04	1.00	1.00	0.04	0.02	0	|	rapi	0.04	0.04	0	|	62.0	0.04(62)	0.04(62)	|	4550	
3682	440	ok	|	0.04	1.00	1.00	0.04	0.02	0	|	rapi	0.04	0.04	0	|	62.0	0.04(62)	0.04(62)	|	4550	
3682	441	ok	|	0.03	1.00	1.00	0.03	0.02	0	|	rapi	0.03	0.03	0	|	62.0	0.03(62)	0.03(62)	|	4550	
3682	442	ok	|	0.04	1.00	1.00	0.04	0.02	0	|	rapi	0.04	0.04	0	|	62.0	0.04(62)	0.04(62)	|	4550	
3682	443	ok	|	0.04	1.00	1.00	0.04	0.02	0	|	rapi	0.04	0.04	0	|	62.0	0.04(62)	0.04(62)	|	4550	
3682	444	ok	|	0.03	1.00	1.00	0.03	0.02	0	|	rapi	0.03	0.03	0	|	62.0	0.03(62)	0.03(62)	|	4550	
3682	445	ok	|	0.03	1.00	1.00	0.03	0.01	0	|	rapi	0.03	0.03	0	|	62.0	0.03(62)	0.03(62)	|	4550	
3682	446	ok	|	0.02	1.00	1.00	0.02	0.01	0	|	rapi	0.02	0.02	0	|	62.0	0.02(62)	0.02(62)	|	4550	
3682	447	ok	|	0.02	1.00	1.00	0.02	0.01	0	|	rapi	0.02	0.02	0	|	62.0	0.02(62)	0.02(62)	|	4550	
3682	448	ok	|	0.03	1.00	1.00	0.03	0.01	0	|	rapi	0.03	0.03	0	|	62.0	0.03(62)	0.03(62)	|	4550	
3682	449	ok	|	0.03	1.00	1.00	0.03	0.02	0	|	rapi	0.03	0.03	0	|	62.0	0.03(62)	0.03(62)	|	4550	
3682	450	ok	|	0.04	1.00	1.00	0.04	0.02	0	|	rapi	0.04	0.04	0	|	62.0	0.04(62)	0.04(62)	|	4550	
3682	451	ok	|	0.03	1.00	1.00	0.03	0.01	0	|	rapi	0.03	0.03	0	|	62.0	0.03(62)	0.03(62)	|	4550	
3682	452	ok	|	0.04	1.00	1.00	0.04	0.02	0	|	rapi	0.04	0.04	0	|	62.0	0.04(62)	0.04(62)	|	4550	
3682	453	ok	|	0.04	1.00	1.00	0.04	0.02	0	|	rapi	0.04	0.04	0	|	62.0	0.04(62)	0.04(62)	|	4550	
3682	454	ok	|	0.05	1.00	1.00	0.05	0.02	0	|	rapi	0.05	0.05	0	|	62.0	0.05(62)	0.05(62)	|	4550	
3682	455	ok	|	0.04	1.00	1.00	0.04	0.02	0	|	rapi	0.04	0.04	0	|	62.0	0.04(62)	0.04(62)	|	4550	
3682	456	ok	|	0.04	1.00	1.00	0.04	0.02	0	|	rapi	0.04	0.04	0	|	62.0	0.04(62)	0.04(62)	|	4550	
3682	457	ok	|	0.04	1.00	1.00	0.04	0.02	0	|	rapi	0.04	0.04	0	|	62.0	0.04(62)	0.04(62)	|	4550	
3682	458	ok	|	0.04	1.00	1.00	0.04	0.02	0	|	rapi	0.04	0.04	0	|	62.0	0.04(62)	0.04(62)	|	4550	
3682	459	ok	|	0.04	1.00	1.00	0.04	0.02	0	|	rapi	0.04	0.04	0	|	62.0	0.04(62)	0.04(62)	|	4550	
3682	460	ok	|	0.05	1.00	1.00	0.05	0.02	0	|	rapi	0.05	0.05	0	|	62.0	0.05(62)	0.05(62)	|	4550	
3682	461	ok	|	0.05	1.00	1.00	0.05	0.03	0	|	rapi	0.05	0.05	0	|	62.0	0.05(62)	0.05(62)	|	4550	
3682	462	ok	|	0.05	1.00	1.00	0.05	0.02	0	|	rapi	0.05	0.05	0	|	62.0	0.05(62)	0.05(62)	|	4550	
3682	463	ok	|	0.05	1.00	1.00	0.05	0.02	0	|	rapi	0.05	0.05	0	|	62.0	0.05(62)	0.05(62)	|	4550	
3682	464	ok	|	0.04	1.00	1.00	0.04	0.02	0	|	rapi	0.04	0.04	0	|	62.0	0.04(62)	0.04(62)	|	4550	
3682	465	ok	|	0.03	1.00	1.00	0.03	0.02	0	|	rapi	0.03	0.03	0	|	62.0	0.03(62)	0.03(62)	|	4550	
3682	466	ok	|	0.03	1.00	1.00	0.04	0.02	0	|	rapi	0.03	0.04	0	|	62.0	0.04(62)	0.04(62)	|	4550	
3682	467	ok	|	0.04	1.00	1.00	0.04	0.02	0	|	rapi	0.04	0.04	0	|	62.0	0.04(62)	0.04(62)	|	4550	
3682	468	ok	|	0.04	1.00	1.00	0.04	0.02	0	|	rapi	0.04	0.04	0	|	62.0	0.04(62)	0.04(62)	|	4550	
3682	469	ok	|	0.04	1.00	1.00	0.04	0.02	0	|	rapi	0.04	0.04	0	|	62.0	0.04(62)	0.04(62)	|	4550	
3682	470	ok	|	0.04	1.00	1.00	0.04	0.02	0	|	rapi	0.04	0.04	0	|	62.0	0.04(62)	0.04(62)	|	4550	
3682	471	ok	|	0.03	1.00	1.00	0.03	0.02	0	|	rapi	0.03	0.03	0	|	62.0	0.03(62)	0.03(62)	|	4550	
3682	472	ok	|	0.04	1.00	1.00	0.04	0.02	0	|	rapi	0.04	0.04	0	|	62.0	0.04(62)	0.04(62)	|	4550	
3682	473	ok	|	0.04	1.00	1.00	0.04	0.02	0	|	rapi	0.04	0.04	0	|	62.0	0.04(62)	0.04(62)	|	4550	
3682	474	ok	|	0.05	1.00	1.00	0.05	0.02	0	|	rapi	0.05	0.05	0	|	62.0	0.05(62)	0.05(62)	|	4550	
3682	475	ok	|	0.04	1.00	1.00	0.04	0.02	0	|	rapi	0.04	0.04	0	|	62.0	0.04(62)	0.04(62)	|	4550	
3682	476	ok	|	0.03	1.00	1.00	0.03	0.01	0	|	rapi	0.03	0.03	0	|	62.0	0.03(62)	0.03(62)	|	4550	
3682	477	ok	|	0.02	1.00	1.00	0.02	0.01	0	|	rapi	0.02	0.02	0	|	62.0	0.02(62)	0.02(62)	|	4550	
3682	478	ok	|	0.01	1.00	1.00	0.01	0.01	0	|	rapi	0.01	0.01	0	|	62.0	0.01(62)	0.01(62)	|	4550	
3682	479	ok	|	0.01	1.00	1.00	0.01	0.01	0	|	rapi	0.01	0.01	0	|	62.0	0.01(62)	0.01(62)	|	4550	
3682	480	ok	|	0.01	1.00	1.00	0.01	0.00	0	|	rapi	0.01	0.01	0	|	62.0	0.01(62)	0.01(62)	|	4550	
3682	481	ok	|	0.01	1.00	1.00	0.01	0.00	0	|	rapi	0.01	0.01	0	|	62.0	0.01(62)	0.01(62)	|	4550	
3682	482	ok	|	0.00	1.00	1.00	0.00	0.00	0	|	rapi	0.00	0.00	0	|	62.0	0.00(62)	0.00(62)	|	4550	
3682	483	ok	|	0.00	1.00	1.00	0.00	0.00	0	|	rapi	0.00	0.00	0	|	62.0	0.00(62)	0.00(62)	|	4550	
3682	484	ok	|	0.00	1.00	1.00	0.00	0.00	0	|	rapi	0.00	0.00	0	|	62.0	0.00(62)	0.00(62)	|	4550	
3682	485	ok	|	0.00	1.00	1.00	0.00	0.00	0	|	rapi	0.00	0.00	0	|	62.0	0.00(62)	0.00(62)	|	4550	
3682	486	ok	|	0.00	1.00	1.00	0.00	0.00	0	|	rapi	0.00	0.00	0	|	62.0	0.00(62)	0.00(62)	|	4550	
3682	487	ok	|	0.00	1.00	1.00	0.00	0.00	0	|	rapi	0.00	0.00	0	|	62.0	0.00(62)	0.00(62)	|	4550	
3682	488	ok	|	0.00	1.00	1.00	0.00	0.00	0	|	rapi	0.00	0.00	0	|	62.0	0.00(62)	0.00(62)	|	4550	
3682	489	ok	|	0.00	1.00	1.00	0.00	0.00	0	|	rapi	0.00	0.00	0	|	62.0	0.00(62)	0.00(62)	|	4550	
3682	490	ok	|	0.00	1.00	1.00	0.00	0.00	0	|	rapi	0.00	0.00	0	|	62.0	0.00(62)	0.00(62)	|	4550	
3682	491	ok	|	0.01	1.00	1.00	0.01	0.00	0	|	rapi	0.01	0.01	0	|	62.0	0.01(62)	0.01(62)	|	4550	
3682	492	ok	|	0.01	1.00	1.00	0.01	0.00	0	|	rapi	0.01	0.01	0	|	62.0	0.01(62)	0.01(62)	|	4550	
3682	493	ok	|	0.01	1.00	1.00	0.01	0.00	0	|	rapi	0.01	0.01	0	|	62.0	0.01(62)	0.01(62)	|	4550	
3682	494	ok	|	0.00	1.00	1.00	0.00	0.00	0	|	rapi	0.00	0.00	0	|	62.0	0.00(62)	0.00(62)	|	4550	
3682	495	ok	|	0.00	1.00	1.00	0.00	0.00	0	|	rapi	0.00	0.00	0	|	62.0	0.00(62)	0.00(62)	|	4550	
3682	496	ok	|	0.00	1.00	1.00	0.00	0.00	0	|	rapi	0.00	0.00	0	|	62.0	0.00(62)	0.00(62)	|	4550	
3682	497	ok	|	0.00	1.00	1.00	0.00	0.00	0	|	rapi	0.00	0.00	0	|	62.0	0.00(62)	0.00(62)	|	4550	
3682	498	ok	|	0.00	1.00	1.00	0.00	0.00	0	|	rapi	0.00	0.00	0	|	62.0	0.00(62)	0.00(62)	|	4550	
3682	499	ok	|	0.00	1.00	1.00	0.00	0.00	0	|	rapi	0.00	0.00	0	|	62.0	0.00(62)	0.00(62)	|	4550	
3682	500	fail-0	|	0.00	1.00	1.00	0.00	NaN	0	|	rapi	0.00	0.00	0	|	NaN			|	4550	
