3694	0	ok	|	0.10	1.00	1.00	0.10	0.00	0	|	rapi	0.00	0.00	0	|	-75.0	0.10(-75)		|	32	
3694	1	ok	|	0.10	1.00	1.00	0.11	0.00	0	|	rapi	0.00	0.00	0	|	-75.0	0.11(-75)		|	32	
3694	2	ok	|	0.10	1.00	1.00	0.12	0.00	0	|	rapi	0.00	0.00	0	|	-75.0	0.12(-75)		|	32	
3694	3	ok	|	0.11	1.00	1.00	0.14	0.00	0	|	rapi	0.00	0.00	0	|	-75.0	0.14(-75)		|	32	
3694	4	ok	|	0.16	1.00	1.00	0.20	0.00	0	|	rapi	0.00	0.00	0	|	-75.0	0.20(-75)		|	32	
3694	5	ok	|	0.18	1.00	1.00	0.24	0.00	0	|	rapi	0.00	0.00	0	|	-75.0	0.24(-75)		|	32	
3694	6	ok	|	0.20	1.00	1.00	0.29	0.00	0	|	rapi	0.00	0.00	0	|	-75.0	0.29(-75)		|	32	
3694	7	ok	|	0.24	1.00	1.00	0.36	0.00	0	|	rapi	0.00	0.00	0	|	-75.0	0.36(-75)		|	32	
3694	8	ok	|	0.30	1.00	1.00	0.44	0.00	0	|	rapi	0.00	0.00	0	|	-75.0	0.44(-75)		|	32	
3694	9	ok	|	0.35	0.99	0.99	0.52	0.00	0	|	rapi	0.00	0.00	0	|	-75.0	0.52(-75)		|	32	
3694	10	ok	|	0.38	0.99	0.99	0.58	0.00	0	|	rapi	0.00	0.00	0	|	-75.0	0.58(-75)		|	32	
3694	11	ok	|	0.41	0.99	0.99	0.65	0.00	0	|	rapi	0.00	0.00	0	|	-75.0	0.65(-75)		|	32	
3694	12	ok	|	0.46	0.99	0.99	0.78	0.00	0	|	rapi	0.00	0.00	0	|	-75.0	0.78(-75)		|	32	
3694	13	ok	|	0.53	0.99	0.99	0.94	0.00	0	|	rapi	0.00	0.00	0	|	-75.0	0.94(-75)		|	32	
3694	14	ok	|	0.56	0.99	0.99	1.09	0.00	0	|	rapi	0.00	0.00	0	|	-75.0	1.09(-75)		|	32	
3694	15	ok	|	0.62	0.99	0.99	1.26	0.00	0	|	rapi	0.00	0.00	0	|	-75.0	1.26(-75)		|	32	
3694	16	ok	|	0.67	0.99	0.99	1.43	0.00	0	|	rapi	0.00	0.00	0	|	-75.0	1.43(-75)		|	32	
3694	17	ok	|	0.75	0.98	0.98	1.76	0.00	0	|	rapi	0.00	0.00	0	|	-75.0	1.76(-75)		|	32	
3694	18	ok	|	0.82	0.98	0.98	2.06	0.00	0	|	rapi	0.00	0.00	0	|	-75.0	2.06(-75)		|	32	
3694	19	ok	|	0.84	0.98	0.98	2.45	0.00	0	|	rapi	0.00	0.00	0	|	-75.0	2.45(-75)	0.00(-75)	|	32	
3694	20	ok	|	0.88	0.97	0.97	2.89	0.00	0	|	rapi	0.00	0.00	0	|	-75.0	2.89(-75)	0.00(-75)	|	32	
3694	21	ok	|	0.92	0.97	0.97	3.44	0.00	0	|	rapi	0.00	0.00	0	|	-75.0	3.44(-75)		|	32	
3694	22	ok	|	0.95	0.96	0.96	4.09	0.00	0	|	rapi	0.00	0.00	0	|	-75.0	4.09(-75)		|	32	
3694	23	ok	|	0.98	0.95	0.95	4.82	0.00	0	|	rapi	0.00	0.00	0	|	-75.0	4.82(-75)		|	32	
3694	24	ok	|	0.98	0.94	0.94	5.75	0.00	0	|	rapi	0.00	0.00	0	|	-75.0	5.75(-75)		|	32	
3694	25	ok	|	0.99	0.93	0.93	6.88	0.00	0	|	rapi	0.00	0.00	0	|	-75.0	6.88(-75)	0.00(-75)	|	32	
3694	26	ok	|	1.00	0.92	0.92	8.36	0.00	0	|	rapi	0.00	0.00	0	|	-75.0	8.36(-75)		|	32	
3694	27	ok	|	1.00	0.90	0.90	9.86	0.00	0	|	rapi	0.00	0.00	0	|	-75.0	9.86(-75)		|	32	
3694	28	ok	|	1.00	0.89	0.89	11.48	0.00	0	|	rapi	0.00	0.00	0	|	-75.0	11.48(-75)		|	32	
3694	29	ok	|	1.00	0.87	0.87	13.47	0.00	0	|	rapi	0.00	0.00	0	|	-75.0	13.47(-75)	0.00(-75)	|	32	
3694	30	ok	|	1.00	0.84	0.84	15.99	0.00	0	|	rapi	0.00	0.00	0	|	-75.0	15.99(-75)	0.00(-75)	|	32	
3694	31	ok	|	1.00	0.81	0.81	18.69	0.00	0	|	rapi	0.00	0.00	0	|	-75.0	18.69(-75)	0.00(-75)	|	32	
3694	32	ok	|	1.00	0.78	0.78	22.01	0.00	0	|	rapi	0.00	0.00	0	|	-75.0	22.01(-75)	0.00(-75)	|	32	
3694	33	ok	|	1.00	0.74	0.74	25.98	0.00	0	|	rapi	0.01	0.01	0	|	-75.0	25.98(-75)	0.01(-75)	|	32	
3694	34	ok	|	1.00	0.69	0.69	30.52	0.00	0	|	rapi	0.01	0.01	0	|	-75.0	30.52(-75)	0.01(-75)	|	32	
3694	35	ok	|	1.00	0.64	0.64	35.65	0.00	0	|	rapi	0.01	0.01	0	|	-75.0	35.65(-75)	0.01(-75)	|	32	
3694	36	ok	|	1.00	0.58	0.58	41.76	0.00	0	|	rapi	0.01	0.01	0	|	-75.0	41.76(-75)	0.01(-75)	|	32	
3694	37	ok	|	1.00	0.51	0.51	48.83	0.00	0	|	rapi	0.01	0.01	0	|	-75.0	48.83(-75)	0.01(-75)	|	32	
3694	38	ok	|	1.00	0.44	0.44	56.36	0.00	0	|	rapi	0.02	0.02	0	|	-75.0	56.36(-75)	0.02(-75)	|	32	
3694	39	ok	|	1.00	0.35	0.35	65.22	0.00	0	|	rapi	0.04	0.04	0	|	-75.0	65.22(-75)	0.04(-75)	|	32	
3694	40	ok	|	1.00	0.26	0.26	74.17	0.00	0	|	rapi	0.05	0.05	0	|	-75.0	74.17(-75)	0.05(-75)	|	32	
3694	41	ok	|	1.00	0.17	0.17	83.22	0.00	0	|	rapi	0.08	0.08	0	|	-75.0	83.22(-75)	0.08(-75)	|	32	
3694	42	ok	|	1.00	0.12	0.12	89.56	0.00	0	|	rapi	0.12	0.13	0	|	-75.0	89.56(-75)	0.13(-75)	|	32	
3694	43	fail-w	|	1.00	0.09	0.09	93.00	0.00	0	|	rapi	0.22	0.23	0	|	-75.0	93.00(-75)	0.23(-75)	|	32	
