3723	0	ok	|	0.09	1.00	1.00	0.10	0.00	0	|	rapi	0.00	0.00	0	|	-72.0	0.10(-72)		|	4	
3723	1	ok	|	0.10	1.00	1.00	0.11	0.00	0	|	rapi	0.00	0.00	0	|	-72.0	0.11(-72)		|	4	
3723	2	ok	|	0.12	1.00	1.00	0.14	0.00	0	|	rapi	0.00	0.00	0	|	-72.0	0.14(-72)		|	4	
3723	3	ok	|	0.15	1.00	1.00	0.19	0.00	0	|	rapi	0.00	0.00	0	|	-72.0	0.19(-72)		|	4	
3723	4	ok	|	0.16	1.00	1.00	0.22	0.00	0	|	rapi	0.00	0.00	0	|	-72.0	0.22(-72)		|	4	
3723	5	ok	|	0.18	1.00	1.00	0.26	0.00	0	|	rapi	0.00	0.00	0	|	-72.0	0.26(-72)		|	4	
3723	6	ok	|	0.21	1.00	1.00	0.32	0.00	0	|	rapi	0.00	0.00	0	|	-72.0	0.32(-72)		|	4	
3723	7	ok	|	0.25	1.00	1.00	0.38	0.00	0	|	rapi	0.00	0.00	0	|	-72.0	0.38(-72)		|	4	
3723	8	ok	|	0.30	1.00	1.00	0.48	0.00	0	|	rapi	0.00	0.00	0	|	-72.0	0.48(-72)		|	4	
3723	9	ok	|	0.33	0.99	0.99	0.52	0.00	0	|	rapi	0.00	0.00	0	|	-72.0	0.52(-72)		|	4	
3723	10	ok	|	0.37	0.99	0.99	0.59	0.00	0	|	rapi	0.00	0.00	0	|	-72.0	0.59(-72)		|	4	
3723	11	ok	|	0.44	0.99	0.99	0.74	0.00	0	|	rapi	0.00	0.00	0	|	-72.0	0.74(-72)		|	4	
3723	12	ok	|	0.50	0.99	0.99	0.93	0.00	0	|	rapi	0.00	0.00	0	|	-72.0	0.93(-72)		|	4	
3723	13	ok	|	0.55	0.99	0.99	1.00	0.00	0	|	rapi	0.00	0.00	0	|	-72.0	1.00(-72)		|	4	
3723	14	ok	|	0.57	0.99	0.99	1.07	0.00	0	|	rapi	0.00	0.00	0	|	-72.0	1.07(-72)		|	4	
3723	15	ok	|	0.60	0.99	0.99	1.21	0.00	0	|	rapi	0.00	0.00	0	|	-72.0	1.21(-72)		|	4	
3723	16	ok	|	0.66	0.99	0.99	1.37	0.00	0	|	rapi	0.00	0.00	0	|	-72.0	1.37(-72)		|	4	
3723	17	ok	|	0.70	0.98	0.98	1.60	0.00	0	|	rapi	0.00	0.00	0	|	-72.0	1.60(-72)		|	4	
3723	18	ok	|	0.77	0.98	0.98	1.95	0.00	0	|	rapi	0.00	0.00	0	|	-72.0	1.95(-72)		|	4	
3723	19	ok	|	0.82	0.98	0.98	2.23	0.00	0	|	rapi	0.00	0.00	0	|	-72.0	2.23(-72)		|	4	
3723	20	ok	|	0.87	0.97	0.97	2.62	0.00	0	|	rapi	0.00	0.00	0	|	-72.0	2.62(-72)		|	4	
3723	21	ok	|	0.90	0.97	0.97	3.05	0.00	0	|	rapi	0.00	0.00	0	|	-72.0	3.05(-72)		|	4	
3723	22	ok	|	0.94	0.96	0.96	3.58	0.00	0	|	rapi	0.00	0.00	0	|	-72.0	3.58(-72)		|	4	
3723	23	ok	|	0.97	0.96	0.96	4.30	0.00	0	|	rapi	0.00	0.00	0	|	-72.0	4.30(-72)		|	4	
3723	24	ok	|	0.98	0.95	0.95	5.10	0.00	0	|	rapi	0.00	0.00	0	|	-72.0	5.10(-72)		|	4	
3723	25	ok	|	0.99	0.94	0.94	6.10	0.00	0	|	rapi	0.00	0.00	0	|	-72.0	6.10(-72)		|	4	
3723	26	ok	|	1.00	0.93	0.93	7.16	0.00	0	|	rapi	0.00	0.00	0	|	-72.0	7.16(-72)		|	4	
3723	27	ok	|	1.00	0.92	0.92	8.32	0.00	0	|	rapi	0.00	0.00	0	|	-72.0	8.32(-72)		|	4	
3723	28	ok	|	1.00	0.90	0.90	9.84	0.00	0	|	rapi	0.00	0.00	0	|	-72.0	9.84(-72)		|	4	
3723	29	ok	|	1.00	0.89	0.89	11.41	0.00	0	|	rapi	0.00	0.00	0	|	-72.0	11.41(-72)		|	4	
3723	30	ok	|	1.00	0.87	0.87	13.26	0.00	0	|	rapi	0.00	0.00	0	|	-72.0	13.26(-72)		|	4	
3723	31	ok	|	1.00	0.84	0.84	15.67	0.00	0	|	rapi	0.00	0.00	0	|	-72.0	15.67(-72)		|	4	
3723	32	ok	|	1.00	0.82	0.82	18.43	0.00	0	|	rapi	0.00	0.00	0	|	-72.0	18.43(-72)		|	4	
3723	33	ok	|	1.00	0.78	0.78	21.75	0.00	0	|	rapi	0.00	0.00	0	|	-72.0	21.75(-72)		|	4	
3723	34	ok	|	1.00	0.75	0.75	25.47	0.00	0	|	rapi	0.00	0.00	0	|	-72.0	25.47(-72)	0.00(-72)	|	4	
3723	35	ok	|	1.00	0.70	0.70	30.13	0.00	0	|	rapi	0.00	0.00	0	|	-72.0	30.13(-72)	0.00(-72)	|	4	
3723	36	ok	|	1.00	0.65	0.65	35.22	0.00	0	|	rapi	0.00	0.00	0	|	-72.0	35.22(-72)	0.00(-72)	|	4	
3723	37	ok	|	1.00	0.59	0.59	41.00	0.00	0	|	rapi	0.00	0.00	0	|	-72.0	41.00(-72)	0.00(-72)	|	4	
3723	38	ok	|	1.00	0.52	0.52	48.45	0.00	0	|	rapi	0.00	0.00	0	|	-72.0	48.45(-72)	0.00(-72)	|	4	
3723	39	ok	|	1.00	0.44	0.44	56.18	0.00	0	|	rapi	0.00	0.00	0	|	-72.0	56.18(-72)	0.00(-72)	|	4	
3723	40	ok	|	1.00	0.35	0.35	65.41	0.00	0	|	rapi	0.01	0.01	0	|	-72.0	65.41(-72)	0.01(-72)	|	4	
3723	41	ok	|	1.00	0.26	0.26	74.01	0.00	0	|	rapi	0.01	0.01	0	|	-72.0	74.01(-72)	0.01(-72)	|	4	
3723	42	ok	|	1.00	0.17	0.17	83.01	0.00	0	|	rapi	0.01	0.01	0	|	-72.0	83.01(-72)	0.01(-72)	|	4	
3723	43	fail-w	|	1.00	0.10	0.10	91.85	0.00	0	|	rapi	0.02	0.02	0	|	-72.0	91.85(-72)	0.02(-72)	|	4	
