3739	0	ok	|	0.10	1.00	1.00	0.10	0.00	0	|	rapi	0.07	0.07	0	|	78.0	0.10(78)	0.07(78)	|	3011	
3739	1	ok	|	0.10	1.00	1.00	0.10	0.00	0	|	rapi	0.07	0.08	0	|	78.0	0.10(78)	0.08(78)	|	3011	
3739	2	ok	|	0.08	1.00	1.00	0.09	0.00	0	|	rapi	0.06	0.07	0	|	78.0	0.09(78)	0.07(78)	|	3011	
3739	3	ok	|	0.09	1.00	1.00	0.10	0.00	0	|	rapi	0.07	0.07	0	|	78.0	0.10(78)	0.07(78)	|	3011	
3739	4	ok	|	0.09	1.00	1.00	0.10	0.00	0	|	rapi	0.07	0.07	0	|	78.0	0.10(78)	0.07(78)	|	3011	
3739	5	ok	|	0.09	1.00	1.00	0.10	0.00	0	|	rapi	0.07	0.07	0	|	78.0	0.10(78)	0.07(78)	|	3011	
3739	6	ok	|	0.08	1.00	1.00	0.09	0.00	0	|	rapi	0.07	0.07	0	|	78.0	0.09(78)	0.07(78)	|	3011	
3739	7	ok	|	0.08	1.00	1.00	0.09	0.00	0	|	rapi	0.06	0.06	0	|	78.0	0.09(78)	0.06(78)	|	3011	
3739	8	ok	|	0.09	1.00	1.00	0.10	0.00	0	|	rapi	0.06	0.07	0	|	78.0	0.10(78)	0.07(78)	|	3011	
3739	9	ok	|	0.09	1.00	1.00	0.10	0.00	0	|	rapi	0.07	0.07	0	|	78.0	0.10(78)	0.07(78)	|	3011	
3739	10	ok	|	0.10	1.00	1.00	0.12	0.00	0	|	rapi	0.08	0.08	0	|	78.0	0.12(78)	0.08(78)	|	3011	
3739	11	ok	|	0.11	1.00	1.00	0.12	0.00	0	|	rapi	0.08	0.09	0	|	78.0	0.12(78)	0.09(78)	|	3011	
3739	12	ok	|	0.12	1.00	1.00	0.13	0.00	0	|	rapi	0.09	0.10	0	|	78.0	0.13(78)	0.10(78)	|	3011	
3739	13	ok	|	0.13	1.00	1.00	0.14	0.00	0	|	rapi	0.10	0.10	0	|	78.0	0.14(78)	0.10(78)	|	3011	
3739	14	ok	|	0.14	1.00	1.00	0.15	0.00	0	|	rapi	0.11	0.11	0	|	78.0	0.15(78)	0.11(78)	|	3011	
3739	15	ok	|	0.14	1.00	1.00	0.15	0.00	0	|	rapi	0.11	0.12	0	|	78.0	0.15(78)	0.12(78)	|	3011	
3739	16	ok	|	0.16	1.00	1.00	0.18	0.00	0	|	rapi	0.14	0.14	0	|	78.0	0.18(78)	0.14(78)	|	3011	
3739	17	ok	|	0.15	1.00	1.00	0.17	0.00	0	|	rapi	0.12	0.13	0	|	78.0	0.17(78)	0.13(78)	|	3011	
3739	18	ok	|	0.15	1.00	1.00	0.17	0.00	0	|	rapi	0.12	0.12	0	|	78.0	0.17(78)	0.12(78)	|	3011	
3739	19	ok	|	0.16	1.00	1.00	0.18	0.00	0	|	rapi	0.13	0.14	0	|	78.0	0.18(78)	0.14(78)	|	3011	
3739	20	ok	|	0.15	1.00	1.00	0.16	0.00	0	|	rapi	0.12	0.12	0	|	78.0	0.16(78)	0.12(78)	|	3011	
3739	21	ok	|	0.15	1.00	1.00	0.17	0.00	0	|	rapi	0.13	0.13	0	|	78.0	0.17(78)	0.13(78)	|	3011	
3739	22	ok	|	0.14	1.00	1.00	0.15	0.00	0	|	rapi	0.11	0.11	0	|	78.0	0.15(78)	0.11(78)	|	3011	
3739	23	ok	|	0.13	1.00	1.00	0.14	0.00	0	|	rapi	0.10	0.10	0	|	78.0	0.14(78)	0.10(78)	|	3011	
3739	24	ok	|	0.13	1.00	1.00	0.15	0.00	0	|	rapi	0.10	0.11	0	|	78.0	0.15(78)	0.11(78)	|	3011	
3739	25	ok	|	0.14	1.00	1.00	0.16	0.00	0	|	rapi	0.11	0.11	0	|	78.0	0.16(78)	0.11(78)	|	3011	
3739	26	ok	|	0.14	1.00	1.00	0.16	0.00	0	|	rapi	0.10	0.11	0	|	78.0	0.16(78)	0.11(78)	|	3011	
3739	27	ok	|	0.16	1.00	1.00	0.18	0.00	0	|	rapi	0.12	0.13	0	|	78.0	0.18(78)	0.13(78)	|	3011	
3739	28	ok	|	0.15	1.00	1.00	0.17	0.00	0	|	rapi	0.11	0.12	0	|	78.0	0.17(78)	0.12(78)	|	3011	
3739	29	ok	|	0.15	1.00	1.00	0.16	0.00	0	|	rapi	0.11	0.11	0	|	78.0	0.16(78)	0.11(78)	|	3011	
3739	30	ok	|	0.17	1.00	1.00	0.19	0.00	0	|	rapi	0.13	0.14	0	|	78.0	0.19(78)	0.14(78)	|	3011	
3739	31	ok	|	0.16	1.00	1.00	0.18	0.00	0	|	rapi	0.13	0.14	0	|	78.0	0.18(78)	0.14(78)	|	3011	
3739	32	ok	|	0.16	1.00	1.00	0.18	0.00	0	|	rapi	0.13	0.14	0	|	78.0	0.18(78)	0.14(78)	|	3011	
3739	33	ok	|	0.16	1.00	1.00	0.18	0.00	0	|	rapi	0.14	0.15	0	|	78.0	0.18(78)	0.15(78)	|	3011	
3739	34	ok	|	0.14	1.00	1.00	0.15	0.00	0	|	rapi	0.12	0.12	0	|	78.0	0.15(78)	0.12(78)	|	3011	
3739	35	ok	|	0.13	1.00	1.00	0.14	0.00	0	|	rapi	0.11	0.12	0	|	78.0	0.14(78)	0.12(78)	|	3011	
3739	36	ok	|	0.14	1.00	1.00	0.15	0.00	0	|	rapi	0.12	0.12	0	|	78.0	0.15(78)	0.12(78)	|	3011	
3739	37	ok	|	0.15	1.00	1.00	0.17	0.00	0	|	rapi	0.13	0.13	0	|	78.0	0.17(78)	0.13(78)	|	3011	
3739	38	ok	|	0.16	1.00	1.00	0.18	0.00	0	|	rapi	0.14	0.15	0	|	78.0	0.18(78)	0.15(78)	|	3011	
3739	39	ok	|	0.18	1.00	1.00	0.21	0.00	0	|	rapi	0.15	0.17	0	|	78.0	0.21(78)	0.17(78)	|	3011	
3739	40	ok	|	0.20	1.00	1.00	0.23	0.00	0	|	rapi	0.17	0.19	0	|	78.0	0.23(78)	0.19(78)	|	3011	
3739	41	ok	|	0.21	1.00	1.00	0.23	0.00	0	|	rapi	0.18	0.20	0	|	78.0	0.23(78)	0.20(78)	|	3011	
3739	42	ok	|	0.21	1.00	1.00	0.23	0.00	0	|	rapi	0.20	0.21	0	|	78.0	0.23(78)	0.21(78)	|	3011	
3739	43	ok	|	0.20	1.00	1.00	0.22	0.00	0	|	rapi	0.19	0.20	0	|	78.0	0.22(78)	0.20(78)	|	3011	
3739	44	ok	|	0.21	1.00	1.00	0.23	0.00	0	|	rapi	0.20	0.22	0	|	78.0	0.23(78)	0.22(78)	|	3011	
3739	45	ok	|	0.20	1.00	1.00	0.21	0.00	0	|	rapi	0.19	0.20	0	|	78.0	0.21(78)	0.20(78)	|	3011	
3739	46	ok	|	0.20	1.00	1.00	0.22	0.00	0	|	rapi	0.19	0.20	0	|	78.0	0.22(78)	0.20(78)	|	3011	
3739	47	ok	|	0.19	1.00	1.00	0.21	0.00	0	|	rapi	0.18	0.19	0	|	78.0	0.21(78)	0.19(78)	|	3011	
3739	48	ok	|	0.17	1.00	1.00	0.18	0.00	0	|	rapi	0.17	0.17	0	|	78.0	0.18(78)	0.17(78)	|	3011	
3739	49	ok	|	0.17	1.00	1.00	0.18	0.00	0	|	rapi	0.17	0.17	0	|	78.0	0.18(78)	0.17(78)	|	3011	
3739	50	ok	|	0.18	1.00	1.00	0.20	0.00	0	|	rapi	0.17	0.18	0	|	78.0	0.20(78)	0.18(78)	|	3011	
3739	51	ok	|	0.19	1.00	1.00	0.22	0.00	0	|	rapi	0.18	0.20	0	|	78.0	0.22(78)	0.20(78)	|	3011	
3739	52	ok	|	0.19	1.00	1.00	0.21	0.00	0	|	rapi	0.18	0.20	0	|	78.0	0.21(78)	0.20(78)	|	3011	
3739	53	ok	|	0.18	1.00	1.00	0.21	0.00	0	|	rapi	0.17	0.20	0	|	78.0	0.21(78)	0.20(78)	|	3011	
3739	54	ok	|	0.19	1.00	1.00	0.22	0.00	0	|	rapi	0.18	0.20	0	|	78.0	0.22(78)	0.20(78)	|	3011	
3739	55	ok	|	0.18	1.00	1.00	0.21	0.00	0	|	rapi	0.17	0.19	0	|	78.0	0.21(78)	0.19(78)	|	3011	
3739	56	ok	|	0.16	1.00	1.00	0.17	0.00	0	|	rapi	0.15	0.17	0	|	78.0	0.17(78)	0.17(78)	|	3011	
3739	57	ok	|	0.15	1.00	1.00	0.16	0.00	0	|	rapi	0.15	0.16	0	|	78.0	0.16(78)	0.16(78)	|	3011	
3739	58	ok	|	0.13	1.00	1.00	0.14	0.00	0	|	rapi	0.13	0.14	0	|	78.0	0.14(78)	0.14(78)	|	3011	
3739	59	ok	|	0.12	1.00	1.00	0.12	0.01	0	|	rapi	0.12	0.12	0	|	78.0	0.12(78)	0.12(78)	|	3011	
3739	60	ok	|	0.12	1.00	1.00	0.12	0.01	0	|	rapi	0.12	0.12	0	|	78.0	0.12(78)	0.12(78)	|	3011	
3739	61	ok	|	0.10	1.00	1.00	0.11	0.01	0	|	rapi	0.10	0.11	0	|	78.0	0.11(78)	0.11(78)	|	3011	
3739	62	ok	|	0.11	1.00	1.00	0.11	0.01	0	|	rapi	0.11	0.11	0	|	78.0	0.11(78)	0.11(78)	|	3011	
3739	63	ok	|	0.10	1.00	1.00	0.10	0.01	0	|	rapi	0.10	0.10	0	|	78.0	0.10(78)	0.10(78)	|	3011	
3739	64	ok	|	0.10	1.00	1.00	0.10	0.01	0	|	rapi	0.10	0.10	0	|	78.0	0.10(78)	0.10(78)	|	3011	
3739	65	ok	|	0.10	1.00	1.00	0.10	0.01	0	|	rapi	0.10	0.10	0	|	78.0	0.10(78)	0.10(78)	|	3011	
3739	66	ok	|	0.10	1.00	1.00	0.11	0.01	0	|	rapi	0.10	0.11	0	|	78.0	0.11(78)	0.11(78)	|	3011	
3739	67	ok	|	0.09	1.00	1.00	0.09	0.01	0	|	rapi	0.09	0.09	0	|	78.0	0.09(78)	0.09(78)	|	3011	
3739	68	ok	|	0.09	1.00	1.00	0.10	0.01	0	|	rapi	0.09	0.10	0	|	78.0	0.10(78)	0.10(78)	|	3011	
3739	69	ok	|	0.09	1.00	1.00	0.10	0.01	0	|	rapi	0.09	0.10	0	|	78.0	0.10(78)	0.10(78)	|	3011	
3739	70	ok	|	0.09	1.00	1.00	0.09	0.01	0	|	rapi	0.09	0.09	0	|	78.0	0.09(78)	0.09(78)	|	3011	
3739	71	ok	|	0.09	1.00	1.00	0.10	0.01	0	|	rapi	0.09	0.10	0	|	78.0	0.10(78)	0.10(78)	|	3011	
3739	72	ok	|	0.09	1.00	1.00	0.10	0.01	0	|	rapi	0.09	0.10	0	|	78.0	0.10(78)	0.10(78)	|	3011	
3739	73	ok	|	0.10	1.00	1.00	0.10	0.01	0	|	rapi	0.10	0.10	0	|	78.0	0.10(78)	0.10(78)	|	3011	
3739	74	ok	|	0.10	1.00	1.00	0.10	0.01	0	|	rapi	0.10	0.10	0	|	78.0	0.10(78)	0.10(78)	|	3011	
3739	75	ok	|	0.09	1.00	1.00	0.09	0.01	0	|	rapi	0.09	0.09	0	|	78.0	0.09(78)	0.09(78)	|	3011	
3739	76	ok	|	0.08	1.00	1.00	0.08	0.01	0	|	rapi	0.08	0.08	0	|	78.0	0.08(78)	0.08(78)	|	3011	
3739	77	ok	|	0.08	1.00	1.00	0.08	0.01	0	|	rapi	0.08	0.08	0	|	78.0	0.08(78)	0.08(78)	|	3011	
3739	78	ok	|	0.08	1.00	1.00	0.08	0.01	0	|	rapi	0.08	0.08	0	|	78.0	0.08(78)	0.08(78)	|	3011	
3739	79	ok	|	0.08	1.00	1.00	0.08	0.01	0	|	rapi	0.08	0.08	0	|	78.0	0.08(78)	0.08(78)	|	3011	
3739	80	ok	|	0.07	1.00	1.00	0.07	0.01	0	|	rapi	0.07	0.07	0	|	78.0	0.07(78)	0.07(78)	|	3011	
3739	81	ok	|	0.08	1.00	1.00	0.08	0.01	0	|	rapi	0.08	0.08	0	|	78.0	0.08(78)	0.08(78)	|	3011	
3739	82	ok	|	0.09	1.00	1.00	0.09	0.01	0	|	rapi	0.09	0.09	0	|	78.0	0.09(78)	0.09(78)	|	3011	
3739	83	ok	|	0.09	1.00	1.00	0.09	0.01	0	|	rapi	0.09	0.09	0	|	78.0	0.09(78)	0.09(78)	|	3011	
3739	84	ok	|	0.09	1.00	1.00	0.09	0.01	0	|	rapi	0.09	0.09	0	|	78.0	0.09(78)	0.09(78)	|	3011	
3739	85	ok	|	0.09	1.00	1.00	0.09	0.01	0	|	rapi	0.09	0.09	0	|	78.0	0.09(78)	0.09(78)	|	3011	
3739	86	ok	|	0.09	1.00	1.00	0.10	0.01	0	|	rapi	0.09	0.10	0	|	78.0	0.10(78)	0.10(78)	|	3011	
3739	87	ok	|	0.09	1.00	1.00	0.09	0.01	0	|	rapi	0.09	0.09	0	|	78.0	0.09(78)	0.09(78)	|	3011	
3739	88	ok	|	0.09	1.00	1.00	0.09	0.01	0	|	rapi	0.09	0.09	0	|	78.0	0.09(78)	0.09(78)	|	3011	
3739	89	ok	|	0.10	1.00	1.00	0.10	0.01	0	|	rapi	0.10	0.10	0	|	78.0	0.10(78)	0.10(78)	|	3011	
3739	90	ok	|	0.10	1.00	1.00	0.10	0.01	0	|	rapi	0.10	0.10	0	|	78.0	0.10(78)	0.10(78)	|	3011	
3739	91	ok	|	0.11	1.00	1.00	0.12	0.01	0	|	rapi	0.11	0.12	0	|	78.0	0.12(78)	0.12(78)	|	3011	
3739	92	ok	|	0.12	1.00	1.00	0.13	0.02	0	|	rapi	0.12	0.13	0	|	78.0	0.13(78)	0.13(78)	|	3011	
3739	93	ok	|	0.11	1.00	1.00	0.11	0.01	0	|	rapi	0.11	0.11	0	|	78.0	0.11(78)	0.11(78)	|	3011	
3739	94	ok	|	0.08	1.00	1.00	0.09	0.01	0	|	rapi	0.08	0.09	0	|	78.0	0.09(78)	0.09(78)	|	3011	
3739	95	ok	|	0.07	1.00	1.00	0.07	0.01	0	|	rapi	0.07	0.07	0	|	78.0	0.07(78)	0.07(78)	|	3011	
3739	96	ok	|	0.06	1.00	1.00	0.07	0.01	0	|	rapi	0.06	0.07	0	|	78.0	0.07(78)	0.07(78)	|	3011	
3739	97	ok	|	0.06	1.00	1.00	0.06	0.01	0	|	rapi	0.06	0.06	0	|	78.0	0.06(78)	0.06(78)	|	3011	
3739	98	ok	|	0.06	1.00	1.00	0.07	0.01	0	|	rapi	0.06	0.07	0	|	78.0	0.07(78)	0.07(78)	|	3011	
3739	99	ok	|	0.07	1.00	1.00	0.07	0.01	0	|	rapi	0.07	0.07	0	|	78.0	0.07(78)	0.07(78)	|	3011	
3739	100	ok	|	0.07	1.00	1.00	0.08	0.01	0	|	rapi	0.07	0.08	0	|	78.0	0.08(78)	0.08(78)	|	3011	
3739	101	ok	|	0.07	1.00	1.00	0.08	0.01	0	|	rapi	0.07	0.08	0	|	78.0	0.08(78)	0.08(78)	|	3011	
3739	102	ok	|	0.07	1.00	1.00	0.08	0.01	0	|	rapi	0.07	0.08	0	|	78.0	0.08(78)	0.08(78)	|	3011	
3739	103	ok	|	0.09	1.00	1.00	0.09	0.01	0	|	rapi	0.09	0.09	0	|	78.0	0.09(78)	0.09(78)	|	3011	
3739	104	ok	|	0.09	1.00	1.00	0.09	0.01	0	|	rapi	0.09	0.09	0	|	78.0	0.09(78)	0.09(78)	|	3011	
3739	105	ok	|	0.07	1.00	1.00	0.07	0.01	0	|	rapi	0.07	0.07	0	|	78.0	0.07(78)	0.07(78)	|	3011	
3739	106	ok	|	0.08	1.00	1.00	0.08	0.01	0	|	rapi	0.08	0.08	0	|	78.0	0.08(78)	0.08(78)	|	3011	
3739	107	ok	|	0.09	1.00	1.00	0.10	0.01	0	|	rapi	0.09	0.10	0	|	78.0	0.10(78)	0.10(78)	|	3011	
3739	108	ok	|	0.09	1.00	1.00	0.09	0.01	0	|	rapi	0.09	0.09	0	|	78.0	0.09(78)	0.09(78)	|	3011	
3739	109	ok	|	0.08	1.00	1.00	0.08	0.01	0	|	rapi	0.08	0.08	0	|	78.0	0.08(78)	0.08(78)	|	3011	
3739	110	ok	|	0.08	1.00	1.00	0.09	0.01	0	|	rapi	0.08	0.09	0	|	78.0	0.09(78)	0.09(78)	|	3011	
3739	111	ok	|	0.09	1.00	1.00	0.09	0.02	0	|	rapi	0.09	0.09	0	|	78.0	0.09(78)	0.09(78)	|	3011	
3739	112	ok	|	0.10	1.00	1.00	0.10	0.02	0	|	rapi	0.10	0.10	0	|	78.0	0.10(78)	0.10(78)	|	3011	
3739	113	ok	|	0.12	1.00	1.00	0.12	0.02	0	|	rapi	0.12	0.12	0	|	78.0	0.12(78)	0.12(78)	|	3011	
3739	114	ok	|	0.11	1.00	1.00	0.12	0.02	0	|	rapi	0.11	0.12	0	|	78.0	0.12(78)	0.12(78)	|	3011	
3739	115	ok	|	0.11	1.00	1.00	0.12	0.02	0	|	rapi	0.11	0.12	0	|	78.0	0.12(78)	0.12(78)	|	3011	
3739	116	ok	|	0.13	1.00	1.00	0.14	0.02	0	|	rapi	0.13	0.14	0	|	78.0	0.14(78)	0.14(78)	|	3011	
3739	117	ok	|	0.12	1.00	1.00	0.12	0.02	0	|	rapi	0.12	0.12	0	|	78.0	0.12(78)	0.12(78)	|	3011	
3739	118	ok	|	0.12	1.00	1.00	0.13	0.02	0	|	rapi	0.12	0.13	0	|	78.0	0.13(78)	0.13(78)	|	3011	
3739	119	ok	|	0.13	1.00	1.00	0.14	0.02	0	|	rapi	0.13	0.14	0	|	78.0	0.14(78)	0.14(78)	|	3011	
3739	120	ok	|	0.13	1.00	1.00	0.14	0.02	0	|	rapi	0.13	0.14	0	|	78.0	0.14(78)	0.14(78)	|	3011	
3739	121	ok	|	0.13	1.00	1.00	0.14	0.02	0	|	rapi	0.13	0.14	0	|	78.0	0.14(78)	0.14(78)	|	3011	
3739	122	ok	|	0.13	1.00	1.00	0.14	0.02	0	|	rapi	0.13	0.14	0	|	78.0	0.14(78)	0.14(78)	|	3011	
3739	123	ok	|	0.12	1.00	1.00	0.12	0.02	0	|	rapi	0.12	0.12	0	|	78.0	0.12(78)	0.12(78)	|	3011	
3739	124	ok	|	0.12	1.00	1.00	0.12	0.02	0	|	rapi	0.12	0.12	0	|	78.0	0.12(78)	0.12(78)	|	3011	
3739	125	ok	|	0.11	1.00	1.00	0.12	0.02	0	|	rapi	0.11	0.12	0	|	78.0	0.12(78)	0.12(78)	|	3011	
3739	126	ok	|	0.11	1.00	1.00	0.12	0.02	0	|	rapi	0.11	0.12	0	|	78.0	0.12(78)	0.12(78)	|	3011	
3739	127	ok	|	0.11	1.00	1.00	0.12	0.02	0	|	rapi	0.11	0.12	0	|	78.0	0.12(78)	0.12(78)	|	3011	
3739	128	ok	|	0.10	1.00	1.00	0.10	0.02	0	|	rapi	0.10	0.10	0	|	78.0	0.10(78)	0.10(78)	|	3011	
3739	129	ok	|	0.11	1.00	1.00	0.12	0.02	0	|	rapi	0.11	0.12	0	|	78.0	0.12(78)	0.12(78)	|	3011	
3739	130	ok	|	0.12	1.00	1.00	0.12	0.02	0	|	rapi	0.12	0.12	0	|	78.0	0.12(78)	0.12(78)	|	3011	
3739	131	ok	|	0.12	1.00	1.00	0.12	0.02	0	|	rapi	0.12	0.12	0	|	78.0	0.12(78)	0.12(78)	|	3011	
3739	132	ok	|	0.12	1.00	1.00	0.13	0.02	0	|	rapi	0.12	0.13	0	|	78.0	0.13(78)	0.13(78)	|	3011	
3739	133	ok	|	0.12	1.00	1.00	0.13	0.02	0	|	rapi	0.12	0.13	0	|	78.0	0.13(78)	0.13(78)	|	3011	
3739	134	ok	|	0.12	1.00	1.00	0.12	0.02	0	|	rapi	0.12	0.12	0	|	78.0	0.12(78)	0.12(78)	|	3011	
3739	135	ok	|	0.12	1.00	1.00	0.12	0.02	0	|	rapi	0.12	0.12	0	|	78.0	0.12(78)	0.12(78)	|	3011	
3739	136	ok	|	0.12	1.00	1.00	0.13	0.02	0	|	rapi	0.12	0.13	0	|	78.0	0.13(78)	0.13(78)	|	3011	
3739	137	ok	|	0.14	1.00	1.00	0.14	0.02	0	|	rapi	0.14	0.14	0	|	78.0	0.14(78)	0.14(78)	|	3011	
3739	138	ok	|	0.13	1.00	1.00	0.13	0.02	0	|	rapi	0.13	0.13	0	|	78.0	0.13(78)	0.13(78)	|	3011	
3739	139	ok	|	0.13	1.00	1.00	0.14	0.02	0	|	rapi	0.13	0.14	0	|	78.0	0.14(78)	0.14(78)	|	3011	
3739	140	ok	|	0.14	1.00	1.00	0.15	0.02	0	|	rapi	0.14	0.15	0	|	78.0	0.15(78)	0.15(78)	|	3011	
3739	141	ok	|	0.15	1.00	1.00	0.16	0.03	0	|	rapi	0.15	0.16	0	|	78.0	0.16(78)	0.16(78)	|	3011	
3739	142	ok	|	0.14	1.00	1.00	0.15	0.03	0	|	rapi	0.14	0.15	0	|	78.0	0.15(78)	0.15(78)	|	3011	
3739	143	ok	|	0.17	1.00	1.00	0.18	0.03	0	|	rapi	0.17	0.18	0	|	78.0	0.18(78)	0.18(78)	|	3011	
3739	144	ok	|	0.17	1.00	1.00	0.18	0.03	0	|	rapi	0.17	0.18	0	|	78.0	0.18(78)	0.18(78)	|	3011	
3739	145	ok	|	0.16	1.00	1.00	0.17	0.03	0	|	rapi	0.16	0.17	0	|	78.0	0.17(78)	0.17(78)	|	3011	
3739	146	ok	|	0.16	1.00	1.00	0.16	0.03	0	|	rapi	0.16	0.16	0	|	78.0	0.16(78)	0.16(78)	|	3011	
3739	147	ok	|	0.16	1.00	1.00	0.17	0.03	0	|	rapi	0.16	0.17	0	|	78.0	0.17(78)	0.17(78)	|	3011	
3739	148	ok	|	0.17	1.00	1.00	0.17	0.03	0	|	rapi	0.17	0.17	0	|	78.0	0.17(78)	0.17(78)	|	3011	
3739	149	ok	|	0.15	1.00	1.00	0.16	0.03	0	|	rapi	0.15	0.16	0	|	78.0	0.16(78)	0.16(78)	|	3011	
3739	150	ok	|	0.14	1.00	1.00	0.15	0.02	0	|	rapi	0.14	0.15	0	|	78.0	0.15(78)	0.15(78)	|	3011	
3739	151	ok	|	0.14	1.00	1.00	0.15	0.03	0	|	rapi	0.14	0.15	0	|	78.0	0.15(78)	0.15(78)	|	3011	
3739	152	ok	|	0.16	1.00	1.00	0.17	0.03	0	|	rapi	0.16	0.17	0	|	78.0	0.17(78)	0.17(78)	|	3011	
3739	153	ok	|	0.15	1.00	1.00	0.16	0.03	0	|	rapi	0.15	0.16	0	|	78.0	0.16(78)	0.16(78)	|	3011	
3739	154	ok	|	0.15	1.00	1.00	0.16	0.03	0	|	rapi	0.15	0.16	0	|	78.0	0.16(78)	0.16(78)	|	3011	
3739	155	ok	|	0.14	1.00	1.00	0.16	0.03	0	|	rapi	0.14	0.16	0	|	78.0	0.16(78)	0.16(78)	|	3011	
3739	156	ok	|	0.15	1.00	1.00	0.15	0.03	0	|	rapi	0.15	0.15	0	|	78.0	0.15(78)	0.15(78)	|	3011	
3739	157	ok	|	0.14	1.00	1.00	0.15	0.03	0	|	rapi	0.14	0.15	0	|	78.0	0.15(78)	0.15(78)	|	3011	
3739	158	ok	|	0.17	1.00	1.00	0.18	0.03	0	|	rapi	0.17	0.18	0	|	78.0	0.18(78)	0.18(78)	|	3011	
3739	159	ok	|	0.16	1.00	1.00	0.18	0.03	0	|	rapi	0.16	0.18	0	|	78.0	0.18(78)	0.18(78)	|	3011	
3739	160	ok	|	0.17	1.00	1.00	0.19	0.03	0	|	rapi	0.17	0.19	0	|	78.0	0.19(78)	0.19(78)	|	3011	
3739	161	ok	|	0.17	1.00	1.00	0.19	0.03	0	|	rapi	0.17	0.19	0	|	78.0	0.19(78)	0.19(78)	|	3011	
3739	162	ok	|	0.21	1.00	1.00	0.23	0.04	0	|	rapi	0.21	0.23	0	|	78.0	0.23(78)	0.23(78)	|	3011	
3739	163	ok	|	0.21	1.00	1.00	0.23	0.04	0	|	rapi	0.21	0.23	0	|	78.0	0.23(78)	0.23(78)	|	3011	
3739	164	ok	|	0.22	1.00	1.00	0.24	0.04	0	|	rapi	0.22	0.24	0	|	78.0	0.24(78)	0.24(78)	|	3011	
3739	165	ok	|	0.21	1.00	1.00	0.23	0.04	0	|	rapi	0.21	0.23	0	|	78.0	0.23(78)	0.23(78)	|	3011	
3739	166	ok	|	0.19	1.00	1.00	0.20	0.03	0	|	rapi	0.19	0.20	0	|	78.0	0.20(78)	0.20(78)	|	3011	
3739	167	ok	|	0.18	1.00	1.00	0.20	0.03	0	|	rapi	0.18	0.20	0	|	78.0	0.20(78)	0.20(78)	|	3011	
3739	168	ok	|	0.19	1.00	1.00	0.20	0.03	0	|	rapi	0.19	0.20	0	|	78.0	0.20(78)	0.20(78)	|	3011	
3739	169	ok	|	0.20	1.00	1.00	0.22	0.04	0	|	rapi	0.20	0.22	0	|	78.0	0.22(78)	0.22(78)	|	3011	
3739	170	ok	|	0.19	1.00	1.00	0.21	0.03	0	|	rapi	0.19	0.21	0	|	78.0	0.21(78)	0.21(78)	|	3011	
3739	171	ok	|	0.20	1.00	1.00	0.21	0.04	0	|	rapi	0.20	0.21	0	|	78.0	0.21(78)	0.21(78)	|	3011	
3739	172	ok	|	0.20	1.00	1.00	0.22	0.04	0	|	rapi	0.20	0.22	0	|	78.0	0.22(78)	0.22(78)	|	3011	
3739	173	ok	|	0.20	1.00	1.00	0.22	0.04	0	|	rapi	0.20	0.22	0	|	78.0	0.22(78)	0.22(78)	|	3011	
3739	174	ok	|	0.18	1.00	1.00	0.20	0.03	0	|	rapi	0.18	0.20	0	|	78.0	0.20(78)	0.20(78)	|	3011	
3739	175	ok	|	0.21	1.00	1.00	0.22	0.04	0	|	rapi	0.21	0.22	0	|	78.0	0.22(78)	0.22(78)	|	3011	
3739	176	ok	|	0.19	1.00	1.00	0.20	0.03	0	|	rapi	0.19	0.20	0	|	78.0	0.20(78)	0.20(78)	|	3011	
3739	177	ok	|	0.18	1.00	1.00	0.19	0.03	0	|	rapi	0.18	0.19	0	|	78.0	0.19(78)	0.19(78)	|	3011	
3739	178	ok	|	0.20	1.00	1.00	0.21	0.03	0	|	rapi	0.20	0.21	0	|	78.0	0.21(78)	0.21(78)	|	3011	
3739	179	ok	|	0.16	1.00	1.00	0.17	0.03	0	|	rapi	0.16	0.17	0	|	78.0	0.17(78)	0.17(78)	|	3011	
3739	180	ok	|	0.17	1.00	1.00	0.18	0.03	0	|	rapi	0.17	0.18	0	|	78.0	0.18(78)	0.18(78)	|	3011	
3739	181	ok	|	0.18	1.00	1.00	0.19	0.03	0	|	rapi	0.18	0.19	0	|	78.0	0.19(78)	0.19(78)	|	3011	
3739	182	ok	|	0.18	1.00	1.00	0.21	0.03	0	|	rapi	0.18	0.21	0	|	78.0	0.21(78)	0.21(78)	|	3011	
3739	183	ok	|	0.19	1.00	1.00	0.21	0.03	0	|	rapi	0.19	0.21	0	|	78.0	0.21(78)	0.21(78)	|	3011	
3739	184	ok	|	0.19	1.00	1.00	0.21	0.03	0	|	rapi	0.19	0.21	0	|	78.0	0.21(78)	0.21(78)	|	3011	
3739	185	ok	|	0.17	1.00	1.00	0.19	0.03	0	|	rapi	0.17	0.19	0	|	78.0	0.19(78)	0.19(78)	|	3011	
3739	186	ok	|	0.19	1.00	1.00	0.21	0.03	0	|	rapi	0.19	0.21	0	|	78.0	0.21(78)	0.21(78)	|	3011	
3739	187	ok	|	0.18	1.00	1.00	0.20	0.03	0	|	rapi	0.18	0.20	0	|	78.0	0.20(78)	0.20(78)	|	3011	
3739	188	ok	|	0.18	1.00	1.00	0.20	0.03	0	|	rapi	0.18	0.20	0	|	78.0	0.20(78)	0.20(78)	|	3011	
3739	189	ok	|	0.17	1.00	1.00	0.18	0.03	0	|	rapi	0.17	0.18	0	|	78.0	0.18(78)	0.18(78)	|	3011	
3739	190	ok	|	0.17	1.00	1.00	0.19	0.03	0	|	rapi	0.17	0.19	0	|	78.0	0.19(78)	0.19(78)	|	3011	
3739	191	ok	|	0.15	1.00	1.00	0.17	0.04	0	|	rapi	0.15	0.17	0	|	78.0	0.17(78)	0.17(78)	|	3011	
3739	192	ok	|	0.15	1.00	1.00	0.16	0.04	0	|	rapi	0.15	0.16	0	|	78.0	0.16(78)	0.16(78)	|	3011	
3739	193	ok	|	0.13	1.00	1.00	0.14	0.04	0	|	rapi	0.13	0.14	0	|	78.0	0.14(78)	0.14(78)	|	3011	
3739	194	ok	|	0.14	1.00	1.00	0.14	0.04	0	|	rapi	0.14	0.14	0	|	78.0	0.14(78)	0.14(78)	|	3011	
3739	195	ok	|	0.14	1.00	1.00	0.14	0.04	0	|	rapi	0.14	0.14	0	|	78.0	0.14(78)	0.14(78)	|	3011	
3739	196	ok	|	0.13	1.00	1.00	0.14	0.03	0	|	rapi	0.13	0.14	0	|	78.0	0.14(78)	0.14(78)	|	3011	
3739	197	ok	|	0.13	1.00	1.00	0.14	0.03	0	|	rapi	0.13	0.14	0	|	78.0	0.14(78)	0.14(78)	|	3011	
3739	198	ok	|	0.14	1.00	1.00	0.14	0.04	0	|	rapi	0.14	0.14	0	|	78.0	0.14(78)	0.14(78)	|	3011	
3739	199	ok	|	0.14	1.00	1.00	0.15	0.04	0	|	rapi	0.14	0.15	0	|	78.0	0.15(78)	0.15(78)	|	3011	
3739	200	ok	|	0.16	1.00	1.00	0.17	0.04	0	|	rapi	0.16	0.17	0	|	78.0	0.17(78)	0.17(78)	|	3011	
3739	201	ok	|	0.18	1.00	1.00	0.18	0.05	0	|	rapi	0.18	0.18	0	|	78.0	0.18(78)	0.18(78)	|	3011	
3739	202	ok	|	0.19	1.00	1.00	0.20	0.05	0	|	rapi	0.19	0.20	0	|	78.0	0.20(78)	0.20(78)	|	3011	
3739	203	ok	|	0.17	1.00	1.00	0.18	0.04	0	|	rapi	0.17	0.18	0	|	78.0	0.18(78)	0.18(78)	|	3011	
3739	204	ok	|	0.17	1.00	1.00	0.18	0.04	0	|	rapi	0.17	0.18	0	|	78.0	0.18(78)	0.18(78)	|	3011	
3739	205	ok	|	0.18	1.00	1.00	0.19	0.05	0	|	rapi	0.18	0.19	0	|	78.0	0.19(78)	0.19(78)	|	3011	
3739	206	ok	|	0.19	1.00	1.00	0.21	0.05	0	|	rapi	0.19	0.21	0	|	78.0	0.21(78)	0.21(78)	|	3011	
3739	207	ok	|	0.19	1.00	1.00	0.20	0.05	0	|	rapi	0.19	0.20	0	|	78.0	0.20(78)	0.20(78)	|	3011	
3739	208	ok	|	0.18	1.00	1.00	0.20	0.05	0	|	rapi	0.18	0.20	0	|	78.0	0.20(78)	0.20(78)	|	3011	
3739	209	ok	|	0.19	1.00	1.00	0.20	0.05	0	|	rapi	0.19	0.20	0	|	78.0	0.20(78)	0.20(78)	|	3011	
3739	210	ok	|	0.19	1.00	1.00	0.20	0.05	0	|	rapi	0.19	0.20	0	|	78.0	0.20(78)	0.20(78)	|	3011	
3739	211	ok	|	0.17	1.00	1.00	0.18	0.04	0	|	rapi	0.17	0.18	0	|	78.0	0.18(78)	0.18(78)	|	3011	
3739	212	ok	|	0.17	1.00	1.00	0.18	0.04	0	|	rapi	0.17	0.18	0	|	78.0	0.18(78)	0.18(78)	|	3011	
3739	213	ok	|	0.17	1.00	1.00	0.18	0.04	0	|	rapi	0.17	0.18	0	|	78.0	0.18(78)	0.18(78)	|	3011	
3739	214	ok	|	0.16	1.00	1.00	0.17	0.04	0	|	rapi	0.16	0.17	0	|	78.0	0.17(78)	0.17(78)	|	3011	
3739	215	ok	|	0.16	1.00	1.00	0.17	0.04	0	|	rapi	0.16	0.17	0	|	78.0	0.17(78)	0.17(78)	|	3011	
3739	216	ok	|	0.16	1.00	1.00	0.17	0.04	0	|	rapi	0.16	0.17	0	|	78.0	0.17(78)	0.17(78)	|	3011	
3739	217	ok	|	0.16	1.00	1.00	0.16	0.04	0	|	rapi	0.16	0.16	0	|	78.0	0.16(78)	0.16(78)	|	3011	
3739	218	ok	|	0.17	1.00	1.00	0.18	0.05	0	|	rapi	0.17	0.18	0	|	78.0	0.18(78)	0.18(78)	|	3011	
3739	219	ok	|	0.19	1.00	1.00	0.21	0.05	0	|	rapi	0.19	0.21	0	|	78.0	0.21(78)	0.21(78)	|	3011	
3739	220	ok	|	0.19	1.00	1.00	0.21	0.05	0	|	rapi	0.19	0.21	0	|	78.0	0.21(78)	0.21(78)	|	3011	
3739	221	ok	|	0.20	1.00	1.00	0.22	0.05	0	|	rapi	0.20	0.22	0	|	78.0	0.22(78)	0.22(78)	|	3011	
3739	222	ok	|	0.20	1.00	1.00	0.22	0.05	0	|	rapi	0.20	0.22	0	|	78.0	0.22(78)	0.22(78)	|	3011	
3739	223	ok	|	0.19	1.00	1.00	0.21	0.05	0	|	rapi	0.19	0.21	0	|	78.0	0.21(78)	0.21(78)	|	3011	
3739	224	ok	|	0.21	1.00	1.00	0.23	0.06	0	|	rapi	0.21	0.23	0	|	78.0	0.23(78)	0.23(78)	|	3011	
3739	225	ok	|	0.21	1.00	1.00	0.23	0.06	0	|	rapi	0.21	0.23	0	|	78.0	0.23(78)	0.23(78)	|	3011	
3739	226	ok	|	0.20	1.00	1.00	0.22	0.05	0	|	rapi	0.20	0.22	0	|	78.0	0.22(78)	0.22(78)	|	3011	
3739	227	ok	|	0.20	1.00	1.00	0.22	0.06	0	|	rapi	0.20	0.22	0	|	78.0	0.22(78)	0.22(78)	|	3011	
3739	228	ok	|	0.22	1.00	1.00	0.23	0.06	0	|	rapi	0.22	0.23	0	|	78.0	0.23(78)	0.23(78)	|	3011	
3739	229	ok	|	0.23	1.00	1.00	0.25	0.06	0	|	rapi	0.23	0.25	0	|	78.0	0.25(78)	0.25(78)	|	3011	
3739	230	ok	|	0.24	1.00	1.00	0.26	0.06	0	|	rapi	0.24	0.26	0	|	78.0	0.26(78)	0.26(78)	|	3011	
3739	231	ok	|	0.24	1.00	1.00	0.26	0.07	0	|	rapi	0.24	0.26	0	|	78.0	0.26(78)	0.26(78)	|	3011	
3739	232	ok	|	0.22	1.00	1.00	0.25	0.06	0	|	rapi	0.22	0.25	0	|	78.0	0.25(78)	0.25(78)	|	3011	
3739	233	ok	|	0.23	1.00	1.00	0.24	0.06	0	|	rapi	0.23	0.24	0	|	78.0	0.24(78)	0.24(78)	|	3011	
3739	234	ok	|	0.23	1.00	1.00	0.25	0.06	0	|	rapi	0.23	0.25	0	|	78.0	0.25(78)	0.25(78)	|	3011	
3739	235	ok	|	0.22	1.00	1.00	0.24	0.06	0	|	rapi	0.22	0.24	0	|	78.0	0.24(78)	0.24(78)	|	3011	
3739	236	ok	|	0.20	1.00	1.00	0.23	0.06	0	|	rapi	0.20	0.23	0	|	78.0	0.23(78)	0.23(78)	|	3011	
3739	237	ok	|	0.21	1.00	1.00	0.22	0.05	0	|	rapi	0.21	0.22	0	|	78.0	0.22(78)	0.22(78)	|	3011	
3739	238	ok	|	0.19	1.00	1.00	0.21	0.05	0	|	rapi	0.19	0.21	0	|	78.0	0.21(78)	0.21(78)	|	3011	
3739	239	ok	|	0.18	1.00	1.00	0.19	0.05	0	|	rapi	0.18	0.19	0	|	78.0	0.19(78)	0.19(78)	|	3011	
3739	240	ok	|	0.19	1.00	1.00	0.20	0.05	0	|	rapi	0.19	0.20	0	|	78.0	0.20(78)	0.20(78)	|	3011	
3739	241	ok	|	0.20	1.00	1.00	0.21	0.05	0	|	rapi	0.20	0.21	0	|	78.0	0.21(78)	0.21(78)	|	3011	
3739	242	ok	|	0.20	1.00	1.00	0.21	0.05	0	|	rapi	0.20	0.21	0	|	78.0	0.21(78)	0.21(78)	|	3011	
3739	243	ok	|	0.19	1.00	1.00	0.21	0.05	0	|	rapi	0.19	0.21	0	|	78.0	0.21(78)	0.21(78)	|	3011	
3739	244	ok	|	0.19	1.00	1.00	0.20	0.05	0	|	rapi	0.19	0.20	0	|	78.0	0.20(78)	0.20(78)	|	3011	
3739	245	ok	|	0.19	1.00	1.00	0.21	0.05	0	|	rapi	0.19	0.21	0	|	78.0	0.21(78)	0.21(78)	|	3011	
3739	246	ok	|	0.21	1.00	1.00	0.22	0.05	0	|	rapi	0.21	0.22	0	|	78.0	0.22(78)	0.22(78)	|	3011	
3739	247	ok	|	0.18	1.00	1.00	0.19	0.05	0	|	rapi	0.18	0.19	0	|	78.0	0.19(78)	0.19(78)	|	3011	
3739	248	ok	|	0.17	1.00	1.00	0.18	0.04	0	|	rapi	0.17	0.18	0	|	78.0	0.18(78)	0.18(78)	|	3011	
3739	249	ok	|	0.17	1.00	1.00	0.18	0.05	0	|	rapi	0.17	0.18	0	|	78.0	0.18(78)	0.18(78)	|	3011	
3739	250	ok	|	0.17	1.00	1.00	0.18	0.04	0	|	rapi	0.17	0.18	0	|	78.0	0.18(78)	0.18(78)	|	3011	
3739	251	ok	|	0.19	1.00	1.00	0.21	0.05	0	|	rapi	0.19	0.21	0	|	78.0	0.21(78)	0.21(78)	|	3011	
3739	252	ok	|	0.20	1.00	1.00	0.21	0.05	0	|	rapi	0.20	0.21	0	|	78.0	0.21(78)	0.21(78)	|	3011	
3739	253	ok	|	0.20	1.00	1.00	0.22	0.06	0	|	rapi	0.20	0.22	0	|	78.0	0.22(78)	0.22(78)	|	3011	
3739	254	ok	|	0.22	1.00	1.00	0.24	0.06	0	|	rapi	0.22	0.24	0	|	78.0	0.24(78)	0.24(78)	|	3011	
3739	255	ok	|	0.20	1.00	1.00	0.20	0.05	0	|	rapi	0.20	0.20	0	|	78.0	0.20(78)	0.20(78)	|	3011	
3739	256	ok	|	0.18	1.00	1.00	0.20	0.05	0	|	rapi	0.18	0.20	0	|	78.0	0.20(78)	0.20(78)	|	3011	
3739	257	ok	|	0.20	1.00	1.00	0.22	0.05	0	|	rapi	0.20	0.22	0	|	78.0	0.22(78)	0.22(78)	|	3011	
3739	258	ok	|	0.22	1.00	1.00	0.23	0.06	0	|	rapi	0.22	0.23	0	|	78.0	0.23(78)	0.23(78)	|	3011	
3739	259	ok	|	0.23	1.00	1.00	0.24	0.06	0	|	rapi	0.23	0.24	0	|	78.0	0.24(78)	0.24(78)	|	3011	
3739	260	ok	|	0.23	1.00	1.00	0.24	0.06	0	|	rapi	0.23	0.24	0	|	78.0	0.24(78)	0.24(78)	|	3011	
3739	261	ok	|	0.22	1.00	1.00	0.23	0.06	0	|	rapi	0.22	0.23	0	|	78.0	0.23(78)	0.23(78)	|	3011	
3739	262	ok	|	0.22	1.00	1.00	0.23	0.06	0	|	rapi	0.22	0.23	0	|	78.0	0.23(78)	0.23(78)	|	3011	
3739	263	ok	|	0.23	1.00	1.00	0.25	0.06	0	|	rapi	0.23	0.25	0	|	78.0	0.25(78)	0.25(78)	|	3011	
3739	264	ok	|	0.22	1.00	1.00	0.24	0.06	0	|	rapi	0.22	0.24	0	|	78.0	0.24(78)	0.24(78)	|	3011	
3739	265	ok	|	0.23	1.00	1.00	0.25	0.06	0	|	rapi	0.23	0.25	0	|	78.0	0.25(78)	0.25(78)	|	3011	
3739	266	ok	|	0.23	1.00	1.00	0.25	0.06	0	|	rapi	0.23	0.25	0	|	78.0	0.25(78)	0.25(78)	|	3011	
3739	267	ok	|	0.25	1.00	1.00	0.27	0.07	0	|	rapi	0.25	0.27	0	|	78.0	0.27(78)	0.27(78)	|	3011	
3739	268	ok	|	0.24	1.00	1.00	0.25	0.06	0	|	rapi	0.24	0.25	0	|	78.0	0.25(78)	0.25(78)	|	3011	
3739	269	ok	|	0.25	1.00	1.00	0.26	0.06	0	|	rapi	0.25	0.26	0	|	78.0	0.26(78)	0.26(78)	|	3011	
3739	270	ok	|	0.23	1.00	1.00	0.25	0.06	0	|	rapi	0.23	0.25	0	|	78.0	0.25(78)	0.25(78)	|	3011	
3739	271	ok	|	0.23	1.00	1.00	0.24	0.06	0	|	rapi	0.23	0.24	0	|	78.0	0.24(78)	0.24(78)	|	3011	
3739	272	ok	|	0.23	1.00	1.00	0.24	0.06	0	|	rapi	0.23	0.24	0	|	78.0	0.24(78)	0.24(78)	|	3011	
3739	273	ok	|	0.24	1.00	1.00	0.25	0.06	0	|	rapi	0.24	0.25	0	|	78.0	0.25(78)	0.25(78)	|	3011	
3739	274	ok	|	0.24	1.00	1.00	0.26	0.07	0	|	rapi	0.24	0.26	0	|	78.0	0.26(78)	0.26(78)	|	3011	
3739	275	ok	|	0.25	1.00	1.00	0.27	0.07	0	|	rapi	0.25	0.27	0	|	78.0	0.27(78)	0.27(78)	|	3011	
3739	276	ok	|	0.26	1.00	1.00	0.29	0.07	0	|	rapi	0.26	0.29	0	|	78.0	0.29(78)	0.29(78)	|	3011	
3739	277	ok	|	0.27	1.00	1.00	0.29	0.07	0	|	rapi	0.27	0.29	0	|	78.0	0.29(78)	0.29(78)	|	3011	
3739	278	ok	|	0.28	1.00	1.00	0.30	0.08	0	|	rapi	0.28	0.30	0	|	78.0	0.30(78)	0.30(78)	|	3011	
3739	279	ok	|	0.31	1.00	1.00	0.34	0.08	0	|	rapi	0.31	0.34	0	|	78.0	0.34(78)	0.34(78)	|	3011	
3739	280	ok	|	0.30	1.00	1.00	0.33	0.08	0	|	rapi	0.30	0.33	0	|	78.0	0.33(78)	0.33(78)	|	3011	
3739	281	ok	|	0.29	1.00	1.00	0.32	0.08	0	|	rapi	0.29	0.32	0	|	78.0	0.32(78)	0.32(78)	|	3011	
3739	282	ok	|	0.28	1.00	1.00	0.31	0.08	0	|	rapi	0.28	0.31	0	|	78.0	0.31(78)	0.31(78)	|	3011	
3739	283	ok	|	0.28	1.00	1.00	0.30	0.08	0	|	rapi	0.28	0.30	0	|	78.0	0.30(78)	0.30(78)	|	3011	
3739	284	ok	|	0.30	1.00	1.00	0.33	0.08	0	|	rapi	0.30	0.33	0	|	78.0	0.33(78)	0.33(78)	|	3011	
3739	285	ok	|	0.29	1.00	1.00	0.31	0.08	0	|	rapi	0.29	0.31	0	|	78.0	0.31(78)	0.31(78)	|	3011	
3739	286	ok	|	0.30	1.00	1.00	0.32	0.08	0	|	rapi	0.30	0.32	0	|	78.0	0.32(78)	0.32(78)	|	3011	
3739	287	ok	|	0.28	1.00	1.00	0.31	0.08	0	|	rapi	0.28	0.31	0	|	78.0	0.31(78)	0.31(78)	|	3011	
3739	288	ok	|	0.24	1.00	1.00	0.26	0.07	0	|	rapi	0.24	0.26	0	|	78.0	0.26(78)	0.26(78)	|	3011	
3739	289	ok	|	0.23	1.00	1.00	0.25	0.06	0	|	rapi	0.23	0.25	0	|	78.0	0.25(78)	0.25(78)	|	3011	
3739	290	ok	|	0.21	1.00	1.00	0.23	0.06	0	|	rapi	0.21	0.23	0	|	78.0	0.23(78)	0.23(78)	|	3011	
3739	291	ok	|	0.22	1.00	1.00	0.23	0.06	0	|	rapi	0.22	0.23	0	|	78.0	0.23(78)	0.23(78)	|	3011	
3739	292	ok	|	0.21	1.00	1.00	0.23	0.06	0	|	rapi	0.21	0.23	0	|	78.0	0.23(78)	0.23(78)	|	3011	
3739	293	ok	|	0.21	1.00	1.00	0.22	0.06	0	|	rapi	0.21	0.22	0	|	78.0	0.22(78)	0.22(78)	|	3011	
3739	294	ok	|	0.20	1.00	1.00	0.22	0.05	0	|	rapi	0.20	0.22	0	|	78.0	0.22(78)	0.22(78)	|	3011	
3739	295	ok	|	0.20	1.00	1.00	0.22	0.06	0	|	rapi	0.20	0.22	0	|	78.0	0.22(78)	0.22(78)	|	3011	
3739	296	ok	|	0.17	1.00	1.00	0.18	0.04	0	|	rapi	0.17	0.18	0	|	78.0	0.18(78)	0.18(78)	|	3011	
3739	297	ok	|	0.17	1.00	1.00	0.18	0.04	0	|	rapi	0.17	0.18	0	|	78.0	0.18(78)	0.18(78)	|	3011	
3739	298	ok	|	0.16	1.00	1.00	0.16	0.04	0	|	rapi	0.16	0.16	0	|	78.0	0.16(78)	0.16(78)	|	3011	
3739	299	ok	|	0.18	1.00	1.00	0.19	0.05	0	|	rapi	0.18	0.19	0	|	78.0	0.19(78)	0.19(78)	|	3011	
3739	300	ok	|	0.19	1.00	1.00	0.20	0.05	0	|	rapi	0.19	0.20	0	|	78.0	0.20(78)	0.20(78)	|	3011	
3739	301	ok	|	0.19	1.00	1.00	0.20	0.05	0	|	rapi	0.19	0.20	0	|	78.0	0.20(78)	0.20(78)	|	3011	
3739	302	ok	|	0.20	1.00	1.00	0.21	0.05	0	|	rapi	0.20	0.21	0	|	78.0	0.21(78)	0.21(78)	|	3011	
3739	303	ok	|	0.23	1.00	1.00	0.23	0.06	0	|	rapi	0.23	0.23	0	|	78.0	0.23(78)	0.23(78)	|	3011	
3739	304	ok	|	0.20	1.00	1.00	0.21	0.05	0	|	rapi	0.20	0.21	0	|	78.0	0.21(78)	0.21(78)	|	3011	
3739	305	ok	|	0.21	1.00	1.00	0.21	0.05	0	|	rapi	0.21	0.21	0	|	78.0	0.21(78)	0.21(78)	|	3011	
3739	306	ok	|	0.19	1.00	1.00	0.21	0.10	0	|	rapi	0.19	0.21	0	|	78.0	0.21(78)	0.21(78)	|	3011	
3739	307	ok	|	0.21	1.00	1.00	0.22	0.11	0	|	rapi	0.21	0.22	0	|	78.0	0.22(78)	0.22(78)	|	3011	
3739	308	ok	|	0.18	1.00	1.00	0.20	0.10	0	|	rapi	0.18	0.20	0	|	78.0	0.20(78)	0.20(78)	|	3011	
3739	309	ok	|	0.19	1.00	1.00	0.20	0.10	0	|	rapi	0.19	0.20	0	|	78.0	0.20(78)	0.20(78)	|	3011	
3739	310	ok	|	0.19	1.00	1.00	0.19	0.10	0	|	rapi	0.19	0.19	0	|	78.0	0.19(78)	0.19(78)	|	3011	
3739	311	ok	|	0.20	1.00	1.00	0.21	0.11	0	|	rapi	0.20	0.21	0	|	78.0	0.21(78)	0.21(78)	|	3011	
3739	312	ok	|	0.20	1.00	1.00	0.21	0.11	0	|	rapi	0.20	0.21	0	|	78.0	0.21(78)	0.21(78)	|	3011	
3739	313	ok	|	0.20	1.00	1.00	0.21	0.10	0	|	rapi	0.20	0.21	0	|	78.0	0.21(78)	0.21(78)	|	3011	
3739	314	ok	|	0.19	1.00	1.00	0.20	0.10	0	|	rapi	0.19	0.20	0	|	78.0	0.20(78)	0.20(78)	|	3011	
3739	315	ok	|	0.20	1.00	1.00	0.20	0.10	0	|	rapi	0.20	0.20	0	|	78.0	0.20(78)	0.20(78)	|	3011	
3739	316	ok	|	0.18	1.00	1.00	0.19	0.09	0	|	rapi	0.18	0.19	0	|	78.0	0.19(78)	0.19(78)	|	3011	
3739	317	ok	|	0.19	1.00	1.00	0.20	0.10	0	|	rapi	0.19	0.20	0	|	78.0	0.20(78)	0.20(78)	|	3011	
3739	318	ok	|	0.20	1.00	1.00	0.21	0.10	0	|	rapi	0.20	0.21	0	|	78.0	0.21(78)	0.21(78)	|	3011	
3739	319	ok	|	0.21	1.00	1.00	0.23	0.12	0	|	rapi	0.21	0.23	0	|	78.0	0.23(78)	0.23(78)	|	3011	
3739	320	ok	|	0.25	1.00	1.00	0.27	0.13	0	|	rapi	0.25	0.27	0	|	78.0	0.27(78)	0.27(78)	|	3011	
3739	321	ok	|	0.24	1.00	1.00	0.26	0.13	0	|	rapi	0.24	0.26	0	|	78.0	0.26(78)	0.26(78)	|	3011	
3739	322	ok	|	0.26	1.00	1.00	0.28	0.14	0	|	rapi	0.26	0.28	0	|	78.0	0.28(78)	0.28(78)	|	3011	
3739	323	ok	|	0.27	1.00	1.00	0.29	0.14	0	|	rapi	0.27	0.29	0	|	78.0	0.29(78)	0.29(78)	|	3011	
3739	324	ok	|	0.27	1.00	1.00	0.28	0.14	0	|	rapi	0.27	0.28	0	|	78.0	0.28(78)	0.28(78)	|	3011	
3739	325	ok	|	0.25	1.00	1.00	0.27	0.14	0	|	rapi	0.25	0.27	0	|	78.0	0.27(78)	0.27(78)	|	3011	
3739	326	ok	|	0.29	1.00	1.00	0.31	0.15	0	|	rapi	0.29	0.31	0	|	78.0	0.31(78)	0.31(78)	|	3011	
3739	327	ok	|	0.27	1.00	1.00	0.29	0.15	0	|	rapi	0.27	0.29	0	|	78.0	0.29(78)	0.29(78)	|	3011	
3739	328	ok	|	0.27	1.00	1.00	0.29	0.14	0	|	rapi	0.27	0.29	0	|	78.0	0.29(78)	0.29(78)	|	3011	
3739	329	ok	|	0.27	1.00	1.00	0.29	0.14	0	|	rapi	0.27	0.29	0	|	78.0	0.29(78)	0.29(78)	|	3011	
3739	330	ok	|	0.29	1.00	1.00	0.31	0.15	0	|	rapi	0.29	0.31	0	|	78.0	0.31(78)	0.31(78)	|	3011	
3739	331	ok	|	0.27	1.00	1.00	0.29	0.14	0	|	rapi	0.27	0.29	0	|	78.0	0.29(78)	0.29(78)	|	3011	
3739	332	ok	|	0.28	1.00	1.00	0.30	0.15	0	|	rapi	0.28	0.30	0	|	78.0	0.30(78)	0.30(78)	|	3011	
3739	333	ok	|	0.27	1.00	1.00	0.30	0.15	0	|	rapi	0.27	0.30	0	|	78.0	0.30(78)	0.30(78)	|	3011	
3739	334	ok	|	0.23	1.00	1.00	0.25	0.13	0	|	rapi	0.23	0.25	0	|	78.0	0.25(78)	0.25(78)	|	3011	
3739	335	ok	|	0.26	1.00	1.00	0.27	0.14	0	|	rapi	0.26	0.27	0	|	78.0	0.27(78)	0.27(78)	|	3011	
3739	336	ok	|	0.26	1.00	1.00	0.27	0.14	0	|	rapi	0.26	0.27	0	|	78.0	0.27(78)	0.27(78)	|	3011	
3739	337	ok	|	0.26	1.00	1.00	0.29	0.14	0	|	rapi	0.26	0.29	0	|	78.0	0.29(78)	0.29(78)	|	3011	
3739	338	ok	|	0.25	1.00	1.00	0.28	0.14	0	|	rapi	0.25	0.28	0	|	78.0	0.28(78)	0.28(78)	|	3011	
3739	339	ok	|	0.26	1.00	1.00	0.28	0.14	0	|	rapi	0.26	0.28	0	|	78.0	0.28(78)	0.28(78)	|	3011	
3739	340	ok	|	0.26	1.00	1.00	0.27	0.14	0	|	rapi	0.26	0.27	0	|	78.0	0.27(78)	0.27(78)	|	3011	
3739	341	ok	|	0.25	1.00	1.00	0.27	0.14	0	|	rapi	0.25	0.27	0	|	78.0	0.27(78)	0.27(78)	|	3011	
3739	342	ok	|	0.26	1.00	1.00	0.27	0.13	0	|	rapi	0.26	0.27	0	|	78.0	0.27(78)	0.27(78)	|	3011	
3739	343	ok	|	0.27	1.00	1.00	0.30	0.15	0	|	rapi	0.27	0.30	0	|	78.0	0.30(78)	0.30(78)	|	3011	
3739	344	ok	|	0.28	1.00	1.00	0.31	0.15	0	|	rapi	0.28	0.31	0	|	78.0	0.31(78)	0.31(78)	|	3011	
3739	345	ok	|	0.28	1.00	1.00	0.30	0.15	0	|	rapi	0.28	0.30	0	|	78.0	0.30(78)	0.30(78)	|	3011	
3739	346	ok	|	0.29	1.00	1.00	0.31	0.16	0	|	rapi	0.29	0.31	0	|	78.0	0.31(78)	0.31(78)	|	3011	
3739	347	ok	|	0.28	1.00	1.00	0.31	0.15	0	|	rapi	0.28	0.31	0	|	78.0	0.31(78)	0.31(78)	|	3011	
3739	348	ok	|	0.29	1.00	1.00	0.31	0.16	0	|	rapi	0.29	0.31	0	|	78.0	0.31(78)	0.31(78)	|	3011	
3739	349	ok	|	0.28	1.00	1.00	0.31	0.15	0	|	rapi	0.28	0.31	0	|	78.0	0.31(78)	0.31(78)	|	3011	
3739	350	ok	|	0.29	1.00	1.00	0.32	0.16	0	|	rapi	0.29	0.32	0	|	78.0	0.32(78)	0.32(78)	|	3011	
3739	351	ok	|	0.32	1.00	1.00	0.35	0.17	0	|	rapi	0.32	0.35	0	|	78.0	0.35(78)	0.35(78)	|	3011	
3739	352	ok	|	0.32	1.00	1.00	0.35	0.18	0	|	rapi	0.32	0.35	0	|	78.0	0.35(78)	0.35(78)	|	3011	
3739	353	ok	|	0.31	1.00	1.00	0.33	0.17	0	|	rapi	0.31	0.33	0	|	78.0	0.33(78)	0.33(78)	|	3011	
3739	354	ok	|	0.32	1.00	1.00	0.35	0.18	0	|	rapi	0.32	0.35	0	|	78.0	0.35(78)	0.35(78)	|	3011	
3739	355	ok	|	0.33	1.00	1.00	0.36	0.18	0	|	rapi	0.33	0.36	0	|	78.0	0.36(78)	0.36(78)	|	3011	
3739	356	ok	|	0.31	1.00	1.00	0.33	0.17	0	|	rapi	0.31	0.33	0	|	78.0	0.33(78)	0.33(78)	|	3011	
3739	357	ok	|	0.29	1.00	1.00	0.32	0.16	0	|	rapi	0.29	0.32	0	|	78.0	0.32(78)	0.32(78)	|	3011	
3739	358	ok	|	0.29	1.00	1.00	0.32	0.16	0	|	rapi	0.29	0.32	0	|	78.0	0.32(78)	0.32(78)	|	3011	
3739	359	ok	|	0.28	1.00	1.00	0.30	0.15	0	|	rapi	0.28	0.30	0	|	78.0	0.30(78)	0.30(78)	|	3011	
3739	360	ok	|	0.28	1.00	1.00	0.30	0.15	0	|	rapi	0.28	0.30	0	|	78.0	0.30(78)	0.30(78)	|	3011	
3739	361	ok	|	0.30	1.00	1.00	0.32	0.16	0	|	rapi	0.30	0.32	0	|	78.0	0.32(78)	0.32(78)	|	3011	
3739	362	ok	|	0.29	1.00	1.00	0.31	0.16	0	|	rapi	0.29	0.31	0	|	78.0	0.31(78)	0.31(78)	|	3011	
3739	363	ok	|	0.28	1.00	1.00	0.30	0.15	0	|	rapi	0.28	0.30	0	|	78.0	0.30(78)	0.30(78)	|	3011	
3739	364	ok	|	0.28	1.00	1.00	0.31	0.15	0	|	rapi	0.28	0.31	0	|	78.0	0.31(78)	0.31(78)	|	3011	
3739	365	ok	|	0.26	1.00	1.00	0.28	0.14	0	|	rapi	0.26	0.28	0	|	78.0	0.28(78)	0.28(78)	|	3011	
3739	366	ok	|	0.27	1.00	1.00	0.29	0.15	0	|	rapi	0.27	0.29	0	|	78.0	0.29(78)	0.29(78)	|	3011	
3739	367	ok	|	0.27	1.00	1.00	0.30	0.15	0	|	rapi	0.27	0.30	0	|	78.0	0.30(78)	0.30(78)	|	3011	
3739	368	ok	|	0.26	1.00	1.00	0.28	0.14	0	|	rapi	0.26	0.28	0	|	78.0	0.28(78)	0.28(78)	|	3011	
3739	369	ok	|	0.28	1.00	1.00	0.29	0.15	0	|	rapi	0.28	0.29	0	|	78.0	0.29(78)	0.29(78)	|	3011	
3739	370	ok	|	0.26	1.00	1.00	0.28	0.14	0	|	rapi	0.26	0.28	0	|	78.0	0.28(78)	0.28(78)	|	3011	
3739	371	ok	|	0.25	1.00	1.00	0.26	0.13	0	|	rapi	0.25	0.26	0	|	78.0	0.26(78)	0.26(78)	|	3011	
3739	372	ok	|	0.25	1.00	1.00	0.27	0.13	0	|	rapi	0.25	0.27	0	|	78.0	0.27(78)	0.27(78)	|	3011	
3739	373	ok	|	0.25	1.00	1.00	0.28	0.14	0	|	rapi	0.25	0.28	0	|	78.0	0.28(78)	0.28(78)	|	3011	
3739	374	ok	|	0.28	1.00	1.00	0.30	0.15	0	|	rapi	0.28	0.30	0	|	78.0	0.30(78)	0.30(78)	|	3011	
3739	375	ok	|	0.25	1.00	1.00	0.27	0.13	0	|	rapi	0.25	0.27	0	|	78.0	0.27(78)	0.27(78)	|	3011	
3739	376	ok	|	0.27	1.00	1.00	0.28	0.14	0	|	rapi	0.27	0.28	0	|	78.0	0.28(78)	0.28(78)	|	3011	
3739	377	ok	|	0.30	1.00	1.00	0.32	0.16	0	|	rapi	0.30	0.32	0	|	78.0	0.32(78)	0.32(78)	|	3011	
3739	378	ok	|	0.30	1.00	1.00	0.33	0.17	0	|	rapi	0.30	0.33	0	|	78.0	0.33(78)	0.33(78)	|	3011	
3739	379	ok	|	0.29	1.00	1.00	0.32	0.16	0	|	rapi	0.29	0.32	0	|	78.0	0.32(78)	0.32(78)	|	3011	
3739	380	ok	|	0.29	1.00	1.00	0.32	0.16	0	|	rapi	0.29	0.32	0	|	78.0	0.32(78)	0.32(78)	|	3011	
3739	381	ok	|	0.29	1.00	1.00	0.32	0.16	0	|	rapi	0.29	0.32	0	|	78.0	0.32(78)	0.32(78)	|	3011	
3739	382	ok	|	0.29	1.00	1.00	0.31	0.15	0	|	rapi	0.29	0.31	0	|	78.0	0.31(78)	0.31(78)	|	3011	
3739	383	ok	|	0.28	1.00	1.00	0.32	0.16	0	|	rapi	0.28	0.32	0	|	78.0	0.32(78)	0.32(78)	|	3011	
3739	384	ok	|	0.27	1.00	1.00	0.28	0.14	0	|	rapi	0.27	0.28	0	|	78.0	0.28(78)	0.28(78)	|	3011	
3739	385	ok	|	0.24	1.00	1.00	0.26	0.13	0	|	rapi	0.24	0.26	0	|	78.0	0.26(78)	0.26(78)	|	3011	
3739	386	ok	|	0.25	1.00	1.00	0.27	0.14	0	|	rapi	0.25	0.27	0	|	78.0	0.27(78)	0.27(78)	|	3011	
3739	387	ok	|	0.27	1.00	1.00	0.29	0.15	0	|	rapi	0.27	0.29	0	|	78.0	0.29(78)	0.29(78)	|	3011	
3739	388	ok	|	0.27	1.00	1.00	0.29	0.15	0	|	rapi	0.27	0.29	0	|	78.0	0.29(78)	0.29(78)	|	3011	
3739	389	ok	|	0.28	1.00	1.00	0.30	0.15	0	|	rapi	0.28	0.30	0	|	78.0	0.30(78)	0.30(78)	|	3011	
3739	390	ok	|	0.26	1.00	1.00	0.28	0.14	0	|	rapi	0.26	0.28	0	|	78.0	0.28(78)	0.28(78)	|	3011	
3739	391	ok	|	0.25	1.00	1.00	0.27	0.13	0	|	rapi	0.25	0.27	0	|	78.0	0.27(78)	0.27(78)	|	3011	
3739	392	ok	|	0.28	1.00	1.00	0.31	0.15	0	|	rapi	0.28	0.31	0	|	78.0	0.31(78)	0.31(78)	|	3011	
3739	393	ok	|	0.27	1.00	1.00	0.29	0.15	0	|	rapi	0.27	0.29	0	|	78.0	0.29(78)	0.29(78)	|	3011	
3739	394	ok	|	0.26	1.00	1.00	0.28	0.14	0	|	rapi	0.26	0.28	0	|	78.0	0.28(78)	0.28(78)	|	3011	
3739	395	ok	|	0.26	1.00	1.00	0.28	0.14	0	|	rapi	0.26	0.28	0	|	78.0	0.28(78)	0.28(78)	|	3011	
3739	396	ok	|	0.29	1.00	1.00	0.31	0.15	0	|	rapi	0.29	0.31	0	|	78.0	0.31(78)	0.31(78)	|	3011	
3739	397	ok	|	0.29	1.00	1.00	0.32	0.16	0	|	rapi	0.29	0.32	0	|	78.0	0.32(78)	0.32(78)	|	3011	
3739	398	ok	|	0.29	1.00	1.00	0.33	0.16	0	|	rapi	0.29	0.33	0	|	78.0	0.33(78)	0.33(78)	|	3011	
3739	399	ok	|	0.31	1.00	1.00	0.33	0.17	0	|	rapi	0.31	0.33	0	|	78.0	0.33(78)	0.33(78)	|	3011	
3739	400	ok	|	0.29	1.00	1.00	0.33	0.16	0	|	rapi	0.29	0.33	0	|	78.0	0.33(78)	0.33(78)	|	3011	
3739	401	ok	|	0.31	1.00	1.00	0.34	0.17	0	|	rapi	0.31	0.34	0	|	78.0	0.34(78)	0.34(78)	|	3011	
3739	402	ok	|	0.31	1.00	1.00	0.33	0.16	0	|	rapi	0.31	0.33	0	|	78.0	0.33(78)	0.33(78)	|	3011	
3739	403	ok	|	0.30	1.00	1.00	0.34	0.17	0	|	rapi	0.30	0.34	0	|	78.0	0.34(78)	0.34(78)	|	3011	
3739	404	ok	|	0.29	1.00	1.00	0.31	0.16	0	|	rapi	0.29	0.31	0	|	78.0	0.31(78)	0.31(78)	|	3011	
3739	405	ok	|	0.30	1.00	1.00	0.33	0.16	0	|	rapi	0.30	0.33	0	|	78.0	0.33(78)	0.33(78)	|	3011	
3739	406	ok	|	0.30	1.00	1.00	0.33	0.17	0	|	rapi	0.30	0.33	0	|	78.0	0.33(78)	0.33(78)	|	3011	
3739	407	ok	|	0.30	1.00	1.00	0.33	0.17	0	|	rapi	0.30	0.33	0	|	78.0	0.33(78)	0.33(78)	|	3011	
3739	408	ok	|	0.32	1.00	1.00	0.35	0.18	0	|	rapi	0.32	0.35	0	|	78.0	0.35(78)	0.35(78)	|	3011	
3739	409	ok	|	0.33	1.00	1.00	0.37	0.18	0	|	rapi	0.33	0.37	0	|	78.0	0.37(78)	0.37(78)	|	3011	
3739	410	ok	|	0.31	1.00	1.00	0.34	0.17	0	|	rapi	0.31	0.34	0	|	78.0	0.34(78)	0.34(78)	|	3011	
3739	411	ok	|	0.32	1.00	1.00	0.35	0.17	0	|	rapi	0.32	0.35	0	|	78.0	0.35(78)	0.35(78)	|	3011	
3739	412	ok	|	0.32	1.00	1.00	0.35	0.17	0	|	rapi	0.32	0.35	0	|	78.0	0.35(78)	0.35(78)	|	3011	
3739	413	ok	|	0.31	1.00	1.00	0.34	0.17	0	|	rapi	0.31	0.34	0	|	78.0	0.34(78)	0.34(78)	|	3011	
3739	414	ok	|	0.31	1.00	1.00	0.34	0.17	0	|	rapi	0.31	0.34	0	|	78.0	0.34(78)	0.34(78)	|	3011	
3739	415	ok	|	0.30	1.00	1.00	0.32	0.16	0	|	rapi	0.30	0.32	0	|	78.0	0.32(78)	0.32(78)	|	3011	
3739	416	ok	|	0.30	1.00	1.00	0.33	0.16	0	|	rapi	0.30	0.33	0	|	78.0	0.33(78)	0.33(78)	|	3011	
3739	417	ok	|	0.29	1.00	1.00	0.31	0.16	0	|	rapi	0.29	0.31	0	|	78.0	0.31(78)	0.31(78)	|	3011	
3739	418	ok	|	0.29	1.00	1.00	0.31	0.15	0	|	rapi	0.29	0.31	0	|	78.0	0.31(78)	0.31(78)	|	3011	
3739	419	ok	|	0.29	1.00	1.00	0.32	0.16	0	|	rapi	0.29	0.32	0	|	78.0	0.32(78)	0.32(78)	|	3011	
3739	420	ok	|	0.31	1.00	1.00	0.34	0.17	0	|	rapi	0.31	0.34	0	|	78.0	0.34(78)	0.34(78)	|	3011	
3739	421	ok	|	0.29	1.00	1.00	0.31	0.15	0	|	rapi	0.29	0.31	0	|	78.0	0.31(78)	0.31(78)	|	3011	
3739	422	ok	|	0.28	1.00	1.00	0.30	0.15	0	|	rapi	0.28	0.30	0	|	78.0	0.30(78)	0.30(78)	|	3011	
3739	423	ok	|	0.28	1.00	1.00	0.29	0.15	0	|	rapi	0.28	0.29	0	|	78.0	0.29(78)	0.29(78)	|	3011	
3739	424	ok	|	0.30	1.00	1.00	0.33	0.17	0	|	rapi	0.30	0.33	0	|	78.0	0.33(78)	0.33(78)	|	3011	
3739	425	ok	|	0.29	1.00	1.00	0.31	0.16	0	|	rapi	0.29	0.31	0	|	78.0	0.31(78)	0.31(78)	|	3011	
3739	426	ok	|	0.29	1.00	1.00	0.31	0.16	0	|	rapi	0.29	0.31	0	|	78.0	0.31(78)	0.31(78)	|	3011	
3739	427	ok	|	0.29	1.00	1.00	0.32	0.16	0	|	rapi	0.29	0.32	0	|	78.0	0.32(78)	0.32(78)	|	3011	
3739	428	ok	|	0.28	1.00	1.00	0.31	0.15	0	|	rapi	0.28	0.31	0	|	78.0	0.31(78)	0.31(78)	|	3011	
3739	429	ok	|	0.30	1.00	1.00	0.32	0.16	0	|	rapi	0.30	0.32	0	|	78.0	0.32(78)	0.32(78)	|	3011	
3739	430	ok	|	0.27	1.00	1.00	0.29	0.15	0	|	rapi	0.27	0.29	0	|	78.0	0.29(78)	0.29(78)	|	3011	
3739	431	ok	|	0.28	1.00	1.00	0.31	0.15	0	|	rapi	0.28	0.31	0	|	78.0	0.31(78)	0.31(78)	|	3011	
3739	432	ok	|	0.26	1.00	1.00	0.28	0.14	0	|	rapi	0.26	0.28	0	|	78.0	0.28(78)	0.28(78)	|	3011	
3739	433	ok	|	0.25	1.00	1.00	0.27	0.14	0	|	rapi	0.25	0.27	0	|	78.0	0.27(78)	0.27(78)	|	3011	
3739	434	ok	|	0.25	1.00	1.00	0.27	0.14	0	|	rapi	0.25	0.27	0	|	78.0	0.27(78)	0.27(78)	|	3011	
3739	435	ok	|	0.28	1.00	1.00	0.30	0.15	0	|	rapi	0.28	0.30	0	|	78.0	0.30(78)	0.30(78)	|	3011	
3739	436	ok	|	0.26	1.00	1.00	0.29	0.14	0	|	rapi	0.26	0.29	0	|	78.0	0.29(78)	0.29(78)	|	3011	
3739	437	ok	|	0.26	1.00	1.00	0.28	0.14	0	|	rapi	0.26	0.28	0	|	78.0	0.28(78)	0.28(78)	|	3011	
3739	438	ok	|	0.27	1.00	1.00	0.29	0.15	0	|	rapi	0.27	0.29	0	|	78.0	0.29(78)	0.29(78)	|	3011	
3739	439	ok	|	0.27	1.00	1.00	0.30	0.15	0	|	rapi	0.27	0.30	0	|	78.0	0.30(78)	0.30(78)	|	3011	
3739	440	ok	|	0.26	1.00	1.00	0.28	0.14	0	|	rapi	0.26	0.28	0	|	78.0	0.28(78)	0.28(78)	|	3011	
3739	441	ok	|	0.26	1.00	1.00	0.28	0.14	0	|	rapi	0.26	0.28	0	|	78.0	0.28(78)	0.28(78)	|	3011	
3739	442	ok	|	0.26	1.00	1.00	0.28	0.14	0	|	rapi	0.26	0.28	0	|	78.0	0.28(78)	0.28(78)	|	3011	
3739	443	ok	|	0.25	1.00	1.00	0.27	0.14	0	|	rapi	0.25	0.27	0	|	78.0	0.27(78)	0.27(78)	|	3011	
3739	444	ok	|	0.25	1.00	1.00	0.26	0.13	0	|	rapi	0.25	0.26	0	|	78.0	0.26(78)	0.26(78)	|	3011	
3739	445	ok	|	0.25	1.00	1.00	0.27	0.13	0	|	rapi	0.25	0.27	0	|	78.0	0.27(78)	0.27(78)	|	3011	
3739	446	ok	|	0.26	1.00	1.00	0.28	0.14	0	|	rapi	0.26	0.28	0	|	78.0	0.28(78)	0.28(78)	|	3011	
3739	447	ok	|	0.26	1.00	1.00	0.28	0.14	0	|	rapi	0.26	0.28	0	|	78.0	0.28(78)	0.28(78)	|	3011	
3739	448	ok	|	0.23	1.00	1.00	0.25	0.12	0	|	rapi	0.23	0.25	0	|	78.0	0.25(78)	0.25(78)	|	3011	
3739	449	ok	|	0.25	1.00	1.00	0.27	0.14	0	|	rapi	0.25	0.27	0	|	78.0	0.27(78)	0.27(78)	|	3011	
3739	450	ok	|	0.29	1.00	1.00	0.31	0.16	0	|	rapi	0.29	0.31	0	|	78.0	0.31(78)	0.31(78)	|	3011	
3739	451	ok	|	0.29	1.00	1.00	0.31	0.16	0	|	rapi	0.29	0.31	0	|	78.0	0.31(78)	0.31(78)	|	3011	
3739	452	ok	|	0.29	1.00	1.00	0.32	0.16	0	|	rapi	0.29	0.32	0	|	78.0	0.32(78)	0.32(78)	|	3011	
3739	453	ok	|	0.29	1.00	1.00	0.31	0.15	0	|	rapi	0.29	0.31	0	|	78.0	0.31(78)	0.31(78)	|	3011	
3739	454	ok	|	0.28	1.00	1.00	0.31	0.16	0	|	rapi	0.28	0.31	0	|	78.0	0.31(78)	0.31(78)	|	3011	
3739	455	ok	|	0.27	1.00	1.00	0.29	0.14	0	|	rapi	0.27	0.29	0	|	78.0	0.29(78)	0.29(78)	|	3011	
3739	456	ok	|	0.28	1.00	1.00	0.29	0.15	0	|	rapi	0.28	0.29	0	|	78.0	0.29(78)	0.29(78)	|	3011	
3739	457	ok	|	0.28	1.00	1.00	0.31	0.15	0	|	rapi	0.28	0.31	0	|	78.0	0.31(78)	0.31(78)	|	3011	
3739	458	ok	|	0.27	1.00	1.00	0.29	0.14	0	|	rapi	0.27	0.29	0	|	78.0	0.29(78)	0.29(78)	|	3011	
3739	459	ok	|	0.28	1.00	1.00	0.30	0.15	0	|	rapi	0.28	0.30	0	|	78.0	0.30(78)	0.30(78)	|	3011	
3739	460	ok	|	0.29	1.00	1.00	0.32	0.16	0	|	rapi	0.29	0.32	0	|	78.0	0.32(78)	0.32(78)	|	3011	
3739	461	ok	|	0.31	1.00	1.00	0.34	0.17	0	|	rapi	0.31	0.34	0	|	78.0	0.34(78)	0.34(78)	|	3011	
3739	462	ok	|	0.27	1.00	1.00	0.29	0.15	0	|	rapi	0.27	0.29	0	|	78.0	0.29(78)	0.29(78)	|	3011	
3739	463	ok	|	0.24	1.00	1.00	0.27	0.13	0	|	rapi	0.24	0.27	0	|	78.0	0.27(78)	0.27(78)	|	3011	
3739	464	ok	|	0.28	1.00	1.00	0.30	0.15	0	|	rapi	0.28	0.30	0	|	78.0	0.30(78)	0.30(78)	|	3011	
3739	465	ok	|	0.25	1.00	1.00	0.28	0.14	0	|	rapi	0.25	0.28	0	|	78.0	0.28(78)	0.28(78)	|	3011	
3739	466	ok	|	0.23	1.00	1.00	0.25	0.13	0	|	rapi	0.23	0.25	0	|	78.0	0.25(78)	0.25(78)	|	3011	
3739	467	ok	|	0.24	1.00	1.00	0.25	0.12	0	|	rapi	0.24	0.25	0	|	78.0	0.25(78)	0.25(78)	|	3011	
3739	468	ok	|	0.23	1.00	1.00	0.25	0.12	0	|	rapi	0.23	0.25	0	|	78.0	0.25(78)	0.25(78)	|	3011	
3739	469	ok	|	0.24	1.00	1.00	0.26	0.13	0	|	rapi	0.24	0.26	0	|	78.0	0.26(78)	0.26(78)	|	3011	
3739	470	ok	|	0.25	1.00	1.00	0.27	0.14	0	|	rapi	0.25	0.27	0	|	78.0	0.27(78)	0.27(78)	|	3011	
3739	471	ok	|	0.26	1.00	1.00	0.28	0.14	0	|	rapi	0.26	0.28	0	|	78.0	0.28(78)	0.28(78)	|	3011	
3739	472	ok	|	0.29	1.00	1.00	0.31	0.15	0	|	rapi	0.29	0.31	0	|	78.0	0.31(78)	0.31(78)	|	3011	
3739	473	ok	|	0.27	1.00	1.00	0.29	0.14	0	|	rapi	0.27	0.29	0	|	78.0	0.29(78)	0.29(78)	|	3011	
3739	474	ok	|	0.27	1.00	1.00	0.29	0.14	0	|	rapi	0.27	0.29	0	|	78.0	0.29(78)	0.29(78)	|	3011	
3739	475	ok	|	0.27	1.00	1.00	0.29	0.14	0	|	rapi	0.27	0.29	0	|	78.0	0.29(78)	0.29(78)	|	3011	
3739	476	ok	|	0.27	1.00	1.00	0.29	0.15	0	|	rapi	0.27	0.29	0	|	78.0	0.29(78)	0.29(78)	|	3011	
3739	477	ok	|	0.29	1.00	1.00	0.32	0.16	0	|	rapi	0.29	0.32	0	|	78.0	0.32(78)	0.32(78)	|	3011	
3739	478	ok	|	0.28	1.00	1.00	0.31	0.15	0	|	rapi	0.28	0.31	0	|	78.0	0.31(78)	0.31(78)	|	3011	
3739	479	ok	|	0.25	1.00	1.00	0.28	0.14	0	|	rapi	0.25	0.28	0	|	78.0	0.28(78)	0.28(78)	|	3011	
3739	480	ok	|	0.28	1.00	1.00	0.30	0.15	0	|	rapi	0.28	0.30	0	|	78.0	0.30(78)	0.30(78)	|	3011	
3739	481	ok	|	0.28	1.00	1.00	0.30	0.15	0	|	rapi	0.28	0.30	0	|	78.0	0.30(78)	0.30(78)	|	3011	
3739	482	ok	|	0.30	1.00	1.00	0.31	0.16	0	|	rapi	0.30	0.31	0	|	78.0	0.31(78)	0.31(78)	|	3011	
3739	483	ok	|	0.27	1.00	1.00	0.29	0.14	0	|	rapi	0.27	0.29	0	|	78.0	0.29(78)	0.29(78)	|	3011	
3739	484	ok	|	0.27	1.00	1.00	0.29	0.14	0	|	rapi	0.27	0.29	0	|	78.0	0.29(78)	0.29(78)	|	3011	
3739	485	ok	|	0.27	1.00	1.00	0.30	0.15	0	|	rapi	0.27	0.30	0	|	78.0	0.30(78)	0.30(78)	|	3011	
3739	486	ok	|	0.29	1.00	1.00	0.32	0.16	0	|	rapi	0.29	0.32	0	|	78.0	0.32(78)	0.32(78)	|	3011	
3739	487	ok	|	0.31	1.00	1.00	0.34	0.17	0	|	rapi	0.31	0.34	0	|	78.0	0.34(78)	0.34(78)	|	3011	
3739	488	ok	|	0.30	1.00	1.00	0.33	0.17	0	|	rapi	0.30	0.33	0	|	78.0	0.33(78)	0.33(78)	|	3011	
3739	489	ok	|	0.28	1.00	1.00	0.31	0.15	0	|	rapi	0.28	0.31	0	|	78.0	0.31(78)	0.31(78)	|	3011	
3739	490	ok	|	0.28	1.00	1.00	0.30	0.15	0	|	rapi	0.28	0.30	0	|	78.0	0.30(78)	0.30(78)	|	3011	
3739	491	ok	|	0.27	1.00	1.00	0.29	0.15	0	|	rapi	0.27	0.29	0	|	78.0	0.29(78)	0.29(78)	|	3011	
3739	492	ok	|	0.28	1.00	1.00	0.30	0.15	0	|	rapi	0.28	0.30	0	|	78.0	0.30(78)	0.30(78)	|	3011	
3739	493	ok	|	0.29	1.00	1.00	0.32	0.16	0	|	rapi	0.29	0.32	0	|	78.0	0.32(78)	0.32(78)	|	3011	
3739	494	ok	|	0.29	1.00	1.00	0.32	0.16	0	|	rapi	0.29	0.32	0	|	78.0	0.32(78)	0.32(78)	|	3011	
3739	495	ok	|	0.28	1.00	1.00	0.30	0.15	0	|	rapi	0.28	0.30	0	|	78.0	0.30(78)	0.30(78)	|	3011	
3739	496	ok	|	0.28	1.00	1.00	0.31	0.15	0	|	rapi	0.28	0.31	0	|	78.0	0.31(78)	0.31(78)	|	3011	
3739	497	ok	|	0.29	1.00	1.00	0.31	0.16	0	|	rapi	0.29	0.31	0	|	78.0	0.31(78)	0.31(78)	|	3011	
3739	498	ok	|	0.29	1.00	1.00	0.31	0.16	0	|	rapi	0.29	0.31	0	|	78.0	0.31(78)	0.31(78)	|	3011	
3739	499	ok	|	0.29	1.00	1.00	0.32	0.16	0	|	rapi	0.29	0.32	0	|	78.0	0.32(78)	0.32(78)	|	3011	
3739	500	ok	|	0.27	1.00	1.00	0.29	0.14	0	|	rapi	0.27	0.29	0	|	78.0	0.29(78)	0.29(78)	|	3011	
3739	501	ok	|	0.29	1.00	1.00	0.31	0.15	0	|	rapi	0.29	0.31	0	|	78.0	0.31(78)	0.31(78)	|	3011	
3739	502	ok	|	0.27	1.00	1.00	0.28	0.14	0	|	rapi	0.27	0.28	0	|	78.0	0.28(78)	0.28(78)	|	3011	
3739	503	ok	|	0.25	1.00	1.00	0.27	0.13	0	|	rapi	0.25	0.27	0	|	78.0	0.27(78)	0.27(78)	|	3011	
3739	504	ok	|	0.26	1.00	1.00	0.29	0.15	0	|	rapi	0.26	0.29	0	|	78.0	0.29(78)	0.29(78)	|	3011	
3739	505	ok	|	0.25	1.00	1.00	0.27	0.13	0	|	rapi	0.25	0.27	0	|	78.0	0.27(78)	0.27(78)	|	3011	
3739	506	ok	|	0.26	1.00	1.00	0.28	0.14	0	|	rapi	0.26	0.28	0	|	78.0	0.28(78)	0.28(78)	|	3011	
3739	507	ok	|	0.28	1.00	1.00	0.29	0.15	0	|	rapi	0.28	0.29	0	|	78.0	0.29(78)	0.29(78)	|	3011	
3739	508	ok	|	0.25	1.00	1.00	0.27	0.14	0	|	rapi	0.25	0.27	0	|	78.0	0.27(78)	0.27(78)	|	3011	
3739	509	ok	|	0.27	1.00	1.00	0.29	0.15	0	|	rapi	0.27	0.29	0	|	78.0	0.29(78)	0.29(78)	|	3011	
3739	510	ok	|	0.26	1.00	1.00	0.29	0.14	0	|	rapi	0.26	0.29	0	|	78.0	0.29(78)	0.29(78)	|	3011	
3739	511	ok	|	0.24	1.00	1.00	0.25	0.12	0	|	rapi	0.24	0.25	0	|	78.0	0.25(78)	0.25(78)	|	3011	
3739	512	ok	|	0.22	1.00	1.00	0.24	0.12	0	|	rapi	0.22	0.24	0	|	78.0	0.24(78)	0.24(78)	|	3011	
3739	513	ok	|	0.23	1.00	1.00	0.24	0.12	0	|	rapi	0.23	0.24	0	|	78.0	0.24(78)	0.24(78)	|	3011	
3739	514	ok	|	0.22	1.00	1.00	0.24	0.12	0	|	rapi	0.22	0.24	0	|	78.0	0.24(78)	0.24(78)	|	3011	
3739	515	ok	|	0.22	1.00	1.00	0.24	0.12	0	|	rapi	0.22	0.24	0	|	78.0	0.24(78)	0.24(78)	|	3011	
3739	516	ok	|	0.24	1.00	1.00	0.26	0.13	0	|	rapi	0.24	0.26	0	|	78.0	0.26(78)	0.26(78)	|	3011	
3739	517	ok	|	0.21	1.00	1.00	0.23	0.12	0	|	rapi	0.21	0.23	0	|	78.0	0.23(78)	0.23(78)	|	3011	
3739	518	ok	|	0.21	1.00	1.00	0.23	0.11	0	|	rapi	0.21	0.23	0	|	78.0	0.23(78)	0.23(78)	|	3011	
3739	519	ok	|	0.21	1.00	1.00	0.23	0.11	0	|	rapi	0.21	0.23	0	|	78.0	0.23(78)	0.23(78)	|	3011	
3739	520	ok	|	0.20	1.00	1.00	0.21	0.10	0	|	rapi	0.20	0.21	0	|	78.0	0.21(78)	0.21(78)	|	3011	
3739	521	ok	|	0.21	1.00	1.00	0.22	0.11	0	|	rapi	0.21	0.22	0	|	78.0	0.22(78)	0.22(78)	|	3011	
3739	522	ok	|	0.20	1.00	1.00	0.21	0.10	0	|	rapi	0.20	0.21	0	|	78.0	0.21(78)	0.21(78)	|	3011	
3739	523	ok	|	0.20	1.00	1.00	0.22	0.11	0	|	rapi	0.20	0.22	0	|	78.0	0.22(78)	0.22(78)	|	3011	
3739	524	ok	|	0.21	1.00	1.00	0.23	0.11	0	|	rapi	0.21	0.23	0	|	78.0	0.23(78)	0.23(78)	|	3011	
3739	525	ok	|	0.23	1.00	1.00	0.24	0.12	0	|	rapi	0.23	0.24	0	|	78.0	0.24(78)	0.24(78)	|	3011	
3739	526	ok	|	0.23	1.00	1.00	0.24	0.12	0	|	rapi	0.23	0.24	0	|	78.0	0.24(78)	0.24(78)	|	3011	
3739	527	ok	|	0.22	1.00	1.00	0.24	0.12	0	|	rapi	0.22	0.24	0	|	78.0	0.24(78)	0.24(78)	|	3011	
3739	528	ok	|	0.21	1.00	1.00	0.22	0.11	0	|	rapi	0.21	0.22	0	|	78.0	0.22(78)	0.22(78)	|	3011	
3739	529	ok	|	0.21	1.00	1.00	0.22	0.11	0	|	rapi	0.21	0.22	0	|	78.0	0.22(78)	0.22(78)	|	3011	
3739	530	ok	|	0.20	1.00	1.00	0.21	0.11	0	|	rapi	0.20	0.21	0	|	78.0	0.21(78)	0.21(78)	|	3011	
3739	531	ok	|	0.22	1.00	1.00	0.23	0.12	0	|	rapi	0.22	0.23	0	|	78.0	0.23(78)	0.23(78)	|	3011	
3739	532	ok	|	0.25	1.00	1.00	0.26	0.13	0	|	rapi	0.25	0.26	0	|	78.0	0.26(78)	0.26(78)	|	3011	
3739	533	ok	|	0.23	1.00	1.00	0.25	0.13	0	|	rapi	0.23	0.25	0	|	78.0	0.25(78)	0.25(78)	|	3011	
3739	534	ok	|	0.26	1.00	1.00	0.28	0.14	0	|	rapi	0.26	0.28	0	|	78.0	0.28(78)	0.28(78)	|	3011	
3739	535	ok	|	0.23	1.00	1.00	0.25	0.13	0	|	rapi	0.23	0.25	0	|	78.0	0.25(78)	0.25(78)	|	3011	
3739	536	ok	|	0.23	1.00	1.00	0.24	0.12	0	|	rapi	0.23	0.24	0	|	78.0	0.24(78)	0.24(78)	|	3011	
3739	537	ok	|	0.24	1.00	1.00	0.25	0.12	0	|	rapi	0.24	0.25	0	|	78.0	0.25(78)	0.25(78)	|	3011	
3739	538	ok	|	0.21	1.00	1.00	0.23	0.11	0	|	rapi	0.21	0.23	0	|	78.0	0.23(78)	0.23(78)	|	3011	
3739	539	ok	|	0.20	1.00	1.00	0.22	0.11	0	|	rapi	0.20	0.22	0	|	78.0	0.22(78)	0.22(78)	|	3011	
3739	540	ok	|	0.19	1.00	1.00	0.20	0.10	0	|	rapi	0.19	0.20	0	|	78.0	0.20(78)	0.20(78)	|	3011	
3739	541	ok	|	0.18	1.00	1.00	0.19	0.10	0	|	rapi	0.18	0.19	0	|	78.0	0.19(78)	0.19(78)	|	3011	
3739	542	ok	|	0.19	1.00	1.00	0.21	0.10	0	|	rapi	0.19	0.21	0	|	78.0	0.21(78)	0.21(78)	|	3011	
3739	543	ok	|	0.19	1.00	1.00	0.20	0.10	0	|	rapi	0.19	0.20	0	|	78.0	0.20(78)	0.20(78)	|	3011	
3739	544	ok	|	0.18	1.00	1.00	0.19	0.10	0	|	rapi	0.18	0.19	0	|	78.0	0.19(78)	0.19(78)	|	3011	
3739	545	ok	|	0.20	1.00	1.00	0.21	0.11	0	|	rapi	0.20	0.21	0	|	78.0	0.21(78)	0.21(78)	|	3011	
3739	546	ok	|	0.20	1.00	1.00	0.21	0.11	0	|	rapi	0.20	0.21	0	|	78.0	0.21(78)	0.21(78)	|	3011	
3739	547	ok	|	0.21	1.00	1.00	0.23	0.11	0	|	rapi	0.21	0.23	0	|	78.0	0.23(78)	0.23(78)	|	3011	
3739	548	ok	|	0.21	1.00	1.00	0.22	0.11	0	|	rapi	0.21	0.22	0	|	78.0	0.22(78)	0.22(78)	|	3011	
3739	549	ok	|	0.22	1.00	1.00	0.23	0.12	0	|	rapi	0.22	0.23	0	|	78.0	0.23(78)	0.23(78)	|	3011	
3739	550	ok	|	0.22	1.00	1.00	0.24	0.12	0	|	rapi	0.22	0.24	0	|	78.0	0.24(78)	0.24(78)	|	3011	
3739	551	ok	|	0.22	1.00	1.00	0.23	0.12	0	|	rapi	0.22	0.23	0	|	78.0	0.23(78)	0.23(78)	|	3011	
3739	552	ok	|	0.21	1.00	1.00	0.21	0.11	0	|	rapi	0.21	0.21	0	|	78.0	0.21(78)	0.21(78)	|	3011	
3739	553	ok	|	0.21	1.00	1.00	0.22	0.11	0	|	rapi	0.21	0.22	0	|	78.0	0.22(78)	0.22(78)	|	3011	
3739	554	ok	|	0.22	1.00	1.00	0.24	0.12	0	|	rapi	0.22	0.24	0	|	78.0	0.24(78)	0.24(78)	|	3011	
3739	555	ok	|	0.21	1.00	1.00	0.22	0.11	0	|	rapi	0.21	0.22	0	|	78.0	0.22(78)	0.22(78)	|	3011	
3739	556	ok	|	0.23	1.00	1.00	0.25	0.13	0	|	rapi	0.23	0.25	0	|	78.0	0.25(78)	0.25(78)	|	3011	
3739	557	ok	|	0.25	1.00	1.00	0.27	0.14	0	|	rapi	0.25	0.27	0	|	78.0	0.27(78)	0.27(78)	|	3011	
3739	558	ok	|	0.26	1.00	1.00	0.27	0.14	0	|	rapi	0.26	0.27	0	|	78.0	0.27(78)	0.27(78)	|	3011	
3739	559	ok	|	0.24	1.00	1.00	0.26	0.13	0	|	rapi	0.24	0.26	0	|	78.0	0.26(78)	0.26(78)	|	3011	
3739	560	ok	|	0.23	1.00	1.00	0.25	0.12	0	|	rapi	0.23	0.25	0	|	78.0	0.25(78)	0.25(78)	|	3011	
3739	561	ok	|	0.21	1.00	1.00	0.22	0.11	0	|	rapi	0.21	0.22	0	|	78.0	0.22(78)	0.22(78)	|	3011	
3739	562	ok	|	0.21	1.00	1.00	0.22	0.11	0	|	rapi	0.21	0.22	0	|	78.0	0.22(78)	0.22(78)	|	3011	
3739	563	ok	|	0.21	1.00	1.00	0.23	0.11	0	|	rapi	0.21	0.23	0	|	78.0	0.23(78)	0.23(78)	|	3011	
3739	564	ok	|	0.24	1.00	1.00	0.25	0.13	0	|	rapi	0.24	0.25	0	|	78.0	0.25(78)	0.25(78)	|	3011	
3739	565	ok	|	0.25	1.00	1.00	0.26	0.13	0	|	rapi	0.25	0.26	0	|	78.0	0.26(78)	0.26(78)	|	3011	
3739	566	ok	|	0.26	1.00	1.00	0.27	0.14	0	|	rapi	0.26	0.27	0	|	78.0	0.27(78)	0.27(78)	|	3011	
3739	567	ok	|	0.26	1.00	1.00	0.28	0.14	0	|	rapi	0.26	0.28	0	|	78.0	0.28(78)	0.28(78)	|	3011	
3739	568	ok	|	0.25	1.00	1.00	0.27	0.14	0	|	rapi	0.25	0.27	0	|	78.0	0.27(78)	0.27(78)	|	3011	
3739	569	ok	|	0.25	1.00	1.00	0.27	0.14	0	|	rapi	0.25	0.27	0	|	78.0	0.27(78)	0.27(78)	|	3011	
3739	570	ok	|	0.28	1.00	1.00	0.30	0.15	0	|	rapi	0.28	0.30	0	|	78.0	0.30(78)	0.30(78)	|	3011	
3739	571	ok	|	0.26	1.00	1.00	0.28	0.14	0	|	rapi	0.26	0.28	0	|	78.0	0.28(78)	0.28(78)	|	3011	
3739	572	ok	|	0.26	1.00	1.00	0.28	0.14	0	|	rapi	0.26	0.28	0	|	78.0	0.28(78)	0.28(78)	|	3011	
3739	573	ok	|	0.26	1.00	1.00	0.28	0.14	0	|	rapi	0.26	0.28	0	|	78.0	0.28(78)	0.28(78)	|	3011	
3739	574	ok	|	0.28	1.00	1.00	0.29	0.15	0	|	rapi	0.28	0.29	0	|	78.0	0.29(78)	0.29(78)	|	3011	
3739	575	ok	|	0.27	1.00	1.00	0.29	0.14	0	|	rapi	0.27	0.29	0	|	78.0	0.29(78)	0.29(78)	|	3011	
3739	576	ok	|	0.26	1.00	1.00	0.28	0.14	0	|	rapi	0.26	0.28	0	|	78.0	0.28(78)	0.28(78)	|	3011	
3739	577	ok	|	0.30	1.00	1.00	0.33	0.16	0	|	rapi	0.30	0.33	0	|	78.0	0.33(78)	0.33(78)	|	3011	
3739	578	ok	|	0.31	1.00	1.00	0.33	0.17	0	|	rapi	0.31	0.33	0	|	78.0	0.33(78)	0.33(78)	|	3011	
3739	579	ok	|	0.29	1.00	1.00	0.32	0.16	0	|	rapi	0.29	0.32	0	|	78.0	0.32(78)	0.32(78)	|	3011	
3739	580	ok	|	0.28	1.00	1.00	0.32	0.16	0	|	rapi	0.28	0.32	0	|	78.0	0.32(78)	0.32(78)	|	3011	
3739	581	ok	|	0.29	1.00	1.00	0.31	0.16	0	|	rapi	0.29	0.31	0	|	78.0	0.31(78)	0.31(78)	|	3011	
3739	582	ok	|	0.27	1.00	1.00	0.29	0.15	0	|	rapi	0.27	0.29	0	|	78.0	0.29(78)	0.29(78)	|	3011	
3739	583	ok	|	0.30	1.00	1.00	0.33	0.16	0	|	rapi	0.30	0.33	0	|	78.0	0.33(78)	0.33(78)	|	3011	
3739	584	ok	|	0.29	1.00	1.00	0.32	0.16	0	|	rapi	0.29	0.32	0	|	78.0	0.32(78)	0.32(78)	|	3011	
3739	585	ok	|	0.31	1.00	1.00	0.33	0.17	0	|	rapi	0.31	0.33	0	|	78.0	0.33(78)	0.33(78)	|	3011	
3739	586	ok	|	0.31	1.00	1.00	0.34	0.17	0	|	rapi	0.31	0.34	0	|	78.0	0.34(78)	0.34(78)	|	3011	
3739	587	ok	|	0.29	1.00	1.00	0.31	0.15	0	|	rapi	0.29	0.31	0	|	78.0	0.31(78)	0.31(78)	|	3011	
3739	588	ok	|	0.30	1.00	1.00	0.33	0.16	0	|	rapi	0.30	0.33	0	|	78.0	0.33(78)	0.33(78)	|	3011	
3739	589	ok	|	0.29	1.00	1.00	0.32	0.16	0	|	rapi	0.29	0.32	0	|	78.0	0.32(78)	0.32(78)	|	3011	
3739	590	ok	|	0.26	1.00	1.00	0.28	0.14	0	|	rapi	0.26	0.28	0	|	78.0	0.28(78)	0.28(78)	|	3011	
3739	591	ok	|	0.26	1.00	1.00	0.28	0.14	0	|	rapi	0.26	0.28	0	|	78.0	0.28(78)	0.28(78)	|	3011	
3739	592	ok	|	0.26	1.00	1.00	0.29	0.14	0	|	rapi	0.26	0.29	0	|	78.0	0.29(78)	0.29(78)	|	3011	
3739	593	ok	|	0.26	1.00	1.00	0.27	0.14	0	|	rapi	0.26	0.27	0	|	78.0	0.27(78)	0.27(78)	|	3011	
3739	594	ok	|	0.28	1.00	1.00	0.30	0.15	0	|	rapi	0.28	0.30	0	|	78.0	0.30(78)	0.30(78)	|	3011	
3739	595	ok	|	0.27	1.00	1.00	0.29	0.14	0	|	rapi	0.27	0.29	0	|	78.0	0.29(78)	0.29(78)	|	3011	
3739	596	ok	|	0.28	1.00	1.00	0.30	0.15	0	|	rapi	0.28	0.30	0	|	78.0	0.30(78)	0.30(78)	|	3011	
3739	597	ok	|	0.29	1.00	1.00	0.32	0.16	0	|	rapi	0.29	0.32	0	|	78.0	0.32(78)	0.32(78)	|	3011	
3739	598	ok	|	0.27	1.00	1.00	0.30	0.15	0	|	rapi	0.27	0.30	0	|	78.0	0.30(78)	0.30(78)	|	3011	
3739	599	ok	|	0.28	1.00	1.00	0.30	0.15	0	|	rapi	0.28	0.30	0	|	78.0	0.30(78)	0.30(78)	|	3011	
3739	600	ok	|	0.27	1.00	1.00	0.29	0.14	0	|	rapi	0.27	0.29	0	|	78.0	0.29(78)	0.29(78)	|	3011	
3739	601	ok	|	0.27	1.00	1.00	0.29	0.15	0	|	rapi	0.27	0.29	0	|	78.0	0.29(78)	0.29(78)	|	3011	
3739	602	ok	|	0.28	1.00	1.00	0.31	0.15	0	|	rapi	0.28	0.31	0	|	78.0	0.31(78)	0.31(78)	|	3011	
3739	603	ok	|	0.28	1.00	1.00	0.31	0.15	0	|	rapi	0.28	0.31	0	|	78.0	0.31(78)	0.31(78)	|	3011	
3739	604	ok	|	0.28	1.00	1.00	0.30	0.15	0	|	rapi	0.28	0.30	0	|	78.0	0.30(78)	0.30(78)	|	3011	
3739	605	ok	|	0.26	1.00	1.00	0.27	0.13	0	|	rapi	0.26	0.27	0	|	78.0	0.27(78)	0.27(78)	|	3011	
3739	606	ok	|	0.26	1.00	1.00	0.27	0.13	0	|	rapi	0.26	0.27	0	|	78.0	0.27(78)	0.27(78)	|	3011	
3739	607	ok	|	0.23	1.00	1.00	0.25	0.12	0	|	rapi	0.23	0.25	0	|	78.0	0.25(78)	0.25(78)	|	3011	
3739	608	ok	|	0.23	1.00	1.00	0.24	0.12	0	|	rapi	0.23	0.24	0	|	78.0	0.24(78)	0.24(78)	|	3011	
3739	609	ok	|	0.25	1.00	1.00	0.26	0.13	0	|	rapi	0.25	0.26	0	|	78.0	0.26(78)	0.26(78)	|	3011	
3739	610	ok	|	0.27	1.00	1.00	0.30	0.15	0	|	rapi	0.27	0.30	0	|	78.0	0.30(78)	0.30(78)	|	3011	
3739	611	ok	|	0.25	1.00	1.00	0.27	0.14	0	|	rapi	0.25	0.27	0	|	78.0	0.27(78)	0.27(78)	|	3011	
3739	612	ok	|	0.26	1.00	1.00	0.27	0.14	0	|	rapi	0.26	0.27	0	|	78.0	0.27(78)	0.27(78)	|	3011	
3739	613	ok	|	0.26	1.00	1.00	0.28	0.14	0	|	rapi	0.26	0.28	0	|	78.0	0.28(78)	0.28(78)	|	3011	
3739	614	ok	|	0.26	1.00	1.00	0.28	0.14	0	|	rapi	0.26	0.28	0	|	78.0	0.28(78)	0.28(78)	|	3011	
3739	615	ok	|	0.27	1.00	1.00	0.28	0.14	0	|	rapi	0.27	0.28	0	|	78.0	0.28(78)	0.28(78)	|	3011	
3739	616	ok	|	0.23	1.00	1.00	0.25	0.13	0	|	rapi	0.23	0.25	0	|	78.0	0.25(78)	0.25(78)	|	3011	
3739	617	ok	|	0.23	1.00	1.00	0.25	0.12	0	|	rapi	0.23	0.25	0	|	78.0	0.25(78)	0.25(78)	|	3011	
3739	618	ok	|	0.25	1.00	1.00	0.26	0.13	0	|	rapi	0.25	0.26	0	|	78.0	0.26(78)	0.26(78)	|	3011	
3739	619	ok	|	0.26	1.00	1.00	0.28	0.14	0	|	rapi	0.26	0.28	0	|	78.0	0.28(78)	0.28(78)	|	3011	
3739	620	ok	|	0.26	1.00	1.00	0.28	0.14	0	|	rapi	0.26	0.28	0	|	78.0	0.28(78)	0.28(78)	|	3011	
3739	621	ok	|	0.23	1.00	1.00	0.24	0.12	0	|	rapi	0.23	0.24	0	|	78.0	0.24(78)	0.24(78)	|	3011	
3739	622	ok	|	0.23	1.00	1.00	0.24	0.12	0	|	rapi	0.23	0.24	0	|	78.0	0.24(78)	0.24(78)	|	3011	
3739	623	ok	|	0.24	1.00	1.00	0.25	0.13	0	|	rapi	0.24	0.25	0	|	78.0	0.25(78)	0.25(78)	|	3011	
3739	624	ok	|	0.23	1.00	1.00	0.24	0.12	0	|	rapi	0.23	0.24	0	|	78.0	0.24(78)	0.24(78)	|	3011	
3739	625	ok	|	0.23	1.00	1.00	0.25	0.13	0	|	rapi	0.23	0.25	0	|	78.0	0.25(78)	0.25(78)	|	3011	
3739	626	ok	|	0.24	1.00	1.00	0.26	0.13	0	|	rapi	0.24	0.26	0	|	78.0	0.26(78)	0.26(78)	|	3011	
3739	627	ok	|	0.26	1.00	1.00	0.27	0.14	0	|	rapi	0.26	0.27	0	|	78.0	0.27(78)	0.27(78)	|	3011	
3739	628	ok	|	0.26	1.00	1.00	0.28	0.14	0	|	rapi	0.26	0.28	0	|	78.0	0.28(78)	0.28(78)	|	3011	
3739	629	ok	|	0.27	1.00	1.00	0.29	0.14	0	|	rapi	0.27	0.29	0	|	78.0	0.29(78)	0.29(78)	|	3011	
3739	630	ok	|	0.24	1.00	1.00	0.26	0.13	0	|	rapi	0.24	0.26	0	|	78.0	0.26(78)	0.26(78)	|	3011	
3739	631	ok	|	0.24	1.00	1.00	0.25	0.13	0	|	rapi	0.24	0.25	0	|	78.0	0.25(78)	0.25(78)	|	3011	
3739	632	ok	|	0.26	1.00	1.00	0.28	0.14	0	|	rapi	0.26	0.28	0	|	78.0	0.28(78)	0.28(78)	|	3011	
3739	633	ok	|	0.28	1.00	1.00	0.30	0.15	0	|	rapi	0.28	0.30	0	|	78.0	0.30(78)	0.30(78)	|	3011	
3739	634	ok	|	0.29	1.00	1.00	0.31	0.15	0	|	rapi	0.29	0.31	0	|	78.0	0.31(78)	0.31(78)	|	3011	
3739	635	ok	|	0.28	1.00	1.00	0.30	0.15	0	|	rapi	0.28	0.30	0	|	78.0	0.30(78)	0.30(78)	|	3011	
3739	636	ok	|	0.29	1.00	1.00	0.30	0.15	0	|	rapi	0.29	0.30	0	|	78.0	0.30(78)	0.30(78)	|	3011	
3739	637	ok	|	0.27	1.00	1.00	0.29	0.15	0	|	rapi	0.27	0.29	0	|	78.0	0.29(78)	0.29(78)	|	3011	
3739	638	ok	|	0.29	1.00	1.00	0.31	0.15	0	|	rapi	0.29	0.31	0	|	78.0	0.31(78)	0.31(78)	|	3011	
3739	639	ok	|	0.30	1.00	1.00	0.33	0.16	0	|	rapi	0.30	0.33	0	|	78.0	0.33(78)	0.33(78)	|	3011	
3739	640	ok	|	0.33	1.00	1.00	0.36	0.18	0	|	rapi	0.33	0.36	0	|	78.0	0.36(78)	0.36(78)	|	3011	
3739	641	ok	|	0.32	1.00	1.00	0.35	0.17	0	|	rapi	0.32	0.35	0	|	78.0	0.35(78)	0.35(78)	|	3011	
3739	642	ok	|	0.32	1.00	1.00	0.36	0.18	0	|	rapi	0.32	0.36	0	|	78.0	0.36(78)	0.36(78)	|	3011	
3739	643	ok	|	0.32	1.00	1.00	0.35	0.17	0	|	rapi	0.32	0.35	0	|	78.0	0.35(78)	0.35(78)	|	3011	
3739	644	ok	|	0.31	1.00	1.00	0.34	0.17	0	|	rapi	0.31	0.34	0	|	78.0	0.34(78)	0.34(78)	|	3011	
3739	645	ok	|	0.30	1.00	1.00	0.33	0.17	0	|	rapi	0.30	0.33	0	|	78.0	0.33(78)	0.33(78)	|	3011	
3739	646	ok	|	0.28	1.00	1.00	0.31	0.15	0	|	rapi	0.28	0.31	0	|	78.0	0.31(78)	0.31(78)	|	3011	
3739	647	ok	|	0.30	1.00	1.00	0.32	0.16	0	|	rapi	0.30	0.32	0	|	78.0	0.32(78)	0.32(78)	|	3011	
3739	648	ok	|	0.29	1.00	1.00	0.32	0.16	0	|	rapi	0.29	0.32	0	|	78.0	0.32(78)	0.32(78)	|	3011	
3739	649	ok	|	0.28	1.00	1.00	0.31	0.16	0	|	rapi	0.28	0.31	0	|	78.0	0.31(78)	0.31(78)	|	3011	
3739	650	ok	|	0.27	1.00	1.00	0.29	0.15	0	|	rapi	0.27	0.29	0	|	78.0	0.29(78)	0.29(78)	|	3011	
3739	651	ok	|	0.28	1.00	1.00	0.30	0.15	0	|	rapi	0.28	0.30	0	|	78.0	0.30(78)	0.30(78)	|	3011	
3739	652	ok	|	0.24	1.00	1.00	0.26	0.13	0	|	rapi	0.24	0.26	0	|	78.0	0.26(78)	0.26(78)	|	3011	
3739	653	ok	|	0.24	1.00	1.00	0.26	0.13	0	|	rapi	0.24	0.26	0	|	78.0	0.26(78)	0.26(78)	|	3011	
3739	654	ok	|	0.23	1.00	1.00	0.24	0.12	0	|	rapi	0.23	0.24	0	|	78.0	0.24(78)	0.24(78)	|	3011	
3739	655	ok	|	0.23	1.00	1.00	0.25	0.12	0	|	rapi	0.23	0.25	0	|	78.0	0.25(78)	0.25(78)	|	3011	
3739	656	ok	|	0.23	1.00	1.00	0.24	0.12	0	|	rapi	0.23	0.24	0	|	78.0	0.24(78)	0.24(78)	|	3011	
3739	657	ok	|	0.22	1.00	1.00	0.24	0.12	0	|	rapi	0.22	0.24	0	|	78.0	0.24(78)	0.24(78)	|	3011	
3739	658	ok	|	0.23	1.00	1.00	0.24	0.12	0	|	rapi	0.23	0.24	0	|	78.0	0.24(78)	0.24(78)	|	3011	
3739	659	ok	|	0.23	1.00	1.00	0.25	0.12	0	|	rapi	0.23	0.25	0	|	78.0	0.25(78)	0.25(78)	|	3011	
3739	660	ok	|	0.21	1.00	1.00	0.22	0.11	0	|	rapi	0.21	0.22	0	|	78.0	0.22(78)	0.22(78)	|	3011	
3739	661	ok	|	0.19	1.00	1.00	0.20	0.10	0	|	rapi	0.19	0.20	0	|	78.0	0.20(78)	0.20(78)	|	3011	
3739	662	ok	|	0.19	1.00	1.00	0.19	0.10	0	|	rapi	0.19	0.19	0	|	78.0	0.19(78)	0.19(78)	|	3011	
3739	663	ok	|	0.17	1.00	1.00	0.18	0.09	0	|	rapi	0.17	0.18	0	|	78.0	0.18(78)	0.18(78)	|	3011	
3739	664	ok	|	0.16	1.00	1.00	0.17	0.09	0	|	rapi	0.16	0.17	0	|	78.0	0.17(78)	0.17(78)	|	3011	
3739	665	ok	|	0.15	1.00	1.00	0.16	0.08	0	|	rapi	0.15	0.16	0	|	78.0	0.16(78)	0.16(78)	|	3011	
3739	666	ok	|	0.15	1.00	1.00	0.16	0.08	0	|	rapi	0.15	0.16	0	|	78.0	0.16(78)	0.16(78)	|	3011	
3739	667	ok	|	0.16	1.00	1.00	0.17	0.09	0	|	rapi	0.16	0.17	0	|	78.0	0.17(78)	0.17(78)	|	3011	
3739	668	ok	|	0.16	1.00	1.00	0.16	0.08	0	|	rapi	0.16	0.16	0	|	78.0	0.16(78)	0.16(78)	|	3011	
3739	669	ok	|	0.16	1.00	1.00	0.17	0.08	0	|	rapi	0.16	0.17	0	|	78.0	0.17(78)	0.17(78)	|	3011	
3739	670	ok	|	0.16	1.00	1.00	0.17	0.09	0	|	rapi	0.16	0.17	0	|	78.0	0.17(78)	0.17(78)	|	3011	
3739	671	ok	|	0.17	1.00	1.00	0.17	0.09	0	|	rapi	0.17	0.17	0	|	78.0	0.17(78)	0.17(78)	|	3011	
3739	672	ok	|	0.16	1.00	1.00	0.17	0.08	0	|	rapi	0.16	0.17	0	|	78.0	0.17(78)	0.17(78)	|	3011	
3739	673	ok	|	0.15	1.00	1.00	0.16	0.08	0	|	rapi	0.15	0.16	0	|	78.0	0.16(78)	0.16(78)	|	3011	
3739	674	ok	|	0.16	1.00	1.00	0.17	0.08	0	|	rapi	0.16	0.17	0	|	78.0	0.17(78)	0.17(78)	|	3011	
3739	675	ok	|	0.14	1.00	1.00	0.15	0.08	0	|	rapi	0.14	0.15	0	|	78.0	0.15(78)	0.15(78)	|	3011	
3739	676	ok	|	0.15	1.00	1.00	0.15	0.08	0	|	rapi	0.15	0.15	0	|	78.0	0.15(78)	0.15(78)	|	3011	
3739	677	ok	|	0.15	1.00	1.00	0.16	0.08	0	|	rapi	0.15	0.16	0	|	78.0	0.16(78)	0.16(78)	|	3011	
3739	678	ok	|	0.15	1.00	1.00	0.15	0.07	0	|	rapi	0.15	0.15	0	|	78.0	0.15(78)	0.15(78)	|	3011	
3739	679	ok	|	0.17	1.00	1.00	0.18	0.09	0	|	rapi	0.17	0.18	0	|	78.0	0.18(78)	0.18(78)	|	3011	
3739	680	ok	|	0.18	1.00	1.00	0.19	0.10	0	|	rapi	0.18	0.19	0	|	78.0	0.19(78)	0.19(78)	|	3011	
3739	681	ok	|	0.19	1.00	1.00	0.20	0.10	0	|	rapi	0.19	0.20	0	|	78.0	0.20(78)	0.20(78)	|	3011	
3739	682	ok	|	0.20	1.00	1.00	0.22	0.11	0	|	rapi	0.20	0.22	0	|	78.0	0.22(78)	0.22(78)	|	3011	
3739	683	ok	|	0.20	1.00	1.00	0.22	0.11	0	|	rapi	0.20	0.22	0	|	78.0	0.22(78)	0.22(78)	|	3011	
3739	684	ok	|	0.19	1.00	1.00	0.20	0.10	0	|	rapi	0.19	0.20	0	|	78.0	0.20(78)	0.20(78)	|	3011	
3739	685	ok	|	0.21	1.00	1.00	0.22	0.11	0	|	rapi	0.21	0.22	0	|	78.0	0.22(78)	0.22(78)	|	3011	
3739	686	ok	|	0.20	1.00	1.00	0.21	0.10	0	|	rapi	0.20	0.21	0	|	78.0	0.21(78)	0.21(78)	|	3011	
3739	687	ok	|	0.20	1.00	1.00	0.22	0.11	0	|	rapi	0.20	0.22	0	|	78.0	0.22(78)	0.22(78)	|	3011	
3739	688	ok	|	0.20	1.00	1.00	0.21	0.11	0	|	rapi	0.20	0.21	0	|	78.0	0.21(78)	0.21(78)	|	3011	
3739	689	ok	|	0.18	1.00	1.00	0.19	0.10	0	|	rapi	0.18	0.19	0	|	78.0	0.19(78)	0.19(78)	|	3011	
3739	690	ok	|	0.19	1.00	1.00	0.19	0.10	0	|	rapi	0.19	0.19	0	|	78.0	0.19(78)	0.19(78)	|	3011	
3739	691	ok	|	0.18	1.00	1.00	0.18	0.09	0	|	rapi	0.18	0.18	0	|	78.0	0.18(78)	0.18(78)	|	3011	
3739	692	ok	|	0.18	1.00	1.00	0.19	0.09	0	|	rapi	0.18	0.19	0	|	78.0	0.19(78)	0.19(78)	|	3011	
3739	693	ok	|	0.20	1.00	1.00	0.21	0.11	0	|	rapi	0.20	0.21	0	|	78.0	0.21(78)	0.21(78)	|	3011	
3739	694	ok	|	0.23	1.00	1.00	0.24	0.12	0	|	rapi	0.23	0.24	0	|	78.0	0.24(78)	0.24(78)	|	3011	
3739	695	ok	|	0.24	1.00	1.00	0.26	0.13	0	|	rapi	0.24	0.26	0	|	78.0	0.26(78)	0.26(78)	|	3011	
3739	696	ok	|	0.26	1.00	1.00	0.28	0.14	0	|	rapi	0.26	0.28	0	|	78.0	0.28(78)	0.28(78)	|	3011	
3739	697	ok	|	0.29	1.00	1.00	0.31	0.16	0	|	rapi	0.29	0.31	0	|	78.0	0.31(78)	0.31(78)	|	3011	
3739	698	ok	|	0.29	1.00	1.00	0.31	0.16	0	|	rapi	0.29	0.31	0	|	78.0	0.31(78)	0.31(78)	|	3011	
3739	699	ok	|	0.29	1.00	1.00	0.32	0.16	0	|	rapi	0.29	0.32	0	|	78.0	0.32(78)	0.32(78)	|	3011	
3739	700	ok	|	0.32	1.00	1.00	0.35	0.17	0	|	rapi	0.32	0.35	0	|	78.0	0.35(78)	0.35(78)	|	3011	
3739	701	ok	|	0.32	1.00	1.00	0.34	0.17	0	|	rapi	0.32	0.34	0	|	78.0	0.34(78)	0.34(78)	|	3011	
3739	702	ok	|	0.29	1.00	1.00	0.31	0.16	0	|	rapi	0.29	0.31	0	|	78.0	0.31(78)	0.31(78)	|	3011	
3739	703	ok	|	0.32	1.00	1.00	0.34	0.17	0	|	rapi	0.32	0.34	0	|	78.0	0.34(78)	0.34(78)	|	3011	
3739	704	ok	|	0.33	1.00	1.00	0.36	0.18	0	|	rapi	0.33	0.36	0	|	78.0	0.36(78)	0.36(78)	|	3011	
3739	705	ok	|	0.31	1.00	1.00	0.34	0.17	0	|	rapi	0.31	0.34	0	|	78.0	0.34(78)	0.34(78)	|	3011	
3739	706	ok	|	0.32	1.00	1.00	0.35	0.17	0	|	rapi	0.32	0.35	0	|	78.0	0.35(78)	0.35(78)	|	3011	
3739	707	ok	|	0.33	1.00	1.00	0.35	0.18	0	|	rapi	0.33	0.35	0	|	78.0	0.35(78)	0.35(78)	|	3011	
3739	708	ok	|	0.33	1.00	1.00	0.36	0.18	0	|	rapi	0.33	0.36	0	|	78.0	0.36(78)	0.36(78)	|	3011	
3739	709	ok	|	0.32	1.00	1.00	0.35	0.18	0	|	rapi	0.32	0.35	0	|	78.0	0.35(78)	0.35(78)	|	3011	
3739	710	ok	|	0.33	1.00	1.00	0.35	0.18	0	|	rapi	0.33	0.35	0	|	78.0	0.35(78)	0.35(78)	|	3011	
3739	711	ok	|	0.32	1.00	1.00	0.36	0.18	0	|	rapi	0.32	0.36	0	|	78.0	0.36(78)	0.36(78)	|	3011	
3739	712	ok	|	0.31	1.00	1.00	0.34	0.17	0	|	rapi	0.31	0.34	0	|	78.0	0.34(78)	0.34(78)	|	3011	
3739	713	ok	|	0.29	1.00	1.00	0.32	0.16	0	|	rapi	0.29	0.32	0	|	78.0	0.32(78)	0.32(78)	|	3011	
3739	714	ok	|	0.31	1.00	1.00	0.33	0.17	0	|	rapi	0.31	0.33	0	|	78.0	0.33(78)	0.33(78)	|	3011	
3739	715	ok	|	0.30	1.00	1.00	0.32	0.16	0	|	rapi	0.30	0.32	0	|	78.0	0.32(78)	0.32(78)	|	3011	
3739	716	ok	|	0.30	1.00	1.00	0.33	0.16	0	|	rapi	0.30	0.33	0	|	78.0	0.33(78)	0.33(78)	|	3011	
3739	717	ok	|	0.29	1.00	1.00	0.32	0.16	0	|	rapi	0.29	0.32	0	|	78.0	0.32(78)	0.32(78)	|	3011	
3739	718	ok	|	0.29	1.00	1.00	0.32	0.16	0	|	rapi	0.29	0.32	0	|	78.0	0.32(78)	0.32(78)	|	3011	
3739	719	ok	|	0.28	1.00	1.00	0.29	0.15	0	|	rapi	0.28	0.29	0	|	78.0	0.29(78)	0.29(78)	|	3011	
3739	720	ok	|	0.28	1.00	1.00	0.30	0.15	0	|	rapi	0.28	0.30	0	|	78.0	0.30(78)	0.30(78)	|	3011	
3739	721	ok	|	0.27	1.00	1.00	0.29	0.14	0	|	rapi	0.27	0.29	0	|	78.0	0.29(78)	0.29(78)	|	3011	
3739	722	ok	|	0.27	1.00	1.00	0.29	0.14	0	|	rapi	0.27	0.29	0	|	78.0	0.29(78)	0.29(78)	|	3011	
3739	723	ok	|	0.28	1.00	1.00	0.31	0.15	0	|	rapi	0.28	0.31	0	|	78.0	0.31(78)	0.31(78)	|	3011	
3739	724	ok	|	0.28	1.00	1.00	0.31	0.15	0	|	rapi	0.28	0.31	0	|	78.0	0.31(78)	0.31(78)	|	3011	
3739	725	ok	|	0.27	1.00	1.00	0.29	0.15	0	|	rapi	0.27	0.29	0	|	78.0	0.29(78)	0.29(78)	|	3011	
3739	726	ok	|	0.26	1.00	1.00	0.28	0.14	0	|	rapi	0.26	0.28	0	|	78.0	0.28(78)	0.28(78)	|	3011	
3739	727	ok	|	0.24	1.00	1.00	0.26	0.13	0	|	rapi	0.24	0.26	0	|	78.0	0.26(78)	0.26(78)	|	3011	
3739	728	ok	|	0.26	1.00	1.00	0.28	0.14	0	|	rapi	0.26	0.28	0	|	78.0	0.28(78)	0.28(78)	|	3011	
3739	729	ok	|	0.28	1.00	1.00	0.30	0.15	0	|	rapi	0.28	0.30	0	|	78.0	0.30(78)	0.30(78)	|	3011	
3739	730	ok	|	0.27	1.00	1.00	0.28	0.14	0	|	rapi	0.27	0.28	0	|	78.0	0.28(78)	0.28(78)	|	3011	
3739	731	ok	|	0.28	1.00	1.00	0.29	0.15	0	|	rapi	0.28	0.29	0	|	78.0	0.29(78)	0.29(78)	|	3011	
3739	732	ok	|	0.26	1.00	1.00	0.27	0.14	0	|	rapi	0.26	0.27	0	|	78.0	0.27(78)	0.27(78)	|	3011	
3739	733	ok	|	0.25	1.00	1.00	0.27	0.14	0	|	rapi	0.25	0.27	0	|	78.0	0.27(78)	0.27(78)	|	3011	
3739	734	ok	|	0.25	1.00	1.00	0.26	0.13	0	|	rapi	0.25	0.26	0	|	78.0	0.26(78)	0.26(78)	|	3011	
3739	735	ok	|	0.24	1.00	1.00	0.25	0.13	0	|	rapi	0.24	0.25	0	|	78.0	0.25(78)	0.25(78)	|	3011	
3739	736	ok	|	0.24	1.00	1.00	0.26	0.13	0	|	rapi	0.24	0.26	0	|	78.0	0.26(78)	0.26(78)	|	3011	
3739	737	ok	|	0.25	1.00	1.00	0.27	0.14	0	|	rapi	0.25	0.27	0	|	78.0	0.27(78)	0.27(78)	|	3011	
3739	738	ok	|	0.25	1.00	1.00	0.28	0.14	0	|	rapi	0.25	0.28	0	|	78.0	0.28(78)	0.28(78)	|	3011	
3739	739	ok	|	0.24	1.00	1.00	0.25	0.12	0	|	rapi	0.24	0.25	0	|	78.0	0.25(78)	0.25(78)	|	3011	
3739	740	ok	|	0.24	1.00	1.00	0.25	0.12	0	|	rapi	0.24	0.25	0	|	78.0	0.25(78)	0.25(78)	|	3011	
3739	741	ok	|	0.25	1.00	1.00	0.27	0.13	0	|	rapi	0.25	0.27	0	|	78.0	0.27(78)	0.27(78)	|	3011	
3739	742	ok	|	0.24	1.00	1.00	0.26	0.13	0	|	rapi	0.24	0.26	0	|	78.0	0.26(78)	0.26(78)	|	3011	
3739	743	ok	|	0.25	1.00	1.00	0.26	0.13	0	|	rapi	0.25	0.26	0	|	78.0	0.26(78)	0.26(78)	|	3011	
3739	744	ok	|	0.24	1.00	1.00	0.26	0.13	0	|	rapi	0.24	0.26	0	|	78.0	0.26(78)	0.26(78)	|	3011	
3739	745	ok	|	0.24	1.00	1.00	0.26	0.13	0	|	rapi	0.24	0.26	0	|	78.0	0.26(78)	0.26(78)	|	3011	
3739	746	ok	|	0.25	1.00	1.00	0.26	0.13	0	|	rapi	0.25	0.26	0	|	78.0	0.26(78)	0.26(78)	|	3011	
3739	747	ok	|	0.20	1.00	1.00	0.22	0.11	0	|	rapi	0.20	0.22	0	|	78.0	0.22(78)	0.22(78)	|	3011	
3739	748	ok	|	0.21	1.00	1.00	0.22	0.11	0	|	rapi	0.21	0.22	0	|	78.0	0.22(78)	0.22(78)	|	3011	
3739	749	ok	|	0.19	1.00	1.00	0.20	0.10	0	|	rapi	0.19	0.20	0	|	78.0	0.20(78)	0.20(78)	|	3011	
3739	750	ok	|	0.18	1.00	1.00	0.20	0.10	0	|	rapi	0.18	0.20	0	|	78.0	0.20(78)	0.20(78)	|	3011	
3739	751	ok	|	0.20	1.00	1.00	0.21	0.10	0	|	rapi	0.20	0.21	0	|	78.0	0.21(78)	0.21(78)	|	3011	
3739	752	ok	|	0.20	1.00	1.00	0.22	0.11	0	|	rapi	0.20	0.22	0	|	78.0	0.22(78)	0.22(78)	|	3011	
3739	753	ok	|	0.22	1.00	1.00	0.23	0.11	0	|	rapi	0.22	0.23	0	|	78.0	0.23(78)	0.23(78)	|	3011	
3739	754	ok	|	0.20	1.00	1.00	0.22	0.11	0	|	rapi	0.20	0.22	0	|	78.0	0.22(78)	0.22(78)	|	3011	
3739	755	ok	|	0.19	1.00	1.00	0.20	0.10	0	|	rapi	0.19	0.20	0	|	78.0	0.20(78)	0.20(78)	|	3011	
3739	756	ok	|	0.20	1.00	1.00	0.21	0.10	0	|	rapi	0.20	0.21	0	|	78.0	0.21(78)	0.21(78)	|	3011	
3739	757	ok	|	0.20	1.00	1.00	0.20	0.10	0	|	rapi	0.20	0.20	0	|	78.0	0.20(78)	0.20(78)	|	3011	
3739	758	ok	|	0.20	1.00	1.00	0.22	0.11	0	|	rapi	0.20	0.22	0	|	78.0	0.22(78)	0.22(78)	|	3011	
3739	759	ok	|	0.20	1.00	1.00	0.21	0.11	0	|	rapi	0.20	0.21	0	|	78.0	0.21(78)	0.21(78)	|	3011	
3739	760	ok	|	0.19	1.00	1.00	0.20	0.10	0	|	rapi	0.19	0.20	0	|	78.0	0.20(78)	0.20(78)	|	3011	
3739	761	ok	|	0.20	1.00	1.00	0.20	0.10	0	|	rapi	0.20	0.20	0	|	78.0	0.20(78)	0.20(78)	|	3011	
3739	762	ok	|	0.19	1.00	1.00	0.19	0.10	0	|	rapi	0.19	0.19	0	|	78.0	0.19(78)	0.19(78)	|	3011	
3739	763	ok	|	0.20	1.00	1.00	0.21	0.11	0	|	rapi	0.20	0.21	0	|	78.0	0.21(78)	0.21(78)	|	3011	
3739	764	ok	|	0.20	1.00	1.00	0.21	0.11	0	|	rapi	0.20	0.21	0	|	78.0	0.21(78)	0.21(78)	|	3011	
3739	765	ok	|	0.20	1.00	1.00	0.21	0.11	0	|	rapi	0.20	0.21	0	|	78.0	0.21(78)	0.21(78)	|	3011	
3739	766	ok	|	0.21	1.00	1.00	0.22	0.11	0	|	rapi	0.21	0.22	0	|	78.0	0.22(78)	0.22(78)	|	3011	
3739	767	ok	|	0.21	1.00	1.00	0.23	0.11	0	|	rapi	0.21	0.23	0	|	78.0	0.23(78)	0.23(78)	|	3011	
3739	768	ok	|	0.21	1.00	1.00	0.22	0.11	0	|	rapi	0.21	0.22	0	|	78.0	0.22(78)	0.22(78)	|	3011	
3739	769	ok	|	0.22	1.00	1.00	0.24	0.12	0	|	rapi	0.22	0.24	0	|	78.0	0.24(78)	0.24(78)	|	3011	
3739	770	ok	|	0.24	1.00	1.00	0.26	0.13	0	|	rapi	0.24	0.26	0	|	78.0	0.26(78)	0.26(78)	|	3011	
3739	771	ok	|	0.26	1.00	1.00	0.28	0.14	0	|	rapi	0.26	0.28	0	|	78.0	0.28(78)	0.28(78)	|	3011	
3739	772	ok	|	0.23	1.00	1.00	0.25	0.12	0	|	rapi	0.23	0.25	0	|	78.0	0.25(78)	0.25(78)	|	3011	
3739	773	ok	|	0.24	1.00	1.00	0.26	0.13	0	|	rapi	0.24	0.26	0	|	78.0	0.26(78)	0.26(78)	|	3011	
3739	774	ok	|	0.25	1.00	1.00	0.26	0.13	0	|	rapi	0.25	0.26	0	|	78.0	0.26(78)	0.26(78)	|	3011	
3739	775	ok	|	0.24	1.00	1.00	0.25	0.13	0	|	rapi	0.24	0.25	0	|	78.0	0.25(78)	0.25(78)	|	3011	
3739	776	ok	|	0.23	1.00	1.00	0.24	0.12	0	|	rapi	0.23	0.24	0	|	78.0	0.24(78)	0.24(78)	|	3011	
3739	777	ok	|	0.23	1.00	1.00	0.24	0.12	0	|	rapi	0.23	0.24	0	|	78.0	0.24(78)	0.24(78)	|	3011	
3739	778	ok	|	0.24	1.00	1.00	0.25	0.13	0	|	rapi	0.24	0.25	0	|	78.0	0.25(78)	0.25(78)	|	3011	
3739	779	ok	|	0.26	1.00	1.00	0.27	0.14	0	|	rapi	0.26	0.27	0	|	78.0	0.27(78)	0.27(78)	|	3011	
3739	780	ok	|	0.27	1.00	1.00	0.29	0.14	0	|	rapi	0.27	0.29	0	|	78.0	0.29(78)	0.29(78)	|	3011	
3739	781	ok	|	0.26	1.00	1.00	0.28	0.14	0	|	rapi	0.26	0.28	0	|	78.0	0.28(78)	0.28(78)	|	3011	
3739	782	ok	|	0.26	1.00	1.00	0.29	0.14	0	|	rapi	0.26	0.29	0	|	78.0	0.29(78)	0.29(78)	|	3011	
3739	783	ok	|	0.26	1.00	1.00	0.27	0.14	0	|	rapi	0.26	0.27	0	|	78.0	0.27(78)	0.27(78)	|	3011	
3739	784	ok	|	0.25	1.00	1.00	0.27	0.13	0	|	rapi	0.25	0.27	0	|	78.0	0.27(78)	0.27(78)	|	3011	
3739	785	ok	|	0.25	1.00	1.00	0.27	0.14	0	|	rapi	0.25	0.27	0	|	78.0	0.27(78)	0.27(78)	|	3011	
3739	786	ok	|	0.28	1.00	1.00	0.29	0.15	0	|	rapi	0.28	0.29	0	|	78.0	0.29(78)	0.29(78)	|	3011	
3739	787	ok	|	0.28	1.00	1.00	0.30	0.15	0	|	rapi	0.28	0.30	0	|	78.0	0.30(78)	0.30(78)	|	3011	
3739	788	ok	|	0.27	1.00	1.00	0.29	0.14	0	|	rapi	0.27	0.29	0	|	78.0	0.29(78)	0.29(78)	|	3011	
3739	789	ok	|	0.26	1.00	1.00	0.27	0.14	0	|	rapi	0.26	0.27	0	|	78.0	0.27(78)	0.27(78)	|	3011	
3739	790	ok	|	0.25	1.00	1.00	0.27	0.14	0	|	rapi	0.25	0.27	0	|	78.0	0.27(78)	0.27(78)	|	3011	
3739	791	ok	|	0.27	1.00	1.00	0.29	0.15	0	|	rapi	0.27	0.29	0	|	78.0	0.29(78)	0.29(78)	|	3011	
3739	792	ok	|	0.26	1.00	1.00	0.29	0.14	0	|	rapi	0.26	0.29	0	|	78.0	0.29(78)	0.29(78)	|	3011	
3739	793	ok	|	0.27	1.00	1.00	0.28	0.14	0	|	rapi	0.27	0.28	0	|	78.0	0.28(78)	0.28(78)	|	3011	
3739	794	ok	|	0.27	1.00	1.00	0.28	0.14	0	|	rapi	0.27	0.28	0	|	78.0	0.28(78)	0.28(78)	|	3011	
3739	795	ok	|	0.26	1.00	1.00	0.29	0.14	0	|	rapi	0.26	0.29	0	|	78.0	0.29(78)	0.29(78)	|	3011	
3739	796	ok	|	0.27	1.00	1.00	0.28	0.14	0	|	rapi	0.27	0.28	0	|	78.0	0.28(78)	0.28(78)	|	3011	
3739	797	ok	|	0.23	1.00	1.00	0.24	0.12	0	|	rapi	0.23	0.24	0	|	78.0	0.24(78)	0.24(78)	|	3011	
3739	798	ok	|	0.23	1.00	1.00	0.25	0.13	0	|	rapi	0.23	0.25	0	|	78.0	0.25(78)	0.25(78)	|	3011	
3739	799	ok	|	0.21	1.00	1.00	0.23	0.12	0	|	rapi	0.21	0.23	0	|	78.0	0.23(78)	0.23(78)	|	3011	
3739	800	ok	|	0.20	1.00	1.00	0.21	0.11	0	|	rapi	0.20	0.21	0	|	78.0	0.21(78)	0.21(78)	|	3011	
3739	801	ok	|	0.20	1.00	1.00	0.20	0.10	0	|	rapi	0.20	0.20	0	|	78.0	0.20(78)	0.20(78)	|	3011	
3739	802	ok	|	0.20	1.00	1.00	0.21	0.10	0	|	rapi	0.20	0.21	0	|	78.0	0.21(78)	0.21(78)	|	3011	
3739	803	ok	|	0.19	1.00	1.00	0.20	0.10	0	|	rapi	0.19	0.20	0	|	78.0	0.20(78)	0.20(78)	|	3011	
3739	804	ok	|	0.21	1.00	1.00	0.22	0.11	0	|	rapi	0.21	0.22	0	|	78.0	0.22(78)	0.22(78)	|	3011	
3739	805	ok	|	0.21	1.00	1.00	0.22	0.11	0	|	rapi	0.21	0.22	0	|	78.0	0.22(78)	0.22(78)	|	3011	
3739	806	ok	|	0.23	1.00	1.00	0.24	0.12	0	|	rapi	0.23	0.24	0	|	78.0	0.24(78)	0.24(78)	|	3011	
3739	807	ok	|	0.22	1.00	1.00	0.23	0.12	0	|	rapi	0.22	0.23	0	|	78.0	0.23(78)	0.23(78)	|	3011	
3739	808	ok	|	0.23	1.00	1.00	0.24	0.12	0	|	rapi	0.23	0.24	0	|	78.0	0.24(78)	0.24(78)	|	3011	
3739	809	ok	|	0.22	1.00	1.00	0.23	0.12	0	|	rapi	0.22	0.23	0	|	78.0	0.23(78)	0.23(78)	|	3011	
3739	810	ok	|	0.22	1.00	1.00	0.23	0.12	0	|	rapi	0.22	0.23	0	|	78.0	0.23(78)	0.23(78)	|	3011	
3739	811	ok	|	0.22	1.00	1.00	0.23	0.11	0	|	rapi	0.22	0.23	0	|	78.0	0.23(78)	0.23(78)	|	3011	
3739	812	ok	|	0.22	1.00	1.00	0.24	0.12	0	|	rapi	0.22	0.24	0	|	78.0	0.24(78)	0.24(78)	|	3011	
3739	813	ok	|	0.22	1.00	1.00	0.23	0.12	0	|	rapi	0.22	0.23	0	|	78.0	0.23(78)	0.23(78)	|	3011	
3739	814	ok	|	0.23	1.00	1.00	0.24	0.12	0	|	rapi	0.23	0.24	0	|	78.0	0.24(78)	0.24(78)	|	3011	
3739	815	ok	|	0.24	1.00	1.00	0.25	0.12	0	|	rapi	0.24	0.25	0	|	78.0	0.25(78)	0.25(78)	|	3011	
3739	816	ok	|	0.23	1.00	1.00	0.24	0.12	0	|	rapi	0.23	0.24	0	|	78.0	0.24(78)	0.24(78)	|	3011	
3739	817	ok	|	0.23	1.00	1.00	0.25	0.12	0	|	rapi	0.23	0.25	0	|	78.0	0.25(78)	0.25(78)	|	3011	
3739	818	ok	|	0.23	1.00	1.00	0.24	0.12	0	|	rapi	0.23	0.24	0	|	78.0	0.24(78)	0.24(78)	|	3011	
3739	819	ok	|	0.21	1.00	1.00	0.22	0.11	0	|	rapi	0.21	0.22	0	|	78.0	0.22(78)	0.22(78)	|	3011	
3739	820	ok	|	0.22	1.00	1.00	0.23	0.12	0	|	rapi	0.22	0.23	0	|	78.0	0.23(78)	0.23(78)	|	3011	
3739	821	ok	|	0.22	1.00	1.00	0.23	0.12	0	|	rapi	0.22	0.23	0	|	78.0	0.23(78)	0.23(78)	|	3011	
3739	822	ok	|	0.19	1.00	1.00	0.20	0.10	0	|	rapi	0.19	0.20	0	|	78.0	0.20(78)	0.20(78)	|	3011	
3739	823	ok	|	0.17	1.00	1.00	0.19	0.09	0	|	rapi	0.17	0.19	0	|	78.0	0.19(78)	0.19(78)	|	3011	
3739	824	ok	|	0.18	1.00	1.00	0.19	0.10	0	|	rapi	0.18	0.19	0	|	78.0	0.19(78)	0.19(78)	|	3011	
3739	825	ok	|	0.20	1.00	1.00	0.21	0.11	0	|	rapi	0.20	0.21	0	|	78.0	0.21(78)	0.21(78)	|	3011	
3739	826	ok	|	0.20	1.00	1.00	0.21	0.11	0	|	rapi	0.20	0.21	0	|	78.0	0.21(78)	0.21(78)	|	3011	
3739	827	ok	|	0.20	1.00	1.00	0.21	0.11	0	|	rapi	0.20	0.21	0	|	78.0	0.21(78)	0.21(78)	|	3011	
3739	828	ok	|	0.20	1.00	1.00	0.21	0.10	0	|	rapi	0.20	0.21	0	|	78.0	0.21(78)	0.21(78)	|	3011	
3739	829	ok	|	0.21	1.00	1.00	0.21	0.11	0	|	rapi	0.21	0.21	0	|	78.0	0.21(78)	0.21(78)	|	3011	
3739	830	ok	|	0.20	1.00	1.00	0.21	0.10	0	|	rapi	0.20	0.21	0	|	78.0	0.21(78)	0.21(78)	|	3011	
3739	831	ok	|	0.20	1.00	1.00	0.21	0.11	0	|	rapi	0.20	0.21	0	|	78.0	0.21(78)	0.21(78)	|	3011	
3739	832	ok	|	0.21	1.00	1.00	0.22	0.11	0	|	rapi	0.21	0.22	0	|	78.0	0.22(78)	0.22(78)	|	3011	
3739	833	ok	|	0.21	1.00	1.00	0.23	0.11	0	|	rapi	0.21	0.23	0	|	78.0	0.23(78)	0.23(78)	|	3011	
3739	834	ok	|	0.21	1.00	1.00	0.23	0.12	0	|	rapi	0.21	0.23	0	|	78.0	0.23(78)	0.23(78)	|	3011	
3739	835	ok	|	0.21	1.00	1.00	0.23	0.11	0	|	rapi	0.21	0.23	0	|	78.0	0.23(78)	0.23(78)	|	3011	
3739	836	ok	|	0.22	1.00	1.00	0.23	0.12	0	|	rapi	0.22	0.23	0	|	78.0	0.23(78)	0.23(78)	|	3011	
3739	837	ok	|	0.24	1.00	1.00	0.25	0.13	0	|	rapi	0.24	0.25	0	|	78.0	0.25(78)	0.25(78)	|	3011	
3739	838	ok	|	0.24	1.00	1.00	0.26	0.13	0	|	rapi	0.24	0.26	0	|	78.0	0.26(78)	0.26(78)	|	3011	
3739	839	ok	|	0.21	1.00	1.00	0.23	0.11	0	|	rapi	0.21	0.23	0	|	78.0	0.23(78)	0.23(78)	|	3011	
3739	840	ok	|	0.21	1.00	1.00	0.22	0.11	0	|	rapi	0.21	0.22	0	|	78.0	0.22(78)	0.22(78)	|	3011	
3739	841	ok	|	0.21	1.00	1.00	0.22	0.11	0	|	rapi	0.21	0.22	0	|	78.0	0.22(78)	0.22(78)	|	3011	
3739	842	ok	|	0.23	1.00	1.00	0.24	0.12	0	|	rapi	0.23	0.24	0	|	78.0	0.24(78)	0.24(78)	|	3011	
3739	843	ok	|	0.21	1.00	1.00	0.23	0.11	0	|	rapi	0.21	0.23	0	|	78.0	0.23(78)	0.23(78)	|	3011	
3739	844	ok	|	0.22	1.00	1.00	0.23	0.12	0	|	rapi	0.22	0.23	0	|	78.0	0.23(78)	0.23(78)	|	3011	
3739	845	ok	|	0.21	1.00	1.00	0.23	0.12	0	|	rapi	0.21	0.23	0	|	78.0	0.23(78)	0.23(78)	|	3011	
3739	846	ok	|	0.20	1.00	1.00	0.21	0.11	0	|	rapi	0.20	0.21	0	|	78.0	0.21(78)	0.21(78)	|	3011	
3739	847	ok	|	0.20	1.00	1.00	0.21	0.10	0	|	rapi	0.20	0.21	0	|	78.0	0.21(78)	0.21(78)	|	3011	
3739	848	ok	|	0.17	1.00	1.00	0.18	0.09	0	|	rapi	0.17	0.18	0	|	78.0	0.18(78)	0.18(78)	|	3011	
3739	849	ok	|	0.16	1.00	1.00	0.17	0.08	0	|	rapi	0.16	0.17	0	|	78.0	0.17(78)	0.17(78)	|	3011	
3739	850	ok	|	0.16	1.00	1.00	0.17	0.08	0	|	rapi	0.16	0.17	0	|	78.0	0.17(78)	0.17(78)	|	3011	
3739	851	ok	|	0.16	1.00	1.00	0.17	0.08	0	|	rapi	0.16	0.17	0	|	78.0	0.17(78)	0.17(78)	|	3011	
3739	852	ok	|	0.16	1.00	1.00	0.17	0.09	0	|	rapi	0.16	0.17	0	|	78.0	0.17(78)	0.17(78)	|	3011	
3739	853	ok	|	0.17	1.00	1.00	0.18	0.09	0	|	rapi	0.17	0.18	0	|	78.0	0.18(78)	0.18(78)	|	3011	
3739	854	ok	|	0.17	1.00	1.00	0.18	0.09	0	|	rapi	0.17	0.18	0	|	78.0	0.18(78)	0.18(78)	|	3011	
3739	855	ok	|	0.17	1.00	1.00	0.17	0.09	0	|	rapi	0.17	0.17	0	|	78.0	0.17(78)	0.17(78)	|	3011	
3739	856	ok	|	0.16	1.00	1.00	0.17	0.09	0	|	rapi	0.16	0.17	0	|	78.0	0.17(78)	0.17(78)	|	3011	
3739	857	ok	|	0.18	1.00	1.00	0.18	0.09	0	|	rapi	0.18	0.18	0	|	78.0	0.18(78)	0.18(78)	|	3011	
3739	858	ok	|	0.18	1.00	1.00	0.18	0.09	0	|	rapi	0.18	0.18	0	|	78.0	0.18(78)	0.18(78)	|	3011	
3739	859	ok	|	0.17	1.00	1.00	0.18	0.09	0	|	rapi	0.17	0.18	0	|	78.0	0.18(78)	0.18(78)	|	3011	
3739	860	ok	|	0.17	1.00	1.00	0.18	0.09	0	|	rapi	0.17	0.18	0	|	78.0	0.18(78)	0.18(78)	|	3011	
3739	861	ok	|	0.16	1.00	1.00	0.17	0.08	0	|	rapi	0.16	0.17	0	|	78.0	0.17(78)	0.17(78)	|	3011	
3739	862	ok	|	0.16	1.00	1.00	0.17	0.09	0	|	rapi	0.16	0.17	0	|	78.0	0.17(78)	0.17(78)	|	3011	
3739	863	ok	|	0.16	1.00	1.00	0.17	0.09	0	|	rapi	0.16	0.17	0	|	78.0	0.17(78)	0.17(78)	|	3011	
3739	864	ok	|	0.15	1.00	1.00	0.15	0.08	0	|	rapi	0.15	0.15	0	|	78.0	0.15(78)	0.15(78)	|	3011	
3739	865	ok	|	0.16	1.00	1.00	0.17	0.08	0	|	rapi	0.16	0.17	0	|	78.0	0.17(78)	0.17(78)	|	3011	
3739	866	ok	|	0.16	1.00	1.00	0.16	0.08	0	|	rapi	0.16	0.16	0	|	78.0	0.16(78)	0.16(78)	|	3011	
3739	867	ok	|	0.15	1.00	1.00	0.15	0.08	0	|	rapi	0.15	0.15	0	|	78.0	0.15(78)	0.15(78)	|	3011	
3739	868	ok	|	0.15	1.00	1.00	0.15	0.07	0	|	rapi	0.15	0.15	0	|	78.0	0.15(78)	0.15(78)	|	3011	
3739	869	ok	|	0.14	1.00	1.00	0.14	0.07	0	|	rapi	0.14	0.14	0	|	78.0	0.14(78)	0.14(78)	|	3011	
3739	870	ok	|	0.12	1.00	1.00	0.13	0.07	0	|	rapi	0.12	0.13	0	|	78.0	0.13(78)	0.13(78)	|	3011	
3739	871	ok	|	0.14	1.00	1.00	0.15	0.07	0	|	rapi	0.14	0.15	0	|	78.0	0.15(78)	0.15(78)	|	3011	
3739	872	ok	|	0.14	1.00	1.00	0.14	0.07	0	|	rapi	0.14	0.14	0	|	78.0	0.14(78)	0.14(78)	|	3011	
3739	873	ok	|	0.11	1.00	1.00	0.12	0.06	0	|	rapi	0.11	0.12	0	|	78.0	0.12(78)	0.12(78)	|	3011	
3739	874	ok	|	0.10	1.00	1.00	0.10	0.05	0	|	rapi	0.10	0.10	0	|	78.0	0.10(78)	0.10(78)	|	3011	
3739	875	ok	|	0.11	1.00	1.00	0.11	0.05	0	|	rapi	0.11	0.11	0	|	78.0	0.11(78)	0.11(78)	|	3011	
3739	876	ok	|	0.08	1.00	1.00	0.08	0.04	0	|	rapi	0.08	0.08	0	|	78.0	0.08(78)	0.08(78)	|	3011	
3739	877	ok	|	0.07	1.00	1.00	0.07	0.04	0	|	rapi	0.07	0.07	0	|	78.0	0.07(78)	0.07(78)	|	3011	
3739	878	ok	|	0.07	1.00	1.00	0.07	0.03	0	|	rapi	0.07	0.07	0	|	78.0	0.07(78)	0.07(78)	|	3011	
3739	879	ok	|	0.06	1.00	1.00	0.06	0.03	0	|	rapi	0.06	0.06	0	|	78.0	0.06(78)	0.06(78)	|	3011	
3739	880	ok	|	0.07	1.00	1.00	0.07	0.03	0	|	rapi	0.07	0.07	0	|	78.0	0.07(78)	0.07(78)	|	3011	
3739	881	ok	|	0.06	1.00	1.00	0.06	0.03	0	|	rapi	0.06	0.06	0	|	78.0	0.06(78)	0.06(78)	|	3011	
3739	882	ok	|	0.05	1.00	1.00	0.05	0.02	0	|	rapi	0.05	0.05	0	|	78.0	0.05(78)	0.05(78)	|	3011	
3739	883	ok	|	0.05	1.00	1.00	0.05	0.03	0	|	rapi	0.05	0.05	0	|	78.0	0.05(78)	0.05(78)	|	3011	
3739	884	ok	|	0.05	1.00	1.00	0.05	0.02	0	|	rapi	0.05	0.05	0	|	78.0	0.05(78)	0.05(78)	|	3011	
3739	885	ok	|	0.05	1.00	1.00	0.05	0.02	0	|	rapi	0.05	0.05	0	|	78.0	0.05(78)	0.05(78)	|	3011	
3739	886	ok	|	0.05	1.00	1.00	0.05	0.02	0	|	rapi	0.05	0.05	0	|	78.0	0.05(78)	0.05(78)	|	3011	
3739	887	ok	|	0.05	1.00	1.00	0.05	0.02	0	|	rapi	0.05	0.05	0	|	78.0	0.05(78)	0.05(78)	|	3011	
3739	888	ok	|	0.05	1.00	1.00	0.05	0.03	0	|	rapi	0.05	0.05	0	|	78.0	0.05(78)	0.05(78)	|	3011	
3739	889	ok	|	0.04	1.00	1.00	0.04	0.02	0	|	rapi	0.04	0.04	0	|	78.0	0.04(78)	0.04(78)	|	3011	
3739	890	ok	|	0.04	1.00	1.00	0.04	0.02	0	|	rapi	0.04	0.04	0	|	78.0	0.04(78)	0.04(78)	|	3011	
3739	891	ok	|	0.03	1.00	1.00	0.03	0.01	0	|	rapi	0.03	0.03	0	|	78.0	0.03(78)	0.03(78)	|	3011	
3739	892	ok	|	0.02	1.00	1.00	0.02	0.01	0	|	rapi	0.02	0.02	0	|	78.0	0.02(78)	0.02(78)	|	3011	
3739	893	ok	|	0.02	1.00	1.00	0.02	0.01	0	|	rapi	0.02	0.02	0	|	78.0	0.02(78)	0.02(78)	|	3011	
3739	894	ok	|	0.02	1.00	1.00	0.02	0.01	0	|	rapi	0.02	0.02	0	|	78.0	0.02(78)	0.02(78)	|	3011	
3739	895	ok	|	0.01	1.00	1.00	0.01	0.01	0	|	rapi	0.01	0.01	0	|	78.0	0.01(78)	0.01(78)	|	3011	
3739	896	ok	|	0.02	1.00	1.00	0.02	0.01	0	|	rapi	0.02	0.02	0	|	78.0	0.02(78)	0.02(78)	|	3011	
3739	897	ok	|	0.02	1.00	1.00	0.02	0.01	0	|	rapi	0.02	0.02	0	|	78.0	0.02(78)	0.02(78)	|	3011	
3739	898	ok	|	0.01	1.00	1.00	0.01	0.01	0	|	rapi	0.01	0.01	0	|	78.0	0.01(78)	0.01(78)	|	3011	
3739	899	ok	|	0.01	1.00	1.00	0.01	0.01	0	|	rapi	0.01	0.01	0	|	78.0	0.01(78)	0.01(78)	|	3011	
3739	900	ok	|	0.01	1.00	1.00	0.01	0.01	0	|	rapi	0.01	0.01	0	|	78.0	0.01(78)	0.01(78)	|	3011	
3739	901	ok	|	0.01	1.00	1.00	0.01	0.00	0	|	rapi	0.01	0.01	0	|	78.0	0.01(78)	0.01(78)	|	3011	
3739	902	ok	|	0.01	1.00	1.00	0.01	0.01	0	|	rapi	0.01	0.01	0	|	78.0	0.01(78)	0.01(78)	|	3011	
3739	903	ok	|	0.01	1.00	1.00	0.01	0.00	0	|	rapi	0.01	0.01	0	|	78.0	0.01(78)	0.01(78)	|	3011	
3739	904	ok	|	0.01	1.00	1.00	0.01	0.01	0	|	rapi	0.01	0.01	0	|	78.0	0.01(78)	0.01(78)	|	3011	
3739	905	ok	|	0.02	1.00	1.00	0.02	0.01	0	|	rapi	0.02	0.02	0	|	78.0	0.02(78)	0.02(78)	|	3011	
3739	906	ok	|	0.02	1.00	1.00	0.02	0.01	0	|	rapi	0.02	0.02	0	|	78.0	0.02(78)	0.02(78)	|	3011	
3739	907	ok	|	0.02	1.00	1.00	0.02	0.01	0	|	rapi	0.02	0.02	0	|	78.0	0.02(78)	0.02(78)	|	3011	
3739	908	ok	|	0.01	1.00	1.00	0.01	0.01	0	|	rapi	0.01	0.01	0	|	78.0	0.01(78)	0.01(78)	|	3011	
3739	909	ok	|	0.02	1.00	1.00	0.02	0.01	0	|	rapi	0.02	0.02	0	|	78.0	0.02(78)	0.02(78)	|	3011	
3739	910	ok	|	0.02	1.00	1.00	0.02	0.01	0	|	rapi	0.02	0.02	0	|	78.0	0.02(78)	0.02(78)	|	3011	
3739	911	ok	|	0.02	1.00	1.00	0.02	0.01	0	|	rapi	0.02	0.02	0	|	78.0	0.02(78)	0.02(78)	|	3011	
3739	912	ok	|	0.01	1.00	1.00	0.01	0.01	0	|	rapi	0.01	0.01	0	|	78.0	0.01(78)	0.01(78)	|	3011	
3739	913	ok	|	0.01	1.00	1.00	0.01	0.01	0	|	rapi	0.01	0.01	0	|	78.0	0.01(78)	0.01(78)	|	3011	
3739	914	ok	|	0.01	1.00	1.00	0.01	0.01	0	|	rapi	0.01	0.01	0	|	78.0	0.01(78)	0.01(78)	|	3011	
3739	915	ok	|	0.01	1.00	1.00	0.01	0.01	0	|	rapi	0.01	0.01	0	|	78.0	0.01(78)	0.01(78)	|	3011	
3739	916	ok	|	0.01	1.00	1.00	0.01	0.01	0	|	rapi	0.01	0.01	0	|	78.0	0.01(78)	0.01(78)	|	3011	
3739	917	ok	|	0.02	1.00	1.00	0.02	0.01	0	|	rapi	0.02	0.02	0	|	78.0	0.02(78)	0.02(78)	|	3011	
3739	918	ok	|	0.02	1.00	1.00	0.02	0.01	0	|	rapi	0.02	0.02	0	|	78.0	0.02(78)	0.02(78)	|	3011	
3739	919	ok	|	0.01	1.00	1.00	0.01	0.01	0	|	rapi	0.01	0.01	0	|	78.0	0.01(78)	0.01(78)	|	3011	
3739	920	ok	|	0.01	1.00	1.00	0.01	0.01	0	|	rapi	0.01	0.01	0	|	78.0	0.01(78)	0.01(78)	|	3011	
3739	921	ok	|	0.01	1.00	1.00	0.01	0.01	0	|	rapi	0.01	0.01	0	|	78.0	0.01(78)	0.01(78)	|	3011	
3739	922	ok	|	0.01	1.00	1.00	0.01	0.01	0	|	rapi	0.01	0.01	0	|	78.0	0.01(78)	0.01(78)	|	3011	
3739	923	ok	|	0.01	1.00	1.00	0.01	0.01	0	|	rapi	0.01	0.01	0	|	78.0	0.01(78)	0.01(78)	|	3011	
3739	924	ok	|	0.01	1.00	1.00	0.01	0.00	0	|	rapi	0.01	0.01	0	|	78.0	0.01(78)	0.01(78)	|	3011	
3739	925	ok	|	0.01	1.00	1.00	0.01	0.00	0	|	rapi	0.01	0.01	0	|	78.0	0.01(78)	0.01(78)	|	3011	
3739	926	ok	|	0.01	1.00	1.00	0.01	0.00	0	|	rapi	0.01	0.01	0	|	78.0	0.01(78)	0.01(78)	|	3011	
3739	927	ok	|	0.01	1.00	1.00	0.01	0.00	0	|	rapi	0.01	0.01	0	|	78.0	0.01(78)	0.01(78)	|	3011	
3739	928	ok	|	0.00	1.00	1.00	0.00	0.00	0	|	rapi	0.00	0.00	0	|	78.0	0.00(78)	0.00(78)	|	3011	
3739	929	ok	|	0.01	1.00	1.00	0.01	0.00	0	|	rapi	0.01	0.01	0	|	78.0	0.01(78)	0.01(78)	|	3011	
3739	930	ok	|	0.01	1.00	1.00	0.01	0.00	0	|	rapi	0.01	0.01	0	|	78.0	0.01(78)	0.01(78)	|	3011	
3739	931	ok	|	0.01	1.00	1.00	0.01	0.01	0	|	rapi	0.01	0.01	0	|	78.0	0.01(78)	0.01(78)	|	3011	
3739	932	ok	|	0.01	1.00	1.00	0.01	0.01	0	|	rapi	0.01	0.01	0	|	78.0	0.01(78)	0.01(78)	|	3011	
3739	933	ok	|	0.01	1.00	1.00	0.01	0.01	0	|	rapi	0.01	0.01	0	|	78.0	0.01(78)	0.01(78)	|	3011	
3739	934	ok	|	0.02	1.00	1.00	0.02	0.01	0	|	rapi	0.02	0.02	0	|	78.0	0.02(78)	0.02(78)	|	3011	
3739	935	ok	|	0.01	1.00	1.00	0.01	0.01	0	|	rapi	0.01	0.01	0	|	78.0	0.01(78)	0.01(78)	|	3011	
3739	936	ok	|	0.01	1.00	1.00	0.01	0.00	0	|	rapi	0.01	0.01	0	|	78.0	0.01(78)	0.01(78)	|	3011	
3739	937	ok	|	0.01	1.00	1.00	0.01	0.00	0	|	rapi	0.01	0.01	0	|	78.0	0.01(78)	0.01(78)	|	3011	
3739	938	ok	|	0.00	1.00	1.00	0.00	0.00	0	|	rapi	0.00	0.00	0	|	78.0	0.00(78)	0.00(78)	|	3011	
3739	939	ok	|	0.00	1.00	1.00	0.00	0.00	0	|	rapi	0.00	0.00	0	|	78.0	0.00(78)	0.00(78)	|	3011	
3739	940	ok	|	0.00	1.00	1.00	0.00	0.00	0	|	rapi	0.00	0.00	0	|	78.0	0.00(78)	0.00(78)	|	3011	
3739	941	ok	|	0.00	1.00	1.00	0.00	0.00	0	|	rapi	0.00	0.00	0	|	78.0	0.00(78)	0.00(78)	|	3011	
3739	942	ok	|	0.00	1.00	1.00	0.00	0.00	0	|	rapi	0.00	0.00	0	|	78.0	0.00(78)	0.00(78)	|	3011	
3739	943	ok	|	0.00	1.00	1.00	0.00	0.00	0	|	rapi	0.00	0.00	0	|	78.0	0.00(78)	0.00(78)	|	3011	
3739	944	fail-0	|	0.00	1.00	1.00	0.00	NaN	0	|	rapi	0.00	0.00	0	|	NaN			|	3011	
