3797	0	ok	|	0.09	1.00	1.00	0.10	0.00	0	|	rapi	0.00	0.00	0	|	20.0	0.10(20)		|	1	
3797	1	ok	|	0.11	1.00	1.00	0.13	0.00	0	|	rapi	0.00	0.00	0	|	20.0	0.13(20)		|	1	
3797	2	ok	|	0.12	1.00	1.00	0.15	0.00	0	|	rapi	0.00	0.00	0	|	20.0	0.15(20)		|	1	
3797	3	ok	|	0.16	1.00	1.00	0.21	0.00	0	|	rapi	0.00	0.00	0	|	20.0	0.21(20)		|	1	
3797	4	ok	|	0.17	1.00	1.00	0.23	0.00	0	|	rapi	0.00	0.00	0	|	20.0	0.23(20)		|	1	
3797	5	ok	|	0.19	1.00	1.00	0.27	0.00	0	|	rapi	0.00	0.00	0	|	20.0	0.27(20)		|	1	
3797	6	ok	|	0.22	1.00	1.00	0.32	0.00	0	|	rapi	0.00	0.00	0	|	20.0	0.32(20)		|	1	
3797	7	ok	|	0.25	1.00	1.00	0.38	0.00	0	|	rapi	0.00	0.00	0	|	20.0	0.38(20)		|	1	
3797	8	ok	|	0.32	1.00	1.00	0.48	0.00	0	|	rapi	0.00	0.00	0	|	20.0	0.48(20)		|	1	
3797	9	ok	|	0.36	0.99	0.99	0.56	0.00	0	|	rapi	0.00	0.00	0	|	20.0	0.56(20)		|	1	
3797	10	ok	|	0.40	0.99	0.99	0.67	0.00	0	|	rapi	0.00	0.00	0	|	20.0	0.67(20)		|	1	
3797	11	ok	|	0.45	0.99	0.99	0.77	0.00	0	|	rapi	0.00	0.00	0	|	20.0	0.77(20)		|	1	
3797	12	ok	|	0.52	0.99	0.99	0.94	0.00	0	|	rapi	0.00	0.00	0	|	20.0	0.94(20)		|	1	
3797	13	ok	|	0.57	0.99	0.99	1.08	0.00	0	|	rapi	0.00	0.00	0	|	20.0	1.08(20)		|	1	
3797	14	ok	|	0.63	0.99	0.99	1.30	0.00	0	|	rapi	0.00	0.00	0	|	20.0	1.30(20)		|	1	
3797	15	ok	|	0.65	0.99	0.99	1.47	0.00	0	|	rapi	0.00	0.00	0	|	20.0	1.47(20)		|	1	
3797	16	ok	|	0.72	0.98	0.98	1.72	0.00	0	|	rapi	0.00	0.00	0	|	20.0	1.72(20)		|	1	
3797	17	ok	|	0.72	0.98	0.98	1.89	0.00	0	|	rapi	0.00	0.00	0	|	20.0	1.89(20)		|	1	
3797	18	ok	|	0.83	0.98	0.98	2.25	0.00	0	|	rapi	0.00	0.00	0	|	20.0	2.25(20)		|	1	
3797	19	ok	|	0.87	0.97	0.97	2.69	0.00	0	|	rapi	0.00	0.00	0	|	20.0	2.69(20)		|	1	
3797	20	ok	|	0.89	0.97	0.97	3.12	0.00	0	|	rapi	0.00	0.00	0	|	20.0	3.12(20)		|	1	
3797	21	ok	|	0.93	0.96	0.96	3.69	0.00	0	|	rapi	0.00	0.00	0	|	20.0	3.69(20)		|	1	
3797	22	ok	|	0.95	0.96	0.96	4.44	0.00	0	|	rapi	0.00	0.00	0	|	20.0	4.44(20)		|	1	
3797	23	ok	|	0.98	0.95	0.95	5.04	0.00	0	|	rapi	0.00	0.00	0	|	20.0	5.04(20)		|	1	
3797	24	ok	|	0.98	0.94	0.94	5.79	0.00	0	|	rapi	0.00	0.00	0	|	20.0	5.79(20)		|	1	
3797	25	ok	|	0.99	0.93	0.93	6.69	0.00	0	|	rapi	0.00	0.00	0	|	20.0	6.69(20)		|	1	
3797	26	ok	|	1.00	0.92	0.92	7.71	0.00	0	|	rapi	0.00	0.00	0	|	20.0	7.71(20)		|	1	
3797	27	ok	|	1.00	0.91	0.91	9.32	0.00	0	|	rapi	0.00	0.00	0	|	20.0	9.32(20)		|	1	
3797	28	ok	|	1.00	0.89	0.89	10.88	0.00	0	|	rapi	0.00	0.00	0	|	20.0	10.88(20)		|	1	
3797	29	ok	|	1.00	0.87	0.87	12.73	0.00	0	|	rapi	0.00	0.00	0	|	20.0	12.73(20)		|	1	
3797	30	ok	|	1.00	0.85	0.85	14.82	0.00	0	|	rapi	0.00	0.00	0	|	20.0	14.82(20)		|	1	
3797	31	ok	|	1.00	0.83	0.83	17.36	0.00	0	|	rapi	0.00	0.00	0	|	20.0	17.36(20)		|	1	
3797	32	ok	|	1.00	0.80	0.80	20.27	0.00	0	|	rapi	0.00	0.00	0	|	20.0	20.27(20)	0.00(20)	|	1	
3797	33	ok	|	1.00	0.76	0.76	23.68	0.00	0	|	rapi	0.00	0.00	0	|	20.0	23.68(20)	0.00(20)	|	1	
3797	34	ok	|	1.00	0.72	0.72	27.92	0.00	0	|	rapi	0.00	0.00	0	|	20.0	27.92(20)		|	1	
3797	35	ok	|	1.00	0.68	0.68	32.25	0.00	0	|	rapi	0.00	0.00	0	|	20.0	32.25(20)	0.00(20)	|	1	
3797	36	ok	|	1.00	0.62	0.62	37.86	0.00	0	|	rapi	0.00	0.00	0	|	20.0	37.86(20)		|	1	
3797	37	ok	|	1.00	0.56	0.56	43.83	0.00	0	|	rapi	0.00	0.00	0	|	20.0	43.83(20)	0.00(20)	|	1	
3797	38	ok	|	1.00	0.49	0.49	50.91	0.00	0	|	rapi	0.00	0.00	0	|	20.0	50.91(20)	0.00(20)	|	1	
3797	39	ok	|	1.00	0.41	0.41	58.72	0.00	0	|	rapi	0.00	0.00	0	|	20.0	58.72(20)	0.00(20)	|	1	
3797	40	ok	|	1.00	0.32	0.32	67.98	0.00	0	|	rapi	0.00	0.00	0	|	20.0	67.98(20)	0.00(20)	|	1	
3797	41	ok	|	1.00	0.23	0.23	77.27	0.00	0	|	rapi	0.00	0.00	0	|	20.0	77.27(20)	0.00(20)	|	1	
3797	42	ok	|	1.00	0.14	0.14	86.84	0.00	0	|	rapi	0.01	0.01	0	|	20.0	86.84(20)	0.01(20)	|	1	
3797	43	fail-w	|	1.00	0.07	0.07	95.12	0.00	0	|	rapi	0.01	0.01	0	|	20.0	95.12(20)	0.01(20)	|	1	
