3873	0	ok	|	0.10	1.00	1.00	0.10	0.00	0	|	rapi	0.10	0.10	0	|	98.0	0.10(98)	0.10(98)	|	2030	
3873	1	ok	|	0.10	1.00	1.00	0.10	0.00	0	|	rapi	0.09	0.10	0	|	98.0	0.10(98)	0.10(98)	|	2030	
3873	2	ok	|	0.09	1.00	1.00	0.09	0.00	0	|	rapi	0.09	0.09	0	|	98.0	0.09(98)	0.09(98)	|	2030	
3873	3	ok	|	0.09	1.00	1.00	0.10	0.00	0	|	rapi	0.09	0.10	0	|	98.0	0.10(98)	0.10(98)	|	2030	
3873	4	ok	|	0.09	1.00	1.00	0.09	0.00	0	|	rapi	0.09	0.09	0	|	98.0	0.09(98)	0.09(98)	|	2030	
3873	5	ok	|	0.07	1.00	1.00	0.08	0.00	0	|	rapi	0.07	0.08	0	|	98.0	0.08(98)	0.08(98)	|	2030	
3873	6	ok	|	0.08	1.00	1.00	0.08	0.00	0	|	rapi	0.08	0.08	0	|	98.0	0.08(98)	0.08(98)	|	2030	
3873	7	ok	|	0.08	1.00	1.00	0.08	0.00	0	|	rapi	0.08	0.08	0	|	98.0	0.08(98)	0.08(98)	|	2030	
3873	8	ok	|	0.08	1.00	1.00	0.09	0.00	0	|	rapi	0.08	0.09	0	|	98.0	0.09(98)	0.09(98)	|	2030	
3873	9	ok	|	0.08	1.00	1.00	0.08	0.00	0	|	rapi	0.08	0.08	0	|	98.0	0.08(98)	0.08(98)	|	2030	
3873	10	ok	|	0.09	1.00	1.00	0.10	0.00	0	|	rapi	0.09	0.10	0	|	98.0	0.10(98)	0.10(98)	|	2030	
3873	11	ok	|	0.09	1.00	1.00	0.10	0.00	0	|	rapi	0.09	0.10	0	|	98.0	0.10(98)	0.10(98)	|	2030	
3873	12	ok	|	0.10	1.00	1.00	0.10	0.00	0	|	rapi	0.10	0.10	0	|	98.0	0.10(98)	0.10(98)	|	2030	
3873	13	ok	|	0.10	1.00	1.00	0.11	0.01	0	|	rapi	0.10	0.11	0	|	98.0	0.11(98)	0.11(98)	|	2030	
3873	14	ok	|	0.10	1.00	1.00	0.11	0.01	0	|	rapi	0.10	0.11	0	|	98.0	0.11(98)	0.11(98)	|	2030	
3873	15	ok	|	0.12	1.00	1.00	0.12	0.01	0	|	rapi	0.12	0.12	0	|	98.0	0.12(98)	0.12(98)	|	2030	
3873	16	ok	|	0.12	1.00	1.00	0.12	0.01	0	|	rapi	0.12	0.12	0	|	98.0	0.12(98)	0.12(98)	|	2030	
3873	17	ok	|	0.11	1.00	1.00	0.12	0.01	0	|	rapi	0.11	0.12	0	|	98.0	0.12(98)	0.12(98)	|	2030	
3873	18	ok	|	0.11	1.00	1.00	0.11	0.01	0	|	rapi	0.11	0.11	0	|	98.0	0.11(98)	0.11(98)	|	2030	
3873	19	ok	|	0.10	1.00	1.00	0.10	0.01	0	|	rapi	0.10	0.10	0	|	98.0	0.10(98)	0.10(98)	|	2030	
3873	20	ok	|	0.08	1.00	1.00	0.08	0.01	0	|	rapi	0.08	0.08	0	|	98.0	0.08(98)	0.08(98)	|	2030	
3873	21	ok	|	0.07	1.00	1.00	0.08	0.01	0	|	rapi	0.07	0.08	0	|	98.0	0.08(98)	0.08(98)	|	2030	
3873	22	ok	|	0.06	1.00	1.00	0.07	0.01	0	|	rapi	0.06	0.07	0	|	98.0	0.07(98)	0.07(98)	|	2030	
3873	23	ok	|	0.07	1.00	1.00	0.07	0.01	0	|	rapi	0.07	0.07	0	|	98.0	0.07(98)	0.07(98)	|	2030	
3873	24	ok	|	0.07	1.00	1.00	0.07	0.01	0	|	rapi	0.07	0.07	0	|	98.0	0.07(98)	0.07(98)	|	2030	
3873	25	ok	|	0.06	1.00	1.00	0.06	0.01	0	|	rapi	0.06	0.06	0	|	98.0	0.06(98)	0.06(98)	|	2030	
3873	26	ok	|	0.05	1.00	1.00	0.05	0.00	0	|	rapi	0.05	0.05	0	|	98.0	0.05(98)	0.05(98)	|	2030	
3873	27	ok	|	0.06	1.00	1.00	0.06	0.00	0	|	rapi	0.06	0.06	0	|	98.0	0.06(98)	0.06(98)	|	2030	
3873	28	ok	|	0.06	1.00	1.00	0.06	0.00	0	|	rapi	0.06	0.06	0	|	98.0	0.06(98)	0.06(98)	|	2030	
3873	29	ok	|	0.04	1.00	1.00	0.04	0.00	0	|	rapi	0.04	0.04	0	|	98.0	0.04(98)	0.04(98)	|	2030	
3873	30	ok	|	0.05	1.00	1.00	0.05	0.00	0	|	rapi	0.05	0.05	0	|	98.0	0.05(98)	0.05(98)	|	2030	
3873	31	ok	|	0.05	1.00	1.00	0.05	0.01	0	|	rapi	0.05	0.05	0	|	98.0	0.05(98)	0.05(98)	|	2030	
3873	32	ok	|	0.05	1.00	1.00	0.05	0.01	0	|	rapi	0.05	0.05	0	|	98.0	0.05(98)	0.05(98)	|	2030	
3873	33	ok	|	0.04	1.00	1.00	0.04	0.00	0	|	rapi	0.04	0.04	0	|	98.0	0.04(98)	0.04(98)	|	2030	
3873	34	ok	|	0.03	1.00	1.00	0.03	0.00	0	|	rapi	0.03	0.03	0	|	98.0	0.03(98)	0.03(98)	|	2030	
3873	35	ok	|	0.03	1.00	1.00	0.03	0.00	0	|	rapi	0.03	0.03	0	|	98.0	0.03(98)	0.03(98)	|	2030	
3873	36	ok	|	0.02	1.00	1.00	0.02	0.00	0	|	rapi	0.02	0.02	0	|	98.0	0.02(98)	0.02(98)	|	2030	
3873	37	ok	|	0.02	1.00	1.00	0.02	0.00	0	|	rapi	0.02	0.02	0	|	98.0	0.02(98)	0.02(98)	|	2030	
3873	38	ok	|	0.02	1.00	1.00	0.02	0.00	0	|	rapi	0.02	0.02	0	|	98.0	0.02(98)	0.02(98)	|	2030	
3873	39	ok	|	0.03	1.00	1.00	0.03	0.00	0	|	rapi	0.03	0.03	0	|	98.0	0.03(98)	0.03(98)	|	2030	
3873	40	ok	|	0.04	1.00	1.00	0.04	0.00	0	|	rapi	0.04	0.04	0	|	98.0	0.04(98)	0.04(98)	|	2030	
3873	41	ok	|	0.04	1.00	1.00	0.04	0.01	0	|	rapi	0.04	0.04	0	|	98.0	0.04(98)	0.04(98)	|	2030	
3873	42	ok	|	0.05	1.00	1.00	0.05	0.01	0	|	rapi	0.05	0.05	0	|	98.0	0.05(98)	0.05(98)	|	2030	
3873	43	ok	|	0.05	1.00	1.00	0.05	0.01	0	|	rapi	0.05	0.05	0	|	98.0	0.05(98)	0.05(98)	|	2030	
3873	44	ok	|	0.05	1.00	1.00	0.06	0.01	0	|	rapi	0.05	0.06	0	|	98.0	0.06(98)	0.06(98)	|	2030	
3873	45	ok	|	0.05	1.00	1.00	0.05	0.01	0	|	rapi	0.05	0.05	0	|	98.0	0.05(98)	0.05(98)	|	2030	
3873	46	ok	|	0.05	1.00	1.00	0.05	0.01	0	|	rapi	0.05	0.05	0	|	98.0	0.05(98)	0.05(98)	|	2030	
3873	47	ok	|	0.05	1.00	1.00	0.05	0.01	0	|	rapi	0.05	0.05	0	|	98.0	0.05(98)	0.05(98)	|	2030	
3873	48	ok	|	0.05	1.00	1.00	0.06	0.01	0	|	rapi	0.05	0.06	0	|	98.0	0.06(98)	0.06(98)	|	2030	
3873	49	ok	|	0.06	1.00	1.00	0.06	0.01	0	|	rapi	0.06	0.06	0	|	98.0	0.06(98)	0.06(98)	|	2030	
3873	50	ok	|	0.06	1.00	1.00	0.07	0.02	0	|	rapi	0.06	0.07	0	|	98.0	0.07(98)	0.07(98)	|	2030	
3873	51	ok	|	0.06	1.00	1.00	0.06	0.01	0	|	rapi	0.06	0.06	0	|	98.0	0.06(98)	0.06(98)	|	2030	
3873	52	ok	|	0.06	1.00	1.00	0.06	0.02	0	|	rapi	0.06	0.06	0	|	98.0	0.06(98)	0.06(98)	|	2030	
3873	53	ok	|	0.05	1.00	1.00	0.05	0.01	0	|	rapi	0.05	0.05	0	|	98.0	0.05(98)	0.05(98)	|	2030	
3873	54	ok	|	0.05	1.00	1.00	0.05	0.01	0	|	rapi	0.05	0.05	0	|	98.0	0.05(98)	0.05(98)	|	2030	
3873	55	ok	|	0.05	1.00	1.00	0.05	0.01	0	|	rapi	0.05	0.05	0	|	98.0	0.05(98)	0.05(98)	|	2030	
3873	56	ok	|	0.05	1.00	1.00	0.05	0.01	0	|	rapi	0.05	0.05	0	|	98.0	0.05(98)	0.05(98)	|	2030	
3873	57	ok	|	0.05	1.00	1.00	0.05	0.02	0	|	rapi	0.05	0.05	0	|	98.0	0.05(98)	0.05(98)	|	2030	
3873	58	ok	|	0.06	1.00	1.00	0.06	0.03	0	|	rapi	0.06	0.06	0	|	98.0	0.06(98)	0.06(98)	|	2030	
3873	59	ok	|	0.06	1.00	1.00	0.06	0.03	0	|	rapi	0.06	0.06	0	|	98.0	0.06(98)	0.06(98)	|	2030	
3873	60	ok	|	0.05	1.00	1.00	0.05	0.03	0	|	rapi	0.05	0.05	0	|	98.0	0.05(98)	0.05(98)	|	2030	
3873	61	ok	|	0.06	1.00	1.00	0.06	0.03	0	|	rapi	0.06	0.06	0	|	98.0	0.06(98)	0.06(98)	|	2030	
3873	62	ok	|	0.06	1.00	1.00	0.06	0.03	0	|	rapi	0.06	0.06	0	|	98.0	0.06(98)	0.06(98)	|	2030	
3873	63	ok	|	0.06	1.00	1.00	0.07	0.03	0	|	rapi	0.06	0.07	0	|	98.0	0.07(98)	0.07(98)	|	2030	
3873	64	ok	|	0.07	1.00	1.00	0.07	0.04	0	|	rapi	0.07	0.07	0	|	98.0	0.07(98)	0.07(98)	|	2030	
3873	65	ok	|	0.07	1.00	1.00	0.07	0.03	0	|	rapi	0.07	0.07	0	|	98.0	0.07(98)	0.07(98)	|	2030	
3873	66	ok	|	0.07	1.00	1.00	0.07	0.03	0	|	rapi	0.07	0.07	0	|	98.0	0.07(98)	0.07(98)	|	2030	
3873	67	ok	|	0.08	1.00	1.00	0.09	0.04	0	|	rapi	0.08	0.09	0	|	98.0	0.09(98)	0.09(98)	|	2030	
3873	68	ok	|	0.08	1.00	1.00	0.08	0.04	0	|	rapi	0.08	0.08	0	|	98.0	0.08(98)	0.08(98)	|	2030	
3873	69	ok	|	0.07	1.00	1.00	0.07	0.04	0	|	rapi	0.07	0.07	0	|	98.0	0.07(98)	0.07(98)	|	2030	
3873	70	ok	|	0.08	1.00	1.00	0.08	0.04	0	|	rapi	0.08	0.08	0	|	98.0	0.08(98)	0.08(98)	|	2030	
3873	71	ok	|	0.08	1.00	1.00	0.09	0.04	0	|	rapi	0.08	0.09	0	|	98.0	0.09(98)	0.09(98)	|	2030	
3873	72	ok	|	0.08	1.00	1.00	0.09	0.04	0	|	rapi	0.08	0.09	0	|	98.0	0.09(98)	0.09(98)	|	2030	
3873	73	ok	|	0.09	1.00	1.00	0.10	0.05	0	|	rapi	0.09	0.10	0	|	98.0	0.10(98)	0.10(98)	|	2030	
3873	74	ok	|	0.09	1.00	1.00	0.09	0.04	0	|	rapi	0.09	0.09	0	|	98.0	0.09(98)	0.09(98)	|	2030	
3873	75	ok	|	0.12	1.00	1.00	0.12	0.06	0	|	rapi	0.12	0.12	0	|	98.0	0.12(98)	0.12(98)	|	2030	
3873	76	ok	|	0.09	1.00	1.00	0.09	0.04	0	|	rapi	0.09	0.09	0	|	98.0	0.09(98)	0.09(98)	|	2030	
3873	77	ok	|	0.10	1.00	1.00	0.10	0.05	0	|	rapi	0.10	0.10	0	|	98.0	0.10(98)	0.10(98)	|	2030	
3873	78	ok	|	0.11	1.00	1.00	0.12	0.06	0	|	rapi	0.11	0.12	0	|	98.0	0.12(98)	0.12(98)	|	2030	
3873	79	ok	|	0.11	1.00	1.00	0.11	0.06	0	|	rapi	0.11	0.11	0	|	98.0	0.11(98)	0.11(98)	|	2030	
3873	80	ok	|	0.10	1.00	1.00	0.10	0.05	0	|	rapi	0.10	0.10	0	|	98.0	0.10(98)	0.10(98)	|	2030	
3873	81	ok	|	0.10	1.00	1.00	0.10	0.05	0	|	rapi	0.10	0.10	0	|	98.0	0.10(98)	0.10(98)	|	2030	
3873	82	ok	|	0.09	1.00	1.00	0.09	0.04	0	|	rapi	0.09	0.09	0	|	98.0	0.09(98)	0.09(98)	|	2030	
3873	83	ok	|	0.10	1.00	1.00	0.10	0.05	0	|	rapi	0.10	0.10	0	|	98.0	0.10(98)	0.10(98)	|	2030	
3873	84	ok	|	0.09	1.00	1.00	0.09	0.05	0	|	rapi	0.09	0.09	0	|	98.0	0.09(98)	0.09(98)	|	2030	
3873	85	ok	|	0.10	1.00	1.00	0.10	0.05	0	|	rapi	0.10	0.10	0	|	98.0	0.10(98)	0.10(98)	|	2030	
3873	86	ok	|	0.10	1.00	1.00	0.11	0.05	0	|	rapi	0.10	0.11	0	|	98.0	0.11(98)	0.11(98)	|	2030	
3873	87	ok	|	0.09	1.00	1.00	0.09	0.04	0	|	rapi	0.09	0.09	0	|	98.0	0.09(98)	0.09(98)	|	2030	
3873	88	ok	|	0.08	1.00	1.00	0.09	0.04	0	|	rapi	0.08	0.09	0	|	98.0	0.09(98)	0.09(98)	|	2030	
3873	89	ok	|	0.09	1.00	1.00	0.09	0.05	0	|	rapi	0.09	0.09	0	|	98.0	0.09(98)	0.09(98)	|	2030	
3873	90	ok	|	0.08	1.00	1.00	0.08	0.04	0	|	rapi	0.08	0.08	0	|	98.0	0.08(98)	0.08(98)	|	2030	
3873	91	ok	|	0.08	1.00	1.00	0.08	0.04	0	|	rapi	0.08	0.08	0	|	98.0	0.08(98)	0.08(98)	|	2030	
3873	92	ok	|	0.09	1.00	1.00	0.09	0.04	0	|	rapi	0.09	0.09	0	|	98.0	0.09(98)	0.09(98)	|	2030	
3873	93	ok	|	0.07	1.00	1.00	0.07	0.04	0	|	rapi	0.07	0.07	0	|	98.0	0.07(98)	0.07(98)	|	2030	
3873	94	ok	|	0.06	1.00	1.00	0.06	0.03	0	|	rapi	0.06	0.06	0	|	98.0	0.06(98)	0.06(98)	|	2030	
3873	95	ok	|	0.07	1.00	1.00	0.07	0.04	0	|	rapi	0.07	0.07	0	|	98.0	0.07(98)	0.07(98)	|	2030	
3873	96	ok	|	0.06	1.00	1.00	0.06	0.03	0	|	rapi	0.06	0.06	0	|	98.0	0.06(98)	0.06(98)	|	2030	
3873	97	ok	|	0.06	1.00	1.00	0.07	0.03	0	|	rapi	0.06	0.07	0	|	98.0	0.07(98)	0.07(98)	|	2030	
3873	98	ok	|	0.06	1.00	1.00	0.06	0.03	0	|	rapi	0.06	0.06	0	|	98.0	0.06(98)	0.06(98)	|	2030	
3873	99	ok	|	0.05	1.00	1.00	0.05	0.03	0	|	rapi	0.05	0.05	0	|	98.0	0.05(98)	0.05(98)	|	2030	
3873	100	ok	|	0.05	1.00	1.00	0.05	0.03	0	|	rapi	0.05	0.05	0	|	98.0	0.05(98)	0.05(98)	|	2030	
3873	101	ok	|	0.05	1.00	1.00	0.05	0.03	0	|	rapi	0.05	0.05	0	|	98.0	0.05(98)	0.05(98)	|	2030	
3873	102	ok	|	0.05	1.00	1.00	0.05	0.03	0	|	rapi	0.05	0.05	0	|	98.0	0.05(98)	0.05(98)	|	2030	
3873	103	ok	|	0.04	1.00	1.00	0.04	0.02	0	|	rapi	0.04	0.04	0	|	98.0	0.04(98)	0.04(98)	|	2030	
3873	104	ok	|	0.05	1.00	1.00	0.06	0.03	0	|	rapi	0.05	0.06	0	|	98.0	0.06(98)	0.06(98)	|	2030	
3873	105	ok	|	0.06	1.00	1.00	0.06	0.03	0	|	rapi	0.06	0.06	0	|	98.0	0.06(98)	0.06(98)	|	2030	
3873	106	ok	|	0.06	1.00	1.00	0.06	0.03	0	|	rapi	0.06	0.06	0	|	98.0	0.06(98)	0.06(98)	|	2030	
3873	107	ok	|	0.07	1.00	1.00	0.07	0.04	0	|	rapi	0.07	0.07	0	|	98.0	0.07(98)	0.07(98)	|	2030	
3873	108	ok	|	0.08	1.00	1.00	0.08	0.04	0	|	rapi	0.08	0.08	0	|	98.0	0.08(98)	0.08(98)	|	2030	
3873	109	ok	|	0.07	1.00	1.00	0.07	0.04	0	|	rapi	0.07	0.07	0	|	98.0	0.07(98)	0.07(98)	|	2030	
3873	110	ok	|	0.06	1.00	1.00	0.06	0.03	0	|	rapi	0.06	0.06	0	|	98.0	0.06(98)	0.06(98)	|	2030	
3873	111	ok	|	0.07	1.00	1.00	0.07	0.03	0	|	rapi	0.07	0.07	0	|	98.0	0.07(98)	0.07(98)	|	2030	
3873	112	ok	|	0.06	1.00	1.00	0.06	0.03	0	|	rapi	0.06	0.06	0	|	98.0	0.06(98)	0.06(98)	|	2030	
3873	113	ok	|	0.05	1.00	1.00	0.05	0.02	0	|	rapi	0.05	0.05	0	|	98.0	0.05(98)	0.05(98)	|	2030	
3873	114	ok	|	0.05	1.00	1.00	0.05	0.03	0	|	rapi	0.05	0.05	0	|	98.0	0.05(98)	0.05(98)	|	2030	
3873	115	ok	|	0.06	1.00	1.00	0.06	0.03	0	|	rapi	0.06	0.06	0	|	98.0	0.06(98)	0.06(98)	|	2030	
3873	116	ok	|	0.05	1.00	1.00	0.05	0.03	0	|	rapi	0.05	0.05	0	|	98.0	0.05(98)	0.05(98)	|	2030	
3873	117	ok	|	0.06	1.00	1.00	0.06	0.03	0	|	rapi	0.06	0.06	0	|	98.0	0.06(98)	0.06(98)	|	2030	
3873	118	ok	|	0.06	1.00	1.00	0.06	0.03	0	|	rapi	0.06	0.06	0	|	98.0	0.06(98)	0.06(98)	|	2030	
3873	119	ok	|	0.05	1.00	1.00	0.05	0.03	0	|	rapi	0.05	0.05	0	|	98.0	0.05(98)	0.05(98)	|	2030	
3873	120	ok	|	0.07	1.00	1.00	0.07	0.03	0	|	rapi	0.07	0.07	0	|	98.0	0.07(98)	0.07(98)	|	2030	
3873	121	ok	|	0.07	1.00	1.00	0.07	0.03	0	|	rapi	0.07	0.07	0	|	98.0	0.07(98)	0.07(98)	|	2030	
3873	122	ok	|	0.05	1.00	1.00	0.06	0.03	0	|	rapi	0.05	0.06	0	|	98.0	0.06(98)	0.06(98)	|	2030	
3873	123	ok	|	0.06	1.00	1.00	0.06	0.03	0	|	rapi	0.06	0.06	0	|	98.0	0.06(98)	0.06(98)	|	2030	
3873	124	ok	|	0.05	1.00	1.00	0.05	0.03	0	|	rapi	0.05	0.05	0	|	98.0	0.05(98)	0.05(98)	|	2030	
3873	125	ok	|	0.05	1.00	1.00	0.05	0.03	0	|	rapi	0.05	0.05	0	|	98.0	0.05(98)	0.05(98)	|	2030	
3873	126	ok	|	0.05	1.00	1.00	0.05	0.03	0	|	rapi	0.05	0.05	0	|	98.0	0.05(98)	0.05(98)	|	2030	
3873	127	ok	|	0.06	1.00	1.00	0.06	0.03	0	|	rapi	0.06	0.06	0	|	98.0	0.06(98)	0.06(98)	|	2030	
3873	128	ok	|	0.07	1.00	1.00	0.07	0.04	0	|	rapi	0.07	0.07	0	|	98.0	0.07(98)	0.07(98)	|	2030	
3873	129	ok	|	0.07	1.00	1.00	0.07	0.04	0	|	rapi	0.07	0.07	0	|	98.0	0.07(98)	0.07(98)	|	2030	
3873	130	ok	|	0.07	1.00	1.00	0.07	0.04	0	|	rapi	0.07	0.07	0	|	98.0	0.07(98)	0.07(98)	|	2030	
3873	131	ok	|	0.07	1.00	1.00	0.08	0.04	0	|	rapi	0.07	0.08	0	|	98.0	0.08(98)	0.08(98)	|	2030	
3873	132	ok	|	0.09	1.00	1.00	0.09	0.05	0	|	rapi	0.09	0.09	0	|	98.0	0.09(98)	0.09(98)	|	2030	
3873	133	ok	|	0.07	1.00	1.00	0.07	0.03	0	|	rapi	0.07	0.07	0	|	98.0	0.07(98)	0.07(98)	|	2030	
3873	134	ok	|	0.07	1.00	1.00	0.07	0.04	0	|	rapi	0.07	0.07	0	|	98.0	0.07(98)	0.07(98)	|	2030	
3873	135	ok	|	0.07	1.00	1.00	0.07	0.03	0	|	rapi	0.07	0.07	0	|	98.0	0.07(98)	0.07(98)	|	2030	
3873	136	ok	|	0.05	1.00	1.00	0.05	0.03	0	|	rapi	0.05	0.05	0	|	98.0	0.05(98)	0.05(98)	|	2030	
3873	137	ok	|	0.05	1.00	1.00	0.06	0.03	0	|	rapi	0.05	0.06	0	|	98.0	0.06(98)	0.06(98)	|	2030	
3873	138	ok	|	0.06	1.00	1.00	0.06	0.03	0	|	rapi	0.06	0.06	0	|	98.0	0.06(98)	0.06(98)	|	2030	
3873	139	ok	|	0.07	1.00	1.00	0.07	0.04	0	|	rapi	0.07	0.07	0	|	98.0	0.07(98)	0.07(98)	|	2030	
3873	140	ok	|	0.07	1.00	1.00	0.07	0.04	0	|	rapi	0.07	0.07	0	|	98.0	0.07(98)	0.07(98)	|	2030	
3873	141	ok	|	0.10	1.00	1.00	0.10	0.05	0	|	rapi	0.10	0.10	0	|	98.0	0.10(98)	0.10(98)	|	2030	
3873	142	ok	|	0.09	1.00	1.00	0.09	0.04	0	|	rapi	0.09	0.09	0	|	98.0	0.09(98)	0.09(98)	|	2030	
3873	143	ok	|	0.09	1.00	1.00	0.09	0.04	0	|	rapi	0.09	0.09	0	|	98.0	0.09(98)	0.09(98)	|	2030	
3873	144	ok	|	0.10	1.00	1.00	0.10	0.05	0	|	rapi	0.10	0.10	0	|	98.0	0.10(98)	0.10(98)	|	2030	
3873	145	ok	|	0.09	1.00	1.00	0.10	0.05	0	|	rapi	0.09	0.10	0	|	98.0	0.10(98)	0.10(98)	|	2030	
3873	146	ok	|	0.10	1.00	1.00	0.10	0.05	0	|	rapi	0.10	0.10	0	|	98.0	0.10(98)	0.10(98)	|	2030	
3873	147	ok	|	0.10	1.00	1.00	0.10	0.05	0	|	rapi	0.10	0.10	0	|	98.0	0.10(98)	0.10(98)	|	2030	
3873	148	ok	|	0.12	1.00	1.00	0.12	0.06	0	|	rapi	0.12	0.12	0	|	98.0	0.12(98)	0.12(98)	|	2030	
3873	149	ok	|	0.12	1.00	1.00	0.13	0.06	0	|	rapi	0.12	0.13	0	|	98.0	0.13(98)	0.13(98)	|	2030	
3873	150	ok	|	0.13	1.00	1.00	0.13	0.07	0	|	rapi	0.13	0.13	0	|	98.0	0.13(98)	0.13(98)	|	2030	
3873	151	ok	|	0.14	1.00	1.00	0.14	0.07	0	|	rapi	0.14	0.14	0	|	98.0	0.14(98)	0.14(98)	|	2030	
3873	152	ok	|	0.14	1.00	1.00	0.14	0.07	0	|	rapi	0.14	0.14	0	|	98.0	0.14(98)	0.14(98)	|	2030	
3873	153	ok	|	0.13	1.00	1.00	0.13	0.07	0	|	rapi	0.13	0.13	0	|	98.0	0.13(98)	0.13(98)	|	2030	
3873	154	ok	|	0.12	1.00	1.00	0.12	0.06	0	|	rapi	0.12	0.12	0	|	98.0	0.12(98)	0.12(98)	|	2030	
3873	155	ok	|	0.11	1.00	1.00	0.11	0.06	0	|	rapi	0.11	0.11	0	|	98.0	0.11(98)	0.11(98)	|	2030	
3873	156	ok	|	0.10	1.00	1.00	0.11	0.05	0	|	rapi	0.10	0.11	0	|	98.0	0.11(98)	0.11(98)	|	2030	
3873	157	ok	|	0.10	1.00	1.00	0.10	0.05	0	|	rapi	0.10	0.10	0	|	98.0	0.10(98)	0.10(98)	|	2030	
3873	158	ok	|	0.10	1.00	1.00	0.10	0.05	0	|	rapi	0.10	0.10	0	|	98.0	0.10(98)	0.10(98)	|	2030	
3873	159	ok	|	0.09	1.00	1.00	0.09	0.05	0	|	rapi	0.09	0.09	0	|	98.0	0.09(98)	0.09(98)	|	2030	
3873	160	ok	|	0.08	1.00	1.00	0.09	0.04	0	|	rapi	0.08	0.09	0	|	98.0	0.09(98)	0.09(98)	|	2030	
3873	161	ok	|	0.09	1.00	1.00	0.09	0.04	0	|	rapi	0.09	0.09	0	|	98.0	0.09(98)	0.09(98)	|	2030	
3873	162	ok	|	0.09	1.00	1.00	0.09	0.04	0	|	rapi	0.09	0.09	0	|	98.0	0.09(98)	0.09(98)	|	2030	
3873	163	ok	|	0.08	1.00	1.00	0.08	0.04	0	|	rapi	0.08	0.08	0	|	98.0	0.08(98)	0.08(98)	|	2030	
3873	164	ok	|	0.08	1.00	1.00	0.08	0.04	0	|	rapi	0.08	0.08	0	|	98.0	0.08(98)	0.08(98)	|	2030	
3873	165	ok	|	0.07	1.00	1.00	0.07	0.03	0	|	rapi	0.07	0.07	0	|	98.0	0.07(98)	0.07(98)	|	2030	
3873	166	ok	|	0.07	1.00	1.00	0.07	0.04	0	|	rapi	0.07	0.07	0	|	98.0	0.07(98)	0.07(98)	|	2030	
3873	167	ok	|	0.07	1.00	1.00	0.07	0.03	0	|	rapi	0.07	0.07	0	|	98.0	0.07(98)	0.07(98)	|	2030	
3873	168	ok	|	0.07	1.00	1.00	0.07	0.04	0	|	rapi	0.07	0.07	0	|	98.0	0.07(98)	0.07(98)	|	2030	
3873	169	ok	|	0.07	1.00	1.00	0.08	0.04	0	|	rapi	0.07	0.08	0	|	98.0	0.08(98)	0.08(98)	|	2030	
3873	170	ok	|	0.06	1.00	1.00	0.06	0.03	0	|	rapi	0.06	0.06	0	|	98.0	0.06(98)	0.06(98)	|	2030	
3873	171	ok	|	0.06	1.00	1.00	0.06	0.03	0	|	rapi	0.06	0.06	0	|	98.0	0.06(98)	0.06(98)	|	2030	
3873	172	ok	|	0.05	1.00	1.00	0.05	0.02	0	|	rapi	0.05	0.05	0	|	98.0	0.05(98)	0.05(98)	|	2030	
3873	173	ok	|	0.04	1.00	1.00	0.04	0.02	0	|	rapi	0.04	0.04	0	|	98.0	0.04(98)	0.04(98)	|	2030	
3873	174	ok	|	0.06	1.00	1.00	0.06	0.03	0	|	rapi	0.06	0.06	0	|	98.0	0.06(98)	0.06(98)	|	2030	
3873	175	ok	|	0.06	1.00	1.00	0.06	0.03	0	|	rapi	0.06	0.06	0	|	98.0	0.06(98)	0.06(98)	|	2030	
3873	176	ok	|	0.04	1.00	1.00	0.04	0.02	0	|	rapi	0.04	0.04	0	|	98.0	0.04(98)	0.04(98)	|	2030	
3873	177	ok	|	0.04	1.00	1.00	0.04	0.02	0	|	rapi	0.04	0.04	0	|	98.0	0.04(98)	0.04(98)	|	2030	
3873	178	ok	|	0.04	1.00	1.00	0.04	0.02	0	|	rapi	0.04	0.04	0	|	98.0	0.04(98)	0.04(98)	|	2030	
3873	179	ok	|	0.06	1.00	1.00	0.06	0.03	0	|	rapi	0.06	0.06	0	|	98.0	0.06(98)	0.06(98)	|	2030	
3873	180	ok	|	0.06	1.00	1.00	0.06	0.03	0	|	rapi	0.06	0.06	0	|	98.0	0.06(98)	0.06(98)	|	2030	
3873	181	ok	|	0.06	1.00	1.00	0.06	0.03	0	|	rapi	0.06	0.06	0	|	98.0	0.06(98)	0.06(98)	|	2030	
3873	182	ok	|	0.05	1.00	1.00	0.05	0.02	0	|	rapi	0.05	0.05	0	|	98.0	0.05(98)	0.05(98)	|	2030	
3873	183	ok	|	0.06	1.00	1.00	0.06	0.03	0	|	rapi	0.06	0.06	0	|	98.0	0.06(98)	0.06(98)	|	2030	
3873	184	ok	|	0.07	1.00	1.00	0.07	0.04	0	|	rapi	0.07	0.07	0	|	98.0	0.07(98)	0.07(98)	|	2030	
3873	185	ok	|	0.07	1.00	1.00	0.07	0.03	0	|	rapi	0.07	0.07	0	|	98.0	0.07(98)	0.07(98)	|	2030	
3873	186	ok	|	0.05	1.00	1.00	0.05	0.03	0	|	rapi	0.05	0.05	0	|	98.0	0.05(98)	0.05(98)	|	2030	
3873	187	ok	|	0.04	1.00	1.00	0.04	0.02	0	|	rapi	0.04	0.04	0	|	98.0	0.04(98)	0.04(98)	|	2030	
3873	188	ok	|	0.04	1.00	1.00	0.04	0.02	0	|	rapi	0.04	0.04	0	|	98.0	0.04(98)	0.04(98)	|	2030	
3873	189	ok	|	0.03	1.00	1.00	0.03	0.02	0	|	rapi	0.03	0.03	0	|	98.0	0.03(98)	0.03(98)	|	2030	
3873	190	ok	|	0.03	1.00	1.00	0.03	0.01	0	|	rapi	0.03	0.03	0	|	98.0	0.03(98)	0.03(98)	|	2030	
3873	191	ok	|	0.02	1.00	1.00	0.02	0.01	0	|	rapi	0.02	0.02	0	|	98.0	0.02(98)	0.02(98)	|	2030	
3873	192	ok	|	0.02	1.00	1.00	0.02	0.01	0	|	rapi	0.02	0.02	0	|	98.0	0.02(98)	0.02(98)	|	2030	
3873	193	ok	|	0.02	1.00	1.00	0.02	0.01	0	|	rapi	0.02	0.02	0	|	98.0	0.02(98)	0.02(98)	|	2030	
3873	194	ok	|	0.03	1.00	1.00	0.03	0.01	0	|	rapi	0.03	0.03	0	|	98.0	0.03(98)	0.03(98)	|	2030	
3873	195	ok	|	0.03	1.00	1.00	0.03	0.01	0	|	rapi	0.03	0.03	0	|	98.0	0.03(98)	0.03(98)	|	2030	
3873	196	ok	|	0.03	1.00	1.00	0.03	0.01	0	|	rapi	0.03	0.03	0	|	98.0	0.03(98)	0.03(98)	|	2030	
3873	197	ok	|	0.03	1.00	1.00	0.03	0.02	0	|	rapi	0.03	0.03	0	|	98.0	0.03(98)	0.03(98)	|	2030	
3873	198	ok	|	0.03	1.00	1.00	0.03	0.01	0	|	rapi	0.03	0.03	0	|	98.0	0.03(98)	0.03(98)	|	2030	
3873	199	ok	|	0.02	1.00	1.00	0.02	0.01	0	|	rapi	0.02	0.02	0	|	98.0	0.02(98)	0.02(98)	|	2030	
3873	200	ok	|	0.02	1.00	1.00	0.02	0.01	0	|	rapi	0.02	0.02	0	|	98.0	0.02(98)	0.02(98)	|	2030	
3873	201	ok	|	0.02	1.00	1.00	0.02	0.01	0	|	rapi	0.02	0.02	0	|	98.0	0.02(98)	0.02(98)	|	2030	
3873	202	ok	|	0.01	1.00	1.00	0.01	0.00	0	|	rapi	0.01	0.01	0	|	98.0	0.01(98)	0.01(98)	|	2030	
3873	203	ok	|	0.01	1.00	1.00	0.01	0.00	0	|	rapi	0.01	0.01	0	|	98.0	0.01(98)	0.01(98)	|	2030	
3873	204	ok	|	0.00	1.00	1.00	0.00	0.00	0	|	rapi	0.00	0.00	0	|	98.0	0.00(98)	0.00(98)	|	2030	
3873	205	ok	|	0.00	1.00	1.00	0.00	0.00	0	|	rapi	0.00	0.00	0	|	98.0	0.00(98)	0.00(98)	|	2030	
3873	206	ok	|	0.01	1.00	1.00	0.01	0.00	0	|	rapi	0.01	0.01	0	|	98.0	0.01(98)	0.01(98)	|	2030	
3873	207	ok	|	0.00	1.00	1.00	0.00	0.00	0	|	rapi	0.00	0.00	0	|	98.0	0.00(98)	0.00(98)	|	2030	
3873	208	ok	|	0.01	1.00	1.00	0.01	0.00	0	|	rapi	0.01	0.01	0	|	98.0	0.01(98)	0.01(98)	|	2030	
3873	209	ok	|	0.01	1.00	1.00	0.01	0.01	0	|	rapi	0.01	0.01	0	|	98.0	0.01(98)	0.01(98)	|	2030	
3873	210	ok	|	0.02	1.00	1.00	0.02	0.01	0	|	rapi	0.02	0.02	0	|	98.0	0.02(98)	0.02(98)	|	2030	
3873	211	ok	|	0.01	1.00	1.00	0.01	0.01	0	|	rapi	0.01	0.01	0	|	98.0	0.01(98)	0.01(98)	|	2030	
3873	212	ok	|	0.01	1.00	1.00	0.01	0.00	0	|	rapi	0.01	0.01	0	|	98.0	0.01(98)	0.01(98)	|	2030	
3873	213	ok	|	0.01	1.00	1.00	0.01	0.00	0	|	rapi	0.01	0.01	0	|	98.0	0.01(98)	0.01(98)	|	2030	
3873	214	ok	|	0.01	1.00	1.00	0.01	0.00	0	|	rapi	0.01	0.01	0	|	98.0	0.01(98)	0.01(98)	|	2030	
3873	215	ok	|	0.01	1.00	1.00	0.01	0.00	0	|	rapi	0.01	0.01	0	|	98.0	0.01(98)	0.01(98)	|	2030	
3873	216	ok	|	0.01	1.00	1.00	0.01	0.01	0	|	rapi	0.01	0.01	0	|	98.0	0.01(98)	0.01(98)	|	2030	
3873	217	ok	|	0.01	1.00	1.00	0.01	0.00	0	|	rapi	0.01	0.01	0	|	98.0	0.01(98)	0.01(98)	|	2030	
3873	218	ok	|	0.01	1.00	1.00	0.01	0.00	0	|	rapi	0.01	0.01	0	|	98.0	0.01(98)	0.01(98)	|	2030	
3873	219	ok	|	0.01	1.00	1.00	0.01	0.00	0	|	rapi	0.01	0.01	0	|	98.0	0.01(98)	0.01(98)	|	2030	
3873	220	ok	|	0.01	1.00	1.00	0.01	0.01	0	|	rapi	0.01	0.01	0	|	98.0	0.01(98)	0.01(98)	|	2030	
3873	221	ok	|	0.01	1.00	1.00	0.01	0.01	0	|	rapi	0.01	0.01	0	|	98.0	0.01(98)	0.01(98)	|	2030	
3873	222	ok	|	0.01	1.00	1.00	0.01	0.00	0	|	rapi	0.01	0.01	0	|	98.0	0.01(98)	0.01(98)	|	2030	
3873	223	ok	|	0.01	1.00	1.00	0.01	0.01	0	|	rapi	0.01	0.01	0	|	98.0	0.01(98)	0.01(98)	|	2030	
3873	224	ok	|	0.01	1.00	1.00	0.01	0.00	0	|	rapi	0.01	0.01	0	|	98.0	0.01(98)	0.01(98)	|	2030	
3873	225	ok	|	0.01	1.00	1.00	0.01	0.00	0	|	rapi	0.01	0.01	0	|	98.0	0.01(98)	0.01(98)	|	2030	
3873	226	ok	|	0.01	1.00	1.00	0.01	0.00	0	|	rapi	0.01	0.01	0	|	98.0	0.01(98)	0.01(98)	|	2030	
3873	227	ok	|	0.01	1.00	1.00	0.01	0.01	0	|	rapi	0.01	0.01	0	|	98.0	0.01(98)	0.01(98)	|	2030	
3873	228	ok	|	0.01	1.00	1.00	0.01	0.01	0	|	rapi	0.01	0.01	0	|	98.0	0.01(98)	0.01(98)	|	2030	
3873	229	ok	|	0.01	1.00	1.00	0.01	0.00	0	|	rapi	0.01	0.01	0	|	98.0	0.01(98)	0.01(98)	|	2030	
3873	230	ok	|	0.01	1.00	1.00	0.01	0.01	0	|	rapi	0.01	0.01	0	|	98.0	0.01(98)	0.01(98)	|	2030	
3873	231	ok	|	0.01	1.00	1.00	0.01	0.01	0	|	rapi	0.01	0.01	0	|	98.0	0.01(98)	0.01(98)	|	2030	
3873	232	ok	|	0.01	1.00	1.00	0.01	0.01	0	|	rapi	0.01	0.01	0	|	98.0	0.01(98)	0.01(98)	|	2030	
3873	233	ok	|	0.01	1.00	1.00	0.01	0.01	0	|	rapi	0.01	0.01	0	|	98.0	0.01(98)	0.01(98)	|	2030	
3873	234	ok	|	0.01	1.00	1.00	0.01	0.01	0	|	rapi	0.01	0.01	0	|	98.0	0.01(98)	0.01(98)	|	2030	
3873	235	ok	|	0.02	1.00	1.00	0.02	0.01	0	|	rapi	0.02	0.02	0	|	98.0	0.02(98)	0.02(98)	|	2030	
3873	236	ok	|	0.01	1.00	1.00	0.01	0.01	0	|	rapi	0.01	0.01	0	|	98.0	0.01(98)	0.01(98)	|	2030	
3873	237	ok	|	0.01	1.00	1.00	0.01	0.01	0	|	rapi	0.01	0.01	0	|	98.0	0.01(98)	0.01(98)	|	2030	
3873	238	ok	|	0.01	1.00	1.00	0.01	0.00	0	|	rapi	0.01	0.01	0	|	98.0	0.01(98)	0.01(98)	|	2030	
3873	239	ok	|	0.01	1.00	1.00	0.01	0.00	0	|	rapi	0.01	0.01	0	|	98.0	0.01(98)	0.01(98)	|	2030	
3873	240	ok	|	0.00	1.00	1.00	0.00	0.00	0	|	rapi	0.00	0.00	0	|	98.0	0.00(98)	0.00(98)	|	2030	
3873	241	ok	|	0.01	1.00	1.00	0.01	0.00	0	|	rapi	0.01	0.01	0	|	98.0	0.01(98)	0.01(98)	|	2030	
3873	242	ok	|	0.01	1.00	1.00	0.01	0.00	0	|	rapi	0.01	0.01	0	|	98.0	0.01(98)	0.01(98)	|	2030	
3873	243	ok	|	0.01	1.00	1.00	0.01	0.01	0	|	rapi	0.01	0.01	0	|	98.0	0.01(98)	0.01(98)	|	2030	
3873	244	ok	|	0.01	1.00	1.00	0.01	0.00	0	|	rapi	0.01	0.01	0	|	98.0	0.01(98)	0.01(98)	|	2030	
3873	245	ok	|	0.00	1.00	1.00	0.00	0.00	0	|	rapi	0.00	0.00	0	|	98.0	0.00(98)	0.00(98)	|	2030	
3873	246	ok	|	0.00	1.00	1.00	0.00	0.00	0	|	rapi	0.00	0.00	0	|	98.0	0.00(98)	0.00(98)	|	2030	
3873	247	ok	|	0.00	1.00	1.00	0.00	0.00	0	|	rapi	0.00	0.00	0	|	98.0	0.00(98)	0.00(98)	|	2030	
3873	248	ok	|	0.01	1.00	1.00	0.01	0.00	0	|	rapi	0.01	0.01	0	|	98.0	0.01(98)	0.01(98)	|	2030	
3873	249	ok	|	0.01	1.00	1.00	0.01	0.00	0	|	rapi	0.01	0.01	0	|	98.0	0.01(98)	0.01(98)	|	2030	
3873	250	ok	|	0.01	1.00	1.00	0.01	0.00	0	|	rapi	0.01	0.01	0	|	98.0	0.01(98)	0.01(98)	|	2030	
3873	251	ok	|	0.01	1.00	1.00	0.01	0.00	0	|	rapi	0.01	0.01	0	|	98.0	0.01(98)	0.01(98)	|	2030	
3873	252	ok	|	0.00	1.00	1.00	0.00	0.00	0	|	rapi	0.00	0.00	0	|	98.0	0.00(98)	0.00(98)	|	2030	
3873	253	fail-0	|	0.00	1.00	1.00	0.00	NaN	0	|	rapi	0.00	0.00	0	|	NaN			|	2030	
