4118	0	ok	|	0.10	1.00	1.00	0.10	0.00	0	|	rapi	0.00	0.00	0	|	-92.0	0.10(-92)		|	80	
4118	1	ok	|	0.09	1.00	1.00	0.11	0.00	0	|	rapi	0.00	0.00	0	|	-92.0	0.11(-92)		|	80	
4118	2	ok	|	0.08	1.00	1.00	0.10	0.00	0	|	rapi	0.00	0.00	0	|	-92.0	0.10(-92)		|	80	
4118	3	ok	|	0.09	1.00	1.00	0.11	0.00	0	|	rapi	0.00	0.00	0	|	-92.0	0.11(-92)		|	80	
4118	4	ok	|	0.10	1.00	1.00	0.12	0.00	0	|	rapi	0.00	0.00	0	|	-92.0	0.12(-92)		|	80	
4118	5	ok	|	0.10	1.00	1.00	0.14	0.00	0	|	rapi	0.00	0.00	0	|	-92.0	0.14(-92)		|	80	
4118	6	ok	|	0.10	1.00	1.00	0.14	0.00	0	|	rapi	0.00	0.00	0	|	-92.0	0.14(-92)		|	80	
4118	7	ok	|	0.13	1.00	1.00	0.17	0.00	0	|	rapi	0.00	0.00	0	|	-92.0	0.17(-92)		|	80	
4118	8	ok	|	0.16	1.00	1.00	0.22	0.00	0	|	rapi	0.00	0.00	0	|	-92.0	0.22(-92)		|	80	
4118	9	ok	|	0.18	1.00	1.00	0.24	0.00	0	|	rapi	0.00	0.00	0	|	-92.0	0.24(-92)		|	80	
4118	10	ok	|	0.23	1.00	1.00	0.30	0.00	0	|	rapi	0.00	0.00	0	|	-92.0	0.30(-92)		|	80	
4118	11	ok	|	0.25	1.00	1.00	0.36	0.00	0	|	rapi	0.00	0.00	0	|	-92.0	0.36(-92)		|	80	
4118	12	ok	|	0.28	1.00	1.00	0.41	0.00	0	|	rapi	0.00	0.00	0	|	-92.0	0.41(-92)		|	80	
4118	13	ok	|	0.31	1.00	1.00	0.49	0.00	0	|	rapi	0.00	0.00	0	|	-92.0	0.49(-92)		|	80	
4118	14	ok	|	0.35	0.99	0.99	0.54	0.00	0	|	rapi	0.00	0.00	0	|	-92.0	0.54(-92)		|	80	
4118	15	ok	|	0.40	0.99	0.99	0.66	0.00	0	|	rapi	0.00	0.00	0	|	-92.0	0.66(-92)		|	80	
4118	16	ok	|	0.46	0.99	0.99	0.84	0.00	0	|	rapi	0.00	0.00	0	|	-92.0	0.84(-92)	0.00(-92)	|	80	
4118	17	ok	|	0.53	0.99	0.99	1.00	0.00	0	|	rapi	0.00	0.00	0	|	-92.0	1.00(-92)	0.00(-92)	|	80	
4118	18	ok	|	0.57	0.99	0.99	1.13	0.00	0	|	rapi	0.00	0.00	0	|	-92.0	1.13(-92)	0.00(-92)	|	80	
4118	19	ok	|	0.62	0.99	0.99	1.27	0.00	0	|	rapi	0.00	0.00	0	|	-92.0	1.27(-92)		|	80	
4118	20	ok	|	0.71	0.98	0.98	1.52	0.00	0	|	rapi	0.00	0.00	0	|	-92.0	1.52(-92)		|	80	
4118	21	ok	|	0.74	0.98	0.98	1.74	0.00	0	|	rapi	0.00	0.00	0	|	-92.0	1.74(-92)		|	80	
4118	22	ok	|	0.80	0.98	0.98	2.07	0.00	0	|	rapi	0.00	0.00	0	|	-92.0	2.07(-92)	0.00(-92)	|	80	
4118	23	ok	|	0.87	0.97	0.97	2.52	0.00	0	|	rapi	0.00	0.00	0	|	-92.0	2.52(-92)		|	80	
4118	24	ok	|	0.89	0.97	0.97	2.90	0.00	0	|	rapi	0.00	0.00	0	|	-92.0	2.90(-92)		|	80	
4118	25	ok	|	0.93	0.97	0.97	3.37	0.00	0	|	rapi	0.00	0.00	0	|	-92.0	3.37(-92)		|	80	
4118	26	ok	|	0.96	0.96	0.96	4.11	0.00	0	|	rapi	0.00	0.00	0	|	-92.0	4.11(-92)	0.00(-92)	|	80	
4118	27	ok	|	0.98	0.95	0.95	4.89	0.00	0	|	rapi	0.00	0.00	0	|	-92.0	4.89(-92)		|	80	
4118	28	ok	|	0.99	0.94	0.94	5.82	0.00	0	|	rapi	0.00	0.00	0	|	-92.0	5.82(-92)		|	80	
4118	29	ok	|	1.00	0.93	0.93	7.10	0.00	0	|	rapi	0.00	0.00	0	|	-92.0	7.10(-92)		|	80	
4118	30	ok	|	1.00	0.92	0.92	8.45	0.00	0	|	rapi	0.00	0.00	0	|	-92.0	8.45(-92)		|	80	
4118	31	ok	|	1.00	0.90	0.90	9.97	0.00	0	|	rapi	0.00	0.00	0	|	-92.0	9.97(-92)		|	80	
4118	32	ok	|	1.00	0.88	0.88	11.67	0.00	0	|	rapi	0.00	0.00	0	|	-92.0	11.67(-92)	0.00(-92)	|	80	
4118	33	ok	|	1.00	0.86	0.86	14.00	0.00	0	|	rapi	0.00	0.00	0	|	-92.0	14.00(-92)		|	80	
4118	34	ok	|	1.00	0.83	0.83	16.65	0.00	0	|	rapi	0.00	0.00	0	|	-92.0	16.65(-92)	0.00(-92)	|	80	
4118	35	ok	|	1.00	0.80	0.80	19.51	0.00	0	|	rapi	0.00	0.00	0	|	-92.0	19.51(-92)	0.00(-92)	|	80	
4118	36	ok	|	1.00	0.77	0.77	22.73	0.00	0	|	rapi	0.01	0.01	0	|	-92.0	22.73(-92)	0.01(-92)	|	80	
4118	37	ok	|	1.00	0.73	0.73	26.70	0.00	0	|	rapi	0.01	0.01	0	|	-92.0	26.70(-92)	0.01(-92)	|	80	
4118	38	ok	|	1.00	0.69	0.69	31.36	0.00	0	|	rapi	0.01	0.01	0	|	-92.0	31.36(-92)	0.01(-92)	|	80	
4118	39	ok	|	1.00	0.63	0.63	36.61	0.00	0	|	rapi	0.01	0.01	0	|	-92.0	36.61(-92)	0.01(-92)	|	80	
4118	40	ok	|	1.00	0.57	0.57	42.86	0.00	0	|	rapi	0.01	0.01	0	|	-92.0	42.86(-92)	0.01(-92)	|	80	
4118	41	ok	|	1.00	0.49	0.49	50.75	0.00	0	|	rapi	0.01	0.01	0	|	-92.0	50.75(-92)	0.01(-92)	|	80	
4118	42	ok	|	1.00	0.41	0.41	59.05	0.00	0	|	rapi	0.01	0.01	0	|	-92.0	59.05(-92)	0.01(-92)	|	80	
4118	43	ok	|	1.00	0.32	0.32	68.45	0.00	0	|	rapi	0.02	0.02	0	|	-92.0	68.45(-92)	0.02(-92)	|	80	
4118	44	ok	|	1.00	0.23	0.23	76.92	0.00	0	|	rapi	0.04	0.04	0	|	-92.0	76.92(-92)	0.04(-92)	|	80	
4118	45	ok	|	1.00	0.15	0.15	85.83	0.00	0	|	rapi	0.05	0.05	0	|	-92.0	85.83(-92)	0.05(-92)	|	80	
4118	46	fail-w	|	1.00	0.10	0.10	92.24	0.00	0	|	rapi	0.08	0.09	0	|	-92.0	92.24(-92)	0.09(-92)	|	80	
