4229	0	ok	|	0.09	1.00	1.00	0.10	0.00	0	|	rapi	0.00	0.00	0	|	-30.0	0.10(-30)		|	12	
4229	1	ok	|	0.10	1.00	1.00	0.11	0.00	0	|	rapi	0.00	0.00	0	|	-30.0	0.11(-30)		|	12	
4229	2	ok	|	0.11	1.00	1.00	0.14	0.00	0	|	rapi	0.00	0.00	0	|	-30.0	0.14(-30)		|	12	
4229	3	ok	|	0.12	1.00	1.00	0.14	0.00	0	|	rapi	0.00	0.00	0	|	-30.0	0.14(-30)		|	12	
4229	4	ok	|	0.12	1.00	1.00	0.15	0.00	0	|	rapi	0.00	0.00	0	|	-30.0	0.15(-30)		|	12	
4229	5	ok	|	0.13	1.00	1.00	0.17	0.00	0	|	rapi	0.00	0.00	0	|	-30.0	0.17(-30)		|	12	
4229	6	ok	|	0.15	1.00	1.00	0.21	0.00	0	|	rapi	0.00	0.00	0	|	-30.0	0.21(-30)		|	12	
4229	7	ok	|	0.18	1.00	1.00	0.23	0.00	0	|	rapi	0.00	0.00	0	|	-30.0	0.23(-30)		|	12	
4229	8	ok	|	0.21	1.00	1.00	0.29	0.00	0	|	rapi	0.00	0.00	0	|	-30.0	0.29(-30)		|	12	
4229	9	ok	|	0.24	1.00	1.00	0.33	0.00	0	|	rapi	0.00	0.00	0	|	-30.0	0.33(-30)		|	12	
4229	10	ok	|	0.27	1.00	1.00	0.40	0.00	0	|	rapi	0.00	0.00	0	|	-30.0	0.40(-30)		|	12	
4229	11	ok	|	0.30	1.00	1.00	0.45	0.00	0	|	rapi	0.00	0.00	0	|	-30.0	0.45(-30)		|	12	
4229	12	ok	|	0.35	0.99	0.99	0.53	0.00	0	|	rapi	0.00	0.00	0	|	-30.0	0.53(-30)		|	12	
4229	13	ok	|	0.38	0.99	0.99	0.63	0.00	0	|	rapi	0.00	0.00	0	|	-30.0	0.63(-30)		|	12	
4229	14	ok	|	0.42	0.99	0.99	0.69	0.00	0	|	rapi	0.00	0.00	0	|	-30.0	0.69(-30)		|	12	
4229	15	ok	|	0.48	0.99	0.99	0.79	0.00	0	|	rapi	0.00	0.00	0	|	-30.0	0.79(-30)		|	12	
4229	16	ok	|	0.52	0.99	0.99	0.86	0.00	0	|	rapi	0.00	0.00	0	|	-30.0	0.86(-30)		|	12	
4229	17	ok	|	0.56	0.99	0.99	1.03	0.00	0	|	rapi	0.00	0.00	0	|	-30.0	1.03(-30)		|	12	
4229	18	ok	|	0.62	0.99	0.99	1.24	0.00	0	|	rapi	0.00	0.00	0	|	-30.0	1.24(-30)		|	12	
4229	19	ok	|	0.68	0.99	0.99	1.45	0.00	0	|	rapi	0.00	0.00	0	|	-30.0	1.45(-30)		|	12	
4229	20	ok	|	0.72	0.98	0.98	1.61	0.00	0	|	rapi	0.00	0.00	0	|	-30.0	1.61(-30)		|	12	
4229	21	ok	|	0.79	0.98	0.98	1.94	0.00	0	|	rapi	0.00	0.00	0	|	-30.0	1.94(-30)		|	12	
4229	22	ok	|	0.85	0.98	0.98	2.33	0.00	0	|	rapi	0.00	0.00	0	|	-30.0	2.33(-30)		|	12	
4229	23	ok	|	0.90	0.97	0.97	2.65	0.00	0	|	rapi	0.00	0.00	0	|	-30.0	2.65(-30)		|	12	
4229	24	ok	|	0.92	0.97	0.97	3.12	0.00	0	|	rapi	0.00	0.00	0	|	-30.0	3.12(-30)		|	12	
4229	25	ok	|	0.94	0.96	0.96	3.56	0.00	0	|	rapi	0.00	0.00	0	|	-30.0	3.56(-30)		|	12	
4229	26	ok	|	0.95	0.96	0.96	4.14	0.00	0	|	rapi	0.00	0.00	0	|	-30.0	4.14(-30)		|	12	
4229	27	ok	|	0.97	0.95	0.95	4.91	0.00	0	|	rapi	0.00	0.00	0	|	-30.0	4.91(-30)		|	12	
4229	28	ok	|	0.97	0.94	0.94	5.64	0.00	0	|	rapi	0.00	0.00	0	|	-30.0	5.64(-30)	0.00(-30)	|	12	
4229	29	ok	|	0.99	0.93	0.93	6.64	0.00	0	|	rapi	0.00	0.00	0	|	-30.0	6.64(-30)	0.00(-30)	|	12	
4229	30	ok	|	1.00	0.92	0.92	7.66	0.00	0	|	rapi	0.00	0.00	0	|	-30.0	7.66(-30)	0.00(-30)	|	12	
4229	31	ok	|	1.00	0.91	0.91	9.04	0.00	0	|	rapi	0.00	0.00	0	|	-30.0	9.04(-30)	0.00(-30)	|	12	
4229	32	ok	|	1.00	0.89	0.89	10.69	0.00	0	|	rapi	0.00	0.00	0	|	-30.0	10.69(-30)	0.00(-30)	|	12	
4229	33	ok	|	1.00	0.87	0.87	12.72	0.00	0	|	rapi	0.00	0.00	0	|	-30.0	12.72(-30)		|	12	
4229	34	ok	|	1.00	0.85	0.85	15.03	0.00	0	|	rapi	0.00	0.00	0	|	-30.0	15.03(-30)	0.00(-30)	|	12	
4229	35	ok	|	1.00	0.82	0.82	17.56	0.00	0	|	rapi	0.00	0.00	0	|	-30.0	17.56(-30)	0.00(-30)	|	12	
4229	36	ok	|	1.00	0.79	0.79	20.79	0.00	0	|	rapi	0.00	0.00	0	|	-30.0	20.79(-30)	0.00(-30)	|	12	
4229	37	ok	|	1.00	0.76	0.76	24.14	0.00	0	|	rapi	0.00	0.00	0	|	-30.0	24.14(-30)	0.00(-30)	|	12	
4229	38	ok	|	1.00	0.72	0.72	28.07	0.00	0	|	rapi	0.00	0.00	0	|	-30.0	28.07(-30)	0.00(-30)	|	12	
4229	39	ok	|	1.00	0.67	0.67	32.87	0.00	0	|	rapi	0.01	0.01	0	|	-30.0	32.87(-30)	0.01(-30)	|	12	
4229	40	ok	|	1.00	0.62	0.62	38.25	0.00	0	|	rapi	0.01	0.01	0	|	-30.0	38.25(-30)	0.01(-30)	|	12	
4229	41	ok	|	1.00	0.55	0.55	44.60	0.00	0	|	rapi	0.01	0.01	0	|	-30.0	44.60(-30)	0.01(-30)	|	12	
4229	42	ok	|	1.00	0.48	0.48	51.93	0.00	0	|	rapi	0.01	0.01	0	|	-30.0	51.93(-30)	0.01(-30)	|	12	
4229	43	ok	|	1.00	0.39	0.39	60.61	0.00	0	|	rapi	0.03	0.03	0	|	-30.0	60.61(-30)	0.03(-30)	|	12	
4229	44	ok	|	1.00	0.31	0.31	69.20	0.00	0	|	rapi	0.03	0.03	0	|	-30.0	69.20(-30)	0.03(-30)	|	12	
4229	45	ok	|	1.00	0.22	0.22	78.22	0.00	0	|	rapi	0.04	0.04	0	|	-30.0	78.22(-30)	0.04(-30)	|	12	
4229	46	ok	|	1.00	0.14	0.14	86.31	0.00	0	|	rapi	0.05	0.05	0	|	-30.0	86.31(-30)	0.05(-30)	|	12	
4229	47	ok	|	1.00	0.10	0.10	91.76	0.00	0	|	rapi	0.10	0.11	0	|	-30.0	91.76(-30)	0.11(-30)	|	12	
4229	48	fail-w	|	1.00	0.08	0.08	94.26	0.00	0	|	rapi	0.22	0.23	0	|	-30.0	94.26(-30)	0.23(-30)	|	12	
