4268	0	ok	|	0.10	1.00	1.00	0.10	0.00	0	|	rapi	0.00	0.00	0	|	-31.0	0.10(-31)		|	10	
4268	1	ok	|	0.11	1.00	1.00	0.13	0.00	0	|	rapi	0.00	0.00	0	|	-31.0	0.13(-31)		|	10	
4268	2	ok	|	0.11	1.00	1.00	0.13	0.00	0	|	rapi	0.00	0.00	0	|	-31.0	0.13(-31)		|	10	
4268	3	ok	|	0.12	1.00	1.00	0.15	0.00	0	|	rapi	0.00	0.00	0	|	-31.0	0.15(-31)		|	10	
4268	4	ok	|	0.14	1.00	1.00	0.18	0.00	0	|	rapi	0.00	0.00	0	|	-31.0	0.18(-31)		|	10	
4268	5	ok	|	0.17	1.00	1.00	0.22	0.00	0	|	rapi	0.00	0.00	0	|	-31.0	0.22(-31)		|	10	
4268	6	ok	|	0.18	1.00	1.00	0.23	0.00	0	|	rapi	0.00	0.00	0	|	-31.0	0.23(-31)		|	10	
4268	7	ok	|	0.22	1.00	1.00	0.30	0.00	0	|	rapi	0.00	0.00	0	|	-31.0	0.30(-31)		|	10	
4268	8	ok	|	0.28	1.00	1.00	0.40	0.00	0	|	rapi	0.00	0.00	0	|	-31.0	0.40(-31)		|	10	
4268	9	ok	|	0.31	1.00	1.00	0.47	0.00	0	|	rapi	0.00	0.00	0	|	-31.0	0.47(-31)		|	10	
4268	10	ok	|	0.36	0.99	0.99	0.57	0.00	0	|	rapi	0.00	0.00	0	|	-31.0	0.57(-31)		|	10	
4268	11	ok	|	0.40	0.99	0.99	0.65	0.00	0	|	rapi	0.00	0.00	0	|	-31.0	0.65(-31)		|	10	
4268	12	ok	|	0.43	0.99	0.99	0.74	0.00	0	|	rapi	0.00	0.00	0	|	-31.0	0.74(-31)		|	10	
4268	13	ok	|	0.49	0.99	0.99	0.90	0.00	0	|	rapi	0.00	0.00	0	|	-31.0	0.90(-31)		|	10	
4268	14	ok	|	0.56	0.99	0.99	1.11	0.00	0	|	rapi	0.00	0.00	0	|	-31.0	1.11(-31)		|	10	
4268	15	ok	|	0.64	0.99	0.99	1.32	0.00	0	|	rapi	0.00	0.00	0	|	-31.0	1.32(-31)		|	10	
4268	16	ok	|	0.74	0.98	0.98	1.67	0.00	0	|	rapi	0.00	0.00	0	|	-31.0	1.67(-31)		|	10	
4268	17	ok	|	0.78	0.98	0.98	1.96	0.00	0	|	rapi	0.00	0.00	0	|	-31.0	1.96(-31)	0.00(-31)	|	10	
4268	18	ok	|	0.82	0.98	0.98	2.26	0.00	0	|	rapi	0.00	0.00	0	|	-31.0	2.26(-31)		|	10	
4268	19	ok	|	0.89	0.97	0.97	2.70	0.00	0	|	rapi	0.00	0.00	0	|	-31.0	2.70(-31)		|	10	
4268	20	ok	|	0.93	0.97	0.97	3.29	0.00	0	|	rapi	0.00	0.00	0	|	-31.0	3.29(-31)		|	10	
4268	21	ok	|	0.96	0.96	0.96	4.02	0.00	0	|	rapi	0.00	0.00	0	|	-31.0	4.02(-31)	0.00(-31)	|	10	
4268	22	ok	|	0.98	0.95	0.95	4.74	0.00	0	|	rapi	0.00	0.00	0	|	-31.0	4.74(-31)		|	10	
4268	23	ok	|	0.98	0.94	0.94	5.63	0.00	0	|	rapi	0.00	0.00	0	|	-31.0	5.63(-31)		|	10	
4268	24	ok	|	0.99	0.93	0.93	6.66	0.00	0	|	rapi	0.00	0.00	0	|	-31.0	6.66(-31)	0.00(-31)	|	10	
4268	25	ok	|	1.00	0.92	0.92	7.88	0.00	0	|	rapi	0.00	0.00	0	|	-31.0	7.88(-31)	0.00(-31)	|	10	
4268	26	ok	|	1.00	0.91	0.91	9.29	0.00	0	|	rapi	0.00	0.00	0	|	-31.0	9.29(-31)	0.00(-31)	|	10	
4268	27	ok	|	1.00	0.89	0.89	10.84	0.00	0	|	rapi	0.00	0.00	0	|	-31.0	10.84(-31)	0.00(-31)	|	10	
4268	28	ok	|	1.00	0.88	0.88	12.44	0.00	0	|	rapi	0.00	0.00	0	|	-31.0	12.44(-31)	0.00(-31)	|	10	
4268	29	ok	|	1.00	0.85	0.85	14.53	0.00	0	|	rapi	0.00	0.00	0	|	-31.0	14.53(-31)	0.00(-31)	|	10	
4268	30	ok	|	1.00	0.83	0.83	17.14	0.00	0	|	rapi	0.01	0.01	0	|	-31.0	17.14(-31)	0.01(-31)	|	10	
4268	31	ok	|	1.00	0.80	0.80	20.38	0.00	0	|	rapi	0.01	0.01	0	|	-31.0	20.38(-31)	0.01(-31)	|	10	
4268	32	ok	|	1.00	0.76	0.76	23.95	0.00	0	|	rapi	0.01	0.01	0	|	-31.0	23.95(-31)	0.01(-31)	|	10	
4268	33	ok	|	1.00	0.72	0.72	28.36	0.00	0	|	rapi	0.01	0.01	0	|	-31.0	28.36(-31)	0.01(-31)	|	10	
4268	34	ok	|	1.00	0.67	0.67	32.99	0.00	0	|	rapi	0.01	0.01	0	|	-31.0	32.99(-31)	0.01(-31)	|	10	
4268	35	ok	|	1.00	0.61	0.61	38.94	0.00	0	|	rapi	0.02	0.02	0	|	-31.0	38.94(-31)	0.02(-31)	|	10	
4268	36	ok	|	1.00	0.54	0.54	45.85	0.00	0	|	rapi	0.03	0.03	0	|	-31.0	45.85(-31)	0.03(-31)	|	10	
4268	37	ok	|	1.00	0.46	0.46	53.54	0.00	0	|	rapi	0.02	0.02	0	|	-31.0	53.54(-31)	0.02(-31)	|	10	
4268	38	ok	|	1.00	0.39	0.39	61.41	0.00	0	|	rapi	0.02	0.02	0	|	-31.0	61.41(-31)	0.02(-31)	|	10	
4268	39	ok	|	1.00	0.29	0.29	70.62	0.00	0	|	rapi	0.04	0.04	0	|	-31.0	70.62(-31)	0.04(-31)	|	10	
4268	40	ok	|	1.00	0.21	0.21	79.65	0.00	0	|	rapi	0.05	0.06	0	|	-31.0	79.65(-31)	0.06(-31)	|	10	
4268	41	ok	|	1.00	0.13	0.13	87.68	0.00	0	|	rapi	0.07	0.08	0	|	-31.0	87.68(-31)	0.08(-31)	|	10	
4268	42	fail-w	|	1.00	0.09	0.09	93.46	0.00	0	|	rapi	0.14	0.15	0	|	-31.0	93.46(-31)	0.15(-31)	|	10	
