4271	0	ok	|	0.09	1.00	1.00	0.10	0.00	0	|	rapi	0.00	0.00	0	|	-36.0	0.10(-36)		|	10	
4271	1	ok	|	0.11	1.00	1.00	0.13	0.00	0	|	rapi	0.00	0.00	0	|	-36.0	0.13(-36)		|	10	
4271	2	ok	|	0.12	1.00	1.00	0.14	0.00	0	|	rapi	0.00	0.00	0	|	-36.0	0.14(-36)		|	10	
4271	3	ok	|	0.15	1.00	1.00	0.18	0.00	0	|	rapi	0.00	0.00	0	|	-36.0	0.18(-36)		|	10	
4271	4	ok	|	0.16	1.00	1.00	0.21	0.00	0	|	rapi	0.00	0.00	0	|	-36.0	0.21(-36)		|	10	
4271	5	ok	|	0.17	1.00	1.00	0.24	0.00	0	|	rapi	0.00	0.00	0	|	-36.0	0.24(-36)		|	10	
4271	6	ok	|	0.20	1.00	1.00	0.30	0.00	0	|	rapi	0.00	0.00	0	|	-36.0	0.30(-36)		|	10	
4271	7	ok	|	0.25	1.00	1.00	0.38	0.00	0	|	rapi	0.00	0.00	0	|	-36.0	0.38(-36)		|	10	
4271	8	ok	|	0.29	1.00	1.00	0.45	0.00	0	|	rapi	0.00	0.00	0	|	-36.0	0.45(-36)		|	10	
4271	9	ok	|	0.34	0.99	0.99	0.55	0.00	0	|	rapi	0.00	0.00	0	|	-36.0	0.55(-36)		|	10	
4271	10	ok	|	0.42	0.99	0.99	0.73	0.00	0	|	rapi	0.00	0.00	0	|	-36.0	0.73(-36)		|	10	
4271	11	ok	|	0.49	0.99	0.99	0.93	0.00	0	|	rapi	0.00	0.00	0	|	-36.0	0.93(-36)		|	10	
4271	12	ok	|	0.55	0.99	0.99	1.03	0.00	0	|	rapi	0.00	0.00	0	|	-36.0	1.03(-36)		|	10	
4271	13	ok	|	0.62	0.99	0.99	1.35	0.00	0	|	rapi	0.00	0.00	0	|	-36.0	1.35(-36)		|	10	
4271	14	ok	|	0.69	0.98	0.98	1.58	0.00	0	|	rapi	0.00	0.00	0	|	-36.0	1.58(-36)		|	10	
4271	15	ok	|	0.76	0.98	0.98	1.88	0.00	0	|	rapi	0.00	0.00	0	|	-36.0	1.88(-36)		|	10	
4271	16	ok	|	0.81	0.98	0.98	2.15	0.00	0	|	rapi	0.00	0.00	0	|	-36.0	2.15(-36)		|	10	
4271	17	ok	|	0.84	0.98	0.98	2.44	0.00	0	|	rapi	0.00	0.00	0	|	-36.0	2.44(-36)		|	10	
4271	18	ok	|	0.88	0.97	0.97	2.89	0.00	0	|	rapi	0.00	0.00	0	|	-36.0	2.89(-36)		|	10	
4271	19	ok	|	0.91	0.96	0.96	3.53	0.00	0	|	rapi	0.00	0.00	0	|	-36.0	3.53(-36)	0.00(-36)	|	10	
4271	20	ok	|	0.96	0.96	0.96	4.25	0.00	0	|	rapi	0.00	0.00	0	|	-36.0	4.25(-36)	0.00(-36)	|	10	
4271	21	ok	|	0.98	0.95	0.95	5.01	0.00	0	|	rapi	0.00	0.00	0	|	-36.0	5.01(-36)	0.00(-36)	|	10	
4271	22	ok	|	0.99	0.94	0.94	5.88	0.00	0	|	rapi	0.00	0.00	0	|	-36.0	5.88(-36)	0.00(-36)	|	10	
4271	23	ok	|	0.99	0.93	0.93	6.88	0.00	0	|	rapi	0.00	0.00	0	|	-36.0	6.88(-36)	0.00(-36)	|	10	
4271	24	ok	|	1.00	0.92	0.92	8.25	0.00	0	|	rapi	0.00	0.00	0	|	-36.0	8.25(-36)		|	10	
4271	25	ok	|	1.00	0.90	0.90	9.88	0.00	0	|	rapi	0.00	0.00	0	|	-36.0	9.88(-36)	0.00(-36)	|	10	
4271	26	ok	|	1.00	0.88	0.88	11.67	0.00	0	|	rapi	0.01	0.01	0	|	-36.0	11.67(-36)	0.01(-36)	|	10	
4271	27	ok	|	1.00	0.86	0.86	13.69	0.00	0	|	rapi	0.01	0.01	0	|	-36.0	13.69(-36)	0.01(-36)	|	10	
4271	28	ok	|	1.00	0.84	0.84	16.01	0.00	0	|	rapi	0.01	0.01	0	|	-36.0	16.01(-36)	0.01(-36)	|	10	
4271	29	ok	|	1.00	0.81	0.81	18.62	0.00	0	|	rapi	0.00	0.00	0	|	-36.0	18.62(-36)	0.00(-36)	|	10	
4271	30	ok	|	1.00	0.78	0.78	21.78	0.00	0	|	rapi	0.00	0.00	0	|	-36.0	21.78(-36)	0.00(-36)	|	10	
4271	31	ok	|	1.00	0.74	0.74	25.73	0.00	0	|	rapi	0.00	0.00	0	|	-36.0	25.73(-36)	0.00(-36)	|	10	
4271	32	ok	|	1.00	0.70	0.70	30.11	0.00	0	|	rapi	0.01	0.01	0	|	-36.0	30.11(-36)	0.01(-36)	|	10	
4271	33	ok	|	1.00	0.64	0.64	35.80	0.00	0	|	rapi	0.01	0.01	0	|	-36.0	35.80(-36)	0.01(-36)	|	10	
4271	34	ok	|	1.00	0.59	0.59	41.49	0.00	0	|	rapi	0.01	0.01	0	|	-36.0	41.49(-36)	0.01(-36)	|	10	
4271	35	ok	|	1.00	0.51	0.51	48.80	0.00	0	|	rapi	0.01	0.01	0	|	-36.0	48.80(-36)	0.01(-36)	|	10	
4271	36	ok	|	1.00	0.44	0.44	56.13	0.00	0	|	rapi	0.02	0.02	0	|	-36.0	56.13(-36)	0.02(-36)	|	10	
4271	37	ok	|	1.00	0.35	0.35	65.32	0.00	0	|	rapi	0.03	0.03	0	|	-36.0	65.32(-36)	0.03(-36)	|	10	
4271	38	ok	|	1.00	0.26	0.26	74.38	0.00	0	|	rapi	0.04	0.04	0	|	-36.0	74.38(-36)	0.04(-36)	|	10	
4271	39	ok	|	1.00	0.17	0.17	83.32	0.00	0	|	rapi	0.06	0.06	0	|	-36.0	83.32(-36)	0.06(-36)	|	10	
4271	40	ok	|	1.00	0.11	0.11	90.87	0.00	0	|	rapi	0.12	0.12	0	|	-36.0	90.87(-36)	0.12(-36)	|	10	
4271	41	fail-w	|	1.00	0.08	0.08	94.43	0.00	0	|	rapi	0.21	0.22	0	|	-36.0	94.43(-36)	0.22(-36)	|	10	
