4278	0	ok	|	0.09	1.00	1.00	0.10	0.00	0	|	rapi	0.00	0.00	0	|	-47.0	0.10(-47)		|	3	
4278	1	ok	|	0.11	1.00	1.00	0.13	0.00	0	|	rapi	0.00	0.00	0	|	-47.0	0.13(-47)		|	3	
4278	2	ok	|	0.13	1.00	1.00	0.15	0.00	0	|	rapi	0.00	0.00	0	|	-47.0	0.15(-47)		|	3	
4278	3	ok	|	0.13	1.00	1.00	0.17	0.00	0	|	rapi	0.00	0.00	0	|	-47.0	0.17(-47)		|	3	
4278	4	ok	|	0.17	1.00	1.00	0.21	0.00	0	|	rapi	0.00	0.00	0	|	-47.0	0.21(-47)		|	3	
4278	5	ok	|	0.18	1.00	1.00	0.24	0.00	0	|	rapi	0.00	0.00	0	|	-47.0	0.24(-47)		|	3	
4278	6	ok	|	0.21	1.00	1.00	0.29	0.00	0	|	rapi	0.00	0.00	0	|	-47.0	0.29(-47)		|	3	
4278	7	ok	|	0.25	1.00	1.00	0.37	0.00	0	|	rapi	0.00	0.00	0	|	-47.0	0.37(-47)		|	3	
4278	8	ok	|	0.28	1.00	1.00	0.44	0.00	0	|	rapi	0.00	0.00	0	|	-47.0	0.44(-47)		|	3	
4278	9	ok	|	0.34	0.99	0.99	0.52	0.00	0	|	rapi	0.00	0.00	0	|	-47.0	0.52(-47)		|	3	
4278	10	ok	|	0.40	0.99	0.99	0.62	0.00	0	|	rapi	0.00	0.00	0	|	-47.0	0.62(-47)		|	3	
4278	11	ok	|	0.45	0.99	0.99	0.76	0.00	0	|	rapi	0.00	0.00	0	|	-47.0	0.76(-47)		|	3	
4278	12	ok	|	0.49	0.99	0.99	0.91	0.00	0	|	rapi	0.00	0.00	0	|	-47.0	0.91(-47)		|	3	
4278	13	ok	|	0.55	0.99	0.99	1.01	0.00	0	|	rapi	0.00	0.00	0	|	-47.0	1.01(-47)		|	3	
4278	14	ok	|	0.61	0.99	0.99	1.19	0.00	0	|	rapi	0.00	0.00	0	|	-47.0	1.19(-47)		|	3	
4278	15	ok	|	0.67	0.99	0.99	1.37	0.00	0	|	rapi	0.00	0.00	0	|	-47.0	1.37(-47)		|	3	
4278	16	ok	|	0.73	0.98	0.98	1.68	0.00	0	|	rapi	0.00	0.00	0	|	-47.0	1.68(-47)		|	3	
4278	17	ok	|	0.77	0.98	0.98	1.95	0.00	0	|	rapi	0.00	0.00	0	|	-47.0	1.95(-47)		|	3	
4278	18	ok	|	0.84	0.98	0.98	2.31	0.00	0	|	rapi	0.00	0.00	0	|	-47.0	2.31(-47)		|	3	
4278	19	ok	|	0.87	0.97	0.97	2.73	0.00	0	|	rapi	0.00	0.00	0	|	-47.0	2.73(-47)		|	3	
4278	20	ok	|	0.91	0.97	0.97	3.21	0.00	0	|	rapi	0.00	0.00	0	|	-47.0	3.21(-47)		|	3	
4278	21	ok	|	0.95	0.96	0.96	3.74	0.00	0	|	rapi	0.00	0.00	0	|	-47.0	3.74(-47)		|	3	
4278	22	ok	|	0.96	0.96	0.96	4.31	0.00	0	|	rapi	0.00	0.00	0	|	-47.0	4.31(-47)		|	3	
4278	23	ok	|	0.98	0.95	0.95	5.11	0.00	0	|	rapi	0.00	0.00	0	|	-47.0	5.11(-47)		|	3	
4278	24	ok	|	0.99	0.94	0.94	6.03	0.00	0	|	rapi	0.00	0.00	0	|	-47.0	6.03(-47)		|	3	
4278	25	ok	|	1.00	0.93	0.93	6.99	0.00	0	|	rapi	0.00	0.00	0	|	-47.0	6.99(-47)		|	3	
4278	26	ok	|	1.00	0.92	0.92	8.33	0.00	0	|	rapi	0.00	0.00	0	|	-47.0	8.33(-47)		|	3	
4278	27	ok	|	1.00	0.90	0.90	9.76	0.00	0	|	rapi	0.00	0.00	0	|	-47.0	9.76(-47)		|	3	
4278	28	ok	|	1.00	0.88	0.88	11.56	0.00	0	|	rapi	0.00	0.00	0	|	-47.0	11.56(-47)		|	3	
4278	29	ok	|	1.00	0.87	0.87	13.45	0.00	0	|	rapi	0.00	0.00	0	|	-47.0	13.45(-47)		|	3	
4278	30	ok	|	1.00	0.84	0.84	16.07	0.00	0	|	rapi	0.00	0.00	0	|	-47.0	16.07(-47)		|	3	
4278	31	ok	|	1.00	0.81	0.81	18.85	0.00	0	|	rapi	0.00	0.00	0	|	-47.0	18.85(-47)		|	3	
4278	32	ok	|	1.00	0.78	0.78	22.12	0.00	0	|	rapi	0.00	0.00	0	|	-47.0	22.12(-47)		|	3	
4278	33	ok	|	1.00	0.74	0.74	26.29	0.00	0	|	rapi	0.00	0.00	0	|	-47.0	26.29(-47)	0.00(-47)	|	3	
4278	34	ok	|	1.00	0.69	0.69	30.94	0.00	0	|	rapi	0.00	0.00	0	|	-47.0	30.94(-47)	0.00(-47)	|	3	
4278	35	ok	|	1.00	0.63	0.63	36.73	0.00	0	|	rapi	0.00	0.00	0	|	-47.0	36.73(-47)	0.00(-47)	|	3	
4278	36	ok	|	1.00	0.57	0.57	42.88	0.00	0	|	rapi	0.00	0.00	0	|	-47.0	42.88(-47)	0.00(-47)	|	3	
4278	37	ok	|	1.00	0.50	0.50	49.51	0.00	0	|	rapi	0.00	0.00	0	|	-47.0	49.51(-47)	0.00(-47)	|	3	
4278	38	ok	|	1.00	0.43	0.43	57.42	0.00	0	|	rapi	0.00	0.00	0	|	-47.0	57.42(-47)	0.00(-47)	|	3	
4278	39	ok	|	1.00	0.34	0.34	66.49	0.00	0	|	rapi	0.01	0.01	0	|	-47.0	66.49(-47)	0.01(-47)	|	3	
4278	40	ok	|	1.00	0.24	0.24	76.47	0.00	0	|	rapi	0.01	0.01	0	|	-47.0	76.47(-47)	0.01(-47)	|	3	
4278	41	ok	|	1.00	0.14	0.14	86.34	0.00	0	|	rapi	0.01	0.01	0	|	-47.0	86.34(-47)	0.01(-47)	|	3	
4278	42	fail-w	|	1.00	0.07	0.07	94.92	0.00	0	|	rapi	0.01	0.01	0	|	-47.0	94.92(-47)	0.01(-47)	|	3	
