4474	0	ok	|	0.10	1.00	1.00	0.10	0.00	0	|	rapi	0.00	0.00	0	|	-85.0	0.10(-85)		|	17	
4474	1	ok	|	0.10	1.00	1.00	0.12	0.00	0	|	rapi	0.00	0.00	0	|	-85.0	0.12(-85)		|	17	
4474	2	ok	|	0.12	1.00	1.00	0.16	0.00	0	|	rapi	0.00	0.00	0	|	-85.0	0.16(-85)		|	17	
4474	3	ok	|	0.15	1.00	1.00	0.21	0.00	0	|	rapi	0.00	0.00	0	|	-85.0	0.21(-85)		|	17	
4474	4	ok	|	0.17	1.00	1.00	0.23	0.00	0	|	rapi	0.00	0.00	0	|	-85.0	0.23(-85)		|	17	
4474	5	ok	|	0.21	1.00	1.00	0.29	0.00	0	|	rapi	0.00	0.00	0	|	-85.0	0.29(-85)		|	17	
4474	6	ok	|	0.27	1.00	1.00	0.39	0.00	0	|	rapi	0.00	0.00	0	|	-85.0	0.39(-85)		|	17	
4474	7	ok	|	0.30	1.00	1.00	0.46	0.00	0	|	rapi	0.00	0.00	0	|	-85.0	0.46(-85)		|	17	
4474	8	ok	|	0.34	0.99	0.99	0.52	0.00	0	|	rapi	0.00	0.00	0	|	-85.0	0.52(-85)		|	17	
4474	9	ok	|	0.40	0.99	0.99	0.64	0.00	0	|	rapi	0.00	0.00	0	|	-85.0	0.64(-85)		|	17	
4474	10	ok	|	0.45	0.99	0.99	0.76	0.00	0	|	rapi	0.00	0.00	0	|	-85.0	0.76(-85)		|	17	
4474	11	ok	|	0.51	0.99	0.99	0.94	0.00	0	|	rapi	0.00	0.00	0	|	-85.0	0.94(-85)		|	17	
4474	12	ok	|	0.58	0.99	0.99	1.14	0.00	0	|	rapi	0.00	0.00	0	|	-85.0	1.14(-85)		|	17	
4474	13	ok	|	0.64	0.99	0.99	1.32	0.00	0	|	rapi	0.00	0.00	0	|	-85.0	1.32(-85)		|	17	
4474	14	ok	|	0.71	0.98	0.98	1.54	0.00	0	|	rapi	0.00	0.00	0	|	-85.0	1.54(-85)		|	17	
4474	15	ok	|	0.77	0.98	0.98	1.73	0.00	0	|	rapi	0.00	0.00	0	|	-85.0	1.73(-85)	0.00(-85)	|	17	
4474	16	ok	|	0.80	0.98	0.98	2.03	0.00	0	|	rapi	0.00	0.00	0	|	-85.0	2.03(-85)		|	17	
4474	17	ok	|	0.84	0.98	0.98	2.46	0.00	0	|	rapi	0.00	0.00	0	|	-85.0	2.46(-85)		|	17	
4474	18	ok	|	0.89	0.97	0.97	2.98	0.00	0	|	rapi	0.00	0.00	0	|	-85.0	2.98(-85)		|	17	
4474	19	ok	|	0.94	0.96	0.96	3.56	0.00	0	|	rapi	0.00	0.00	0	|	-85.0	3.56(-85)		|	17	
4474	20	ok	|	0.95	0.96	0.96	4.13	0.00	0	|	rapi	0.00	0.00	0	|	-85.0	4.13(-85)		|	17	
4474	21	ok	|	0.98	0.95	0.95	5.13	0.00	0	|	rapi	0.00	0.00	0	|	-85.0	5.13(-85)		|	17	
4474	22	ok	|	0.99	0.94	0.94	5.99	0.00	0	|	rapi	0.00	0.00	0	|	-85.0	5.99(-85)		|	17	
4474	23	ok	|	0.99	0.93	0.93	7.05	0.00	0	|	rapi	0.00	0.00	0	|	-85.0	7.05(-85)		|	17	
4474	24	ok	|	1.00	0.92	0.92	8.06	0.00	0	|	rapi	0.00	0.00	0	|	-85.0	8.06(-85)		|	17	
4474	25	ok	|	1.00	0.91	0.91	9.44	0.00	0	|	rapi	0.00	0.00	0	|	-85.0	9.44(-85)		|	17	
4474	26	ok	|	1.00	0.89	0.89	11.15	0.00	0	|	rapi	0.00	0.00	0	|	-85.0	11.15(-85)		|	17	
4474	27	ok	|	1.00	0.87	0.87	12.90	0.00	0	|	rapi	0.00	0.00	0	|	-85.0	12.90(-85)		|	17	
4474	28	ok	|	1.00	0.85	0.85	15.48	0.00	0	|	rapi	0.00	0.00	0	|	-85.0	15.48(-85)		|	17	
4474	29	ok	|	1.00	0.82	0.82	18.24	0.00	0	|	rapi	0.00	0.00	0	|	-85.0	18.24(-85)		|	17	
4474	30	ok	|	1.00	0.78	0.78	21.85	0.00	0	|	rapi	0.00	0.00	0	|	-85.0	21.85(-85)		|	17	
4474	31	ok	|	1.00	0.74	0.74	25.97	0.00	0	|	rapi	0.00	0.00	0	|	-85.0	25.97(-85)		|	17	
4474	32	ok	|	1.00	0.69	0.69	30.60	0.00	0	|	rapi	0.00	0.00	0	|	-85.0	30.60(-85)		|	17	
4474	33	ok	|	1.00	0.64	0.64	35.67	0.00	0	|	rapi	0.00	0.00	0	|	-85.0	35.67(-85)		|	17	
4474	34	ok	|	1.00	0.58	0.58	41.82	0.00	0	|	rapi	0.00	0.00	0	|	-85.0	41.82(-85)	0.00(-85)	|	17	
4474	35	ok	|	1.00	0.51	0.51	48.88	0.00	0	|	rapi	0.01	0.01	0	|	-85.0	48.88(-85)	0.01(-85)	|	17	
4474	36	ok	|	1.00	0.43	0.43	56.78	0.00	0	|	rapi	0.01	0.01	0	|	-85.0	56.78(-85)	0.01(-85)	|	17	
4474	37	ok	|	1.00	0.34	0.34	65.99	0.00	0	|	rapi	0.01	0.01	0	|	-85.0	65.99(-85)	0.01(-85)	|	17	
4474	38	ok	|	1.00	0.25	0.25	75.49	0.00	0	|	rapi	0.01	0.01	0	|	-85.0	75.49(-85)	0.01(-85)	|	17	
4474	39	ok	|	1.00	0.16	0.16	84.85	0.00	0	|	rapi	0.01	0.01	0	|	-85.0	84.85(-85)	0.01(-85)	|	17	
4474	40	fail-w	|	1.00	0.09	0.09	92.71	0.00	0	|	rapi	0.01	0.01	0	|	-85.0	92.71(-85)	0.01(-85)	|	17	
