4509	0	ok	|	0.10	1.00	1.00	0.10	0.00	0	|	rapi	0.00	0.00	0	|	-80.0	0.10(-80)		|	5	
4509	1	ok	|	0.11	1.00	1.00	0.12	0.00	0	|	rapi	0.00	0.00	0	|	-80.0	0.12(-80)		|	5	
4509	2	ok	|	0.12	1.00	1.00	0.14	0.00	0	|	rapi	0.00	0.00	0	|	-80.0	0.14(-80)		|	5	
4509	3	ok	|	0.12	1.00	1.00	0.15	0.00	0	|	rapi	0.00	0.00	0	|	-80.0	0.15(-80)		|	5	
4509	4	ok	|	0.15	1.00	1.00	0.19	0.00	0	|	rapi	0.00	0.00	0	|	-80.0	0.19(-80)		|	5	
4509	5	ok	|	0.16	1.00	1.00	0.22	0.00	0	|	rapi	0.00	0.00	0	|	-80.0	0.22(-80)		|	5	
4509	6	ok	|	0.16	1.00	1.00	0.22	0.00	0	|	rapi	0.00	0.00	0	|	-80.0	0.22(-80)		|	5	
4509	7	ok	|	0.23	1.00	1.00	0.33	0.00	0	|	rapi	0.00	0.00	0	|	-80.0	0.33(-80)		|	5	
4509	8	ok	|	0.27	1.00	1.00	0.40	0.00	0	|	rapi	0.00	0.00	0	|	-80.0	0.40(-80)		|	5	
4509	9	ok	|	0.30	1.00	1.00	0.45	0.00	0	|	rapi	0.00	0.00	0	|	-80.0	0.45(-80)		|	5	
4509	10	ok	|	0.36	0.99	0.99	0.57	0.00	0	|	rapi	0.00	0.00	0	|	-80.0	0.57(-80)		|	5	
4509	11	ok	|	0.40	0.99	0.99	0.65	0.00	0	|	rapi	0.00	0.00	0	|	-80.0	0.65(-80)		|	5	
4509	12	ok	|	0.44	0.99	0.99	0.74	0.00	0	|	rapi	0.00	0.00	0	|	-80.0	0.74(-80)		|	5	
4509	13	ok	|	0.49	0.99	0.99	0.86	0.00	0	|	rapi	0.00	0.00	0	|	-80.0	0.86(-80)		|	5	
4509	14	ok	|	0.56	0.99	0.99	1.00	0.00	0	|	rapi	0.00	0.00	0	|	-80.0	1.00(-80)		|	5	
4509	15	ok	|	0.62	0.99	0.99	1.16	0.00	0	|	rapi	0.00	0.00	0	|	-80.0	1.16(-80)		|	5	
4509	16	ok	|	0.66	0.99	0.99	1.35	0.00	0	|	rapi	0.00	0.00	0	|	-80.0	1.35(-80)		|	5	
4509	17	ok	|	0.71	0.98	0.98	1.56	0.00	0	|	rapi	0.00	0.00	0	|	-80.0	1.56(-80)		|	5	
4509	18	ok	|	0.76	0.98	0.98	1.78	0.00	0	|	rapi	0.00	0.00	0	|	-80.0	1.78(-80)		|	5	
4509	19	ok	|	0.81	0.98	0.98	2.12	0.00	0	|	rapi	0.00	0.00	0	|	-80.0	2.12(-80)		|	5	
4509	20	ok	|	0.85	0.98	0.98	2.44	0.00	0	|	rapi	0.00	0.00	0	|	-80.0	2.44(-80)		|	5	
4509	21	ok	|	0.89	0.97	0.97	2.86	0.00	0	|	rapi	0.00	0.00	0	|	-80.0	2.86(-80)		|	5	
4509	22	ok	|	0.93	0.97	0.97	3.31	0.00	0	|	rapi	0.00	0.00	0	|	-80.0	3.31(-80)		|	5	
4509	23	ok	|	0.96	0.96	0.96	3.89	0.00	0	|	rapi	0.00	0.00	0	|	-80.0	3.89(-80)		|	5	
4509	24	ok	|	0.97	0.95	0.95	4.59	0.00	0	|	rapi	0.00	0.00	0	|	-80.0	4.59(-80)		|	5	
4509	25	ok	|	0.98	0.95	0.95	5.34	0.00	0	|	rapi	0.00	0.00	0	|	-80.0	5.34(-80)		|	5	
4509	26	ok	|	0.99	0.94	0.94	6.41	0.00	0	|	rapi	0.00	0.00	0	|	-80.0	6.41(-80)		|	5	
4509	27	ok	|	1.00	0.92	0.92	7.58	0.00	0	|	rapi	0.00	0.00	0	|	-80.0	7.58(-80)		|	5	
4509	28	ok	|	1.00	0.91	0.91	9.09	0.00	0	|	rapi	0.00	0.00	0	|	-80.0	9.09(-80)		|	5	
4509	29	ok	|	1.00	0.89	0.89	10.70	0.00	0	|	rapi	0.00	0.00	0	|	-80.0	10.70(-80)		|	5	
4509	30	ok	|	1.00	0.87	0.87	12.53	0.00	0	|	rapi	0.00	0.00	0	|	-80.0	12.53(-80)		|	5	
4509	31	ok	|	1.00	0.85	0.85	14.75	0.00	0	|	rapi	0.00	0.00	0	|	-80.0	14.75(-80)		|	5	
4509	32	ok	|	1.00	0.83	0.83	17.18	0.00	0	|	rapi	0.00	0.00	0	|	-80.0	17.18(-80)		|	5	
4509	33	ok	|	1.00	0.80	0.80	20.01	0.00	0	|	rapi	0.00	0.00	0	|	-80.0	20.01(-80)		|	5	
4509	34	ok	|	1.00	0.76	0.76	23.90	0.00	0	|	rapi	0.00	0.00	0	|	-80.0	23.90(-80)		|	5	
4509	35	ok	|	1.00	0.72	0.72	28.04	0.00	0	|	rapi	0.00	0.00	0	|	-80.0	28.04(-80)		|	5	
4509	36	ok	|	1.00	0.67	0.67	33.20	0.00	0	|	rapi	0.00	0.00	0	|	-80.0	33.20(-80)		|	5	
4509	37	ok	|	1.00	0.62	0.62	38.47	0.00	0	|	rapi	0.00	0.00	0	|	-80.0	38.47(-80)		|	5	
4509	38	ok	|	1.00	0.55	0.55	45.27	0.00	0	|	rapi	0.00	0.00	0	|	-80.0	45.27(-80)	0.00(-80)	|	5	
4509	39	ok	|	1.00	0.47	0.47	52.67	0.00	0	|	rapi	0.00	0.00	0	|	-80.0	52.67(-80)	0.00(-80)	|	5	
4509	40	ok	|	1.00	0.39	0.39	60.92	0.00	0	|	rapi	0.00	0.00	0	|	-80.0	60.92(-80)	0.00(-80)	|	5	
4509	41	ok	|	1.00	0.29	0.29	71.21	0.00	0	|	rapi	0.00	0.00	0	|	-80.0	71.21(-80)	0.00(-80)	|	5	
4509	42	ok	|	1.00	0.19	0.19	81.14	0.00	0	|	rapi	0.01	0.01	0	|	-80.0	81.14(-80)	0.01(-80)	|	5	
4509	43	ok	|	1.00	0.11	0.11	90.14	0.00	0	|	rapi	0.00	0.00	0	|	-80.0	90.14(-80)	0.00(-80)	|	5	
4509	44	fail-w	|	1.00	0.05	0.05	98.07	0.00	0	|	rapi	0.01	0.01	0	|	-80.0	98.07(-80)	0.01(-80)	|	5	
