4515	0	ok	|	0.10	1.00	1.00	0.10	0.00	0	|	rapi	0.08	0.08	0	|	17.0	0.10(17)	0.08(17)	|	6468	
4515	1	ok	|	0.09	1.00	1.00	0.09	0.00	0	|	rapi	0.07	0.07	0	|	17.0	0.09(17)	0.07(17)	|	6468	
4515	2	ok	|	0.09	1.00	1.00	0.09	0.00	0	|	rapi	0.07	0.08	0	|	17.0	0.09(17)	0.08(17)	|	6468	
4515	3	ok	|	0.08	1.00	1.00	0.09	0.00	0	|	rapi	0.07	0.07	0	|	17.0	0.09(17)	0.07(17)	|	6468	
4515	4	ok	|	0.08	1.00	1.00	0.08	0.00	0	|	rapi	0.07	0.07	0	|	17.0	0.08(17)	0.07(17)	|	6468	
4515	5	ok	|	0.09	1.00	1.00	0.09	0.00	0	|	rapi	0.08	0.08	0	|	17.0	0.09(17)	0.08(17)	|	6468	
4515	6	ok	|	0.10	1.00	1.00	0.10	0.00	0	|	rapi	0.09	0.09	0	|	17.0	0.10(17)	0.09(17)	|	6468	
4515	7	ok	|	0.10	1.00	1.00	0.11	0.00	0	|	rapi	0.10	0.10	0	|	17.0	0.11(17)	0.10(17)	|	6468	
4515	8	ok	|	0.08	1.00	1.00	0.09	0.00	0	|	rapi	0.07	0.08	0	|	17.0	0.09(17)	0.08(17)	|	6468	
4515	9	ok	|	0.09	1.00	1.00	0.10	0.00	0	|	rapi	0.08	0.09	0	|	17.0	0.10(17)	0.09(17)	|	6468	
4515	10	ok	|	0.10	1.00	1.00	0.10	0.00	0	|	rapi	0.09	0.09	0	|	17.0	0.10(17)	0.09(17)	|	6468	
4515	11	ok	|	0.09	1.00	1.00	0.10	0.00	0	|	rapi	0.09	0.09	0	|	17.0	0.10(17)	0.09(17)	|	6468	
4515	12	ok	|	0.09	1.00	1.00	0.11	0.00	0	|	rapi	0.09	0.10	0	|	17.0	0.11(17)	0.10(17)	|	6468	
4515	13	ok	|	0.09	1.00	1.00	0.09	0.00	0	|	rapi	0.08	0.09	0	|	17.0	0.09(17)	0.09(17)	|	6468	
4515	14	ok	|	0.09	1.00	1.00	0.09	0.00	0	|	rapi	0.09	0.09	0	|	17.0	0.09(17)	0.09(17)	|	6468	
4515	15	ok	|	0.10	1.00	1.00	0.10	0.00	0	|	rapi	0.10	0.10	0	|	17.0	0.10(17)	0.10(17)	|	6468	
4515	16	ok	|	0.10	1.00	1.00	0.11	0.00	0	|	rapi	0.10	0.11	0	|	17.0	0.11(17)	0.11(17)	|	6468	
4515	17	ok	|	0.10	1.00	1.00	0.10	0.00	0	|	rapi	0.10	0.10	0	|	17.0	0.10(17)	0.10(17)	|	6468	
4515	18	ok	|	0.10	1.00	1.00	0.10	0.00	0	|	rapi	0.10	0.10	0	|	17.0	0.10(17)	0.10(17)	|	6468	
4515	19	ok	|	0.08	1.00	1.00	0.08	0.00	0	|	rapi	0.08	0.08	0	|	17.0	0.08(17)	0.08(17)	|	6468	
4515	20	ok	|	0.07	1.00	1.00	0.07	0.00	0	|	rapi	0.07	0.07	0	|	17.0	0.07(17)	0.07(17)	|	6468	
4515	21	ok	|	0.07	1.00	1.00	0.07	0.00	0	|	rapi	0.07	0.07	0	|	17.0	0.07(17)	0.07(17)	|	6468	
4515	22	ok	|	0.06	1.00	1.00	0.07	0.00	0	|	rapi	0.06	0.07	0	|	17.0	0.07(17)	0.07(17)	|	6468	
4515	23	ok	|	0.06	1.00	1.00	0.06	0.00	0	|	rapi	0.06	0.06	0	|	17.0	0.06(17)	0.06(17)	|	6468	
4515	24	ok	|	0.06	1.00	1.00	0.06	0.00	0	|	rapi	0.06	0.06	0	|	17.0	0.06(17)	0.06(17)	|	6468	
4515	25	ok	|	0.06	1.00	1.00	0.06	0.00	0	|	rapi	0.06	0.06	0	|	17.0	0.06(17)	0.06(17)	|	6468	
4515	26	ok	|	0.05	1.00	1.00	0.05	0.00	0	|	rapi	0.05	0.05	0	|	17.0	0.05(17)	0.05(17)	|	6468	
4515	27	ok	|	0.05	1.00	1.00	0.05	0.00	0	|	rapi	0.05	0.05	0	|	17.0	0.05(17)	0.05(17)	|	6468	
4515	28	ok	|	0.06	1.00	1.00	0.06	0.00	0	|	rapi	0.06	0.06	0	|	17.0	0.06(17)	0.06(17)	|	6468	
4515	29	ok	|	0.06	1.00	1.00	0.06	0.00	0	|	rapi	0.06	0.06	0	|	17.0	0.06(17)	0.06(17)	|	6468	
4515	30	ok	|	0.06	1.00	1.00	0.06	0.01	0	|	rapi	0.06	0.06	0	|	17.0	0.06(17)	0.06(17)	|	6468	
4515	31	ok	|	0.06	1.00	1.00	0.06	0.01	0	|	rapi	0.06	0.06	0	|	17.0	0.06(17)	0.06(17)	|	6468	
4515	32	ok	|	0.07	1.00	1.00	0.07	0.01	0	|	rapi	0.07	0.07	0	|	17.0	0.07(17)	0.07(17)	|	6468	
4515	33	ok	|	0.07	1.00	1.00	0.08	0.01	0	|	rapi	0.07	0.08	0	|	17.0	0.08(17)	0.08(17)	|	6468	
4515	34	ok	|	0.09	1.00	1.00	0.09	0.01	0	|	rapi	0.09	0.09	0	|	17.0	0.09(17)	0.09(17)	|	6468	
4515	35	ok	|	0.07	1.00	1.00	0.08	0.01	0	|	rapi	0.07	0.08	0	|	17.0	0.08(17)	0.08(17)	|	6468	
4515	36	ok	|	0.07	1.00	1.00	0.07	0.01	0	|	rapi	0.07	0.07	0	|	17.0	0.07(17)	0.07(17)	|	6468	
4515	37	ok	|	0.07	1.00	1.00	0.08	0.01	0	|	rapi	0.07	0.08	0	|	17.0	0.08(17)	0.08(17)	|	6468	
4515	38	ok	|	0.08	1.00	1.00	0.09	0.01	0	|	rapi	0.08	0.09	0	|	17.0	0.09(17)	0.09(17)	|	6468	
4515	39	ok	|	0.08	1.00	1.00	0.09	0.01	0	|	rapi	0.08	0.09	0	|	17.0	0.09(17)	0.09(17)	|	6468	
4515	40	ok	|	0.08	1.00	1.00	0.08	0.01	0	|	rapi	0.08	0.08	0	|	17.0	0.08(17)	0.08(17)	|	6468	
4515	41	ok	|	0.08	1.00	1.00	0.08	0.01	0	|	rapi	0.08	0.08	0	|	17.0	0.08(17)	0.08(17)	|	6468	
4515	42	ok	|	0.08	1.00	1.00	0.08	0.01	0	|	rapi	0.08	0.08	0	|	17.0	0.08(17)	0.08(17)	|	6468	
4515	43	ok	|	0.10	1.00	1.00	0.10	0.01	0	|	rapi	0.10	0.10	0	|	17.0	0.10(17)	0.10(17)	|	6468	
4515	44	ok	|	0.10	1.00	1.00	0.10	0.01	0	|	rapi	0.10	0.10	0	|	17.0	0.10(17)	0.10(17)	|	6468	
4515	45	ok	|	0.09	1.00	1.00	0.09	0.02	0	|	rapi	0.09	0.09	0	|	17.0	0.09(17)	0.09(17)	|	6468	
4515	46	ok	|	0.10	1.00	1.00	0.10	0.02	0	|	rapi	0.10	0.10	0	|	17.0	0.10(17)	0.10(17)	|	6468	
4515	47	ok	|	0.10	1.00	1.00	0.10	0.02	0	|	rapi	0.10	0.10	0	|	17.0	0.10(17)	0.10(17)	|	6468	
4515	48	ok	|	0.10	1.00	1.00	0.10	0.02	0	|	rapi	0.10	0.10	0	|	17.0	0.10(17)	0.10(17)	|	6468	
4515	49	ok	|	0.09	1.00	1.00	0.09	0.02	0	|	rapi	0.09	0.09	0	|	17.0	0.09(17)	0.09(17)	|	6468	
4515	50	ok	|	0.09	1.00	1.00	0.09	0.01	0	|	rapi	0.09	0.09	0	|	17.0	0.09(17)	0.09(17)	|	6468	
4515	51	ok	|	0.08	1.00	1.00	0.08	0.01	0	|	rapi	0.08	0.08	0	|	17.0	0.08(17)	0.08(17)	|	6468	
4515	52	ok	|	0.08	1.00	1.00	0.08	0.02	0	|	rapi	0.08	0.08	0	|	17.0	0.08(17)	0.08(17)	|	6468	
4515	53	ok	|	0.07	1.00	1.00	0.07	0.02	0	|	rapi	0.07	0.07	0	|	17.0	0.07(17)	0.07(17)	|	6468	
4515	54	ok	|	0.08	1.00	1.00	0.09	0.02	0	|	rapi	0.08	0.09	0	|	17.0	0.09(17)	0.09(17)	|	6468	
4515	55	ok	|	0.08	1.00	1.00	0.08	0.02	0	|	rapi	0.08	0.08	0	|	17.0	0.08(17)	0.08(17)	|	6468	
4515	56	ok	|	0.07	1.00	1.00	0.07	0.02	0	|	rapi	0.07	0.07	0	|	17.0	0.07(17)	0.07(17)	|	6468	
4515	57	ok	|	0.07	1.00	1.00	0.08	0.02	0	|	rapi	0.07	0.08	0	|	17.0	0.08(17)	0.08(17)	|	6468	
4515	58	ok	|	0.07	1.00	1.00	0.07	0.02	0	|	rapi	0.07	0.07	0	|	17.0	0.07(17)	0.07(17)	|	6468	
4515	59	ok	|	0.08	1.00	1.00	0.09	0.02	0	|	rapi	0.08	0.09	0	|	17.0	0.09(17)	0.09(17)	|	6468	
4515	60	ok	|	0.08	1.00	1.00	0.09	0.02	0	|	rapi	0.08	0.09	0	|	17.0	0.09(17)	0.09(17)	|	6468	
4515	61	ok	|	0.09	1.00	1.00	0.09	0.02	0	|	rapi	0.09	0.09	0	|	17.0	0.09(17)	0.09(17)	|	6468	
4515	62	ok	|	0.11	1.00	1.00	0.11	0.03	0	|	rapi	0.11	0.11	0	|	17.0	0.11(17)	0.11(17)	|	6468	
4515	63	ok	|	0.09	1.00	1.00	0.10	0.02	0	|	rapi	0.09	0.10	0	|	17.0	0.10(17)	0.10(17)	|	6468	
4515	64	ok	|	0.09	1.00	1.00	0.09	0.02	0	|	rapi	0.09	0.09	0	|	17.0	0.09(17)	0.09(17)	|	6468	
4515	65	ok	|	0.09	1.00	1.00	0.09	0.02	0	|	rapi	0.09	0.09	0	|	17.0	0.09(17)	0.09(17)	|	6468	
4515	66	ok	|	0.10	1.00	1.00	0.10	0.03	0	|	rapi	0.10	0.10	0	|	17.0	0.10(17)	0.10(17)	|	6468	
4515	67	ok	|	0.09	1.00	1.00	0.09	0.02	0	|	rapi	0.09	0.09	0	|	17.0	0.09(17)	0.09(17)	|	6468	
4515	68	ok	|	0.09	1.00	1.00	0.10	0.02	0	|	rapi	0.09	0.10	0	|	17.0	0.10(17)	0.10(17)	|	6468	
4515	69	ok	|	0.07	1.00	1.00	0.07	0.02	0	|	rapi	0.07	0.07	0	|	17.0	0.07(17)	0.07(17)	|	6468	
4515	70	ok	|	0.05	1.00	1.00	0.05	0.01	0	|	rapi	0.05	0.05	0	|	17.0	0.05(17)	0.05(17)	|	6468	
4515	71	ok	|	0.05	1.00	1.00	0.05	0.01	0	|	rapi	0.05	0.05	0	|	17.0	0.05(17)	0.05(17)	|	6468	
4515	72	ok	|	0.04	1.00	1.00	0.04	0.01	0	|	rapi	0.04	0.04	0	|	17.0	0.04(17)	0.04(17)	|	6468	
4515	73	ok	|	0.05	1.00	1.00	0.05	0.01	0	|	rapi	0.05	0.05	0	|	17.0	0.05(17)	0.05(17)	|	6468	
4515	74	ok	|	0.05	1.00	1.00	0.05	0.01	0	|	rapi	0.05	0.05	0	|	17.0	0.05(17)	0.05(17)	|	6468	
4515	75	ok	|	0.05	1.00	1.00	0.05	0.01	0	|	rapi	0.05	0.05	0	|	17.0	0.05(17)	0.05(17)	|	6468	
4515	76	ok	|	0.06	1.00	1.00	0.06	0.02	0	|	rapi	0.06	0.06	0	|	17.0	0.06(17)	0.06(17)	|	6468	
4515	77	ok	|	0.05	1.00	1.00	0.06	0.01	0	|	rapi	0.05	0.06	0	|	17.0	0.06(17)	0.06(17)	|	6468	
4515	78	ok	|	0.06	1.00	1.00	0.06	0.02	0	|	rapi	0.06	0.06	0	|	17.0	0.06(17)	0.06(17)	|	6468	
4515	79	ok	|	0.06	1.00	1.00	0.06	0.03	0	|	rapi	0.06	0.06	0	|	17.0	0.06(17)	0.06(17)	|	6468	
4515	80	ok	|	0.06	1.00	1.00	0.06	0.03	0	|	rapi	0.06	0.06	0	|	17.0	0.06(17)	0.06(17)	|	6468	
4515	81	ok	|	0.06	1.00	1.00	0.06	0.03	0	|	rapi	0.06	0.06	0	|	17.0	0.06(17)	0.06(17)	|	6468	
4515	82	ok	|	0.07	1.00	1.00	0.07	0.04	0	|	rapi	0.07	0.07	0	|	17.0	0.07(17)	0.07(17)	|	6468	
4515	83	ok	|	0.08	1.00	1.00	0.08	0.04	0	|	rapi	0.08	0.08	0	|	17.0	0.08(17)	0.08(17)	|	6468	
4515	84	ok	|	0.08	1.00	1.00	0.09	0.04	0	|	rapi	0.08	0.09	0	|	17.0	0.09(17)	0.09(17)	|	6468	
4515	85	ok	|	0.09	1.00	1.00	0.09	0.04	0	|	rapi	0.09	0.09	0	|	17.0	0.09(17)	0.09(17)	|	6468	
4515	86	ok	|	0.08	1.00	1.00	0.09	0.04	0	|	rapi	0.08	0.09	0	|	17.0	0.09(17)	0.09(17)	|	6468	
4515	87	ok	|	0.07	1.00	1.00	0.08	0.04	0	|	rapi	0.07	0.08	0	|	17.0	0.08(17)	0.08(17)	|	6468	
4515	88	ok	|	0.07	1.00	1.00	0.07	0.04	0	|	rapi	0.07	0.07	0	|	17.0	0.07(17)	0.07(17)	|	6468	
4515	89	ok	|	0.07	1.00	1.00	0.07	0.03	0	|	rapi	0.07	0.07	0	|	17.0	0.07(17)	0.07(17)	|	6468	
4515	90	ok	|	0.07	1.00	1.00	0.07	0.03	0	|	rapi	0.07	0.07	0	|	17.0	0.07(17)	0.07(17)	|	6468	
4515	91	ok	|	0.05	1.00	1.00	0.05	0.03	0	|	rapi	0.05	0.05	0	|	17.0	0.05(17)	0.05(17)	|	6468	
4515	92	ok	|	0.05	1.00	1.00	0.05	0.03	0	|	rapi	0.05	0.05	0	|	17.0	0.05(17)	0.05(17)	|	6468	
4515	93	ok	|	0.05	1.00	1.00	0.05	0.02	0	|	rapi	0.05	0.05	0	|	17.0	0.05(17)	0.05(17)	|	6468	
4515	94	ok	|	0.05	1.00	1.00	0.05	0.03	0	|	rapi	0.05	0.05	0	|	17.0	0.05(17)	0.05(17)	|	6468	
4515	95	ok	|	0.04	1.00	1.00	0.04	0.02	0	|	rapi	0.04	0.04	0	|	17.0	0.04(17)	0.04(17)	|	6468	
4515	96	ok	|	0.05	1.00	1.00	0.05	0.03	0	|	rapi	0.05	0.05	0	|	17.0	0.05(17)	0.05(17)	|	6468	
4515	97	ok	|	0.05	1.00	1.00	0.06	0.03	0	|	rapi	0.05	0.06	0	|	17.0	0.06(17)	0.06(17)	|	6468	
4515	98	ok	|	0.06	1.00	1.00	0.06	0.03	0	|	rapi	0.06	0.06	0	|	17.0	0.06(17)	0.06(17)	|	6468	
4515	99	ok	|	0.04	1.00	1.00	0.04	0.02	0	|	rapi	0.04	0.04	0	|	17.0	0.04(17)	0.04(17)	|	6468	
4515	100	ok	|	0.05	1.00	1.00	0.05	0.03	0	|	rapi	0.05	0.05	0	|	17.0	0.05(17)	0.05(17)	|	6468	
4515	101	ok	|	0.04	1.00	1.00	0.04	0.02	0	|	rapi	0.04	0.04	0	|	17.0	0.04(17)	0.04(17)	|	6468	
4515	102	ok	|	0.04	1.00	1.00	0.04	0.02	0	|	rapi	0.04	0.04	0	|	17.0	0.04(17)	0.04(17)	|	6468	
4515	103	ok	|	0.05	1.00	1.00	0.05	0.02	0	|	rapi	0.05	0.05	0	|	17.0	0.05(17)	0.05(17)	|	6468	
4515	104	ok	|	0.04	1.00	1.00	0.04	0.02	0	|	rapi	0.04	0.04	0	|	17.0	0.04(17)	0.04(17)	|	6468	
4515	105	ok	|	0.04	1.00	1.00	0.04	0.02	0	|	rapi	0.04	0.04	0	|	17.0	0.04(17)	0.04(17)	|	6468	
4515	106	ok	|	0.03	1.00	1.00	0.03	0.02	0	|	rapi	0.03	0.03	0	|	17.0	0.03(17)	0.03(17)	|	6468	
4515	107	ok	|	0.04	1.00	1.00	0.04	0.02	0	|	rapi	0.04	0.04	0	|	17.0	0.04(17)	0.04(17)	|	6468	
4515	108	ok	|	0.04	1.00	1.00	0.04	0.02	0	|	rapi	0.04	0.04	0	|	17.0	0.04(17)	0.04(17)	|	6468	
4515	109	ok	|	0.04	1.00	1.00	0.04	0.02	0	|	rapi	0.04	0.04	0	|	17.0	0.04(17)	0.04(17)	|	6468	
4515	110	ok	|	0.05	1.00	1.00	0.05	0.02	0	|	rapi	0.05	0.05	0	|	17.0	0.05(17)	0.05(17)	|	6468	
4515	111	ok	|	0.04	1.00	1.00	0.04	0.02	0	|	rapi	0.04	0.04	0	|	17.0	0.04(17)	0.04(17)	|	6468	
4515	112	ok	|	0.05	1.00	1.00	0.05	0.02	0	|	rapi	0.05	0.05	0	|	17.0	0.05(17)	0.05(17)	|	6468	
4515	113	ok	|	0.05	1.00	1.00	0.05	0.03	0	|	rapi	0.05	0.05	0	|	17.0	0.05(17)	0.05(17)	|	6468	
4515	114	ok	|	0.06	1.00	1.00	0.06	0.03	0	|	rapi	0.06	0.06	0	|	17.0	0.06(17)	0.06(17)	|	6468	
4515	115	ok	|	0.05	1.00	1.00	0.05	0.03	0	|	rapi	0.05	0.05	0	|	17.0	0.05(17)	0.05(17)	|	6468	
4515	116	ok	|	0.06	1.00	1.00	0.06	0.03	0	|	rapi	0.06	0.06	0	|	17.0	0.06(17)	0.06(17)	|	6468	
4515	117	ok	|	0.05	1.00	1.00	0.05	0.03	0	|	rapi	0.05	0.05	0	|	17.0	0.05(17)	0.05(17)	|	6468	
4515	118	ok	|	0.05	1.00	1.00	0.05	0.03	0	|	rapi	0.05	0.05	0	|	17.0	0.05(17)	0.05(17)	|	6468	
4515	119	ok	|	0.06	1.00	1.00	0.06	0.03	0	|	rapi	0.06	0.06	0	|	17.0	0.06(17)	0.06(17)	|	6468	
4515	120	ok	|	0.06	1.00	1.00	0.06	0.03	0	|	rapi	0.06	0.06	0	|	17.0	0.06(17)	0.06(17)	|	6468	
4515	121	ok	|	0.06	1.00	1.00	0.07	0.03	0	|	rapi	0.06	0.07	0	|	17.0	0.07(17)	0.07(17)	|	6468	
4515	122	ok	|	0.06	1.00	1.00	0.06	0.03	0	|	rapi	0.06	0.06	0	|	17.0	0.06(17)	0.06(17)	|	6468	
4515	123	ok	|	0.06	1.00	1.00	0.06	0.03	0	|	rapi	0.06	0.06	0	|	17.0	0.06(17)	0.06(17)	|	6468	
4515	124	ok	|	0.06	1.00	1.00	0.06	0.03	0	|	rapi	0.06	0.06	0	|	17.0	0.06(17)	0.06(17)	|	6468	
4515	125	ok	|	0.07	1.00	1.00	0.07	0.03	0	|	rapi	0.07	0.07	0	|	17.0	0.07(17)	0.07(17)	|	6468	
4515	126	ok	|	0.07	1.00	1.00	0.07	0.04	0	|	rapi	0.07	0.07	0	|	17.0	0.07(17)	0.07(17)	|	6468	
4515	127	ok	|	0.08	1.00	1.00	0.08	0.04	0	|	rapi	0.08	0.08	0	|	17.0	0.08(17)	0.08(17)	|	6468	
4515	128	ok	|	0.08	1.00	1.00	0.08	0.04	0	|	rapi	0.08	0.08	0	|	17.0	0.08(17)	0.08(17)	|	6468	
4515	129	ok	|	0.07	1.00	1.00	0.07	0.03	0	|	rapi	0.07	0.07	0	|	17.0	0.07(17)	0.07(17)	|	6468	
4515	130	ok	|	0.06	1.00	1.00	0.06	0.03	0	|	rapi	0.06	0.06	0	|	17.0	0.06(17)	0.06(17)	|	6468	
4515	131	ok	|	0.07	1.00	1.00	0.07	0.04	0	|	rapi	0.07	0.07	0	|	17.0	0.07(17)	0.07(17)	|	6468	
4515	132	ok	|	0.07	1.00	1.00	0.08	0.04	0	|	rapi	0.07	0.08	0	|	17.0	0.08(17)	0.08(17)	|	6468	
4515	133	ok	|	0.07	1.00	1.00	0.07	0.04	0	|	rapi	0.07	0.07	0	|	17.0	0.07(17)	0.07(17)	|	6468	
4515	134	ok	|	0.06	1.00	1.00	0.06	0.03	0	|	rapi	0.06	0.06	0	|	17.0	0.06(17)	0.06(17)	|	6468	
4515	135	ok	|	0.05	1.00	1.00	0.05	0.03	0	|	rapi	0.05	0.05	0	|	17.0	0.05(17)	0.05(17)	|	6468	
4515	136	ok	|	0.04	1.00	1.00	0.04	0.02	0	|	rapi	0.04	0.04	0	|	17.0	0.04(17)	0.04(17)	|	6468	
4515	137	ok	|	0.03	1.00	1.00	0.03	0.02	0	|	rapi	0.03	0.03	0	|	17.0	0.03(17)	0.03(17)	|	6468	
4515	138	ok	|	0.03	1.00	1.00	0.03	0.02	0	|	rapi	0.03	0.03	0	|	17.0	0.03(17)	0.03(17)	|	6468	
4515	139	ok	|	0.04	1.00	1.00	0.04	0.02	0	|	rapi	0.04	0.04	0	|	17.0	0.04(17)	0.04(17)	|	6468	
4515	140	ok	|	0.04	1.00	1.00	0.04	0.02	0	|	rapi	0.04	0.04	0	|	17.0	0.04(17)	0.04(17)	|	6468	
4515	141	ok	|	0.05	1.00	1.00	0.05	0.03	0	|	rapi	0.05	0.05	0	|	17.0	0.05(17)	0.05(17)	|	6468	
4515	142	ok	|	0.06	1.00	1.00	0.06	0.03	0	|	rapi	0.06	0.06	0	|	17.0	0.06(17)	0.06(17)	|	6468	
4515	143	ok	|	0.05	1.00	1.00	0.05	0.03	0	|	rapi	0.05	0.05	0	|	17.0	0.05(17)	0.05(17)	|	6468	
4515	144	ok	|	0.06	1.00	1.00	0.06	0.03	0	|	rapi	0.06	0.06	0	|	17.0	0.06(17)	0.06(17)	|	6468	
4515	145	ok	|	0.06	1.00	1.00	0.07	0.03	0	|	rapi	0.06	0.07	0	|	17.0	0.07(17)	0.07(17)	|	6468	
4515	146	ok	|	0.07	1.00	1.00	0.08	0.04	0	|	rapi	0.07	0.08	0	|	17.0	0.08(17)	0.08(17)	|	6468	
4515	147	ok	|	0.07	1.00	1.00	0.07	0.04	0	|	rapi	0.07	0.07	0	|	17.0	0.07(17)	0.07(17)	|	6468	
4515	148	ok	|	0.07	1.00	1.00	0.08	0.04	0	|	rapi	0.07	0.08	0	|	17.0	0.08(17)	0.08(17)	|	6468	
4515	149	ok	|	0.08	1.00	1.00	0.08	0.04	0	|	rapi	0.08	0.08	0	|	17.0	0.08(17)	0.08(17)	|	6468	
4515	150	ok	|	0.07	1.00	1.00	0.07	0.04	0	|	rapi	0.07	0.07	0	|	17.0	0.07(17)	0.07(17)	|	6468	
4515	151	ok	|	0.08	1.00	1.00	0.08	0.04	0	|	rapi	0.08	0.08	0	|	17.0	0.08(17)	0.08(17)	|	6468	
4515	152	ok	|	0.07	1.00	1.00	0.07	0.04	0	|	rapi	0.07	0.07	0	|	17.0	0.07(17)	0.07(17)	|	6468	
4515	153	ok	|	0.08	1.00	1.00	0.08	0.04	0	|	rapi	0.08	0.08	0	|	17.0	0.08(17)	0.08(17)	|	6468	
4515	154	ok	|	0.07	1.00	1.00	0.07	0.03	0	|	rapi	0.07	0.07	0	|	17.0	0.07(17)	0.07(17)	|	6468	
4515	155	ok	|	0.06	1.00	1.00	0.06	0.03	0	|	rapi	0.06	0.06	0	|	17.0	0.06(17)	0.06(17)	|	6468	
4515	156	ok	|	0.06	1.00	1.00	0.06	0.03	0	|	rapi	0.06	0.06	0	|	17.0	0.06(17)	0.06(17)	|	6468	
4515	157	ok	|	0.04	1.00	1.00	0.04	0.02	0	|	rapi	0.04	0.04	0	|	17.0	0.04(17)	0.04(17)	|	6468	
4515	158	ok	|	0.03	1.00	1.00	0.03	0.02	0	|	rapi	0.03	0.03	0	|	17.0	0.03(17)	0.03(17)	|	6468	
4515	159	ok	|	0.04	1.00	1.00	0.04	0.02	0	|	rapi	0.04	0.04	0	|	17.0	0.04(17)	0.04(17)	|	6468	
4515	160	ok	|	0.03	1.00	1.00	0.03	0.01	0	|	rapi	0.03	0.03	0	|	17.0	0.03(17)	0.03(17)	|	6468	
4515	161	ok	|	0.03	1.00	1.00	0.03	0.02	0	|	rapi	0.03	0.03	0	|	17.0	0.03(17)	0.03(17)	|	6468	
4515	162	ok	|	0.03	1.00	1.00	0.03	0.01	0	|	rapi	0.03	0.03	0	|	17.0	0.03(17)	0.03(17)	|	6468	
4515	163	ok	|	0.02	1.00	1.00	0.02	0.01	0	|	rapi	0.02	0.02	0	|	17.0	0.02(17)	0.02(17)	|	6468	
4515	164	ok	|	0.02	1.00	1.00	0.02	0.01	0	|	rapi	0.02	0.02	0	|	17.0	0.02(17)	0.02(17)	|	6468	
4515	165	ok	|	0.03	1.00	1.00	0.03	0.01	0	|	rapi	0.03	0.03	0	|	17.0	0.03(17)	0.03(17)	|	6468	
4515	166	ok	|	0.02	1.00	1.00	0.02	0.01	0	|	rapi	0.02	0.02	0	|	17.0	0.02(17)	0.02(17)	|	6468	
4515	167	ok	|	0.02	1.00	1.00	0.02	0.01	0	|	rapi	0.02	0.02	0	|	17.0	0.02(17)	0.02(17)	|	6468	
4515	168	ok	|	0.01	1.00	1.00	0.01	0.01	0	|	rapi	0.01	0.01	0	|	17.0	0.01(17)	0.01(17)	|	6468	
4515	169	ok	|	0.01	1.00	1.00	0.01	0.00	0	|	rapi	0.01	0.01	0	|	17.0	0.01(17)	0.01(17)	|	6468	
4515	170	ok	|	0.01	1.00	1.00	0.01	0.01	0	|	rapi	0.01	0.01	0	|	17.0	0.01(17)	0.01(17)	|	6468	
4515	171	ok	|	0.01	1.00	1.00	0.01	0.00	0	|	rapi	0.01	0.01	0	|	17.0	0.01(17)	0.01(17)	|	6468	
4515	172	ok	|	0.01	1.00	1.00	0.01	0.00	0	|	rapi	0.01	0.01	0	|	17.0	0.01(17)	0.01(17)	|	6468	
4515	173	ok	|	0.00	1.00	1.00	0.00	0.00	0	|	rapi	0.00	0.00	0	|	17.0	0.00(17)	0.00(17)	|	6468	
4515	174	ok	|	0.00	1.00	1.00	0.00	0.00	0	|	rapi	0.00	0.00	0	|	17.0	0.00(17)	0.00(17)	|	6468	
4515	175	fail-0	|	0.00	1.00	1.00	0.00	NaN	0	|	rapi	0.00	0.00	0	|	NaN			|	6468	
