4587	0	ok	|	0.10	1.00	1.00	0.10	0.00	0	|	rapi	0.00	0.00	0	|	-18.0	0.10(-18)		|	1	
4587	1	ok	|	0.11	1.00	1.00	0.12	0.00	0	|	rapi	0.00	0.00	0	|	-18.0	0.12(-18)		|	1	
4587	2	ok	|	0.13	1.00	1.00	0.16	0.00	0	|	rapi	0.00	0.00	0	|	-18.0	0.16(-18)		|	1	
4587	3	ok	|	0.15	1.00	1.00	0.20	0.00	0	|	rapi	0.00	0.00	0	|	-18.0	0.20(-18)		|	1	
4587	4	ok	|	0.16	1.00	1.00	0.22	0.00	0	|	rapi	0.00	0.00	0	|	-18.0	0.22(-18)		|	1	
4587	5	ok	|	0.18	1.00	1.00	0.25	0.00	0	|	rapi	0.00	0.00	0	|	-18.0	0.25(-18)		|	1	
4587	6	ok	|	0.20	1.00	1.00	0.27	0.00	0	|	rapi	0.00	0.00	0	|	-18.0	0.27(-18)		|	1	
4587	7	ok	|	0.24	1.00	1.00	0.33	0.00	0	|	rapi	0.00	0.00	0	|	-18.0	0.33(-18)		|	1	
4587	8	ok	|	0.25	1.00	1.00	0.35	0.00	0	|	rapi	0.00	0.00	0	|	-18.0	0.35(-18)		|	1	
4587	9	ok	|	0.28	1.00	1.00	0.41	0.00	0	|	rapi	0.00	0.00	0	|	-18.0	0.41(-18)		|	1	
4587	10	ok	|	0.31	1.00	1.00	0.48	0.00	0	|	rapi	0.00	0.00	0	|	-18.0	0.48(-18)		|	1	
4587	11	ok	|	0.35	0.99	0.99	0.55	0.00	0	|	rapi	0.00	0.00	0	|	-18.0	0.55(-18)		|	1	
4587	12	ok	|	0.41	0.99	0.99	0.70	0.00	0	|	rapi	0.00	0.00	0	|	-18.0	0.70(-18)		|	1	
4587	13	ok	|	0.47	0.99	0.99	0.86	0.00	0	|	rapi	0.00	0.00	0	|	-18.0	0.86(-18)		|	1	
4587	14	ok	|	0.52	0.99	0.99	0.97	0.00	0	|	rapi	0.00	0.00	0	|	-18.0	0.97(-18)		|	1	
4587	15	ok	|	0.58	0.99	0.99	1.16	0.00	0	|	rapi	0.00	0.00	0	|	-18.0	1.16(-18)		|	1	
4587	16	ok	|	0.68	0.99	0.99	1.49	0.00	0	|	rapi	0.00	0.00	0	|	-18.0	1.49(-18)		|	1	
4587	17	ok	|	0.74	0.98	0.98	1.74	0.00	0	|	rapi	0.00	0.00	0	|	-18.0	1.74(-18)		|	1	
4587	18	ok	|	0.82	0.98	0.98	2.10	0.00	0	|	rapi	0.00	0.00	0	|	-18.0	2.10(-18)		|	1	
4587	19	ok	|	0.87	0.97	0.97	2.52	0.00	0	|	rapi	0.00	0.00	0	|	-18.0	2.52(-18)		|	1	
4587	20	ok	|	0.91	0.97	0.97	2.97	0.00	0	|	rapi	0.00	0.00	0	|	-18.0	2.97(-18)		|	1	
4587	21	ok	|	0.95	0.96	0.96	3.59	0.00	0	|	rapi	0.00	0.00	0	|	-18.0	3.59(-18)		|	1	
4587	22	ok	|	0.98	0.96	0.96	4.32	0.00	0	|	rapi	0.00	0.00	0	|	-18.0	4.32(-18)		|	1	
4587	23	ok	|	0.98	0.95	0.95	5.21	0.00	0	|	rapi	0.00	0.00	0	|	-18.0	5.21(-18)		|	1	
4587	24	ok	|	1.00	0.94	0.94	6.14	0.00	0	|	rapi	0.00	0.00	0	|	-18.0	6.14(-18)		|	1	
4587	25	ok	|	1.00	0.93	0.93	7.22	0.00	0	|	rapi	0.00	0.00	0	|	-18.0	7.22(-18)		|	1	
4587	26	ok	|	1.00	0.91	0.91	8.54	0.00	0	|	rapi	0.00	0.00	0	|	-18.0	8.54(-18)		|	1	
4587	27	ok	|	1.00	0.90	0.90	9.80	0.00	0	|	rapi	0.00	0.00	0	|	-18.0	9.80(-18)		|	1	
4587	28	ok	|	1.00	0.88	0.88	11.67	0.00	0	|	rapi	0.00	0.00	0	|	-18.0	11.67(-18)	0.00(-18)	|	1	
4587	29	ok	|	1.00	0.86	0.86	13.79	0.00	0	|	rapi	0.00	0.00	0	|	-18.0	13.79(-18)	0.00(-18)	|	1	
4587	30	ok	|	1.00	0.84	0.84	16.24	0.00	0	|	rapi	0.00	0.00	0	|	-18.0	16.24(-18)	0.00(-18)	|	1	
4587	31	ok	|	1.00	0.81	0.81	19.01	0.00	0	|	rapi	0.00	0.00	0	|	-18.0	19.01(-18)	0.00(-18)	|	1	
4587	32	ok	|	1.00	0.78	0.78	21.93	0.00	0	|	rapi	0.00	0.00	0	|	-18.0	21.93(-18)	0.00(-18)	|	1	
4587	33	ok	|	1.00	0.74	0.74	25.65	0.00	0	|	rapi	0.00	0.00	0	|	-18.0	25.65(-18)	0.00(-18)	|	1	
4587	34	ok	|	1.00	0.70	0.70	30.17	0.00	0	|	rapi	0.00	0.00	0	|	-18.0	30.17(-18)	0.00(-18)	|	1	
4587	35	ok	|	1.00	0.65	0.65	35.38	0.00	0	|	rapi	0.01	0.01	0	|	-18.0	35.38(-18)	0.01(-18)	|	1	
4587	36	ok	|	1.00	0.59	0.59	41.47	0.00	0	|	rapi	0.01	0.01	0	|	-18.0	41.47(-18)	0.01(-18)	|	1	
4587	37	ok	|	1.00	0.51	0.51	48.75	0.00	0	|	rapi	0.01	0.01	0	|	-18.0	48.75(-18)	0.01(-18)	|	1	
4587	38	ok	|	1.00	0.43	0.43	56.75	0.00	0	|	rapi	0.01	0.01	0	|	-18.0	56.75(-18)	0.01(-18)	|	1	
4587	39	ok	|	1.00	0.35	0.35	65.48	0.00	0	|	rapi	0.01	0.01	0	|	-18.0	65.48(-18)	0.01(-18)	|	1	
4587	40	ok	|	1.00	0.25	0.25	75.04	0.00	0	|	rapi	0.01	0.01	0	|	-18.0	75.04(-18)	0.01(-18)	|	1	
4587	41	ok	|	1.00	0.15	0.15	85.33	0.00	0	|	rapi	0.01	0.01	0	|	-18.0	85.33(-18)	0.01(-18)	|	1	
4587	42	fail-w	|	1.00	0.09	0.09	93.32	0.00	0	|	rapi	0.03	0.03	0	|	-18.0	93.32(-18)	0.03(-18)	|	1	
