471	0	ok	|	0.10	1.00	1.00	0.10	0.00	0	|	rapi	0.00	0.00	0	|	-36.0	0.10(-36)		|	1	
471	1	ok	|	0.10	1.00	1.00	0.12	0.00	0	|	rapi	0.00	0.00	0	|	-36.0	0.12(-36)		|	1	
471	2	ok	|	0.10	1.00	1.00	0.12	0.00	0	|	rapi	0.00	0.00	0	|	-36.0	0.12(-36)		|	1	
471	3	ok	|	0.12	1.00	1.00	0.15	0.00	0	|	rapi	0.00	0.00	0	|	-36.0	0.15(-36)		|	1	
471	4	ok	|	0.14	1.00	1.00	0.19	0.00	0	|	rapi	0.00	0.00	0	|	-36.0	0.19(-36)		|	1	
471	5	ok	|	0.17	1.00	1.00	0.22	0.00	0	|	rapi	0.00	0.00	0	|	-36.0	0.22(-36)		|	1	
471	6	ok	|	0.23	1.00	1.00	0.31	0.00	0	|	rapi	0.00	0.00	0	|	-36.0	0.31(-36)		|	1	
471	7	ok	|	0.27	1.00	1.00	0.41	0.00	0	|	rapi	0.00	0.00	0	|	-36.0	0.41(-36)		|	1	
471	8	ok	|	0.31	1.00	1.00	0.44	0.00	0	|	rapi	0.00	0.00	0	|	-36.0	0.44(-36)		|	1	
471	9	ok	|	0.37	0.99	0.99	0.60	0.00	0	|	rapi	0.00	0.00	0	|	-36.0	0.60(-36)		|	1	
471	10	ok	|	0.42	0.99	0.99	0.72	0.00	0	|	rapi	0.00	0.00	0	|	-36.0	0.72(-36)		|	1	
471	11	ok	|	0.45	0.99	0.99	0.79	0.00	0	|	rapi	0.00	0.00	0	|	-36.0	0.79(-36)		|	1	
471	12	ok	|	0.50	0.99	0.99	0.89	0.00	0	|	rapi	0.00	0.00	0	|	-36.0	0.89(-36)		|	1	
471	13	ok	|	0.55	0.99	0.99	1.03	0.00	0	|	rapi	0.00	0.00	0	|	-36.0	1.03(-36)		|	1	
471	14	ok	|	0.64	0.99	0.99	1.21	0.00	0	|	rapi	0.00	0.00	0	|	-36.0	1.21(-36)		|	1	
471	15	ok	|	0.67	0.99	0.99	1.39	0.00	0	|	rapi	0.00	0.00	0	|	-36.0	1.39(-36)		|	1	
471	16	ok	|	0.72	0.98	0.98	1.56	0.00	0	|	rapi	0.00	0.00	0	|	-36.0	1.56(-36)		|	1	
471	17	ok	|	0.76	0.98	0.98	1.86	0.00	0	|	rapi	0.00	0.00	0	|	-36.0	1.86(-36)		|	1	
471	18	ok	|	0.83	0.98	0.98	2.27	0.00	0	|	rapi	0.00	0.00	0	|	-36.0	2.27(-36)		|	1	
471	19	ok	|	0.88	0.97	0.97	2.73	0.00	0	|	rapi	0.00	0.00	0	|	-36.0	2.73(-36)		|	1	
471	20	ok	|	0.91	0.97	0.97	3.15	0.00	0	|	rapi	0.00	0.00	0	|	-36.0	3.15(-36)		|	1	
471	21	ok	|	0.94	0.96	0.96	3.61	0.00	0	|	rapi	0.00	0.00	0	|	-36.0	3.61(-36)		|	1	
471	22	ok	|	0.96	0.96	0.96	4.22	0.00	0	|	rapi	0.00	0.00	0	|	-36.0	4.22(-36)		|	1	
471	23	ok	|	0.98	0.95	0.95	5.00	0.00	0	|	rapi	0.00	0.00	0	|	-36.0	5.00(-36)		|	1	
471	24	ok	|	0.99	0.94	0.94	5.85	0.00	0	|	rapi	0.00	0.00	0	|	-36.0	5.85(-36)		|	1	
471	25	ok	|	1.00	0.93	0.93	6.86	0.00	0	|	rapi	0.00	0.00	0	|	-36.0	6.86(-36)	0.00(-36)	|	1	
471	26	ok	|	1.00	0.92	0.92	8.07	0.00	0	|	rapi	0.00	0.00	0	|	-36.0	8.07(-36)	0.00(-36)	|	1	
471	27	ok	|	1.00	0.90	0.90	9.57	0.00	0	|	rapi	0.00	0.00	0	|	-36.0	9.57(-36)	0.00(-36)	|	1	
471	28	ok	|	1.00	0.89	0.89	11.18	0.00	0	|	rapi	0.00	0.00	0	|	-36.0	11.18(-36)	0.00(-36)	|	1	
471	29	ok	|	1.00	0.87	0.87	13.24	0.00	0	|	rapi	0.00	0.00	0	|	-36.0	13.24(-36)	0.00(-36)	|	1	
471	30	ok	|	1.00	0.84	0.84	15.64	0.00	0	|	rapi	0.00	0.00	0	|	-36.0	15.64(-36)	0.00(-36)	|	1	
471	31	ok	|	1.00	0.82	0.82	18.32	0.00	0	|	rapi	0.01	0.01	0	|	-36.0	18.32(-36)	0.01(-36)	|	1	
471	32	ok	|	1.00	0.79	0.79	21.50	0.00	0	|	rapi	0.01	0.01	0	|	-36.0	21.50(-36)	0.01(-36)	|	1	
471	33	ok	|	1.00	0.75	0.75	25.04	0.00	0	|	rapi	0.00	0.00	0	|	-36.0	25.04(-36)	0.00(-36)	|	1	
471	34	ok	|	1.00	0.70	0.70	29.56	0.00	0	|	rapi	0.00	0.00	0	|	-36.0	29.56(-36)		|	1	
471	35	ok	|	1.00	0.66	0.66	34.44	0.00	0	|	rapi	0.00	0.00	0	|	-36.0	34.44(-36)	0.00(-36)	|	1	
471	36	ok	|	1.00	0.60	0.60	40.10	0.00	0	|	rapi	0.00	0.00	0	|	-36.0	40.10(-36)		|	1	
471	37	ok	|	1.00	0.53	0.53	47.23	0.00	0	|	rapi	0.00	0.00	0	|	-36.0	47.23(-36)	0.00(-36)	|	1	
471	38	ok	|	1.00	0.45	0.45	54.86	0.00	0	|	rapi	0.00	0.00	0	|	-36.0	54.86(-36)	0.00(-36)	|	1	
471	39	ok	|	1.00	0.37	0.37	63.41	0.00	0	|	rapi	0.00	0.00	0	|	-36.0	63.41(-36)	0.00(-36)	|	1	
471	40	ok	|	1.00	0.27	0.27	72.95	0.00	0	|	rapi	0.00	0.00	0	|	-36.0	72.95(-36)	0.00(-36)	|	1	
471	41	ok	|	1.00	0.18	0.18	82.03	0.00	0	|	rapi	0.00	0.00	0	|	-36.0	82.03(-36)	0.00(-36)	|	1	
471	42	ok	|	1.00	0.11	0.11	90.26	0.00	0	|	rapi	0.00	0.00	0	|	-36.0	90.26(-36)	0.00(-36)	|	1	
471	43	fail-w	|	1.00	0.05	0.05	98.02	0.00	0	|	rapi	0.01	0.01	0	|	-36.0	98.02(-36)	0.01(-36)	|	1	
