4716	0	ok	|	0.10	1.00	1.00	0.10	0.00	0	|	rapi	0.00	0.00	0	|	-65.0	0.10(-65)		|	8	
4716	1	ok	|	0.12	1.00	1.00	0.13	0.00	0	|	rapi	0.00	0.00	0	|	-65.0	0.13(-65)		|	8	
4716	2	ok	|	0.14	1.00	1.00	0.17	0.00	0	|	rapi	0.00	0.00	0	|	-65.0	0.17(-65)		|	8	
4716	3	ok	|	0.17	1.00	1.00	0.21	0.00	0	|	rapi	0.00	0.00	0	|	-65.0	0.21(-65)		|	8	
4716	4	ok	|	0.19	1.00	1.00	0.26	0.00	0	|	rapi	0.00	0.00	0	|	-65.0	0.26(-65)		|	8	
4716	5	ok	|	0.23	1.00	1.00	0.34	0.00	0	|	rapi	0.00	0.00	0	|	-65.0	0.34(-65)		|	8	
4716	6	ok	|	0.28	1.00	1.00	0.44	0.00	0	|	rapi	0.00	0.00	0	|	-65.0	0.44(-65)		|	8	
4716	7	ok	|	0.33	0.99	0.99	0.53	0.00	0	|	rapi	0.00	0.00	0	|	-65.0	0.53(-65)		|	8	
4716	8	ok	|	0.36	0.99	0.99	0.62	0.00	0	|	rapi	0.00	0.00	0	|	-65.0	0.62(-65)		|	8	
4716	9	ok	|	0.42	0.99	0.99	0.78	0.00	0	|	rapi	0.00	0.00	0	|	-65.0	0.78(-65)		|	8	
4716	10	ok	|	0.48	0.99	0.99	0.96	0.00	0	|	rapi	0.00	0.00	0	|	-65.0	0.96(-65)		|	8	
4716	11	ok	|	0.56	0.99	0.99	1.13	0.00	0	|	rapi	0.00	0.00	0	|	-65.0	1.13(-65)		|	8	
4716	12	ok	|	0.62	0.99	0.99	1.31	0.00	0	|	rapi	0.00	0.00	0	|	-65.0	1.31(-65)		|	8	
4716	13	ok	|	0.68	0.99	0.99	1.50	0.00	0	|	rapi	0.00	0.00	0	|	-65.0	1.50(-65)		|	8	
4716	14	ok	|	0.72	0.98	0.98	1.73	0.00	0	|	rapi	0.00	0.00	0	|	-65.0	1.73(-65)		|	8	
4716	15	ok	|	0.78	0.98	0.98	2.02	0.00	0	|	rapi	0.00	0.00	0	|	-65.0	2.02(-65)		|	8	
4716	16	ok	|	0.82	0.98	0.98	2.33	0.00	0	|	rapi	0.00	0.00	0	|	-65.0	2.33(-65)		|	8	
4716	17	ok	|	0.88	0.97	0.97	2.80	0.00	0	|	rapi	0.00	0.00	0	|	-65.0	2.80(-65)		|	8	
4716	18	ok	|	0.92	0.97	0.97	3.23	0.00	0	|	rapi	0.00	0.00	0	|	-65.0	3.23(-65)		|	8	
4716	19	ok	|	0.95	0.96	0.96	3.87	0.00	0	|	rapi	0.00	0.00	0	|	-65.0	3.87(-65)		|	8	
4716	20	ok	|	0.97	0.95	0.95	4.63	0.00	0	|	rapi	0.00	0.00	0	|	-65.0	4.63(-65)		|	8	
4716	21	ok	|	0.98	0.95	0.95	5.30	0.00	0	|	rapi	0.00	0.00	0	|	-65.0	5.30(-65)		|	8	
4716	22	ok	|	0.99	0.94	0.94	6.39	0.00	0	|	rapi	0.00	0.00	0	|	-65.0	6.39(-65)		|	8	
4716	23	ok	|	0.99	0.93	0.93	7.44	0.00	0	|	rapi	0.00	0.00	0	|	-65.0	7.44(-65)		|	8	
4716	24	ok	|	1.00	0.91	0.91	9.09	0.00	0	|	rapi	0.00	0.00	0	|	-65.0	9.09(-65)		|	8	
4716	25	ok	|	1.00	0.89	0.89	10.59	0.00	0	|	rapi	0.00	0.00	0	|	-65.0	10.59(-65)		|	8	
4716	26	ok	|	1.00	0.87	0.87	12.59	0.00	0	|	rapi	0.00	0.00	0	|	-65.0	12.59(-65)		|	8	
4716	27	ok	|	1.00	0.85	0.85	14.73	0.00	0	|	rapi	0.00	0.00	0	|	-65.0	14.73(-65)		|	8	
4716	28	ok	|	1.00	0.83	0.83	17.33	0.00	0	|	rapi	0.00	0.00	0	|	-65.0	17.33(-65)		|	8	
4716	29	ok	|	1.00	0.80	0.80	20.41	0.00	0	|	rapi	0.00	0.00	0	|	-65.0	20.41(-65)	0.00(-65)	|	8	
4716	30	ok	|	1.00	0.76	0.76	24.04	0.00	0	|	rapi	0.00	0.00	0	|	-65.0	24.04(-65)	0.00(-65)	|	8	
4716	31	ok	|	1.00	0.72	0.72	28.05	0.00	0	|	rapi	0.01	0.01	0	|	-65.0	28.05(-65)	0.01(-65)	|	8	
4716	32	ok	|	1.00	0.67	0.67	32.94	0.00	0	|	rapi	0.01	0.01	0	|	-65.0	32.94(-65)	0.01(-65)	|	8	
4716	33	ok	|	1.00	0.61	0.61	38.55	0.00	0	|	rapi	0.00	0.00	0	|	-65.0	38.55(-65)	0.00(-65)	|	8	
4716	34	ok	|	1.00	0.55	0.55	44.95	0.00	0	|	rapi	0.00	0.00	0	|	-65.0	44.95(-65)	0.00(-65)	|	8	
4716	35	ok	|	1.00	0.48	0.48	52.16	0.00	0	|	rapi	0.00	0.00	0	|	-65.0	52.16(-65)	0.00(-65)	|	8	
4716	36	ok	|	1.00	0.39	0.39	60.93	0.00	0	|	rapi	0.00	0.00	0	|	-65.0	60.93(-65)	0.00(-65)	|	8	
4716	37	ok	|	1.00	0.30	0.30	70.48	0.00	0	|	rapi	0.00	0.00	0	|	-65.0	70.48(-65)	0.00(-65)	|	8	
4716	38	ok	|	1.00	0.20	0.20	80.27	0.00	0	|	rapi	0.01	0.01	0	|	-65.0	80.27(-65)	0.01(-65)	|	8	
4716	39	ok	|	1.00	0.11	0.11	89.92	0.00	0	|	rapi	0.01	0.01	0	|	-65.0	89.92(-65)	0.01(-65)	|	8	
4716	40	fail-w	|	1.00	0.05	0.05	98.14	0.00	0	|	rapi	0.01	0.01	0	|	-65.0	98.14(-65)	0.01(-65)	|	8	
