4883	0	ok	|	0.10	1.00	1.00	0.10	0.00	0	|	rapi	0.00	0.00	0	|	-72.0	0.10(-72)		|	6	
4883	1	ok	|	0.09	1.00	1.00	0.10	0.00	0	|	rapi	0.00	0.00	0	|	-72.0	0.10(-72)		|	6	
4883	2	ok	|	0.09	1.00	1.00	0.10	0.00	0	|	rapi	0.00	0.00	0	|	-72.0	0.10(-72)		|	6	
4883	3	ok	|	0.09	1.00	1.00	0.11	0.00	0	|	rapi	0.00	0.00	0	|	-72.0	0.11(-72)		|	6	
4883	4	ok	|	0.11	1.00	1.00	0.14	0.00	0	|	rapi	0.00	0.00	0	|	-72.0	0.14(-72)		|	6	
4883	5	ok	|	0.12	1.00	1.00	0.16	0.00	0	|	rapi	0.00	0.00	0	|	-72.0	0.16(-72)		|	6	
4883	6	ok	|	0.13	1.00	1.00	0.17	0.00	0	|	rapi	0.00	0.00	0	|	-72.0	0.17(-72)		|	6	
4883	7	ok	|	0.15	1.00	1.00	0.20	0.00	0	|	rapi	0.00	0.00	0	|	-72.0	0.20(-72)		|	6	
4883	8	ok	|	0.15	1.00	1.00	0.21	0.00	0	|	rapi	0.00	0.00	0	|	-72.0	0.21(-72)		|	6	
4883	9	ok	|	0.18	1.00	1.00	0.25	0.00	0	|	rapi	0.00	0.00	0	|	-72.0	0.25(-72)		|	6	
4883	10	ok	|	0.22	1.00	1.00	0.31	0.00	0	|	rapi	0.00	0.00	0	|	-72.0	0.31(-72)		|	6	
4883	11	ok	|	0.26	1.00	1.00	0.38	0.00	0	|	rapi	0.00	0.00	0	|	-72.0	0.38(-72)		|	6	
4883	12	ok	|	0.32	1.00	1.00	0.49	0.00	0	|	rapi	0.00	0.00	0	|	-72.0	0.49(-72)		|	6	
4883	13	ok	|	0.35	0.99	0.99	0.57	0.00	0	|	rapi	0.00	0.00	0	|	-72.0	0.57(-72)		|	6	
4883	14	ok	|	0.41	0.99	0.99	0.69	0.00	0	|	rapi	0.00	0.00	0	|	-72.0	0.69(-72)		|	6	
4883	15	ok	|	0.45	0.99	0.99	0.82	0.00	0	|	rapi	0.00	0.00	0	|	-72.0	0.82(-72)		|	6	
4883	16	ok	|	0.50	0.99	0.99	0.91	0.00	0	|	rapi	0.00	0.00	0	|	-72.0	0.91(-72)		|	6	
4883	17	ok	|	0.55	0.99	0.99	1.01	0.00	0	|	rapi	0.00	0.00	0	|	-72.0	1.01(-72)		|	6	
4883	18	ok	|	0.62	0.99	0.99	1.20	0.00	0	|	rapi	0.00	0.00	0	|	-72.0	1.20(-72)		|	6	
4883	19	ok	|	0.66	0.99	0.99	1.44	0.00	0	|	rapi	0.00	0.00	0	|	-72.0	1.44(-72)		|	6	
4883	20	ok	|	0.71	0.98	0.98	1.69	0.00	0	|	rapi	0.00	0.00	0	|	-72.0	1.69(-72)		|	6	
4883	21	ok	|	0.81	0.98	0.98	2.13	0.00	0	|	rapi	0.00	0.00	0	|	-72.0	2.13(-72)		|	6	
4883	22	ok	|	0.86	0.97	0.97	2.52	0.00	0	|	rapi	0.00	0.00	0	|	-72.0	2.52(-72)		|	6	
4883	23	ok	|	0.91	0.97	0.97	3.00	0.00	0	|	rapi	0.00	0.00	0	|	-72.0	3.00(-72)		|	6	
4883	24	ok	|	0.95	0.96	0.96	3.70	0.00	0	|	rapi	0.00	0.00	0	|	-72.0	3.70(-72)		|	6	
4883	25	ok	|	0.98	0.96	0.96	4.37	0.00	0	|	rapi	0.00	0.00	0	|	-72.0	4.37(-72)		|	6	
4883	26	ok	|	0.98	0.95	0.95	5.15	0.00	0	|	rapi	0.00	0.00	0	|	-72.0	5.15(-72)		|	6	
4883	27	ok	|	0.99	0.94	0.94	6.10	0.00	0	|	rapi	0.00	0.00	0	|	-72.0	6.10(-72)		|	6	
4883	28	ok	|	1.00	0.93	0.93	7.31	0.00	0	|	rapi	0.00	0.00	0	|	-72.0	7.31(-72)		|	6	
4883	29	ok	|	1.00	0.91	0.91	8.74	0.00	0	|	rapi	0.00	0.00	0	|	-72.0	8.74(-72)	0.00(-72)	|	6	
4883	30	ok	|	1.00	0.90	0.90	10.30	0.00	0	|	rapi	0.00	0.00	0	|	-72.0	10.30(-72)		|	6	
4883	31	ok	|	1.00	0.88	0.88	11.92	0.00	0	|	rapi	0.00	0.00	0	|	-72.0	11.92(-72)		|	6	
4883	32	ok	|	1.00	0.86	0.86	13.57	0.00	0	|	rapi	0.00	0.00	0	|	-72.0	13.57(-72)		|	6	
4883	33	ok	|	1.00	0.84	0.84	15.77	0.00	0	|	rapi	0.00	0.00	0	|	-72.0	15.77(-72)		|	6	
4883	34	ok	|	1.00	0.81	0.81	18.58	0.00	0	|	rapi	0.00	0.00	0	|	-72.0	18.58(-72)		|	6	
4883	35	ok	|	1.00	0.79	0.79	21.44	0.00	0	|	rapi	0.00	0.00	0	|	-72.0	21.44(-72)	0.00(-72)	|	6	
4883	36	ok	|	1.00	0.75	0.75	25.17	0.00	0	|	rapi	0.00	0.00	0	|	-72.0	25.17(-72)	0.00(-72)	|	6	
4883	37	ok	|	1.00	0.70	0.70	29.60	0.00	0	|	rapi	0.00	0.00	0	|	-72.0	29.60(-72)	0.00(-72)	|	6	
4883	38	ok	|	1.00	0.66	0.66	34.36	0.00	0	|	rapi	0.01	0.01	0	|	-72.0	34.36(-72)	0.01(-72)	|	6	
4883	39	ok	|	1.00	0.59	0.59	40.74	0.00	0	|	rapi	0.01	0.01	0	|	-72.0	40.74(-72)	0.01(-72)	|	6	
4883	40	ok	|	1.00	0.52	0.52	47.69	0.00	0	|	rapi	0.01	0.01	0	|	-72.0	47.69(-72)	0.01(-72)	|	6	
4883	41	ok	|	1.00	0.45	0.45	54.88	0.00	0	|	rapi	0.01	0.01	0	|	-72.0	54.88(-72)	0.01(-72)	|	6	
4883	42	ok	|	1.00	0.37	0.37	63.30	0.00	0	|	rapi	0.01	0.01	0	|	-72.0	63.30(-72)	0.01(-72)	|	6	
4883	43	ok	|	1.00	0.28	0.28	72.29	0.00	0	|	rapi	0.01	0.01	0	|	-72.0	72.29(-72)	0.01(-72)	|	6	
4883	44	ok	|	1.00	0.18	0.18	82.11	0.00	0	|	rapi	0.02	0.02	0	|	-72.0	82.11(-72)	0.02(-72)	|	6	
4883	45	ok	|	1.00	0.10	0.10	90.92	0.00	0	|	rapi	0.03	0.03	0	|	-72.0	90.92(-72)	0.03(-72)	|	6	
4883	46	fail-w	|	1.00	0.06	0.06	97.23	0.00	0	|	rapi	0.05	0.05	0	|	-72.0	97.23(-72)	0.05(-72)	|	6	
