4969	0	ok	|	0.10	1.00	1.00	0.10	0.00	0	|	rapi	0.10	0.10	0	|	49.0	0.10(49)	0.10(49)	|	8746	
4969	1	ok	|	0.09	1.00	1.00	0.09	0.00	0	|	rapi	0.09	0.09	0	|	49.0	0.09(49)	0.09(49)	|	8746	
4969	2	ok	|	0.09	1.00	1.00	0.09	0.00	0	|	rapi	0.09	0.09	0	|	49.0	0.09(49)	0.09(49)	|	8746	
4969	3	ok	|	0.09	1.00	1.00	0.10	0.00	0	|	rapi	0.09	0.10	0	|	49.0	0.10(49)	0.10(49)	|	8746	
4969	4	ok	|	0.10	1.00	1.00	0.11	0.00	0	|	rapi	0.10	0.11	0	|	49.0	0.11(49)	0.11(49)	|	8746	
4969	5	ok	|	0.12	1.00	1.00	0.12	0.00	0	|	rapi	0.12	0.12	0	|	49.0	0.12(49)	0.12(49)	|	8746	
4969	6	ok	|	0.11	1.00	1.00	0.11	0.00	0	|	rapi	0.11	0.11	0	|	49.0	0.11(49)	0.11(49)	|	8746	
4969	7	ok	|	0.12	1.00	1.00	0.12	0.00	0	|	rapi	0.12	0.12	0	|	49.0	0.12(49)	0.12(49)	|	8746	
4969	8	ok	|	0.11	1.00	1.00	0.12	0.00	0	|	rapi	0.11	0.12	0	|	49.0	0.12(49)	0.12(49)	|	8746	
4969	9	ok	|	0.11	1.00	1.00	0.12	0.00	0	|	rapi	0.11	0.12	0	|	49.0	0.12(49)	0.12(49)	|	8746	
4969	10	ok	|	0.11	1.00	1.00	0.12	0.00	0	|	rapi	0.11	0.12	0	|	49.0	0.12(49)	0.12(49)	|	8746	
4969	11	ok	|	0.11	1.00	1.00	0.12	0.00	0	|	rapi	0.11	0.12	0	|	49.0	0.12(49)	0.12(49)	|	8746	
4969	12	ok	|	0.12	1.00	1.00	0.12	0.00	0	|	rapi	0.12	0.12	0	|	49.0	0.12(49)	0.12(49)	|	8746	
4969	13	ok	|	0.10	1.00	1.00	0.11	0.00	0	|	rapi	0.10	0.11	0	|	49.0	0.11(49)	0.11(49)	|	8746	
4969	14	ok	|	0.10	1.00	1.00	0.11	0.00	0	|	rapi	0.10	0.11	0	|	49.0	0.11(49)	0.11(49)	|	8746	
4969	15	ok	|	0.11	1.00	1.00	0.12	0.00	0	|	rapi	0.11	0.12	0	|	49.0	0.12(49)	0.12(49)	|	8746	
4969	16	ok	|	0.13	1.00	1.00	0.13	0.01	0	|	rapi	0.13	0.13	0	|	49.0	0.13(49)	0.13(49)	|	8746	
4969	17	ok	|	0.13	1.00	1.00	0.14	0.01	0	|	rapi	0.13	0.14	0	|	49.0	0.14(49)	0.14(49)	|	8746	
4969	18	ok	|	0.14	1.00	1.00	0.14	0.01	0	|	rapi	0.14	0.14	0	|	49.0	0.14(49)	0.14(49)	|	8746	
4969	19	ok	|	0.14	1.00	1.00	0.15	0.01	0	|	rapi	0.14	0.15	0	|	49.0	0.15(49)	0.15(49)	|	8746	
4969	20	ok	|	0.13	1.00	1.00	0.14	0.01	0	|	rapi	0.13	0.14	0	|	49.0	0.14(49)	0.14(49)	|	8746	
4969	21	ok	|	0.12	1.00	1.00	0.13	0.01	0	|	rapi	0.12	0.13	0	|	49.0	0.13(49)	0.13(49)	|	8746	
4969	22	ok	|	0.13	1.00	1.00	0.13	0.01	0	|	rapi	0.13	0.13	0	|	49.0	0.13(49)	0.13(49)	|	8746	
4969	23	ok	|	0.14	1.00	1.00	0.15	0.01	0	|	rapi	0.14	0.15	0	|	49.0	0.15(49)	0.15(49)	|	8746	
4969	24	ok	|	0.14	1.00	1.00	0.15	0.01	0	|	rapi	0.14	0.15	0	|	49.0	0.15(49)	0.15(49)	|	8746	
4969	25	ok	|	0.13	1.00	1.00	0.14	0.01	0	|	rapi	0.13	0.14	0	|	49.0	0.14(49)	0.14(49)	|	8746	
4969	26	ok	|	0.13	1.00	1.00	0.14	0.01	0	|	rapi	0.13	0.14	0	|	49.0	0.14(49)	0.14(49)	|	8746	
4969	27	ok	|	0.12	1.00	1.00	0.13	0.01	0	|	rapi	0.12	0.13	0	|	49.0	0.13(49)	0.13(49)	|	8746	
4969	28	ok	|	0.13	1.00	1.00	0.14	0.01	0	|	rapi	0.13	0.14	0	|	49.0	0.14(49)	0.14(49)	|	8746	
4969	29	ok	|	0.12	1.00	1.00	0.13	0.01	0	|	rapi	0.12	0.13	0	|	49.0	0.13(49)	0.13(49)	|	8746	
4969	30	ok	|	0.13	1.00	1.00	0.14	0.01	0	|	rapi	0.13	0.14	0	|	49.0	0.14(49)	0.14(49)	|	8746	
4969	31	ok	|	0.12	1.00	1.00	0.13	0.01	0	|	rapi	0.12	0.13	0	|	49.0	0.13(49)	0.13(49)	|	8746	
4969	32	ok	|	0.12	1.00	1.00	0.14	0.01	0	|	rapi	0.12	0.14	0	|	49.0	0.14(49)	0.14(49)	|	8746	
4969	33	ok	|	0.14	1.00	1.00	0.15	0.01	0	|	rapi	0.14	0.15	0	|	49.0	0.15(49)	0.15(49)	|	8746	
4969	34	ok	|	0.14	1.00	1.00	0.15	0.01	0	|	rapi	0.14	0.15	0	|	49.0	0.15(49)	0.15(49)	|	8746	
4969	35	ok	|	0.13	1.00	1.00	0.14	0.01	0	|	rapi	0.13	0.14	0	|	49.0	0.14(49)	0.14(49)	|	8746	
4969	36	ok	|	0.14	1.00	1.00	0.14	0.01	0	|	rapi	0.14	0.14	0	|	49.0	0.14(49)	0.14(49)	|	8746	
4969	37	ok	|	0.12	1.00	1.00	0.13	0.01	0	|	rapi	0.12	0.13	0	|	49.0	0.13(49)	0.13(49)	|	8746	
4969	38	ok	|	0.14	1.00	1.00	0.15	0.01	0	|	rapi	0.14	0.15	0	|	49.0	0.15(49)	0.15(49)	|	8746	
4969	39	ok	|	0.14	1.00	1.00	0.15	0.01	0	|	rapi	0.14	0.15	0	|	49.0	0.15(49)	0.15(49)	|	8746	
4969	40	ok	|	0.14	1.00	1.00	0.15	0.01	0	|	rapi	0.14	0.15	0	|	49.0	0.15(49)	0.15(49)	|	8746	
4969	41	ok	|	0.15	1.00	1.00	0.16	0.02	0	|	rapi	0.15	0.16	0	|	49.0	0.16(49)	0.16(49)	|	8746	
4969	42	ok	|	0.14	1.00	1.00	0.14	0.01	0	|	rapi	0.14	0.14	0	|	49.0	0.14(49)	0.14(49)	|	8746	
4969	43	ok	|	0.14	1.00	1.00	0.15	0.02	0	|	rapi	0.14	0.15	0	|	49.0	0.15(49)	0.15(49)	|	8746	
4969	44	ok	|	0.14	1.00	1.00	0.15	0.02	0	|	rapi	0.14	0.15	0	|	49.0	0.15(49)	0.15(49)	|	8746	
4969	45	ok	|	0.14	1.00	1.00	0.15	0.01	0	|	rapi	0.14	0.15	0	|	49.0	0.15(49)	0.15(49)	|	8746	
4969	46	ok	|	0.14	1.00	1.00	0.14	0.01	0	|	rapi	0.14	0.14	0	|	49.0	0.14(49)	0.14(49)	|	8746	
4969	47	ok	|	0.15	1.00	1.00	0.16	0.02	0	|	rapi	0.15	0.16	0	|	49.0	0.16(49)	0.16(49)	|	8746	
4969	48	ok	|	0.13	1.00	1.00	0.14	0.02	0	|	rapi	0.13	0.14	0	|	49.0	0.14(49)	0.14(49)	|	8746	
4969	49	ok	|	0.12	1.00	1.00	0.13	0.02	0	|	rapi	0.12	0.13	0	|	49.0	0.13(49)	0.13(49)	|	8746	
4969	50	ok	|	0.13	1.00	1.00	0.14	0.02	0	|	rapi	0.13	0.14	0	|	49.0	0.14(49)	0.14(49)	|	8746	
4969	51	ok	|	0.14	1.00	1.00	0.14	0.02	0	|	rapi	0.14	0.14	0	|	49.0	0.14(49)	0.14(49)	|	8746	
4969	52	ok	|	0.15	1.00	1.00	0.15	0.02	0	|	rapi	0.15	0.15	0	|	49.0	0.15(49)	0.15(49)	|	8746	
4969	53	ok	|	0.15	1.00	1.00	0.16	0.02	0	|	rapi	0.15	0.16	0	|	49.0	0.16(49)	0.16(49)	|	8746	
4969	54	ok	|	0.16	1.00	1.00	0.18	0.02	0	|	rapi	0.16	0.18	0	|	49.0	0.18(49)	0.18(49)	|	8746	
4969	55	ok	|	0.14	1.00	1.00	0.15	0.02	0	|	rapi	0.14	0.15	0	|	49.0	0.15(49)	0.15(49)	|	8746	
4969	56	ok	|	0.15	1.00	1.00	0.16	0.02	0	|	rapi	0.15	0.16	0	|	49.0	0.16(49)	0.16(49)	|	8746	
4969	57	ok	|	0.15	1.00	1.00	0.17	0.02	0	|	rapi	0.15	0.17	0	|	49.0	0.17(49)	0.17(49)	|	8746	
4969	58	ok	|	0.17	1.00	1.00	0.18	0.02	0	|	rapi	0.17	0.18	0	|	49.0	0.18(49)	0.18(49)	|	8746	
4969	59	ok	|	0.19	1.00	1.00	0.20	0.03	0	|	rapi	0.19	0.20	0	|	49.0	0.20(49)	0.20(49)	|	8746	
4969	60	ok	|	0.17	1.00	1.00	0.19	0.02	0	|	rapi	0.17	0.19	0	|	49.0	0.19(49)	0.19(49)	|	8746	
4969	61	ok	|	0.17	1.00	1.00	0.19	0.02	0	|	rapi	0.17	0.19	0	|	49.0	0.19(49)	0.19(49)	|	8746	
4969	62	ok	|	0.19	1.00	1.00	0.21	0.03	0	|	rapi	0.19	0.21	0	|	49.0	0.21(49)	0.21(49)	|	8746	
4969	63	ok	|	0.18	1.00	1.00	0.20	0.02	0	|	rapi	0.18	0.20	0	|	49.0	0.20(49)	0.20(49)	|	8746	
4969	64	ok	|	0.20	1.00	1.00	0.22	0.03	0	|	rapi	0.20	0.22	0	|	49.0	0.22(49)	0.22(49)	|	8746	
4969	65	ok	|	0.20	1.00	1.00	0.23	0.03	0	|	rapi	0.20	0.23	0	|	49.0	0.23(49)	0.23(49)	|	8746	
4969	66	ok	|	0.22	1.00	1.00	0.24	0.03	0	|	rapi	0.22	0.24	0	|	49.0	0.24(49)	0.24(49)	|	8746	
4969	67	ok	|	0.21	1.00	1.00	0.23	0.03	0	|	rapi	0.21	0.23	0	|	49.0	0.23(49)	0.23(49)	|	8746	
4969	68	ok	|	0.21	1.00	1.00	0.24	0.03	0	|	rapi	0.21	0.24	0	|	49.0	0.24(49)	0.24(49)	|	8746	
4969	69	ok	|	0.22	1.00	1.00	0.24	0.03	0	|	rapi	0.22	0.24	0	|	49.0	0.24(49)	0.24(49)	|	8746	
4969	70	ok	|	0.24	1.00	1.00	0.26	0.03	0	|	rapi	0.24	0.26	0	|	49.0	0.26(49)	0.26(49)	|	8746	
4969	71	ok	|	0.22	1.00	1.00	0.24	0.03	0	|	rapi	0.22	0.24	0	|	49.0	0.24(49)	0.24(49)	|	8746	
4969	72	ok	|	0.23	1.00	1.00	0.25	0.03	0	|	rapi	0.23	0.25	0	|	49.0	0.25(49)	0.25(49)	|	8746	
4969	73	ok	|	0.23	1.00	1.00	0.25	0.03	0	|	rapi	0.23	0.25	0	|	49.0	0.25(49)	0.25(49)	|	8746	
4969	74	ok	|	0.24	1.00	1.00	0.27	0.03	0	|	rapi	0.24	0.27	0	|	49.0	0.27(49)	0.27(49)	|	8746	
4969	75	ok	|	0.24	1.00	1.00	0.27	0.03	0	|	rapi	0.24	0.27	0	|	49.0	0.27(49)	0.27(49)	|	8746	
4969	76	ok	|	0.25	1.00	1.00	0.29	0.04	0	|	rapi	0.25	0.29	0	|	49.0	0.29(49)	0.29(49)	|	8746	
4969	77	ok	|	0.27	1.00	1.00	0.32	0.04	0	|	rapi	0.27	0.32	0	|	49.0	0.32(49)	0.32(49)	|	8746	
4969	78	ok	|	0.28	1.00	1.00	0.31	0.05	0	|	rapi	0.28	0.31	0	|	49.0	0.31(49)	0.31(49)	|	8746	
4969	79	ok	|	0.28	1.00	1.00	0.31	0.05	0	|	rapi	0.28	0.31	0	|	49.0	0.31(49)	0.31(49)	|	8746	
4969	80	ok	|	0.28	1.00	1.00	0.32	0.05	0	|	rapi	0.28	0.32	0	|	49.0	0.32(49)	0.32(49)	|	8746	
4969	81	ok	|	0.26	1.00	1.00	0.31	0.05	0	|	rapi	0.26	0.31	0	|	49.0	0.31(49)	0.31(49)	|	8746	
4969	82	ok	|	0.27	1.00	1.00	0.32	0.05	0	|	rapi	0.27	0.32	0	|	49.0	0.32(49)	0.32(49)	|	8746	
4969	83	ok	|	0.27	1.00	1.00	0.32	0.05	0	|	rapi	0.27	0.32	0	|	49.0	0.32(49)	0.32(49)	|	8746	
4969	84	ok	|	0.30	1.00	1.00	0.36	0.06	0	|	rapi	0.30	0.36	0	|	49.0	0.36(49)	0.36(49)	|	8746	
4969	85	ok	|	0.30	1.00	1.00	0.36	0.06	0	|	rapi	0.30	0.36	0	|	49.0	0.36(49)	0.36(49)	|	8746	
4969	86	ok	|	0.30	1.00	1.00	0.36	0.06	0	|	rapi	0.30	0.36	0	|	49.0	0.36(49)	0.36(49)	|	8746	
4969	87	ok	|	0.32	1.00	1.00	0.38	0.06	0	|	rapi	0.32	0.38	0	|	49.0	0.38(49)	0.38(49)	|	8746	
4969	88	ok	|	0.29	1.00	1.00	0.35	0.06	0	|	rapi	0.29	0.35	0	|	49.0	0.35(49)	0.35(49)	|	8746	
4969	89	ok	|	0.29	1.00	1.00	0.34	0.06	0	|	rapi	0.29	0.34	0	|	49.0	0.34(49)	0.34(49)	|	8746	
4969	90	ok	|	0.28	1.00	1.00	0.34	0.06	0	|	rapi	0.28	0.34	0	|	49.0	0.34(49)	0.34(49)	|	8746	
4969	91	ok	|	0.27	1.00	1.00	0.31	0.05	0	|	rapi	0.27	0.31	0	|	49.0	0.31(49)	0.31(49)	|	8746	
4969	92	ok	|	0.27	1.00	1.00	0.29	0.05	0	|	rapi	0.27	0.29	0	|	49.0	0.29(49)	0.29(49)	|	8746	
4969	93	ok	|	0.28	1.00	1.00	0.32	0.05	0	|	rapi	0.28	0.32	0	|	49.0	0.32(49)	0.32(49)	|	8746	
4969	94	ok	|	0.28	1.00	1.00	0.30	0.05	0	|	rapi	0.28	0.30	0	|	49.0	0.30(49)	0.30(49)	|	8746	
4969	95	ok	|	0.26	1.00	1.00	0.29	0.05	0	|	rapi	0.26	0.29	0	|	49.0	0.29(49)	0.29(49)	|	8746	
4969	96	ok	|	0.27	1.00	1.00	0.30	0.05	0	|	rapi	0.27	0.30	0	|	49.0	0.30(49)	0.30(49)	|	8746	
4969	97	ok	|	0.29	1.00	1.00	0.32	0.05	0	|	rapi	0.29	0.32	0	|	49.0	0.32(49)	0.32(49)	|	8746	
4969	98	ok	|	0.28	1.00	1.00	0.32	0.05	0	|	rapi	0.28	0.32	0	|	49.0	0.32(49)	0.32(49)	|	8746	
4969	99	ok	|	0.24	1.00	1.00	0.27	0.05	0	|	rapi	0.24	0.27	0	|	49.0	0.27(49)	0.27(49)	|	8746	
4969	100	ok	|	0.23	1.00	1.00	0.26	0.04	0	|	rapi	0.23	0.26	0	|	49.0	0.26(49)	0.26(49)	|	8746	
4969	101	ok	|	0.23	1.00	1.00	0.26	0.04	0	|	rapi	0.23	0.26	0	|	49.0	0.26(49)	0.26(49)	|	8746	
4969	102	ok	|	0.24	1.00	1.00	0.26	0.04	0	|	rapi	0.24	0.26	0	|	49.0	0.26(49)	0.26(49)	|	8746	
4969	103	ok	|	0.22	1.00	1.00	0.26	0.04	0	|	rapi	0.22	0.26	0	|	49.0	0.26(49)	0.26(49)	|	8746	
4969	104	ok	|	0.23	1.00	1.00	0.26	0.04	0	|	rapi	0.23	0.26	0	|	49.0	0.26(49)	0.26(49)	|	8746	
4969	105	ok	|	0.25	1.00	1.00	0.29	0.05	0	|	rapi	0.25	0.29	0	|	49.0	0.29(49)	0.29(49)	|	8746	
4969	106	ok	|	0.25	1.00	1.00	0.29	0.05	0	|	rapi	0.25	0.29	0	|	49.0	0.29(49)	0.29(49)	|	8746	
4969	107	ok	|	0.25	1.00	1.00	0.28	0.05	0	|	rapi	0.25	0.28	0	|	49.0	0.28(49)	0.28(49)	|	8746	
4969	108	ok	|	0.25	1.00	1.00	0.29	0.05	0	|	rapi	0.25	0.29	0	|	49.0	0.29(49)	0.29(49)	|	8746	
4969	109	ok	|	0.28	1.00	1.00	0.32	0.05	0	|	rapi	0.28	0.32	0	|	49.0	0.32(49)	0.32(49)	|	8746	
4969	110	ok	|	0.27	1.00	1.00	0.30	0.05	0	|	rapi	0.27	0.30	0	|	49.0	0.30(49)	0.30(49)	|	8746	
4969	111	ok	|	0.26	1.00	1.00	0.29	0.05	0	|	rapi	0.26	0.29	0	|	49.0	0.29(49)	0.29(49)	|	8746	
4969	112	ok	|	0.27	1.00	1.00	0.31	0.05	0	|	rapi	0.27	0.31	0	|	49.0	0.31(49)	0.31(49)	|	8746	
4969	113	ok	|	0.24	1.00	1.00	0.28	0.05	0	|	rapi	0.24	0.28	0	|	49.0	0.28(49)	0.28(49)	|	8746	
4969	114	ok	|	0.23	1.00	1.00	0.26	0.04	0	|	rapi	0.23	0.26	0	|	49.0	0.26(49)	0.26(49)	|	8746	
4969	115	ok	|	0.24	1.00	1.00	0.27	0.04	0	|	rapi	0.24	0.27	0	|	49.0	0.27(49)	0.27(49)	|	8746	
4969	116	ok	|	0.23	1.00	1.00	0.24	0.04	0	|	rapi	0.23	0.24	0	|	49.0	0.24(49)	0.24(49)	|	8746	
4969	117	ok	|	0.21	1.00	1.00	0.23	0.04	0	|	rapi	0.21	0.23	0	|	49.0	0.23(49)	0.23(49)	|	8746	
4969	118	ok	|	0.21	1.00	1.00	0.22	0.04	0	|	rapi	0.21	0.22	0	|	49.0	0.22(49)	0.22(49)	|	8746	
4969	119	ok	|	0.22	1.00	1.00	0.24	0.04	0	|	rapi	0.22	0.24	0	|	49.0	0.24(49)	0.24(49)	|	8746	
4969	120	ok	|	0.19	1.00	1.00	0.21	0.04	0	|	rapi	0.19	0.21	0	|	49.0	0.21(49)	0.21(49)	|	8746	
4969	121	ok	|	0.19	1.00	1.00	0.22	0.04	0	|	rapi	0.19	0.22	0	|	49.0	0.22(49)	0.22(49)	|	8746	
4969	122	ok	|	0.20	1.00	1.00	0.23	0.04	0	|	rapi	0.20	0.23	0	|	49.0	0.23(49)	0.23(49)	|	8746	
4969	123	ok	|	0.22	1.00	1.00	0.25	0.04	0	|	rapi	0.22	0.25	0	|	49.0	0.25(49)	0.25(49)	|	8746	
4969	124	ok	|	0.21	1.00	1.00	0.24	0.04	0	|	rapi	0.21	0.24	0	|	49.0	0.24(49)	0.24(49)	|	8746	
4969	125	ok	|	0.20	1.00	1.00	0.22	0.04	0	|	rapi	0.20	0.22	0	|	49.0	0.22(49)	0.22(49)	|	8746	
4969	126	ok	|	0.20	1.00	1.00	0.23	0.04	0	|	rapi	0.20	0.23	0	|	49.0	0.23(49)	0.23(49)	|	8746	
4969	127	ok	|	0.19	1.00	1.00	0.21	0.03	0	|	rapi	0.19	0.21	0	|	49.0	0.21(49)	0.21(49)	|	8746	
4969	128	ok	|	0.18	1.00	1.00	0.20	0.03	0	|	rapi	0.18	0.20	0	|	49.0	0.20(49)	0.20(49)	|	8746	
4969	129	ok	|	0.19	1.00	1.00	0.20	0.03	0	|	rapi	0.19	0.20	0	|	49.0	0.20(49)	0.20(49)	|	8746	
4969	130	ok	|	0.19	1.00	1.00	0.20	0.03	0	|	rapi	0.19	0.20	0	|	49.0	0.20(49)	0.20(49)	|	8746	
4969	131	ok	|	0.20	1.00	1.00	0.20	0.03	0	|	rapi	0.20	0.20	0	|	49.0	0.20(49)	0.20(49)	|	8746	
4969	132	ok	|	0.21	1.00	1.00	0.22	0.04	0	|	rapi	0.21	0.22	0	|	49.0	0.22(49)	0.22(49)	|	8746	
4969	133	ok	|	0.18	1.00	1.00	0.20	0.03	0	|	rapi	0.18	0.20	0	|	49.0	0.20(49)	0.20(49)	|	8746	
4969	134	ok	|	0.18	1.00	1.00	0.21	0.04	0	|	rapi	0.18	0.21	0	|	49.0	0.21(49)	0.21(49)	|	8746	
4969	135	ok	|	0.19	1.00	1.00	0.22	0.04	0	|	rapi	0.19	0.22	0	|	49.0	0.22(49)	0.22(49)	|	8746	
4969	136	ok	|	0.19	1.00	1.00	0.20	0.03	0	|	rapi	0.19	0.20	0	|	49.0	0.20(49)	0.20(49)	|	8746	
4969	137	ok	|	0.20	1.00	1.00	0.21	0.04	0	|	rapi	0.20	0.21	0	|	49.0	0.21(49)	0.21(49)	|	8746	
4969	138	ok	|	0.21	1.00	1.00	0.23	0.04	0	|	rapi	0.21	0.23	0	|	49.0	0.23(49)	0.23(49)	|	8746	
4969	139	ok	|	0.21	1.00	1.00	0.23	0.04	0	|	rapi	0.21	0.23	0	|	49.0	0.23(49)	0.23(49)	|	8746	
4969	140	ok	|	0.19	1.00	1.00	0.20	0.03	0	|	rapi	0.19	0.20	0	|	49.0	0.20(49)	0.20(49)	|	8746	
4969	141	ok	|	0.18	1.00	1.00	0.20	0.03	0	|	rapi	0.18	0.20	0	|	49.0	0.20(49)	0.20(49)	|	8746	
4969	142	ok	|	0.20	1.00	1.00	0.21	0.03	0	|	rapi	0.20	0.21	0	|	49.0	0.21(49)	0.21(49)	|	8746	
4969	143	ok	|	0.20	1.00	1.00	0.22	0.04	0	|	rapi	0.20	0.22	0	|	49.0	0.22(49)	0.22(49)	|	8746	
4969	144	ok	|	0.23	1.00	1.00	0.25	0.04	0	|	rapi	0.23	0.25	0	|	49.0	0.25(49)	0.25(49)	|	8746	
4969	145	ok	|	0.25	1.00	1.00	0.28	0.05	0	|	rapi	0.25	0.28	0	|	49.0	0.28(49)	0.28(49)	|	8746	
4969	146	ok	|	0.24	1.00	1.00	0.28	0.05	0	|	rapi	0.24	0.28	0	|	49.0	0.28(49)	0.28(49)	|	8746	
4969	147	ok	|	0.24	1.00	1.00	0.28	0.05	0	|	rapi	0.24	0.28	0	|	49.0	0.28(49)	0.28(49)	|	8746	
4969	148	ok	|	0.23	1.00	1.00	0.26	0.04	0	|	rapi	0.23	0.26	0	|	49.0	0.26(49)	0.26(49)	|	8746	
4969	149	ok	|	0.22	1.00	1.00	0.25	0.04	0	|	rapi	0.22	0.25	0	|	49.0	0.25(49)	0.25(49)	|	8746	
4969	150	ok	|	0.22	1.00	1.00	0.24	0.04	0	|	rapi	0.22	0.24	0	|	49.0	0.24(49)	0.24(49)	|	8746	
4969	151	ok	|	0.21	1.00	1.00	0.23	0.04	0	|	rapi	0.21	0.23	0	|	49.0	0.23(49)	0.23(49)	|	8746	
4969	152	ok	|	0.21	1.00	1.00	0.23	0.04	0	|	rapi	0.21	0.23	0	|	49.0	0.23(49)	0.23(49)	|	8746	
4969	153	ok	|	0.20	1.00	1.00	0.23	0.04	0	|	rapi	0.20	0.23	0	|	49.0	0.23(49)	0.23(49)	|	8746	
4969	154	ok	|	0.22	1.00	1.00	0.24	0.04	0	|	rapi	0.22	0.24	0	|	49.0	0.24(49)	0.24(49)	|	8746	
4969	155	ok	|	0.21	1.00	1.00	0.24	0.04	0	|	rapi	0.21	0.24	0	|	49.0	0.24(49)	0.24(49)	|	8746	
4969	156	ok	|	0.18	1.00	1.00	0.21	0.04	0	|	rapi	0.18	0.21	0	|	49.0	0.21(49)	0.21(49)	|	8746	
4969	157	ok	|	0.19	1.00	1.00	0.23	0.04	0	|	rapi	0.19	0.23	0	|	49.0	0.23(49)	0.23(49)	|	8746	
4969	158	ok	|	0.20	1.00	1.00	0.24	0.04	0	|	rapi	0.20	0.24	0	|	49.0	0.24(49)	0.24(49)	|	8746	
4969	159	ok	|	0.20	1.00	1.00	0.23	0.04	0	|	rapi	0.20	0.23	0	|	49.0	0.23(49)	0.23(49)	|	8746	
4969	160	ok	|	0.21	1.00	1.00	0.23	0.04	0	|	rapi	0.21	0.23	0	|	49.0	0.23(49)	0.23(49)	|	8746	
4969	161	ok	|	0.20	1.00	1.00	0.24	0.04	0	|	rapi	0.20	0.24	0	|	49.0	0.24(49)	0.24(49)	|	8746	
4969	162	ok	|	0.21	1.00	1.00	0.24	0.04	0	|	rapi	0.21	0.24	0	|	49.0	0.24(49)	0.24(49)	|	8746	
4969	163	ok	|	0.20	1.00	1.00	0.23	0.04	0	|	rapi	0.20	0.23	0	|	49.0	0.23(49)	0.23(49)	|	8746	
4969	164	ok	|	0.20	1.00	1.00	0.22	0.04	0	|	rapi	0.20	0.22	0	|	49.0	0.22(49)	0.22(49)	|	8746	
4969	165	ok	|	0.21	1.00	1.00	0.22	0.04	0	|	rapi	0.21	0.22	0	|	49.0	0.22(49)	0.22(49)	|	8746	
4969	166	ok	|	0.19	1.00	1.00	0.20	0.03	0	|	rapi	0.19	0.20	0	|	49.0	0.20(49)	0.20(49)	|	8746	
4969	167	ok	|	0.20	1.00	1.00	0.23	0.04	0	|	rapi	0.20	0.23	0	|	49.0	0.23(49)	0.23(49)	|	8746	
4969	168	ok	|	0.21	1.00	1.00	0.23	0.04	0	|	rapi	0.21	0.23	0	|	49.0	0.23(49)	0.23(49)	|	8746	
4969	169	ok	|	0.19	1.00	1.00	0.20	0.03	0	|	rapi	0.19	0.20	0	|	49.0	0.20(49)	0.20(49)	|	8746	
4969	170	ok	|	0.19	1.00	1.00	0.20	0.03	0	|	rapi	0.19	0.20	0	|	49.0	0.20(49)	0.20(49)	|	8746	
4969	171	ok	|	0.18	1.00	1.00	0.20	0.03	0	|	rapi	0.18	0.20	0	|	49.0	0.20(49)	0.20(49)	|	8746	
4969	172	ok	|	0.19	1.00	1.00	0.20	0.03	0	|	rapi	0.19	0.20	0	|	49.0	0.20(49)	0.20(49)	|	8746	
4969	173	ok	|	0.18	1.00	1.00	0.18	0.03	0	|	rapi	0.18	0.18	0	|	49.0	0.18(49)	0.18(49)	|	8746	
4969	174	ok	|	0.17	1.00	1.00	0.18	0.03	0	|	rapi	0.17	0.18	0	|	49.0	0.18(49)	0.18(49)	|	8746	
4969	175	ok	|	0.18	1.00	1.00	0.19	0.03	0	|	rapi	0.18	0.19	0	|	49.0	0.19(49)	0.19(49)	|	8746	
4969	176	ok	|	0.20	1.00	1.00	0.22	0.04	0	|	rapi	0.20	0.22	0	|	49.0	0.22(49)	0.22(49)	|	8746	
4969	177	ok	|	0.20	1.00	1.00	0.22	0.04	0	|	rapi	0.20	0.22	0	|	49.0	0.22(49)	0.22(49)	|	8746	
4969	178	ok	|	0.21	1.00	1.00	0.22	0.04	0	|	rapi	0.21	0.22	0	|	49.0	0.22(49)	0.22(49)	|	8746	
4969	179	ok	|	0.22	1.00	1.00	0.23	0.04	0	|	rapi	0.22	0.23	0	|	49.0	0.23(49)	0.23(49)	|	8746	
4969	180	ok	|	0.24	1.00	1.00	0.26	0.04	0	|	rapi	0.24	0.26	0	|	49.0	0.26(49)	0.26(49)	|	8746	
4969	181	ok	|	0.25	1.00	1.00	0.28	0.05	0	|	rapi	0.25	0.28	0	|	49.0	0.28(49)	0.28(49)	|	8746	
4969	182	ok	|	0.25	1.00	1.00	0.27	0.05	0	|	rapi	0.25	0.27	0	|	49.0	0.27(49)	0.27(49)	|	8746	
4969	183	ok	|	0.23	1.00	1.00	0.26	0.04	0	|	rapi	0.23	0.26	0	|	49.0	0.26(49)	0.26(49)	|	8746	
4969	184	ok	|	0.24	1.00	1.00	0.26	0.04	0	|	rapi	0.24	0.26	0	|	49.0	0.26(49)	0.26(49)	|	8746	
4969	185	ok	|	0.24	1.00	1.00	0.27	0.04	0	|	rapi	0.24	0.27	0	|	49.0	0.27(49)	0.27(49)	|	8746	
4969	186	ok	|	0.22	1.00	1.00	0.24	0.04	0	|	rapi	0.22	0.24	0	|	49.0	0.24(49)	0.24(49)	|	8746	
4969	187	ok	|	0.21	1.00	1.00	0.23	0.04	0	|	rapi	0.21	0.23	0	|	49.0	0.23(49)	0.23(49)	|	8746	
4969	188	ok	|	0.21	1.00	1.00	0.23	0.04	0	|	rapi	0.21	0.23	0	|	49.0	0.23(49)	0.23(49)	|	8746	
4969	189	ok	|	0.21	1.00	1.00	0.23	0.06	0	|	rapi	0.21	0.23	0	|	49.0	0.23(49)	0.23(49)	|	8746	
4969	190	ok	|	0.21	1.00	1.00	0.22	0.06	0	|	rapi	0.21	0.22	0	|	49.0	0.22(49)	0.22(49)	|	8746	
4969	191	ok	|	0.22	1.00	1.00	0.24	0.06	0	|	rapi	0.22	0.24	0	|	49.0	0.24(49)	0.24(49)	|	8746	
4969	192	ok	|	0.23	1.00	1.00	0.25	0.06	0	|	rapi	0.23	0.25	0	|	49.0	0.25(49)	0.25(49)	|	8746	
4969	193	ok	|	0.25	1.00	1.00	0.27	0.07	0	|	rapi	0.25	0.27	0	|	49.0	0.27(49)	0.27(49)	|	8746	
4969	194	ok	|	0.24	1.00	1.00	0.26	0.07	0	|	rapi	0.24	0.26	0	|	49.0	0.26(49)	0.26(49)	|	8746	
4969	195	ok	|	0.26	1.00	1.00	0.27	0.07	0	|	rapi	0.26	0.27	0	|	49.0	0.27(49)	0.27(49)	|	8746	
4969	196	ok	|	0.27	1.00	1.00	0.29	0.07	0	|	rapi	0.27	0.29	0	|	49.0	0.29(49)	0.29(49)	|	8746	
4969	197	ok	|	0.27	1.00	1.00	0.30	0.07	0	|	rapi	0.27	0.30	0	|	49.0	0.30(49)	0.30(49)	|	8746	
4969	198	ok	|	0.24	1.00	1.00	0.26	0.06	0	|	rapi	0.24	0.26	0	|	49.0	0.26(49)	0.26(49)	|	8746	
4969	199	ok	|	0.23	1.00	1.00	0.25	0.06	0	|	rapi	0.23	0.25	0	|	49.0	0.25(49)	0.25(49)	|	8746	
4969	200	ok	|	0.21	1.00	1.00	0.22	0.06	0	|	rapi	0.21	0.22	0	|	49.0	0.22(49)	0.22(49)	|	8746	
4969	201	ok	|	0.21	1.00	1.00	0.22	0.05	0	|	rapi	0.21	0.22	0	|	49.0	0.22(49)	0.22(49)	|	8746	
4969	202	ok	|	0.20	1.00	1.00	0.21	0.05	0	|	rapi	0.20	0.21	0	|	49.0	0.21(49)	0.21(49)	|	8746	
4969	203	ok	|	0.19	1.00	1.00	0.20	0.05	0	|	rapi	0.19	0.20	0	|	49.0	0.20(49)	0.20(49)	|	8746	
4969	204	ok	|	0.17	1.00	1.00	0.18	0.04	0	|	rapi	0.17	0.18	0	|	49.0	0.18(49)	0.18(49)	|	8746	
4969	205	ok	|	0.18	1.00	1.00	0.19	0.05	0	|	rapi	0.18	0.19	0	|	49.0	0.19(49)	0.19(49)	|	8746	
4969	206	ok	|	0.18	1.00	1.00	0.20	0.05	0	|	rapi	0.18	0.20	0	|	49.0	0.20(49)	0.20(49)	|	8746	
4969	207	ok	|	0.18	1.00	1.00	0.20	0.05	0	|	rapi	0.18	0.20	0	|	49.0	0.20(49)	0.20(49)	|	8746	
4969	208	ok	|	0.18	1.00	1.00	0.19	0.05	0	|	rapi	0.18	0.19	0	|	49.0	0.19(49)	0.19(49)	|	8746	
4969	209	ok	|	0.18	1.00	1.00	0.19	0.05	0	|	rapi	0.18	0.19	0	|	49.0	0.19(49)	0.19(49)	|	8746	
4969	210	ok	|	0.19	1.00	1.00	0.21	0.05	0	|	rapi	0.19	0.21	0	|	49.0	0.21(49)	0.21(49)	|	8746	
4969	211	ok	|	0.20	1.00	1.00	0.21	0.05	0	|	rapi	0.20	0.21	0	|	49.0	0.21(49)	0.21(49)	|	8746	
4969	212	ok	|	0.21	1.00	1.00	0.23	0.06	0	|	rapi	0.21	0.23	0	|	49.0	0.23(49)	0.23(49)	|	8746	
4969	213	ok	|	0.20	1.00	1.00	0.22	0.05	0	|	rapi	0.20	0.22	0	|	49.0	0.22(49)	0.22(49)	|	8746	
4969	214	ok	|	0.20	1.00	1.00	0.21	0.05	0	|	rapi	0.20	0.21	0	|	49.0	0.21(49)	0.21(49)	|	8746	
4969	215	ok	|	0.20	1.00	1.00	0.21	0.05	0	|	rapi	0.20	0.21	0	|	49.0	0.21(49)	0.21(49)	|	8746	
4969	216	ok	|	0.22	1.00	1.00	0.24	0.06	0	|	rapi	0.22	0.24	0	|	49.0	0.24(49)	0.24(49)	|	8746	
4969	217	ok	|	0.19	1.00	1.00	0.21	0.05	0	|	rapi	0.19	0.21	0	|	49.0	0.21(49)	0.21(49)	|	8746	
4969	218	ok	|	0.19	1.00	1.00	0.20	0.05	0	|	rapi	0.19	0.20	0	|	49.0	0.20(49)	0.20(49)	|	8746	
4969	219	ok	|	0.20	1.00	1.00	0.21	0.05	0	|	rapi	0.20	0.21	0	|	49.0	0.21(49)	0.21(49)	|	8746	
4969	220	ok	|	0.21	1.00	1.00	0.23	0.06	0	|	rapi	0.21	0.23	0	|	49.0	0.23(49)	0.23(49)	|	8746	
4969	221	ok	|	0.21	1.00	1.00	0.24	0.06	0	|	rapi	0.21	0.24	0	|	49.0	0.24(49)	0.24(49)	|	8746	
4969	222	ok	|	0.23	1.00	1.00	0.26	0.06	0	|	rapi	0.23	0.26	0	|	49.0	0.26(49)	0.26(49)	|	8746	
4969	223	ok	|	0.23	1.00	1.00	0.25	0.06	0	|	rapi	0.23	0.25	0	|	49.0	0.25(49)	0.25(49)	|	8746	
4969	224	ok	|	0.21	1.00	1.00	0.23	0.06	0	|	rapi	0.21	0.23	0	|	49.0	0.23(49)	0.23(49)	|	8746	
4969	225	ok	|	0.22	1.00	1.00	0.23	0.06	0	|	rapi	0.22	0.23	0	|	49.0	0.23(49)	0.23(49)	|	8746	
4969	226	ok	|	0.21	1.00	1.00	0.23	0.06	0	|	rapi	0.21	0.23	0	|	49.0	0.23(49)	0.23(49)	|	8746	
4969	227	ok	|	0.22	1.00	1.00	0.24	0.06	0	|	rapi	0.22	0.24	0	|	49.0	0.24(49)	0.24(49)	|	8746	
4969	228	ok	|	0.23	1.00	1.00	0.24	0.06	0	|	rapi	0.23	0.24	0	|	49.0	0.24(49)	0.24(49)	|	8746	
4969	229	ok	|	0.22	1.00	1.00	0.24	0.06	0	|	rapi	0.22	0.24	0	|	49.0	0.24(49)	0.24(49)	|	8746	
4969	230	ok	|	0.22	1.00	1.00	0.24	0.06	0	|	rapi	0.22	0.24	0	|	49.0	0.24(49)	0.24(49)	|	8746	
4969	231	ok	|	0.21	1.00	1.00	0.24	0.06	0	|	rapi	0.21	0.24	0	|	49.0	0.24(49)	0.24(49)	|	8746	
4969	232	ok	|	0.22	1.00	1.00	0.25	0.06	0	|	rapi	0.22	0.25	0	|	49.0	0.25(49)	0.25(49)	|	8746	
4969	233	ok	|	0.22	1.00	1.00	0.24	0.06	0	|	rapi	0.22	0.24	0	|	49.0	0.24(49)	0.24(49)	|	8746	
4969	234	ok	|	0.24	1.00	1.00	0.26	0.06	0	|	rapi	0.24	0.26	0	|	49.0	0.26(49)	0.26(49)	|	8746	
4969	235	ok	|	0.23	1.00	1.00	0.25	0.06	0	|	rapi	0.23	0.25	0	|	49.0	0.25(49)	0.25(49)	|	8746	
4969	236	ok	|	0.23	1.00	1.00	0.24	0.06	0	|	rapi	0.23	0.24	0	|	49.0	0.24(49)	0.24(49)	|	8746	
4969	237	ok	|	0.21	1.00	1.00	0.23	0.06	0	|	rapi	0.21	0.23	0	|	49.0	0.23(49)	0.23(49)	|	8746	
4969	238	ok	|	0.22	1.00	1.00	0.25	0.06	0	|	rapi	0.22	0.25	0	|	49.0	0.25(49)	0.25(49)	|	8746	
4969	239	ok	|	0.23	1.00	1.00	0.26	0.07	0	|	rapi	0.23	0.26	0	|	49.0	0.26(49)	0.26(49)	|	8746	
4969	240	ok	|	0.23	1.00	1.00	0.26	0.06	0	|	rapi	0.23	0.26	0	|	49.0	0.26(49)	0.26(49)	|	8746	
4969	241	ok	|	0.24	1.00	1.00	0.26	0.06	0	|	rapi	0.24	0.26	0	|	49.0	0.26(49)	0.26(49)	|	8746	
4969	242	ok	|	0.21	1.00	1.00	0.23	0.06	0	|	rapi	0.21	0.23	0	|	49.0	0.23(49)	0.23(49)	|	8746	
4969	243	ok	|	0.20	1.00	1.00	0.22	0.06	0	|	rapi	0.20	0.22	0	|	49.0	0.22(49)	0.22(49)	|	8746	
4969	244	ok	|	0.20	1.00	1.00	0.21	0.05	0	|	rapi	0.20	0.21	0	|	49.0	0.21(49)	0.21(49)	|	8746	
4969	245	ok	|	0.18	1.00	1.00	0.19	0.05	0	|	rapi	0.18	0.19	0	|	49.0	0.19(49)	0.19(49)	|	8746	
4969	246	ok	|	0.16	1.00	1.00	0.17	0.04	0	|	rapi	0.16	0.17	0	|	49.0	0.17(49)	0.17(49)	|	8746	
4969	247	ok	|	0.15	1.00	1.00	0.17	0.04	0	|	rapi	0.15	0.17	0	|	49.0	0.17(49)	0.17(49)	|	8746	
4969	248	ok	|	0.18	1.00	1.00	0.19	0.05	0	|	rapi	0.18	0.19	0	|	49.0	0.19(49)	0.19(49)	|	8746	
4969	249	ok	|	0.18	1.00	1.00	0.19	0.05	0	|	rapi	0.18	0.19	0	|	49.0	0.19(49)	0.19(49)	|	8746	
4969	250	ok	|	0.18	1.00	1.00	0.19	0.05	0	|	rapi	0.18	0.19	0	|	49.0	0.19(49)	0.19(49)	|	8746	
4969	251	ok	|	0.17	1.00	1.00	0.17	0.04	0	|	rapi	0.17	0.17	0	|	49.0	0.17(49)	0.17(49)	|	8746	
4969	252	ok	|	0.17	1.00	1.00	0.18	0.05	0	|	rapi	0.17	0.18	0	|	49.0	0.18(49)	0.18(49)	|	8746	
4969	253	ok	|	0.16	1.00	1.00	0.17	0.04	0	|	rapi	0.16	0.17	0	|	49.0	0.17(49)	0.17(49)	|	8746	
4969	254	ok	|	0.16	1.00	1.00	0.17	0.04	0	|	rapi	0.16	0.17	0	|	49.0	0.17(49)	0.17(49)	|	8746	
4969	255	ok	|	0.17	1.00	1.00	0.17	0.04	0	|	rapi	0.17	0.17	0	|	49.0	0.17(49)	0.17(49)	|	8746	
4969	256	ok	|	0.17	1.00	1.00	0.18	0.05	0	|	rapi	0.17	0.18	0	|	49.0	0.18(49)	0.18(49)	|	8746	
4969	257	ok	|	0.16	1.00	1.00	0.17	0.04	0	|	rapi	0.16	0.17	0	|	49.0	0.17(49)	0.17(49)	|	8746	
4969	258	ok	|	0.17	1.00	1.00	0.18	0.04	0	|	rapi	0.17	0.18	0	|	49.0	0.18(49)	0.18(49)	|	8746	
4969	259	ok	|	0.18	1.00	1.00	0.18	0.05	0	|	rapi	0.18	0.18	0	|	49.0	0.18(49)	0.18(49)	|	8746	
4969	260	ok	|	0.17	1.00	1.00	0.17	0.04	0	|	rapi	0.17	0.17	0	|	49.0	0.17(49)	0.17(49)	|	8746	
4969	261	ok	|	0.16	1.00	1.00	0.17	0.04	0	|	rapi	0.16	0.17	0	|	49.0	0.17(49)	0.17(49)	|	8746	
4969	262	ok	|	0.17	1.00	1.00	0.18	0.04	0	|	rapi	0.17	0.18	0	|	49.0	0.18(49)	0.18(49)	|	8746	
4969	263	ok	|	0.18	1.00	1.00	0.18	0.05	0	|	rapi	0.18	0.18	0	|	49.0	0.18(49)	0.18(49)	|	8746	
4969	264	ok	|	0.16	1.00	1.00	0.17	0.04	0	|	rapi	0.16	0.17	0	|	49.0	0.17(49)	0.17(49)	|	8746	
4969	265	ok	|	0.15	1.00	1.00	0.16	0.04	0	|	rapi	0.15	0.16	0	|	49.0	0.16(49)	0.16(49)	|	8746	
4969	266	ok	|	0.14	1.00	1.00	0.15	0.04	0	|	rapi	0.14	0.15	0	|	49.0	0.15(49)	0.15(49)	|	8746	
4969	267	ok	|	0.13	1.00	1.00	0.14	0.03	0	|	rapi	0.13	0.14	0	|	49.0	0.14(49)	0.14(49)	|	8746	
4969	268	ok	|	0.13	1.00	1.00	0.13	0.03	0	|	rapi	0.13	0.13	0	|	49.0	0.13(49)	0.13(49)	|	8746	
4969	269	ok	|	0.13	1.00	1.00	0.14	0.03	0	|	rapi	0.13	0.14	0	|	49.0	0.14(49)	0.14(49)	|	8746	
4969	270	ok	|	0.11	1.00	1.00	0.12	0.03	0	|	rapi	0.11	0.12	0	|	49.0	0.12(49)	0.12(49)	|	8746	
4969	271	ok	|	0.10	1.00	1.00	0.11	0.03	0	|	rapi	0.10	0.11	0	|	49.0	0.11(49)	0.11(49)	|	8746	
4969	272	ok	|	0.10	1.00	1.00	0.10	0.03	0	|	rapi	0.10	0.10	0	|	49.0	0.10(49)	0.10(49)	|	8746	
4969	273	ok	|	0.10	1.00	1.00	0.11	0.03	0	|	rapi	0.10	0.11	0	|	49.0	0.11(49)	0.11(49)	|	8746	
4969	274	ok	|	0.09	1.00	1.00	0.09	0.02	0	|	rapi	0.09	0.09	0	|	49.0	0.09(49)	0.09(49)	|	8746	
4969	275	ok	|	0.08	1.00	1.00	0.09	0.02	0	|	rapi	0.08	0.09	0	|	49.0	0.09(49)	0.09(49)	|	8746	
4969	276	ok	|	0.07	1.00	1.00	0.07	0.02	0	|	rapi	0.07	0.07	0	|	49.0	0.07(49)	0.07(49)	|	8746	
4969	277	ok	|	0.07	1.00	1.00	0.08	0.02	0	|	rapi	0.07	0.08	0	|	49.0	0.08(49)	0.08(49)	|	8746	
4969	278	ok	|	0.06	1.00	1.00	0.07	0.02	0	|	rapi	0.06	0.07	0	|	49.0	0.07(49)	0.07(49)	|	8746	
4969	279	ok	|	0.08	1.00	1.00	0.08	0.02	0	|	rapi	0.08	0.08	0	|	49.0	0.08(49)	0.08(49)	|	8746	
4969	280	ok	|	0.07	1.00	1.00	0.07	0.02	0	|	rapi	0.07	0.07	0	|	49.0	0.07(49)	0.07(49)	|	8746	
4969	281	ok	|	0.08	1.00	1.00	0.08	0.02	0	|	rapi	0.08	0.08	0	|	49.0	0.08(49)	0.08(49)	|	8746	
4969	282	ok	|	0.10	1.00	1.00	0.10	0.02	0	|	rapi	0.10	0.10	0	|	49.0	0.10(49)	0.10(49)	|	8746	
4969	283	ok	|	0.08	1.00	1.00	0.08	0.02	0	|	rapi	0.08	0.08	0	|	49.0	0.08(49)	0.08(49)	|	8746	
4969	284	ok	|	0.06	1.00	1.00	0.07	0.02	0	|	rapi	0.06	0.07	0	|	49.0	0.07(49)	0.07(49)	|	8746	
4969	285	ok	|	0.06	1.00	1.00	0.06	0.02	0	|	rapi	0.06	0.06	0	|	49.0	0.06(49)	0.06(49)	|	8746	
4969	286	ok	|	0.06	1.00	1.00	0.06	0.01	0	|	rapi	0.06	0.06	0	|	49.0	0.06(49)	0.06(49)	|	8746	
4969	287	ok	|	0.06	1.00	1.00	0.06	0.02	0	|	rapi	0.06	0.06	0	|	49.0	0.06(49)	0.06(49)	|	8746	
4969	288	ok	|	0.07	1.00	1.00	0.07	0.02	0	|	rapi	0.07	0.07	0	|	49.0	0.07(49)	0.07(49)	|	8746	
4969	289	ok	|	0.07	1.00	1.00	0.08	0.02	0	|	rapi	0.07	0.08	0	|	49.0	0.08(49)	0.08(49)	|	8746	
4969	290	ok	|	0.06	1.00	1.00	0.07	0.02	0	|	rapi	0.06	0.07	0	|	49.0	0.07(49)	0.07(49)	|	8746	
4969	291	ok	|	0.07	1.00	1.00	0.07	0.02	0	|	rapi	0.07	0.07	0	|	49.0	0.07(49)	0.07(49)	|	8746	
4969	292	ok	|	0.07	1.00	1.00	0.07	0.02	0	|	rapi	0.07	0.07	0	|	49.0	0.07(49)	0.07(49)	|	8746	
4969	293	ok	|	0.07	1.00	1.00	0.07	0.02	0	|	rapi	0.07	0.07	0	|	49.0	0.07(49)	0.07(49)	|	8746	
4969	294	ok	|	0.06	1.00	1.00	0.06	0.01	0	|	rapi	0.06	0.06	0	|	49.0	0.06(49)	0.06(49)	|	8746	
4969	295	ok	|	0.06	1.00	1.00	0.06	0.01	0	|	rapi	0.06	0.06	0	|	49.0	0.06(49)	0.06(49)	|	8746	
4969	296	ok	|	0.06	1.00	1.00	0.06	0.02	0	|	rapi	0.06	0.06	0	|	49.0	0.06(49)	0.06(49)	|	8746	
4969	297	ok	|	0.06	1.00	1.00	0.06	0.02	0	|	rapi	0.06	0.06	0	|	49.0	0.06(49)	0.06(49)	|	8746	
4969	298	ok	|	0.05	1.00	1.00	0.05	0.01	0	|	rapi	0.05	0.05	0	|	49.0	0.05(49)	0.05(49)	|	8746	
4969	299	ok	|	0.04	1.00	1.00	0.04	0.01	0	|	rapi	0.04	0.04	0	|	49.0	0.04(49)	0.04(49)	|	8746	
4969	300	ok	|	0.05	1.00	1.00	0.05	0.01	0	|	rapi	0.05	0.05	0	|	49.0	0.05(49)	0.05(49)	|	8746	
4969	301	ok	|	0.06	1.00	1.00	0.06	0.02	0	|	rapi	0.06	0.06	0	|	49.0	0.06(49)	0.06(49)	|	8746	
4969	302	ok	|	0.08	1.00	1.00	0.08	0.02	0	|	rapi	0.08	0.08	0	|	49.0	0.08(49)	0.08(49)	|	8746	
4969	303	ok	|	0.09	1.00	1.00	0.09	0.02	0	|	rapi	0.09	0.09	0	|	49.0	0.09(49)	0.09(49)	|	8746	
4969	304	ok	|	0.10	1.00	1.00	0.10	0.05	0	|	rapi	0.10	0.10	0	|	49.0	0.10(49)	0.10(49)	|	8746	
4969	305	ok	|	0.09	1.00	1.00	0.10	0.05	0	|	rapi	0.09	0.10	0	|	49.0	0.10(49)	0.10(49)	|	8746	
4969	306	ok	|	0.09	1.00	1.00	0.09	0.05	0	|	rapi	0.09	0.09	0	|	49.0	0.09(49)	0.09(49)	|	8746	
4969	307	ok	|	0.09	1.00	1.00	0.09	0.04	0	|	rapi	0.09	0.09	0	|	49.0	0.09(49)	0.09(49)	|	8746	
4969	308	ok	|	0.09	1.00	1.00	0.09	0.04	0	|	rapi	0.09	0.09	0	|	49.0	0.09(49)	0.09(49)	|	8746	
4969	309	ok	|	0.09	1.00	1.00	0.09	0.05	0	|	rapi	0.09	0.09	0	|	49.0	0.09(49)	0.09(49)	|	8746	
4969	310	ok	|	0.09	1.00	1.00	0.10	0.05	0	|	rapi	0.09	0.10	0	|	49.0	0.10(49)	0.10(49)	|	8746	
4969	311	ok	|	0.09	1.00	1.00	0.09	0.05	0	|	rapi	0.09	0.09	0	|	49.0	0.09(49)	0.09(49)	|	8746	
4969	312	ok	|	0.09	1.00	1.00	0.09	0.05	0	|	rapi	0.09	0.09	0	|	49.0	0.09(49)	0.09(49)	|	8746	
4969	313	ok	|	0.09	1.00	1.00	0.09	0.04	0	|	rapi	0.09	0.09	0	|	49.0	0.09(49)	0.09(49)	|	8746	
4969	314	ok	|	0.09	1.00	1.00	0.09	0.05	0	|	rapi	0.09	0.09	0	|	49.0	0.09(49)	0.09(49)	|	8746	
4969	315	ok	|	0.09	1.00	1.00	0.10	0.05	0	|	rapi	0.09	0.10	0	|	49.0	0.10(49)	0.10(49)	|	8746	
4969	316	ok	|	0.10	1.00	1.00	0.10	0.05	0	|	rapi	0.10	0.10	0	|	49.0	0.10(49)	0.10(49)	|	8746	
4969	317	ok	|	0.09	1.00	1.00	0.09	0.05	0	|	rapi	0.09	0.09	0	|	49.0	0.09(49)	0.09(49)	|	8746	
4969	318	ok	|	0.08	1.00	1.00	0.08	0.04	0	|	rapi	0.08	0.08	0	|	49.0	0.08(49)	0.08(49)	|	8746	
4969	319	ok	|	0.07	1.00	1.00	0.07	0.04	0	|	rapi	0.07	0.07	0	|	49.0	0.07(49)	0.07(49)	|	8746	
4969	320	ok	|	0.08	1.00	1.00	0.09	0.04	0	|	rapi	0.08	0.09	0	|	49.0	0.09(49)	0.09(49)	|	8746	
4969	321	ok	|	0.08	1.00	1.00	0.08	0.04	0	|	rapi	0.08	0.08	0	|	49.0	0.08(49)	0.08(49)	|	8746	
4969	322	ok	|	0.07	1.00	1.00	0.07	0.04	0	|	rapi	0.07	0.07	0	|	49.0	0.07(49)	0.07(49)	|	8746	
4969	323	ok	|	0.07	1.00	1.00	0.07	0.04	0	|	rapi	0.07	0.07	0	|	49.0	0.07(49)	0.07(49)	|	8746	
4969	324	ok	|	0.07	1.00	1.00	0.08	0.04	0	|	rapi	0.07	0.08	0	|	49.0	0.08(49)	0.08(49)	|	8746	
4969	325	ok	|	0.07	1.00	1.00	0.07	0.04	0	|	rapi	0.07	0.07	0	|	49.0	0.07(49)	0.07(49)	|	8746	
4969	326	ok	|	0.08	1.00	1.00	0.08	0.04	0	|	rapi	0.08	0.08	0	|	49.0	0.08(49)	0.08(49)	|	8746	
4969	327	ok	|	0.07	1.00	1.00	0.08	0.04	0	|	rapi	0.07	0.08	0	|	49.0	0.08(49)	0.08(49)	|	8746	
4969	328	ok	|	0.07	1.00	1.00	0.07	0.03	0	|	rapi	0.07	0.07	0	|	49.0	0.07(49)	0.07(49)	|	8746	
4969	329	ok	|	0.07	1.00	1.00	0.07	0.04	0	|	rapi	0.07	0.07	0	|	49.0	0.07(49)	0.07(49)	|	8746	
4969	330	ok	|	0.08	1.00	1.00	0.08	0.04	0	|	rapi	0.08	0.08	0	|	49.0	0.08(49)	0.08(49)	|	8746	
4969	331	ok	|	0.09	1.00	1.00	0.09	0.04	0	|	rapi	0.09	0.09	0	|	49.0	0.09(49)	0.09(49)	|	8746	
4969	332	ok	|	0.08	1.00	1.00	0.08	0.04	0	|	rapi	0.08	0.08	0	|	49.0	0.08(49)	0.08(49)	|	8746	
4969	333	ok	|	0.08	1.00	1.00	0.08	0.04	0	|	rapi	0.08	0.08	0	|	49.0	0.08(49)	0.08(49)	|	8746	
4969	334	ok	|	0.08	1.00	1.00	0.08	0.04	0	|	rapi	0.08	0.08	0	|	49.0	0.08(49)	0.08(49)	|	8746	
4969	335	ok	|	0.08	1.00	1.00	0.08	0.04	0	|	rapi	0.08	0.08	0	|	49.0	0.08(49)	0.08(49)	|	8746	
4969	336	ok	|	0.08	1.00	1.00	0.08	0.04	0	|	rapi	0.08	0.08	0	|	49.0	0.08(49)	0.08(49)	|	8746	
4969	337	ok	|	0.09	1.00	1.00	0.09	0.05	0	|	rapi	0.09	0.09	0	|	49.0	0.09(49)	0.09(49)	|	8746	
4969	338	ok	|	0.09	1.00	1.00	0.09	0.05	0	|	rapi	0.09	0.09	0	|	49.0	0.09(49)	0.09(49)	|	8746	
4969	339	ok	|	0.07	1.00	1.00	0.07	0.03	0	|	rapi	0.07	0.07	0	|	49.0	0.07(49)	0.07(49)	|	8746	
4969	340	ok	|	0.07	1.00	1.00	0.07	0.03	0	|	rapi	0.07	0.07	0	|	49.0	0.07(49)	0.07(49)	|	8746	
4969	341	ok	|	0.07	1.00	1.00	0.07	0.03	0	|	rapi	0.07	0.07	0	|	49.0	0.07(49)	0.07(49)	|	8746	
4969	342	ok	|	0.06	1.00	1.00	0.06	0.03	0	|	rapi	0.06	0.06	0	|	49.0	0.06(49)	0.06(49)	|	8746	
4969	343	ok	|	0.05	1.00	1.00	0.05	0.02	0	|	rapi	0.05	0.05	0	|	49.0	0.05(49)	0.05(49)	|	8746	
4969	344	ok	|	0.05	1.00	1.00	0.05	0.03	0	|	rapi	0.05	0.05	0	|	49.0	0.05(49)	0.05(49)	|	8746	
4969	345	ok	|	0.04	1.00	1.00	0.04	0.02	0	|	rapi	0.04	0.04	0	|	49.0	0.04(49)	0.04(49)	|	8746	
4969	346	ok	|	0.04	1.00	1.00	0.04	0.02	0	|	rapi	0.04	0.04	0	|	49.0	0.04(49)	0.04(49)	|	8746	
4969	347	ok	|	0.03	1.00	1.00	0.03	0.02	0	|	rapi	0.03	0.03	0	|	49.0	0.03(49)	0.03(49)	|	8746	
4969	348	ok	|	0.04	1.00	1.00	0.04	0.02	0	|	rapi	0.04	0.04	0	|	49.0	0.04(49)	0.04(49)	|	8746	
4969	349	ok	|	0.05	1.00	1.00	0.05	0.02	0	|	rapi	0.05	0.05	0	|	49.0	0.05(49)	0.05(49)	|	8746	
4969	350	ok	|	0.05	1.00	1.00	0.05	0.02	0	|	rapi	0.05	0.05	0	|	49.0	0.05(49)	0.05(49)	|	8746	
4969	351	ok	|	0.04	1.00	1.00	0.04	0.02	0	|	rapi	0.04	0.04	0	|	49.0	0.04(49)	0.04(49)	|	8746	
4969	352	ok	|	0.05	1.00	1.00	0.05	0.02	0	|	rapi	0.05	0.05	0	|	49.0	0.05(49)	0.05(49)	|	8746	
4969	353	ok	|	0.04	1.00	1.00	0.04	0.02	0	|	rapi	0.04	0.04	0	|	49.0	0.04(49)	0.04(49)	|	8746	
4969	354	ok	|	0.04	1.00	1.00	0.04	0.02	0	|	rapi	0.04	0.04	0	|	49.0	0.04(49)	0.04(49)	|	8746	
4969	355	ok	|	0.03	1.00	1.00	0.03	0.01	0	|	rapi	0.03	0.03	0	|	49.0	0.03(49)	0.03(49)	|	8746	
4969	356	ok	|	0.03	1.00	1.00	0.03	0.01	0	|	rapi	0.03	0.03	0	|	49.0	0.03(49)	0.03(49)	|	8746	
4969	357	ok	|	0.03	1.00	1.00	0.03	0.02	0	|	rapi	0.03	0.03	0	|	49.0	0.03(49)	0.03(49)	|	8746	
4969	358	ok	|	0.04	1.00	1.00	0.04	0.02	0	|	rapi	0.04	0.04	0	|	49.0	0.04(49)	0.04(49)	|	8746	
4969	359	ok	|	0.04	1.00	1.00	0.04	0.02	0	|	rapi	0.04	0.04	0	|	49.0	0.04(49)	0.04(49)	|	8746	
4969	360	ok	|	0.04	1.00	1.00	0.04	0.02	0	|	rapi	0.04	0.04	0	|	49.0	0.04(49)	0.04(49)	|	8746	
4969	361	ok	|	0.04	1.00	1.00	0.04	0.02	0	|	rapi	0.04	0.04	0	|	49.0	0.04(49)	0.04(49)	|	8746	
4969	362	ok	|	0.04	1.00	1.00	0.04	0.02	0	|	rapi	0.04	0.04	0	|	49.0	0.04(49)	0.04(49)	|	8746	
4969	363	ok	|	0.05	1.00	1.00	0.05	0.03	0	|	rapi	0.05	0.05	0	|	49.0	0.05(49)	0.05(49)	|	8746	
4969	364	ok	|	0.05	1.00	1.00	0.05	0.03	0	|	rapi	0.05	0.05	0	|	49.0	0.05(49)	0.05(49)	|	8746	
4969	365	ok	|	0.06	1.00	1.00	0.06	0.03	0	|	rapi	0.06	0.06	0	|	49.0	0.06(49)	0.06(49)	|	8746	
4969	366	ok	|	0.05	1.00	1.00	0.05	0.03	0	|	rapi	0.05	0.05	0	|	49.0	0.05(49)	0.05(49)	|	8746	
4969	367	ok	|	0.07	1.00	1.00	0.07	0.04	0	|	rapi	0.07	0.07	0	|	49.0	0.07(49)	0.07(49)	|	8746	
4969	368	ok	|	0.06	1.00	1.00	0.06	0.03	0	|	rapi	0.06	0.06	0	|	49.0	0.06(49)	0.06(49)	|	8746	
4969	369	ok	|	0.06	1.00	1.00	0.06	0.03	0	|	rapi	0.06	0.06	0	|	49.0	0.06(49)	0.06(49)	|	8746	
4969	370	ok	|	0.05	1.00	1.00	0.05	0.03	0	|	rapi	0.05	0.05	0	|	49.0	0.05(49)	0.05(49)	|	8746	
4969	371	ok	|	0.05	1.00	1.00	0.05	0.02	0	|	rapi	0.05	0.05	0	|	49.0	0.05(49)	0.05(49)	|	8746	
4969	372	ok	|	0.05	1.00	1.00	0.05	0.03	0	|	rapi	0.05	0.05	0	|	49.0	0.05(49)	0.05(49)	|	8746	
4969	373	ok	|	0.06	1.00	1.00	0.06	0.03	0	|	rapi	0.06	0.06	0	|	49.0	0.06(49)	0.06(49)	|	8746	
4969	374	ok	|	0.07	1.00	1.00	0.07	0.03	0	|	rapi	0.07	0.07	0	|	49.0	0.07(49)	0.07(49)	|	8746	
4969	375	ok	|	0.08	1.00	1.00	0.08	0.04	0	|	rapi	0.08	0.08	0	|	49.0	0.08(49)	0.08(49)	|	8746	
4969	376	ok	|	0.09	1.00	1.00	0.09	0.04	0	|	rapi	0.09	0.09	0	|	49.0	0.09(49)	0.09(49)	|	8746	
4969	377	ok	|	0.08	1.00	1.00	0.08	0.04	0	|	rapi	0.08	0.08	0	|	49.0	0.08(49)	0.08(49)	|	8746	
4969	378	ok	|	0.08	1.00	1.00	0.08	0.04	0	|	rapi	0.08	0.08	0	|	49.0	0.08(49)	0.08(49)	|	8746	
4969	379	ok	|	0.08	1.00	1.00	0.08	0.04	0	|	rapi	0.08	0.08	0	|	49.0	0.08(49)	0.08(49)	|	8746	
4969	380	ok	|	0.08	1.00	1.00	0.08	0.04	0	|	rapi	0.08	0.08	0	|	49.0	0.08(49)	0.08(49)	|	8746	
4969	381	ok	|	0.08	1.00	1.00	0.08	0.04	0	|	rapi	0.08	0.08	0	|	49.0	0.08(49)	0.08(49)	|	8746	
4969	382	ok	|	0.08	1.00	1.00	0.08	0.04	0	|	rapi	0.08	0.08	0	|	49.0	0.08(49)	0.08(49)	|	8746	
4969	383	ok	|	0.08	1.00	1.00	0.08	0.04	0	|	rapi	0.08	0.08	0	|	49.0	0.08(49)	0.08(49)	|	8746	
4969	384	ok	|	0.08	1.00	1.00	0.08	0.04	0	|	rapi	0.08	0.08	0	|	49.0	0.08(49)	0.08(49)	|	8746	
4969	385	ok	|	0.06	1.00	1.00	0.06	0.03	0	|	rapi	0.06	0.06	0	|	49.0	0.06(49)	0.06(49)	|	8746	
4969	386	ok	|	0.06	1.00	1.00	0.06	0.03	0	|	rapi	0.06	0.06	0	|	49.0	0.06(49)	0.06(49)	|	8746	
4969	387	ok	|	0.06	1.00	1.00	0.06	0.03	0	|	rapi	0.06	0.06	0	|	49.0	0.06(49)	0.06(49)	|	8746	
4969	388	ok	|	0.05	1.00	1.00	0.05	0.03	0	|	rapi	0.05	0.05	0	|	49.0	0.05(49)	0.05(49)	|	8746	
4969	389	ok	|	0.06	1.00	1.00	0.06	0.03	0	|	rapi	0.06	0.06	0	|	49.0	0.06(49)	0.06(49)	|	8746	
4969	390	ok	|	0.07	1.00	1.00	0.07	0.03	0	|	rapi	0.07	0.07	0	|	49.0	0.07(49)	0.07(49)	|	8746	
4969	391	ok	|	0.07	1.00	1.00	0.07	0.03	0	|	rapi	0.07	0.07	0	|	49.0	0.07(49)	0.07(49)	|	8746	
4969	392	ok	|	0.07	1.00	1.00	0.07	0.04	0	|	rapi	0.07	0.07	0	|	49.0	0.07(49)	0.07(49)	|	8746	
4969	393	ok	|	0.07	1.00	1.00	0.07	0.04	0	|	rapi	0.07	0.07	0	|	49.0	0.07(49)	0.07(49)	|	8746	
4969	394	ok	|	0.08	1.00	1.00	0.08	0.04	0	|	rapi	0.08	0.08	0	|	49.0	0.08(49)	0.08(49)	|	8746	
4969	395	ok	|	0.07	1.00	1.00	0.07	0.04	0	|	rapi	0.07	0.07	0	|	49.0	0.07(49)	0.07(49)	|	8746	
4969	396	ok	|	0.08	1.00	1.00	0.08	0.04	0	|	rapi	0.08	0.08	0	|	49.0	0.08(49)	0.08(49)	|	8746	
4969	397	ok	|	0.08	1.00	1.00	0.08	0.04	0	|	rapi	0.08	0.08	0	|	49.0	0.08(49)	0.08(49)	|	8746	
4969	398	ok	|	0.08	1.00	1.00	0.08	0.04	0	|	rapi	0.08	0.08	0	|	49.0	0.08(49)	0.08(49)	|	8746	
4969	399	ok	|	0.07	1.00	1.00	0.07	0.04	0	|	rapi	0.07	0.07	0	|	49.0	0.07(49)	0.07(49)	|	8746	
4969	400	ok	|	0.05	1.00	1.00	0.05	0.03	0	|	rapi	0.05	0.05	0	|	49.0	0.05(49)	0.05(49)	|	8746	
4969	401	ok	|	0.05	1.00	1.00	0.05	0.03	0	|	rapi	0.05	0.05	0	|	49.0	0.05(49)	0.05(49)	|	8746	
4969	402	ok	|	0.06	1.00	1.00	0.06	0.03	0	|	rapi	0.06	0.06	0	|	49.0	0.06(49)	0.06(49)	|	8746	
4969	403	ok	|	0.06	1.00	1.00	0.06	0.03	0	|	rapi	0.06	0.06	0	|	49.0	0.06(49)	0.06(49)	|	8746	
4969	404	ok	|	0.06	1.00	1.00	0.06	0.03	0	|	rapi	0.06	0.06	0	|	49.0	0.06(49)	0.06(49)	|	8746	
4969	405	ok	|	0.06	1.00	1.00	0.06	0.03	0	|	rapi	0.06	0.06	0	|	49.0	0.06(49)	0.06(49)	|	8746	
4969	406	ok	|	0.05	1.00	1.00	0.05	0.02	0	|	rapi	0.05	0.05	0	|	49.0	0.05(49)	0.05(49)	|	8746	
4969	407	ok	|	0.04	1.00	1.00	0.04	0.02	0	|	rapi	0.04	0.04	0	|	49.0	0.04(49)	0.04(49)	|	8746	
4969	408	ok	|	0.04	1.00	1.00	0.04	0.02	0	|	rapi	0.04	0.04	0	|	49.0	0.04(49)	0.04(49)	|	8746	
4969	409	ok	|	0.05	1.00	1.00	0.05	0.03	0	|	rapi	0.05	0.05	0	|	49.0	0.05(49)	0.05(49)	|	8746	
4969	410	ok	|	0.06	1.00	1.00	0.06	0.03	0	|	rapi	0.06	0.06	0	|	49.0	0.06(49)	0.06(49)	|	8746	
4969	411	ok	|	0.07	1.00	1.00	0.07	0.03	0	|	rapi	0.07	0.07	0	|	49.0	0.07(49)	0.07(49)	|	8746	
4969	412	ok	|	0.07	1.00	1.00	0.07	0.04	0	|	rapi	0.07	0.07	0	|	49.0	0.07(49)	0.07(49)	|	8746	
4969	413	ok	|	0.07	1.00	1.00	0.07	0.04	0	|	rapi	0.07	0.07	0	|	49.0	0.07(49)	0.07(49)	|	8746	
4969	414	ok	|	0.07	1.00	1.00	0.07	0.03	0	|	rapi	0.07	0.07	0	|	49.0	0.07(49)	0.07(49)	|	8746	
4969	415	ok	|	0.06	1.00	1.00	0.06	0.03	0	|	rapi	0.06	0.06	0	|	49.0	0.06(49)	0.06(49)	|	8746	
4969	416	ok	|	0.06	1.00	1.00	0.06	0.03	0	|	rapi	0.06	0.06	0	|	49.0	0.06(49)	0.06(49)	|	8746	
4969	417	ok	|	0.06	1.00	1.00	0.06	0.03	0	|	rapi	0.06	0.06	0	|	49.0	0.06(49)	0.06(49)	|	8746	
4969	418	ok	|	0.06	1.00	1.00	0.06	0.03	0	|	rapi	0.06	0.06	0	|	49.0	0.06(49)	0.06(49)	|	8746	
4969	419	ok	|	0.06	1.00	1.00	0.06	0.03	0	|	rapi	0.06	0.06	0	|	49.0	0.06(49)	0.06(49)	|	8746	
4969	420	ok	|	0.07	1.00	1.00	0.07	0.04	0	|	rapi	0.07	0.07	0	|	49.0	0.07(49)	0.07(49)	|	8746	
4969	421	ok	|	0.07	1.00	1.00	0.07	0.04	0	|	rapi	0.07	0.07	0	|	49.0	0.07(49)	0.07(49)	|	8746	
4969	422	ok	|	0.07	1.00	1.00	0.07	0.04	0	|	rapi	0.07	0.07	0	|	49.0	0.07(49)	0.07(49)	|	8746	
4969	423	ok	|	0.07	1.00	1.00	0.07	0.04	0	|	rapi	0.07	0.07	0	|	49.0	0.07(49)	0.07(49)	|	8746	
4969	424	ok	|	0.07	1.00	1.00	0.08	0.04	0	|	rapi	0.07	0.08	0	|	49.0	0.08(49)	0.08(49)	|	8746	
4969	425	ok	|	0.08	1.00	1.00	0.08	0.04	0	|	rapi	0.08	0.08	0	|	49.0	0.08(49)	0.08(49)	|	8746	
4969	426	ok	|	0.07	1.00	1.00	0.07	0.04	0	|	rapi	0.07	0.07	0	|	49.0	0.07(49)	0.07(49)	|	8746	
4969	427	ok	|	0.07	1.00	1.00	0.07	0.03	0	|	rapi	0.07	0.07	0	|	49.0	0.07(49)	0.07(49)	|	8746	
4969	428	ok	|	0.06	1.00	1.00	0.06	0.03	0	|	rapi	0.06	0.06	0	|	49.0	0.06(49)	0.06(49)	|	8746	
4969	429	ok	|	0.07	1.00	1.00	0.07	0.04	0	|	rapi	0.07	0.07	0	|	49.0	0.07(49)	0.07(49)	|	8746	
4969	430	ok	|	0.06	1.00	1.00	0.06	0.03	0	|	rapi	0.06	0.06	0	|	49.0	0.06(49)	0.06(49)	|	8746	
4969	431	ok	|	0.05	1.00	1.00	0.05	0.03	0	|	rapi	0.05	0.05	0	|	49.0	0.05(49)	0.05(49)	|	8746	
4969	432	ok	|	0.04	1.00	1.00	0.04	0.02	0	|	rapi	0.04	0.04	0	|	49.0	0.04(49)	0.04(49)	|	8746	
4969	433	ok	|	0.04	1.00	1.00	0.04	0.02	0	|	rapi	0.04	0.04	0	|	49.0	0.04(49)	0.04(49)	|	8746	
4969	434	ok	|	0.04	1.00	1.00	0.04	0.02	0	|	rapi	0.04	0.04	0	|	49.0	0.04(49)	0.04(49)	|	8746	
4969	435	ok	|	0.06	1.00	1.00	0.06	0.03	0	|	rapi	0.06	0.06	0	|	49.0	0.06(49)	0.06(49)	|	8746	
4969	436	ok	|	0.06	1.00	1.00	0.06	0.03	0	|	rapi	0.06	0.06	0	|	49.0	0.06(49)	0.06(49)	|	8746	
4969	437	ok	|	0.05	1.00	1.00	0.05	0.02	0	|	rapi	0.05	0.05	0	|	49.0	0.05(49)	0.05(49)	|	8746	
4969	438	ok	|	0.05	1.00	1.00	0.05	0.03	0	|	rapi	0.05	0.05	0	|	49.0	0.05(49)	0.05(49)	|	8746	
4969	439	ok	|	0.06	1.00	1.00	0.06	0.03	0	|	rapi	0.06	0.06	0	|	49.0	0.06(49)	0.06(49)	|	8746	
4969	440	ok	|	0.06	1.00	1.00	0.06	0.03	0	|	rapi	0.06	0.06	0	|	49.0	0.06(49)	0.06(49)	|	8746	
4969	441	ok	|	0.05	1.00	1.00	0.05	0.03	0	|	rapi	0.05	0.05	0	|	49.0	0.05(49)	0.05(49)	|	8746	
4969	442	ok	|	0.05	1.00	1.00	0.05	0.02	0	|	rapi	0.05	0.05	0	|	49.0	0.05(49)	0.05(49)	|	8746	
4969	443	ok	|	0.05	1.00	1.00	0.05	0.03	0	|	rapi	0.05	0.05	0	|	49.0	0.05(49)	0.05(49)	|	8746	
4969	444	ok	|	0.05	1.00	1.00	0.05	0.02	0	|	rapi	0.05	0.05	0	|	49.0	0.05(49)	0.05(49)	|	8746	
4969	445	ok	|	0.05	1.00	1.00	0.05	0.03	0	|	rapi	0.05	0.05	0	|	49.0	0.05(49)	0.05(49)	|	8746	
4969	446	ok	|	0.06	1.00	1.00	0.06	0.03	0	|	rapi	0.06	0.06	0	|	49.0	0.06(49)	0.06(49)	|	8746	
4969	447	ok	|	0.05	1.00	1.00	0.05	0.03	0	|	rapi	0.05	0.05	0	|	49.0	0.05(49)	0.05(49)	|	8746	
4969	448	ok	|	0.05	1.00	1.00	0.05	0.03	0	|	rapi	0.05	0.05	0	|	49.0	0.05(49)	0.05(49)	|	8746	
4969	449	ok	|	0.05	1.00	1.00	0.05	0.02	0	|	rapi	0.05	0.05	0	|	49.0	0.05(49)	0.05(49)	|	8746	
4969	450	ok	|	0.05	1.00	1.00	0.05	0.02	0	|	rapi	0.05	0.05	0	|	49.0	0.05(49)	0.05(49)	|	8746	
4969	451	ok	|	0.05	1.00	1.00	0.05	0.02	0	|	rapi	0.05	0.05	0	|	49.0	0.05(49)	0.05(49)	|	8746	
4969	452	ok	|	0.04	1.00	1.00	0.04	0.02	0	|	rapi	0.04	0.04	0	|	49.0	0.04(49)	0.04(49)	|	8746	
4969	453	ok	|	0.04	1.00	1.00	0.04	0.02	0	|	rapi	0.04	0.04	0	|	49.0	0.04(49)	0.04(49)	|	8746	
4969	454	ok	|	0.04	1.00	1.00	0.04	0.02	0	|	rapi	0.04	0.04	0	|	49.0	0.04(49)	0.04(49)	|	8746	
4969	455	ok	|	0.05	1.00	1.00	0.05	0.03	0	|	rapi	0.05	0.05	0	|	49.0	0.05(49)	0.05(49)	|	8746	
4969	456	ok	|	0.04	1.00	1.00	0.05	0.02	0	|	rapi	0.04	0.05	0	|	49.0	0.05(49)	0.05(49)	|	8746	
4969	457	ok	|	0.03	1.00	1.00	0.03	0.02	0	|	rapi	0.03	0.03	0	|	49.0	0.03(49)	0.03(49)	|	8746	
4969	458	ok	|	0.05	1.00	1.00	0.05	0.03	0	|	rapi	0.05	0.05	0	|	49.0	0.05(49)	0.05(49)	|	8746	
4969	459	ok	|	0.05	1.00	1.00	0.05	0.03	0	|	rapi	0.05	0.05	0	|	49.0	0.05(49)	0.05(49)	|	8746	
4969	460	ok	|	0.05	1.00	1.00	0.05	0.03	0	|	rapi	0.05	0.05	0	|	49.0	0.05(49)	0.05(49)	|	8746	
4969	461	ok	|	0.03	1.00	1.00	0.03	0.02	0	|	rapi	0.03	0.03	0	|	49.0	0.03(49)	0.03(49)	|	8746	
4969	462	ok	|	0.03	1.00	1.00	0.03	0.01	0	|	rapi	0.03	0.03	0	|	49.0	0.03(49)	0.03(49)	|	8746	
4969	463	ok	|	0.03	1.00	1.00	0.03	0.02	0	|	rapi	0.03	0.03	0	|	49.0	0.03(49)	0.03(49)	|	8746	
4969	464	ok	|	0.03	1.00	1.00	0.03	0.01	0	|	rapi	0.03	0.03	0	|	49.0	0.03(49)	0.03(49)	|	8746	
4969	465	ok	|	0.02	1.00	1.00	0.02	0.01	0	|	rapi	0.02	0.02	0	|	49.0	0.02(49)	0.02(49)	|	8746	
4969	466	ok	|	0.03	1.00	1.00	0.03	0.01	0	|	rapi	0.03	0.03	0	|	49.0	0.03(49)	0.03(49)	|	8746	
4969	467	ok	|	0.03	1.00	1.00	0.03	0.01	0	|	rapi	0.03	0.03	0	|	49.0	0.03(49)	0.03(49)	|	8746	
4969	468	ok	|	0.02	1.00	1.00	0.02	0.01	0	|	rapi	0.02	0.02	0	|	49.0	0.02(49)	0.02(49)	|	8746	
4969	469	ok	|	0.03	1.00	1.00	0.03	0.01	0	|	rapi	0.03	0.03	0	|	49.0	0.03(49)	0.03(49)	|	8746	
4969	470	ok	|	0.03	1.00	1.00	0.03	0.01	0	|	rapi	0.03	0.03	0	|	49.0	0.03(49)	0.03(49)	|	8746	
4969	471	ok	|	0.03	1.00	1.00	0.03	0.01	0	|	rapi	0.03	0.03	0	|	49.0	0.03(49)	0.03(49)	|	8746	
4969	472	ok	|	0.02	1.00	1.00	0.02	0.01	0	|	rapi	0.02	0.02	0	|	49.0	0.02(49)	0.02(49)	|	8746	
4969	473	ok	|	0.02	1.00	1.00	0.02	0.01	0	|	rapi	0.02	0.02	0	|	49.0	0.02(49)	0.02(49)	|	8746	
4969	474	ok	|	0.02	1.00	1.00	0.02	0.01	0	|	rapi	0.02	0.02	0	|	49.0	0.02(49)	0.02(49)	|	8746	
4969	475	ok	|	0.01	1.00	1.00	0.01	0.01	0	|	rapi	0.01	0.01	0	|	49.0	0.01(49)	0.01(49)	|	8746	
4969	476	ok	|	0.01	1.00	1.00	0.01	0.01	0	|	rapi	0.01	0.01	0	|	49.0	0.01(49)	0.01(49)	|	8746	
4969	477	ok	|	0.01	1.00	1.00	0.01	0.01	0	|	rapi	0.01	0.01	0	|	49.0	0.01(49)	0.01(49)	|	8746	
4969	478	ok	|	0.01	1.00	1.00	0.01	0.01	0	|	rapi	0.01	0.01	0	|	49.0	0.01(49)	0.01(49)	|	8746	
4969	479	ok	|	0.01	1.00	1.00	0.01	0.00	0	|	rapi	0.01	0.01	0	|	49.0	0.01(49)	0.01(49)	|	8746	
4969	480	ok	|	0.01	1.00	1.00	0.01	0.01	0	|	rapi	0.01	0.01	0	|	49.0	0.01(49)	0.01(49)	|	8746	
4969	481	ok	|	0.02	1.00	1.00	0.02	0.01	0	|	rapi	0.02	0.02	0	|	49.0	0.02(49)	0.02(49)	|	8746	
4969	482	ok	|	0.02	1.00	1.00	0.02	0.01	0	|	rapi	0.02	0.02	0	|	49.0	0.02(49)	0.02(49)	|	8746	
4969	483	ok	|	0.01	1.00	1.00	0.01	0.01	0	|	rapi	0.01	0.01	0	|	49.0	0.01(49)	0.01(49)	|	8746	
4969	484	ok	|	0.02	1.00	1.00	0.02	0.01	0	|	rapi	0.02	0.02	0	|	49.0	0.02(49)	0.02(49)	|	8746	
4969	485	ok	|	0.02	1.00	1.00	0.02	0.01	0	|	rapi	0.02	0.02	0	|	49.0	0.02(49)	0.02(49)	|	8746	
4969	486	ok	|	0.02	1.00	1.00	0.02	0.01	0	|	rapi	0.02	0.02	0	|	49.0	0.02(49)	0.02(49)	|	8746	
4969	487	ok	|	0.02	1.00	1.00	0.02	0.01	0	|	rapi	0.02	0.02	0	|	49.0	0.02(49)	0.02(49)	|	8746	
4969	488	ok	|	0.02	1.00	1.00	0.02	0.01	0	|	rapi	0.02	0.02	0	|	49.0	0.02(49)	0.02(49)	|	8746	
4969	489	ok	|	0.02	1.00	1.00	0.02	0.01	0	|	rapi	0.02	0.02	0	|	49.0	0.02(49)	0.02(49)	|	8746	
4969	490	ok	|	0.02	1.00	1.00	0.02	0.01	0	|	rapi	0.02	0.02	0	|	49.0	0.02(49)	0.02(49)	|	8746	
4969	491	ok	|	0.02	1.00	1.00	0.02	0.01	0	|	rapi	0.02	0.02	0	|	49.0	0.02(49)	0.02(49)	|	8746	
4969	492	ok	|	0.02	1.00	1.00	0.02	0.01	0	|	rapi	0.02	0.02	0	|	49.0	0.02(49)	0.02(49)	|	8746	
4969	493	ok	|	0.02	1.00	1.00	0.02	0.01	0	|	rapi	0.02	0.02	0	|	49.0	0.02(49)	0.02(49)	|	8746	
4969	494	ok	|	0.03	1.00	1.00	0.03	0.01	0	|	rapi	0.03	0.03	0	|	49.0	0.03(49)	0.03(49)	|	8746	
4969	495	ok	|	0.03	1.00	1.00	0.03	0.01	0	|	rapi	0.03	0.03	0	|	49.0	0.03(49)	0.03(49)	|	8746	
4969	496	ok	|	0.02	1.00	1.00	0.02	0.01	0	|	rapi	0.02	0.02	0	|	49.0	0.02(49)	0.02(49)	|	8746	
4969	497	ok	|	0.01	1.00	1.00	0.02	0.01	0	|	rapi	0.01	0.02	0	|	49.0	0.02(49)	0.02(49)	|	8746	
4969	498	ok	|	0.02	1.00	1.00	0.02	0.01	0	|	rapi	0.02	0.02	0	|	49.0	0.02(49)	0.02(49)	|	8746	
4969	499	ok	|	0.02	1.00	1.00	0.02	0.01	0	|	rapi	0.02	0.02	0	|	49.0	0.02(49)	0.02(49)	|	8746	
4969	500	ok	|	0.02	1.00	1.00	0.02	0.01	0	|	rapi	0.02	0.02	0	|	49.0	0.02(49)	0.02(49)	|	8746	
4969	501	ok	|	0.02	1.00	1.00	0.02	0.01	0	|	rapi	0.02	0.02	0	|	49.0	0.02(49)	0.02(49)	|	8746	
4969	502	ok	|	0.02	1.00	1.00	0.02	0.01	0	|	rapi	0.02	0.02	0	|	49.0	0.02(49)	0.02(49)	|	8746	
4969	503	ok	|	0.02	1.00	1.00	0.02	0.01	0	|	rapi	0.02	0.02	0	|	49.0	0.02(49)	0.02(49)	|	8746	
4969	504	ok	|	0.02	1.00	1.00	0.02	0.01	0	|	rapi	0.02	0.02	0	|	49.0	0.02(49)	0.02(49)	|	8746	
4969	505	ok	|	0.02	1.00	1.00	0.02	0.01	0	|	rapi	0.02	0.02	0	|	49.0	0.02(49)	0.02(49)	|	8746	
4969	506	ok	|	0.02	1.00	1.00	0.02	0.01	0	|	rapi	0.02	0.02	0	|	49.0	0.02(49)	0.02(49)	|	8746	
4969	507	ok	|	0.02	1.00	1.00	0.02	0.01	0	|	rapi	0.02	0.02	0	|	49.0	0.02(49)	0.02(49)	|	8746	
4969	508	ok	|	0.02	1.00	1.00	0.02	0.01	0	|	rapi	0.02	0.02	0	|	49.0	0.02(49)	0.02(49)	|	8746	
4969	509	ok	|	0.01	1.00	1.00	0.01	0.01	0	|	rapi	0.01	0.01	0	|	49.0	0.01(49)	0.01(49)	|	8746	
4969	510	ok	|	0.01	1.00	1.00	0.01	0.01	0	|	rapi	0.01	0.01	0	|	49.0	0.01(49)	0.01(49)	|	8746	
4969	511	ok	|	0.01	1.00	1.00	0.01	0.00	0	|	rapi	0.01	0.01	0	|	49.0	0.01(49)	0.01(49)	|	8746	
4969	512	ok	|	0.01	1.00	1.00	0.01	0.00	0	|	rapi	0.01	0.01	0	|	49.0	0.01(49)	0.01(49)	|	8746	
4969	513	ok	|	0.01	1.00	1.00	0.01	0.00	0	|	rapi	0.01	0.01	0	|	49.0	0.01(49)	0.01(49)	|	8746	
4969	514	ok	|	0.01	1.00	1.00	0.01	0.01	0	|	rapi	0.01	0.01	0	|	49.0	0.01(49)	0.01(49)	|	8746	
4969	515	ok	|	0.01	1.00	1.00	0.01	0.00	0	|	rapi	0.01	0.01	0	|	49.0	0.01(49)	0.01(49)	|	8746	
4969	516	ok	|	0.01	1.00	1.00	0.01	0.00	0	|	rapi	0.01	0.01	0	|	49.0	0.01(49)	0.01(49)	|	8746	
4969	517	ok	|	0.01	1.00	1.00	0.01	0.00	0	|	rapi	0.01	0.01	0	|	49.0	0.01(49)	0.01(49)	|	8746	
4969	518	ok	|	0.01	1.00	1.00	0.01	0.01	0	|	rapi	0.01	0.01	0	|	49.0	0.01(49)	0.01(49)	|	8746	
4969	519	ok	|	0.01	1.00	1.00	0.01	0.01	0	|	rapi	0.01	0.01	0	|	49.0	0.01(49)	0.01(49)	|	8746	
4969	520	ok	|	0.01	1.00	1.00	0.01	0.00	0	|	rapi	0.01	0.01	0	|	49.0	0.01(49)	0.01(49)	|	8746	
4969	521	ok	|	0.01	1.00	1.00	0.01	0.00	0	|	rapi	0.01	0.01	0	|	49.0	0.01(49)	0.01(49)	|	8746	
4969	522	ok	|	0.01	1.00	1.00	0.01	0.00	0	|	rapi	0.01	0.01	0	|	49.0	0.01(49)	0.01(49)	|	8746	
4969	523	ok	|	0.01	1.00	1.00	0.01	0.00	0	|	rapi	0.01	0.01	0	|	49.0	0.01(49)	0.01(49)	|	8746	
4969	524	ok	|	0.00	1.00	1.00	0.00	0.00	0	|	rapi	0.00	0.00	0	|	49.0	0.00(49)	0.00(49)	|	8746	
4969	525	ok	|	0.00	1.00	1.00	0.00	0.00	0	|	rapi	0.00	0.00	0	|	49.0	0.00(49)	0.00(49)	|	8746	
4969	526	ok	|	0.00	1.00	1.00	0.00	0.00	0	|	rapi	0.00	0.00	0	|	49.0	0.00(49)	0.00(49)	|	8746	
4969	527	fail-0	|	0.00	1.00	1.00	0.00	NaN	0	|	rapi	0.00	0.00	0	|	NaN			|	8746	
