5141	0	ok	|	0.09	1.00	1.00	0.10	0.00	0	|	rapi	0.00	0.00	0	|	-43.0	0.10(-43)		|	1	
5141	1	ok	|	0.09	1.00	1.00	0.10	0.00	0	|	rapi	0.00	0.00	0	|	-43.0	0.10(-43)		|	1	
5141	2	ok	|	0.11	1.00	1.00	0.13	0.00	0	|	rapi	0.00	0.00	0	|	-43.0	0.13(-43)		|	1	
5141	3	ok	|	0.11	1.00	1.00	0.13	0.00	0	|	rapi	0.00	0.00	0	|	-43.0	0.13(-43)		|	1	
5141	4	ok	|	0.12	1.00	1.00	0.15	0.00	0	|	rapi	0.00	0.00	0	|	-43.0	0.15(-43)		|	1	
5141	5	ok	|	0.13	1.00	1.00	0.17	0.00	0	|	rapi	0.00	0.00	0	|	-43.0	0.17(-43)		|	1	
5141	6	ok	|	0.15	1.00	1.00	0.18	0.00	0	|	rapi	0.00	0.00	0	|	-43.0	0.18(-43)		|	1	
5141	7	ok	|	0.17	1.00	1.00	0.20	0.00	0	|	rapi	0.00	0.00	0	|	-43.0	0.20(-43)		|	1	
5141	8	ok	|	0.20	1.00	1.00	0.27	0.00	0	|	rapi	0.00	0.00	0	|	-43.0	0.27(-43)		|	1	
5141	9	ok	|	0.21	1.00	1.00	0.28	0.00	0	|	rapi	0.00	0.00	0	|	-43.0	0.28(-43)		|	1	
5141	10	ok	|	0.24	1.00	1.00	0.33	0.00	0	|	rapi	0.00	0.00	0	|	-43.0	0.33(-43)		|	1	
5141	11	ok	|	0.27	1.00	1.00	0.39	0.00	0	|	rapi	0.00	0.00	0	|	-43.0	0.39(-43)		|	1	
5141	12	ok	|	0.31	1.00	1.00	0.47	0.00	0	|	rapi	0.00	0.00	0	|	-43.0	0.47(-43)		|	1	
5141	13	ok	|	0.37	0.99	0.99	0.58	0.00	0	|	rapi	0.00	0.00	0	|	-43.0	0.58(-43)		|	1	
5141	14	ok	|	0.43	0.99	0.99	0.77	0.00	0	|	rapi	0.00	0.00	0	|	-43.0	0.77(-43)		|	1	
5141	15	ok	|	0.49	0.99	0.99	0.89	0.00	0	|	rapi	0.00	0.00	0	|	-43.0	0.89(-43)		|	1	
5141	16	ok	|	0.55	0.99	0.99	1.04	0.00	0	|	rapi	0.00	0.00	0	|	-43.0	1.04(-43)		|	1	
5141	17	ok	|	0.60	0.99	0.99	1.21	0.00	0	|	rapi	0.00	0.00	0	|	-43.0	1.21(-43)		|	1	
5141	18	ok	|	0.68	0.99	0.99	1.47	0.00	0	|	rapi	0.00	0.00	0	|	-43.0	1.47(-43)		|	1	
5141	19	ok	|	0.73	0.98	0.98	1.68	0.00	0	|	rapi	0.00	0.00	0	|	-43.0	1.68(-43)		|	1	
5141	20	ok	|	0.78	0.98	0.98	1.93	0.00	0	|	rapi	0.00	0.00	0	|	-43.0	1.93(-43)		|	1	
5141	21	ok	|	0.83	0.98	0.98	2.29	0.00	0	|	rapi	0.00	0.00	0	|	-43.0	2.29(-43)		|	1	
5141	22	ok	|	0.86	0.97	0.97	2.69	0.00	0	|	rapi	0.00	0.00	0	|	-43.0	2.69(-43)		|	1	
5141	23	ok	|	0.91	0.97	0.97	3.21	0.00	0	|	rapi	0.00	0.00	0	|	-43.0	3.21(-43)		|	1	
5141	24	ok	|	0.95	0.96	0.96	3.78	0.00	0	|	rapi	0.00	0.00	0	|	-43.0	3.78(-43)		|	1	
5141	25	ok	|	0.97	0.96	0.96	4.34	0.00	0	|	rapi	0.00	0.00	0	|	-43.0	4.34(-43)		|	1	
5141	26	ok	|	0.99	0.95	0.95	5.17	0.00	0	|	rapi	0.00	0.00	0	|	-43.0	5.17(-43)		|	1	
5141	27	ok	|	0.99	0.94	0.94	6.09	0.00	0	|	rapi	0.00	0.00	0	|	-43.0	6.09(-43)		|	1	
5141	28	ok	|	0.99	0.93	0.93	7.17	0.00	0	|	rapi	0.00	0.00	0	|	-43.0	7.17(-43)		|	1	
5141	29	ok	|	1.00	0.92	0.92	8.34	0.00	0	|	rapi	0.00	0.00	0	|	-43.0	8.34(-43)		|	1	
5141	30	ok	|	1.00	0.90	0.90	9.78	0.00	0	|	rapi	0.00	0.00	0	|	-43.0	9.78(-43)		|	1	
5141	31	ok	|	1.00	0.89	0.89	11.19	0.00	0	|	rapi	0.00	0.00	0	|	-43.0	11.19(-43)		|	1	
5141	32	ok	|	1.00	0.87	0.87	13.26	0.00	0	|	rapi	0.00	0.00	0	|	-43.0	13.26(-43)		|	1	
5141	33	ok	|	1.00	0.84	0.84	15.68	0.00	0	|	rapi	0.00	0.00	0	|	-43.0	15.68(-43)		|	1	
5141	34	ok	|	1.00	0.82	0.82	18.23	0.00	0	|	rapi	0.00	0.00	0	|	-43.0	18.23(-43)		|	1	
5141	35	ok	|	1.00	0.78	0.78	21.62	0.00	0	|	rapi	0.00	0.00	0	|	-43.0	21.62(-43)		|	1	
5141	36	ok	|	1.00	0.74	0.74	25.58	0.00	0	|	rapi	0.00	0.00	0	|	-43.0	25.58(-43)		|	1	
5141	37	ok	|	1.00	0.70	0.70	30.10	0.00	0	|	rapi	0.00	0.00	0	|	-43.0	30.10(-43)		|	1	
5141	38	ok	|	1.00	0.65	0.65	35.34	0.00	0	|	rapi	0.00	0.00	0	|	-43.0	35.34(-43)		|	1	
5141	39	ok	|	1.00	0.59	0.59	41.21	0.00	0	|	rapi	0.00	0.00	0	|	-43.0	41.21(-43)		|	1	
5141	40	ok	|	1.00	0.52	0.52	47.53	0.00	0	|	rapi	0.00	0.00	0	|	-43.0	47.53(-43)		|	1	
5141	41	ok	|	1.00	0.44	0.44	55.60	0.00	0	|	rapi	0.00	0.00	0	|	-43.0	55.60(-43)		|	1	
5141	42	ok	|	1.00	0.36	0.36	64.41	0.00	0	|	rapi	0.00	0.00	0	|	-43.0	64.41(-43)	0.00(-43)	|	1	
5141	43	ok	|	1.00	0.26	0.26	73.85	0.00	0	|	rapi	0.00	0.00	0	|	-43.0	73.85(-43)	0.00(-43)	|	1	
5141	44	ok	|	1.00	0.17	0.17	83.01	0.00	0	|	rapi	0.00	0.00	0	|	-43.0	83.01(-43)	0.00(-43)	|	1	
5141	45	ok	|	1.00	0.10	0.10	91.09	0.00	0	|	rapi	0.01	0.01	0	|	-43.0	91.09(-43)	0.01(-43)	|	1	
5141	46	fail-w	|	1.00	0.06	0.06	97.06	0.00	0	|	rapi	0.02	0.02	0	|	-43.0	97.06(-43)	0.02(-43)	|	1	
