5293	0	ok	|	0.09	1.00	1.00	0.10	0.00	0	|	rapi	0.00	0.00	0	|	-5.0	0.10(-5)		|	4	
5293	1	ok	|	0.12	1.00	1.00	0.13	0.00	0	|	rapi	0.00	0.00	0	|	-5.0	0.13(-5)		|	4	
5293	2	ok	|	0.12	1.00	1.00	0.15	0.00	0	|	rapi	0.00	0.00	0	|	-5.0	0.15(-5)		|	4	
5293	3	ok	|	0.12	1.00	1.00	0.17	0.00	0	|	rapi	0.00	0.00	0	|	-5.0	0.17(-5)		|	4	
5293	4	ok	|	0.15	1.00	1.00	0.23	0.00	0	|	rapi	0.00	0.00	0	|	-5.0	0.23(-5)		|	4	
5293	5	ok	|	0.17	1.00	1.00	0.23	0.00	0	|	rapi	0.00	0.00	0	|	-5.0	0.23(-5)		|	4	
5293	6	ok	|	0.18	1.00	1.00	0.25	0.00	0	|	rapi	0.00	0.00	0	|	-5.0	0.25(-5)		|	4	
5293	7	ok	|	0.22	1.00	1.00	0.30	0.00	0	|	rapi	0.00	0.00	0	|	-5.0	0.30(-5)		|	4	
5293	8	ok	|	0.23	1.00	1.00	0.34	0.00	0	|	rapi	0.00	0.00	0	|	-5.0	0.34(-5)		|	4	
5293	9	ok	|	0.30	1.00	1.00	0.45	0.00	0	|	rapi	0.00	0.00	0	|	-5.0	0.45(-5)		|	4	
5293	10	ok	|	0.32	0.99	0.99	0.50	0.00	0	|	rapi	0.00	0.00	0	|	-5.0	0.50(-5)		|	4	
5293	11	ok	|	0.36	0.99	0.99	0.57	0.00	0	|	rapi	0.00	0.00	0	|	-5.0	0.57(-5)		|	4	
5293	12	ok	|	0.39	0.99	0.99	0.64	0.00	0	|	rapi	0.00	0.00	0	|	-5.0	0.64(-5)		|	4	
5293	13	ok	|	0.43	0.99	0.99	0.74	0.00	0	|	rapi	0.00	0.00	0	|	-5.0	0.74(-5)		|	4	
5293	14	ok	|	0.50	0.99	0.99	0.88	0.00	0	|	rapi	0.00	0.00	0	|	-5.0	0.88(-5)		|	4	
5293	15	ok	|	0.56	0.99	0.99	1.06	0.00	0	|	rapi	0.00	0.00	0	|	-5.0	1.06(-5)		|	4	
5293	16	ok	|	0.64	0.99	0.99	1.24	0.00	0	|	rapi	0.00	0.00	0	|	-5.0	1.24(-5)		|	4	
5293	17	ok	|	0.71	0.99	0.99	1.48	0.00	0	|	rapi	0.00	0.00	0	|	-5.0	1.48(-5)		|	4	
5293	18	ok	|	0.73	0.98	0.98	1.74	0.00	0	|	rapi	0.00	0.00	0	|	-5.0	1.74(-5)		|	4	
5293	19	ok	|	0.81	0.98	0.98	2.12	0.00	0	|	rapi	0.00	0.00	0	|	-5.0	2.12(-5)		|	4	
5293	20	ok	|	0.86	0.97	0.97	2.57	0.00	0	|	rapi	0.00	0.00	0	|	-5.0	2.57(-5)		|	4	
5293	21	ok	|	0.90	0.97	0.97	2.96	0.00	0	|	rapi	0.00	0.00	0	|	-5.0	2.96(-5)		|	4	
5293	22	ok	|	0.94	0.96	0.96	3.59	0.00	0	|	rapi	0.00	0.00	0	|	-5.0	3.59(-5)		|	4	
5293	23	ok	|	0.96	0.96	0.96	4.13	0.00	0	|	rapi	0.00	0.00	0	|	-5.0	4.13(-5)		|	4	
5293	24	ok	|	0.97	0.95	0.95	4.76	0.00	0	|	rapi	0.00	0.00	0	|	-5.0	4.76(-5)		|	4	
5293	25	ok	|	0.98	0.94	0.94	5.66	0.00	0	|	rapi	0.00	0.00	0	|	-5.0	5.66(-5)		|	4	
5293	26	ok	|	0.99	0.93	0.93	6.69	0.00	0	|	rapi	0.00	0.00	0	|	-5.0	6.69(-5)	0.00(-5)	|	4	
5293	27	ok	|	1.00	0.92	0.92	7.86	0.00	0	|	rapi	0.00	0.00	0	|	-5.0	7.86(-5)	0.00(-5)	|	4	
5293	28	ok	|	1.00	0.91	0.91	9.22	0.00	0	|	rapi	0.00	0.00	0	|	-5.0	9.22(-5)	0.00(-5)	|	4	
5293	29	ok	|	1.00	0.89	0.89	10.93	0.00	0	|	rapi	0.00	0.00	0	|	-5.0	10.93(-5)	0.00(-5)	|	4	
5293	30	ok	|	1.00	0.87	0.87	12.83	0.00	0	|	rapi	0.00	0.00	0	|	-5.0	12.83(-5)	0.00(-5)	|	4	
5293	31	ok	|	1.00	0.85	0.85	15.12	0.00	0	|	rapi	0.00	0.00	0	|	-5.0	15.12(-5)	0.00(-5)	|	4	
5293	32	ok	|	1.00	0.82	0.82	17.77	0.00	0	|	rapi	0.00	0.00	0	|	-5.0	17.77(-5)	0.00(-5)	|	4	
5293	33	ok	|	1.00	0.79	0.79	21.05	0.00	0	|	rapi	0.00	0.00	0	|	-5.0	21.05(-5)	0.00(-5)	|	4	
5293	34	ok	|	1.00	0.75	0.75	24.62	0.00	0	|	rapi	0.00	0.00	0	|	-5.0	24.62(-5)		|	4	
5293	35	ok	|	1.00	0.71	0.71	28.92	0.00	0	|	rapi	0.00	0.00	0	|	-5.0	28.92(-5)	0.00(-5)	|	4	
5293	36	ok	|	1.00	0.66	0.66	34.06	0.00	0	|	rapi	0.01	0.01	0	|	-5.0	34.06(-5)	0.01(-5)	|	4	
5293	37	ok	|	1.00	0.60	0.60	39.60	0.00	0	|	rapi	0.01	0.01	0	|	-5.0	39.60(-5)	0.01(-5)	|	4	
5293	38	ok	|	1.00	0.53	0.53	46.79	0.00	0	|	rapi	0.01	0.01	0	|	-5.0	46.79(-5)	0.01(-5)	|	4	
5293	39	ok	|	1.00	0.45	0.45	54.88	0.00	0	|	rapi	0.01	0.01	0	|	-5.0	54.88(-5)	0.01(-5)	|	4	
5293	40	ok	|	1.00	0.37	0.37	63.37	0.00	0	|	rapi	0.02	0.02	0	|	-5.0	63.37(-5)	0.02(-5)	|	4	
5293	41	ok	|	1.00	0.27	0.27	73.55	0.00	0	|	rapi	0.01	0.02	0	|	-5.0	73.55(-5)	0.02(-5)	|	4	
5293	42	ok	|	1.00	0.17	0.17	83.20	0.00	0	|	rapi	0.02	0.02	0	|	-5.0	83.20(-5)	0.02(-5)	|	4	
5293	43	fail-w	|	1.00	0.10	0.10	91.87	0.00	0	|	rapi	0.02	0.02	0	|	-5.0	91.87(-5)	0.02(-5)	|	4	
