5298	0	ok	|	0.10	1.00	1.00	0.10	0.00	0	|	rapi	0.00	0.00	0	|	-93.0	0.10(-93)		|	7	
5298	1	ok	|	0.11	1.00	1.00	0.12	0.00	0	|	rapi	0.00	0.00	0	|	-93.0	0.12(-93)		|	7	
5298	2	ok	|	0.12	1.00	1.00	0.14	0.00	0	|	rapi	0.00	0.00	0	|	-93.0	0.14(-93)		|	7	
5298	3	ok	|	0.12	1.00	1.00	0.18	0.00	0	|	rapi	0.00	0.00	0	|	-93.0	0.18(-93)		|	7	
5298	4	ok	|	0.15	1.00	1.00	0.21	0.00	0	|	rapi	0.00	0.00	0	|	-93.0	0.21(-93)		|	7	
5298	5	ok	|	0.18	1.00	1.00	0.25	0.00	0	|	rapi	0.00	0.00	0	|	-93.0	0.25(-93)		|	7	
5298	6	ok	|	0.19	1.00	1.00	0.26	0.00	0	|	rapi	0.00	0.00	0	|	-93.0	0.26(-93)		|	7	
5298	7	ok	|	0.23	1.00	1.00	0.32	0.00	0	|	rapi	0.00	0.00	0	|	-93.0	0.32(-93)		|	7	
5298	8	ok	|	0.30	1.00	1.00	0.44	0.00	0	|	rapi	0.00	0.00	0	|	-93.0	0.44(-93)		|	7	
5298	9	ok	|	0.34	1.00	1.00	0.49	0.00	0	|	rapi	0.00	0.00	0	|	-93.0	0.49(-93)		|	7	
5298	10	ok	|	0.37	0.99	0.99	0.59	0.00	0	|	rapi	0.00	0.00	0	|	-93.0	0.59(-93)		|	7	
5298	11	ok	|	0.44	0.99	0.99	0.73	0.00	0	|	rapi	0.00	0.00	0	|	-93.0	0.73(-93)		|	7	
5298	12	ok	|	0.47	0.99	0.99	0.82	0.00	0	|	rapi	0.00	0.00	0	|	-93.0	0.82(-93)		|	7	
5298	13	ok	|	0.54	0.99	0.99	0.98	0.00	0	|	rapi	0.00	0.00	0	|	-93.0	0.98(-93)		|	7	
5298	14	ok	|	0.59	0.99	0.99	1.16	0.00	0	|	rapi	0.00	0.00	0	|	-93.0	1.16(-93)		|	7	
5298	15	ok	|	0.67	0.99	0.99	1.42	0.00	0	|	rapi	0.00	0.00	0	|	-93.0	1.42(-93)		|	7	
5298	16	ok	|	0.72	0.98	0.98	1.64	0.00	0	|	rapi	0.00	0.00	0	|	-93.0	1.64(-93)		|	7	
5298	17	ok	|	0.77	0.98	0.98	1.92	0.00	0	|	rapi	0.00	0.00	0	|	-93.0	1.92(-93)		|	7	
5298	18	ok	|	0.81	0.98	0.98	2.24	0.00	0	|	rapi	0.00	0.00	0	|	-93.0	2.24(-93)		|	7	
5298	19	ok	|	0.88	0.97	0.97	2.63	0.00	0	|	rapi	0.00	0.00	0	|	-93.0	2.63(-93)		|	7	
5298	20	ok	|	0.90	0.97	0.97	3.07	0.00	0	|	rapi	0.00	0.00	0	|	-93.0	3.07(-93)		|	7	
5298	21	ok	|	0.94	0.96	0.96	3.68	0.00	0	|	rapi	0.00	0.00	0	|	-93.0	3.68(-93)		|	7	
5298	22	ok	|	0.97	0.95	0.95	4.58	0.00	0	|	rapi	0.00	0.00	0	|	-93.0	4.58(-93)		|	7	
5298	23	ok	|	0.98	0.95	0.95	5.48	0.00	0	|	rapi	0.00	0.00	0	|	-93.0	5.48(-93)		|	7	
5298	24	ok	|	0.99	0.93	0.93	6.53	0.00	0	|	rapi	0.00	0.00	0	|	-93.0	6.53(-93)		|	7	
5298	25	ok	|	1.00	0.92	0.92	7.90	0.00	0	|	rapi	0.00	0.00	0	|	-93.0	7.90(-93)		|	7	
5298	26	ok	|	1.00	0.91	0.91	9.41	0.00	0	|	rapi	0.00	0.00	0	|	-93.0	9.41(-93)		|	7	
5298	27	ok	|	1.00	0.89	0.89	11.00	0.00	0	|	rapi	0.00	0.00	0	|	-93.0	11.00(-93)	0.00(-93)	|	7	
5298	28	ok	|	1.00	0.87	0.87	12.51	0.00	0	|	rapi	0.00	0.00	0	|	-93.0	12.51(-93)	0.00(-93)	|	7	
5298	29	ok	|	1.00	0.85	0.85	14.90	0.00	0	|	rapi	0.00	0.00	0	|	-93.0	14.90(-93)	0.00(-93)	|	7	
5298	30	ok	|	1.00	0.82	0.82	17.73	0.00	0	|	rapi	0.00	0.00	0	|	-93.0	17.73(-93)		|	7	
5298	31	ok	|	1.00	0.79	0.79	20.83	0.00	0	|	rapi	0.00	0.00	0	|	-93.0	20.83(-93)		|	7	
5298	32	ok	|	1.00	0.75	0.75	24.61	0.00	0	|	rapi	0.00	0.00	0	|	-93.0	24.61(-93)		|	7	
5298	33	ok	|	1.00	0.71	0.71	28.95	0.00	0	|	rapi	0.00	0.00	0	|	-93.0	28.95(-93)	0.00(-93)	|	7	
5298	34	ok	|	1.00	0.66	0.66	33.62	0.00	0	|	rapi	0.00	0.00	0	|	-93.0	33.62(-93)	0.00(-93)	|	7	
5298	35	ok	|	1.00	0.61	0.61	39.35	0.00	0	|	rapi	0.00	0.00	0	|	-93.0	39.35(-93)	0.00(-93)	|	7	
5298	36	ok	|	1.00	0.54	0.54	45.68	0.00	0	|	rapi	0.00	0.00	0	|	-93.0	45.68(-93)	0.00(-93)	|	7	
5298	37	ok	|	1.00	0.46	0.46	53.67	0.00	0	|	rapi	0.00	0.00	0	|	-93.0	53.67(-93)	0.00(-93)	|	7	
5298	38	ok	|	1.00	0.38	0.38	62.37	0.00	0	|	rapi	0.01	0.01	0	|	-93.0	62.37(-93)	0.01(-93)	|	7	
5298	39	ok	|	1.00	0.28	0.28	71.59	0.00	0	|	rapi	0.00	0.00	0	|	-93.0	71.59(-93)	0.00(-93)	|	7	
5298	40	ok	|	1.00	0.20	0.20	80.44	0.00	0	|	rapi	0.00	0.00	0	|	-93.0	80.44(-93)	0.00(-93)	|	7	
5298	41	ok	|	1.00	0.11	0.11	89.76	0.00	0	|	rapi	0.00	0.00	0	|	-93.0	89.76(-93)	0.00(-93)	|	7	
5298	42	fail-w	|	1.00	0.06	0.06	97.39	0.00	0	|	rapi	0.01	0.01	0	|	-93.0	97.39(-93)	0.01(-93)	|	7	
