5523	0	ok	|	0.09	1.00	1.00	0.10	0.00	0	|	rapi	0.00	0.00	0	|	-41.0	0.10(-41)		|	1	
5523	1	ok	|	0.12	1.00	1.00	0.14	0.00	0	|	rapi	0.00	0.00	0	|	-41.0	0.14(-41)		|	1	
5523	2	ok	|	0.14	1.00	1.00	0.19	0.00	0	|	rapi	0.00	0.00	0	|	-41.0	0.19(-41)		|	1	
5523	3	ok	|	0.16	1.00	1.00	0.23	0.00	0	|	rapi	0.00	0.00	0	|	-41.0	0.23(-41)		|	1	
5523	4	ok	|	0.19	1.00	1.00	0.27	0.00	0	|	rapi	0.00	0.00	0	|	-41.0	0.27(-41)		|	1	
5523	5	ok	|	0.20	1.00	1.00	0.29	0.00	0	|	rapi	0.00	0.00	0	|	-41.0	0.29(-41)		|	1	
5523	6	ok	|	0.22	1.00	1.00	0.32	0.00	0	|	rapi	0.00	0.00	0	|	-41.0	0.32(-41)		|	1	
5523	7	ok	|	0.27	1.00	1.00	0.43	0.00	0	|	rapi	0.00	0.00	0	|	-41.0	0.43(-41)		|	1	
5523	8	ok	|	0.33	0.99	0.99	0.55	0.00	0	|	rapi	0.00	0.00	0	|	-41.0	0.55(-41)		|	1	
5523	9	ok	|	0.36	0.99	0.99	0.59	0.00	0	|	rapi	0.00	0.00	0	|	-41.0	0.59(-41)		|	1	
5523	10	ok	|	0.41	0.99	0.99	0.72	0.00	0	|	rapi	0.00	0.00	0	|	-41.0	0.72(-41)		|	1	
5523	11	ok	|	0.48	0.99	0.99	0.89	0.00	0	|	rapi	0.00	0.00	0	|	-41.0	0.89(-41)		|	1	
5523	12	ok	|	0.54	0.99	0.99	1.07	0.00	0	|	rapi	0.00	0.00	0	|	-41.0	1.07(-41)		|	1	
5523	13	ok	|	0.62	0.99	0.99	1.31	0.00	0	|	rapi	0.00	0.00	0	|	-41.0	1.31(-41)		|	1	
5523	14	ok	|	0.70	0.98	0.98	1.55	0.00	0	|	rapi	0.00	0.00	0	|	-41.0	1.55(-41)		|	1	
5523	15	ok	|	0.74	0.98	0.98	1.85	0.00	0	|	rapi	0.00	0.00	0	|	-41.0	1.85(-41)		|	1	
5523	16	ok	|	0.80	0.98	0.98	2.23	0.00	0	|	rapi	0.00	0.00	0	|	-41.0	2.23(-41)		|	1	
5523	17	ok	|	0.84	0.97	0.97	2.66	0.00	0	|	rapi	0.00	0.00	0	|	-41.0	2.66(-41)		|	1	
5523	18	ok	|	0.91	0.97	0.97	3.16	0.00	0	|	rapi	0.00	0.00	0	|	-41.0	3.16(-41)		|	1	
5523	19	ok	|	0.93	0.96	0.96	3.67	0.00	0	|	rapi	0.00	0.00	0	|	-41.0	3.67(-41)		|	1	
5523	20	ok	|	0.96	0.96	0.96	4.48	0.00	0	|	rapi	0.00	0.00	0	|	-41.0	4.48(-41)		|	1	
5523	21	ok	|	0.97	0.95	0.95	5.23	0.00	0	|	rapi	0.00	0.00	0	|	-41.0	5.23(-41)		|	1	
5523	22	ok	|	0.99	0.94	0.94	6.25	0.00	0	|	rapi	0.00	0.00	0	|	-41.0	6.25(-41)		|	1	
5523	23	ok	|	0.99	0.93	0.93	7.18	0.00	0	|	rapi	0.00	0.00	0	|	-41.0	7.18(-41)		|	1	
5523	24	ok	|	1.00	0.92	0.92	8.42	0.00	0	|	rapi	0.00	0.00	0	|	-41.0	8.42(-41)		|	1	
5523	25	ok	|	1.00	0.90	0.90	9.95	0.00	0	|	rapi	0.00	0.00	0	|	-41.0	9.95(-41)		|	1	
5523	26	ok	|	1.00	0.88	0.88	11.59	0.00	0	|	rapi	0.00	0.00	0	|	-41.0	11.59(-41)		|	1	
5523	27	ok	|	1.00	0.86	0.86	13.59	0.00	0	|	rapi	0.00	0.00	0	|	-41.0	13.59(-41)		|	1	
5523	28	ok	|	1.00	0.84	0.84	15.95	0.00	0	|	rapi	0.00	0.00	0	|	-41.0	15.95(-41)		|	1	
5523	29	ok	|	1.00	0.81	0.81	19.05	0.00	0	|	rapi	0.00	0.00	0	|	-41.0	19.05(-41)		|	1	
5523	30	ok	|	1.00	0.78	0.78	22.37	0.00	0	|	rapi	0.00	0.00	0	|	-41.0	22.37(-41)	0.00(-41)	|	1	
5523	31	ok	|	1.00	0.73	0.73	26.56	0.00	0	|	rapi	0.00	0.00	0	|	-41.0	26.56(-41)		|	1	
5523	32	ok	|	1.00	0.68	0.68	31.63	0.00	0	|	rapi	0.00	0.00	0	|	-41.0	31.63(-41)		|	1	
5523	33	ok	|	1.00	0.63	0.63	36.87	0.00	0	|	rapi	0.00	0.00	0	|	-41.0	36.87(-41)		|	1	
5523	34	ok	|	1.00	0.57	0.57	43.37	0.00	0	|	rapi	0.00	0.00	0	|	-41.0	43.37(-41)		|	1	
5523	35	ok	|	1.00	0.49	0.49	50.84	0.00	0	|	rapi	0.00	0.00	0	|	-41.0	50.84(-41)		|	1	
5523	36	ok	|	1.00	0.41	0.41	58.86	0.00	0	|	rapi	0.00	0.00	0	|	-41.0	58.86(-41)	0.00(-41)	|	1	
5523	37	ok	|	1.00	0.32	0.32	67.73	0.00	0	|	rapi	0.00	0.00	0	|	-41.0	67.73(-41)	0.00(-41)	|	1	
5523	38	ok	|	1.00	0.22	0.22	77.98	0.00	0	|	rapi	0.00	0.00	0	|	-41.0	77.98(-41)	0.00(-41)	|	1	
5523	39	ok	|	1.00	0.13	0.13	87.56	0.00	0	|	rapi	0.01	0.01	0	|	-41.0	87.56(-41)	0.01(-41)	|	1	
5523	40	fail-w	|	1.00	0.08	0.08	94.64	0.00	0	|	rapi	0.02	0.02	0	|	-41.0	94.64(-41)	0.02(-41)	|	1	
