5560	0	ok	|	0.09	1.00	1.00	0.10	0.00	0	|	rapi	0.09	0.09	0	|	95.0	0.10(95)	0.09(95)	|	2394	
5560	1	ok	|	0.10	1.00	1.00	0.10	0.00	0	|	rapi	0.10	0.10	0	|	95.0	0.10(95)	0.10(95)	|	2394	
5560	2	ok	|	0.10	1.00	1.00	0.10	0.00	0	|	rapi	0.09	0.10	0	|	95.0	0.10(95)	0.10(95)	|	2394	
5560	3	ok	|	0.11	1.00	1.00	0.11	0.00	0	|	rapi	0.10	0.10	0	|	95.0	0.11(95)	0.10(95)	|	2394	
5560	4	ok	|	0.10	1.00	1.00	0.10	0.00	0	|	rapi	0.09	0.09	0	|	95.0	0.10(95)	0.09(95)	|	2394	
5560	5	ok	|	0.10	1.00	1.00	0.11	0.00	0	|	rapi	0.10	0.10	0	|	95.0	0.11(95)	0.10(95)	|	2394	
5560	6	ok	|	0.10	1.00	1.00	0.10	0.00	0	|	rapi	0.09	0.09	0	|	95.0	0.10(95)	0.09(95)	|	2394	
5560	7	ok	|	0.09	1.00	1.00	0.10	0.00	0	|	rapi	0.09	0.09	0	|	95.0	0.10(95)	0.09(95)	|	2394	
5560	8	ok	|	0.09	1.00	1.00	0.09	0.00	0	|	rapi	0.08	0.09	0	|	95.0	0.09(95)	0.09(95)	|	2394	
5560	9	ok	|	0.11	1.00	1.00	0.11	0.00	0	|	rapi	0.10	0.11	0	|	95.0	0.11(95)	0.11(95)	|	2394	
5560	10	ok	|	0.10	1.00	1.00	0.11	0.00	0	|	rapi	0.10	0.11	0	|	95.0	0.11(95)	0.11(95)	|	2394	
5560	11	ok	|	0.09	1.00	1.00	0.10	0.00	0	|	rapi	0.09	0.10	0	|	95.0	0.10(95)	0.10(95)	|	2394	
5560	12	ok	|	0.10	1.00	1.00	0.11	0.00	0	|	rapi	0.10	0.11	0	|	95.0	0.11(95)	0.11(95)	|	2394	
5560	13	ok	|	0.11	1.00	1.00	0.11	0.00	0	|	rapi	0.11	0.11	0	|	95.0	0.11(95)	0.11(95)	|	2394	
5560	14	ok	|	0.11	1.00	1.00	0.11	0.00	0	|	rapi	0.10	0.11	0	|	95.0	0.11(95)	0.11(95)	|	2394	
5560	15	ok	|	0.11	1.00	1.00	0.12	0.00	0	|	rapi	0.11	0.12	0	|	95.0	0.12(95)	0.12(95)	|	2394	
5560	16	ok	|	0.12	1.00	1.00	0.12	0.00	0	|	rapi	0.12	0.12	0	|	95.0	0.12(95)	0.12(95)	|	2394	
5560	17	ok	|	0.12	1.00	1.00	0.13	0.01	0	|	rapi	0.12	0.13	0	|	95.0	0.13(95)	0.13(95)	|	2394	
5560	18	ok	|	0.12	1.00	1.00	0.13	0.01	0	|	rapi	0.12	0.13	0	|	95.0	0.13(95)	0.13(95)	|	2394	
5560	19	ok	|	0.13	1.00	1.00	0.14	0.01	0	|	rapi	0.13	0.14	0	|	95.0	0.14(95)	0.14(95)	|	2394	
5560	20	ok	|	0.14	1.00	1.00	0.15	0.01	0	|	rapi	0.14	0.15	0	|	95.0	0.15(95)	0.15(95)	|	2394	
5560	21	ok	|	0.14	1.00	1.00	0.15	0.01	0	|	rapi	0.14	0.15	0	|	95.0	0.15(95)	0.15(95)	|	2394	
5560	22	ok	|	0.14	1.00	1.00	0.14	0.01	0	|	rapi	0.14	0.14	0	|	95.0	0.14(95)	0.14(95)	|	2394	
5560	23	ok	|	0.14	1.00	1.00	0.15	0.01	0	|	rapi	0.14	0.15	0	|	95.0	0.15(95)	0.15(95)	|	2394	
5560	24	ok	|	0.14	1.00	1.00	0.15	0.01	0	|	rapi	0.14	0.15	0	|	95.0	0.15(95)	0.15(95)	|	2394	
5560	25	ok	|	0.15	1.00	1.00	0.16	0.01	0	|	rapi	0.15	0.16	0	|	95.0	0.16(95)	0.16(95)	|	2394	
5560	26	ok	|	0.13	1.00	1.00	0.14	0.01	0	|	rapi	0.13	0.14	0	|	95.0	0.14(95)	0.14(95)	|	2394	
5560	27	ok	|	0.13	1.00	1.00	0.14	0.01	0	|	rapi	0.13	0.14	0	|	95.0	0.14(95)	0.14(95)	|	2394	
5560	28	ok	|	0.15	1.00	1.00	0.17	0.01	0	|	rapi	0.15	0.17	0	|	95.0	0.17(95)	0.17(95)	|	2394	
5560	29	ok	|	0.15	1.00	1.00	0.16	0.01	0	|	rapi	0.15	0.16	0	|	95.0	0.16(95)	0.16(95)	|	2394	
5560	30	ok	|	0.16	1.00	1.00	0.17	0.01	0	|	rapi	0.16	0.17	0	|	95.0	0.17(95)	0.17(95)	|	2394	
5560	31	ok	|	0.18	1.00	1.00	0.20	0.01	0	|	rapi	0.18	0.20	0	|	95.0	0.20(95)	0.20(95)	|	2394	
5560	32	ok	|	0.20	1.00	1.00	0.22	0.02	0	|	rapi	0.20	0.22	0	|	95.0	0.22(95)	0.22(95)	|	2394	
5560	33	ok	|	0.19	1.00	1.00	0.22	0.02	0	|	rapi	0.19	0.22	0	|	95.0	0.22(95)	0.22(95)	|	2394	
5560	34	ok	|	0.19	1.00	1.00	0.20	0.01	0	|	rapi	0.19	0.20	0	|	95.0	0.20(95)	0.20(95)	|	2394	
5560	35	ok	|	0.19	1.00	1.00	0.21	0.01	0	|	rapi	0.19	0.21	0	|	95.0	0.21(95)	0.21(95)	|	2394	
5560	36	ok	|	0.18	1.00	1.00	0.20	0.01	0	|	rapi	0.18	0.20	0	|	95.0	0.20(95)	0.20(95)	|	2394	
5560	37	ok	|	0.19	1.00	1.00	0.21	0.02	0	|	rapi	0.19	0.21	0	|	95.0	0.21(95)	0.21(95)	|	2394	
5560	38	ok	|	0.19	1.00	1.00	0.21	0.02	0	|	rapi	0.19	0.21	0	|	95.0	0.21(95)	0.21(95)	|	2394	
5560	39	ok	|	0.22	1.00	1.00	0.23	0.02	0	|	rapi	0.22	0.23	0	|	95.0	0.23(95)	0.23(95)	|	2394	
5560	40	ok	|	0.21	1.00	1.00	0.24	0.02	0	|	rapi	0.21	0.24	0	|	95.0	0.24(95)	0.24(95)	|	2394	
5560	41	ok	|	0.21	1.00	1.00	0.23	0.02	0	|	rapi	0.21	0.23	0	|	95.0	0.23(95)	0.23(95)	|	2394	
5560	42	ok	|	0.22	1.00	1.00	0.24	0.02	0	|	rapi	0.22	0.24	0	|	95.0	0.24(95)	0.24(95)	|	2394	
5560	43	ok	|	0.24	1.00	1.00	0.26	0.02	0	|	rapi	0.24	0.26	0	|	95.0	0.26(95)	0.26(95)	|	2394	
5560	44	ok	|	0.23	1.00	1.00	0.26	0.02	0	|	rapi	0.23	0.26	0	|	95.0	0.26(95)	0.26(95)	|	2394	
5560	45	ok	|	0.24	1.00	1.00	0.27	0.02	0	|	rapi	0.24	0.27	0	|	95.0	0.27(95)	0.27(95)	|	2394	
5560	46	ok	|	0.25	1.00	1.00	0.28	0.02	0	|	rapi	0.25	0.28	0	|	95.0	0.28(95)	0.28(95)	|	2394	
5560	47	ok	|	0.23	1.00	1.00	0.27	0.02	0	|	rapi	0.23	0.27	0	|	95.0	0.27(95)	0.27(95)	|	2394	
5560	48	ok	|	0.25	1.00	1.00	0.29	0.02	0	|	rapi	0.25	0.29	0	|	95.0	0.29(95)	0.29(95)	|	2394	
5560	49	ok	|	0.24	1.00	1.00	0.28	0.02	0	|	rapi	0.24	0.28	0	|	95.0	0.28(95)	0.28(95)	|	2394	
5560	50	ok	|	0.24	1.00	1.00	0.28	0.02	0	|	rapi	0.24	0.28	0	|	95.0	0.28(95)	0.28(95)	|	2394	
5560	51	ok	|	0.25	1.00	1.00	0.29	0.02	0	|	rapi	0.25	0.29	0	|	95.0	0.29(95)	0.29(95)	|	2394	
5560	52	ok	|	0.25	1.00	1.00	0.28	0.02	0	|	rapi	0.25	0.28	0	|	95.0	0.28(95)	0.28(95)	|	2394	
5560	53	ok	|	0.27	1.00	1.00	0.30	0.02	0	|	rapi	0.27	0.30	0	|	95.0	0.30(95)	0.30(95)	|	2394	
5560	54	ok	|	0.27	1.00	1.00	0.30	0.03	0	|	rapi	0.27	0.30	0	|	95.0	0.30(95)	0.30(95)	|	2394	
5560	55	ok	|	0.28	1.00	1.00	0.31	0.03	0	|	rapi	0.28	0.31	0	|	95.0	0.31(95)	0.31(95)	|	2394	
5560	56	ok	|	0.27	1.00	1.00	0.31	0.03	0	|	rapi	0.27	0.31	0	|	95.0	0.31(95)	0.31(95)	|	2394	
5560	57	ok	|	0.30	1.00	1.00	0.33	0.03	0	|	rapi	0.30	0.33	0	|	95.0	0.33(95)	0.33(95)	|	2394	
5560	58	ok	|	0.29	1.00	1.00	0.32	0.03	0	|	rapi	0.29	0.32	0	|	95.0	0.32(95)	0.32(95)	|	2394	
5560	59	ok	|	0.26	1.00	1.00	0.28	0.02	0	|	rapi	0.26	0.28	0	|	95.0	0.28(95)	0.28(95)	|	2394	
5560	60	ok	|	0.25	1.00	1.00	0.27	0.02	0	|	rapi	0.25	0.27	0	|	95.0	0.27(95)	0.27(95)	|	2394	
5560	61	ok	|	0.24	1.00	1.00	0.27	0.02	0	|	rapi	0.24	0.27	0	|	95.0	0.27(95)	0.27(95)	|	2394	
5560	62	ok	|	0.24	1.00	1.00	0.26	0.02	0	|	rapi	0.24	0.26	0	|	95.0	0.26(95)	0.26(95)	|	2394	
5560	63	ok	|	0.25	1.00	1.00	0.27	0.02	0	|	rapi	0.25	0.27	0	|	95.0	0.27(95)	0.27(95)	|	2394	
5560	64	ok	|	0.21	1.00	1.00	0.23	0.02	0	|	rapi	0.21	0.23	0	|	95.0	0.23(95)	0.23(95)	|	2394	
5560	65	ok	|	0.21	1.00	1.00	0.23	0.02	0	|	rapi	0.21	0.23	0	|	95.0	0.23(95)	0.23(95)	|	2394	
5560	66	ok	|	0.22	1.00	1.00	0.24	0.02	0	|	rapi	0.22	0.24	0	|	95.0	0.24(95)	0.24(95)	|	2394	
5560	67	ok	|	0.20	1.00	1.00	0.21	0.02	0	|	rapi	0.20	0.21	0	|	95.0	0.21(95)	0.21(95)	|	2394	
5560	68	ok	|	0.20	1.00	1.00	0.21	0.02	0	|	rapi	0.20	0.21	0	|	95.0	0.21(95)	0.21(95)	|	2394	
5560	69	ok	|	0.21	1.00	1.00	0.23	0.02	0	|	rapi	0.21	0.23	0	|	95.0	0.23(95)	0.23(95)	|	2394	
5560	70	ok	|	0.20	1.00	1.00	0.23	0.02	0	|	rapi	0.20	0.23	0	|	95.0	0.23(95)	0.23(95)	|	2394	
5560	71	ok	|	0.19	1.00	1.00	0.20	0.02	0	|	rapi	0.19	0.20	0	|	95.0	0.20(95)	0.20(95)	|	2394	
5560	72	ok	|	0.18	1.00	1.00	0.20	0.02	0	|	rapi	0.18	0.20	0	|	95.0	0.20(95)	0.20(95)	|	2394	
5560	73	ok	|	0.20	1.00	1.00	0.21	0.02	0	|	rapi	0.20	0.21	0	|	95.0	0.21(95)	0.21(95)	|	2394	
5560	74	ok	|	0.19	1.00	1.00	0.20	0.02	0	|	rapi	0.19	0.20	0	|	95.0	0.20(95)	0.20(95)	|	2394	
5560	75	ok	|	0.18	1.00	1.00	0.19	0.02	0	|	rapi	0.18	0.19	0	|	95.0	0.19(95)	0.19(95)	|	2394	
5560	76	ok	|	0.18	1.00	1.00	0.20	0.02	0	|	rapi	0.18	0.20	0	|	95.0	0.20(95)	0.20(95)	|	2394	
5560	77	ok	|	0.19	1.00	1.00	0.21	0.02	0	|	rapi	0.19	0.21	0	|	95.0	0.21(95)	0.21(95)	|	2394	
5560	78	ok	|	0.18	1.00	1.00	0.19	0.02	0	|	rapi	0.18	0.19	0	|	95.0	0.19(95)	0.19(95)	|	2394	
5560	79	ok	|	0.20	1.00	1.00	0.21	0.02	0	|	rapi	0.20	0.21	0	|	95.0	0.21(95)	0.21(95)	|	2394	
5560	80	ok	|	0.19	1.00	1.00	0.20	0.02	0	|	rapi	0.19	0.20	0	|	95.0	0.20(95)	0.20(95)	|	2394	
5560	81	ok	|	0.18	1.00	1.00	0.19	0.02	0	|	rapi	0.18	0.19	0	|	95.0	0.19(95)	0.19(95)	|	2394	
5560	82	ok	|	0.18	1.00	1.00	0.20	0.02	0	|	rapi	0.18	0.20	0	|	95.0	0.20(95)	0.20(95)	|	2394	
5560	83	ok	|	0.18	1.00	1.00	0.20	0.02	0	|	rapi	0.18	0.20	0	|	95.0	0.20(95)	0.20(95)	|	2394	
5560	84	ok	|	0.18	1.00	1.00	0.21	0.02	0	|	rapi	0.18	0.21	0	|	95.0	0.21(95)	0.21(95)	|	2394	
5560	85	ok	|	0.19	1.00	1.00	0.21	0.02	0	|	rapi	0.19	0.21	0	|	95.0	0.21(95)	0.21(95)	|	2394	
5560	86	ok	|	0.18	1.00	1.00	0.20	0.02	0	|	rapi	0.18	0.20	0	|	95.0	0.20(95)	0.20(95)	|	2394	
5560	87	ok	|	0.17	1.00	1.00	0.18	0.02	0	|	rapi	0.17	0.18	0	|	95.0	0.18(95)	0.18(95)	|	2394	
5560	88	ok	|	0.18	1.00	1.00	0.19	0.02	0	|	rapi	0.18	0.19	0	|	95.0	0.19(95)	0.19(95)	|	2394	
5560	89	ok	|	0.18	1.00	1.00	0.19	0.02	0	|	rapi	0.18	0.19	0	|	95.0	0.19(95)	0.19(95)	|	2394	
5560	90	ok	|	0.19	1.00	1.00	0.20	0.02	0	|	rapi	0.19	0.20	0	|	95.0	0.20(95)	0.20(95)	|	2394	
5560	91	ok	|	0.19	1.00	1.00	0.19	0.02	0	|	rapi	0.19	0.19	0	|	95.0	0.19(95)	0.19(95)	|	2394	
5560	92	ok	|	0.17	1.00	1.00	0.18	0.02	0	|	rapi	0.17	0.18	0	|	95.0	0.18(95)	0.18(95)	|	2394	
5560	93	ok	|	0.17	1.00	1.00	0.18	0.02	0	|	rapi	0.17	0.18	0	|	95.0	0.18(95)	0.18(95)	|	2394	
5560	94	ok	|	0.19	1.00	1.00	0.20	0.03	0	|	rapi	0.19	0.20	0	|	95.0	0.20(95)	0.20(95)	|	2394	
5560	95	ok	|	0.19	1.00	1.00	0.20	0.03	0	|	rapi	0.19	0.20	0	|	95.0	0.20(95)	0.20(95)	|	2394	
5560	96	ok	|	0.20	1.00	1.00	0.22	0.03	0	|	rapi	0.20	0.22	0	|	95.0	0.22(95)	0.22(95)	|	2394	
5560	97	ok	|	0.20	1.00	1.00	0.21	0.03	0	|	rapi	0.20	0.21	0	|	95.0	0.21(95)	0.21(95)	|	2394	
5560	98	ok	|	0.21	1.00	1.00	0.23	0.03	0	|	rapi	0.21	0.23	0	|	95.0	0.23(95)	0.23(95)	|	2394	
5560	99	ok	|	0.19	1.00	1.00	0.20	0.03	0	|	rapi	0.19	0.20	0	|	95.0	0.20(95)	0.20(95)	|	2394	
5560	100	ok	|	0.20	1.00	1.00	0.21	0.03	0	|	rapi	0.20	0.21	0	|	95.0	0.21(95)	0.21(95)	|	2394	
5560	101	ok	|	0.20	1.00	1.00	0.20	0.03	0	|	rapi	0.20	0.20	0	|	95.0	0.20(95)	0.20(95)	|	2394	
5560	102	ok	|	0.17	1.00	1.00	0.18	0.02	0	|	rapi	0.17	0.18	0	|	95.0	0.18(95)	0.18(95)	|	2394	
5560	103	ok	|	0.18	1.00	1.00	0.19	0.02	0	|	rapi	0.18	0.19	0	|	95.0	0.19(95)	0.19(95)	|	2394	
5560	104	ok	|	0.20	1.00	1.00	0.21	0.03	0	|	rapi	0.20	0.21	0	|	95.0	0.21(95)	0.21(95)	|	2394	
5560	105	ok	|	0.19	1.00	1.00	0.20	0.02	0	|	rapi	0.19	0.20	0	|	95.0	0.20(95)	0.20(95)	|	2394	
5560	106	ok	|	0.18	1.00	1.00	0.19	0.02	0	|	rapi	0.18	0.19	0	|	95.0	0.19(95)	0.19(95)	|	2394	
5560	107	ok	|	0.17	1.00	1.00	0.19	0.02	0	|	rapi	0.17	0.19	0	|	95.0	0.19(95)	0.19(95)	|	2394	
5560	108	ok	|	0.18	1.00	1.00	0.19	0.02	0	|	rapi	0.18	0.19	0	|	95.0	0.19(95)	0.19(95)	|	2394	
5560	109	ok	|	0.17	1.00	1.00	0.18	0.02	0	|	rapi	0.17	0.18	0	|	95.0	0.18(95)	0.18(95)	|	2394	
5560	110	ok	|	0.16	1.00	1.00	0.17	0.02	0	|	rapi	0.16	0.17	0	|	95.0	0.17(95)	0.17(95)	|	2394	
5560	111	ok	|	0.15	1.00	1.00	0.16	0.02	0	|	rapi	0.15	0.16	0	|	95.0	0.16(95)	0.16(95)	|	2394	
5560	112	ok	|	0.16	1.00	1.00	0.17	0.02	0	|	rapi	0.16	0.17	0	|	95.0	0.17(95)	0.17(95)	|	2394	
5560	113	ok	|	0.16	1.00	1.00	0.17	0.02	0	|	rapi	0.16	0.17	0	|	95.0	0.17(95)	0.17(95)	|	2394	
5560	114	ok	|	0.18	1.00	1.00	0.19	0.02	0	|	rapi	0.18	0.19	0	|	95.0	0.19(95)	0.19(95)	|	2394	
5560	115	ok	|	0.19	1.00	1.00	0.20	0.03	0	|	rapi	0.19	0.20	0	|	95.0	0.20(95)	0.20(95)	|	2394	
5560	116	ok	|	0.19	1.00	1.00	0.20	0.03	0	|	rapi	0.19	0.20	0	|	95.0	0.20(95)	0.20(95)	|	2394	
5560	117	ok	|	0.20	1.00	1.00	0.22	0.03	0	|	rapi	0.20	0.22	0	|	95.0	0.22(95)	0.22(95)	|	2394	
5560	118	ok	|	0.20	1.00	1.00	0.22	0.03	0	|	rapi	0.20	0.22	0	|	95.0	0.22(95)	0.22(95)	|	2394	
5560	119	ok	|	0.21	1.00	1.00	0.23	0.03	0	|	rapi	0.21	0.23	0	|	95.0	0.23(95)	0.23(95)	|	2394	
5560	120	ok	|	0.21	1.00	1.00	0.23	0.03	0	|	rapi	0.21	0.23	0	|	95.0	0.23(95)	0.23(95)	|	2394	
5560	121	ok	|	0.20	1.00	1.00	0.22	0.03	0	|	rapi	0.20	0.22	0	|	95.0	0.22(95)	0.22(95)	|	2394	
5560	122	ok	|	0.19	1.00	1.00	0.21	0.03	0	|	rapi	0.19	0.21	0	|	95.0	0.21(95)	0.21(95)	|	2394	
5560	123	ok	|	0.20	1.00	1.00	0.22	0.03	0	|	rapi	0.20	0.22	0	|	95.0	0.22(95)	0.22(95)	|	2394	
5560	124	ok	|	0.20	1.00	1.00	0.21	0.03	0	|	rapi	0.20	0.21	0	|	95.0	0.21(95)	0.21(95)	|	2394	
5560	125	ok	|	0.17	1.00	1.00	0.18	0.02	0	|	rapi	0.17	0.18	0	|	95.0	0.18(95)	0.18(95)	|	2394	
5560	126	ok	|	0.16	1.00	1.00	0.17	0.02	0	|	rapi	0.16	0.17	0	|	95.0	0.17(95)	0.17(95)	|	2394	
5560	127	ok	|	0.16	1.00	1.00	0.18	0.02	0	|	rapi	0.16	0.18	0	|	95.0	0.18(95)	0.18(95)	|	2394	
5560	128	ok	|	0.16	1.00	1.00	0.18	0.02	0	|	rapi	0.16	0.18	0	|	95.0	0.18(95)	0.18(95)	|	2394	
5560	129	ok	|	0.17	1.00	1.00	0.18	0.02	0	|	rapi	0.17	0.18	0	|	95.0	0.18(95)	0.18(95)	|	2394	
5560	130	ok	|	0.17	1.00	1.00	0.19	0.02	0	|	rapi	0.17	0.19	0	|	95.0	0.19(95)	0.19(95)	|	2394	
5560	131	ok	|	0.15	1.00	1.00	0.16	0.02	0	|	rapi	0.15	0.16	0	|	95.0	0.16(95)	0.16(95)	|	2394	
5560	132	ok	|	0.16	1.00	1.00	0.17	0.02	0	|	rapi	0.16	0.17	0	|	95.0	0.17(95)	0.17(95)	|	2394	
5560	133	ok	|	0.16	1.00	1.00	0.17	0.02	0	|	rapi	0.16	0.17	0	|	95.0	0.17(95)	0.17(95)	|	2394	
5560	134	ok	|	0.15	1.00	1.00	0.16	0.02	0	|	rapi	0.15	0.16	0	|	95.0	0.16(95)	0.16(95)	|	2394	
5560	135	ok	|	0.17	1.00	1.00	0.18	0.02	0	|	rapi	0.17	0.18	0	|	95.0	0.18(95)	0.18(95)	|	2394	
5560	136	ok	|	0.18	1.00	1.00	0.19	0.02	0	|	rapi	0.18	0.19	0	|	95.0	0.19(95)	0.19(95)	|	2394	
5560	137	ok	|	0.18	1.00	1.00	0.19	0.02	0	|	rapi	0.18	0.19	0	|	95.0	0.19(95)	0.19(95)	|	2394	
5560	138	ok	|	0.16	1.00	1.00	0.18	0.02	0	|	rapi	0.16	0.18	0	|	95.0	0.18(95)	0.18(95)	|	2394	
5560	139	ok	|	0.17	1.00	1.00	0.18	0.02	0	|	rapi	0.17	0.18	0	|	95.0	0.18(95)	0.18(95)	|	2394	
5560	140	ok	|	0.16	1.00	1.00	0.17	0.02	0	|	rapi	0.16	0.17	0	|	95.0	0.17(95)	0.17(95)	|	2394	
5560	141	ok	|	0.14	1.00	1.00	0.15	0.02	0	|	rapi	0.14	0.15	0	|	95.0	0.15(95)	0.15(95)	|	2394	
5560	142	ok	|	0.13	1.00	1.00	0.14	0.02	0	|	rapi	0.13	0.14	0	|	95.0	0.14(95)	0.14(95)	|	2394	
5560	143	ok	|	0.15	1.00	1.00	0.15	0.02	0	|	rapi	0.15	0.15	0	|	95.0	0.15(95)	0.15(95)	|	2394	
5560	144	ok	|	0.14	1.00	1.00	0.15	0.02	0	|	rapi	0.14	0.15	0	|	95.0	0.15(95)	0.15(95)	|	2394	
5560	145	ok	|	0.14	1.00	1.00	0.15	0.02	0	|	rapi	0.14	0.15	0	|	95.0	0.15(95)	0.15(95)	|	2394	
5560	146	ok	|	0.15	1.00	1.00	0.15	0.02	0	|	rapi	0.15	0.15	0	|	95.0	0.15(95)	0.15(95)	|	2394	
5560	147	ok	|	0.14	1.00	1.00	0.15	0.02	0	|	rapi	0.14	0.15	0	|	95.0	0.15(95)	0.15(95)	|	2394	
5560	148	ok	|	0.14	1.00	1.00	0.15	0.02	0	|	rapi	0.14	0.15	0	|	95.0	0.15(95)	0.15(95)	|	2394	
5560	149	ok	|	0.14	1.00	1.00	0.15	0.02	0	|	rapi	0.14	0.15	0	|	95.0	0.15(95)	0.15(95)	|	2394	
5560	150	ok	|	0.13	1.00	1.00	0.14	0.02	0	|	rapi	0.13	0.14	0	|	95.0	0.14(95)	0.14(95)	|	2394	
5560	151	ok	|	0.15	1.00	1.00	0.15	0.02	0	|	rapi	0.15	0.15	0	|	95.0	0.15(95)	0.15(95)	|	2394	
5560	152	ok	|	0.14	1.00	1.00	0.14	0.02	0	|	rapi	0.14	0.14	0	|	95.0	0.14(95)	0.14(95)	|	2394	
5560	153	ok	|	0.12	1.00	1.00	0.12	0.02	0	|	rapi	0.12	0.12	0	|	95.0	0.12(95)	0.12(95)	|	2394	
5560	154	ok	|	0.13	1.00	1.00	0.14	0.02	0	|	rapi	0.13	0.14	0	|	95.0	0.14(95)	0.14(95)	|	2394	
5560	155	ok	|	0.13	1.00	1.00	0.14	0.02	0	|	rapi	0.13	0.14	0	|	95.0	0.14(95)	0.14(95)	|	2394	
5560	156	ok	|	0.13	1.00	1.00	0.14	0.02	0	|	rapi	0.13	0.14	0	|	95.0	0.14(95)	0.14(95)	|	2394	
5560	157	ok	|	0.12	1.00	1.00	0.13	0.02	0	|	rapi	0.12	0.13	0	|	95.0	0.13(95)	0.13(95)	|	2394	
5560	158	ok	|	0.12	1.00	1.00	0.13	0.02	0	|	rapi	0.12	0.13	0	|	95.0	0.13(95)	0.13(95)	|	2394	
5560	159	ok	|	0.12	1.00	1.00	0.13	0.02	0	|	rapi	0.12	0.13	0	|	95.0	0.13(95)	0.13(95)	|	2394	
5560	160	ok	|	0.13	1.00	1.00	0.14	0.02	0	|	rapi	0.13	0.14	0	|	95.0	0.14(95)	0.14(95)	|	2394	
5560	161	ok	|	0.13	1.00	1.00	0.15	0.02	0	|	rapi	0.13	0.15	0	|	95.0	0.15(95)	0.15(95)	|	2394	
5560	162	ok	|	0.16	1.00	1.00	0.17	0.03	0	|	rapi	0.16	0.17	0	|	95.0	0.17(95)	0.17(95)	|	2394	
5560	163	ok	|	0.17	1.00	1.00	0.18	0.03	0	|	rapi	0.17	0.18	0	|	95.0	0.18(95)	0.18(95)	|	2394	
5560	164	ok	|	0.17	1.00	1.00	0.18	0.03	0	|	rapi	0.17	0.18	0	|	95.0	0.18(95)	0.18(95)	|	2394	
5560	165	ok	|	0.18	1.00	1.00	0.18	0.03	0	|	rapi	0.18	0.18	0	|	95.0	0.18(95)	0.18(95)	|	2394	
5560	166	ok	|	0.17	1.00	1.00	0.17	0.03	0	|	rapi	0.17	0.17	0	|	95.0	0.17(95)	0.17(95)	|	2394	
5560	167	ok	|	0.15	1.00	1.00	0.16	0.03	0	|	rapi	0.15	0.16	0	|	95.0	0.16(95)	0.16(95)	|	2394	
5560	168	ok	|	0.16	1.00	1.00	0.17	0.03	0	|	rapi	0.16	0.17	0	|	95.0	0.17(95)	0.17(95)	|	2394	
5560	169	ok	|	0.16	1.00	1.00	0.17	0.03	0	|	rapi	0.16	0.17	0	|	95.0	0.17(95)	0.17(95)	|	2394	
5560	170	ok	|	0.15	1.00	1.00	0.16	0.03	0	|	rapi	0.15	0.16	0	|	95.0	0.16(95)	0.16(95)	|	2394	
5560	171	ok	|	0.16	1.00	1.00	0.17	0.03	0	|	rapi	0.16	0.17	0	|	95.0	0.17(95)	0.17(95)	|	2394	
5560	172	ok	|	0.18	1.00	1.00	0.18	0.03	0	|	rapi	0.18	0.18	0	|	95.0	0.18(95)	0.18(95)	|	2394	
5560	173	ok	|	0.19	1.00	1.00	0.20	0.03	0	|	rapi	0.19	0.20	0	|	95.0	0.20(95)	0.20(95)	|	2394	
5560	174	ok	|	0.19	1.00	1.00	0.21	0.03	0	|	rapi	0.19	0.21	0	|	95.0	0.21(95)	0.21(95)	|	2394	
5560	175	ok	|	0.18	1.00	1.00	0.19	0.03	0	|	rapi	0.18	0.19	0	|	95.0	0.19(95)	0.19(95)	|	2394	
5560	176	ok	|	0.18	1.00	1.00	0.19	0.03	0	|	rapi	0.18	0.19	0	|	95.0	0.19(95)	0.19(95)	|	2394	
5560	177	ok	|	0.18	1.00	1.00	0.20	0.03	0	|	rapi	0.18	0.20	0	|	95.0	0.20(95)	0.20(95)	|	2394	
5560	178	ok	|	0.16	1.00	1.00	0.17	0.03	0	|	rapi	0.16	0.17	0	|	95.0	0.17(95)	0.17(95)	|	2394	
5560	179	ok	|	0.16	1.00	1.00	0.17	0.03	0	|	rapi	0.16	0.17	0	|	95.0	0.17(95)	0.17(95)	|	2394	
5560	180	ok	|	0.15	1.00	1.00	0.15	0.03	0	|	rapi	0.15	0.15	0	|	95.0	0.15(95)	0.15(95)	|	2394	
5560	181	ok	|	0.14	1.00	1.00	0.16	0.03	0	|	rapi	0.14	0.16	0	|	95.0	0.16(95)	0.16(95)	|	2394	
5560	182	ok	|	0.16	1.00	1.00	0.16	0.03	0	|	rapi	0.16	0.16	0	|	95.0	0.16(95)	0.16(95)	|	2394	
5560	183	ok	|	0.16	1.00	1.00	0.17	0.03	0	|	rapi	0.16	0.17	0	|	95.0	0.17(95)	0.17(95)	|	2394	
5560	184	ok	|	0.17	1.00	1.00	0.18	0.03	0	|	rapi	0.17	0.18	0	|	95.0	0.18(95)	0.18(95)	|	2394	
5560	185	ok	|	0.17	1.00	1.00	0.17	0.03	0	|	rapi	0.17	0.17	0	|	95.0	0.17(95)	0.17(95)	|	2394	
5560	186	ok	|	0.17	1.00	1.00	0.17	0.03	0	|	rapi	0.17	0.17	0	|	95.0	0.17(95)	0.17(95)	|	2394	
5560	187	ok	|	0.17	1.00	1.00	0.18	0.03	0	|	rapi	0.17	0.18	0	|	95.0	0.18(95)	0.18(95)	|	2394	
5560	188	ok	|	0.16	1.00	1.00	0.17	0.03	0	|	rapi	0.16	0.17	0	|	95.0	0.17(95)	0.17(95)	|	2394	
5560	189	ok	|	0.15	1.00	1.00	0.16	0.04	0	|	rapi	0.15	0.16	0	|	95.0	0.16(95)	0.16(95)	|	2394	
5560	190	ok	|	0.15	1.00	1.00	0.16	0.04	0	|	rapi	0.15	0.16	0	|	95.0	0.16(95)	0.16(95)	|	2394	
5560	191	ok	|	0.15	1.00	1.00	0.16	0.04	0	|	rapi	0.15	0.16	0	|	95.0	0.16(95)	0.16(95)	|	2394	
5560	192	ok	|	0.15	1.00	1.00	0.16	0.04	0	|	rapi	0.15	0.16	0	|	95.0	0.16(95)	0.16(95)	|	2394	
5560	193	ok	|	0.15	1.00	1.00	0.15	0.04	0	|	rapi	0.15	0.15	0	|	95.0	0.15(95)	0.15(95)	|	2394	
5560	194	ok	|	0.14	1.00	1.00	0.15	0.04	0	|	rapi	0.14	0.15	0	|	95.0	0.15(95)	0.15(95)	|	2394	
5560	195	ok	|	0.12	1.00	1.00	0.13	0.03	0	|	rapi	0.12	0.13	0	|	95.0	0.13(95)	0.13(95)	|	2394	
5560	196	ok	|	0.12	1.00	1.00	0.13	0.03	0	|	rapi	0.12	0.13	0	|	95.0	0.13(95)	0.13(95)	|	2394	
5560	197	ok	|	0.13	1.00	1.00	0.13	0.03	0	|	rapi	0.13	0.13	0	|	95.0	0.13(95)	0.13(95)	|	2394	
5560	198	ok	|	0.12	1.00	1.00	0.12	0.03	0	|	rapi	0.12	0.12	0	|	95.0	0.12(95)	0.12(95)	|	2394	
5560	199	ok	|	0.13	1.00	1.00	0.14	0.03	0	|	rapi	0.13	0.14	0	|	95.0	0.14(95)	0.14(95)	|	2394	
5560	200	ok	|	0.14	1.00	1.00	0.14	0.04	0	|	rapi	0.14	0.14	0	|	95.0	0.14(95)	0.14(95)	|	2394	
5560	201	ok	|	0.15	1.00	1.00	0.15	0.04	0	|	rapi	0.15	0.15	0	|	95.0	0.15(95)	0.15(95)	|	2394	
5560	202	ok	|	0.16	1.00	1.00	0.16	0.04	0	|	rapi	0.16	0.16	0	|	95.0	0.16(95)	0.16(95)	|	2394	
5560	203	ok	|	0.15	1.00	1.00	0.15	0.04	0	|	rapi	0.15	0.15	0	|	95.0	0.15(95)	0.15(95)	|	2394	
5560	204	ok	|	0.14	1.00	1.00	0.15	0.04	0	|	rapi	0.14	0.15	0	|	95.0	0.15(95)	0.15(95)	|	2394	
5560	205	ok	|	0.15	1.00	1.00	0.15	0.08	0	|	rapi	0.15	0.15	0	|	95.0	0.15(95)	0.15(95)	|	2394	
5560	206	ok	|	0.15	1.00	1.00	0.16	0.08	0	|	rapi	0.15	0.16	0	|	95.0	0.16(95)	0.16(95)	|	2394	
5560	207	ok	|	0.15	1.00	1.00	0.16	0.08	0	|	rapi	0.15	0.16	0	|	95.0	0.16(95)	0.16(95)	|	2394	
5560	208	ok	|	0.16	1.00	1.00	0.16	0.08	0	|	rapi	0.16	0.16	0	|	95.0	0.16(95)	0.16(95)	|	2394	
5560	209	ok	|	0.16	1.00	1.00	0.17	0.09	0	|	rapi	0.16	0.17	0	|	95.0	0.17(95)	0.17(95)	|	2394	
5560	210	ok	|	0.16	1.00	1.00	0.17	0.08	0	|	rapi	0.16	0.17	0	|	95.0	0.17(95)	0.17(95)	|	2394	
5560	211	ok	|	0.16	1.00	1.00	0.17	0.08	0	|	rapi	0.16	0.17	0	|	95.0	0.17(95)	0.17(95)	|	2394	
5560	212	ok	|	0.16	1.00	1.00	0.17	0.08	0	|	rapi	0.16	0.17	0	|	95.0	0.17(95)	0.17(95)	|	2394	
5560	213	ok	|	0.16	1.00	1.00	0.18	0.09	0	|	rapi	0.16	0.18	0	|	95.0	0.18(95)	0.18(95)	|	2394	
5560	214	ok	|	0.15	1.00	1.00	0.16	0.08	0	|	rapi	0.15	0.16	0	|	95.0	0.16(95)	0.16(95)	|	2394	
5560	215	ok	|	0.14	1.00	1.00	0.15	0.07	0	|	rapi	0.14	0.15	0	|	95.0	0.15(95)	0.15(95)	|	2394	
5560	216	ok	|	0.15	1.00	1.00	0.15	0.08	0	|	rapi	0.15	0.15	0	|	95.0	0.15(95)	0.15(95)	|	2394	
5560	217	ok	|	0.15	1.00	1.00	0.16	0.08	0	|	rapi	0.15	0.16	0	|	95.0	0.16(95)	0.16(95)	|	2394	
5560	218	ok	|	0.13	1.00	1.00	0.13	0.06	0	|	rapi	0.13	0.13	0	|	95.0	0.13(95)	0.13(95)	|	2394	
5560	219	ok	|	0.12	1.00	1.00	0.12	0.06	0	|	rapi	0.12	0.12	0	|	95.0	0.12(95)	0.12(95)	|	2394	
5560	220	ok	|	0.12	1.00	1.00	0.12	0.06	0	|	rapi	0.12	0.12	0	|	95.0	0.12(95)	0.12(95)	|	2394	
5560	221	ok	|	0.12	1.00	1.00	0.12	0.06	0	|	rapi	0.12	0.12	0	|	95.0	0.12(95)	0.12(95)	|	2394	
5560	222	ok	|	0.10	1.00	1.00	0.11	0.05	0	|	rapi	0.10	0.11	0	|	95.0	0.11(95)	0.11(95)	|	2394	
5560	223	ok	|	0.10	1.00	1.00	0.10	0.05	0	|	rapi	0.10	0.10	0	|	95.0	0.10(95)	0.10(95)	|	2394	
5560	224	ok	|	0.09	1.00	1.00	0.09	0.04	0	|	rapi	0.09	0.09	0	|	95.0	0.09(95)	0.09(95)	|	2394	
5560	225	ok	|	0.10	1.00	1.00	0.10	0.05	0	|	rapi	0.10	0.10	0	|	95.0	0.10(95)	0.10(95)	|	2394	
5560	226	ok	|	0.10	1.00	1.00	0.10	0.05	0	|	rapi	0.10	0.10	0	|	95.0	0.10(95)	0.10(95)	|	2394	
5560	227	ok	|	0.11	1.00	1.00	0.11	0.06	0	|	rapi	0.11	0.11	0	|	95.0	0.11(95)	0.11(95)	|	2394	
5560	228	ok	|	0.10	1.00	1.00	0.11	0.05	0	|	rapi	0.10	0.11	0	|	95.0	0.11(95)	0.11(95)	|	2394	
5560	229	ok	|	0.10	1.00	1.00	0.11	0.05	0	|	rapi	0.10	0.11	0	|	95.0	0.11(95)	0.11(95)	|	2394	
5560	230	ok	|	0.10	1.00	1.00	0.10	0.05	0	|	rapi	0.10	0.10	0	|	95.0	0.10(95)	0.10(95)	|	2394	
5560	231	ok	|	0.10	1.00	1.00	0.10	0.05	0	|	rapi	0.10	0.10	0	|	95.0	0.10(95)	0.10(95)	|	2394	
5560	232	ok	|	0.08	1.00	1.00	0.09	0.04	0	|	rapi	0.08	0.09	0	|	95.0	0.09(95)	0.09(95)	|	2394	
5560	233	ok	|	0.10	1.00	1.00	0.10	0.05	0	|	rapi	0.10	0.10	0	|	95.0	0.10(95)	0.10(95)	|	2394	
5560	234	ok	|	0.08	1.00	1.00	0.09	0.04	0	|	rapi	0.08	0.09	0	|	95.0	0.09(95)	0.09(95)	|	2394	
5560	235	ok	|	0.09	1.00	1.00	0.09	0.05	0	|	rapi	0.09	0.09	0	|	95.0	0.09(95)	0.09(95)	|	2394	
5560	236	ok	|	0.09	1.00	1.00	0.09	0.05	0	|	rapi	0.09	0.09	0	|	95.0	0.09(95)	0.09(95)	|	2394	
5560	237	ok	|	0.08	1.00	1.00	0.08	0.04	0	|	rapi	0.08	0.08	0	|	95.0	0.08(95)	0.08(95)	|	2394	
5560	238	ok	|	0.10	1.00	1.00	0.10	0.05	0	|	rapi	0.10	0.10	0	|	95.0	0.10(95)	0.10(95)	|	2394	
5560	239	ok	|	0.09	1.00	1.00	0.09	0.05	0	|	rapi	0.09	0.09	0	|	95.0	0.09(95)	0.09(95)	|	2394	
5560	240	ok	|	0.09	1.00	1.00	0.09	0.04	0	|	rapi	0.09	0.09	0	|	95.0	0.09(95)	0.09(95)	|	2394	
5560	241	ok	|	0.08	1.00	1.00	0.08	0.04	0	|	rapi	0.08	0.08	0	|	95.0	0.08(95)	0.08(95)	|	2394	
5560	242	ok	|	0.07	1.00	1.00	0.07	0.03	0	|	rapi	0.07	0.07	0	|	95.0	0.07(95)	0.07(95)	|	2394	
5560	243	ok	|	0.07	1.00	1.00	0.07	0.03	0	|	rapi	0.07	0.07	0	|	95.0	0.07(95)	0.07(95)	|	2394	
5560	244	ok	|	0.07	1.00	1.00	0.07	0.03	0	|	rapi	0.07	0.07	0	|	95.0	0.07(95)	0.07(95)	|	2394	
5560	245	ok	|	0.07	1.00	1.00	0.07	0.04	0	|	rapi	0.07	0.07	0	|	95.0	0.07(95)	0.07(95)	|	2394	
5560	246	ok	|	0.07	1.00	1.00	0.07	0.04	0	|	rapi	0.07	0.07	0	|	95.0	0.07(95)	0.07(95)	|	2394	
5560	247	ok	|	0.07	1.00	1.00	0.07	0.03	0	|	rapi	0.07	0.07	0	|	95.0	0.07(95)	0.07(95)	|	2394	
5560	248	ok	|	0.08	1.00	1.00	0.08	0.04	0	|	rapi	0.08	0.08	0	|	95.0	0.08(95)	0.08(95)	|	2394	
5560	249	ok	|	0.06	1.00	1.00	0.06	0.03	0	|	rapi	0.06	0.06	0	|	95.0	0.06(95)	0.06(95)	|	2394	
5560	250	ok	|	0.06	1.00	1.00	0.06	0.03	0	|	rapi	0.06	0.06	0	|	95.0	0.06(95)	0.06(95)	|	2394	
5560	251	ok	|	0.06	1.00	1.00	0.06	0.03	0	|	rapi	0.06	0.06	0	|	95.0	0.06(95)	0.06(95)	|	2394	
5560	252	ok	|	0.06	1.00	1.00	0.06	0.03	0	|	rapi	0.06	0.06	0	|	95.0	0.06(95)	0.06(95)	|	2394	
5560	253	ok	|	0.07	1.00	1.00	0.07	0.03	0	|	rapi	0.07	0.07	0	|	95.0	0.07(95)	0.07(95)	|	2394	
5560	254	ok	|	0.07	1.00	1.00	0.07	0.04	0	|	rapi	0.07	0.07	0	|	95.0	0.07(95)	0.07(95)	|	2394	
5560	255	ok	|	0.07	1.00	1.00	0.07	0.03	0	|	rapi	0.07	0.07	0	|	95.0	0.07(95)	0.07(95)	|	2394	
5560	256	ok	|	0.08	1.00	1.00	0.08	0.04	0	|	rapi	0.08	0.08	0	|	95.0	0.08(95)	0.08(95)	|	2394	
5560	257	ok	|	0.08	1.00	1.00	0.08	0.04	0	|	rapi	0.08	0.08	0	|	95.0	0.08(95)	0.08(95)	|	2394	
5560	258	ok	|	0.10	1.00	1.00	0.10	0.05	0	|	rapi	0.10	0.10	0	|	95.0	0.10(95)	0.10(95)	|	2394	
5560	259	ok	|	0.09	1.00	1.00	0.09	0.04	0	|	rapi	0.09	0.09	0	|	95.0	0.09(95)	0.09(95)	|	2394	
5560	260	ok	|	0.09	1.00	1.00	0.09	0.05	0	|	rapi	0.09	0.09	0	|	95.0	0.09(95)	0.09(95)	|	2394	
5560	261	ok	|	0.08	1.00	1.00	0.09	0.04	0	|	rapi	0.08	0.09	0	|	95.0	0.09(95)	0.09(95)	|	2394	
5560	262	ok	|	0.08	1.00	1.00	0.08	0.04	0	|	rapi	0.08	0.08	0	|	95.0	0.08(95)	0.08(95)	|	2394	
5560	263	ok	|	0.08	1.00	1.00	0.08	0.04	0	|	rapi	0.08	0.08	0	|	95.0	0.08(95)	0.08(95)	|	2394	
5560	264	ok	|	0.07	1.00	1.00	0.07	0.04	0	|	rapi	0.07	0.07	0	|	95.0	0.07(95)	0.07(95)	|	2394	
5560	265	ok	|	0.07	1.00	1.00	0.07	0.04	0	|	rapi	0.07	0.07	0	|	95.0	0.07(95)	0.07(95)	|	2394	
5560	266	ok	|	0.07	1.00	1.00	0.07	0.04	0	|	rapi	0.07	0.07	0	|	95.0	0.07(95)	0.07(95)	|	2394	
5560	267	ok	|	0.07	1.00	1.00	0.07	0.04	0	|	rapi	0.07	0.07	0	|	95.0	0.07(95)	0.07(95)	|	2394	
5560	268	ok	|	0.07	1.00	1.00	0.07	0.03	0	|	rapi	0.07	0.07	0	|	95.0	0.07(95)	0.07(95)	|	2394	
5560	269	ok	|	0.07	1.00	1.00	0.07	0.04	0	|	rapi	0.07	0.07	0	|	95.0	0.07(95)	0.07(95)	|	2394	
5560	270	ok	|	0.07	1.00	1.00	0.08	0.04	0	|	rapi	0.07	0.08	0	|	95.0	0.08(95)	0.08(95)	|	2394	
5560	271	ok	|	0.07	1.00	1.00	0.07	0.03	0	|	rapi	0.07	0.07	0	|	95.0	0.07(95)	0.07(95)	|	2394	
5560	272	ok	|	0.06	1.00	1.00	0.06	0.03	0	|	rapi	0.06	0.06	0	|	95.0	0.06(95)	0.06(95)	|	2394	
5560	273	ok	|	0.05	1.00	1.00	0.05	0.02	0	|	rapi	0.05	0.05	0	|	95.0	0.05(95)	0.05(95)	|	2394	
5560	274	ok	|	0.06	1.00	1.00	0.06	0.03	0	|	rapi	0.06	0.06	0	|	95.0	0.06(95)	0.06(95)	|	2394	
5560	275	ok	|	0.06	1.00	1.00	0.06	0.03	0	|	rapi	0.06	0.06	0	|	95.0	0.06(95)	0.06(95)	|	2394	
5560	276	ok	|	0.07	1.00	1.00	0.07	0.03	0	|	rapi	0.07	0.07	0	|	95.0	0.07(95)	0.07(95)	|	2394	
5560	277	ok	|	0.07	1.00	1.00	0.07	0.03	0	|	rapi	0.07	0.07	0	|	95.0	0.07(95)	0.07(95)	|	2394	
5560	278	ok	|	0.06	1.00	1.00	0.06	0.03	0	|	rapi	0.06	0.06	0	|	95.0	0.06(95)	0.06(95)	|	2394	
5560	279	ok	|	0.06	1.00	1.00	0.06	0.03	0	|	rapi	0.06	0.06	0	|	95.0	0.06(95)	0.06(95)	|	2394	
5560	280	ok	|	0.07	1.00	1.00	0.07	0.03	0	|	rapi	0.07	0.07	0	|	95.0	0.07(95)	0.07(95)	|	2394	
5560	281	ok	|	0.07	1.00	1.00	0.07	0.04	0	|	rapi	0.07	0.07	0	|	95.0	0.07(95)	0.07(95)	|	2394	
5560	282	ok	|	0.07	1.00	1.00	0.07	0.03	0	|	rapi	0.07	0.07	0	|	95.0	0.07(95)	0.07(95)	|	2394	
5560	283	ok	|	0.06	1.00	1.00	0.06	0.03	0	|	rapi	0.06	0.06	0	|	95.0	0.06(95)	0.06(95)	|	2394	
5560	284	ok	|	0.06	1.00	1.00	0.06	0.03	0	|	rapi	0.06	0.06	0	|	95.0	0.06(95)	0.06(95)	|	2394	
5560	285	ok	|	0.05	1.00	1.00	0.05	0.03	0	|	rapi	0.05	0.05	0	|	95.0	0.05(95)	0.05(95)	|	2394	
5560	286	ok	|	0.05	1.00	1.00	0.05	0.03	0	|	rapi	0.05	0.05	0	|	95.0	0.05(95)	0.05(95)	|	2394	
5560	287	ok	|	0.05	1.00	1.00	0.05	0.03	0	|	rapi	0.05	0.05	0	|	95.0	0.05(95)	0.05(95)	|	2394	
5560	288	ok	|	0.05	1.00	1.00	0.05	0.02	0	|	rapi	0.05	0.05	0	|	95.0	0.05(95)	0.05(95)	|	2394	
5560	289	ok	|	0.05	1.00	1.00	0.05	0.03	0	|	rapi	0.05	0.05	0	|	95.0	0.05(95)	0.05(95)	|	2394	
5560	290	ok	|	0.06	1.00	1.00	0.06	0.03	0	|	rapi	0.06	0.06	0	|	95.0	0.06(95)	0.06(95)	|	2394	
5560	291	ok	|	0.06	1.00	1.00	0.06	0.03	0	|	rapi	0.06	0.06	0	|	95.0	0.06(95)	0.06(95)	|	2394	
5560	292	ok	|	0.06	1.00	1.00	0.06	0.03	0	|	rapi	0.06	0.06	0	|	95.0	0.06(95)	0.06(95)	|	2394	
5560	293	ok	|	0.06	1.00	1.00	0.06	0.03	0	|	rapi	0.06	0.06	0	|	95.0	0.06(95)	0.06(95)	|	2394	
5560	294	ok	|	0.06	1.00	1.00	0.06	0.03	0	|	rapi	0.06	0.06	0	|	95.0	0.06(95)	0.06(95)	|	2394	
5560	295	ok	|	0.06	1.00	1.00	0.07	0.03	0	|	rapi	0.06	0.07	0	|	95.0	0.07(95)	0.07(95)	|	2394	
5560	296	ok	|	0.06	1.00	1.00	0.06	0.03	0	|	rapi	0.06	0.06	0	|	95.0	0.06(95)	0.06(95)	|	2394	
5560	297	ok	|	0.06	1.00	1.00	0.06	0.03	0	|	rapi	0.06	0.06	0	|	95.0	0.06(95)	0.06(95)	|	2394	
5560	298	ok	|	0.07	1.00	1.00	0.07	0.04	0	|	rapi	0.07	0.07	0	|	95.0	0.07(95)	0.07(95)	|	2394	
5560	299	ok	|	0.08	1.00	1.00	0.08	0.04	0	|	rapi	0.08	0.08	0	|	95.0	0.08(95)	0.08(95)	|	2394	
5560	300	ok	|	0.09	1.00	1.00	0.09	0.04	0	|	rapi	0.09	0.09	0	|	95.0	0.09(95)	0.09(95)	|	2394	
5560	301	ok	|	0.08	1.00	1.00	0.08	0.04	0	|	rapi	0.08	0.08	0	|	95.0	0.08(95)	0.08(95)	|	2394	
5560	302	ok	|	0.08	1.00	1.00	0.08	0.04	0	|	rapi	0.08	0.08	0	|	95.0	0.08(95)	0.08(95)	|	2394	
5560	303	ok	|	0.09	1.00	1.00	0.09	0.04	0	|	rapi	0.09	0.09	0	|	95.0	0.09(95)	0.09(95)	|	2394	
5560	304	ok	|	0.08	1.00	1.00	0.08	0.04	0	|	rapi	0.08	0.08	0	|	95.0	0.08(95)	0.08(95)	|	2394	
5560	305	ok	|	0.08	1.00	1.00	0.08	0.04	0	|	rapi	0.08	0.08	0	|	95.0	0.08(95)	0.08(95)	|	2394	
5560	306	ok	|	0.07	1.00	1.00	0.08	0.04	0	|	rapi	0.07	0.08	0	|	95.0	0.08(95)	0.08(95)	|	2394	
5560	307	ok	|	0.08	1.00	1.00	0.08	0.04	0	|	rapi	0.08	0.08	0	|	95.0	0.08(95)	0.08(95)	|	2394	
5560	308	ok	|	0.08	1.00	1.00	0.08	0.04	0	|	rapi	0.08	0.08	0	|	95.0	0.08(95)	0.08(95)	|	2394	
5560	309	ok	|	0.08	1.00	1.00	0.08	0.04	0	|	rapi	0.08	0.08	0	|	95.0	0.08(95)	0.08(95)	|	2394	
5560	310	ok	|	0.07	1.00	1.00	0.07	0.04	0	|	rapi	0.07	0.07	0	|	95.0	0.07(95)	0.07(95)	|	2394	
5560	311	ok	|	0.07	1.00	1.00	0.07	0.04	0	|	rapi	0.07	0.07	0	|	95.0	0.07(95)	0.07(95)	|	2394	
5560	312	ok	|	0.07	1.00	1.00	0.07	0.04	0	|	rapi	0.07	0.07	0	|	95.0	0.07(95)	0.07(95)	|	2394	
5560	313	ok	|	0.06	1.00	1.00	0.06	0.03	0	|	rapi	0.06	0.06	0	|	95.0	0.06(95)	0.06(95)	|	2394	
5560	314	ok	|	0.06	1.00	1.00	0.06	0.03	0	|	rapi	0.06	0.06	0	|	95.0	0.06(95)	0.06(95)	|	2394	
5560	315	ok	|	0.07	1.00	1.00	0.07	0.04	0	|	rapi	0.07	0.07	0	|	95.0	0.07(95)	0.07(95)	|	2394	
5560	316	ok	|	0.06	1.00	1.00	0.06	0.03	0	|	rapi	0.06	0.06	0	|	95.0	0.06(95)	0.06(95)	|	2394	
5560	317	ok	|	0.07	1.00	1.00	0.07	0.03	0	|	rapi	0.07	0.07	0	|	95.0	0.07(95)	0.07(95)	|	2394	
5560	318	ok	|	0.06	1.00	1.00	0.06	0.03	0	|	rapi	0.06	0.06	0	|	95.0	0.06(95)	0.06(95)	|	2394	
5560	319	ok	|	0.05	1.00	1.00	0.05	0.02	0	|	rapi	0.05	0.05	0	|	95.0	0.05(95)	0.05(95)	|	2394	
5560	320	ok	|	0.04	1.00	1.00	0.04	0.02	0	|	rapi	0.04	0.04	0	|	95.0	0.04(95)	0.04(95)	|	2394	
5560	321	ok	|	0.05	1.00	1.00	0.06	0.03	0	|	rapi	0.05	0.06	0	|	95.0	0.06(95)	0.06(95)	|	2394	
5560	322	ok	|	0.06	1.00	1.00	0.06	0.03	0	|	rapi	0.06	0.06	0	|	95.0	0.06(95)	0.06(95)	|	2394	
5560	323	ok	|	0.06	1.00	1.00	0.06	0.03	0	|	rapi	0.06	0.06	0	|	95.0	0.06(95)	0.06(95)	|	2394	
5560	324	ok	|	0.06	1.00	1.00	0.06	0.03	0	|	rapi	0.06	0.06	0	|	95.0	0.06(95)	0.06(95)	|	2394	
5560	325	ok	|	0.06	1.00	1.00	0.06	0.03	0	|	rapi	0.06	0.06	0	|	95.0	0.06(95)	0.06(95)	|	2394	
5560	326	ok	|	0.04	1.00	1.00	0.05	0.02	0	|	rapi	0.04	0.05	0	|	95.0	0.05(95)	0.05(95)	|	2394	
5560	327	ok	|	0.05	1.00	1.00	0.05	0.02	0	|	rapi	0.05	0.05	0	|	95.0	0.05(95)	0.05(95)	|	2394	
5560	328	ok	|	0.05	1.00	1.00	0.05	0.03	0	|	rapi	0.05	0.05	0	|	95.0	0.05(95)	0.05(95)	|	2394	
5560	329	ok	|	0.05	1.00	1.00	0.05	0.02	0	|	rapi	0.05	0.05	0	|	95.0	0.05(95)	0.05(95)	|	2394	
5560	330	ok	|	0.05	1.00	1.00	0.05	0.02	0	|	rapi	0.05	0.05	0	|	95.0	0.05(95)	0.05(95)	|	2394	
5560	331	ok	|	0.04	1.00	1.00	0.04	0.02	0	|	rapi	0.04	0.04	0	|	95.0	0.04(95)	0.04(95)	|	2394	
5560	332	ok	|	0.04	1.00	1.00	0.04	0.02	0	|	rapi	0.04	0.04	0	|	95.0	0.04(95)	0.04(95)	|	2394	
5560	333	ok	|	0.05	1.00	1.00	0.05	0.02	0	|	rapi	0.05	0.05	0	|	95.0	0.05(95)	0.05(95)	|	2394	
5560	334	ok	|	0.05	1.00	1.00	0.05	0.03	0	|	rapi	0.05	0.05	0	|	95.0	0.05(95)	0.05(95)	|	2394	
5560	335	ok	|	0.05	1.00	1.00	0.05	0.02	0	|	rapi	0.05	0.05	0	|	95.0	0.05(95)	0.05(95)	|	2394	
5560	336	ok	|	0.05	1.00	1.00	0.05	0.03	0	|	rapi	0.05	0.05	0	|	95.0	0.05(95)	0.05(95)	|	2394	
5560	337	ok	|	0.05	1.00	1.00	0.05	0.03	0	|	rapi	0.05	0.05	0	|	95.0	0.05(95)	0.05(95)	|	2394	
5560	338	ok	|	0.06	1.00	1.00	0.06	0.03	0	|	rapi	0.06	0.06	0	|	95.0	0.06(95)	0.06(95)	|	2394	
5560	339	ok	|	0.04	1.00	1.00	0.05	0.02	0	|	rapi	0.04	0.05	0	|	95.0	0.05(95)	0.05(95)	|	2394	
5560	340	ok	|	0.05	1.00	1.00	0.05	0.02	0	|	rapi	0.05	0.05	0	|	95.0	0.05(95)	0.05(95)	|	2394	
5560	341	ok	|	0.05	1.00	1.00	0.05	0.03	0	|	rapi	0.05	0.05	0	|	95.0	0.05(95)	0.05(95)	|	2394	
5560	342	ok	|	0.04	1.00	1.00	0.04	0.02	0	|	rapi	0.04	0.04	0	|	95.0	0.04(95)	0.04(95)	|	2394	
5560	343	ok	|	0.04	1.00	1.00	0.04	0.02	0	|	rapi	0.04	0.04	0	|	95.0	0.04(95)	0.04(95)	|	2394	
5560	344	ok	|	0.04	1.00	1.00	0.04	0.02	0	|	rapi	0.04	0.04	0	|	95.0	0.04(95)	0.04(95)	|	2394	
5560	345	ok	|	0.04	1.00	1.00	0.04	0.02	0	|	rapi	0.04	0.04	0	|	95.0	0.04(95)	0.04(95)	|	2394	
5560	346	ok	|	0.04	1.00	1.00	0.04	0.02	0	|	rapi	0.04	0.04	0	|	95.0	0.04(95)	0.04(95)	|	2394	
5560	347	ok	|	0.03	1.00	1.00	0.03	0.02	0	|	rapi	0.03	0.03	0	|	95.0	0.03(95)	0.03(95)	|	2394	
5560	348	ok	|	0.02	1.00	1.00	0.02	0.01	0	|	rapi	0.02	0.02	0	|	95.0	0.02(95)	0.02(95)	|	2394	
5560	349	ok	|	0.02	1.00	1.00	0.02	0.01	0	|	rapi	0.02	0.02	0	|	95.0	0.02(95)	0.02(95)	|	2394	
5560	350	ok	|	0.01	1.00	1.00	0.01	0.01	0	|	rapi	0.01	0.01	0	|	95.0	0.01(95)	0.01(95)	|	2394	
5560	351	ok	|	0.02	1.00	1.00	0.02	0.01	0	|	rapi	0.02	0.02	0	|	95.0	0.02(95)	0.02(95)	|	2394	
5560	352	ok	|	0.02	1.00	1.00	0.02	0.01	0	|	rapi	0.02	0.02	0	|	95.0	0.02(95)	0.02(95)	|	2394	
5560	353	ok	|	0.02	1.00	1.00	0.02	0.01	0	|	rapi	0.02	0.02	0	|	95.0	0.02(95)	0.02(95)	|	2394	
5560	354	ok	|	0.02	1.00	1.00	0.02	0.01	0	|	rapi	0.02	0.02	0	|	95.0	0.02(95)	0.02(95)	|	2394	
5560	355	ok	|	0.01	1.00	1.00	0.01	0.01	0	|	rapi	0.01	0.01	0	|	95.0	0.01(95)	0.01(95)	|	2394	
5560	356	ok	|	0.01	1.00	1.00	0.01	0.01	0	|	rapi	0.01	0.01	0	|	95.0	0.01(95)	0.01(95)	|	2394	
5560	357	ok	|	0.01	1.00	1.00	0.01	0.00	0	|	rapi	0.01	0.01	0	|	95.0	0.01(95)	0.01(95)	|	2394	
5560	358	ok	|	0.01	1.00	1.00	0.01	0.00	0	|	rapi	0.01	0.01	0	|	95.0	0.01(95)	0.01(95)	|	2394	
5560	359	ok	|	0.01	1.00	1.00	0.01	0.00	0	|	rapi	0.01	0.01	0	|	95.0	0.01(95)	0.01(95)	|	2394	
5560	360	ok	|	0.00	1.00	1.00	0.00	0.00	0	|	rapi	0.00	0.00	0	|	95.0	0.00(95)	0.00(95)	|	2394	
5560	361	fail-0	|	0.00	1.00	1.00	0.00	NaN	0	|	rapi	0.00	0.00	0	|	NaN			|	2394	
