5586	0	ok	|	0.09	1.00	1.00	0.10	0.00	0	|	rapi	0.00	0.00	0	|	21.0	0.10(21)		|	1	
5586	1	ok	|	0.10	1.00	1.00	0.12	0.00	0	|	rapi	0.00	0.00	0	|	21.0	0.12(21)		|	1	
5586	2	ok	|	0.13	1.00	1.00	0.16	0.00	0	|	rapi	0.00	0.00	0	|	21.0	0.16(21)		|	1	
5586	3	ok	|	0.17	1.00	1.00	0.23	0.00	0	|	rapi	0.00	0.00	0	|	21.0	0.23(21)		|	1	
5586	4	ok	|	0.20	1.00	1.00	0.27	0.00	0	|	rapi	0.00	0.00	0	|	21.0	0.27(21)		|	1	
5586	5	ok	|	0.23	1.00	1.00	0.34	0.00	0	|	rapi	0.00	0.00	0	|	21.0	0.34(21)		|	1	
5586	6	ok	|	0.27	1.00	1.00	0.37	0.00	0	|	rapi	0.00	0.00	0	|	21.0	0.37(21)		|	1	
5586	7	ok	|	0.29	1.00	1.00	0.41	0.00	0	|	rapi	0.00	0.00	0	|	21.0	0.41(21)		|	1	
5586	8	ok	|	0.34	0.99	0.99	0.50	0.00	0	|	rapi	0.00	0.00	0	|	21.0	0.50(21)		|	1	
5586	9	ok	|	0.37	0.99	0.99	0.57	0.00	0	|	rapi	0.00	0.00	0	|	21.0	0.57(21)		|	1	
5586	10	ok	|	0.39	0.99	0.99	0.63	0.00	0	|	rapi	0.00	0.00	0	|	21.0	0.63(21)		|	1	
5586	11	ok	|	0.46	0.99	0.99	0.75	0.00	0	|	rapi	0.00	0.00	0	|	21.0	0.75(21)		|	1	
5586	12	ok	|	0.49	0.99	0.99	0.84	0.00	0	|	rapi	0.00	0.00	0	|	21.0	0.84(21)		|	1	
5586	13	ok	|	0.57	0.99	0.99	1.05	0.00	0	|	rapi	0.00	0.00	0	|	21.0	1.05(21)		|	1	
5586	14	ok	|	0.62	0.99	0.99	1.19	0.00	0	|	rapi	0.00	0.00	0	|	21.0	1.19(21)		|	1	
5586	15	ok	|	0.67	0.99	0.99	1.41	0.00	0	|	rapi	0.00	0.00	0	|	21.0	1.41(21)		|	1	
5586	16	ok	|	0.73	0.98	0.98	1.65	0.00	0	|	rapi	0.00	0.00	0	|	21.0	1.65(21)		|	1	
5586	17	ok	|	0.77	0.98	0.98	1.96	0.00	0	|	rapi	0.00	0.00	0	|	21.0	1.96(21)		|	1	
5586	18	ok	|	0.83	0.98	0.98	2.31	0.00	0	|	rapi	0.00	0.00	0	|	21.0	2.31(21)		|	1	
5586	19	ok	|	0.89	0.97	0.97	2.84	0.00	0	|	rapi	0.00	0.00	0	|	21.0	2.84(21)		|	1	
5586	20	ok	|	0.92	0.97	0.97	3.28	0.00	0	|	rapi	0.00	0.00	0	|	21.0	3.28(21)		|	1	
5586	21	ok	|	0.95	0.96	0.96	4.22	0.00	0	|	rapi	0.00	0.00	0	|	21.0	4.22(21)		|	1	
5586	22	ok	|	0.98	0.95	0.95	4.95	0.00	0	|	rapi	0.00	0.00	0	|	21.0	4.95(21)	0.00(21)	|	1	
5586	23	ok	|	1.00	0.94	0.94	5.83	0.00	0	|	rapi	0.00	0.00	0	|	21.0	5.83(21)	0.00(21)	|	1	
5586	24	ok	|	0.99	0.93	0.93	6.91	0.00	0	|	rapi	0.00	0.00	0	|	21.0	6.91(21)	0.00(21)	|	1	
5586	25	ok	|	1.00	0.92	0.92	8.14	0.00	0	|	rapi	0.00	0.00	0	|	21.0	8.14(21)	0.00(21)	|	1	
5586	26	ok	|	1.00	0.90	0.90	9.71	0.00	0	|	rapi	0.01	0.01	0	|	21.0	9.71(21)	0.01(21)	|	1	
5586	27	ok	|	1.00	0.88	0.88	11.54	0.00	0	|	rapi	0.01	0.01	0	|	21.0	11.54(21)	0.01(21)	|	1	
5586	28	ok	|	1.00	0.86	0.86	13.57	0.00	0	|	rapi	0.00	0.00	0	|	21.0	13.57(21)	0.00(21)	|	1	
5586	29	ok	|	1.00	0.84	0.84	15.72	0.00	0	|	rapi	0.00	0.00	0	|	21.0	15.72(21)	0.00(21)	|	1	
5586	30	ok	|	1.00	0.81	0.81	18.56	0.00	0	|	rapi	0.00	0.00	0	|	21.0	18.56(21)	0.00(21)	|	1	
5586	31	ok	|	1.00	0.78	0.78	21.67	0.00	0	|	rapi	0.01	0.01	0	|	21.0	21.67(21)	0.01(21)	|	1	
5586	32	ok	|	1.00	0.75	0.75	25.34	0.00	0	|	rapi	0.01	0.01	0	|	21.0	25.34(21)	0.01(21)	|	1	
5586	33	ok	|	1.00	0.70	0.70	29.88	0.00	0	|	rapi	0.01	0.01	0	|	21.0	29.88(21)	0.01(21)	|	1	
5586	34	ok	|	1.00	0.65	0.65	35.15	0.00	0	|	rapi	0.01	0.01	0	|	21.0	35.15(21)	0.01(21)	|	1	
5586	35	ok	|	1.00	0.59	0.59	40.82	0.00	0	|	rapi	0.02	0.02	0	|	21.0	40.82(21)	0.02(21)	|	1	
5586	36	ok	|	1.00	0.53	0.53	47.46	0.00	0	|	rapi	0.01	0.01	0	|	21.0	47.46(21)	0.01(21)	|	1	
5586	37	ok	|	1.00	0.45	0.45	55.51	0.00	0	|	rapi	0.01	0.01	0	|	21.0	55.51(21)	0.01(21)	|	1	
5586	38	ok	|	1.00	0.36	0.36	63.55	0.00	0	|	rapi	0.02	0.02	0	|	21.0	63.55(21)	0.02(21)	|	1	
5586	39	ok	|	1.00	0.28	0.28	72.44	0.00	0	|	rapi	0.03	0.03	0	|	21.0	72.44(21)	0.03(21)	|	1	
5586	40	ok	|	1.00	0.18	0.18	82.15	0.00	0	|	rapi	0.05	0.05	0	|	21.0	82.15(21)	0.05(21)	|	1	
5586	41	ok	|	1.00	0.12	0.12	89.61	0.00	0	|	rapi	0.08	0.08	0	|	21.0	89.61(21)	0.08(21)	|	1	
5586	42	fail-w	|	1.00	0.09	0.09	93.43	0.00	0	|	rapi	0.12	0.13	0	|	21.0	93.43(21)	0.13(21)	|	1	
