567	0	ok	|	0.09	1.00	1.00	0.10	0.00	0	|	rapi	0.00	0.00	0	|	-23.0	0.10(-23)		|	3	
567	1	ok	|	0.10	1.00	1.00	0.11	0.00	0	|	rapi	0.00	0.00	0	|	-23.0	0.11(-23)		|	3	
567	2	ok	|	0.10	1.00	1.00	0.12	0.00	0	|	rapi	0.00	0.00	0	|	-23.0	0.12(-23)		|	3	
567	3	ok	|	0.11	1.00	1.00	0.13	0.00	0	|	rapi	0.00	0.00	0	|	-23.0	0.13(-23)		|	3	
567	4	ok	|	0.12	1.00	1.00	0.14	0.00	0	|	rapi	0.00	0.00	0	|	-23.0	0.14(-23)		|	3	
567	5	ok	|	0.14	1.00	1.00	0.17	0.00	0	|	rapi	0.00	0.00	0	|	-23.0	0.17(-23)		|	3	
567	6	ok	|	0.18	1.00	1.00	0.24	0.00	0	|	rapi	0.00	0.00	0	|	-23.0	0.24(-23)		|	3	
567	7	ok	|	0.22	1.00	1.00	0.33	0.00	0	|	rapi	0.00	0.00	0	|	-23.0	0.33(-23)		|	3	
567	8	ok	|	0.23	1.00	1.00	0.35	0.00	0	|	rapi	0.00	0.00	0	|	-23.0	0.35(-23)		|	3	
567	9	ok	|	0.24	1.00	1.00	0.37	0.00	0	|	rapi	0.00	0.00	0	|	-23.0	0.37(-23)		|	3	
567	10	ok	|	0.28	1.00	1.00	0.41	0.00	0	|	rapi	0.00	0.00	0	|	-23.0	0.41(-23)		|	3	
567	11	ok	|	0.32	1.00	1.00	0.48	0.00	0	|	rapi	0.00	0.00	0	|	-23.0	0.48(-23)		|	3	
567	12	ok	|	0.38	0.99	0.99	0.61	0.00	0	|	rapi	0.00	0.00	0	|	-23.0	0.61(-23)		|	3	
567	13	ok	|	0.43	0.99	0.99	0.71	0.00	0	|	rapi	0.00	0.00	0	|	-23.0	0.71(-23)		|	3	
567	14	ok	|	0.43	0.99	0.99	0.80	0.00	0	|	rapi	0.00	0.00	0	|	-23.0	0.80(-23)		|	3	
567	15	ok	|	0.50	0.99	0.99	0.97	0.00	0	|	rapi	0.00	0.00	0	|	-23.0	0.97(-23)		|	3	
567	16	ok	|	0.55	0.99	0.99	1.11	0.00	0	|	rapi	0.00	0.00	0	|	-23.0	1.11(-23)		|	3	
567	17	ok	|	0.59	0.99	0.99	1.28	0.00	0	|	rapi	0.00	0.00	0	|	-23.0	1.28(-23)		|	3	
567	18	ok	|	0.68	0.98	0.98	1.54	0.00	0	|	rapi	0.00	0.00	0	|	-23.0	1.54(-23)		|	3	
567	19	ok	|	0.74	0.98	0.98	1.83	0.00	0	|	rapi	0.00	0.00	0	|	-23.0	1.83(-23)		|	3	
567	20	ok	|	0.80	0.98	0.98	2.20	0.00	0	|	rapi	0.00	0.00	0	|	-23.0	2.20(-23)		|	3	
567	21	ok	|	0.84	0.97	0.97	2.56	0.00	0	|	rapi	0.00	0.00	0	|	-23.0	2.56(-23)		|	3	
567	22	ok	|	0.91	0.97	0.97	3.17	0.00	0	|	rapi	0.00	0.00	0	|	-23.0	3.17(-23)		|	3	
567	23	ok	|	0.93	0.96	0.96	3.69	0.00	0	|	rapi	0.00	0.00	0	|	-23.0	3.69(-23)		|	3	
567	24	ok	|	0.96	0.96	0.96	4.29	0.00	0	|	rapi	0.00	0.00	0	|	-23.0	4.29(-23)		|	3	
567	25	ok	|	0.97	0.95	0.95	5.03	0.00	0	|	rapi	0.00	0.00	0	|	-23.0	5.03(-23)		|	3	
567	26	ok	|	0.99	0.94	0.94	6.00	0.00	0	|	rapi	0.00	0.00	0	|	-23.0	6.00(-23)		|	3	
567	27	ok	|	1.00	0.93	0.93	7.17	0.00	0	|	rapi	0.00	0.00	0	|	-23.0	7.17(-23)		|	3	
567	28	ok	|	1.00	0.92	0.92	8.41	0.00	0	|	rapi	0.00	0.00	0	|	-23.0	8.41(-23)		|	3	
567	29	ok	|	1.00	0.90	0.90	10.09	0.00	0	|	rapi	0.00	0.00	0	|	-23.0	10.09(-23)		|	3	
567	30	ok	|	1.00	0.88	0.88	11.88	0.00	0	|	rapi	0.00	0.00	0	|	-23.0	11.88(-23)		|	3	
567	31	ok	|	1.00	0.86	0.86	13.88	0.00	0	|	rapi	0.00	0.00	0	|	-23.0	13.88(-23)		|	3	
567	32	ok	|	1.00	0.84	0.84	16.15	0.00	0	|	rapi	0.00	0.00	0	|	-23.0	16.15(-23)	0.00(-23)	|	3	
567	33	ok	|	1.00	0.81	0.81	18.71	0.00	0	|	rapi	0.00	0.00	0	|	-23.0	18.71(-23)	0.00(-23)	|	3	
567	34	ok	|	1.00	0.78	0.78	22.32	0.00	0	|	rapi	0.00	0.00	0	|	-23.0	22.32(-23)	0.00(-23)	|	3	
567	35	ok	|	1.00	0.74	0.74	26.24	0.00	0	|	rapi	0.00	0.00	0	|	-23.0	26.24(-23)	0.00(-23)	|	3	
567	36	ok	|	1.00	0.69	0.69	30.77	0.00	0	|	rapi	0.00	0.00	0	|	-23.0	30.77(-23)	0.00(-23)	|	3	
567	37	ok	|	1.00	0.64	0.64	35.70	0.00	0	|	rapi	0.00	0.00	0	|	-23.0	35.70(-23)	0.00(-23)	|	3	
567	38	ok	|	1.00	0.58	0.58	41.90	0.00	0	|	rapi	0.00	0.00	0	|	-23.0	41.90(-23)	0.00(-23)	|	3	
567	39	ok	|	1.00	0.51	0.51	48.61	0.00	0	|	rapi	0.01	0.01	0	|	-23.0	48.61(-23)	0.01(-23)	|	3	
567	40	ok	|	1.00	0.43	0.43	56.68	0.00	0	|	rapi	0.01	0.01	0	|	-23.0	56.68(-23)	0.01(-23)	|	3	
567	41	ok	|	1.00	0.34	0.34	65.53	0.00	0	|	rapi	0.01	0.01	0	|	-23.0	65.53(-23)	0.01(-23)	|	3	
567	42	ok	|	1.00	0.26	0.26	74.42	0.00	0	|	rapi	0.01	0.01	0	|	-23.0	74.42(-23)	0.01(-23)	|	3	
567	43	ok	|	1.00	0.16	0.16	84.12	0.00	0	|	rapi	0.01	0.01	0	|	-23.0	84.12(-23)	0.01(-23)	|	3	
567	44	fail-w	|	1.00	0.08	0.08	93.36	0.00	0	|	rapi	0.02	0.02	0	|	-23.0	93.36(-23)	0.02(-23)	|	3	
