5699	0	ok	|	0.10	1.00	1.00	0.10	0.00	0	|	rapi	0.09	0.10	0	|	58.0	0.10(58)	0.10(58)	|	8801	
5699	1	ok	|	0.09	1.00	1.00	0.10	0.00	0	|	rapi	0.09	0.09	0	|	58.0	0.10(58)	0.09(58)	|	8801	
5699	2	ok	|	0.09	1.00	1.00	0.10	0.00	0	|	rapi	0.09	0.10	0	|	58.0	0.10(58)	0.10(58)	|	8801	
5699	3	ok	|	0.10	1.00	1.00	0.11	0.00	0	|	rapi	0.10	0.11	0	|	58.0	0.11(58)	0.11(58)	|	8801	
5699	4	ok	|	0.10	1.00	1.00	0.11	0.00	0	|	rapi	0.10	0.11	0	|	58.0	0.11(58)	0.11(58)	|	8801	
5699	5	ok	|	0.10	1.00	1.00	0.11	0.00	0	|	rapi	0.10	0.11	0	|	58.0	0.11(58)	0.11(58)	|	8801	
5699	6	ok	|	0.10	1.00	1.00	0.11	0.00	0	|	rapi	0.10	0.11	0	|	58.0	0.11(58)	0.11(58)	|	8801	
5699	7	ok	|	0.10	1.00	1.00	0.11	0.00	0	|	rapi	0.10	0.11	0	|	58.0	0.11(58)	0.11(58)	|	8801	
5699	8	ok	|	0.12	1.00	1.00	0.12	0.00	0	|	rapi	0.12	0.12	0	|	58.0	0.12(58)	0.12(58)	|	8801	
5699	9	ok	|	0.13	1.00	1.00	0.13	0.00	0	|	rapi	0.13	0.13	0	|	58.0	0.13(58)	0.13(58)	|	8801	
5699	10	ok	|	0.12	1.00	1.00	0.13	0.00	0	|	rapi	0.12	0.13	0	|	58.0	0.13(58)	0.13(58)	|	8801	
5699	11	ok	|	0.12	1.00	1.00	0.13	0.00	0	|	rapi	0.12	0.13	0	|	58.0	0.13(58)	0.13(58)	|	8801	
5699	12	ok	|	0.11	1.00	1.00	0.12	0.00	0	|	rapi	0.11	0.12	0	|	58.0	0.12(58)	0.12(58)	|	8801	
5699	13	ok	|	0.10	1.00	1.00	0.12	0.00	0	|	rapi	0.10	0.12	0	|	58.0	0.12(58)	0.12(58)	|	8801	
5699	14	ok	|	0.10	1.00	1.00	0.11	0.00	0	|	rapi	0.10	0.11	0	|	58.0	0.11(58)	0.11(58)	|	8801	
5699	15	ok	|	0.09	1.00	1.00	0.10	0.00	0	|	rapi	0.09	0.10	0	|	58.0	0.10(58)	0.10(58)	|	8801	
5699	16	ok	|	0.10	1.00	1.00	0.11	0.00	0	|	rapi	0.10	0.11	0	|	58.0	0.11(58)	0.11(58)	|	8801	
5699	17	ok	|	0.10	1.00	1.00	0.10	0.00	0	|	rapi	0.10	0.10	0	|	58.0	0.10(58)	0.10(58)	|	8801	
5699	18	ok	|	0.08	1.00	1.00	0.09	0.00	0	|	rapi	0.08	0.09	0	|	58.0	0.09(58)	0.09(58)	|	8801	
5699	19	ok	|	0.09	1.00	1.00	0.10	0.00	0	|	rapi	0.09	0.10	0	|	58.0	0.10(58)	0.10(58)	|	8801	
5699	20	ok	|	0.08	1.00	1.00	0.08	0.00	0	|	rapi	0.08	0.08	0	|	58.0	0.08(58)	0.08(58)	|	8801	
5699	21	ok	|	0.08	1.00	1.00	0.08	0.00	0	|	rapi	0.08	0.08	0	|	58.0	0.08(58)	0.08(58)	|	8801	
5699	22	ok	|	0.07	1.00	1.00	0.07	0.00	0	|	rapi	0.07	0.07	0	|	58.0	0.07(58)	0.07(58)	|	8801	
5699	23	ok	|	0.07	1.00	1.00	0.07	0.00	0	|	rapi	0.07	0.07	0	|	58.0	0.07(58)	0.07(58)	|	8801	
5699	24	ok	|	0.07	1.00	1.00	0.07	0.00	0	|	rapi	0.07	0.07	0	|	58.0	0.07(58)	0.07(58)	|	8801	
5699	25	ok	|	0.07	1.00	1.00	0.07	0.00	0	|	rapi	0.07	0.07	0	|	58.0	0.07(58)	0.07(58)	|	8801	
5699	26	ok	|	0.07	1.00	1.00	0.07	0.00	0	|	rapi	0.07	0.07	0	|	58.0	0.07(58)	0.07(58)	|	8801	
5699	27	ok	|	0.07	1.00	1.00	0.07	0.01	0	|	rapi	0.07	0.07	0	|	58.0	0.07(58)	0.07(58)	|	8801	
5699	28	ok	|	0.08	1.00	1.00	0.08	0.01	0	|	rapi	0.08	0.08	0	|	58.0	0.08(58)	0.08(58)	|	8801	
5699	29	ok	|	0.08	1.00	1.00	0.08	0.01	0	|	rapi	0.08	0.08	0	|	58.0	0.08(58)	0.08(58)	|	8801	
5699	30	ok	|	0.08	1.00	1.00	0.09	0.01	0	|	rapi	0.08	0.09	0	|	58.0	0.09(58)	0.09(58)	|	8801	
5699	31	ok	|	0.08	1.00	1.00	0.08	0.01	0	|	rapi	0.08	0.08	0	|	58.0	0.08(58)	0.08(58)	|	8801	
5699	32	ok	|	0.08	1.00	1.00	0.08	0.01	0	|	rapi	0.08	0.08	0	|	58.0	0.08(58)	0.08(58)	|	8801	
5699	33	ok	|	0.06	1.00	1.00	0.06	0.01	0	|	rapi	0.06	0.06	0	|	58.0	0.06(58)	0.06(58)	|	8801	
5699	34	ok	|	0.04	1.00	1.00	0.04	0.00	0	|	rapi	0.04	0.04	0	|	58.0	0.04(58)	0.04(58)	|	8801	
5699	35	ok	|	0.05	1.00	1.00	0.05	0.00	0	|	rapi	0.05	0.05	0	|	58.0	0.05(58)	0.05(58)	|	8801	
5699	36	ok	|	0.05	1.00	1.00	0.05	0.01	0	|	rapi	0.05	0.05	0	|	58.0	0.05(58)	0.05(58)	|	8801	
5699	37	ok	|	0.05	1.00	1.00	0.05	0.00	0	|	rapi	0.05	0.05	0	|	58.0	0.05(58)	0.05(58)	|	8801	
5699	38	ok	|	0.04	1.00	1.00	0.04	0.01	0	|	rapi	0.04	0.04	0	|	58.0	0.04(58)	0.04(58)	|	8801	
5699	39	ok	|	0.04	1.00	1.00	0.04	0.01	0	|	rapi	0.04	0.04	0	|	58.0	0.04(58)	0.04(58)	|	8801	
5699	40	ok	|	0.05	1.00	1.00	0.05	0.01	0	|	rapi	0.05	0.05	0	|	58.0	0.05(58)	0.05(58)	|	8801	
5699	41	ok	|	0.05	1.00	1.00	0.05	0.01	0	|	rapi	0.05	0.05	0	|	58.0	0.05(58)	0.05(58)	|	8801	
5699	42	ok	|	0.06	1.00	1.00	0.06	0.01	0	|	rapi	0.06	0.06	0	|	58.0	0.06(58)	0.06(58)	|	8801	
5699	43	ok	|	0.07	1.00	1.00	0.07	0.01	0	|	rapi	0.07	0.07	0	|	58.0	0.07(58)	0.07(58)	|	8801	
5699	44	ok	|	0.06	1.00	1.00	0.06	0.01	0	|	rapi	0.06	0.06	0	|	58.0	0.06(58)	0.06(58)	|	8801	
5699	45	ok	|	0.06	1.00	1.00	0.06	0.01	0	|	rapi	0.06	0.06	0	|	58.0	0.06(58)	0.06(58)	|	8801	
5699	46	ok	|	0.04	1.00	1.00	0.04	0.01	0	|	rapi	0.04	0.04	0	|	58.0	0.04(58)	0.04(58)	|	8801	
5699	47	ok	|	0.04	1.00	1.00	0.04	0.01	0	|	rapi	0.04	0.04	0	|	58.0	0.04(58)	0.04(58)	|	8801	
5699	48	ok	|	0.05	1.00	1.00	0.05	0.01	0	|	rapi	0.05	0.05	0	|	58.0	0.05(58)	0.05(58)	|	8801	
5699	49	ok	|	0.06	1.00	1.00	0.06	0.01	0	|	rapi	0.06	0.06	0	|	58.0	0.06(58)	0.06(58)	|	8801	
5699	50	ok	|	0.05	1.00	1.00	0.05	0.01	0	|	rapi	0.05	0.05	0	|	58.0	0.05(58)	0.05(58)	|	8801	
5699	51	ok	|	0.05	1.00	1.00	0.05	0.01	0	|	rapi	0.05	0.05	0	|	58.0	0.05(58)	0.05(58)	|	8801	
5699	52	ok	|	0.04	1.00	1.00	0.05	0.01	0	|	rapi	0.04	0.05	0	|	58.0	0.05(58)	0.05(58)	|	8801	
5699	53	ok	|	0.04	1.00	1.00	0.04	0.01	0	|	rapi	0.04	0.04	0	|	58.0	0.04(58)	0.04(58)	|	8801	
5699	54	ok	|	0.03	1.00	1.00	0.03	0.01	0	|	rapi	0.03	0.03	0	|	58.0	0.03(58)	0.03(58)	|	8801	
5699	55	ok	|	0.04	1.00	1.00	0.04	0.01	0	|	rapi	0.04	0.04	0	|	58.0	0.04(58)	0.04(58)	|	8801	
5699	56	ok	|	0.04	1.00	1.00	0.04	0.01	0	|	rapi	0.04	0.04	0	|	58.0	0.04(58)	0.04(58)	|	8801	
5699	57	ok	|	0.03	1.00	1.00	0.03	0.01	0	|	rapi	0.03	0.03	0	|	58.0	0.03(58)	0.03(58)	|	8801	
5699	58	ok	|	0.03	1.00	1.00	0.03	0.01	0	|	rapi	0.03	0.03	0	|	58.0	0.03(58)	0.03(58)	|	8801	
5699	59	ok	|	0.02	1.00	1.00	0.02	0.01	0	|	rapi	0.02	0.02	0	|	58.0	0.02(58)	0.02(58)	|	8801	
5699	60	ok	|	0.02	1.00	1.00	0.02	0.01	0	|	rapi	0.02	0.02	0	|	58.0	0.02(58)	0.02(58)	|	8801	
5699	61	ok	|	0.03	1.00	1.00	0.03	0.01	0	|	rapi	0.03	0.03	0	|	58.0	0.03(58)	0.03(58)	|	8801	
5699	62	ok	|	0.02	1.00	1.00	0.02	0.01	0	|	rapi	0.02	0.02	0	|	58.0	0.02(58)	0.02(58)	|	8801	
5699	63	ok	|	0.03	1.00	1.00	0.03	0.01	0	|	rapi	0.03	0.03	0	|	58.0	0.03(58)	0.03(58)	|	8801	
5699	64	ok	|	0.02	1.00	1.00	0.02	0.01	0	|	rapi	0.02	0.02	0	|	58.0	0.02(58)	0.02(58)	|	8801	
5699	65	ok	|	0.03	1.00	1.00	0.03	0.01	0	|	rapi	0.03	0.03	0	|	58.0	0.03(58)	0.03(58)	|	8801	
5699	66	ok	|	0.03	1.00	1.00	0.03	0.02	0	|	rapi	0.03	0.03	0	|	58.0	0.03(58)	0.03(58)	|	8801	
5699	67	ok	|	0.03	1.00	1.00	0.03	0.01	0	|	rapi	0.03	0.03	0	|	58.0	0.03(58)	0.03(58)	|	8801	
5699	68	ok	|	0.03	1.00	1.00	0.03	0.02	0	|	rapi	0.03	0.03	0	|	58.0	0.03(58)	0.03(58)	|	8801	
5699	69	ok	|	0.03	1.00	1.00	0.03	0.01	0	|	rapi	0.03	0.03	0	|	58.0	0.03(58)	0.03(58)	|	8801	
5699	70	ok	|	0.03	1.00	1.00	0.03	0.01	0	|	rapi	0.03	0.03	0	|	58.0	0.03(58)	0.03(58)	|	8801	
5699	71	ok	|	0.03	1.00	1.00	0.03	0.01	0	|	rapi	0.03	0.03	0	|	58.0	0.03(58)	0.03(58)	|	8801	
5699	72	ok	|	0.03	1.00	1.00	0.03	0.01	0	|	rapi	0.03	0.03	0	|	58.0	0.03(58)	0.03(58)	|	8801	
5699	73	ok	|	0.02	1.00	1.00	0.02	0.01	0	|	rapi	0.02	0.02	0	|	58.0	0.02(58)	0.02(58)	|	8801	
5699	74	ok	|	0.03	1.00	1.00	0.03	0.02	0	|	rapi	0.03	0.03	0	|	58.0	0.03(58)	0.03(58)	|	8801	
5699	75	ok	|	0.02	1.00	1.00	0.02	0.01	0	|	rapi	0.02	0.02	0	|	58.0	0.02(58)	0.02(58)	|	8801	
5699	76	ok	|	0.03	1.00	1.00	0.03	0.01	0	|	rapi	0.03	0.03	0	|	58.0	0.03(58)	0.03(58)	|	8801	
5699	77	ok	|	0.02	1.00	1.00	0.02	0.01	0	|	rapi	0.02	0.02	0	|	58.0	0.02(58)	0.02(58)	|	8801	
5699	78	ok	|	0.02	1.00	1.00	0.03	0.01	0	|	rapi	0.02	0.03	0	|	58.0	0.03(58)	0.03(58)	|	8801	
5699	79	ok	|	0.03	1.00	1.00	0.03	0.01	0	|	rapi	0.03	0.03	0	|	58.0	0.03(58)	0.03(58)	|	8801	
5699	80	ok	|	0.02	1.00	1.00	0.02	0.01	0	|	rapi	0.02	0.02	0	|	58.0	0.02(58)	0.02(58)	|	8801	
5699	81	ok	|	0.01	1.00	1.00	0.01	0.01	0	|	rapi	0.01	0.01	0	|	58.0	0.01(58)	0.01(58)	|	8801	
5699	82	ok	|	0.01	1.00	1.00	0.01	0.01	0	|	rapi	0.01	0.01	0	|	58.0	0.01(58)	0.01(58)	|	8801	
5699	83	ok	|	0.01	1.00	1.00	0.01	0.01	0	|	rapi	0.01	0.01	0	|	58.0	0.01(58)	0.01(58)	|	8801	
5699	84	ok	|	0.01	1.00	1.00	0.01	0.01	0	|	rapi	0.01	0.01	0	|	58.0	0.01(58)	0.01(58)	|	8801	
5699	85	ok	|	0.01	1.00	1.00	0.01	0.00	0	|	rapi	0.01	0.01	0	|	58.0	0.01(58)	0.01(58)	|	8801	
5699	86	ok	|	0.01	1.00	1.00	0.01	0.00	0	|	rapi	0.01	0.01	0	|	58.0	0.01(58)	0.01(58)	|	8801	
5699	87	ok	|	0.01	1.00	1.00	0.01	0.00	0	|	rapi	0.01	0.01	0	|	58.0	0.01(58)	0.01(58)	|	8801	
5699	88	ok	|	0.01	1.00	1.00	0.01	0.00	0	|	rapi	0.01	0.01	0	|	58.0	0.01(58)	0.01(58)	|	8801	
5699	89	ok	|	0.00	1.00	1.00	0.00	0.00	0	|	rapi	0.00	0.00	0	|	58.0	0.00(58)	0.00(58)	|	8801	
5699	90	ok	|	0.00	1.00	1.00	0.00	0.00	0	|	rapi	0.00	0.00	0	|	58.0	0.00(58)	0.00(58)	|	8801	
5699	91	ok	|	0.01	1.00	1.00	0.01	0.00	0	|	rapi	0.01	0.01	0	|	58.0	0.01(58)	0.01(58)	|	8801	
5699	92	ok	|	0.01	1.00	1.00	0.01	0.00	0	|	rapi	0.01	0.01	0	|	58.0	0.01(58)	0.01(58)	|	8801	
5699	93	ok	|	0.01	1.00	1.00	0.01	0.00	0	|	rapi	0.01	0.01	0	|	58.0	0.01(58)	0.01(58)	|	8801	
5699	94	ok	|	0.01	1.00	1.00	0.01	0.00	0	|	rapi	0.01	0.01	0	|	58.0	0.01(58)	0.01(58)	|	8801	
5699	95	ok	|	0.01	1.00	1.00	0.01	0.00	0	|	rapi	0.01	0.01	0	|	58.0	0.01(58)	0.01(58)	|	8801	
5699	96	ok	|	0.01	1.00	1.00	0.01	0.00	0	|	rapi	0.01	0.01	0	|	58.0	0.01(58)	0.01(58)	|	8801	
5699	97	ok	|	0.01	1.00	1.00	0.01	0.00	0	|	rapi	0.01	0.01	0	|	58.0	0.01(58)	0.01(58)	|	8801	
5699	98	ok	|	0.01	1.00	1.00	0.01	0.00	0	|	rapi	0.01	0.01	0	|	58.0	0.01(58)	0.01(58)	|	8801	
5699	99	ok	|	0.01	1.00	1.00	0.01	0.01	0	|	rapi	0.01	0.01	0	|	58.0	0.01(58)	0.01(58)	|	8801	
5699	100	ok	|	0.01	1.00	1.00	0.01	0.00	0	|	rapi	0.01	0.01	0	|	58.0	0.01(58)	0.01(58)	|	8801	
5699	101	ok	|	0.01	1.00	1.00	0.01	0.00	0	|	rapi	0.01	0.01	0	|	58.0	0.01(58)	0.01(58)	|	8801	
5699	102	ok	|	0.01	1.00	1.00	0.01	0.00	0	|	rapi	0.01	0.01	0	|	58.0	0.01(58)	0.01(58)	|	8801	
5699	103	ok	|	0.01	1.00	1.00	0.01	0.00	0	|	rapi	0.01	0.01	0	|	58.0	0.01(58)	0.01(58)	|	8801	
5699	104	ok	|	0.01	1.00	1.00	0.01	0.00	0	|	rapi	0.01	0.01	0	|	58.0	0.01(58)	0.01(58)	|	8801	
5699	105	ok	|	0.00	1.00	1.00	0.00	0.00	0	|	rapi	0.00	0.00	0	|	58.0	0.00(58)	0.00(58)	|	8801	
5699	106	ok	|	0.00	1.00	1.00	0.00	0.00	0	|	rapi	0.00	0.00	0	|	58.0	0.00(58)	0.00(58)	|	8801	
5699	107	ok	|	0.00	1.00	1.00	0.00	0.00	0	|	rapi	0.00	0.00	0	|	58.0	0.00(58)	0.00(58)	|	8801	
5699	108	ok	|	0.01	1.00	1.00	0.01	0.00	0	|	rapi	0.01	0.01	0	|	58.0	0.01(58)	0.01(58)	|	8801	
5699	109	ok	|	0.01	1.00	1.00	0.01	0.00	0	|	rapi	0.01	0.01	0	|	58.0	0.01(58)	0.01(58)	|	8801	
5699	110	ok	|	0.00	1.00	1.00	0.00	0.00	0	|	rapi	0.00	0.00	0	|	58.0	0.00(58)	0.00(58)	|	8801	
5699	111	ok	|	0.00	1.00	1.00	0.00	0.00	0	|	rapi	0.00	0.00	0	|	58.0	0.00(58)	0.00(58)	|	8801	
5699	112	ok	|	0.01	1.00	1.00	0.01	0.00	0	|	rapi	0.01	0.01	0	|	58.0	0.01(58)	0.01(58)	|	8801	
5699	113	ok	|	0.01	1.00	1.00	0.01	0.00	0	|	rapi	0.01	0.01	0	|	58.0	0.01(58)	0.01(58)	|	8801	
5699	114	ok	|	0.00	1.00	1.00	0.00	0.00	0	|	rapi	0.00	0.00	0	|	58.0	0.00(58)	0.00(58)	|	8801	
5699	115	ok	|	0.01	1.00	1.00	0.01	0.00	0	|	rapi	0.01	0.01	0	|	58.0	0.01(58)	0.01(58)	|	8801	
5699	116	ok	|	0.01	1.00	1.00	0.01	0.00	0	|	rapi	0.01	0.01	0	|	58.0	0.01(58)	0.01(58)	|	8801	
5699	117	ok	|	0.01	1.00	1.00	0.01	0.00	0	|	rapi	0.01	0.01	0	|	58.0	0.01(58)	0.01(58)	|	8801	
5699	118	ok	|	0.01	1.00	1.00	0.01	0.00	0	|	rapi	0.01	0.01	0	|	58.0	0.01(58)	0.01(58)	|	8801	
5699	119	ok	|	0.01	1.00	1.00	0.01	0.01	0	|	rapi	0.01	0.01	0	|	58.0	0.01(58)	0.01(58)	|	8801	
5699	120	ok	|	0.01	1.00	1.00	0.01	0.01	0	|	rapi	0.01	0.01	0	|	58.0	0.01(58)	0.01(58)	|	8801	
5699	121	ok	|	0.01	1.00	1.00	0.01	0.01	0	|	rapi	0.01	0.01	0	|	58.0	0.01(58)	0.01(58)	|	8801	
5699	122	ok	|	0.01	1.00	1.00	0.01	0.01	0	|	rapi	0.01	0.01	0	|	58.0	0.01(58)	0.01(58)	|	8801	
5699	123	ok	|	0.01	1.00	1.00	0.01	0.01	0	|	rapi	0.01	0.01	0	|	58.0	0.01(58)	0.01(58)	|	8801	
5699	124	ok	|	0.01	1.00	1.00	0.01	0.01	0	|	rapi	0.01	0.01	0	|	58.0	0.01(58)	0.01(58)	|	8801	
5699	125	ok	|	0.01	1.00	1.00	0.01	0.01	0	|	rapi	0.01	0.01	0	|	58.0	0.01(58)	0.01(58)	|	8801	
5699	126	ok	|	0.01	1.00	1.00	0.01	0.01	0	|	rapi	0.01	0.01	0	|	58.0	0.01(58)	0.01(58)	|	8801	
5699	127	ok	|	0.02	1.00	1.00	0.02	0.01	0	|	rapi	0.02	0.02	0	|	58.0	0.02(58)	0.02(58)	|	8801	
5699	128	ok	|	0.02	1.00	1.00	0.02	0.01	0	|	rapi	0.02	0.02	0	|	58.0	0.02(58)	0.02(58)	|	8801	
5699	129	ok	|	0.02	1.00	1.00	0.02	0.01	0	|	rapi	0.02	0.02	0	|	58.0	0.02(58)	0.02(58)	|	8801	
5699	130	ok	|	0.01	1.00	1.00	0.01	0.01	0	|	rapi	0.01	0.01	0	|	58.0	0.01(58)	0.01(58)	|	8801	
5699	131	ok	|	0.02	1.00	1.00	0.02	0.01	0	|	rapi	0.02	0.02	0	|	58.0	0.02(58)	0.02(58)	|	8801	
5699	132	ok	|	0.02	1.00	1.00	0.02	0.01	0	|	rapi	0.02	0.02	0	|	58.0	0.02(58)	0.02(58)	|	8801	
5699	133	ok	|	0.03	1.00	1.00	0.03	0.01	0	|	rapi	0.03	0.03	0	|	58.0	0.03(58)	0.03(58)	|	8801	
5699	134	ok	|	0.03	1.00	1.00	0.03	0.02	0	|	rapi	0.03	0.03	0	|	58.0	0.03(58)	0.03(58)	|	8801	
5699	135	ok	|	0.04	1.00	1.00	0.04	0.02	0	|	rapi	0.04	0.04	0	|	58.0	0.04(58)	0.04(58)	|	8801	
5699	136	ok	|	0.04	1.00	1.00	0.04	0.02	0	|	rapi	0.04	0.04	0	|	58.0	0.04(58)	0.04(58)	|	8801	
5699	137	ok	|	0.04	1.00	1.00	0.04	0.02	0	|	rapi	0.04	0.04	0	|	58.0	0.04(58)	0.04(58)	|	8801	
5699	138	ok	|	0.05	1.00	1.00	0.05	0.02	0	|	rapi	0.05	0.05	0	|	58.0	0.05(58)	0.05(58)	|	8801	
5699	139	ok	|	0.04	1.00	1.00	0.04	0.02	0	|	rapi	0.04	0.04	0	|	58.0	0.04(58)	0.04(58)	|	8801	
5699	140	ok	|	0.04	1.00	1.00	0.04	0.02	0	|	rapi	0.04	0.04	0	|	58.0	0.04(58)	0.04(58)	|	8801	
5699	141	ok	|	0.04	1.00	1.00	0.04	0.02	0	|	rapi	0.04	0.04	0	|	58.0	0.04(58)	0.04(58)	|	8801	
5699	142	ok	|	0.05	1.00	1.00	0.05	0.03	0	|	rapi	0.05	0.05	0	|	58.0	0.05(58)	0.05(58)	|	8801	
5699	143	ok	|	0.06	1.00	1.00	0.06	0.03	0	|	rapi	0.06	0.06	0	|	58.0	0.06(58)	0.06(58)	|	8801	
5699	144	ok	|	0.06	1.00	1.00	0.06	0.03	0	|	rapi	0.06	0.06	0	|	58.0	0.06(58)	0.06(58)	|	8801	
5699	145	ok	|	0.05	1.00	1.00	0.05	0.02	0	|	rapi	0.05	0.05	0	|	58.0	0.05(58)	0.05(58)	|	8801	
5699	146	ok	|	0.04	1.00	1.00	0.04	0.02	0	|	rapi	0.04	0.04	0	|	58.0	0.04(58)	0.04(58)	|	8801	
5699	147	ok	|	0.05	1.00	1.00	0.05	0.02	0	|	rapi	0.05	0.05	0	|	58.0	0.05(58)	0.05(58)	|	8801	
5699	148	ok	|	0.05	1.00	1.00	0.05	0.02	0	|	rapi	0.05	0.05	0	|	58.0	0.05(58)	0.05(58)	|	8801	
5699	149	ok	|	0.06	1.00	1.00	0.06	0.03	0	|	rapi	0.06	0.06	0	|	58.0	0.06(58)	0.06(58)	|	8801	
5699	150	ok	|	0.05	1.00	1.00	0.05	0.03	0	|	rapi	0.05	0.05	0	|	58.0	0.05(58)	0.05(58)	|	8801	
5699	151	ok	|	0.05	1.00	1.00	0.05	0.02	0	|	rapi	0.05	0.05	0	|	58.0	0.05(58)	0.05(58)	|	8801	
5699	152	ok	|	0.04	1.00	1.00	0.04	0.02	0	|	rapi	0.04	0.04	0	|	58.0	0.04(58)	0.04(58)	|	8801	
5699	153	ok	|	0.04	1.00	1.00	0.04	0.02	0	|	rapi	0.04	0.04	0	|	58.0	0.04(58)	0.04(58)	|	8801	
5699	154	ok	|	0.04	1.00	1.00	0.04	0.02	0	|	rapi	0.04	0.04	0	|	58.0	0.04(58)	0.04(58)	|	8801	
5699	155	ok	|	0.04	1.00	1.00	0.04	0.02	0	|	rapi	0.04	0.04	0	|	58.0	0.04(58)	0.04(58)	|	8801	
5699	156	ok	|	0.05	1.00	1.00	0.05	0.02	0	|	rapi	0.05	0.05	0	|	58.0	0.05(58)	0.05(58)	|	8801	
5699	157	ok	|	0.05	1.00	1.00	0.05	0.02	0	|	rapi	0.05	0.05	0	|	58.0	0.05(58)	0.05(58)	|	8801	
5699	158	ok	|	0.07	1.00	1.00	0.07	0.03	0	|	rapi	0.07	0.07	0	|	58.0	0.07(58)	0.07(58)	|	8801	
5699	159	ok	|	0.07	1.00	1.00	0.07	0.04	0	|	rapi	0.07	0.07	0	|	58.0	0.07(58)	0.07(58)	|	8801	
5699	160	ok	|	0.07	1.00	1.00	0.07	0.03	0	|	rapi	0.07	0.07	0	|	58.0	0.07(58)	0.07(58)	|	8801	
5699	161	ok	|	0.07	1.00	1.00	0.07	0.04	0	|	rapi	0.07	0.07	0	|	58.0	0.07(58)	0.07(58)	|	8801	
5699	162	ok	|	0.09	1.00	1.00	0.09	0.04	0	|	rapi	0.09	0.09	0	|	58.0	0.09(58)	0.09(58)	|	8801	
5699	163	ok	|	0.08	1.00	1.00	0.09	0.04	0	|	rapi	0.08	0.09	0	|	58.0	0.09(58)	0.09(58)	|	8801	
5699	164	ok	|	0.09	1.00	1.00	0.09	0.04	0	|	rapi	0.09	0.09	0	|	58.0	0.09(58)	0.09(58)	|	8801	
5699	165	ok	|	0.08	1.00	1.00	0.08	0.04	0	|	rapi	0.08	0.08	0	|	58.0	0.08(58)	0.08(58)	|	8801	
5699	166	ok	|	0.09	1.00	1.00	0.09	0.04	0	|	rapi	0.09	0.09	0	|	58.0	0.09(58)	0.09(58)	|	8801	
5699	167	ok	|	0.09	1.00	1.00	0.10	0.05	0	|	rapi	0.09	0.10	0	|	58.0	0.10(58)	0.10(58)	|	8801	
5699	168	ok	|	0.10	1.00	1.00	0.11	0.05	0	|	rapi	0.10	0.11	0	|	58.0	0.11(58)	0.11(58)	|	8801	
5699	169	ok	|	0.11	1.00	1.00	0.11	0.05	0	|	rapi	0.11	0.11	0	|	58.0	0.11(58)	0.11(58)	|	8801	
5699	170	ok	|	0.11	1.00	1.00	0.11	0.05	0	|	rapi	0.11	0.11	0	|	58.0	0.11(58)	0.11(58)	|	8801	
5699	171	ok	|	0.10	1.00	1.00	0.11	0.05	0	|	rapi	0.10	0.11	0	|	58.0	0.11(58)	0.11(58)	|	8801	
5699	172	ok	|	0.07	1.00	1.00	0.07	0.04	0	|	rapi	0.07	0.07	0	|	58.0	0.07(58)	0.07(58)	|	8801	
5699	173	ok	|	0.08	1.00	1.00	0.08	0.04	0	|	rapi	0.08	0.08	0	|	58.0	0.08(58)	0.08(58)	|	8801	
5699	174	ok	|	0.08	1.00	1.00	0.08	0.04	0	|	rapi	0.08	0.08	0	|	58.0	0.08(58)	0.08(58)	|	8801	
5699	175	ok	|	0.09	1.00	1.00	0.09	0.04	0	|	rapi	0.09	0.09	0	|	58.0	0.09(58)	0.09(58)	|	8801	
5699	176	ok	|	0.08	1.00	1.00	0.08	0.04	0	|	rapi	0.08	0.08	0	|	58.0	0.08(58)	0.08(58)	|	8801	
5699	177	ok	|	0.08	1.00	1.00	0.09	0.04	0	|	rapi	0.08	0.09	0	|	58.0	0.09(58)	0.09(58)	|	8801	
5699	178	ok	|	0.09	1.00	1.00	0.09	0.04	0	|	rapi	0.09	0.09	0	|	58.0	0.09(58)	0.09(58)	|	8801	
5699	179	ok	|	0.09	1.00	1.00	0.09	0.04	0	|	rapi	0.09	0.09	0	|	58.0	0.09(58)	0.09(58)	|	8801	
5699	180	ok	|	0.10	1.00	1.00	0.10	0.05	0	|	rapi	0.10	0.10	0	|	58.0	0.10(58)	0.10(58)	|	8801	
5699	181	ok	|	0.09	1.00	1.00	0.09	0.05	0	|	rapi	0.09	0.09	0	|	58.0	0.09(58)	0.09(58)	|	8801	
5699	182	ok	|	0.10	1.00	1.00	0.10	0.05	0	|	rapi	0.10	0.10	0	|	58.0	0.10(58)	0.10(58)	|	8801	
5699	183	ok	|	0.11	1.00	1.00	0.11	0.05	0	|	rapi	0.11	0.11	0	|	58.0	0.11(58)	0.11(58)	|	8801	
5699	184	ok	|	0.10	1.00	1.00	0.10	0.05	0	|	rapi	0.10	0.10	0	|	58.0	0.10(58)	0.10(58)	|	8801	
5699	185	ok	|	0.09	1.00	1.00	0.10	0.05	0	|	rapi	0.09	0.10	0	|	58.0	0.10(58)	0.10(58)	|	8801	
5699	186	ok	|	0.10	1.00	1.00	0.11	0.05	0	|	rapi	0.10	0.11	0	|	58.0	0.11(58)	0.11(58)	|	8801	
5699	187	ok	|	0.10	1.00	1.00	0.11	0.05	0	|	rapi	0.10	0.11	0	|	58.0	0.11(58)	0.11(58)	|	8801	
5699	188	ok	|	0.09	1.00	1.00	0.10	0.05	0	|	rapi	0.09	0.10	0	|	58.0	0.10(58)	0.10(58)	|	8801	
5699	189	ok	|	0.10	1.00	1.00	0.11	0.06	0	|	rapi	0.10	0.11	0	|	58.0	0.11(58)	0.11(58)	|	8801	
5699	190	ok	|	0.10	1.00	1.00	0.11	0.05	0	|	rapi	0.10	0.11	0	|	58.0	0.11(58)	0.11(58)	|	8801	
5699	191	ok	|	0.10	1.00	1.00	0.10	0.05	0	|	rapi	0.10	0.10	0	|	58.0	0.10(58)	0.10(58)	|	8801	
5699	192	ok	|	0.10	1.00	1.00	0.10	0.05	0	|	rapi	0.10	0.10	0	|	58.0	0.10(58)	0.10(58)	|	8801	
5699	193	ok	|	0.12	1.00	1.00	0.12	0.06	0	|	rapi	0.12	0.12	0	|	58.0	0.12(58)	0.12(58)	|	8801	
5699	194	ok	|	0.11	1.00	1.00	0.12	0.06	0	|	rapi	0.11	0.12	0	|	58.0	0.12(58)	0.12(58)	|	8801	
5699	195	ok	|	0.10	1.00	1.00	0.10	0.05	0	|	rapi	0.10	0.10	0	|	58.0	0.10(58)	0.10(58)	|	8801	
5699	196	ok	|	0.10	1.00	1.00	0.10	0.05	0	|	rapi	0.10	0.10	0	|	58.0	0.10(58)	0.10(58)	|	8801	
5699	197	ok	|	0.09	1.00	1.00	0.09	0.05	0	|	rapi	0.09	0.09	0	|	58.0	0.09(58)	0.09(58)	|	8801	
5699	198	ok	|	0.10	1.00	1.00	0.10	0.05	0	|	rapi	0.10	0.10	0	|	58.0	0.10(58)	0.10(58)	|	8801	
5699	199	ok	|	0.09	1.00	1.00	0.09	0.04	0	|	rapi	0.09	0.09	0	|	58.0	0.09(58)	0.09(58)	|	8801	
5699	200	ok	|	0.10	1.00	1.00	0.10	0.05	0	|	rapi	0.10	0.10	0	|	58.0	0.10(58)	0.10(58)	|	8801	
5699	201	ok	|	0.11	1.00	1.00	0.11	0.06	0	|	rapi	0.11	0.11	0	|	58.0	0.11(58)	0.11(58)	|	8801	
5699	202	ok	|	0.10	1.00	1.00	0.11	0.06	0	|	rapi	0.10	0.11	0	|	58.0	0.11(58)	0.11(58)	|	8801	
5699	203	ok	|	0.09	1.00	1.00	0.10	0.05	0	|	rapi	0.09	0.10	0	|	58.0	0.10(58)	0.10(58)	|	8801	
5699	204	ok	|	0.09	1.00	1.00	0.09	0.04	0	|	rapi	0.09	0.09	0	|	58.0	0.09(58)	0.09(58)	|	8801	
5699	205	ok	|	0.08	1.00	1.00	0.08	0.04	0	|	rapi	0.08	0.08	0	|	58.0	0.08(58)	0.08(58)	|	8801	
5699	206	ok	|	0.08	1.00	1.00	0.08	0.04	0	|	rapi	0.08	0.08	0	|	58.0	0.08(58)	0.08(58)	|	8801	
5699	207	ok	|	0.07	1.00	1.00	0.07	0.04	0	|	rapi	0.07	0.07	0	|	58.0	0.07(58)	0.07(58)	|	8801	
5699	208	ok	|	0.07	1.00	1.00	0.07	0.03	0	|	rapi	0.07	0.07	0	|	58.0	0.07(58)	0.07(58)	|	8801	
5699	209	ok	|	0.06	1.00	1.00	0.06	0.03	0	|	rapi	0.06	0.06	0	|	58.0	0.06(58)	0.06(58)	|	8801	
5699	210	ok	|	0.06	1.00	1.00	0.06	0.03	0	|	rapi	0.06	0.06	0	|	58.0	0.06(58)	0.06(58)	|	8801	
5699	211	ok	|	0.05	1.00	1.00	0.05	0.03	0	|	rapi	0.05	0.05	0	|	58.0	0.05(58)	0.05(58)	|	8801	
5699	212	ok	|	0.04	1.00	1.00	0.04	0.02	0	|	rapi	0.04	0.04	0	|	58.0	0.04(58)	0.04(58)	|	8801	
5699	213	ok	|	0.04	1.00	1.00	0.04	0.02	0	|	rapi	0.04	0.04	0	|	58.0	0.04(58)	0.04(58)	|	8801	
5699	214	ok	|	0.04	1.00	1.00	0.04	0.02	0	|	rapi	0.04	0.04	0	|	58.0	0.04(58)	0.04(58)	|	8801	
5699	215	ok	|	0.05	1.00	1.00	0.05	0.02	0	|	rapi	0.05	0.05	0	|	58.0	0.05(58)	0.05(58)	|	8801	
5699	216	ok	|	0.04	1.00	1.00	0.05	0.02	0	|	rapi	0.04	0.05	0	|	58.0	0.05(58)	0.05(58)	|	8801	
5699	217	ok	|	0.04	1.00	1.00	0.04	0.02	0	|	rapi	0.04	0.04	0	|	58.0	0.04(58)	0.04(58)	|	8801	
5699	218	ok	|	0.03	1.00	1.00	0.03	0.02	0	|	rapi	0.03	0.03	0	|	58.0	0.03(58)	0.03(58)	|	8801	
5699	219	ok	|	0.03	1.00	1.00	0.03	0.02	0	|	rapi	0.03	0.03	0	|	58.0	0.03(58)	0.03(58)	|	8801	
5699	220	ok	|	0.02	1.00	1.00	0.02	0.01	0	|	rapi	0.02	0.02	0	|	58.0	0.02(58)	0.02(58)	|	8801	
5699	221	ok	|	0.02	1.00	1.00	0.02	0.01	0	|	rapi	0.02	0.02	0	|	58.0	0.02(58)	0.02(58)	|	8801	
5699	222	ok	|	0.02	1.00	1.00	0.02	0.01	0	|	rapi	0.02	0.02	0	|	58.0	0.02(58)	0.02(58)	|	8801	
5699	223	ok	|	0.01	1.00	1.00	0.01	0.01	0	|	rapi	0.01	0.01	0	|	58.0	0.01(58)	0.01(58)	|	8801	
5699	224	ok	|	0.02	1.00	1.00	0.02	0.01	0	|	rapi	0.02	0.02	0	|	58.0	0.02(58)	0.02(58)	|	8801	
5699	225	ok	|	0.02	1.00	1.00	0.02	0.01	0	|	rapi	0.02	0.02	0	|	58.0	0.02(58)	0.02(58)	|	8801	
5699	226	ok	|	0.02	1.00	1.00	0.02	0.01	0	|	rapi	0.02	0.02	0	|	58.0	0.02(58)	0.02(58)	|	8801	
5699	227	ok	|	0.02	1.00	1.00	0.02	0.01	0	|	rapi	0.02	0.02	0	|	58.0	0.02(58)	0.02(58)	|	8801	
5699	228	ok	|	0.02	1.00	1.00	0.02	0.01	0	|	rapi	0.02	0.02	0	|	58.0	0.02(58)	0.02(58)	|	8801	
5699	229	ok	|	0.03	1.00	1.00	0.03	0.01	0	|	rapi	0.03	0.03	0	|	58.0	0.03(58)	0.03(58)	|	8801	
5699	230	ok	|	0.03	1.00	1.00	0.03	0.02	0	|	rapi	0.03	0.03	0	|	58.0	0.03(58)	0.03(58)	|	8801	
5699	231	ok	|	0.03	1.00	1.00	0.03	0.02	0	|	rapi	0.03	0.03	0	|	58.0	0.03(58)	0.03(58)	|	8801	
5699	232	ok	|	0.03	1.00	1.00	0.03	0.01	0	|	rapi	0.03	0.03	0	|	58.0	0.03(58)	0.03(58)	|	8801	
5699	233	ok	|	0.03	1.00	1.00	0.04	0.02	0	|	rapi	0.03	0.04	0	|	58.0	0.04(58)	0.04(58)	|	8801	
5699	234	ok	|	0.04	1.00	1.00	0.04	0.02	0	|	rapi	0.04	0.04	0	|	58.0	0.04(58)	0.04(58)	|	8801	
5699	235	ok	|	0.05	1.00	1.00	0.05	0.02	0	|	rapi	0.05	0.05	0	|	58.0	0.05(58)	0.05(58)	|	8801	
5699	236	ok	|	0.04	1.00	1.00	0.04	0.02	0	|	rapi	0.04	0.04	0	|	58.0	0.04(58)	0.04(58)	|	8801	
5699	237	ok	|	0.05	1.00	1.00	0.05	0.03	0	|	rapi	0.05	0.05	0	|	58.0	0.05(58)	0.05(58)	|	8801	
5699	238	ok	|	0.06	1.00	1.00	0.06	0.03	0	|	rapi	0.06	0.06	0	|	58.0	0.06(58)	0.06(58)	|	8801	
5699	239	ok	|	0.05	1.00	1.00	0.05	0.02	0	|	rapi	0.05	0.05	0	|	58.0	0.05(58)	0.05(58)	|	8801	
5699	240	ok	|	0.05	1.00	1.00	0.06	0.03	0	|	rapi	0.05	0.06	0	|	58.0	0.06(58)	0.06(58)	|	8801	
5699	241	ok	|	0.04	1.00	1.00	0.04	0.02	0	|	rapi	0.04	0.04	0	|	58.0	0.04(58)	0.04(58)	|	8801	
5699	242	ok	|	0.03	1.00	1.00	0.03	0.02	0	|	rapi	0.03	0.03	0	|	58.0	0.03(58)	0.03(58)	|	8801	
5699	243	ok	|	0.04	1.00	1.00	0.04	0.02	0	|	rapi	0.04	0.04	0	|	58.0	0.04(58)	0.04(58)	|	8801	
5699	244	ok	|	0.03	1.00	1.00	0.04	0.02	0	|	rapi	0.03	0.04	0	|	58.0	0.04(58)	0.04(58)	|	8801	
5699	245	ok	|	0.03	1.00	1.00	0.03	0.02	0	|	rapi	0.03	0.03	0	|	58.0	0.03(58)	0.03(58)	|	8801	
5699	246	ok	|	0.03	1.00	1.00	0.03	0.02	0	|	rapi	0.03	0.03	0	|	58.0	0.03(58)	0.03(58)	|	8801	
5699	247	ok	|	0.03	1.00	1.00	0.03	0.02	0	|	rapi	0.03	0.03	0	|	58.0	0.03(58)	0.03(58)	|	8801	
5699	248	ok	|	0.03	1.00	1.00	0.03	0.02	0	|	rapi	0.03	0.03	0	|	58.0	0.03(58)	0.03(58)	|	8801	
5699	249	ok	|	0.03	1.00	1.00	0.03	0.01	0	|	rapi	0.03	0.03	0	|	58.0	0.03(58)	0.03(58)	|	8801	
5699	250	ok	|	0.03	1.00	1.00	0.03	0.01	0	|	rapi	0.03	0.03	0	|	58.0	0.03(58)	0.03(58)	|	8801	
5699	251	ok	|	0.03	1.00	1.00	0.03	0.01	0	|	rapi	0.03	0.03	0	|	58.0	0.03(58)	0.03(58)	|	8801	
5699	252	ok	|	0.02	1.00	1.00	0.02	0.01	0	|	rapi	0.02	0.02	0	|	58.0	0.02(58)	0.02(58)	|	8801	
5699	253	ok	|	0.03	1.00	1.00	0.03	0.01	0	|	rapi	0.03	0.03	0	|	58.0	0.03(58)	0.03(58)	|	8801	
5699	254	ok	|	0.03	1.00	1.00	0.03	0.01	0	|	rapi	0.03	0.03	0	|	58.0	0.03(58)	0.03(58)	|	8801	
5699	255	ok	|	0.03	1.00	1.00	0.03	0.01	0	|	rapi	0.03	0.03	0	|	58.0	0.03(58)	0.03(58)	|	8801	
5699	256	ok	|	0.02	1.00	1.00	0.02	0.01	0	|	rapi	0.02	0.02	0	|	58.0	0.02(58)	0.02(58)	|	8801	
5699	257	ok	|	0.03	1.00	1.00	0.03	0.01	0	|	rapi	0.03	0.03	0	|	58.0	0.03(58)	0.03(58)	|	8801	
5699	258	ok	|	0.03	1.00	1.00	0.03	0.02	0	|	rapi	0.03	0.03	0	|	58.0	0.03(58)	0.03(58)	|	8801	
5699	259	ok	|	0.03	1.00	1.00	0.03	0.02	0	|	rapi	0.03	0.03	0	|	58.0	0.03(58)	0.03(58)	|	8801	
5699	260	ok	|	0.03	1.00	1.00	0.03	0.02	0	|	rapi	0.03	0.03	0	|	58.0	0.03(58)	0.03(58)	|	8801	
5699	261	ok	|	0.03	1.00	1.00	0.03	0.01	0	|	rapi	0.03	0.03	0	|	58.0	0.03(58)	0.03(58)	|	8801	
5699	262	ok	|	0.03	1.00	1.00	0.03	0.01	0	|	rapi	0.03	0.03	0	|	58.0	0.03(58)	0.03(58)	|	8801	
5699	263	ok	|	0.03	1.00	1.00	0.03	0.02	0	|	rapi	0.03	0.03	0	|	58.0	0.03(58)	0.03(58)	|	8801	
5699	264	ok	|	0.04	1.00	1.00	0.04	0.02	0	|	rapi	0.04	0.04	0	|	58.0	0.04(58)	0.04(58)	|	8801	
5699	265	ok	|	0.04	1.00	1.00	0.04	0.02	0	|	rapi	0.04	0.04	0	|	58.0	0.04(58)	0.04(58)	|	8801	
5699	266	ok	|	0.04	1.00	1.00	0.04	0.02	0	|	rapi	0.04	0.04	0	|	58.0	0.04(58)	0.04(58)	|	8801	
5699	267	ok	|	0.04	1.00	1.00	0.04	0.02	0	|	rapi	0.04	0.04	0	|	58.0	0.04(58)	0.04(58)	|	8801	
5699	268	ok	|	0.04	1.00	1.00	0.04	0.02	0	|	rapi	0.04	0.04	0	|	58.0	0.04(58)	0.04(58)	|	8801	
5699	269	ok	|	0.05	1.00	1.00	0.05	0.02	0	|	rapi	0.05	0.05	0	|	58.0	0.05(58)	0.05(58)	|	8801	
5699	270	ok	|	0.05	1.00	1.00	0.05	0.03	0	|	rapi	0.05	0.05	0	|	58.0	0.05(58)	0.05(58)	|	8801	
5699	271	ok	|	0.05	1.00	1.00	0.05	0.03	0	|	rapi	0.05	0.05	0	|	58.0	0.05(58)	0.05(58)	|	8801	
5699	272	ok	|	0.04	1.00	1.00	0.05	0.02	0	|	rapi	0.04	0.05	0	|	58.0	0.05(58)	0.05(58)	|	8801	
5699	273	ok	|	0.04	1.00	1.00	0.04	0.02	0	|	rapi	0.04	0.04	0	|	58.0	0.04(58)	0.04(58)	|	8801	
5699	274	ok	|	0.04	1.00	1.00	0.04	0.02	0	|	rapi	0.04	0.04	0	|	58.0	0.04(58)	0.04(58)	|	8801	
5699	275	ok	|	0.04	1.00	1.00	0.04	0.02	0	|	rapi	0.04	0.04	0	|	58.0	0.04(58)	0.04(58)	|	8801	
5699	276	ok	|	0.04	1.00	1.00	0.04	0.02	0	|	rapi	0.04	0.04	0	|	58.0	0.04(58)	0.04(58)	|	8801	
5699	277	ok	|	0.03	1.00	1.00	0.03	0.01	0	|	rapi	0.03	0.03	0	|	58.0	0.03(58)	0.03(58)	|	8801	
5699	278	ok	|	0.04	1.00	1.00	0.04	0.02	0	|	rapi	0.04	0.04	0	|	58.0	0.04(58)	0.04(58)	|	8801	
5699	279	ok	|	0.04	1.00	1.00	0.04	0.02	0	|	rapi	0.04	0.04	0	|	58.0	0.04(58)	0.04(58)	|	8801	
5699	280	ok	|	0.05	1.00	1.00	0.05	0.02	0	|	rapi	0.05	0.05	0	|	58.0	0.05(58)	0.05(58)	|	8801	
5699	281	ok	|	0.04	1.00	1.00	0.04	0.02	0	|	rapi	0.04	0.04	0	|	58.0	0.04(58)	0.04(58)	|	8801	
5699	282	ok	|	0.05	1.00	1.00	0.05	0.02	0	|	rapi	0.05	0.05	0	|	58.0	0.05(58)	0.05(58)	|	8801	
5699	283	ok	|	0.05	1.00	1.00	0.05	0.03	0	|	rapi	0.05	0.05	0	|	58.0	0.05(58)	0.05(58)	|	8801	
5699	284	ok	|	0.05	1.00	1.00	0.05	0.03	0	|	rapi	0.05	0.05	0	|	58.0	0.05(58)	0.05(58)	|	8801	
5699	285	ok	|	0.05	1.00	1.00	0.05	0.03	0	|	rapi	0.05	0.05	0	|	58.0	0.05(58)	0.05(58)	|	8801	
5699	286	ok	|	0.04	1.00	1.00	0.04	0.02	0	|	rapi	0.04	0.04	0	|	58.0	0.04(58)	0.04(58)	|	8801	
5699	287	ok	|	0.04	1.00	1.00	0.04	0.02	0	|	rapi	0.04	0.04	0	|	58.0	0.04(58)	0.04(58)	|	8801	
5699	288	ok	|	0.04	1.00	1.00	0.04	0.02	0	|	rapi	0.04	0.04	0	|	58.0	0.04(58)	0.04(58)	|	8801	
5699	289	ok	|	0.03	1.00	1.00	0.03	0.02	0	|	rapi	0.03	0.03	0	|	58.0	0.03(58)	0.03(58)	|	8801	
5699	290	ok	|	0.04	1.00	1.00	0.04	0.02	0	|	rapi	0.04	0.04	0	|	58.0	0.04(58)	0.04(58)	|	8801	
5699	291	ok	|	0.04	1.00	1.00	0.04	0.02	0	|	rapi	0.04	0.04	0	|	58.0	0.04(58)	0.04(58)	|	8801	
5699	292	ok	|	0.04	1.00	1.00	0.04	0.02	0	|	rapi	0.04	0.04	0	|	58.0	0.04(58)	0.04(58)	|	8801	
5699	293	ok	|	0.05	1.00	1.00	0.05	0.03	0	|	rapi	0.05	0.05	0	|	58.0	0.05(58)	0.05(58)	|	8801	
5699	294	ok	|	0.06	1.00	1.00	0.06	0.03	0	|	rapi	0.06	0.06	0	|	58.0	0.06(58)	0.06(58)	|	8801	
5699	295	ok	|	0.06	1.00	1.00	0.06	0.03	0	|	rapi	0.06	0.06	0	|	58.0	0.06(58)	0.06(58)	|	8801	
5699	296	ok	|	0.06	1.00	1.00	0.06	0.03	0	|	rapi	0.06	0.06	0	|	58.0	0.06(58)	0.06(58)	|	8801	
5699	297	ok	|	0.04	1.00	1.00	0.05	0.02	0	|	rapi	0.04	0.05	0	|	58.0	0.05(58)	0.05(58)	|	8801	
5699	298	ok	|	0.05	1.00	1.00	0.05	0.02	0	|	rapi	0.05	0.05	0	|	58.0	0.05(58)	0.05(58)	|	8801	
5699	299	ok	|	0.05	1.00	1.00	0.05	0.03	0	|	rapi	0.05	0.05	0	|	58.0	0.05(58)	0.05(58)	|	8801	
5699	300	ok	|	0.05	1.00	1.00	0.05	0.02	0	|	rapi	0.05	0.05	0	|	58.0	0.05(58)	0.05(58)	|	8801	
5699	301	ok	|	0.04	1.00	1.00	0.04	0.02	0	|	rapi	0.04	0.04	0	|	58.0	0.04(58)	0.04(58)	|	8801	
5699	302	ok	|	0.05	1.00	1.00	0.05	0.02	0	|	rapi	0.05	0.05	0	|	58.0	0.05(58)	0.05(58)	|	8801	
5699	303	ok	|	0.04	1.00	1.00	0.04	0.02	0	|	rapi	0.04	0.04	0	|	58.0	0.04(58)	0.04(58)	|	8801	
5699	304	ok	|	0.04	1.00	1.00	0.04	0.02	0	|	rapi	0.04	0.04	0	|	58.0	0.04(58)	0.04(58)	|	8801	
5699	305	ok	|	0.04	1.00	1.00	0.04	0.02	0	|	rapi	0.04	0.04	0	|	58.0	0.04(58)	0.04(58)	|	8801	
5699	306	ok	|	0.04	1.00	1.00	0.04	0.02	0	|	rapi	0.04	0.04	0	|	58.0	0.04(58)	0.04(58)	|	8801	
5699	307	ok	|	0.03	1.00	1.00	0.03	0.02	0	|	rapi	0.03	0.03	0	|	58.0	0.03(58)	0.03(58)	|	8801	
5699	308	ok	|	0.03	1.00	1.00	0.03	0.01	0	|	rapi	0.03	0.03	0	|	58.0	0.03(58)	0.03(58)	|	8801	
5699	309	ok	|	0.02	1.00	1.00	0.02	0.01	0	|	rapi	0.02	0.02	0	|	58.0	0.02(58)	0.02(58)	|	8801	
5699	310	ok	|	0.02	1.00	1.00	0.02	0.01	0	|	rapi	0.02	0.02	0	|	58.0	0.02(58)	0.02(58)	|	8801	
5699	311	ok	|	0.02	1.00	1.00	0.02	0.01	0	|	rapi	0.02	0.02	0	|	58.0	0.02(58)	0.02(58)	|	8801	
5699	312	ok	|	0.02	1.00	1.00	0.02	0.01	0	|	rapi	0.02	0.02	0	|	58.0	0.02(58)	0.02(58)	|	8801	
5699	313	ok	|	0.02	1.00	1.00	0.02	0.01	0	|	rapi	0.02	0.02	0	|	58.0	0.02(58)	0.02(58)	|	8801	
5699	314	ok	|	0.01	1.00	1.00	0.01	0.01	0	|	rapi	0.01	0.01	0	|	58.0	0.01(58)	0.01(58)	|	8801	
5699	315	ok	|	0.02	1.00	1.00	0.02	0.01	0	|	rapi	0.02	0.02	0	|	58.0	0.02(58)	0.02(58)	|	8801	
5699	316	ok	|	0.01	1.00	1.00	0.01	0.01	0	|	rapi	0.01	0.01	0	|	58.0	0.01(58)	0.01(58)	|	8801	
5699	317	ok	|	0.02	1.00	1.00	0.02	0.01	0	|	rapi	0.02	0.02	0	|	58.0	0.02(58)	0.02(58)	|	8801	
5699	318	ok	|	0.02	1.00	1.00	0.02	0.01	0	|	rapi	0.02	0.02	0	|	58.0	0.02(58)	0.02(58)	|	8801	
5699	319	ok	|	0.02	1.00	1.00	0.02	0.01	0	|	rapi	0.02	0.02	0	|	58.0	0.02(58)	0.02(58)	|	8801	
5699	320	ok	|	0.02	1.00	1.00	0.02	0.01	0	|	rapi	0.02	0.02	0	|	58.0	0.02(58)	0.02(58)	|	8801	
5699	321	ok	|	0.02	1.00	1.00	0.02	0.01	0	|	rapi	0.02	0.02	0	|	58.0	0.02(58)	0.02(58)	|	8801	
5699	322	ok	|	0.03	1.00	1.00	0.03	0.01	0	|	rapi	0.03	0.03	0	|	58.0	0.03(58)	0.03(58)	|	8801	
5699	323	ok	|	0.02	1.00	1.00	0.02	0.01	0	|	rapi	0.02	0.02	0	|	58.0	0.02(58)	0.02(58)	|	8801	
5699	324	ok	|	0.02	1.00	1.00	0.02	0.01	0	|	rapi	0.02	0.02	0	|	58.0	0.02(58)	0.02(58)	|	8801	
5699	325	ok	|	0.02	1.00	1.00	0.02	0.01	0	|	rapi	0.02	0.02	0	|	58.0	0.02(58)	0.02(58)	|	8801	
5699	326	ok	|	0.01	1.00	1.00	0.01	0.01	0	|	rapi	0.01	0.01	0	|	58.0	0.01(58)	0.01(58)	|	8801	
5699	327	ok	|	0.02	1.00	1.00	0.02	0.01	0	|	rapi	0.02	0.02	0	|	58.0	0.02(58)	0.02(58)	|	8801	
5699	328	ok	|	0.01	1.00	1.00	0.01	0.01	0	|	rapi	0.01	0.01	0	|	58.0	0.01(58)	0.01(58)	|	8801	
5699	329	ok	|	0.01	1.00	1.00	0.01	0.01	0	|	rapi	0.01	0.01	0	|	58.0	0.01(58)	0.01(58)	|	8801	
5699	330	ok	|	0.02	1.00	1.00	0.02	0.01	0	|	rapi	0.02	0.02	0	|	58.0	0.02(58)	0.02(58)	|	8801	
5699	331	ok	|	0.01	1.00	1.00	0.01	0.01	0	|	rapi	0.01	0.01	0	|	58.0	0.01(58)	0.01(58)	|	8801	
5699	332	ok	|	0.01	1.00	1.00	0.01	0.01	0	|	rapi	0.01	0.01	0	|	58.0	0.01(58)	0.01(58)	|	8801	
5699	333	ok	|	0.02	1.00	1.00	0.02	0.01	0	|	rapi	0.02	0.02	0	|	58.0	0.02(58)	0.02(58)	|	8801	
5699	334	ok	|	0.02	1.00	1.00	0.02	0.01	0	|	rapi	0.02	0.02	0	|	58.0	0.02(58)	0.02(58)	|	8801	
5699	335	ok	|	0.02	1.00	1.00	0.02	0.01	0	|	rapi	0.02	0.02	0	|	58.0	0.02(58)	0.02(58)	|	8801	
5699	336	ok	|	0.02	1.00	1.00	0.02	0.01	0	|	rapi	0.02	0.02	0	|	58.0	0.02(58)	0.02(58)	|	8801	
5699	337	ok	|	0.01	1.00	1.00	0.01	0.01	0	|	rapi	0.01	0.01	0	|	58.0	0.01(58)	0.01(58)	|	8801	
5699	338	ok	|	0.02	1.00	1.00	0.02	0.01	0	|	rapi	0.02	0.02	0	|	58.0	0.02(58)	0.02(58)	|	8801	
5699	339	ok	|	0.01	1.00	1.00	0.01	0.01	0	|	rapi	0.01	0.01	0	|	58.0	0.01(58)	0.01(58)	|	8801	
5699	340	ok	|	0.01	1.00	1.00	0.01	0.01	0	|	rapi	0.01	0.01	0	|	58.0	0.01(58)	0.01(58)	|	8801	
5699	341	ok	|	0.01	1.00	1.00	0.01	0.01	0	|	rapi	0.01	0.01	0	|	58.0	0.01(58)	0.01(58)	|	8801	
5699	342	ok	|	0.01	1.00	1.00	0.01	0.00	0	|	rapi	0.01	0.01	0	|	58.0	0.01(58)	0.01(58)	|	8801	
5699	343	ok	|	0.01	1.00	1.00	0.01	0.00	0	|	rapi	0.01	0.01	0	|	58.0	0.01(58)	0.01(58)	|	8801	
5699	344	ok	|	0.01	1.00	1.00	0.01	0.00	0	|	rapi	0.01	0.01	0	|	58.0	0.01(58)	0.01(58)	|	8801	
5699	345	ok	|	0.01	1.00	1.00	0.01	0.00	0	|	rapi	0.01	0.01	0	|	58.0	0.01(58)	0.01(58)	|	8801	
5699	346	ok	|	0.01	1.00	1.00	0.01	0.00	0	|	rapi	0.01	0.01	0	|	58.0	0.01(58)	0.01(58)	|	8801	
5699	347	ok	|	0.00	1.00	1.00	0.00	0.00	0	|	rapi	0.00	0.00	0	|	58.0	0.00(58)	0.00(58)	|	8801	
5699	348	ok	|	0.00	1.00	1.00	0.00	0.00	0	|	rapi	0.00	0.00	0	|	58.0	0.00(58)	0.00(58)	|	8801	
5699	349	ok	|	0.00	1.00	1.00	0.00	0.00	0	|	rapi	0.00	0.00	0	|	58.0	0.00(58)	0.00(58)	|	8801	
5699	350	ok	|	0.00	1.00	1.00	0.00	0.00	0	|	rapi	0.00	0.00	0	|	58.0	0.00(58)	0.00(58)	|	8801	
5699	351	ok	|	0.00	1.00	1.00	0.00	0.00	0	|	rapi	0.00	0.00	0	|	58.0	0.00(58)	0.00(58)	|	8801	
5699	352	ok	|	0.00	1.00	1.00	0.00	0.00	0	|	rapi	0.00	0.00	0	|	58.0	0.00(58)	0.00(58)	|	8801	
5699	353	ok	|	0.00	1.00	1.00	0.00	0.00	0	|	rapi	0.00	0.00	0	|	58.0	0.00(58)	0.00(58)	|	8801	
5699	354	ok	|	0.00	1.00	1.00	0.00	0.00	0	|	rapi	0.00	0.00	0	|	58.0	0.00(58)	0.00(58)	|	8801	
5699	355	fail-0	|	0.00	1.00	1.00	0.00	NaN	0	|	rapi	0.00	0.00	0	|	NaN			|	8801	
