5706	0	ok	|	0.09	1.00	1.00	0.10	0.00	0	|	rapi	0.09	0.10	0	|	81.0	0.10(81)	0.10(81)	|	9533	
5706	1	ok	|	0.10	1.00	1.00	0.10	0.00	0	|	rapi	0.10	0.10	0	|	81.0	0.10(81)	0.10(81)	|	9533	
5706	2	ok	|	0.12	1.00	1.00	0.12	0.00	0	|	rapi	0.12	0.12	0	|	81.0	0.12(81)	0.12(81)	|	9533	
5706	3	ok	|	0.11	1.00	1.00	0.11	0.00	0	|	rapi	0.11	0.11	0	|	81.0	0.11(81)	0.11(81)	|	9533	
5706	4	ok	|	0.11	1.00	1.00	0.11	0.00	0	|	rapi	0.11	0.11	0	|	81.0	0.11(81)	0.11(81)	|	9533	
5706	5	ok	|	0.10	1.00	1.00	0.10	0.00	0	|	rapi	0.10	0.10	0	|	81.0	0.10(81)	0.10(81)	|	9533	
5706	6	ok	|	0.10	1.00	1.00	0.10	0.00	0	|	rapi	0.10	0.10	0	|	81.0	0.10(81)	0.10(81)	|	9533	
5706	7	ok	|	0.11	1.00	1.00	0.12	0.00	0	|	rapi	0.11	0.12	0	|	81.0	0.12(81)	0.12(81)	|	9533	
5706	8	ok	|	0.11	1.00	1.00	0.12	0.00	0	|	rapi	0.11	0.12	0	|	81.0	0.12(81)	0.12(81)	|	9533	
5706	9	ok	|	0.12	1.00	1.00	0.13	0.00	0	|	rapi	0.12	0.13	0	|	81.0	0.13(81)	0.13(81)	|	9533	
5706	10	ok	|	0.12	1.00	1.00	0.13	0.00	0	|	rapi	0.12	0.13	0	|	81.0	0.13(81)	0.13(81)	|	9533	
5706	11	ok	|	0.13	1.00	1.00	0.14	0.00	0	|	rapi	0.13	0.14	0	|	81.0	0.14(81)	0.14(81)	|	9533	
5706	12	ok	|	0.15	1.00	1.00	0.16	0.00	0	|	rapi	0.15	0.16	0	|	81.0	0.16(81)	0.16(81)	|	9533	
5706	13	ok	|	0.13	1.00	1.00	0.14	0.00	0	|	rapi	0.13	0.14	0	|	81.0	0.14(81)	0.14(81)	|	9533	
5706	14	ok	|	0.14	1.00	1.00	0.15	0.01	0	|	rapi	0.14	0.15	0	|	81.0	0.15(81)	0.15(81)	|	9533	
5706	15	ok	|	0.14	1.00	1.00	0.15	0.01	0	|	rapi	0.14	0.15	0	|	81.0	0.15(81)	0.15(81)	|	9533	
5706	16	ok	|	0.15	1.00	1.00	0.16	0.01	0	|	rapi	0.15	0.16	0	|	81.0	0.16(81)	0.16(81)	|	9533	
5706	17	ok	|	0.16	1.00	1.00	0.17	0.01	0	|	rapi	0.16	0.17	0	|	81.0	0.17(81)	0.17(81)	|	9533	
5706	18	ok	|	0.19	1.00	1.00	0.19	0.01	0	|	rapi	0.19	0.19	0	|	81.0	0.19(81)	0.19(81)	|	9533	
5706	19	ok	|	0.18	1.00	1.00	0.19	0.01	0	|	rapi	0.18	0.19	0	|	81.0	0.19(81)	0.19(81)	|	9533	
5706	20	ok	|	0.20	1.00	1.00	0.20	0.01	0	|	rapi	0.20	0.20	0	|	81.0	0.20(81)	0.20(81)	|	9533	
5706	21	ok	|	0.20	1.00	1.00	0.21	0.01	0	|	rapi	0.20	0.21	0	|	81.0	0.21(81)	0.21(81)	|	9533	
5706	22	ok	|	0.17	1.00	1.00	0.20	0.01	0	|	rapi	0.17	0.20	0	|	81.0	0.20(81)	0.20(81)	|	9533	
5706	23	ok	|	0.18	1.00	1.00	0.20	0.01	0	|	rapi	0.18	0.20	0	|	81.0	0.20(81)	0.20(81)	|	9533	
5706	24	ok	|	0.17	1.00	1.00	0.19	0.01	0	|	rapi	0.17	0.19	0	|	81.0	0.19(81)	0.19(81)	|	9533	
5706	25	ok	|	0.19	1.00	1.00	0.21	0.01	0	|	rapi	0.19	0.21	0	|	81.0	0.21(81)	0.21(81)	|	9533	
5706	26	ok	|	0.19	1.00	1.00	0.21	0.01	0	|	rapi	0.19	0.21	0	|	81.0	0.21(81)	0.21(81)	|	9533	
5706	27	ok	|	0.18	1.00	1.00	0.21	0.01	0	|	rapi	0.18	0.21	0	|	81.0	0.21(81)	0.21(81)	|	9533	
5706	28	ok	|	0.18	1.00	1.00	0.20	0.01	0	|	rapi	0.18	0.20	0	|	81.0	0.20(81)	0.20(81)	|	9533	
5706	29	ok	|	0.18	1.00	1.00	0.20	0.01	0	|	rapi	0.18	0.20	0	|	81.0	0.20(81)	0.20(81)	|	9533	
5706	30	ok	|	0.20	1.00	1.00	0.22	0.01	0	|	rapi	0.20	0.22	0	|	81.0	0.22(81)	0.22(81)	|	9533	
5706	31	ok	|	0.19	1.00	1.00	0.21	0.01	0	|	rapi	0.19	0.21	0	|	81.0	0.21(81)	0.21(81)	|	9533	
5706	32	ok	|	0.16	1.00	1.00	0.19	0.01	0	|	rapi	0.16	0.19	0	|	81.0	0.19(81)	0.19(81)	|	9533	
5706	33	ok	|	0.17	1.00	1.00	0.21	0.01	0	|	rapi	0.17	0.21	0	|	81.0	0.21(81)	0.21(81)	|	9533	
5706	34	ok	|	0.17	1.00	1.00	0.21	0.01	0	|	rapi	0.17	0.21	0	|	81.0	0.21(81)	0.21(81)	|	9533	
5706	35	ok	|	0.15	1.00	1.00	0.17	0.01	0	|	rapi	0.15	0.17	0	|	81.0	0.17(81)	0.17(81)	|	9533	
5706	36	ok	|	0.13	1.00	1.00	0.15	0.01	0	|	rapi	0.13	0.15	0	|	81.0	0.15(81)	0.15(81)	|	9533	
5706	37	ok	|	0.15	1.00	1.00	0.16	0.01	0	|	rapi	0.15	0.16	0	|	81.0	0.16(81)	0.16(81)	|	9533	
5706	38	ok	|	0.15	1.00	1.00	0.17	0.01	0	|	rapi	0.15	0.17	0	|	81.0	0.17(81)	0.17(81)	|	9533	
5706	39	ok	|	0.15	1.00	1.00	0.17	0.01	0	|	rapi	0.15	0.17	0	|	81.0	0.17(81)	0.17(81)	|	9533	
5706	40	ok	|	0.15	1.00	1.00	0.17	0.01	0	|	rapi	0.15	0.17	0	|	81.0	0.17(81)	0.17(81)	|	9533	
5706	41	ok	|	0.16	1.00	1.00	0.17	0.01	0	|	rapi	0.16	0.17	0	|	81.0	0.17(81)	0.17(81)	|	9533	
5706	42	ok	|	0.16	1.00	1.00	0.18	0.01	0	|	rapi	0.16	0.18	0	|	81.0	0.18(81)	0.18(81)	|	9533	
5706	43	ok	|	0.15	1.00	1.00	0.17	0.01	0	|	rapi	0.15	0.17	0	|	81.0	0.17(81)	0.17(81)	|	9533	
5706	44	ok	|	0.15	1.00	1.00	0.16	0.01	0	|	rapi	0.15	0.16	0	|	81.0	0.16(81)	0.16(81)	|	9533	
5706	45	ok	|	0.16	1.00	1.00	0.18	0.01	0	|	rapi	0.16	0.18	0	|	81.0	0.18(81)	0.18(81)	|	9533	
5706	46	ok	|	0.16	1.00	1.00	0.17	0.01	0	|	rapi	0.16	0.17	0	|	81.0	0.17(81)	0.17(81)	|	9533	
5706	47	ok	|	0.16	1.00	1.00	0.17	0.01	0	|	rapi	0.16	0.17	0	|	81.0	0.17(81)	0.17(81)	|	9533	
5706	48	ok	|	0.18	1.00	1.00	0.20	0.01	0	|	rapi	0.18	0.20	0	|	81.0	0.20(81)	0.20(81)	|	9533	
5706	49	ok	|	0.18	1.00	1.00	0.19	0.01	0	|	rapi	0.18	0.19	0	|	81.0	0.19(81)	0.19(81)	|	9533	
5706	50	ok	|	0.19	1.00	1.00	0.20	0.01	0	|	rapi	0.19	0.20	0	|	81.0	0.20(81)	0.20(81)	|	9533	
5706	51	ok	|	0.19	1.00	1.00	0.20	0.01	0	|	rapi	0.19	0.20	0	|	81.0	0.20(81)	0.20(81)	|	9533	
5706	52	ok	|	0.17	1.00	1.00	0.18	0.01	0	|	rapi	0.17	0.18	0	|	81.0	0.18(81)	0.18(81)	|	9533	
5706	53	ok	|	0.16	1.00	1.00	0.18	0.01	0	|	rapi	0.16	0.18	0	|	81.0	0.18(81)	0.18(81)	|	9533	
5706	54	ok	|	0.17	1.00	1.00	0.18	0.01	0	|	rapi	0.17	0.18	0	|	81.0	0.18(81)	0.18(81)	|	9533	
5706	55	ok	|	0.16	1.00	1.00	0.17	0.01	0	|	rapi	0.16	0.17	0	|	81.0	0.17(81)	0.17(81)	|	9533	
5706	56	ok	|	0.16	1.00	1.00	0.17	0.01	0	|	rapi	0.16	0.17	0	|	81.0	0.17(81)	0.17(81)	|	9533	
5706	57	ok	|	0.15	1.00	1.00	0.15	0.01	0	|	rapi	0.15	0.15	0	|	81.0	0.15(81)	0.15(81)	|	9533	
5706	58	ok	|	0.14	1.00	1.00	0.15	0.01	0	|	rapi	0.14	0.15	0	|	81.0	0.15(81)	0.15(81)	|	9533	
5706	59	ok	|	0.15	1.00	1.00	0.17	0.01	0	|	rapi	0.15	0.17	0	|	81.0	0.17(81)	0.17(81)	|	9533	
5706	60	ok	|	0.17	1.00	1.00	0.18	0.01	0	|	rapi	0.17	0.18	0	|	81.0	0.18(81)	0.18(81)	|	9533	
5706	61	ok	|	0.20	1.00	1.00	0.22	0.02	0	|	rapi	0.20	0.22	0	|	81.0	0.22(81)	0.22(81)	|	9533	
5706	62	ok	|	0.21	1.00	1.00	0.23	0.02	0	|	rapi	0.21	0.23	0	|	81.0	0.23(81)	0.23(81)	|	9533	
5706	63	ok	|	0.21	1.00	1.00	0.23	0.02	0	|	rapi	0.21	0.23	0	|	81.0	0.23(81)	0.23(81)	|	9533	
5706	64	ok	|	0.19	1.00	1.00	0.21	0.02	0	|	rapi	0.19	0.21	0	|	81.0	0.21(81)	0.21(81)	|	9533	
5706	65	ok	|	0.19	1.00	1.00	0.21	0.02	0	|	rapi	0.19	0.21	0	|	81.0	0.21(81)	0.21(81)	|	9533	
5706	66	ok	|	0.19	1.00	1.00	0.22	0.02	0	|	rapi	0.19	0.22	0	|	81.0	0.22(81)	0.22(81)	|	9533	
5706	67	ok	|	0.18	1.00	1.00	0.21	0.02	0	|	rapi	0.18	0.21	0	|	81.0	0.21(81)	0.21(81)	|	9533	
5706	68	ok	|	0.18	1.00	1.00	0.20	0.02	0	|	rapi	0.18	0.20	0	|	81.0	0.20(81)	0.20(81)	|	9533	
5706	69	ok	|	0.19	1.00	1.00	0.21	0.02	0	|	rapi	0.19	0.21	0	|	81.0	0.21(81)	0.21(81)	|	9533	
5706	70	ok	|	0.21	1.00	1.00	0.23	0.02	0	|	rapi	0.21	0.23	0	|	81.0	0.23(81)	0.23(81)	|	9533	
5706	71	ok	|	0.24	1.00	1.00	0.26	0.03	0	|	rapi	0.24	0.26	0	|	81.0	0.26(81)	0.26(81)	|	9533	
5706	72	ok	|	0.22	1.00	1.00	0.25	0.02	0	|	rapi	0.22	0.25	0	|	81.0	0.25(81)	0.25(81)	|	9533	
5706	73	ok	|	0.23	1.00	1.00	0.25	0.03	0	|	rapi	0.23	0.25	0	|	81.0	0.25(81)	0.25(81)	|	9533	
5706	74	ok	|	0.23	1.00	1.00	0.26	0.03	0	|	rapi	0.23	0.26	0	|	81.0	0.26(81)	0.26(81)	|	9533	
5706	75	ok	|	0.24	1.00	1.00	0.27	0.03	0	|	rapi	0.24	0.27	0	|	81.0	0.27(81)	0.27(81)	|	9533	
5706	76	ok	|	0.25	1.00	1.00	0.28	0.03	0	|	rapi	0.25	0.28	0	|	81.0	0.28(81)	0.28(81)	|	9533	
5706	77	ok	|	0.25	1.00	1.00	0.29	0.03	0	|	rapi	0.25	0.29	0	|	81.0	0.29(81)	0.29(81)	|	9533	
5706	78	ok	|	0.24	1.00	1.00	0.27	0.03	0	|	rapi	0.24	0.27	0	|	81.0	0.27(81)	0.27(81)	|	9533	
5706	79	ok	|	0.25	1.00	1.00	0.28	0.03	0	|	rapi	0.25	0.28	0	|	81.0	0.28(81)	0.28(81)	|	9533	
5706	80	ok	|	0.23	1.00	1.00	0.27	0.03	0	|	rapi	0.23	0.27	0	|	81.0	0.27(81)	0.27(81)	|	9533	
5706	81	ok	|	0.23	1.00	1.00	0.25	0.03	0	|	rapi	0.23	0.25	0	|	81.0	0.25(81)	0.25(81)	|	9533	
5706	82	ok	|	0.23	1.00	1.00	0.26	0.03	0	|	rapi	0.23	0.26	0	|	81.0	0.26(81)	0.26(81)	|	9533	
5706	83	ok	|	0.21	1.00	1.00	0.23	0.02	0	|	rapi	0.21	0.23	0	|	81.0	0.23(81)	0.23(81)	|	9533	
5706	84	ok	|	0.20	1.00	1.00	0.21	0.02	0	|	rapi	0.20	0.21	0	|	81.0	0.21(81)	0.21(81)	|	9533	
5706	85	ok	|	0.19	1.00	1.00	0.20	0.02	0	|	rapi	0.19	0.20	0	|	81.0	0.20(81)	0.20(81)	|	9533	
5706	86	ok	|	0.18	1.00	1.00	0.20	0.02	0	|	rapi	0.18	0.20	0	|	81.0	0.20(81)	0.20(81)	|	9533	
5706	87	ok	|	0.17	1.00	1.00	0.19	0.02	0	|	rapi	0.17	0.19	0	|	81.0	0.19(81)	0.19(81)	|	9533	
5706	88	ok	|	0.18	1.00	1.00	0.20	0.02	0	|	rapi	0.18	0.20	0	|	81.0	0.20(81)	0.20(81)	|	9533	
5706	89	ok	|	0.21	1.00	1.00	0.23	0.02	0	|	rapi	0.21	0.23	0	|	81.0	0.23(81)	0.23(81)	|	9533	
5706	90	ok	|	0.20	1.00	1.00	0.23	0.02	0	|	rapi	0.20	0.23	0	|	81.0	0.23(81)	0.23(81)	|	9533	
5706	91	ok	|	0.21	1.00	1.00	0.23	0.02	0	|	rapi	0.21	0.23	0	|	81.0	0.23(81)	0.23(81)	|	9533	
5706	92	ok	|	0.21	1.00	1.00	0.24	0.02	0	|	rapi	0.21	0.24	0	|	81.0	0.24(81)	0.24(81)	|	9533	
5706	93	ok	|	0.22	1.00	1.00	0.24	0.02	0	|	rapi	0.22	0.24	0	|	81.0	0.24(81)	0.24(81)	|	9533	
5706	94	ok	|	0.23	1.00	1.00	0.25	0.02	0	|	rapi	0.23	0.25	0	|	81.0	0.25(81)	0.25(81)	|	9533	
5706	95	ok	|	0.21	1.00	1.00	0.24	0.02	0	|	rapi	0.21	0.24	0	|	81.0	0.24(81)	0.24(81)	|	9533	
5706	96	ok	|	0.21	1.00	1.00	0.24	0.03	0	|	rapi	0.21	0.24	0	|	81.0	0.24(81)	0.24(81)	|	9533	
5706	97	ok	|	0.20	1.00	1.00	0.23	0.03	0	|	rapi	0.20	0.23	0	|	81.0	0.23(81)	0.23(81)	|	9533	
5706	98	ok	|	0.23	1.00	1.00	0.25	0.03	0	|	rapi	0.23	0.25	0	|	81.0	0.25(81)	0.25(81)	|	9533	
5706	99	ok	|	0.21	1.00	1.00	0.23	0.03	0	|	rapi	0.21	0.23	0	|	81.0	0.23(81)	0.23(81)	|	9533	
5706	100	ok	|	0.20	1.00	1.00	0.23	0.03	0	|	rapi	0.20	0.23	0	|	81.0	0.23(81)	0.23(81)	|	9533	
5706	101	ok	|	0.20	1.00	1.00	0.23	0.03	0	|	rapi	0.20	0.23	0	|	81.0	0.23(81)	0.23(81)	|	9533	
5706	102	ok	|	0.20	1.00	1.00	0.22	0.03	0	|	rapi	0.20	0.22	0	|	81.0	0.22(81)	0.22(81)	|	9533	
5706	103	ok	|	0.21	1.00	1.00	0.23	0.03	0	|	rapi	0.21	0.23	0	|	81.0	0.23(81)	0.23(81)	|	9533	
5706	104	ok	|	0.20	1.00	1.00	0.21	0.03	0	|	rapi	0.20	0.21	0	|	81.0	0.21(81)	0.21(81)	|	9533	
5706	105	ok	|	0.19	1.00	1.00	0.20	0.03	0	|	rapi	0.19	0.20	0	|	81.0	0.20(81)	0.20(81)	|	9533	
5706	106	ok	|	0.19	1.00	1.00	0.21	0.03	0	|	rapi	0.19	0.21	0	|	81.0	0.21(81)	0.21(81)	|	9533	
5706	107	ok	|	0.18	1.00	1.00	0.20	0.03	0	|	rapi	0.18	0.20	0	|	81.0	0.20(81)	0.20(81)	|	9533	
5706	108	ok	|	0.17	1.00	1.00	0.19	0.03	0	|	rapi	0.17	0.19	0	|	81.0	0.19(81)	0.19(81)	|	9533	
5706	109	ok	|	0.17	1.00	1.00	0.20	0.03	0	|	rapi	0.17	0.20	0	|	81.0	0.20(81)	0.20(81)	|	9533	
5706	110	ok	|	0.16	1.00	1.00	0.17	0.03	0	|	rapi	0.16	0.17	0	|	81.0	0.17(81)	0.17(81)	|	9533	
5706	111	ok	|	0.15	1.00	1.00	0.16	0.03	0	|	rapi	0.15	0.16	0	|	81.0	0.16(81)	0.16(81)	|	9533	
5706	112	ok	|	0.14	1.00	1.00	0.14	0.02	0	|	rapi	0.14	0.14	0	|	81.0	0.14(81)	0.14(81)	|	9533	
5706	113	ok	|	0.12	1.00	1.00	0.12	0.02	0	|	rapi	0.12	0.12	0	|	81.0	0.12(81)	0.12(81)	|	9533	
5706	114	ok	|	0.12	1.00	1.00	0.13	0.02	0	|	rapi	0.12	0.13	0	|	81.0	0.13(81)	0.13(81)	|	9533	
5706	115	ok	|	0.13	1.00	1.00	0.14	0.02	0	|	rapi	0.13	0.14	0	|	81.0	0.14(81)	0.14(81)	|	9533	
5706	116	ok	|	0.12	1.00	1.00	0.13	0.02	0	|	rapi	0.12	0.13	0	|	81.0	0.13(81)	0.13(81)	|	9533	
5706	117	ok	|	0.12	1.00	1.00	0.12	0.02	0	|	rapi	0.12	0.12	0	|	81.0	0.12(81)	0.12(81)	|	9533	
5706	118	ok	|	0.14	1.00	1.00	0.14	0.02	0	|	rapi	0.14	0.14	0	|	81.0	0.14(81)	0.14(81)	|	9533	
5706	119	ok	|	0.12	1.00	1.00	0.13	0.02	0	|	rapi	0.12	0.13	0	|	81.0	0.13(81)	0.13(81)	|	9533	
5706	120	ok	|	0.12	1.00	1.00	0.12	0.02	0	|	rapi	0.12	0.12	0	|	81.0	0.12(81)	0.12(81)	|	9533	
5706	121	ok	|	0.12	1.00	1.00	0.12	0.02	0	|	rapi	0.12	0.12	0	|	81.0	0.12(81)	0.12(81)	|	9533	
5706	122	ok	|	0.13	1.00	1.00	0.13	0.02	0	|	rapi	0.13	0.13	0	|	81.0	0.13(81)	0.13(81)	|	9533	
5706	123	ok	|	0.13	1.00	1.00	0.13	0.02	0	|	rapi	0.13	0.13	0	|	81.0	0.13(81)	0.13(81)	|	9533	
5706	124	ok	|	0.15	1.00	1.00	0.15	0.03	0	|	rapi	0.15	0.15	0	|	81.0	0.15(81)	0.15(81)	|	9533	
5706	125	ok	|	0.17	1.00	1.00	0.17	0.03	0	|	rapi	0.17	0.17	0	|	81.0	0.17(81)	0.17(81)	|	9533	
5706	126	ok	|	0.17	1.00	1.00	0.18	0.03	0	|	rapi	0.17	0.18	0	|	81.0	0.18(81)	0.18(81)	|	9533	
5706	127	ok	|	0.16	1.00	1.00	0.17	0.03	0	|	rapi	0.16	0.17	0	|	81.0	0.17(81)	0.17(81)	|	9533	
5706	128	ok	|	0.15	1.00	1.00	0.16	0.03	0	|	rapi	0.15	0.16	0	|	81.0	0.16(81)	0.16(81)	|	9533	
5706	129	ok	|	0.16	1.00	1.00	0.17	0.03	0	|	rapi	0.16	0.17	0	|	81.0	0.17(81)	0.17(81)	|	9533	
5706	130	ok	|	0.17	1.00	1.00	0.18	0.03	0	|	rapi	0.17	0.18	0	|	81.0	0.18(81)	0.18(81)	|	9533	
5706	131	ok	|	0.17	1.00	1.00	0.18	0.03	0	|	rapi	0.17	0.18	0	|	81.0	0.18(81)	0.18(81)	|	9533	
5706	132	ok	|	0.18	1.00	1.00	0.19	0.03	0	|	rapi	0.18	0.19	0	|	81.0	0.19(81)	0.19(81)	|	9533	
5706	133	ok	|	0.19	1.00	1.00	0.20	0.03	0	|	rapi	0.19	0.20	0	|	81.0	0.20(81)	0.20(81)	|	9533	
5706	134	ok	|	0.19	1.00	1.00	0.21	0.03	0	|	rapi	0.19	0.21	0	|	81.0	0.21(81)	0.21(81)	|	9533	
5706	135	ok	|	0.21	1.00	1.00	0.22	0.04	0	|	rapi	0.21	0.22	0	|	81.0	0.22(81)	0.22(81)	|	9533	
5706	136	ok	|	0.22	1.00	1.00	0.23	0.04	0	|	rapi	0.22	0.23	0	|	81.0	0.23(81)	0.23(81)	|	9533	
5706	137	ok	|	0.23	1.00	1.00	0.25	0.04	0	|	rapi	0.23	0.25	0	|	81.0	0.25(81)	0.25(81)	|	9533	
5706	138	ok	|	0.24	1.00	1.00	0.26	0.04	0	|	rapi	0.24	0.26	0	|	81.0	0.26(81)	0.26(81)	|	9533	
5706	139	ok	|	0.23	1.00	1.00	0.25	0.04	0	|	rapi	0.23	0.25	0	|	81.0	0.25(81)	0.25(81)	|	9533	
5706	140	ok	|	0.22	1.00	1.00	0.25	0.04	0	|	rapi	0.22	0.25	0	|	81.0	0.25(81)	0.25(81)	|	9533	
5706	141	ok	|	0.22	1.00	1.00	0.23	0.04	0	|	rapi	0.22	0.23	0	|	81.0	0.23(81)	0.23(81)	|	9533	
5706	142	ok	|	0.21	1.00	1.00	0.22	0.04	0	|	rapi	0.21	0.22	0	|	81.0	0.22(81)	0.22(81)	|	9533	
5706	143	ok	|	0.22	1.00	1.00	0.23	0.04	0	|	rapi	0.22	0.23	0	|	81.0	0.23(81)	0.23(81)	|	9533	
5706	144	ok	|	0.23	1.00	1.00	0.25	0.04	0	|	rapi	0.23	0.25	0	|	81.0	0.25(81)	0.25(81)	|	9533	
5706	145	ok	|	0.23	1.00	1.00	0.25	0.04	0	|	rapi	0.23	0.25	0	|	81.0	0.25(81)	0.25(81)	|	9533	
5706	146	ok	|	0.24	1.00	1.00	0.27	0.04	0	|	rapi	0.24	0.27	0	|	81.0	0.27(81)	0.27(81)	|	9533	
5706	147	ok	|	0.23	1.00	1.00	0.26	0.04	0	|	rapi	0.23	0.26	0	|	81.0	0.26(81)	0.26(81)	|	9533	
5706	148	ok	|	0.24	1.00	1.00	0.26	0.04	0	|	rapi	0.24	0.26	0	|	81.0	0.26(81)	0.26(81)	|	9533	
5706	149	ok	|	0.24	1.00	1.00	0.26	0.04	0	|	rapi	0.24	0.26	0	|	81.0	0.26(81)	0.26(81)	|	9533	
5706	150	ok	|	0.24	1.00	1.00	0.27	0.04	0	|	rapi	0.24	0.27	0	|	81.0	0.27(81)	0.27(81)	|	9533	
5706	151	ok	|	0.24	1.00	1.00	0.26	0.04	0	|	rapi	0.24	0.26	0	|	81.0	0.26(81)	0.26(81)	|	9533	
5706	152	ok	|	0.23	1.00	1.00	0.26	0.04	0	|	rapi	0.23	0.26	0	|	81.0	0.26(81)	0.26(81)	|	9533	
5706	153	ok	|	0.26	1.00	1.00	0.27	0.04	0	|	rapi	0.26	0.27	0	|	81.0	0.27(81)	0.27(81)	|	9533	
5706	154	ok	|	0.25	1.00	1.00	0.27	0.05	0	|	rapi	0.25	0.27	0	|	81.0	0.27(81)	0.27(81)	|	9533	
5706	155	ok	|	0.25	1.00	1.00	0.28	0.05	0	|	rapi	0.25	0.28	0	|	81.0	0.28(81)	0.28(81)	|	9533	
5706	156	ok	|	0.24	1.00	1.00	0.28	0.05	0	|	rapi	0.24	0.28	0	|	81.0	0.28(81)	0.28(81)	|	9533	
5706	157	ok	|	0.26	1.00	1.00	0.29	0.05	0	|	rapi	0.26	0.29	0	|	81.0	0.29(81)	0.29(81)	|	9533	
5706	158	ok	|	0.26	1.00	1.00	0.29	0.05	0	|	rapi	0.26	0.29	0	|	81.0	0.29(81)	0.29(81)	|	9533	
5706	159	ok	|	0.28	1.00	1.00	0.31	0.05	0	|	rapi	0.28	0.31	0	|	81.0	0.31(81)	0.31(81)	|	9533	
5706	160	ok	|	0.27	1.00	1.00	0.30	0.05	0	|	rapi	0.27	0.30	0	|	81.0	0.30(81)	0.30(81)	|	9533	
5706	161	ok	|	0.30	1.00	1.00	0.34	0.06	0	|	rapi	0.30	0.34	0	|	81.0	0.34(81)	0.34(81)	|	9533	
5706	162	ok	|	0.32	1.00	1.00	0.36	0.06	0	|	rapi	0.32	0.36	0	|	81.0	0.36(81)	0.36(81)	|	9533	
5706	163	ok	|	0.32	1.00	1.00	0.35	0.06	0	|	rapi	0.32	0.35	0	|	81.0	0.35(81)	0.35(81)	|	9533	
5706	164	ok	|	0.31	1.00	1.00	0.35	0.06	0	|	rapi	0.31	0.35	0	|	81.0	0.35(81)	0.35(81)	|	9533	
5706	165	ok	|	0.31	1.00	1.00	0.36	0.06	0	|	rapi	0.31	0.36	0	|	81.0	0.36(81)	0.36(81)	|	9533	
5706	166	ok	|	0.29	1.00	1.00	0.34	0.06	0	|	rapi	0.29	0.34	0	|	81.0	0.34(81)	0.34(81)	|	9533	
5706	167	ok	|	0.28	1.00	1.00	0.32	0.05	0	|	rapi	0.28	0.32	0	|	81.0	0.32(81)	0.32(81)	|	9533	
5706	168	ok	|	0.29	1.00	1.00	0.33	0.05	0	|	rapi	0.29	0.33	0	|	81.0	0.33(81)	0.33(81)	|	9533	
5706	169	ok	|	0.28	1.00	1.00	0.32	0.05	0	|	rapi	0.28	0.32	0	|	81.0	0.32(81)	0.32(81)	|	9533	
5706	170	ok	|	0.29	1.00	1.00	0.33	0.05	0	|	rapi	0.29	0.33	0	|	81.0	0.33(81)	0.33(81)	|	9533	
5706	171	ok	|	0.30	1.00	1.00	0.34	0.06	0	|	rapi	0.30	0.34	0	|	81.0	0.34(81)	0.34(81)	|	9533	
5706	172	ok	|	0.32	1.00	1.00	0.36	0.06	0	|	rapi	0.32	0.36	0	|	81.0	0.36(81)	0.36(81)	|	9533	
5706	173	ok	|	0.31	1.00	1.00	0.36	0.06	0	|	rapi	0.31	0.36	0	|	81.0	0.36(81)	0.36(81)	|	9533	
5706	174	ok	|	0.32	1.00	1.00	0.36	0.06	0	|	rapi	0.32	0.36	0	|	81.0	0.36(81)	0.36(81)	|	9533	
5706	175	ok	|	0.30	1.00	1.00	0.34	0.06	0	|	rapi	0.30	0.34	0	|	81.0	0.34(81)	0.34(81)	|	9533	
5706	176	ok	|	0.29	1.00	1.00	0.33	0.06	0	|	rapi	0.29	0.33	0	|	81.0	0.33(81)	0.33(81)	|	9533	
5706	177	ok	|	0.28	1.00	1.00	0.32	0.05	0	|	rapi	0.28	0.32	0	|	81.0	0.32(81)	0.32(81)	|	9533	
5706	178	ok	|	0.30	1.00	1.00	0.34	0.06	0	|	rapi	0.30	0.34	0	|	81.0	0.34(81)	0.34(81)	|	9533	
5706	179	ok	|	0.31	1.00	1.00	0.36	0.06	0	|	rapi	0.31	0.36	0	|	81.0	0.36(81)	0.36(81)	|	9533	
5706	180	ok	|	0.30	1.00	1.00	0.36	0.06	0	|	rapi	0.30	0.36	0	|	81.0	0.36(81)	0.36(81)	|	9533	
5706	181	ok	|	0.30	1.00	1.00	0.33	0.06	0	|	rapi	0.30	0.33	0	|	81.0	0.33(81)	0.33(81)	|	9533	
5706	182	ok	|	0.28	1.00	1.00	0.32	0.05	0	|	rapi	0.28	0.32	0	|	81.0	0.32(81)	0.32(81)	|	9533	
5706	183	ok	|	0.29	1.00	1.00	0.32	0.05	0	|	rapi	0.29	0.32	0	|	81.0	0.32(81)	0.32(81)	|	9533	
5706	184	ok	|	0.29	1.00	1.00	0.33	0.05	0	|	rapi	0.29	0.33	0	|	81.0	0.33(81)	0.33(81)	|	9533	
5706	185	ok	|	0.28	1.00	1.00	0.33	0.05	0	|	rapi	0.28	0.33	0	|	81.0	0.33(81)	0.33(81)	|	9533	
5706	186	ok	|	0.28	1.00	1.00	0.33	0.06	0	|	rapi	0.28	0.33	0	|	81.0	0.33(81)	0.33(81)	|	9533	
5706	187	ok	|	0.28	1.00	1.00	0.33	0.05	0	|	rapi	0.28	0.33	0	|	81.0	0.33(81)	0.33(81)	|	9533	
5706	188	ok	|	0.26	1.00	1.00	0.28	0.05	0	|	rapi	0.26	0.28	0	|	81.0	0.28(81)	0.28(81)	|	9533	
5706	189	ok	|	0.29	1.00	1.00	0.32	0.05	0	|	rapi	0.29	0.32	0	|	81.0	0.32(81)	0.32(81)	|	9533	
5706	190	ok	|	0.30	1.00	1.00	0.33	0.05	0	|	rapi	0.30	0.33	0	|	81.0	0.33(81)	0.33(81)	|	9533	
5706	191	ok	|	0.30	1.00	1.00	0.34	0.06	0	|	rapi	0.30	0.34	0	|	81.0	0.34(81)	0.34(81)	|	9533	
5706	192	ok	|	0.31	1.00	1.00	0.35	0.06	0	|	rapi	0.31	0.35	0	|	81.0	0.35(81)	0.35(81)	|	9533	
5706	193	ok	|	0.30	1.00	1.00	0.33	0.06	0	|	rapi	0.30	0.33	0	|	81.0	0.33(81)	0.33(81)	|	9533	
5706	194	ok	|	0.31	1.00	1.00	0.35	0.06	0	|	rapi	0.31	0.35	0	|	81.0	0.35(81)	0.35(81)	|	9533	
5706	195	ok	|	0.28	1.00	1.00	0.34	0.06	0	|	rapi	0.28	0.34	0	|	81.0	0.34(81)	0.34(81)	|	9533	
5706	196	ok	|	0.28	1.00	1.00	0.34	0.06	0	|	rapi	0.28	0.34	0	|	81.0	0.34(81)	0.34(81)	|	9533	
5706	197	ok	|	0.29	1.00	1.00	0.33	0.06	0	|	rapi	0.29	0.33	0	|	81.0	0.33(81)	0.33(81)	|	9533	
5706	198	ok	|	0.29	1.00	1.00	0.33	0.06	0	|	rapi	0.29	0.33	0	|	81.0	0.33(81)	0.33(81)	|	9533	
5706	199	ok	|	0.29	1.00	1.00	0.33	0.05	0	|	rapi	0.29	0.33	0	|	81.0	0.33(81)	0.33(81)	|	9533	
5706	200	ok	|	0.29	1.00	1.00	0.34	0.06	0	|	rapi	0.29	0.34	0	|	81.0	0.34(81)	0.34(81)	|	9533	
5706	201	ok	|	0.28	1.00	1.00	0.32	0.05	0	|	rapi	0.28	0.32	0	|	81.0	0.32(81)	0.32(81)	|	9533	
5706	202	ok	|	0.29	1.00	1.00	0.33	0.06	0	|	rapi	0.29	0.33	0	|	81.0	0.33(81)	0.33(81)	|	9533	
5706	203	ok	|	0.29	1.00	1.00	0.33	0.06	0	|	rapi	0.29	0.33	0	|	81.0	0.33(81)	0.33(81)	|	9533	
5706	204	ok	|	0.30	1.00	1.00	0.34	0.06	0	|	rapi	0.30	0.34	0	|	81.0	0.34(81)	0.34(81)	|	9533	
5706	205	ok	|	0.29	1.00	1.00	0.33	0.05	0	|	rapi	0.29	0.33	0	|	81.0	0.33(81)	0.33(81)	|	9533	
5706	206	ok	|	0.30	1.00	1.00	0.34	0.06	0	|	rapi	0.30	0.34	0	|	81.0	0.34(81)	0.34(81)	|	9533	
5706	207	ok	|	0.29	1.00	1.00	0.33	0.05	0	|	rapi	0.29	0.33	0	|	81.0	0.33(81)	0.33(81)	|	9533	
5706	208	ok	|	0.29	1.00	1.00	0.32	0.05	0	|	rapi	0.29	0.32	0	|	81.0	0.32(81)	0.32(81)	|	9533	
5706	209	ok	|	0.29	1.00	1.00	0.33	0.06	0	|	rapi	0.29	0.33	0	|	81.0	0.33(81)	0.33(81)	|	9533	
5706	210	ok	|	0.29	1.00	1.00	0.34	0.06	0	|	rapi	0.29	0.34	0	|	81.0	0.34(81)	0.34(81)	|	9533	
5706	211	ok	|	0.28	1.00	1.00	0.33	0.05	0	|	rapi	0.28	0.33	0	|	81.0	0.33(81)	0.33(81)	|	9533	
5706	212	ok	|	0.30	1.00	1.00	0.35	0.06	0	|	rapi	0.30	0.35	0	|	81.0	0.35(81)	0.35(81)	|	9533	
5706	213	ok	|	0.30	1.00	1.00	0.35	0.06	0	|	rapi	0.30	0.35	0	|	81.0	0.35(81)	0.35(81)	|	9533	
5706	214	ok	|	0.28	1.00	1.00	0.31	0.05	0	|	rapi	0.28	0.31	0	|	81.0	0.31(81)	0.31(81)	|	9533	
5706	215	ok	|	0.27	1.00	1.00	0.32	0.05	0	|	rapi	0.27	0.32	0	|	81.0	0.32(81)	0.32(81)	|	9533	
5706	216	ok	|	0.28	1.00	1.00	0.33	0.05	0	|	rapi	0.28	0.33	0	|	81.0	0.33(81)	0.33(81)	|	9533	
5706	217	ok	|	0.28	1.00	1.00	0.33	0.05	0	|	rapi	0.28	0.33	0	|	81.0	0.33(81)	0.33(81)	|	9533	
5706	218	ok	|	0.28	1.00	1.00	0.32	0.05	0	|	rapi	0.28	0.32	0	|	81.0	0.32(81)	0.32(81)	|	9533	
5706	219	ok	|	0.28	1.00	1.00	0.32	0.05	0	|	rapi	0.28	0.32	0	|	81.0	0.32(81)	0.32(81)	|	9533	
5706	220	ok	|	0.29	1.00	1.00	0.34	0.06	0	|	rapi	0.29	0.34	0	|	81.0	0.34(81)	0.34(81)	|	9533	
5706	221	ok	|	0.29	1.00	1.00	0.33	0.06	0	|	rapi	0.29	0.33	0	|	81.0	0.33(81)	0.33(81)	|	9533	
5706	222	ok	|	0.28	1.00	1.00	0.32	0.05	0	|	rapi	0.28	0.32	0	|	81.0	0.32(81)	0.32(81)	|	9533	
5706	223	ok	|	0.27	1.00	1.00	0.31	0.05	0	|	rapi	0.27	0.31	0	|	81.0	0.31(81)	0.31(81)	|	9533	
5706	224	ok	|	0.27	1.00	1.00	0.30	0.05	0	|	rapi	0.27	0.30	0	|	81.0	0.30(81)	0.30(81)	|	9533	
5706	225	ok	|	0.26	1.00	1.00	0.29	0.05	0	|	rapi	0.26	0.29	0	|	81.0	0.29(81)	0.29(81)	|	9533	
5706	226	ok	|	0.27	1.00	1.00	0.30	0.05	0	|	rapi	0.27	0.30	0	|	81.0	0.30(81)	0.30(81)	|	9533	
5706	227	ok	|	0.28	1.00	1.00	0.31	0.05	0	|	rapi	0.28	0.31	0	|	81.0	0.31(81)	0.31(81)	|	9533	
5706	228	ok	|	0.26	1.00	1.00	0.30	0.05	0	|	rapi	0.26	0.30	0	|	81.0	0.30(81)	0.30(81)	|	9533	
5706	229	ok	|	0.27	1.00	1.00	0.31	0.05	0	|	rapi	0.27	0.31	0	|	81.0	0.31(81)	0.31(81)	|	9533	
5706	230	ok	|	0.29	1.00	1.00	0.32	0.05	0	|	rapi	0.29	0.32	0	|	81.0	0.32(81)	0.32(81)	|	9533	
5706	231	ok	|	0.32	1.00	1.00	0.36	0.06	0	|	rapi	0.32	0.36	0	|	81.0	0.36(81)	0.36(81)	|	9533	
5706	232	ok	|	0.32	1.00	1.00	0.38	0.06	0	|	rapi	0.32	0.38	0	|	81.0	0.38(81)	0.38(81)	|	9533	
5706	233	ok	|	0.30	1.00	1.00	0.37	0.06	0	|	rapi	0.30	0.37	0	|	81.0	0.37(81)	0.37(81)	|	9533	
5706	234	ok	|	0.31	1.00	1.00	0.36	0.06	0	|	rapi	0.31	0.36	0	|	81.0	0.36(81)	0.36(81)	|	9533	
5706	235	ok	|	0.30	1.00	1.00	0.36	0.06	0	|	rapi	0.30	0.36	0	|	81.0	0.36(81)	0.36(81)	|	9533	
5706	236	ok	|	0.30	1.00	1.00	0.34	0.06	0	|	rapi	0.30	0.34	0	|	81.0	0.34(81)	0.34(81)	|	9533	
5706	237	ok	|	0.33	1.00	1.00	0.36	0.06	0	|	rapi	0.33	0.36	0	|	81.0	0.36(81)	0.36(81)	|	9533	
5706	238	ok	|	0.30	1.00	1.00	0.34	0.06	0	|	rapi	0.30	0.34	0	|	81.0	0.34(81)	0.34(81)	|	9533	
5706	239	ok	|	0.30	1.00	1.00	0.36	0.06	0	|	rapi	0.30	0.36	0	|	81.0	0.36(81)	0.36(81)	|	9533	
5706	240	ok	|	0.29	1.00	1.00	0.33	0.05	0	|	rapi	0.29	0.33	0	|	81.0	0.33(81)	0.33(81)	|	9533	
5706	241	ok	|	0.27	1.00	1.00	0.31	0.05	0	|	rapi	0.27	0.31	0	|	81.0	0.31(81)	0.31(81)	|	9533	
5706	242	ok	|	0.28	1.00	1.00	0.31	0.05	0	|	rapi	0.28	0.31	0	|	81.0	0.31(81)	0.31(81)	|	9533	
5706	243	ok	|	0.28	1.00	1.00	0.31	0.05	0	|	rapi	0.28	0.31	0	|	81.0	0.31(81)	0.31(81)	|	9533	
5706	244	ok	|	0.26	1.00	1.00	0.29	0.05	0	|	rapi	0.26	0.29	0	|	81.0	0.29(81)	0.29(81)	|	9533	
5706	245	ok	|	0.25	1.00	1.00	0.29	0.05	0	|	rapi	0.25	0.29	0	|	81.0	0.29(81)	0.29(81)	|	9533	
5706	246	ok	|	0.22	1.00	1.00	0.25	0.04	0	|	rapi	0.22	0.25	0	|	81.0	0.25(81)	0.25(81)	|	9533	
5706	247	ok	|	0.21	1.00	1.00	0.24	0.04	0	|	rapi	0.21	0.24	0	|	81.0	0.24(81)	0.24(81)	|	9533	
5706	248	ok	|	0.22	1.00	1.00	0.24	0.04	0	|	rapi	0.22	0.24	0	|	81.0	0.24(81)	0.24(81)	|	9533	
5706	249	ok	|	0.23	1.00	1.00	0.25	0.04	0	|	rapi	0.23	0.25	0	|	81.0	0.25(81)	0.25(81)	|	9533	
5706	250	ok	|	0.24	1.00	1.00	0.27	0.04	0	|	rapi	0.24	0.27	0	|	81.0	0.27(81)	0.27(81)	|	9533	
5706	251	ok	|	0.24	1.00	1.00	0.26	0.04	0	|	rapi	0.24	0.26	0	|	81.0	0.26(81)	0.26(81)	|	9533	
5706	252	ok	|	0.21	1.00	1.00	0.23	0.04	0	|	rapi	0.21	0.23	0	|	81.0	0.23(81)	0.23(81)	|	9533	
5706	253	ok	|	0.20	1.00	1.00	0.23	0.04	0	|	rapi	0.20	0.23	0	|	81.0	0.23(81)	0.23(81)	|	9533	
5706	254	ok	|	0.23	1.00	1.00	0.25	0.04	0	|	rapi	0.23	0.25	0	|	81.0	0.25(81)	0.25(81)	|	9533	
5706	255	ok	|	0.22	1.00	1.00	0.24	0.04	0	|	rapi	0.22	0.24	0	|	81.0	0.24(81)	0.24(81)	|	9533	
5706	256	ok	|	0.23	1.00	1.00	0.26	0.04	0	|	rapi	0.23	0.26	0	|	81.0	0.26(81)	0.26(81)	|	9533	
5706	257	ok	|	0.22	1.00	1.00	0.25	0.04	0	|	rapi	0.22	0.25	0	|	81.0	0.25(81)	0.25(81)	|	9533	
5706	258	ok	|	0.24	1.00	1.00	0.26	0.04	0	|	rapi	0.24	0.26	0	|	81.0	0.26(81)	0.26(81)	|	9533	
5706	259	ok	|	0.24	1.00	1.00	0.26	0.04	0	|	rapi	0.24	0.26	0	|	81.0	0.26(81)	0.26(81)	|	9533	
5706	260	ok	|	0.23	1.00	1.00	0.25	0.04	0	|	rapi	0.23	0.25	0	|	81.0	0.25(81)	0.25(81)	|	9533	
5706	261	ok	|	0.24	1.00	1.00	0.26	0.04	0	|	rapi	0.24	0.26	0	|	81.0	0.26(81)	0.26(81)	|	9533	
5706	262	ok	|	0.23	1.00	1.00	0.27	0.04	0	|	rapi	0.23	0.27	0	|	81.0	0.27(81)	0.27(81)	|	9533	
5706	263	ok	|	0.23	1.00	1.00	0.25	0.04	0	|	rapi	0.23	0.25	0	|	81.0	0.25(81)	0.25(81)	|	9533	
5706	264	ok	|	0.23	1.00	1.00	0.26	0.04	0	|	rapi	0.23	0.26	0	|	81.0	0.26(81)	0.26(81)	|	9533	
5706	265	ok	|	0.24	1.00	1.00	0.28	0.05	0	|	rapi	0.24	0.28	0	|	81.0	0.28(81)	0.28(81)	|	9533	
5706	266	ok	|	0.26	1.00	1.00	0.29	0.05	0	|	rapi	0.26	0.29	0	|	81.0	0.29(81)	0.29(81)	|	9533	
5706	267	ok	|	0.24	1.00	1.00	0.27	0.05	0	|	rapi	0.24	0.27	0	|	81.0	0.27(81)	0.27(81)	|	9533	
5706	268	ok	|	0.23	1.00	1.00	0.26	0.04	0	|	rapi	0.23	0.26	0	|	81.0	0.26(81)	0.26(81)	|	9533	
5706	269	ok	|	0.21	1.00	1.00	0.24	0.04	0	|	rapi	0.21	0.24	0	|	81.0	0.24(81)	0.24(81)	|	9533	
5706	270	ok	|	0.22	1.00	1.00	0.24	0.04	0	|	rapi	0.22	0.24	0	|	81.0	0.24(81)	0.24(81)	|	9533	
5706	271	ok	|	0.23	1.00	1.00	0.26	0.04	0	|	rapi	0.23	0.26	0	|	81.0	0.26(81)	0.26(81)	|	9533	
5706	272	ok	|	0.21	1.00	1.00	0.24	0.04	0	|	rapi	0.21	0.24	0	|	81.0	0.24(81)	0.24(81)	|	9533	
5706	273	ok	|	0.22	1.00	1.00	0.24	0.04	0	|	rapi	0.22	0.24	0	|	81.0	0.24(81)	0.24(81)	|	9533	
5706	274	ok	|	0.24	1.00	1.00	0.26	0.04	0	|	rapi	0.24	0.26	0	|	81.0	0.26(81)	0.26(81)	|	9533	
5706	275	ok	|	0.21	1.00	1.00	0.24	0.04	0	|	rapi	0.21	0.24	0	|	81.0	0.24(81)	0.24(81)	|	9533	
5706	276	ok	|	0.21	1.00	1.00	0.24	0.04	0	|	rapi	0.21	0.24	0	|	81.0	0.24(81)	0.24(81)	|	9533	
5706	277	ok	|	0.19	1.00	1.00	0.20	0.03	0	|	rapi	0.19	0.20	0	|	81.0	0.20(81)	0.20(81)	|	9533	
5706	278	ok	|	0.20	1.00	1.00	0.21	0.04	0	|	rapi	0.20	0.21	0	|	81.0	0.21(81)	0.21(81)	|	9533	
5706	279	ok	|	0.20	1.00	1.00	0.21	0.03	0	|	rapi	0.20	0.21	0	|	81.0	0.21(81)	0.21(81)	|	9533	
5706	280	ok	|	0.20	1.00	1.00	0.20	0.03	0	|	rapi	0.20	0.20	0	|	81.0	0.20(81)	0.20(81)	|	9533	
5706	281	ok	|	0.17	1.00	1.00	0.17	0.03	0	|	rapi	0.17	0.17	0	|	81.0	0.17(81)	0.17(81)	|	9533	
5706	282	ok	|	0.17	1.00	1.00	0.18	0.03	0	|	rapi	0.17	0.18	0	|	81.0	0.18(81)	0.18(81)	|	9533	
5706	283	ok	|	0.17	1.00	1.00	0.18	0.03	0	|	rapi	0.17	0.18	0	|	81.0	0.18(81)	0.18(81)	|	9533	
5706	284	ok	|	0.15	1.00	1.00	0.16	0.03	0	|	rapi	0.15	0.16	0	|	81.0	0.16(81)	0.16(81)	|	9533	
5706	285	ok	|	0.16	1.00	1.00	0.17	0.03	0	|	rapi	0.16	0.17	0	|	81.0	0.17(81)	0.17(81)	|	9533	
5706	286	ok	|	0.17	1.00	1.00	0.18	0.03	0	|	rapi	0.17	0.18	0	|	81.0	0.18(81)	0.18(81)	|	9533	
5706	287	ok	|	0.17	1.00	1.00	0.18	0.03	0	|	rapi	0.17	0.18	0	|	81.0	0.18(81)	0.18(81)	|	9533	
5706	288	ok	|	0.17	1.00	1.00	0.18	0.03	0	|	rapi	0.17	0.18	0	|	81.0	0.18(81)	0.18(81)	|	9533	
5706	289	ok	|	0.17	1.00	1.00	0.18	0.03	0	|	rapi	0.17	0.18	0	|	81.0	0.18(81)	0.18(81)	|	9533	
5706	290	ok	|	0.18	1.00	1.00	0.19	0.03	0	|	rapi	0.18	0.19	0	|	81.0	0.19(81)	0.19(81)	|	9533	
5706	291	ok	|	0.19	1.00	1.00	0.20	0.03	0	|	rapi	0.19	0.20	0	|	81.0	0.20(81)	0.20(81)	|	9533	
5706	292	ok	|	0.17	1.00	1.00	0.18	0.03	0	|	rapi	0.17	0.18	0	|	81.0	0.18(81)	0.18(81)	|	9533	
5706	293	ok	|	0.18	1.00	1.00	0.19	0.03	0	|	rapi	0.18	0.19	0	|	81.0	0.19(81)	0.19(81)	|	9533	
5706	294	ok	|	0.18	1.00	1.00	0.20	0.03	0	|	rapi	0.18	0.20	0	|	81.0	0.20(81)	0.20(81)	|	9533	
5706	295	ok	|	0.17	1.00	1.00	0.18	0.03	0	|	rapi	0.17	0.18	0	|	81.0	0.18(81)	0.18(81)	|	9533	
5706	296	ok	|	0.18	1.00	1.00	0.19	0.03	0	|	rapi	0.18	0.19	0	|	81.0	0.19(81)	0.19(81)	|	9533	
5706	297	ok	|	0.20	1.00	1.00	0.22	0.04	0	|	rapi	0.20	0.22	0	|	81.0	0.22(81)	0.22(81)	|	9533	
5706	298	ok	|	0.18	1.00	1.00	0.20	0.03	0	|	rapi	0.18	0.20	0	|	81.0	0.20(81)	0.20(81)	|	9533	
5706	299	ok	|	0.19	1.00	1.00	0.21	0.03	0	|	rapi	0.19	0.21	0	|	81.0	0.21(81)	0.21(81)	|	9533	
5706	300	ok	|	0.18	1.00	1.00	0.20	0.03	0	|	rapi	0.18	0.20	0	|	81.0	0.20(81)	0.20(81)	|	9533	
5706	301	ok	|	0.19	1.00	1.00	0.20	0.03	0	|	rapi	0.19	0.20	0	|	81.0	0.20(81)	0.20(81)	|	9533	
5706	302	ok	|	0.17	1.00	1.00	0.18	0.03	0	|	rapi	0.17	0.18	0	|	81.0	0.18(81)	0.18(81)	|	9533	
5706	303	ok	|	0.15	1.00	1.00	0.16	0.03	0	|	rapi	0.15	0.16	0	|	81.0	0.16(81)	0.16(81)	|	9533	
5706	304	ok	|	0.18	1.00	1.00	0.19	0.03	0	|	rapi	0.18	0.19	0	|	81.0	0.19(81)	0.19(81)	|	9533	
5706	305	ok	|	0.17	1.00	1.00	0.18	0.03	0	|	rapi	0.17	0.18	0	|	81.0	0.18(81)	0.18(81)	|	9533	
5706	306	ok	|	0.17	1.00	1.00	0.18	0.03	0	|	rapi	0.17	0.18	0	|	81.0	0.18(81)	0.18(81)	|	9533	
5706	307	ok	|	0.17	1.00	1.00	0.17	0.03	0	|	rapi	0.17	0.17	0	|	81.0	0.17(81)	0.17(81)	|	9533	
5706	308	ok	|	0.14	1.00	1.00	0.16	0.03	0	|	rapi	0.14	0.16	0	|	81.0	0.16(81)	0.16(81)	|	9533	
5706	309	ok	|	0.15	1.00	1.00	0.16	0.03	0	|	rapi	0.15	0.16	0	|	81.0	0.16(81)	0.16(81)	|	9533	
5706	310	ok	|	0.13	1.00	1.00	0.14	0.02	0	|	rapi	0.13	0.14	0	|	81.0	0.14(81)	0.14(81)	|	9533	
5706	311	ok	|	0.13	1.00	1.00	0.14	0.02	0	|	rapi	0.13	0.14	0	|	81.0	0.14(81)	0.14(81)	|	9533	
5706	312	ok	|	0.15	1.00	1.00	0.16	0.03	0	|	rapi	0.15	0.16	0	|	81.0	0.16(81)	0.16(81)	|	9533	
5706	313	ok	|	0.15	1.00	1.00	0.16	0.03	0	|	rapi	0.15	0.16	0	|	81.0	0.16(81)	0.16(81)	|	9533	
5706	314	ok	|	0.14	1.00	1.00	0.15	0.03	0	|	rapi	0.14	0.15	0	|	81.0	0.15(81)	0.15(81)	|	9533	
5706	315	ok	|	0.15	1.00	1.00	0.16	0.03	0	|	rapi	0.15	0.16	0	|	81.0	0.16(81)	0.16(81)	|	9533	
5706	316	ok	|	0.15	1.00	1.00	0.16	0.03	0	|	rapi	0.15	0.16	0	|	81.0	0.16(81)	0.16(81)	|	9533	
5706	317	ok	|	0.15	1.00	1.00	0.16	0.03	0	|	rapi	0.15	0.16	0	|	81.0	0.16(81)	0.16(81)	|	9533	
5706	318	ok	|	0.17	1.00	1.00	0.18	0.03	0	|	rapi	0.17	0.18	0	|	81.0	0.18(81)	0.18(81)	|	9533	
5706	319	ok	|	0.17	1.00	1.00	0.18	0.03	0	|	rapi	0.17	0.18	0	|	81.0	0.18(81)	0.18(81)	|	9533	
5706	320	ok	|	0.17	1.00	1.00	0.18	0.03	0	|	rapi	0.17	0.18	0	|	81.0	0.18(81)	0.18(81)	|	9533	
5706	321	ok	|	0.16	1.00	1.00	0.17	0.03	0	|	rapi	0.16	0.17	0	|	81.0	0.17(81)	0.17(81)	|	9533	
5706	322	ok	|	0.15	1.00	1.00	0.16	0.03	0	|	rapi	0.15	0.16	0	|	81.0	0.16(81)	0.16(81)	|	9533	
5706	323	ok	|	0.16	1.00	1.00	0.17	0.03	0	|	rapi	0.16	0.17	0	|	81.0	0.17(81)	0.17(81)	|	9533	
5706	324	ok	|	0.15	1.00	1.00	0.16	0.03	0	|	rapi	0.15	0.16	0	|	81.0	0.16(81)	0.16(81)	|	9533	
5706	325	ok	|	0.17	1.00	1.00	0.18	0.03	0	|	rapi	0.17	0.18	0	|	81.0	0.18(81)	0.18(81)	|	9533	
5706	326	ok	|	0.17	1.00	1.00	0.18	0.03	0	|	rapi	0.17	0.18	0	|	81.0	0.18(81)	0.18(81)	|	9533	
5706	327	ok	|	0.18	1.00	1.00	0.18	0.03	0	|	rapi	0.18	0.18	0	|	81.0	0.18(81)	0.18(81)	|	9533	
5706	328	ok	|	0.18	1.00	1.00	0.20	0.03	0	|	rapi	0.18	0.20	0	|	81.0	0.20(81)	0.20(81)	|	9533	
5706	329	ok	|	0.19	1.00	1.00	0.21	0.03	0	|	rapi	0.19	0.21	0	|	81.0	0.21(81)	0.21(81)	|	9533	
5706	330	ok	|	0.20	1.00	1.00	0.23	0.04	0	|	rapi	0.20	0.23	0	|	81.0	0.23(81)	0.23(81)	|	9533	
5706	331	ok	|	0.23	1.00	1.00	0.25	0.04	0	|	rapi	0.23	0.25	0	|	81.0	0.25(81)	0.25(81)	|	9533	
5706	332	ok	|	0.21	1.00	1.00	0.24	0.04	0	|	rapi	0.21	0.24	0	|	81.0	0.24(81)	0.24(81)	|	9533	
5706	333	ok	|	0.22	1.00	1.00	0.24	0.04	0	|	rapi	0.22	0.24	0	|	81.0	0.24(81)	0.24(81)	|	9533	
5706	334	ok	|	0.22	1.00	1.00	0.24	0.04	0	|	rapi	0.22	0.24	0	|	81.0	0.24(81)	0.24(81)	|	9533	
5706	335	ok	|	0.23	1.00	1.00	0.25	0.04	0	|	rapi	0.23	0.25	0	|	81.0	0.25(81)	0.25(81)	|	9533	
5706	336	ok	|	0.22	1.00	1.00	0.25	0.04	0	|	rapi	0.22	0.25	0	|	81.0	0.25(81)	0.25(81)	|	9533	
5706	337	ok	|	0.24	1.00	1.00	0.27	0.04	0	|	rapi	0.24	0.27	0	|	81.0	0.27(81)	0.27(81)	|	9533	
5706	338	ok	|	0.21	1.00	1.00	0.24	0.04	0	|	rapi	0.21	0.24	0	|	81.0	0.24(81)	0.24(81)	|	9533	
5706	339	ok	|	0.19	1.00	1.00	0.21	0.04	0	|	rapi	0.19	0.21	0	|	81.0	0.21(81)	0.21(81)	|	9533	
5706	340	ok	|	0.21	1.00	1.00	0.23	0.04	0	|	rapi	0.21	0.23	0	|	81.0	0.23(81)	0.23(81)	|	9533	
5706	341	ok	|	0.22	1.00	1.00	0.24	0.04	0	|	rapi	0.22	0.24	0	|	81.0	0.24(81)	0.24(81)	|	9533	
5706	342	ok	|	0.22	1.00	1.00	0.24	0.04	0	|	rapi	0.22	0.24	0	|	81.0	0.24(81)	0.24(81)	|	9533	
5706	343	ok	|	0.22	1.00	1.00	0.24	0.04	0	|	rapi	0.22	0.24	0	|	81.0	0.24(81)	0.24(81)	|	9533	
5706	344	ok	|	0.22	1.00	1.00	0.24	0.04	0	|	rapi	0.22	0.24	0	|	81.0	0.24(81)	0.24(81)	|	9533	
5706	345	ok	|	0.23	1.00	1.00	0.25	0.04	0	|	rapi	0.23	0.25	0	|	81.0	0.25(81)	0.25(81)	|	9533	
5706	346	ok	|	0.23	1.00	1.00	0.25	0.04	0	|	rapi	0.23	0.25	0	|	81.0	0.25(81)	0.25(81)	|	9533	
5706	347	ok	|	0.22	1.00	1.00	0.23	0.04	0	|	rapi	0.22	0.23	0	|	81.0	0.23(81)	0.23(81)	|	9533	
5706	348	ok	|	0.22	1.00	1.00	0.23	0.04	0	|	rapi	0.22	0.23	0	|	81.0	0.23(81)	0.23(81)	|	9533	
5706	349	ok	|	0.19	1.00	1.00	0.20	0.03	0	|	rapi	0.19	0.20	0	|	81.0	0.20(81)	0.20(81)	|	9533	
5706	350	ok	|	0.18	1.00	1.00	0.19	0.03	0	|	rapi	0.18	0.19	0	|	81.0	0.19(81)	0.19(81)	|	9533	
5706	351	ok	|	0.18	1.00	1.00	0.20	0.03	0	|	rapi	0.18	0.20	0	|	81.0	0.20(81)	0.20(81)	|	9533	
5706	352	ok	|	0.17	1.00	1.00	0.19	0.03	0	|	rapi	0.17	0.19	0	|	81.0	0.19(81)	0.19(81)	|	9533	
5706	353	ok	|	0.16	1.00	1.00	0.17	0.03	0	|	rapi	0.16	0.17	0	|	81.0	0.17(81)	0.17(81)	|	9533	
5706	354	ok	|	0.17	1.00	1.00	0.18	0.03	0	|	rapi	0.17	0.18	0	|	81.0	0.18(81)	0.18(81)	|	9533	
5706	355	ok	|	0.16	1.00	1.00	0.17	0.03	0	|	rapi	0.16	0.17	0	|	81.0	0.17(81)	0.17(81)	|	9533	
5706	356	ok	|	0.14	1.00	1.00	0.15	0.03	0	|	rapi	0.14	0.15	0	|	81.0	0.15(81)	0.15(81)	|	9533	
5706	357	ok	|	0.14	1.00	1.00	0.15	0.02	0	|	rapi	0.14	0.15	0	|	81.0	0.15(81)	0.15(81)	|	9533	
5706	358	ok	|	0.13	1.00	1.00	0.14	0.02	0	|	rapi	0.13	0.14	0	|	81.0	0.14(81)	0.14(81)	|	9533	
5706	359	ok	|	0.14	1.00	1.00	0.14	0.02	0	|	rapi	0.14	0.14	0	|	81.0	0.14(81)	0.14(81)	|	9533	
5706	360	ok	|	0.12	1.00	1.00	0.12	0.02	0	|	rapi	0.12	0.12	0	|	81.0	0.12(81)	0.12(81)	|	9533	
5706	361	ok	|	0.11	1.00	1.00	0.12	0.02	0	|	rapi	0.11	0.12	0	|	81.0	0.12(81)	0.12(81)	|	9533	
5706	362	ok	|	0.11	1.00	1.00	0.12	0.02	0	|	rapi	0.11	0.12	0	|	81.0	0.12(81)	0.12(81)	|	9533	
5706	363	ok	|	0.12	1.00	1.00	0.13	0.02	0	|	rapi	0.12	0.13	0	|	81.0	0.13(81)	0.13(81)	|	9533	
5706	364	ok	|	0.12	1.00	1.00	0.13	0.02	0	|	rapi	0.12	0.13	0	|	81.0	0.13(81)	0.13(81)	|	9533	
5706	365	ok	|	0.10	1.00	1.00	0.11	0.02	0	|	rapi	0.10	0.11	0	|	81.0	0.11(81)	0.11(81)	|	9533	
5706	366	ok	|	0.11	1.00	1.00	0.12	0.02	0	|	rapi	0.11	0.12	0	|	81.0	0.12(81)	0.12(81)	|	9533	
5706	367	ok	|	0.12	1.00	1.00	0.13	0.02	0	|	rapi	0.12	0.13	0	|	81.0	0.13(81)	0.13(81)	|	9533	
5706	368	ok	|	0.12	1.00	1.00	0.13	0.02	0	|	rapi	0.12	0.13	0	|	81.0	0.13(81)	0.13(81)	|	9533	
5706	369	ok	|	0.11	1.00	1.00	0.12	0.02	0	|	rapi	0.11	0.12	0	|	81.0	0.12(81)	0.12(81)	|	9533	
5706	370	ok	|	0.11	1.00	1.00	0.12	0.02	0	|	rapi	0.11	0.12	0	|	81.0	0.12(81)	0.12(81)	|	9533	
5706	371	ok	|	0.10	1.00	1.00	0.10	0.02	0	|	rapi	0.10	0.10	0	|	81.0	0.10(81)	0.10(81)	|	9533	
5706	372	ok	|	0.09	1.00	1.00	0.09	0.01	0	|	rapi	0.09	0.09	0	|	81.0	0.09(81)	0.09(81)	|	9533	
5706	373	ok	|	0.08	1.00	1.00	0.09	0.01	0	|	rapi	0.08	0.09	0	|	81.0	0.09(81)	0.09(81)	|	9533	
5706	374	ok	|	0.08	1.00	1.00	0.09	0.01	0	|	rapi	0.08	0.09	0	|	81.0	0.09(81)	0.09(81)	|	9533	
5706	375	ok	|	0.09	1.00	1.00	0.10	0.02	0	|	rapi	0.09	0.10	0	|	81.0	0.10(81)	0.10(81)	|	9533	
5706	376	ok	|	0.10	1.00	1.00	0.10	0.02	0	|	rapi	0.10	0.10	0	|	81.0	0.10(81)	0.10(81)	|	9533	
5706	377	ok	|	0.10	1.00	1.00	0.11	0.02	0	|	rapi	0.10	0.11	0	|	81.0	0.11(81)	0.11(81)	|	9533	
5706	378	ok	|	0.10	1.00	1.00	0.10	0.02	0	|	rapi	0.10	0.10	0	|	81.0	0.10(81)	0.10(81)	|	9533	
5706	379	ok	|	0.11	1.00	1.00	0.11	0.02	0	|	rapi	0.11	0.11	0	|	81.0	0.11(81)	0.11(81)	|	9533	
5706	380	ok	|	0.12	1.00	1.00	0.13	0.02	0	|	rapi	0.12	0.13	0	|	81.0	0.13(81)	0.13(81)	|	9533	
5706	381	ok	|	0.10	1.00	1.00	0.11	0.02	0	|	rapi	0.10	0.11	0	|	81.0	0.11(81)	0.11(81)	|	9533	
5706	382	ok	|	0.10	1.00	1.00	0.10	0.02	0	|	rapi	0.10	0.10	0	|	81.0	0.10(81)	0.10(81)	|	9533	
5706	383	ok	|	0.10	1.00	1.00	0.11	0.02	0	|	rapi	0.10	0.11	0	|	81.0	0.11(81)	0.11(81)	|	9533	
5706	384	ok	|	0.10	1.00	1.00	0.10	0.02	0	|	rapi	0.10	0.10	0	|	81.0	0.10(81)	0.10(81)	|	9533	
5706	385	ok	|	0.09	1.00	1.00	0.10	0.02	0	|	rapi	0.09	0.10	0	|	81.0	0.10(81)	0.10(81)	|	9533	
5706	386	ok	|	0.11	1.00	1.00	0.11	0.02	0	|	rapi	0.11	0.11	0	|	81.0	0.11(81)	0.11(81)	|	9533	
5706	387	ok	|	0.09	1.00	1.00	0.09	0.01	0	|	rapi	0.09	0.09	0	|	81.0	0.09(81)	0.09(81)	|	9533	
5706	388	ok	|	0.09	1.00	1.00	0.09	0.01	0	|	rapi	0.09	0.09	0	|	81.0	0.09(81)	0.09(81)	|	9533	
5706	389	ok	|	0.08	1.00	1.00	0.08	0.01	0	|	rapi	0.08	0.08	0	|	81.0	0.08(81)	0.08(81)	|	9533	
5706	390	ok	|	0.07	1.00	1.00	0.07	0.01	0	|	rapi	0.07	0.07	0	|	81.0	0.07(81)	0.07(81)	|	9533	
5706	391	ok	|	0.07	1.00	1.00	0.07	0.01	0	|	rapi	0.07	0.07	0	|	81.0	0.07(81)	0.07(81)	|	9533	
5706	392	ok	|	0.07	1.00	1.00	0.07	0.01	0	|	rapi	0.07	0.07	0	|	81.0	0.07(81)	0.07(81)	|	9533	
5706	393	ok	|	0.06	1.00	1.00	0.06	0.01	0	|	rapi	0.06	0.06	0	|	81.0	0.06(81)	0.06(81)	|	9533	
5706	394	ok	|	0.06	1.00	1.00	0.06	0.01	0	|	rapi	0.06	0.06	0	|	81.0	0.06(81)	0.06(81)	|	9533	
5706	395	ok	|	0.04	1.00	1.00	0.04	0.01	0	|	rapi	0.04	0.04	0	|	81.0	0.04(81)	0.04(81)	|	9533	
5706	396	ok	|	0.04	1.00	1.00	0.04	0.01	0	|	rapi	0.04	0.04	0	|	81.0	0.04(81)	0.04(81)	|	9533	
5706	397	ok	|	0.03	1.00	1.00	0.03	0.01	0	|	rapi	0.03	0.03	0	|	81.0	0.03(81)	0.03(81)	|	9533	
5706	398	ok	|	0.04	1.00	1.00	0.04	0.01	0	|	rapi	0.04	0.04	0	|	81.0	0.04(81)	0.04(81)	|	9533	
5706	399	ok	|	0.04	1.00	1.00	0.04	0.01	0	|	rapi	0.04	0.04	0	|	81.0	0.04(81)	0.04(81)	|	9533	
5706	400	ok	|	0.05	1.00	1.00	0.05	0.01	0	|	rapi	0.05	0.05	0	|	81.0	0.05(81)	0.05(81)	|	9533	
5706	401	ok	|	0.06	1.00	1.00	0.06	0.01	0	|	rapi	0.06	0.06	0	|	81.0	0.06(81)	0.06(81)	|	9533	
5706	402	ok	|	0.06	1.00	1.00	0.07	0.01	0	|	rapi	0.06	0.07	0	|	81.0	0.07(81)	0.07(81)	|	9533	
5706	403	ok	|	0.07	1.00	1.00	0.07	0.01	0	|	rapi	0.07	0.07	0	|	81.0	0.07(81)	0.07(81)	|	9533	
5706	404	ok	|	0.08	1.00	1.00	0.08	0.01	0	|	rapi	0.08	0.08	0	|	81.0	0.08(81)	0.08(81)	|	9533	
5706	405	ok	|	0.08	1.00	1.00	0.08	0.01	0	|	rapi	0.08	0.08	0	|	81.0	0.08(81)	0.08(81)	|	9533	
5706	406	ok	|	0.09	1.00	1.00	0.09	0.01	0	|	rapi	0.09	0.09	0	|	81.0	0.09(81)	0.09(81)	|	9533	
5706	407	ok	|	0.09	1.00	1.00	0.09	0.02	0	|	rapi	0.09	0.09	0	|	81.0	0.09(81)	0.09(81)	|	9533	
5706	408	ok	|	0.10	1.00	1.00	0.10	0.02	0	|	rapi	0.10	0.10	0	|	81.0	0.10(81)	0.10(81)	|	9533	
5706	409	ok	|	0.10	1.00	1.00	0.11	0.02	0	|	rapi	0.10	0.11	0	|	81.0	0.11(81)	0.11(81)	|	9533	
5706	410	ok	|	0.11	1.00	1.00	0.11	0.02	0	|	rapi	0.11	0.11	0	|	81.0	0.11(81)	0.11(81)	|	9533	
5706	411	ok	|	0.11	1.00	1.00	0.12	0.02	0	|	rapi	0.11	0.12	0	|	81.0	0.12(81)	0.12(81)	|	9533	
5706	412	ok	|	0.10	1.00	1.00	0.10	0.02	0	|	rapi	0.10	0.10	0	|	81.0	0.10(81)	0.10(81)	|	9533	
5706	413	ok	|	0.10	1.00	1.00	0.10	0.02	0	|	rapi	0.10	0.10	0	|	81.0	0.10(81)	0.10(81)	|	9533	
5706	414	ok	|	0.08	1.00	1.00	0.09	0.01	0	|	rapi	0.08	0.09	0	|	81.0	0.09(81)	0.09(81)	|	9533	
5706	415	ok	|	0.08	1.00	1.00	0.08	0.01	0	|	rapi	0.08	0.08	0	|	81.0	0.08(81)	0.08(81)	|	9533	
5706	416	ok	|	0.07	1.00	1.00	0.07	0.01	0	|	rapi	0.07	0.07	0	|	81.0	0.07(81)	0.07(81)	|	9533	
5706	417	ok	|	0.07	1.00	1.00	0.07	0.01	0	|	rapi	0.07	0.07	0	|	81.0	0.07(81)	0.07(81)	|	9533	
5706	418	ok	|	0.05	1.00	1.00	0.05	0.01	0	|	rapi	0.05	0.05	0	|	81.0	0.05(81)	0.05(81)	|	9533	
5706	419	ok	|	0.06	1.00	1.00	0.06	0.01	0	|	rapi	0.06	0.06	0	|	81.0	0.06(81)	0.06(81)	|	9533	
5706	420	ok	|	0.06	1.00	1.00	0.06	0.01	0	|	rapi	0.06	0.06	0	|	81.0	0.06(81)	0.06(81)	|	9533	
5706	421	ok	|	0.06	1.00	1.00	0.06	0.01	0	|	rapi	0.06	0.06	0	|	81.0	0.06(81)	0.06(81)	|	9533	
5706	422	ok	|	0.08	1.00	1.00	0.08	0.01	0	|	rapi	0.08	0.08	0	|	81.0	0.08(81)	0.08(81)	|	9533	
5706	423	ok	|	0.07	1.00	1.00	0.07	0.01	0	|	rapi	0.07	0.07	0	|	81.0	0.07(81)	0.07(81)	|	9533	
5706	424	ok	|	0.08	1.00	1.00	0.09	0.01	0	|	rapi	0.08	0.09	0	|	81.0	0.09(81)	0.09(81)	|	9533	
5706	425	ok	|	0.09	1.00	1.00	0.10	0.02	0	|	rapi	0.09	0.10	0	|	81.0	0.10(81)	0.10(81)	|	9533	
5706	426	ok	|	0.08	1.00	1.00	0.09	0.01	0	|	rapi	0.08	0.09	0	|	81.0	0.09(81)	0.09(81)	|	9533	
5706	427	ok	|	0.09	1.00	1.00	0.09	0.01	0	|	rapi	0.09	0.09	0	|	81.0	0.09(81)	0.09(81)	|	9533	
5706	428	ok	|	0.07	1.00	1.00	0.07	0.01	0	|	rapi	0.07	0.07	0	|	81.0	0.07(81)	0.07(81)	|	9533	
5706	429	ok	|	0.08	1.00	1.00	0.08	0.01	0	|	rapi	0.08	0.08	0	|	81.0	0.08(81)	0.08(81)	|	9533	
5706	430	ok	|	0.08	1.00	1.00	0.08	0.01	0	|	rapi	0.08	0.08	0	|	81.0	0.08(81)	0.08(81)	|	9533	
5706	431	ok	|	0.09	1.00	1.00	0.09	0.01	0	|	rapi	0.09	0.09	0	|	81.0	0.09(81)	0.09(81)	|	9533	
5706	432	ok	|	0.10	1.00	1.00	0.10	0.02	0	|	rapi	0.10	0.10	0	|	81.0	0.10(81)	0.10(81)	|	9533	
5706	433	ok	|	0.10	1.00	1.00	0.11	0.02	0	|	rapi	0.10	0.11	0	|	81.0	0.11(81)	0.11(81)	|	9533	
5706	434	ok	|	0.11	1.00	1.00	0.11	0.02	0	|	rapi	0.11	0.11	0	|	81.0	0.11(81)	0.11(81)	|	9533	
5706	435	ok	|	0.10	1.00	1.00	0.10	0.02	0	|	rapi	0.10	0.10	0	|	81.0	0.10(81)	0.10(81)	|	9533	
5706	436	ok	|	0.10	1.00	1.00	0.10	0.02	0	|	rapi	0.10	0.10	0	|	81.0	0.10(81)	0.10(81)	|	9533	
5706	437	ok	|	0.10	1.00	1.00	0.10	0.02	0	|	rapi	0.10	0.10	0	|	81.0	0.10(81)	0.10(81)	|	9533	
5706	438	ok	|	0.10	1.00	1.00	0.10	0.02	0	|	rapi	0.10	0.10	0	|	81.0	0.10(81)	0.10(81)	|	9533	
5706	439	ok	|	0.09	1.00	1.00	0.09	0.02	0	|	rapi	0.09	0.09	0	|	81.0	0.09(81)	0.09(81)	|	9533	
5706	440	ok	|	0.08	1.00	1.00	0.08	0.01	0	|	rapi	0.08	0.08	0	|	81.0	0.08(81)	0.08(81)	|	9533	
5706	441	ok	|	0.09	1.00	1.00	0.09	0.01	0	|	rapi	0.09	0.09	0	|	81.0	0.09(81)	0.09(81)	|	9533	
5706	442	ok	|	0.10	1.00	1.00	0.10	0.02	0	|	rapi	0.10	0.10	0	|	81.0	0.10(81)	0.10(81)	|	9533	
5706	443	ok	|	0.08	1.00	1.00	0.08	0.02	0	|	rapi	0.08	0.08	0	|	81.0	0.08(81)	0.08(81)	|	9533	
5706	444	ok	|	0.08	1.00	1.00	0.08	0.02	0	|	rapi	0.08	0.08	0	|	81.0	0.08(81)	0.08(81)	|	9533	
5706	445	ok	|	0.08	1.00	1.00	0.08	0.02	0	|	rapi	0.08	0.08	0	|	81.0	0.08(81)	0.08(81)	|	9533	
5706	446	ok	|	0.07	1.00	1.00	0.08	0.02	0	|	rapi	0.07	0.08	0	|	81.0	0.08(81)	0.08(81)	|	9533	
5706	447	ok	|	0.07	1.00	1.00	0.07	0.02	0	|	rapi	0.07	0.07	0	|	81.0	0.07(81)	0.07(81)	|	9533	
5706	448	ok	|	0.07	1.00	1.00	0.07	0.02	0	|	rapi	0.07	0.07	0	|	81.0	0.07(81)	0.07(81)	|	9533	
5706	449	ok	|	0.07	1.00	1.00	0.07	0.02	0	|	rapi	0.07	0.07	0	|	81.0	0.07(81)	0.07(81)	|	9533	
5706	450	ok	|	0.08	1.00	1.00	0.08	0.02	0	|	rapi	0.08	0.08	0	|	81.0	0.08(81)	0.08(81)	|	9533	
5706	451	ok	|	0.09	1.00	1.00	0.09	0.02	0	|	rapi	0.09	0.09	0	|	81.0	0.09(81)	0.09(81)	|	9533	
5706	452	ok	|	0.08	1.00	1.00	0.09	0.02	0	|	rapi	0.08	0.09	0	|	81.0	0.09(81)	0.09(81)	|	9533	
5706	453	ok	|	0.07	1.00	1.00	0.08	0.02	0	|	rapi	0.07	0.08	0	|	81.0	0.08(81)	0.08(81)	|	9533	
5706	454	ok	|	0.07	1.00	1.00	0.07	0.02	0	|	rapi	0.07	0.07	0	|	81.0	0.07(81)	0.07(81)	|	9533	
5706	455	ok	|	0.07	1.00	1.00	0.08	0.02	0	|	rapi	0.07	0.08	0	|	81.0	0.08(81)	0.08(81)	|	9533	
5706	456	ok	|	0.09	1.00	1.00	0.09	0.02	0	|	rapi	0.09	0.09	0	|	81.0	0.09(81)	0.09(81)	|	9533	
5706	457	ok	|	0.08	1.00	1.00	0.08	0.02	0	|	rapi	0.08	0.08	0	|	81.0	0.08(81)	0.08(81)	|	9533	
5706	458	ok	|	0.07	1.00	1.00	0.07	0.02	0	|	rapi	0.07	0.07	0	|	81.0	0.07(81)	0.07(81)	|	9533	
5706	459	ok	|	0.07	1.00	1.00	0.08	0.02	0	|	rapi	0.07	0.08	0	|	81.0	0.08(81)	0.08(81)	|	9533	
5706	460	ok	|	0.08	1.00	1.00	0.08	0.02	0	|	rapi	0.08	0.08	0	|	81.0	0.08(81)	0.08(81)	|	9533	
5706	461	ok	|	0.07	1.00	1.00	0.07	0.02	0	|	rapi	0.07	0.07	0	|	81.0	0.07(81)	0.07(81)	|	9533	
5706	462	ok	|	0.08	1.00	1.00	0.08	0.02	0	|	rapi	0.08	0.08	0	|	81.0	0.08(81)	0.08(81)	|	9533	
5706	463	ok	|	0.06	1.00	1.00	0.06	0.02	0	|	rapi	0.06	0.06	0	|	81.0	0.06(81)	0.06(81)	|	9533	
5706	464	ok	|	0.06	1.00	1.00	0.06	0.01	0	|	rapi	0.06	0.06	0	|	81.0	0.06(81)	0.06(81)	|	9533	
5706	465	ok	|	0.04	1.00	1.00	0.04	0.01	0	|	rapi	0.04	0.04	0	|	81.0	0.04(81)	0.04(81)	|	9533	
5706	466	ok	|	0.05	1.00	1.00	0.05	0.01	0	|	rapi	0.05	0.05	0	|	81.0	0.05(81)	0.05(81)	|	9533	
5706	467	ok	|	0.04	1.00	1.00	0.04	0.01	0	|	rapi	0.04	0.04	0	|	81.0	0.04(81)	0.04(81)	|	9533	
5706	468	ok	|	0.05	1.00	1.00	0.05	0.01	0	|	rapi	0.05	0.05	0	|	81.0	0.05(81)	0.05(81)	|	9533	
5706	469	ok	|	0.05	1.00	1.00	0.05	0.01	0	|	rapi	0.05	0.05	0	|	81.0	0.05(81)	0.05(81)	|	9533	
5706	470	ok	|	0.05	1.00	1.00	0.05	0.01	0	|	rapi	0.05	0.05	0	|	81.0	0.05(81)	0.05(81)	|	9533	
5706	471	ok	|	0.05	1.00	1.00	0.05	0.01	0	|	rapi	0.05	0.05	0	|	81.0	0.05(81)	0.05(81)	|	9533	
5706	472	ok	|	0.05	1.00	1.00	0.05	0.01	0	|	rapi	0.05	0.05	0	|	81.0	0.05(81)	0.05(81)	|	9533	
5706	473	ok	|	0.04	1.00	1.00	0.04	0.01	0	|	rapi	0.04	0.04	0	|	81.0	0.04(81)	0.04(81)	|	9533	
5706	474	ok	|	0.05	1.00	1.00	0.05	0.01	0	|	rapi	0.05	0.05	0	|	81.0	0.05(81)	0.05(81)	|	9533	
5706	475	ok	|	0.05	1.00	1.00	0.05	0.01	0	|	rapi	0.05	0.05	0	|	81.0	0.05(81)	0.05(81)	|	9533	
5706	476	ok	|	0.03	1.00	1.00	0.03	0.01	0	|	rapi	0.03	0.03	0	|	81.0	0.03(81)	0.03(81)	|	9533	
5706	477	ok	|	0.04	1.00	1.00	0.04	0.01	0	|	rapi	0.04	0.04	0	|	81.0	0.04(81)	0.04(81)	|	9533	
5706	478	ok	|	0.04	1.00	1.00	0.04	0.01	0	|	rapi	0.04	0.04	0	|	81.0	0.04(81)	0.04(81)	|	9533	
5706	479	ok	|	0.04	1.00	1.00	0.04	0.01	0	|	rapi	0.04	0.04	0	|	81.0	0.04(81)	0.04(81)	|	9533	
5706	480	ok	|	0.04	1.00	1.00	0.04	0.01	0	|	rapi	0.04	0.04	0	|	81.0	0.04(81)	0.04(81)	|	9533	
5706	481	ok	|	0.04	1.00	1.00	0.04	0.01	0	|	rapi	0.04	0.04	0	|	81.0	0.04(81)	0.04(81)	|	9533	
5706	482	ok	|	0.04	1.00	1.00	0.04	0.01	0	|	rapi	0.04	0.04	0	|	81.0	0.04(81)	0.04(81)	|	9533	
5706	483	ok	|	0.05	1.00	1.00	0.05	0.01	0	|	rapi	0.05	0.05	0	|	81.0	0.05(81)	0.05(81)	|	9533	
5706	484	ok	|	0.05	1.00	1.00	0.05	0.01	0	|	rapi	0.05	0.05	0	|	81.0	0.05(81)	0.05(81)	|	9533	
5706	485	ok	|	0.05	1.00	1.00	0.05	0.01	0	|	rapi	0.05	0.05	0	|	81.0	0.05(81)	0.05(81)	|	9533	
5706	486	ok	|	0.04	1.00	1.00	0.04	0.01	0	|	rapi	0.04	0.04	0	|	81.0	0.04(81)	0.04(81)	|	9533	
5706	487	ok	|	0.03	1.00	1.00	0.03	0.01	0	|	rapi	0.03	0.03	0	|	81.0	0.03(81)	0.03(81)	|	9533	
5706	488	ok	|	0.03	1.00	1.00	0.03	0.01	0	|	rapi	0.03	0.03	0	|	81.0	0.03(81)	0.03(81)	|	9533	
5706	489	ok	|	0.03	1.00	1.00	0.03	0.01	0	|	rapi	0.03	0.03	0	|	81.0	0.03(81)	0.03(81)	|	9533	
5706	490	ok	|	0.03	1.00	1.00	0.03	0.01	0	|	rapi	0.03	0.03	0	|	81.0	0.03(81)	0.03(81)	|	9533	
5706	491	ok	|	0.03	1.00	1.00	0.03	0.02	0	|	rapi	0.03	0.03	0	|	81.0	0.03(81)	0.03(81)	|	9533	
5706	492	ok	|	0.03	1.00	1.00	0.03	0.02	0	|	rapi	0.03	0.03	0	|	81.0	0.03(81)	0.03(81)	|	9533	
5706	493	ok	|	0.03	1.00	1.00	0.03	0.02	0	|	rapi	0.03	0.03	0	|	81.0	0.03(81)	0.03(81)	|	9533	
5706	494	ok	|	0.03	1.00	1.00	0.03	0.02	0	|	rapi	0.03	0.03	0	|	81.0	0.03(81)	0.03(81)	|	9533	
5706	495	ok	|	0.03	1.00	1.00	0.03	0.02	0	|	rapi	0.03	0.03	0	|	81.0	0.03(81)	0.03(81)	|	9533	
5706	496	ok	|	0.03	1.00	1.00	0.03	0.02	0	|	rapi	0.03	0.03	0	|	81.0	0.03(81)	0.03(81)	|	9533	
5706	497	ok	|	0.03	1.00	1.00	0.03	0.01	0	|	rapi	0.03	0.03	0	|	81.0	0.03(81)	0.03(81)	|	9533	
5706	498	ok	|	0.02	1.00	1.00	0.02	0.01	0	|	rapi	0.02	0.02	0	|	81.0	0.02(81)	0.02(81)	|	9533	
5706	499	ok	|	0.02	1.00	1.00	0.02	0.01	0	|	rapi	0.02	0.02	0	|	81.0	0.02(81)	0.02(81)	|	9533	
5706	500	ok	|	0.01	1.00	1.00	0.01	0.01	0	|	rapi	0.01	0.01	0	|	81.0	0.01(81)	0.01(81)	|	9533	
5706	501	ok	|	0.01	1.00	1.00	0.01	0.01	0	|	rapi	0.01	0.01	0	|	81.0	0.01(81)	0.01(81)	|	9533	
5706	502	ok	|	0.01	1.00	1.00	0.01	0.01	0	|	rapi	0.01	0.01	0	|	81.0	0.01(81)	0.01(81)	|	9533	
5706	503	ok	|	0.02	1.00	1.00	0.02	0.01	0	|	rapi	0.02	0.02	0	|	81.0	0.02(81)	0.02(81)	|	9533	
5706	504	ok	|	0.03	1.00	1.00	0.03	0.01	0	|	rapi	0.03	0.03	0	|	81.0	0.03(81)	0.03(81)	|	9533	
5706	505	ok	|	0.03	1.00	1.00	0.03	0.02	0	|	rapi	0.03	0.03	0	|	81.0	0.03(81)	0.03(81)	|	9533	
5706	506	ok	|	0.03	1.00	1.00	0.03	0.01	0	|	rapi	0.03	0.03	0	|	81.0	0.03(81)	0.03(81)	|	9533	
5706	507	ok	|	0.03	1.00	1.00	0.03	0.01	0	|	rapi	0.03	0.03	0	|	81.0	0.03(81)	0.03(81)	|	9533	
5706	508	ok	|	0.03	1.00	1.00	0.03	0.01	0	|	rapi	0.03	0.03	0	|	81.0	0.03(81)	0.03(81)	|	9533	
5706	509	ok	|	0.03	1.00	1.00	0.03	0.01	0	|	rapi	0.03	0.03	0	|	81.0	0.03(81)	0.03(81)	|	9533	
5706	510	ok	|	0.03	1.00	1.00	0.03	0.01	0	|	rapi	0.03	0.03	0	|	81.0	0.03(81)	0.03(81)	|	9533	
5706	511	ok	|	0.03	1.00	1.00	0.03	0.02	0	|	rapi	0.03	0.03	0	|	81.0	0.03(81)	0.03(81)	|	9533	
5706	512	ok	|	0.03	1.00	1.00	0.03	0.01	0	|	rapi	0.03	0.03	0	|	81.0	0.03(81)	0.03(81)	|	9533	
5706	513	ok	|	0.03	1.00	1.00	0.03	0.02	0	|	rapi	0.03	0.03	0	|	81.0	0.03(81)	0.03(81)	|	9533	
5706	514	ok	|	0.03	1.00	1.00	0.03	0.02	0	|	rapi	0.03	0.03	0	|	81.0	0.03(81)	0.03(81)	|	9533	
5706	515	ok	|	0.04	1.00	1.00	0.04	0.02	0	|	rapi	0.04	0.04	0	|	81.0	0.04(81)	0.04(81)	|	9533	
5706	516	ok	|	0.04	1.00	1.00	0.04	0.02	0	|	rapi	0.04	0.04	0	|	81.0	0.04(81)	0.04(81)	|	9533	
5706	517	ok	|	0.04	1.00	1.00	0.04	0.02	0	|	rapi	0.04	0.04	0	|	81.0	0.04(81)	0.04(81)	|	9533	
5706	518	ok	|	0.04	1.00	1.00	0.04	0.02	0	|	rapi	0.04	0.04	0	|	81.0	0.04(81)	0.04(81)	|	9533	
5706	519	ok	|	0.04	1.00	1.00	0.04	0.02	0	|	rapi	0.04	0.04	0	|	81.0	0.04(81)	0.04(81)	|	9533	
5706	520	ok	|	0.03	1.00	1.00	0.03	0.01	0	|	rapi	0.03	0.03	0	|	81.0	0.03(81)	0.03(81)	|	9533	
5706	521	ok	|	0.02	1.00	1.00	0.02	0.01	0	|	rapi	0.02	0.02	0	|	81.0	0.02(81)	0.02(81)	|	9533	
5706	522	ok	|	0.02	1.00	1.00	0.02	0.01	0	|	rapi	0.02	0.02	0	|	81.0	0.02(81)	0.02(81)	|	9533	
5706	523	ok	|	0.01	1.00	1.00	0.01	0.01	0	|	rapi	0.01	0.01	0	|	81.0	0.01(81)	0.01(81)	|	9533	
5706	524	ok	|	0.02	1.00	1.00	0.02	0.01	0	|	rapi	0.02	0.02	0	|	81.0	0.02(81)	0.02(81)	|	9533	
5706	525	ok	|	0.02	1.00	1.00	0.02	0.01	0	|	rapi	0.02	0.02	0	|	81.0	0.02(81)	0.02(81)	|	9533	
5706	526	ok	|	0.03	1.00	1.00	0.03	0.01	0	|	rapi	0.03	0.03	0	|	81.0	0.03(81)	0.03(81)	|	9533	
5706	527	ok	|	0.02	1.00	1.00	0.03	0.01	0	|	rapi	0.02	0.03	0	|	81.0	0.03(81)	0.03(81)	|	9533	
5706	528	ok	|	0.02	1.00	1.00	0.02	0.01	0	|	rapi	0.02	0.02	0	|	81.0	0.02(81)	0.02(81)	|	9533	
5706	529	ok	|	0.03	1.00	1.00	0.03	0.01	0	|	rapi	0.03	0.03	0	|	81.0	0.03(81)	0.03(81)	|	9533	
5706	530	ok	|	0.03	1.00	1.00	0.03	0.02	0	|	rapi	0.03	0.03	0	|	81.0	0.03(81)	0.03(81)	|	9533	
5706	531	ok	|	0.02	1.00	1.00	0.03	0.01	0	|	rapi	0.02	0.03	0	|	81.0	0.03(81)	0.03(81)	|	9533	
5706	532	ok	|	0.02	1.00	1.00	0.02	0.01	0	|	rapi	0.02	0.02	0	|	81.0	0.02(81)	0.02(81)	|	9533	
5706	533	ok	|	0.02	1.00	1.00	0.02	0.01	0	|	rapi	0.02	0.02	0	|	81.0	0.02(81)	0.02(81)	|	9533	
5706	534	ok	|	0.03	1.00	1.00	0.03	0.01	0	|	rapi	0.03	0.03	0	|	81.0	0.03(81)	0.03(81)	|	9533	
5706	535	ok	|	0.03	1.00	1.00	0.03	0.01	0	|	rapi	0.03	0.03	0	|	81.0	0.03(81)	0.03(81)	|	9533	
5706	536	ok	|	0.03	1.00	1.00	0.03	0.01	0	|	rapi	0.03	0.03	0	|	81.0	0.03(81)	0.03(81)	|	9533	
5706	537	ok	|	0.03	1.00	1.00	0.03	0.02	0	|	rapi	0.03	0.03	0	|	81.0	0.03(81)	0.03(81)	|	9533	
5706	538	ok	|	0.03	1.00	1.00	0.03	0.01	0	|	rapi	0.03	0.03	0	|	81.0	0.03(81)	0.03(81)	|	9533	
5706	539	ok	|	0.03	1.00	1.00	0.03	0.01	0	|	rapi	0.03	0.03	0	|	81.0	0.03(81)	0.03(81)	|	9533	
5706	540	ok	|	0.02	1.00	1.00	0.02	0.01	0	|	rapi	0.02	0.02	0	|	81.0	0.02(81)	0.02(81)	|	9533	
5706	541	ok	|	0.02	1.00	1.00	0.02	0.01	0	|	rapi	0.02	0.02	0	|	81.0	0.02(81)	0.02(81)	|	9533	
5706	542	ok	|	0.02	1.00	1.00	0.02	0.01	0	|	rapi	0.02	0.02	0	|	81.0	0.02(81)	0.02(81)	|	9533	
5706	543	ok	|	0.01	1.00	1.00	0.01	0.01	0	|	rapi	0.01	0.01	0	|	81.0	0.01(81)	0.01(81)	|	9533	
5706	544	ok	|	0.01	1.00	1.00	0.01	0.01	0	|	rapi	0.01	0.01	0	|	81.0	0.01(81)	0.01(81)	|	9533	
5706	545	ok	|	0.01	1.00	1.00	0.01	0.00	0	|	rapi	0.01	0.01	0	|	81.0	0.01(81)	0.01(81)	|	9533	
5706	546	ok	|	0.01	1.00	1.00	0.01	0.00	0	|	rapi	0.01	0.01	0	|	81.0	0.01(81)	0.01(81)	|	9533	
5706	547	ok	|	0.01	1.00	1.00	0.01	0.00	0	|	rapi	0.01	0.01	0	|	81.0	0.01(81)	0.01(81)	|	9533	
5706	548	ok	|	0.01	1.00	1.00	0.01	0.00	0	|	rapi	0.01	0.01	0	|	81.0	0.01(81)	0.01(81)	|	9533	
5706	549	ok	|	0.01	1.00	1.00	0.01	0.00	0	|	rapi	0.01	0.01	0	|	81.0	0.01(81)	0.01(81)	|	9533	
5706	550	ok	|	0.01	1.00	1.00	0.01	0.00	0	|	rapi	0.01	0.01	0	|	81.0	0.01(81)	0.01(81)	|	9533	
5706	551	ok	|	0.00	1.00	1.00	0.00	0.00	0	|	rapi	0.00	0.00	0	|	81.0	0.00(81)	0.00(81)	|	9533	
5706	552	ok	|	0.00	1.00	1.00	0.00	0.00	0	|	rapi	0.00	0.00	0	|	81.0	0.00(81)	0.00(81)	|	9533	
5706	553	ok	|	0.00	1.00	1.00	0.00	0.00	0	|	rapi	0.00	0.00	0	|	81.0	0.00(81)	0.00(81)	|	9533	
5706	554	fail-0	|	0.00	1.00	1.00	0.00	NaN	0	|	rapi	0.00	0.00	0	|	NaN			|	9533	
