5811	0	ok	|	0.09	1.00	1.00	0.10	0.00	0	|	rapi	0.00	0.00	0	|	-67.0	0.10(-67)		|	14	
5811	1	ok	|	0.10	1.00	1.00	0.12	0.00	0	|	rapi	0.00	0.00	0	|	-67.0	0.12(-67)		|	14	
5811	2	ok	|	0.13	1.00	1.00	0.17	0.00	0	|	rapi	0.00	0.00	0	|	-67.0	0.17(-67)		|	14	
5811	3	ok	|	0.14	1.00	1.00	0.20	0.00	0	|	rapi	0.00	0.00	0	|	-67.0	0.20(-67)		|	14	
5811	4	ok	|	0.17	1.00	1.00	0.24	0.00	0	|	rapi	0.00	0.00	0	|	-67.0	0.24(-67)		|	14	
5811	5	ok	|	0.21	1.00	1.00	0.29	0.00	0	|	rapi	0.00	0.00	0	|	-67.0	0.29(-67)		|	14	
5811	6	ok	|	0.24	1.00	1.00	0.33	0.00	0	|	rapi	0.00	0.00	0	|	-67.0	0.33(-67)		|	14	
5811	7	ok	|	0.26	1.00	1.00	0.36	0.00	0	|	rapi	0.00	0.00	0	|	-67.0	0.36(-67)	0.00(-67)	|	14	
5811	8	ok	|	0.30	1.00	1.00	0.46	0.00	0	|	rapi	0.00	0.00	0	|	-67.0	0.46(-67)		|	14	
5811	9	ok	|	0.36	0.99	0.99	0.57	0.00	0	|	rapi	0.00	0.00	0	|	-67.0	0.57(-67)		|	14	
5811	10	ok	|	0.42	0.99	0.99	0.73	0.00	0	|	rapi	0.00	0.00	0	|	-67.0	0.73(-67)		|	14	
5811	11	ok	|	0.49	0.99	0.99	0.88	0.00	0	|	rapi	0.00	0.00	0	|	-67.0	0.88(-67)		|	14	
5811	12	ok	|	0.56	0.99	0.99	1.08	0.00	0	|	rapi	0.00	0.00	0	|	-67.0	1.08(-67)		|	14	
5811	13	ok	|	0.61	0.99	0.99	1.30	0.00	0	|	rapi	0.00	0.00	0	|	-67.0	1.30(-67)		|	14	
5811	14	ok	|	0.68	0.99	0.99	1.45	0.00	0	|	rapi	0.00	0.00	0	|	-67.0	1.45(-67)		|	14	
5811	15	ok	|	0.72	0.98	0.98	1.73	0.00	0	|	rapi	0.00	0.00	0	|	-67.0	1.73(-67)		|	14	
5811	16	ok	|	0.77	0.98	0.98	1.97	0.00	0	|	rapi	0.00	0.00	0	|	-67.0	1.97(-67)		|	14	
5811	17	ok	|	0.83	0.98	0.98	2.27	0.00	0	|	rapi	0.00	0.00	0	|	-67.0	2.27(-67)		|	14	
5811	18	ok	|	0.88	0.97	0.97	2.71	0.00	0	|	rapi	0.00	0.00	0	|	-67.0	2.71(-67)		|	14	
5811	19	ok	|	0.91	0.97	0.97	3.22	0.00	0	|	rapi	0.00	0.00	0	|	-67.0	3.22(-67)		|	14	
5811	20	ok	|	0.95	0.96	0.96	3.72	0.00	0	|	rapi	0.00	0.00	0	|	-67.0	3.72(-67)		|	14	
5811	21	ok	|	0.97	0.96	0.96	4.40	0.00	0	|	rapi	0.00	0.00	0	|	-67.0	4.40(-67)		|	14	
5811	22	ok	|	0.98	0.95	0.95	5.17	0.00	0	|	rapi	0.00	0.00	0	|	-67.0	5.17(-67)		|	14	
5811	23	ok	|	0.99	0.94	0.94	6.01	0.00	0	|	rapi	0.00	0.00	0	|	-67.0	6.01(-67)		|	14	
5811	24	ok	|	1.00	0.93	0.93	6.97	0.00	0	|	rapi	0.00	0.00	0	|	-67.0	6.97(-67)		|	14	
5811	25	ok	|	1.00	0.92	0.92	8.11	0.00	0	|	rapi	0.00	0.00	0	|	-67.0	8.11(-67)		|	14	
5811	26	ok	|	1.00	0.91	0.91	9.35	0.00	0	|	rapi	0.00	0.00	0	|	-67.0	9.35(-67)		|	14	
5811	27	ok	|	1.00	0.89	0.89	10.82	0.00	0	|	rapi	0.00	0.00	0	|	-67.0	10.82(-67)	0.00(-67)	|	14	
5811	28	ok	|	1.00	0.87	0.87	13.05	0.00	0	|	rapi	0.00	0.00	0	|	-67.0	13.05(-67)	0.00(-67)	|	14	
5811	29	ok	|	1.00	0.85	0.85	15.34	0.00	0	|	rapi	0.00	0.00	0	|	-67.0	15.34(-67)	0.00(-67)	|	14	
5811	30	ok	|	1.00	0.82	0.82	17.99	0.00	0	|	rapi	0.00	0.00	0	|	-67.0	17.99(-67)	0.00(-67)	|	14	
5811	31	ok	|	1.00	0.79	0.79	21.06	0.00	0	|	rapi	0.00	0.00	0	|	-67.0	21.06(-67)		|	14	
5811	32	ok	|	1.00	0.75	0.75	24.73	0.00	0	|	rapi	0.00	0.00	0	|	-67.0	24.73(-67)	0.00(-67)	|	14	
5811	33	ok	|	1.00	0.71	0.71	29.13	0.00	0	|	rapi	0.00	0.00	0	|	-67.0	29.13(-67)	0.00(-67)	|	14	
5811	34	ok	|	1.00	0.66	0.66	33.73	0.00	0	|	rapi	0.01	0.01	0	|	-67.0	33.73(-67)	0.01(-67)	|	14	
5811	35	ok	|	1.00	0.60	0.60	39.72	0.00	0	|	rapi	0.01	0.01	0	|	-67.0	39.72(-67)	0.01(-67)	|	14	
5811	36	ok	|	1.00	0.53	0.53	46.55	0.00	0	|	rapi	0.01	0.01	0	|	-67.0	46.55(-67)	0.01(-67)	|	14	
5811	37	ok	|	1.00	0.46	0.46	54.02	0.00	0	|	rapi	0.01	0.01	0	|	-67.0	54.02(-67)	0.01(-67)	|	14	
5811	38	ok	|	1.00	0.37	0.37	62.74	0.00	0	|	rapi	0.01	0.01	0	|	-67.0	62.74(-67)	0.01(-67)	|	14	
5811	39	ok	|	1.00	0.29	0.29	71.44	0.00	0	|	rapi	0.02	0.02	0	|	-67.0	71.44(-67)	0.02(-67)	|	14	
5811	40	ok	|	1.00	0.19	0.19	80.86	0.00	0	|	rapi	0.02	0.02	0	|	-67.0	80.86(-67)	0.02(-67)	|	14	
5811	41	ok	|	1.00	0.11	0.11	90.01	0.00	0	|	rapi	0.03	0.03	0	|	-67.0	90.01(-67)	0.03(-67)	|	14	
5811	42	fail-w	|	1.00	0.07	0.07	96.14	0.00	0	|	rapi	0.07	0.07	0	|	-67.0	96.14(-67)	0.07(-67)	|	14	
