5893	0	ok	|	0.10	1.00	1.00	0.10	0.00	0	|	rapi	0.00	0.00	0	|	-79.0	0.10(-79)		|	7	
5893	1	ok	|	0.10	1.00	1.00	0.13	0.00	0	|	rapi	0.00	0.00	0	|	-79.0	0.13(-79)		|	7	
5893	2	ok	|	0.12	1.00	1.00	0.16	0.00	0	|	rapi	0.00	0.00	0	|	-79.0	0.16(-79)		|	7	
5893	3	ok	|	0.14	1.00	1.00	0.20	0.00	0	|	rapi	0.00	0.00	0	|	-79.0	0.20(-79)		|	7	
5893	4	ok	|	0.17	1.00	1.00	0.25	0.00	0	|	rapi	0.00	0.00	0	|	-79.0	0.25(-79)		|	7	
5893	5	ok	|	0.21	1.00	1.00	0.31	0.00	0	|	rapi	0.00	0.00	0	|	-79.0	0.31(-79)		|	7	
5893	6	ok	|	0.25	1.00	1.00	0.34	0.00	0	|	rapi	0.00	0.00	0	|	-79.0	0.34(-79)		|	7	
5893	7	ok	|	0.28	1.00	1.00	0.43	0.00	0	|	rapi	0.00	0.00	0	|	-79.0	0.43(-79)		|	7	
5893	8	ok	|	0.35	0.99	0.99	0.56	0.00	0	|	rapi	0.00	0.00	0	|	-79.0	0.56(-79)		|	7	
5893	9	ok	|	0.42	0.99	0.99	0.69	0.00	0	|	rapi	0.00	0.00	0	|	-79.0	0.69(-79)		|	7	
5893	10	ok	|	0.45	0.99	0.99	0.78	0.00	0	|	rapi	0.00	0.00	0	|	-79.0	0.78(-79)		|	7	
5893	11	ok	|	0.48	0.99	0.99	0.90	0.00	0	|	rapi	0.00	0.00	0	|	-79.0	0.90(-79)		|	7	
5893	12	ok	|	0.54	0.99	0.99	1.03	0.00	0	|	rapi	0.00	0.00	0	|	-79.0	1.03(-79)		|	7	
5893	13	ok	|	0.61	0.99	0.99	1.22	0.00	0	|	rapi	0.00	0.00	0	|	-79.0	1.22(-79)		|	7	
5893	14	ok	|	0.68	0.98	0.98	1.57	0.00	0	|	rapi	0.00	0.00	0	|	-79.0	1.57(-79)		|	7	
5893	15	ok	|	0.77	0.98	0.98	1.87	0.00	0	|	rapi	0.00	0.00	0	|	-79.0	1.87(-79)		|	7	
5893	16	ok	|	0.81	0.98	0.98	2.18	0.00	0	|	rapi	0.00	0.00	0	|	-79.0	2.18(-79)		|	7	
5893	17	ok	|	0.86	0.97	0.97	2.55	0.00	0	|	rapi	0.00	0.00	0	|	-79.0	2.55(-79)		|	7	
5893	18	ok	|	0.91	0.97	0.97	3.08	0.00	0	|	rapi	0.00	0.00	0	|	-79.0	3.08(-79)		|	7	
5893	19	ok	|	0.93	0.96	0.96	3.58	0.00	0	|	rapi	0.00	0.00	0	|	-79.0	3.58(-79)		|	7	
5893	20	ok	|	0.96	0.96	0.96	4.36	0.00	0	|	rapi	0.00	0.00	0	|	-79.0	4.36(-79)		|	7	
5893	21	ok	|	0.98	0.95	0.95	5.13	0.00	0	|	rapi	0.00	0.00	0	|	-79.0	5.13(-79)		|	7	
5893	22	ok	|	0.99	0.94	0.94	5.94	0.00	0	|	rapi	0.00	0.00	0	|	-79.0	5.94(-79)		|	7	
5893	23	ok	|	1.00	0.93	0.93	7.10	0.00	0	|	rapi	0.00	0.00	0	|	-79.0	7.10(-79)		|	7	
5893	24	ok	|	1.00	0.92	0.92	8.25	0.00	0	|	rapi	0.00	0.00	0	|	-79.0	8.25(-79)		|	7	
5893	25	ok	|	1.00	0.90	0.90	9.83	0.00	0	|	rapi	0.00	0.00	0	|	-79.0	9.83(-79)		|	7	
5893	26	ok	|	1.00	0.88	0.88	11.52	0.00	0	|	rapi	0.00	0.00	0	|	-79.0	11.52(-79)		|	7	
5893	27	ok	|	1.00	0.87	0.87	13.41	0.00	0	|	rapi	0.00	0.00	0	|	-79.0	13.41(-79)		|	7	
5893	28	ok	|	1.00	0.84	0.84	15.84	0.00	0	|	rapi	0.00	0.00	0	|	-79.0	15.84(-79)		|	7	
5893	29	ok	|	1.00	0.81	0.81	18.88	0.00	0	|	rapi	0.00	0.00	0	|	-79.0	18.88(-79)		|	7	
5893	30	ok	|	1.00	0.78	0.78	21.86	0.00	0	|	rapi	0.00	0.00	0	|	-79.0	21.86(-79)		|	7	
5893	31	ok	|	1.00	0.74	0.74	25.75	0.00	0	|	rapi	0.00	0.00	0	|	-79.0	25.75(-79)		|	7	
5893	32	ok	|	1.00	0.70	0.70	30.46	0.00	0	|	rapi	0.00	0.00	0	|	-79.0	30.46(-79)	0.00(-79)	|	7	
5893	33	ok	|	1.00	0.64	0.64	35.77	0.00	0	|	rapi	0.00	0.00	0	|	-79.0	35.77(-79)	0.00(-79)	|	7	
5893	34	ok	|	1.00	0.59	0.59	41.47	0.00	0	|	rapi	0.00	0.00	0	|	-79.0	41.47(-79)	0.00(-79)	|	7	
5893	35	ok	|	1.00	0.51	0.51	48.70	0.00	0	|	rapi	0.00	0.00	0	|	-79.0	48.70(-79)	0.00(-79)	|	7	
5893	36	ok	|	1.00	0.43	0.43	56.56	0.00	0	|	rapi	0.00	0.00	0	|	-79.0	56.56(-79)	0.00(-79)	|	7	
5893	37	ok	|	1.00	0.35	0.35	65.14	0.00	0	|	rapi	0.00	0.00	0	|	-79.0	65.14(-79)	0.00(-79)	|	7	
5893	38	ok	|	1.00	0.26	0.26	73.97	0.00	0	|	rapi	0.00	0.00	0	|	-79.0	73.97(-79)		|	7	
5893	39	ok	|	1.00	0.16	0.16	84.57	0.00	0	|	rapi	0.00	0.00	0	|	-79.0	84.57(-79)	0.00(-79)	|	7	
5893	40	fail-w	|	1.00	0.08	0.08	94.52	0.00	0	|	rapi	0.00	0.00	0	|	-79.0	94.52(-79)	0.00(-79)	|	7	
