592	0	ok	|	0.09	1.00	1.00	0.10	0.00	0	|	rapi	0.00	0.00	0	|	34.0	0.10(34)		|	2	
592	1	ok	|	0.11	1.00	1.00	0.13	0.00	0	|	rapi	0.00	0.00	0	|	34.0	0.13(34)		|	2	
592	2	ok	|	0.12	1.00	1.00	0.15	0.00	0	|	rapi	0.00	0.00	0	|	34.0	0.15(34)		|	2	
592	3	ok	|	0.12	1.00	1.00	0.16	0.00	0	|	rapi	0.00	0.00	0	|	34.0	0.16(34)		|	2	
592	4	ok	|	0.14	1.00	1.00	0.19	0.00	0	|	rapi	0.00	0.00	0	|	34.0	0.19(34)		|	2	
592	5	ok	|	0.15	1.00	1.00	0.21	0.00	0	|	rapi	0.00	0.00	0	|	34.0	0.21(34)		|	2	
592	6	ok	|	0.20	1.00	1.00	0.28	0.00	0	|	rapi	0.00	0.00	0	|	34.0	0.28(34)		|	2	
592	7	ok	|	0.20	1.00	1.00	0.29	0.00	0	|	rapi	0.00	0.00	0	|	34.0	0.29(34)		|	2	
592	8	ok	|	0.25	1.00	1.00	0.36	0.00	0	|	rapi	0.00	0.00	0	|	34.0	0.36(34)		|	2	
592	9	ok	|	0.27	1.00	1.00	0.39	0.00	0	|	rapi	0.00	0.00	0	|	34.0	0.39(34)		|	2	
592	10	ok	|	0.30	1.00	1.00	0.46	0.00	0	|	rapi	0.00	0.00	0	|	34.0	0.46(34)		|	2	
592	11	ok	|	0.35	0.99	0.99	0.53	0.00	0	|	rapi	0.00	0.00	0	|	34.0	0.53(34)	0.00(34)	|	2	
592	12	ok	|	0.41	0.99	0.99	0.66	0.00	0	|	rapi	0.00	0.00	0	|	34.0	0.66(34)	0.00(34)	|	2	
592	13	ok	|	0.43	0.99	0.99	0.73	0.00	0	|	rapi	0.00	0.00	0	|	34.0	0.73(34)	0.00(34)	|	2	
592	14	ok	|	0.50	0.99	0.99	0.85	0.00	0	|	rapi	0.00	0.00	0	|	34.0	0.85(34)	0.00(34)	|	2	
592	15	ok	|	0.56	0.99	0.99	1.07	0.00	0	|	rapi	0.00	0.00	0	|	34.0	1.07(34)	0.00(34)	|	2	
592	16	ok	|	0.61	0.99	0.99	1.24	0.00	0	|	rapi	0.00	0.00	0	|	34.0	1.24(34)	0.00(34)	|	2	
592	17	ok	|	0.67	0.99	0.99	1.47	0.00	0	|	rapi	0.00	0.00	0	|	34.0	1.47(34)	0.00(34)	|	2	
592	18	ok	|	0.73	0.98	0.98	1.70	0.00	0	|	rapi	0.00	0.00	0	|	34.0	1.70(34)	0.00(34)	|	2	
592	19	ok	|	0.81	0.98	0.98	2.09	0.00	0	|	rapi	0.00	0.00	0	|	34.0	2.09(34)		|	2	
592	20	ok	|	0.86	0.97	0.97	2.52	0.00	0	|	rapi	0.00	0.00	0	|	34.0	2.52(34)		|	2	
592	21	ok	|	0.91	0.97	0.97	2.98	0.00	0	|	rapi	0.00	0.00	0	|	34.0	2.98(34)	0.00(34)	|	2	
592	22	ok	|	0.94	0.97	0.97	3.46	0.00	0	|	rapi	0.00	0.00	0	|	34.0	3.46(34)	0.00(34)	|	2	
592	23	ok	|	0.95	0.96	0.96	4.09	0.00	0	|	rapi	0.00	0.00	0	|	34.0	4.09(34)		|	2	
592	24	ok	|	0.97	0.95	0.95	4.78	0.00	0	|	rapi	0.00	0.00	0	|	34.0	4.78(34)		|	2	
592	25	ok	|	0.99	0.94	0.94	5.67	0.00	0	|	rapi	0.00	0.00	0	|	34.0	5.67(34)		|	2	
592	26	ok	|	0.99	0.93	0.93	6.62	0.00	0	|	rapi	0.00	0.00	0	|	34.0	6.62(34)		|	2	
592	27	ok	|	1.00	0.92	0.92	7.83	0.00	0	|	rapi	0.00	0.00	0	|	34.0	7.83(34)	0.00(34)	|	2	
592	28	ok	|	1.00	0.91	0.91	9.31	0.00	0	|	rapi	0.01	0.01	0	|	34.0	9.31(34)	0.01(34)	|	2	
592	29	ok	|	1.00	0.89	0.89	10.94	0.00	0	|	rapi	0.01	0.01	0	|	34.0	10.94(34)	0.01(34)	|	2	
592	30	ok	|	1.00	0.87	0.87	12.76	0.00	0	|	rapi	0.01	0.01	0	|	34.0	12.76(34)	0.01(34)	|	2	
592	31	ok	|	1.00	0.85	0.85	15.11	0.00	0	|	rapi	0.00	0.00	0	|	34.0	15.11(34)	0.00(34)	|	2	
592	32	ok	|	1.00	0.82	0.82	18.08	0.00	0	|	rapi	0.00	0.00	0	|	34.0	18.08(34)		|	2	
592	33	ok	|	1.00	0.79	0.79	21.09	0.00	0	|	rapi	0.00	0.00	0	|	34.0	21.09(34)		|	2	
592	34	ok	|	1.00	0.75	0.75	24.71	0.00	0	|	rapi	0.00	0.00	0	|	34.0	24.71(34)	0.00(34)	|	2	
592	35	ok	|	1.00	0.71	0.71	29.16	0.00	0	|	rapi	0.00	0.00	0	|	34.0	29.16(34)	0.00(34)	|	2	
592	36	ok	|	1.00	0.66	0.66	34.00	0.00	0	|	rapi	0.00	0.00	0	|	34.0	34.00(34)	0.00(34)	|	2	
592	37	ok	|	1.00	0.60	0.60	39.59	0.00	0	|	rapi	0.01	0.01	0	|	34.0	39.59(34)	0.01(34)	|	2	
592	38	ok	|	1.00	0.54	0.54	46.04	0.00	0	|	rapi	0.01	0.01	0	|	34.0	46.04(34)	0.01(34)	|	2	
592	39	ok	|	1.00	0.47	0.47	52.99	0.00	0	|	rapi	0.02	0.02	0	|	34.0	52.99(34)	0.02(34)	|	2	
592	40	ok	|	1.00	0.39	0.39	61.12	0.00	0	|	rapi	0.03	0.03	0	|	34.0	61.12(34)	0.03(34)	|	2	
592	41	ok	|	1.00	0.29	0.29	70.64	0.00	0	|	rapi	0.03	0.03	0	|	34.0	70.64(34)	0.03(34)	|	2	
592	42	ok	|	1.00	0.21	0.21	79.18	0.00	0	|	rapi	0.03	0.03	0	|	34.0	79.18(34)	0.03(34)	|	2	
592	43	ok	|	1.00	0.13	0.13	88.04	0.00	0	|	rapi	0.06	0.06	0	|	34.0	88.04(34)	0.06(34)	|	2	
592	44	fail-w	|	1.00	0.08	0.08	94.25	0.00	0	|	rapi	0.11	0.12	0	|	34.0	94.25(34)	0.12(34)	|	2	
