594	0	ok	|	0.10	1.00	1.00	0.10	0.00	0	|	rapi	0.09	0.09	0	|	94.0	0.10(94)	0.09(94)	|	1594	
594	1	ok	|	0.11	1.00	1.00	0.11	0.00	0	|	rapi	0.09	0.09	0	|	94.0	0.11(94)	0.09(94)	|	1594	
594	2	ok	|	0.10	1.00	1.00	0.11	0.00	0	|	rapi	0.09	0.09	0	|	94.0	0.11(94)	0.09(94)	|	1594	
594	3	ok	|	0.09	1.00	1.00	0.10	0.00	0	|	rapi	0.08	0.09	0	|	94.0	0.10(94)	0.09(94)	|	1594	
594	4	ok	|	0.11	1.00	1.00	0.11	0.00	0	|	rapi	0.09	0.09	0	|	94.0	0.11(94)	0.09(94)	|	1594	
594	5	ok	|	0.12	1.00	1.00	0.12	0.00	0	|	rapi	0.10	0.11	0	|	94.0	0.12(94)	0.11(94)	|	1594	
594	6	ok	|	0.10	1.00	1.00	0.11	0.00	0	|	rapi	0.09	0.10	0	|	94.0	0.11(94)	0.10(94)	|	1594	
594	7	ok	|	0.11	1.00	1.00	0.12	0.00	0	|	rapi	0.10	0.10	0	|	94.0	0.12(94)	0.10(94)	|	1594	
594	8	ok	|	0.12	1.00	1.00	0.14	0.00	0	|	rapi	0.11	0.12	0	|	94.0	0.14(94)	0.12(94)	|	1594	
594	9	ok	|	0.13	1.00	1.00	0.14	0.00	0	|	rapi	0.12	0.12	0	|	94.0	0.14(94)	0.12(94)	|	1594	
594	10	ok	|	0.13	1.00	1.00	0.14	0.00	0	|	rapi	0.11	0.12	0	|	94.0	0.14(94)	0.12(94)	|	1594	
594	11	ok	|	0.13	1.00	1.00	0.14	0.00	0	|	rapi	0.12	0.13	0	|	94.0	0.14(94)	0.13(94)	|	1594	
594	12	ok	|	0.14	1.00	1.00	0.15	0.00	0	|	rapi	0.13	0.13	0	|	94.0	0.15(94)	0.13(94)	|	1594	
594	13	ok	|	0.15	1.00	1.00	0.16	0.00	0	|	rapi	0.13	0.14	0	|	94.0	0.16(94)	0.14(94)	|	1594	
594	14	ok	|	0.12	1.00	1.00	0.13	0.00	0	|	rapi	0.11	0.12	0	|	94.0	0.13(94)	0.12(94)	|	1594	
594	15	ok	|	0.13	1.00	1.00	0.14	0.00	0	|	rapi	0.12	0.12	0	|	94.0	0.14(94)	0.12(94)	|	1594	
594	16	ok	|	0.13	1.00	1.00	0.14	0.00	0	|	rapi	0.11	0.12	0	|	94.0	0.14(94)	0.12(94)	|	1594	
594	17	ok	|	0.12	1.00	1.00	0.13	0.00	0	|	rapi	0.10	0.10	0	|	94.0	0.13(94)	0.10(94)	|	1594	
594	18	ok	|	0.11	1.00	1.00	0.11	0.00	0	|	rapi	0.09	0.09	0	|	94.0	0.11(94)	0.09(94)	|	1594	
594	19	ok	|	0.12	1.00	1.00	0.12	0.00	0	|	rapi	0.10	0.10	0	|	94.0	0.12(94)	0.10(94)	|	1594	
594	20	ok	|	0.12	1.00	1.00	0.13	0.00	0	|	rapi	0.10	0.10	0	|	94.0	0.13(94)	0.10(94)	|	1594	
594	21	ok	|	0.14	1.00	1.00	0.14	0.00	0	|	rapi	0.12	0.12	0	|	94.0	0.14(94)	0.12(94)	|	1594	
594	22	ok	|	0.15	1.00	1.00	0.17	0.00	0	|	rapi	0.14	0.14	0	|	94.0	0.17(94)	0.14(94)	|	1594	
594	23	ok	|	0.15	1.00	1.00	0.17	0.00	0	|	rapi	0.13	0.14	0	|	94.0	0.17(94)	0.14(94)	|	1594	
594	24	ok	|	0.16	1.00	1.00	0.18	0.00	0	|	rapi	0.14	0.15	0	|	94.0	0.18(94)	0.15(94)	|	1594	
594	25	ok	|	0.17	1.00	1.00	0.17	0.00	0	|	rapi	0.15	0.15	0	|	94.0	0.17(94)	0.15(94)	|	1594	
594	26	ok	|	0.16	1.00	1.00	0.18	0.00	0	|	rapi	0.15	0.17	0	|	94.0	0.18(94)	0.17(94)	|	1594	
594	27	ok	|	0.17	1.00	1.00	0.19	0.00	0	|	rapi	0.16	0.18	0	|	94.0	0.19(94)	0.18(94)	|	1594	
594	28	ok	|	0.18	1.00	1.00	0.20	0.01	0	|	rapi	0.18	0.19	0	|	94.0	0.20(94)	0.19(94)	|	1594	
594	29	ok	|	0.18	1.00	1.00	0.20	0.01	0	|	rapi	0.17	0.19	0	|	94.0	0.20(94)	0.19(94)	|	1594	
594	30	ok	|	0.18	1.00	1.00	0.19	0.01	0	|	rapi	0.18	0.19	0	|	94.0	0.19(94)	0.19(94)	|	1594	
594	31	ok	|	0.17	1.00	1.00	0.18	0.01	0	|	rapi	0.17	0.18	0	|	94.0	0.18(94)	0.18(94)	|	1594	
594	32	ok	|	0.15	1.00	1.00	0.17	0.01	0	|	rapi	0.15	0.17	0	|	94.0	0.17(94)	0.17(94)	|	1594	
594	33	ok	|	0.16	1.00	1.00	0.18	0.01	0	|	rapi	0.16	0.17	0	|	94.0	0.18(94)	0.17(94)	|	1594	
594	34	ok	|	0.17	1.00	1.00	0.18	0.01	0	|	rapi	0.17	0.18	0	|	94.0	0.18(94)	0.18(94)	|	1594	
594	35	ok	|	0.18	1.00	1.00	0.19	0.01	0	|	rapi	0.18	0.19	0	|	94.0	0.19(94)	0.19(94)	|	1594	
594	36	ok	|	0.17	1.00	1.00	0.17	0.01	0	|	rapi	0.17	0.17	0	|	94.0	0.17(94)	0.17(94)	|	1594	
594	37	ok	|	0.17	1.00	1.00	0.18	0.01	0	|	rapi	0.17	0.17	0	|	94.0	0.18(94)	0.17(94)	|	1594	
594	38	ok	|	0.16	1.00	1.00	0.17	0.01	0	|	rapi	0.16	0.17	0	|	94.0	0.17(94)	0.17(94)	|	1594	
594	39	ok	|	0.17	1.00	1.00	0.18	0.01	0	|	rapi	0.16	0.18	0	|	94.0	0.18(94)	0.18(94)	|	1594	
594	40	ok	|	0.18	1.00	1.00	0.19	0.01	0	|	rapi	0.18	0.19	0	|	94.0	0.19(94)	0.19(94)	|	1594	
594	41	ok	|	0.20	1.00	1.00	0.22	0.01	0	|	rapi	0.20	0.21	0	|	94.0	0.22(94)	0.21(94)	|	1594	
594	42	ok	|	0.21	1.00	1.00	0.23	0.01	0	|	rapi	0.20	0.22	0	|	94.0	0.23(94)	0.22(94)	|	1594	
594	43	ok	|	0.20	1.00	1.00	0.22	0.01	0	|	rapi	0.20	0.22	0	|	94.0	0.22(94)	0.22(94)	|	1594	
594	44	ok	|	0.20	1.00	1.00	0.23	0.01	0	|	rapi	0.20	0.23	0	|	94.0	0.23(94)	0.23(94)	|	1594	
594	45	ok	|	0.21	1.00	1.00	0.23	0.01	0	|	rapi	0.21	0.23	0	|	94.0	0.23(94)	0.23(94)	|	1594	
594	46	ok	|	0.22	1.00	1.00	0.24	0.01	0	|	rapi	0.22	0.24	0	|	94.0	0.24(94)	0.24(94)	|	1594	
594	47	ok	|	0.22	1.00	1.00	0.24	0.01	0	|	rapi	0.22	0.24	0	|	94.0	0.24(94)	0.24(94)	|	1594	
594	48	ok	|	0.20	1.00	1.00	0.21	0.01	0	|	rapi	0.20	0.21	0	|	94.0	0.21(94)	0.21(94)	|	1594	
594	49	ok	|	0.20	1.00	1.00	0.22	0.01	0	|	rapi	0.20	0.22	0	|	94.0	0.22(94)	0.22(94)	|	1594	
594	50	ok	|	0.19	1.00	1.00	0.20	0.01	0	|	rapi	0.19	0.20	0	|	94.0	0.20(94)	0.20(94)	|	1594	
594	51	ok	|	0.21	1.00	1.00	0.22	0.01	0	|	rapi	0.21	0.22	0	|	94.0	0.22(94)	0.22(94)	|	1594	
594	52	ok	|	0.22	1.00	1.00	0.23	0.01	0	|	rapi	0.22	0.23	0	|	94.0	0.23(94)	0.23(94)	|	1594	
594	53	ok	|	0.21	1.00	1.00	0.24	0.01	0	|	rapi	0.21	0.24	0	|	94.0	0.24(94)	0.24(94)	|	1594	
594	54	ok	|	0.23	1.00	1.00	0.27	0.01	0	|	rapi	0.23	0.27	0	|	94.0	0.27(94)	0.27(94)	|	1594	
594	55	ok	|	0.25	1.00	1.00	0.29	0.02	0	|	rapi	0.25	0.29	0	|	94.0	0.29(94)	0.29(94)	|	1594	
594	56	ok	|	0.26	1.00	1.00	0.29	0.02	0	|	rapi	0.26	0.29	0	|	94.0	0.29(94)	0.29(94)	|	1594	
594	57	ok	|	0.24	1.00	1.00	0.26	0.01	0	|	rapi	0.24	0.26	0	|	94.0	0.26(94)	0.26(94)	|	1594	
594	58	ok	|	0.25	1.00	1.00	0.27	0.01	0	|	rapi	0.25	0.27	0	|	94.0	0.27(94)	0.27(94)	|	1594	
594	59	ok	|	0.25	1.00	1.00	0.27	0.02	0	|	rapi	0.25	0.27	0	|	94.0	0.27(94)	0.27(94)	|	1594	
594	60	ok	|	0.28	1.00	1.00	0.30	0.02	0	|	rapi	0.28	0.30	0	|	94.0	0.30(94)	0.30(94)	|	1594	
594	61	ok	|	0.26	1.00	1.00	0.28	0.02	0	|	rapi	0.26	0.28	0	|	94.0	0.28(94)	0.28(94)	|	1594	
594	62	ok	|	0.29	1.00	1.00	0.31	0.02	0	|	rapi	0.29	0.31	0	|	94.0	0.31(94)	0.31(94)	|	1594	
594	63	ok	|	0.26	1.00	1.00	0.28	0.02	0	|	rapi	0.26	0.28	0	|	94.0	0.28(94)	0.28(94)	|	1594	
594	64	ok	|	0.23	1.00	1.00	0.26	0.02	0	|	rapi	0.23	0.26	0	|	94.0	0.26(94)	0.26(94)	|	1594	
594	65	ok	|	0.25	1.00	1.00	0.28	0.02	0	|	rapi	0.25	0.28	0	|	94.0	0.28(94)	0.28(94)	|	1594	
594	66	ok	|	0.27	1.00	1.00	0.30	0.02	0	|	rapi	0.27	0.30	0	|	94.0	0.30(94)	0.30(94)	|	1594	
594	67	ok	|	0.25	1.00	1.00	0.27	0.02	0	|	rapi	0.25	0.27	0	|	94.0	0.27(94)	0.27(94)	|	1594	
594	68	ok	|	0.26	1.00	1.00	0.29	0.02	0	|	rapi	0.26	0.29	0	|	94.0	0.29(94)	0.29(94)	|	1594	
594	69	ok	|	0.26	1.00	1.00	0.28	0.02	0	|	rapi	0.26	0.28	0	|	94.0	0.28(94)	0.28(94)	|	1594	
594	70	ok	|	0.24	1.00	1.00	0.28	0.02	0	|	rapi	0.24	0.28	0	|	94.0	0.28(94)	0.28(94)	|	1594	
594	71	ok	|	0.23	1.00	1.00	0.25	0.02	0	|	rapi	0.23	0.25	0	|	94.0	0.25(94)	0.25(94)	|	1594	
594	72	ok	|	0.24	1.00	1.00	0.27	0.02	0	|	rapi	0.24	0.27	0	|	94.0	0.27(94)	0.27(94)	|	1594	
594	73	ok	|	0.25	1.00	1.00	0.29	0.02	0	|	rapi	0.25	0.29	0	|	94.0	0.29(94)	0.29(94)	|	1594	
594	74	ok	|	0.26	1.00	1.00	0.29	0.02	0	|	rapi	0.26	0.29	0	|	94.0	0.29(94)	0.29(94)	|	1594	
594	75	ok	|	0.27	1.00	1.00	0.29	0.02	0	|	rapi	0.27	0.29	0	|	94.0	0.29(94)	0.29(94)	|	1594	
594	76	ok	|	0.25	1.00	1.00	0.28	0.02	0	|	rapi	0.25	0.28	0	|	94.0	0.28(94)	0.28(94)	|	1594	
594	77	ok	|	0.24	1.00	1.00	0.27	0.03	0	|	rapi	0.24	0.27	0	|	94.0	0.27(94)	0.27(94)	|	1594	
594	78	ok	|	0.24	1.00	1.00	0.27	0.03	0	|	rapi	0.24	0.27	0	|	94.0	0.27(94)	0.27(94)	|	1594	
594	79	ok	|	0.24	1.00	1.00	0.27	0.03	0	|	rapi	0.24	0.27	0	|	94.0	0.27(94)	0.27(94)	|	1594	
594	80	ok	|	0.24	1.00	1.00	0.26	0.03	0	|	rapi	0.24	0.26	0	|	94.0	0.26(94)	0.26(94)	|	1594	
594	81	ok	|	0.24	1.00	1.00	0.27	0.03	0	|	rapi	0.24	0.27	0	|	94.0	0.27(94)	0.27(94)	|	1594	
594	82	ok	|	0.24	1.00	1.00	0.27	0.03	0	|	rapi	0.24	0.27	0	|	94.0	0.27(94)	0.27(94)	|	1594	
594	83	ok	|	0.26	1.00	1.00	0.29	0.03	0	|	rapi	0.26	0.29	0	|	94.0	0.29(94)	0.29(94)	|	1594	
594	84	ok	|	0.27	1.00	1.00	0.30	0.03	0	|	rapi	0.27	0.30	0	|	94.0	0.30(94)	0.30(94)	|	1594	
594	85	ok	|	0.27	1.00	1.00	0.29	0.03	0	|	rapi	0.27	0.29	0	|	94.0	0.29(94)	0.29(94)	|	1594	
594	86	ok	|	0.24	1.00	1.00	0.26	0.03	0	|	rapi	0.24	0.26	0	|	94.0	0.26(94)	0.26(94)	|	1594	
594	87	ok	|	0.24	1.00	1.00	0.28	0.03	0	|	rapi	0.24	0.28	0	|	94.0	0.28(94)	0.28(94)	|	1594	
594	88	ok	|	0.25	1.00	1.00	0.28	0.04	0	|	rapi	0.25	0.28	0	|	94.0	0.28(94)	0.28(94)	|	1594	
594	89	ok	|	0.25	1.00	1.00	0.28	0.04	0	|	rapi	0.25	0.28	0	|	94.0	0.28(94)	0.28(94)	|	1594	
594	90	ok	|	0.27	1.00	1.00	0.30	0.04	0	|	rapi	0.27	0.30	0	|	94.0	0.30(94)	0.30(94)	|	1594	
594	91	ok	|	0.29	1.00	1.00	0.33	0.04	0	|	rapi	0.29	0.33	0	|	94.0	0.33(94)	0.33(94)	|	1594	
594	92	ok	|	0.27	1.00	1.00	0.30	0.04	0	|	rapi	0.27	0.30	0	|	94.0	0.30(94)	0.30(94)	|	1594	
594	93	ok	|	0.27	1.00	1.00	0.30	0.04	0	|	rapi	0.27	0.30	0	|	94.0	0.30(94)	0.30(94)	|	1594	
594	94	ok	|	0.27	1.00	1.00	0.31	0.04	0	|	rapi	0.27	0.31	0	|	94.0	0.31(94)	0.31(94)	|	1594	
594	95	ok	|	0.25	1.00	1.00	0.29	0.04	0	|	rapi	0.25	0.29	0	|	94.0	0.29(94)	0.29(94)	|	1594	
594	96	ok	|	0.25	1.00	1.00	0.27	0.03	0	|	rapi	0.25	0.27	0	|	94.0	0.27(94)	0.27(94)	|	1594	
594	97	ok	|	0.24	1.00	1.00	0.26	0.03	0	|	rapi	0.24	0.26	0	|	94.0	0.26(94)	0.26(94)	|	1594	
594	98	ok	|	0.23	1.00	1.00	0.26	0.03	0	|	rapi	0.23	0.26	0	|	94.0	0.26(94)	0.26(94)	|	1594	
594	99	ok	|	0.23	1.00	1.00	0.26	0.03	0	|	rapi	0.23	0.26	0	|	94.0	0.26(94)	0.26(94)	|	1594	
594	100	ok	|	0.23	1.00	1.00	0.26	0.03	0	|	rapi	0.23	0.26	0	|	94.0	0.26(94)	0.26(94)	|	1594	
594	101	ok	|	0.25	1.00	1.00	0.28	0.03	0	|	rapi	0.25	0.28	0	|	94.0	0.28(94)	0.28(94)	|	1594	
594	102	ok	|	0.27	1.00	1.00	0.29	0.04	0	|	rapi	0.27	0.29	0	|	94.0	0.29(94)	0.29(94)	|	1594	
594	103	ok	|	0.26	1.00	1.00	0.29	0.04	0	|	rapi	0.26	0.29	0	|	94.0	0.29(94)	0.29(94)	|	1594	
594	104	ok	|	0.26	1.00	1.00	0.29	0.04	0	|	rapi	0.26	0.29	0	|	94.0	0.29(94)	0.29(94)	|	1594	
594	105	ok	|	0.23	1.00	1.00	0.26	0.03	0	|	rapi	0.23	0.26	0	|	94.0	0.26(94)	0.26(94)	|	1594	
594	106	ok	|	0.21	1.00	1.00	0.24	0.03	0	|	rapi	0.21	0.24	0	|	94.0	0.24(94)	0.24(94)	|	1594	
594	107	ok	|	0.23	1.00	1.00	0.25	0.03	0	|	rapi	0.23	0.25	0	|	94.0	0.25(94)	0.25(94)	|	1594	
594	108	ok	|	0.22	1.00	1.00	0.24	0.03	0	|	rapi	0.22	0.24	0	|	94.0	0.24(94)	0.24(94)	|	1594	
594	109	ok	|	0.24	1.00	1.00	0.26	0.03	0	|	rapi	0.24	0.26	0	|	94.0	0.26(94)	0.26(94)	|	1594	
594	110	ok	|	0.25	1.00	1.00	0.28	0.03	0	|	rapi	0.25	0.28	0	|	94.0	0.28(94)	0.28(94)	|	1594	
594	111	ok	|	0.24	1.00	1.00	0.26	0.03	0	|	rapi	0.24	0.26	0	|	94.0	0.26(94)	0.26(94)	|	1594	
594	112	ok	|	0.23	1.00	1.00	0.26	0.03	0	|	rapi	0.23	0.26	0	|	94.0	0.26(94)	0.26(94)	|	1594	
594	113	ok	|	0.23	1.00	1.00	0.25	0.03	0	|	rapi	0.23	0.25	0	|	94.0	0.25(94)	0.25(94)	|	1594	
594	114	ok	|	0.22	1.00	1.00	0.24	0.03	0	|	rapi	0.22	0.24	0	|	94.0	0.24(94)	0.24(94)	|	1594	
594	115	ok	|	0.23	1.00	1.00	0.26	0.03	0	|	rapi	0.23	0.26	0	|	94.0	0.26(94)	0.26(94)	|	1594	
594	116	ok	|	0.24	1.00	1.00	0.27	0.03	0	|	rapi	0.24	0.27	0	|	94.0	0.27(94)	0.27(94)	|	1594	
594	117	ok	|	0.23	1.00	1.00	0.25	0.03	0	|	rapi	0.23	0.25	0	|	94.0	0.25(94)	0.25(94)	|	1594	
594	118	ok	|	0.25	1.00	1.00	0.28	0.03	0	|	rapi	0.25	0.28	0	|	94.0	0.28(94)	0.28(94)	|	1594	
594	119	ok	|	0.24	1.00	1.00	0.27	0.03	0	|	rapi	0.24	0.27	0	|	94.0	0.27(94)	0.27(94)	|	1594	
594	120	ok	|	0.26	1.00	1.00	0.29	0.04	0	|	rapi	0.26	0.29	0	|	94.0	0.29(94)	0.29(94)	|	1594	
594	121	ok	|	0.28	1.00	1.00	0.30	0.04	0	|	rapi	0.28	0.30	0	|	94.0	0.30(94)	0.30(94)	|	1594	
594	122	ok	|	0.27	1.00	1.00	0.30	0.04	0	|	rapi	0.27	0.30	0	|	94.0	0.30(94)	0.30(94)	|	1594	
594	123	ok	|	0.28	1.00	1.00	0.30	0.04	0	|	rapi	0.28	0.30	0	|	94.0	0.30(94)	0.30(94)	|	1594	
594	124	ok	|	0.27	1.00	1.00	0.30	0.04	0	|	rapi	0.27	0.30	0	|	94.0	0.30(94)	0.30(94)	|	1594	
594	125	ok	|	0.28	1.00	1.00	0.31	0.04	0	|	rapi	0.28	0.31	0	|	94.0	0.31(94)	0.31(94)	|	1594	
594	126	ok	|	0.28	1.00	1.00	0.32	0.04	0	|	rapi	0.28	0.32	0	|	94.0	0.32(94)	0.32(94)	|	1594	
594	127	ok	|	0.28	1.00	1.00	0.32	0.04	0	|	rapi	0.28	0.32	0	|	94.0	0.32(94)	0.32(94)	|	1594	
594	128	ok	|	0.29	1.00	1.00	0.34	0.04	0	|	rapi	0.29	0.34	0	|	94.0	0.34(94)	0.34(94)	|	1594	
594	129	ok	|	0.29	1.00	1.00	0.34	0.04	0	|	rapi	0.29	0.34	0	|	94.0	0.34(94)	0.34(94)	|	1594	
594	130	ok	|	0.29	1.00	1.00	0.34	0.04	0	|	rapi	0.29	0.34	0	|	94.0	0.34(94)	0.34(94)	|	1594	
594	131	ok	|	0.31	1.00	1.00	0.37	0.05	0	|	rapi	0.31	0.37	0	|	94.0	0.37(94)	0.37(94)	|	1594	
594	132	ok	|	0.30	1.00	1.00	0.35	0.04	0	|	rapi	0.30	0.35	0	|	94.0	0.35(94)	0.35(94)	|	1594	
594	133	ok	|	0.32	1.00	1.00	0.36	0.05	0	|	rapi	0.32	0.36	0	|	94.0	0.36(94)	0.36(94)	|	1594	
594	134	ok	|	0.31	1.00	1.00	0.36	0.05	0	|	rapi	0.31	0.36	0	|	94.0	0.36(94)	0.36(94)	|	1594	
594	135	ok	|	0.32	1.00	1.00	0.39	0.05	0	|	rapi	0.32	0.39	0	|	94.0	0.39(94)	0.39(94)	|	1594	
594	136	ok	|	0.32	1.00	1.00	0.34	0.04	0	|	rapi	0.32	0.34	0	|	94.0	0.34(94)	0.34(94)	|	1594	
594	137	ok	|	0.33	1.00	1.00	0.36	0.05	0	|	rapi	0.33	0.36	0	|	94.0	0.36(94)	0.36(94)	|	1594	
594	138	ok	|	0.32	1.00	1.00	0.36	0.05	0	|	rapi	0.32	0.36	0	|	94.0	0.36(94)	0.36(94)	|	1594	
594	139	ok	|	0.32	1.00	1.00	0.36	0.04	0	|	rapi	0.32	0.36	0	|	94.0	0.36(94)	0.36(94)	|	1594	
594	140	ok	|	0.32	1.00	1.00	0.36	0.05	0	|	rapi	0.32	0.36	0	|	94.0	0.36(94)	0.36(94)	|	1594	
594	141	ok	|	0.33	1.00	1.00	0.37	0.05	0	|	rapi	0.33	0.37	0	|	94.0	0.37(94)	0.37(94)	|	1594	
594	142	ok	|	0.34	1.00	1.00	0.39	0.05	0	|	rapi	0.34	0.39	0	|	94.0	0.39(94)	0.39(94)	|	1594	
594	143	ok	|	0.34	1.00	1.00	0.38	0.05	0	|	rapi	0.34	0.38	0	|	94.0	0.38(94)	0.38(94)	|	1594	
594	144	ok	|	0.33	1.00	1.00	0.38	0.05	0	|	rapi	0.33	0.38	0	|	94.0	0.38(94)	0.38(94)	|	1594	
594	145	ok	|	0.34	1.00	1.00	0.39	0.05	0	|	rapi	0.34	0.39	0	|	94.0	0.39(94)	0.39(94)	|	1594	
594	146	ok	|	0.33	1.00	1.00	0.38	0.05	0	|	rapi	0.33	0.38	0	|	94.0	0.38(94)	0.38(94)	|	1594	
594	147	ok	|	0.31	1.00	1.00	0.37	0.05	0	|	rapi	0.31	0.37	0	|	94.0	0.37(94)	0.37(94)	|	1594	
594	148	ok	|	0.34	1.00	1.00	0.40	0.05	0	|	rapi	0.34	0.40	0	|	94.0	0.40(94)	0.40(94)	|	1594	
594	149	ok	|	0.31	1.00	1.00	0.37	0.05	0	|	rapi	0.31	0.37	0	|	94.0	0.37(94)	0.37(94)	|	1594	
594	150	ok	|	0.29	1.00	1.00	0.33	0.04	0	|	rapi	0.29	0.33	0	|	94.0	0.33(94)	0.33(94)	|	1594	
594	151	ok	|	0.27	1.00	1.00	0.30	0.04	0	|	rapi	0.27	0.30	0	|	94.0	0.30(94)	0.30(94)	|	1594	
594	152	ok	|	0.25	1.00	1.00	0.29	0.04	0	|	rapi	0.25	0.29	0	|	94.0	0.29(94)	0.29(94)	|	1594	
594	153	ok	|	0.25	1.00	1.00	0.28	0.04	0	|	rapi	0.25	0.28	0	|	94.0	0.28(94)	0.28(94)	|	1594	
594	154	ok	|	0.26	1.00	1.00	0.28	0.04	0	|	rapi	0.26	0.28	0	|	94.0	0.28(94)	0.28(94)	|	1594	
594	155	ok	|	0.26	1.00	1.00	0.28	0.04	0	|	rapi	0.26	0.28	0	|	94.0	0.28(94)	0.28(94)	|	1594	
594	156	ok	|	0.27	1.00	1.00	0.30	0.04	0	|	rapi	0.27	0.30	0	|	94.0	0.30(94)	0.30(94)	|	1594	
594	157	ok	|	0.26	1.00	1.00	0.29	0.04	0	|	rapi	0.26	0.29	0	|	94.0	0.29(94)	0.29(94)	|	1594	
594	158	ok	|	0.27	1.00	1.00	0.31	0.04	0	|	rapi	0.27	0.31	0	|	94.0	0.31(94)	0.31(94)	|	1594	
594	159	ok	|	0.29	1.00	1.00	0.33	0.04	0	|	rapi	0.29	0.33	0	|	94.0	0.33(94)	0.33(94)	|	1594	
594	160	ok	|	0.28	1.00	1.00	0.31	0.04	0	|	rapi	0.28	0.31	0	|	94.0	0.31(94)	0.31(94)	|	1594	
594	161	ok	|	0.29	1.00	1.00	0.33	0.04	0	|	rapi	0.29	0.33	0	|	94.0	0.33(94)	0.33(94)	|	1594	
594	162	ok	|	0.28	1.00	1.00	0.32	0.04	0	|	rapi	0.28	0.32	0	|	94.0	0.32(94)	0.32(94)	|	1594	
594	163	ok	|	0.30	1.00	1.00	0.35	0.04	0	|	rapi	0.30	0.35	0	|	94.0	0.35(94)	0.35(94)	|	1594	
594	164	ok	|	0.30	1.00	1.00	0.34	0.04	0	|	rapi	0.30	0.34	0	|	94.0	0.34(94)	0.34(94)	|	1594	
594	165	ok	|	0.29	1.00	1.00	0.33	0.04	0	|	rapi	0.29	0.33	0	|	94.0	0.33(94)	0.33(94)	|	1594	
594	166	ok	|	0.29	1.00	1.00	0.33	0.04	0	|	rapi	0.29	0.33	0	|	94.0	0.33(94)	0.33(94)	|	1594	
594	167	ok	|	0.32	1.00	1.00	0.35	0.04	0	|	rapi	0.32	0.35	0	|	94.0	0.35(94)	0.35(94)	|	1594	
594	168	ok	|	0.29	1.00	1.00	0.33	0.04	0	|	rapi	0.29	0.33	0	|	94.0	0.33(94)	0.33(94)	|	1594	
594	169	ok	|	0.30	1.00	1.00	0.36	0.04	0	|	rapi	0.30	0.36	0	|	94.0	0.36(94)	0.36(94)	|	1594	
594	170	ok	|	0.32	1.00	1.00	0.38	0.05	0	|	rapi	0.32	0.38	0	|	94.0	0.38(94)	0.38(94)	|	1594	
594	171	ok	|	0.30	1.00	1.00	0.36	0.04	0	|	rapi	0.30	0.36	0	|	94.0	0.36(94)	0.36(94)	|	1594	
594	172	ok	|	0.31	1.00	1.00	0.36	0.04	0	|	rapi	0.31	0.36	0	|	94.0	0.36(94)	0.36(94)	|	1594	
594	173	ok	|	0.34	1.00	1.00	0.38	0.05	0	|	rapi	0.34	0.38	0	|	94.0	0.38(94)	0.38(94)	|	1594	
594	174	ok	|	0.34	1.00	1.00	0.39	0.05	0	|	rapi	0.34	0.39	0	|	94.0	0.39(94)	0.39(94)	|	1594	
594	175	ok	|	0.33	1.00	1.00	0.37	0.05	0	|	rapi	0.33	0.37	0	|	94.0	0.37(94)	0.37(94)	|	1594	
594	176	ok	|	0.34	1.00	1.00	0.40	0.05	0	|	rapi	0.34	0.40	0	|	94.0	0.40(94)	0.40(94)	|	1594	
594	177	ok	|	0.33	1.00	1.00	0.40	0.05	0	|	rapi	0.33	0.40	0	|	94.0	0.40(94)	0.40(94)	|	1594	
594	178	ok	|	0.33	1.00	1.00	0.38	0.05	0	|	rapi	0.33	0.38	0	|	94.0	0.38(94)	0.38(94)	|	1594	
594	179	ok	|	0.30	1.00	1.00	0.36	0.05	0	|	rapi	0.30	0.36	0	|	94.0	0.36(94)	0.36(94)	|	1594	
594	180	ok	|	0.32	1.00	1.00	0.38	0.05	0	|	rapi	0.32	0.38	0	|	94.0	0.38(94)	0.38(94)	|	1594	
594	181	ok	|	0.31	1.00	1.00	0.36	0.05	0	|	rapi	0.31	0.36	0	|	94.0	0.36(94)	0.36(94)	|	1594	
594	182	ok	|	0.31	1.00	1.00	0.37	0.05	0	|	rapi	0.31	0.37	0	|	94.0	0.37(94)	0.37(94)	|	1594	
594	183	ok	|	0.33	1.00	1.00	0.39	0.05	0	|	rapi	0.33	0.39	0	|	94.0	0.39(94)	0.39(94)	|	1594	
594	184	ok	|	0.33	1.00	1.00	0.39	0.05	0	|	rapi	0.33	0.39	0	|	94.0	0.39(94)	0.39(94)	|	1594	
594	185	ok	|	0.31	1.00	1.00	0.37	0.05	0	|	rapi	0.31	0.37	0	|	94.0	0.37(94)	0.37(94)	|	1594	
594	186	ok	|	0.32	1.00	1.00	0.38	0.05	0	|	rapi	0.32	0.38	0	|	94.0	0.38(94)	0.38(94)	|	1594	
594	187	ok	|	0.35	1.00	1.00	0.40	0.05	0	|	rapi	0.35	0.40	0	|	94.0	0.40(94)	0.40(94)	|	1594	
594	188	ok	|	0.36	1.00	1.00	0.41	0.05	0	|	rapi	0.36	0.41	0	|	94.0	0.41(94)	0.41(94)	|	1594	
594	189	ok	|	0.34	1.00	1.00	0.41	0.05	0	|	rapi	0.34	0.41	0	|	94.0	0.41(94)	0.41(94)	|	1594	
594	190	ok	|	0.34	1.00	1.00	0.39	0.05	0	|	rapi	0.34	0.39	0	|	94.0	0.39(94)	0.39(94)	|	1594	
594	191	ok	|	0.34	1.00	1.00	0.41	0.05	0	|	rapi	0.34	0.41	0	|	94.0	0.41(94)	0.41(94)	|	1594	
594	192	ok	|	0.34	1.00	1.00	0.40	0.05	0	|	rapi	0.34	0.40	0	|	94.0	0.40(94)	0.40(94)	|	1594	
594	193	ok	|	0.35	1.00	1.00	0.43	0.05	0	|	rapi	0.35	0.43	0	|	94.0	0.43(94)	0.43(94)	|	1594	
594	194	ok	|	0.36	1.00	1.00	0.44	0.06	0	|	rapi	0.36	0.44	0	|	94.0	0.44(94)	0.44(94)	|	1594	
594	195	ok	|	0.36	1.00	1.00	0.44	0.06	0	|	rapi	0.36	0.44	0	|	94.0	0.44(94)	0.44(94)	|	1594	
594	196	ok	|	0.36	1.00	1.00	0.44	0.05	0	|	rapi	0.36	0.44	0	|	94.0	0.44(94)	0.44(94)	|	1594	
594	197	ok	|	0.34	1.00	1.00	0.41	0.05	0	|	rapi	0.34	0.41	0	|	94.0	0.41(94)	0.41(94)	|	1594	
594	198	ok	|	0.34	1.00	1.00	0.43	0.05	0	|	rapi	0.34	0.43	0	|	94.0	0.43(94)	0.43(94)	|	1594	
594	199	ok	|	0.34	1.00	1.00	0.43	0.05	0	|	rapi	0.34	0.43	0	|	94.0	0.43(94)	0.43(94)	|	1594	
594	200	ok	|	0.35	1.00	1.00	0.42	0.05	0	|	rapi	0.35	0.42	0	|	94.0	0.42(94)	0.42(94)	|	1594	
594	201	ok	|	0.32	1.00	1.00	0.39	0.05	0	|	rapi	0.32	0.39	0	|	94.0	0.39(94)	0.39(94)	|	1594	
594	202	ok	|	0.32	1.00	1.00	0.38	0.05	0	|	rapi	0.32	0.38	0	|	94.0	0.38(94)	0.38(94)	|	1594	
594	203	ok	|	0.33	1.00	1.00	0.40	0.05	0	|	rapi	0.33	0.40	0	|	94.0	0.40(94)	0.40(94)	|	1594	
594	204	ok	|	0.32	1.00	1.00	0.37	0.05	0	|	rapi	0.32	0.37	0	|	94.0	0.37(94)	0.37(94)	|	1594	
594	205	ok	|	0.30	1.00	1.00	0.37	0.05	0	|	rapi	0.30	0.37	0	|	94.0	0.37(94)	0.37(94)	|	1594	
594	206	ok	|	0.30	1.00	1.00	0.36	0.04	0	|	rapi	0.30	0.36	0	|	94.0	0.36(94)	0.36(94)	|	1594	
594	207	ok	|	0.30	1.00	1.00	0.35	0.04	0	|	rapi	0.30	0.35	0	|	94.0	0.35(94)	0.35(94)	|	1594	
594	208	ok	|	0.29	1.00	1.00	0.35	0.04	0	|	rapi	0.29	0.35	0	|	94.0	0.35(94)	0.35(94)	|	1594	
594	209	ok	|	0.32	1.00	1.00	0.38	0.05	0	|	rapi	0.32	0.38	0	|	94.0	0.38(94)	0.38(94)	|	1594	
594	210	ok	|	0.33	1.00	1.00	0.41	0.05	0	|	rapi	0.33	0.41	0	|	94.0	0.41(94)	0.41(94)	|	1594	
594	211	ok	|	0.32	1.00	1.00	0.38	0.05	0	|	rapi	0.32	0.38	0	|	94.0	0.38(94)	0.38(94)	|	1594	
594	212	ok	|	0.33	1.00	1.00	0.41	0.05	0	|	rapi	0.33	0.41	0	|	94.0	0.41(94)	0.41(94)	|	1594	
594	213	ok	|	0.34	1.00	1.00	0.42	0.05	0	|	rapi	0.34	0.42	0	|	94.0	0.42(94)	0.42(94)	|	1594	
594	214	ok	|	0.35	1.00	1.00	0.43	0.05	0	|	rapi	0.35	0.43	0	|	94.0	0.43(94)	0.43(94)	|	1594	
594	215	ok	|	0.33	1.00	1.00	0.41	0.05	0	|	rapi	0.33	0.41	0	|	94.0	0.41(94)	0.41(94)	|	1594	
594	216	ok	|	0.35	1.00	1.00	0.42	0.05	0	|	rapi	0.35	0.42	0	|	94.0	0.42(94)	0.42(94)	|	1594	
594	217	ok	|	0.32	1.00	1.00	0.38	0.05	0	|	rapi	0.32	0.38	0	|	94.0	0.38(94)	0.38(94)	|	1594	
594	218	ok	|	0.30	1.00	1.00	0.36	0.04	0	|	rapi	0.30	0.36	0	|	94.0	0.36(94)	0.36(94)	|	1594	
594	219	ok	|	0.28	1.00	1.00	0.34	0.04	0	|	rapi	0.28	0.34	0	|	94.0	0.34(94)	0.34(94)	|	1594	
594	220	ok	|	0.27	1.00	1.00	0.31	0.04	0	|	rapi	0.27	0.31	0	|	94.0	0.31(94)	0.31(94)	|	1594	
594	221	ok	|	0.29	1.00	1.00	0.33	0.04	0	|	rapi	0.29	0.33	0	|	94.0	0.33(94)	0.33(94)	|	1594	
594	222	ok	|	0.30	1.00	1.00	0.36	0.04	0	|	rapi	0.30	0.36	0	|	94.0	0.36(94)	0.36(94)	|	1594	
594	223	ok	|	0.29	1.00	1.00	0.33	0.04	0	|	rapi	0.29	0.33	0	|	94.0	0.33(94)	0.33(94)	|	1594	
594	224	ok	|	0.30	1.00	1.00	0.35	0.04	0	|	rapi	0.30	0.35	0	|	94.0	0.35(94)	0.35(94)	|	1594	
594	225	ok	|	0.29	1.00	1.00	0.33	0.04	0	|	rapi	0.29	0.33	0	|	94.0	0.33(94)	0.33(94)	|	1594	
594	226	ok	|	0.28	1.00	1.00	0.31	0.04	0	|	rapi	0.28	0.31	0	|	94.0	0.31(94)	0.31(94)	|	1594	
594	227	ok	|	0.26	1.00	1.00	0.29	0.04	0	|	rapi	0.26	0.29	0	|	94.0	0.29(94)	0.29(94)	|	1594	
594	228	ok	|	0.25	1.00	1.00	0.29	0.04	0	|	rapi	0.25	0.29	0	|	94.0	0.29(94)	0.29(94)	|	1594	
594	229	ok	|	0.27	1.00	1.00	0.30	0.04	0	|	rapi	0.27	0.30	0	|	94.0	0.30(94)	0.30(94)	|	1594	
594	230	ok	|	0.27	1.00	1.00	0.30	0.04	0	|	rapi	0.27	0.30	0	|	94.0	0.30(94)	0.30(94)	|	1594	
594	231	ok	|	0.29	1.00	1.00	0.32	0.04	0	|	rapi	0.29	0.32	0	|	94.0	0.32(94)	0.32(94)	|	1594	
594	232	ok	|	0.31	1.00	1.00	0.35	0.04	0	|	rapi	0.31	0.35	0	|	94.0	0.35(94)	0.35(94)	|	1594	
594	233	ok	|	0.30	1.00	1.00	0.34	0.04	0	|	rapi	0.30	0.34	0	|	94.0	0.34(94)	0.34(94)	|	1594	
594	234	ok	|	0.31	1.00	1.00	0.35	0.04	0	|	rapi	0.31	0.35	0	|	94.0	0.35(94)	0.35(94)	|	1594	
594	235	ok	|	0.33	1.00	1.00	0.36	0.05	0	|	rapi	0.33	0.36	0	|	94.0	0.36(94)	0.36(94)	|	1594	
594	236	ok	|	0.33	1.00	1.00	0.37	0.05	0	|	rapi	0.33	0.37	0	|	94.0	0.37(94)	0.37(94)	|	1594	
594	237	ok	|	0.35	1.00	1.00	0.39	0.05	0	|	rapi	0.35	0.39	0	|	94.0	0.39(94)	0.39(94)	|	1594	
594	238	ok	|	0.35	1.00	1.00	0.38	0.05	0	|	rapi	0.35	0.38	0	|	94.0	0.38(94)	0.38(94)	|	1594	
594	239	ok	|	0.34	1.00	1.00	0.38	0.05	0	|	rapi	0.34	0.38	0	|	94.0	0.38(94)	0.38(94)	|	1594	
594	240	ok	|	0.33	1.00	1.00	0.36	0.04	0	|	rapi	0.33	0.36	0	|	94.0	0.36(94)	0.36(94)	|	1594	
594	241	ok	|	0.32	1.00	1.00	0.34	0.04	0	|	rapi	0.32	0.34	0	|	94.0	0.34(94)	0.34(94)	|	1594	
594	242	ok	|	0.32	1.00	1.00	0.35	0.04	0	|	rapi	0.32	0.35	0	|	94.0	0.35(94)	0.35(94)	|	1594	
594	243	ok	|	0.31	1.00	1.00	0.34	0.04	0	|	rapi	0.31	0.34	0	|	94.0	0.34(94)	0.34(94)	|	1594	
594	244	ok	|	0.33	1.00	1.00	0.37	0.05	0	|	rapi	0.33	0.37	0	|	94.0	0.37(94)	0.37(94)	|	1594	
594	245	ok	|	0.36	1.00	1.00	0.39	0.05	0	|	rapi	0.36	0.39	0	|	94.0	0.39(94)	0.39(94)	|	1594	
594	246	ok	|	0.34	1.00	1.00	0.38	0.05	0	|	rapi	0.34	0.38	0	|	94.0	0.38(94)	0.38(94)	|	1594	
594	247	ok	|	0.35	1.00	1.00	0.38	0.05	0	|	rapi	0.35	0.38	0	|	94.0	0.38(94)	0.38(94)	|	1594	
594	248	ok	|	0.33	1.00	1.00	0.35	0.04	0	|	rapi	0.33	0.35	0	|	94.0	0.35(94)	0.35(94)	|	1594	
594	249	ok	|	0.34	1.00	1.00	0.38	0.06	0	|	rapi	0.34	0.38	0	|	94.0	0.38(94)	0.38(94)	|	1594	
594	250	ok	|	0.35	1.00	1.00	0.39	0.06	0	|	rapi	0.35	0.39	0	|	94.0	0.39(94)	0.39(94)	|	1594	
594	251	ok	|	0.35	1.00	1.00	0.39	0.06	0	|	rapi	0.35	0.39	0	|	94.0	0.39(94)	0.39(94)	|	1594	
594	252	ok	|	0.34	1.00	1.00	0.37	0.06	0	|	rapi	0.34	0.37	0	|	94.0	0.37(94)	0.37(94)	|	1594	
594	253	ok	|	0.35	1.00	1.00	0.39	0.06	0	|	rapi	0.35	0.39	0	|	94.0	0.39(94)	0.39(94)	|	1594	
594	254	ok	|	0.36	1.00	1.00	0.41	0.07	0	|	rapi	0.36	0.41	0	|	94.0	0.41(94)	0.41(94)	|	1594	
594	255	ok	|	0.36	1.00	1.00	0.42	0.07	0	|	rapi	0.36	0.42	0	|	94.0	0.42(94)	0.42(94)	|	1594	
594	256	ok	|	0.39	1.00	1.00	0.47	0.08	0	|	rapi	0.39	0.47	0	|	94.0	0.47(94)	0.47(94)	|	1594	
594	257	ok	|	0.41	1.00	1.00	0.50	0.08	0	|	rapi	0.41	0.50	0	|	94.0	0.50(94)	0.50(94)	|	1594	
594	258	ok	|	0.44	1.00	1.00	0.54	0.09	0	|	rapi	0.44	0.54	0	|	94.0	0.54(94)	0.54(94)	|	1594	
594	259	ok	|	0.44	1.00	1.00	0.55	0.09	0	|	rapi	0.44	0.55	0	|	94.0	0.55(94)	0.55(94)	|	1594	
594	260	ok	|	0.45	1.00	1.00	0.56	0.09	0	|	rapi	0.45	0.56	0	|	94.0	0.56(94)	0.56(94)	|	1594	
594	261	ok	|	0.44	1.00	1.00	0.55	0.09	0	|	rapi	0.44	0.55	0	|	94.0	0.55(94)	0.55(94)	|	1594	
594	262	ok	|	0.46	1.00	1.00	0.56	0.09	0	|	rapi	0.46	0.56	0	|	94.0	0.56(94)	0.56(94)	|	1594	
594	263	ok	|	0.47	1.00	1.00	0.57	0.10	0	|	rapi	0.47	0.57	0	|	94.0	0.57(94)	0.57(94)	|	1594	
594	264	ok	|	0.46	1.00	1.00	0.54	0.09	0	|	rapi	0.46	0.54	0	|	94.0	0.54(94)	0.54(94)	|	1594	
594	265	ok	|	0.48	1.00	1.00	0.60	0.10	0	|	rapi	0.48	0.60	0	|	94.0	0.60(94)	0.60(94)	|	1594	
594	266	ok	|	0.47	1.00	1.00	0.57	0.09	0	|	rapi	0.47	0.57	0	|	94.0	0.57(94)	0.57(94)	|	1594	
594	267	ok	|	0.43	1.00	1.00	0.51	0.09	0	|	rapi	0.43	0.51	0	|	94.0	0.51(94)	0.51(94)	|	1594	
594	268	ok	|	0.42	1.00	1.00	0.49	0.08	0	|	rapi	0.42	0.49	0	|	94.0	0.49(94)	0.49(94)	|	1594	
594	269	ok	|	0.47	1.00	1.00	0.53	0.09	0	|	rapi	0.47	0.53	0	|	94.0	0.53(94)	0.53(94)	|	1594	
594	270	ok	|	0.45	1.00	1.00	0.51	0.08	0	|	rapi	0.45	0.51	0	|	94.0	0.51(94)	0.51(94)	|	1594	
594	271	ok	|	0.46	1.00	1.00	0.53	0.09	0	|	rapi	0.46	0.53	0	|	94.0	0.53(94)	0.53(94)	|	1594	
594	272	ok	|	0.46	1.00	1.00	0.53	0.09	0	|	rapi	0.46	0.53	0	|	94.0	0.53(94)	0.53(94)	|	1594	
594	273	ok	|	0.42	1.00	1.00	0.49	0.08	0	|	rapi	0.42	0.49	0	|	94.0	0.49(94)	0.49(94)	|	1594	
594	274	ok	|	0.42	1.00	1.00	0.47	0.08	0	|	rapi	0.42	0.47	0	|	94.0	0.47(94)	0.47(94)	|	1594	
594	275	ok	|	0.42	1.00	1.00	0.48	0.08	0	|	rapi	0.42	0.48	0	|	94.0	0.48(94)	0.48(94)	|	1594	
594	276	ok	|	0.43	1.00	1.00	0.48	0.08	0	|	rapi	0.43	0.48	0	|	94.0	0.48(94)	0.48(94)	|	1594	
594	277	ok	|	0.41	1.00	1.00	0.47	0.08	0	|	rapi	0.41	0.47	0	|	94.0	0.47(94)	0.47(94)	|	1594	
594	278	ok	|	0.42	1.00	1.00	0.47	0.08	0	|	rapi	0.42	0.47	0	|	94.0	0.47(94)	0.47(94)	|	1594	
594	279	ok	|	0.41	1.00	1.00	0.46	0.08	0	|	rapi	0.41	0.46	0	|	94.0	0.46(94)	0.46(94)	|	1594	
594	280	ok	|	0.40	1.00	1.00	0.45	0.07	0	|	rapi	0.40	0.45	0	|	94.0	0.45(94)	0.45(94)	|	1594	
594	281	ok	|	0.42	1.00	1.00	0.48	0.08	0	|	rapi	0.42	0.48	0	|	94.0	0.48(94)	0.48(94)	|	1594	
594	282	ok	|	0.42	1.00	1.00	0.48	0.08	0	|	rapi	0.42	0.48	0	|	94.0	0.48(94)	0.48(94)	|	1594	
594	283	ok	|	0.40	1.00	1.00	0.46	0.08	0	|	rapi	0.40	0.46	0	|	94.0	0.46(94)	0.46(94)	|	1594	
594	284	ok	|	0.38	1.00	1.00	0.45	0.07	0	|	rapi	0.38	0.45	0	|	94.0	0.45(94)	0.45(94)	|	1594	
594	285	ok	|	0.39	1.00	1.00	0.44	0.07	0	|	rapi	0.39	0.44	0	|	94.0	0.44(94)	0.44(94)	|	1594	
594	286	ok	|	0.38	1.00	1.00	0.44	0.07	0	|	rapi	0.38	0.44	0	|	94.0	0.44(94)	0.44(94)	|	1594	
594	287	ok	|	0.37	1.00	1.00	0.43	0.07	0	|	rapi	0.37	0.43	0	|	94.0	0.43(94)	0.43(94)	|	1594	
594	288	ok	|	0.40	1.00	1.00	0.46	0.08	0	|	rapi	0.40	0.46	0	|	94.0	0.46(94)	0.46(94)	|	1594	
594	289	ok	|	0.41	1.00	1.00	0.47	0.08	0	|	rapi	0.41	0.47	0	|	94.0	0.47(94)	0.47(94)	|	1594	
594	290	ok	|	0.42	1.00	1.00	0.50	0.08	0	|	rapi	0.42	0.50	0	|	94.0	0.50(94)	0.50(94)	|	1594	
594	291	ok	|	0.44	1.00	1.00	0.54	0.09	0	|	rapi	0.44	0.54	0	|	94.0	0.54(94)	0.54(94)	|	1594	
594	292	ok	|	0.45	1.00	1.00	0.54	0.09	0	|	rapi	0.45	0.54	0	|	94.0	0.54(94)	0.54(94)	|	1594	
594	293	ok	|	0.48	1.00	1.00	0.58	0.10	0	|	rapi	0.48	0.58	0	|	94.0	0.58(94)	0.58(94)	|	1594	
594	294	ok	|	0.46	1.00	1.00	0.55	0.09	0	|	rapi	0.46	0.55	0	|	94.0	0.55(94)	0.55(94)	|	1594	
594	295	ok	|	0.46	1.00	1.00	0.54	0.09	0	|	rapi	0.46	0.54	0	|	94.0	0.54(94)	0.54(94)	|	1594	
594	296	ok	|	0.46	1.00	1.00	0.55	0.09	0	|	rapi	0.46	0.55	0	|	94.0	0.55(94)	0.55(94)	|	1594	
594	297	ok	|	0.47	1.00	1.00	0.57	0.10	0	|	rapi	0.47	0.57	0	|	94.0	0.57(94)	0.57(94)	|	1594	
594	298	ok	|	0.47	1.00	1.00	0.57	0.09	0	|	rapi	0.47	0.57	0	|	94.0	0.57(94)	0.57(94)	|	1594	
594	299	ok	|	0.46	1.00	1.00	0.56	0.09	0	|	rapi	0.46	0.56	0	|	94.0	0.56(94)	0.56(94)	|	1594	
594	300	ok	|	0.47	1.00	1.00	0.55	0.09	0	|	rapi	0.47	0.55	0	|	94.0	0.55(94)	0.55(94)	|	1594	
594	301	ok	|	0.48	1.00	1.00	0.57	0.10	0	|	rapi	0.48	0.57	0	|	94.0	0.57(94)	0.57(94)	|	1594	
594	302	ok	|	0.46	1.00	1.00	0.55	0.09	0	|	rapi	0.46	0.55	0	|	94.0	0.55(94)	0.55(94)	|	1594	
594	303	ok	|	0.43	1.00	1.00	0.51	0.08	0	|	rapi	0.43	0.51	0	|	94.0	0.51(94)	0.51(94)	|	1594	
594	304	ok	|	0.43	1.00	1.00	0.50	0.08	0	|	rapi	0.43	0.50	0	|	94.0	0.50(94)	0.50(94)	|	1594	
594	305	ok	|	0.42	1.00	1.00	0.48	0.08	0	|	rapi	0.42	0.48	0	|	94.0	0.48(94)	0.48(94)	|	1594	
594	306	ok	|	0.38	1.00	1.00	0.45	0.07	0	|	rapi	0.38	0.45	0	|	94.0	0.45(94)	0.45(94)	|	1594	
594	307	ok	|	0.35	1.00	1.00	0.40	0.07	0	|	rapi	0.35	0.40	0	|	94.0	0.40(94)	0.40(94)	|	1594	
594	308	ok	|	0.36	1.00	1.00	0.42	0.07	0	|	rapi	0.36	0.42	0	|	94.0	0.42(94)	0.42(94)	|	1594	
594	309	ok	|	0.37	1.00	1.00	0.42	0.07	0	|	rapi	0.37	0.42	0	|	94.0	0.42(94)	0.42(94)	|	1594	
594	310	ok	|	0.34	1.00	1.00	0.40	0.07	0	|	rapi	0.34	0.40	0	|	94.0	0.40(94)	0.40(94)	|	1594	
594	311	ok	|	0.35	1.00	1.00	0.40	0.07	0	|	rapi	0.35	0.40	0	|	94.0	0.40(94)	0.40(94)	|	1594	
594	312	ok	|	0.35	1.00	1.00	0.42	0.07	0	|	rapi	0.35	0.42	0	|	94.0	0.42(94)	0.42(94)	|	1594	
594	313	ok	|	0.35	1.00	1.00	0.41	0.07	0	|	rapi	0.35	0.41	0	|	94.0	0.41(94)	0.41(94)	|	1594	
594	314	ok	|	0.33	1.00	1.00	0.39	0.07	0	|	rapi	0.33	0.39	0	|	94.0	0.39(94)	0.39(94)	|	1594	
594	315	ok	|	0.33	1.00	1.00	0.39	0.06	0	|	rapi	0.33	0.39	0	|	94.0	0.39(94)	0.39(94)	|	1594	
594	316	ok	|	0.30	1.00	1.00	0.35	0.06	0	|	rapi	0.30	0.35	0	|	94.0	0.35(94)	0.35(94)	|	1594	
594	317	ok	|	0.31	1.00	1.00	0.36	0.06	0	|	rapi	0.31	0.36	0	|	94.0	0.36(94)	0.36(94)	|	1594	
594	318	ok	|	0.32	1.00	1.00	0.35	0.06	0	|	rapi	0.32	0.35	0	|	94.0	0.35(94)	0.35(94)	|	1594	
594	319	ok	|	0.31	1.00	1.00	0.35	0.06	0	|	rapi	0.31	0.35	0	|	94.0	0.35(94)	0.35(94)	|	1594	
594	320	ok	|	0.33	1.00	1.00	0.38	0.06	0	|	rapi	0.33	0.38	0	|	94.0	0.38(94)	0.38(94)	|	1594	
594	321	ok	|	0.34	1.00	1.00	0.41	0.07	0	|	rapi	0.34	0.41	0	|	94.0	0.41(94)	0.41(94)	|	1594	
594	322	ok	|	0.33	1.00	1.00	0.39	0.07	0	|	rapi	0.33	0.39	0	|	94.0	0.39(94)	0.39(94)	|	1594	
594	323	ok	|	0.32	1.00	1.00	0.39	0.06	0	|	rapi	0.32	0.39	0	|	94.0	0.39(94)	0.39(94)	|	1594	
594	324	ok	|	0.34	1.00	1.00	0.39	0.07	0	|	rapi	0.34	0.39	0	|	94.0	0.39(94)	0.39(94)	|	1594	
594	325	ok	|	0.33	1.00	1.00	0.39	0.06	0	|	rapi	0.33	0.39	0	|	94.0	0.39(94)	0.39(94)	|	1594	
594	326	ok	|	0.34	1.00	1.00	0.40	0.07	0	|	rapi	0.34	0.40	0	|	94.0	0.40(94)	0.40(94)	|	1594	
594	327	ok	|	0.33	1.00	1.00	0.38	0.06	0	|	rapi	0.33	0.38	0	|	94.0	0.38(94)	0.38(94)	|	1594	
594	328	ok	|	0.30	1.00	1.00	0.36	0.06	0	|	rapi	0.30	0.36	0	|	94.0	0.36(94)	0.36(94)	|	1594	
594	329	ok	|	0.32	1.00	1.00	0.38	0.06	0	|	rapi	0.32	0.38	0	|	94.0	0.38(94)	0.38(94)	|	1594	
594	330	ok	|	0.32	1.00	1.00	0.38	0.06	0	|	rapi	0.32	0.38	0	|	94.0	0.38(94)	0.38(94)	|	1594	
594	331	ok	|	0.32	1.00	1.00	0.37	0.09	0	|	rapi	0.32	0.37	0	|	94.0	0.37(94)	0.37(94)	|	1594	
594	332	ok	|	0.32	1.00	1.00	0.37	0.09	0	|	rapi	0.32	0.37	0	|	94.0	0.37(94)	0.37(94)	|	1594	
594	333	ok	|	0.31	1.00	1.00	0.37	0.09	0	|	rapi	0.31	0.37	0	|	94.0	0.37(94)	0.37(94)	|	1594	
594	334	ok	|	0.34	1.00	1.00	0.40	0.10	0	|	rapi	0.34	0.40	0	|	94.0	0.40(94)	0.40(94)	|	1594	
594	335	ok	|	0.33	1.00	1.00	0.39	0.10	0	|	rapi	0.33	0.39	0	|	94.0	0.39(94)	0.39(94)	|	1594	
594	336	ok	|	0.35	1.00	1.00	0.40	0.10	0	|	rapi	0.35	0.40	0	|	94.0	0.40(94)	0.40(94)	|	1594	
594	337	ok	|	0.33	1.00	1.00	0.39	0.10	0	|	rapi	0.33	0.39	0	|	94.0	0.39(94)	0.39(94)	|	1594	
594	338	ok	|	0.34	1.00	1.00	0.39	0.10	0	|	rapi	0.34	0.39	0	|	94.0	0.39(94)	0.39(94)	|	1594	
594	339	ok	|	0.34	1.00	1.00	0.37	0.09	0	|	rapi	0.34	0.37	0	|	94.0	0.37(94)	0.37(94)	|	1594	
594	340	ok	|	0.32	1.00	1.00	0.35	0.09	0	|	rapi	0.32	0.35	0	|	94.0	0.35(94)	0.35(94)	|	1594	
594	341	ok	|	0.33	1.00	1.00	0.36	0.09	0	|	rapi	0.33	0.36	0	|	94.0	0.36(94)	0.36(94)	|	1594	
594	342	ok	|	0.34	1.00	1.00	0.37	0.09	0	|	rapi	0.34	0.37	0	|	94.0	0.37(94)	0.37(94)	|	1594	
594	343	ok	|	0.31	1.00	1.00	0.34	0.09	0	|	rapi	0.31	0.34	0	|	94.0	0.34(94)	0.34(94)	|	1594	
594	344	ok	|	0.32	1.00	1.00	0.35	0.09	0	|	rapi	0.32	0.35	0	|	94.0	0.35(94)	0.35(94)	|	1594	
594	345	ok	|	0.29	1.00	1.00	0.32	0.08	0	|	rapi	0.29	0.32	0	|	94.0	0.32(94)	0.32(94)	|	1594	
594	346	ok	|	0.30	1.00	1.00	0.32	0.08	0	|	rapi	0.30	0.32	0	|	94.0	0.32(94)	0.32(94)	|	1594	
594	347	ok	|	0.31	1.00	1.00	0.34	0.09	0	|	rapi	0.31	0.34	0	|	94.0	0.34(94)	0.34(94)	|	1594	
594	348	ok	|	0.31	1.00	1.00	0.34	0.08	0	|	rapi	0.31	0.34	0	|	94.0	0.34(94)	0.34(94)	|	1594	
594	349	ok	|	0.32	1.00	1.00	0.35	0.09	0	|	rapi	0.32	0.35	0	|	94.0	0.35(94)	0.35(94)	|	1594	
594	350	ok	|	0.33	1.00	1.00	0.36	0.09	0	|	rapi	0.33	0.36	0	|	94.0	0.36(94)	0.36(94)	|	1594	
594	351	ok	|	0.33	1.00	1.00	0.38	0.09	0	|	rapi	0.33	0.38	0	|	94.0	0.38(94)	0.38(94)	|	1594	
594	352	ok	|	0.34	1.00	1.00	0.37	0.09	0	|	rapi	0.34	0.37	0	|	94.0	0.37(94)	0.37(94)	|	1594	
594	353	ok	|	0.34	1.00	1.00	0.40	0.10	0	|	rapi	0.34	0.40	0	|	94.0	0.40(94)	0.40(94)	|	1594	
594	354	ok	|	0.35	1.00	1.00	0.39	0.10	0	|	rapi	0.35	0.39	0	|	94.0	0.39(94)	0.39(94)	|	1594	
594	355	ok	|	0.34	1.00	1.00	0.38	0.09	0	|	rapi	0.34	0.38	0	|	94.0	0.38(94)	0.38(94)	|	1594	
594	356	ok	|	0.34	1.00	1.00	0.38	0.09	0	|	rapi	0.34	0.38	0	|	94.0	0.38(94)	0.38(94)	|	1594	
594	357	ok	|	0.33	1.00	1.00	0.38	0.09	0	|	rapi	0.33	0.38	0	|	94.0	0.38(94)	0.38(94)	|	1594	
594	358	ok	|	0.34	1.00	1.00	0.38	0.09	0	|	rapi	0.34	0.38	0	|	94.0	0.38(94)	0.38(94)	|	1594	
594	359	ok	|	0.31	1.00	1.00	0.34	0.09	0	|	rapi	0.31	0.34	0	|	94.0	0.34(94)	0.34(94)	|	1594	
594	360	ok	|	0.31	1.00	1.00	0.34	0.09	0	|	rapi	0.31	0.34	0	|	94.0	0.34(94)	0.34(94)	|	1594	
594	361	ok	|	0.31	1.00	1.00	0.34	0.09	0	|	rapi	0.31	0.34	0	|	94.0	0.34(94)	0.34(94)	|	1594	
594	362	ok	|	0.30	1.00	1.00	0.34	0.09	0	|	rapi	0.30	0.34	0	|	94.0	0.34(94)	0.34(94)	|	1594	
594	363	ok	|	0.29	1.00	1.00	0.33	0.08	0	|	rapi	0.29	0.33	0	|	94.0	0.33(94)	0.33(94)	|	1594	
594	364	ok	|	0.29	1.00	1.00	0.33	0.08	0	|	rapi	0.29	0.33	0	|	94.0	0.33(94)	0.33(94)	|	1594	
594	365	ok	|	0.29	1.00	1.00	0.32	0.08	0	|	rapi	0.29	0.32	0	|	94.0	0.32(94)	0.32(94)	|	1594	
594	366	ok	|	0.30	1.00	1.00	0.33	0.08	0	|	rapi	0.30	0.33	0	|	94.0	0.33(94)	0.33(94)	|	1594	
594	367	ok	|	0.27	1.00	1.00	0.30	0.07	0	|	rapi	0.27	0.30	0	|	94.0	0.30(94)	0.30(94)	|	1594	
594	368	ok	|	0.28	1.00	1.00	0.30	0.07	0	|	rapi	0.28	0.30	0	|	94.0	0.30(94)	0.30(94)	|	1594	
594	369	ok	|	0.28	1.00	1.00	0.30	0.07	0	|	rapi	0.28	0.30	0	|	94.0	0.30(94)	0.30(94)	|	1594	
594	370	ok	|	0.29	1.00	1.00	0.31	0.08	0	|	rapi	0.29	0.31	0	|	94.0	0.31(94)	0.31(94)	|	1594	
594	371	ok	|	0.27	1.00	1.00	0.29	0.07	0	|	rapi	0.27	0.29	0	|	94.0	0.29(94)	0.29(94)	|	1594	
594	372	ok	|	0.26	1.00	1.00	0.28	0.07	0	|	rapi	0.26	0.28	0	|	94.0	0.28(94)	0.28(94)	|	1594	
594	373	ok	|	0.26	1.00	1.00	0.28	0.07	0	|	rapi	0.26	0.28	0	|	94.0	0.28(94)	0.28(94)	|	1594	
594	374	ok	|	0.24	1.00	1.00	0.26	0.07	0	|	rapi	0.24	0.26	0	|	94.0	0.26(94)	0.26(94)	|	1594	
594	375	ok	|	0.26	1.00	1.00	0.28	0.07	0	|	rapi	0.26	0.28	0	|	94.0	0.28(94)	0.28(94)	|	1594	
594	376	ok	|	0.27	1.00	1.00	0.29	0.07	0	|	rapi	0.27	0.29	0	|	94.0	0.29(94)	0.29(94)	|	1594	
594	377	ok	|	0.23	1.00	1.00	0.25	0.06	0	|	rapi	0.23	0.25	0	|	94.0	0.25(94)	0.25(94)	|	1594	
594	378	ok	|	0.21	1.00	1.00	0.23	0.06	0	|	rapi	0.21	0.23	0	|	94.0	0.23(94)	0.23(94)	|	1594	
594	379	ok	|	0.21	1.00	1.00	0.23	0.06	0	|	rapi	0.21	0.23	0	|	94.0	0.23(94)	0.23(94)	|	1594	
594	380	ok	|	0.22	1.00	1.00	0.23	0.06	0	|	rapi	0.22	0.23	0	|	94.0	0.23(94)	0.23(94)	|	1594	
594	381	ok	|	0.23	1.00	1.00	0.25	0.06	0	|	rapi	0.23	0.25	0	|	94.0	0.25(94)	0.25(94)	|	1594	
594	382	ok	|	0.25	1.00	1.00	0.27	0.07	0	|	rapi	0.25	0.27	0	|	94.0	0.27(94)	0.27(94)	|	1594	
594	383	ok	|	0.23	1.00	1.00	0.24	0.06	0	|	rapi	0.23	0.24	0	|	94.0	0.24(94)	0.24(94)	|	1594	
594	384	ok	|	0.22	1.00	1.00	0.24	0.06	0	|	rapi	0.22	0.24	0	|	94.0	0.24(94)	0.24(94)	|	1594	
594	385	ok	|	0.22	1.00	1.00	0.23	0.06	0	|	rapi	0.22	0.23	0	|	94.0	0.23(94)	0.23(94)	|	1594	
594	386	ok	|	0.20	1.00	1.00	0.21	0.05	0	|	rapi	0.20	0.21	0	|	94.0	0.21(94)	0.21(94)	|	1594	
594	387	ok	|	0.20	1.00	1.00	0.21	0.05	0	|	rapi	0.20	0.21	0	|	94.0	0.21(94)	0.21(94)	|	1594	
594	388	ok	|	0.18	1.00	1.00	0.20	0.05	0	|	rapi	0.18	0.20	0	|	94.0	0.20(94)	0.20(94)	|	1594	
594	389	ok	|	0.18	1.00	1.00	0.19	0.05	0	|	rapi	0.18	0.19	0	|	94.0	0.19(94)	0.19(94)	|	1594	
594	390	ok	|	0.15	1.00	1.00	0.16	0.04	0	|	rapi	0.15	0.16	0	|	94.0	0.16(94)	0.16(94)	|	1594	
594	391	ok	|	0.17	1.00	1.00	0.18	0.04	0	|	rapi	0.17	0.18	0	|	94.0	0.18(94)	0.18(94)	|	1594	
594	392	ok	|	0.18	1.00	1.00	0.19	0.05	0	|	rapi	0.18	0.19	0	|	94.0	0.19(94)	0.19(94)	|	1594	
594	393	ok	|	0.17	1.00	1.00	0.19	0.05	0	|	rapi	0.17	0.19	0	|	94.0	0.19(94)	0.19(94)	|	1594	
594	394	ok	|	0.16	1.00	1.00	0.17	0.04	0	|	rapi	0.16	0.17	0	|	94.0	0.17(94)	0.17(94)	|	1594	
594	395	ok	|	0.17	1.00	1.00	0.17	0.04	0	|	rapi	0.17	0.17	0	|	94.0	0.17(94)	0.17(94)	|	1594	
594	396	ok	|	0.18	1.00	1.00	0.19	0.05	0	|	rapi	0.18	0.19	0	|	94.0	0.19(94)	0.19(94)	|	1594	
594	397	ok	|	0.14	1.00	1.00	0.15	0.04	0	|	rapi	0.14	0.15	0	|	94.0	0.15(94)	0.15(94)	|	1594	
594	398	ok	|	0.15	1.00	1.00	0.17	0.04	0	|	rapi	0.15	0.17	0	|	94.0	0.17(94)	0.17(94)	|	1594	
594	399	ok	|	0.16	1.00	1.00	0.17	0.04	0	|	rapi	0.16	0.17	0	|	94.0	0.17(94)	0.17(94)	|	1594	
594	400	ok	|	0.15	1.00	1.00	0.16	0.04	0	|	rapi	0.15	0.16	0	|	94.0	0.16(94)	0.16(94)	|	1594	
594	401	ok	|	0.13	1.00	1.00	0.14	0.03	0	|	rapi	0.13	0.14	0	|	94.0	0.14(94)	0.14(94)	|	1594	
594	402	ok	|	0.14	1.00	1.00	0.15	0.04	0	|	rapi	0.14	0.15	0	|	94.0	0.15(94)	0.15(94)	|	1594	
594	403	ok	|	0.14	1.00	1.00	0.15	0.04	0	|	rapi	0.14	0.15	0	|	94.0	0.15(94)	0.15(94)	|	1594	
594	404	ok	|	0.12	1.00	1.00	0.14	0.03	0	|	rapi	0.12	0.14	0	|	94.0	0.14(94)	0.14(94)	|	1594	
594	405	ok	|	0.11	1.00	1.00	0.12	0.03	0	|	rapi	0.11	0.12	0	|	94.0	0.12(94)	0.12(94)	|	1594	
594	406	ok	|	0.12	1.00	1.00	0.13	0.03	0	|	rapi	0.12	0.13	0	|	94.0	0.13(94)	0.13(94)	|	1594	
594	407	ok	|	0.11	1.00	1.00	0.13	0.03	0	|	rapi	0.11	0.13	0	|	94.0	0.13(94)	0.13(94)	|	1594	
594	408	ok	|	0.11	1.00	1.00	0.13	0.03	0	|	rapi	0.11	0.13	0	|	94.0	0.13(94)	0.13(94)	|	1594	
594	409	ok	|	0.11	1.00	1.00	0.13	0.03	0	|	rapi	0.11	0.13	0	|	94.0	0.13(94)	0.13(94)	|	1594	
594	410	ok	|	0.14	1.00	1.00	0.16	0.04	0	|	rapi	0.14	0.16	0	|	94.0	0.16(94)	0.16(94)	|	1594	
594	411	ok	|	0.15	1.00	1.00	0.17	0.04	0	|	rapi	0.15	0.17	0	|	94.0	0.17(94)	0.17(94)	|	1594	
594	412	ok	|	0.14	1.00	1.00	0.17	0.04	0	|	rapi	0.14	0.17	0	|	94.0	0.17(94)	0.17(94)	|	1594	
594	413	ok	|	0.17	1.00	1.00	0.19	0.05	0	|	rapi	0.17	0.19	0	|	94.0	0.19(94)	0.19(94)	|	1594	
594	414	ok	|	0.15	1.00	1.00	0.17	0.04	0	|	rapi	0.15	0.17	0	|	94.0	0.17(94)	0.17(94)	|	1594	
594	415	ok	|	0.15	1.00	1.00	0.17	0.04	0	|	rapi	0.15	0.17	0	|	94.0	0.17(94)	0.17(94)	|	1594	
594	416	ok	|	0.15	1.00	1.00	0.18	0.05	0	|	rapi	0.15	0.18	0	|	94.0	0.18(94)	0.18(94)	|	1594	
594	417	ok	|	0.16	1.00	1.00	0.17	0.04	0	|	rapi	0.16	0.17	0	|	94.0	0.17(94)	0.17(94)	|	1594	
594	418	ok	|	0.15	1.00	1.00	0.18	0.04	0	|	rapi	0.15	0.18	0	|	94.0	0.18(94)	0.18(94)	|	1594	
594	419	ok	|	0.16	1.00	1.00	0.19	0.05	0	|	rapi	0.16	0.19	0	|	94.0	0.19(94)	0.19(94)	|	1594	
594	420	ok	|	0.15	1.00	1.00	0.18	0.04	0	|	rapi	0.15	0.18	0	|	94.0	0.18(94)	0.18(94)	|	1594	
594	421	ok	|	0.17	1.00	1.00	0.20	0.05	0	|	rapi	0.17	0.20	0	|	94.0	0.20(94)	0.20(94)	|	1594	
594	422	ok	|	0.18	1.00	1.00	0.21	0.05	0	|	rapi	0.18	0.21	0	|	94.0	0.21(94)	0.21(94)	|	1594	
594	423	ok	|	0.19	1.00	1.00	0.21	0.05	0	|	rapi	0.19	0.21	0	|	94.0	0.21(94)	0.21(94)	|	1594	
594	424	ok	|	0.21	1.00	1.00	0.24	0.06	0	|	rapi	0.21	0.24	0	|	94.0	0.24(94)	0.24(94)	|	1594	
594	425	ok	|	0.23	1.00	1.00	0.26	0.07	0	|	rapi	0.23	0.26	0	|	94.0	0.26(94)	0.26(94)	|	1594	
594	426	ok	|	0.21	1.00	1.00	0.25	0.06	0	|	rapi	0.21	0.25	0	|	94.0	0.25(94)	0.25(94)	|	1594	
594	427	ok	|	0.21	1.00	1.00	0.24	0.06	0	|	rapi	0.21	0.24	0	|	94.0	0.24(94)	0.24(94)	|	1594	
594	428	ok	|	0.21	1.00	1.00	0.23	0.06	0	|	rapi	0.21	0.23	0	|	94.0	0.23(94)	0.23(94)	|	1594	
594	429	ok	|	0.22	1.00	1.00	0.24	0.06	0	|	rapi	0.22	0.24	0	|	94.0	0.24(94)	0.24(94)	|	1594	
594	430	ok	|	0.20	1.00	1.00	0.22	0.05	0	|	rapi	0.20	0.22	0	|	94.0	0.22(94)	0.22(94)	|	1594	
594	431	ok	|	0.21	1.00	1.00	0.22	0.06	0	|	rapi	0.21	0.22	0	|	94.0	0.22(94)	0.22(94)	|	1594	
594	432	ok	|	0.23	1.00	1.00	0.24	0.06	0	|	rapi	0.23	0.24	0	|	94.0	0.24(94)	0.24(94)	|	1594	
594	433	ok	|	0.23	1.00	1.00	0.24	0.06	0	|	rapi	0.23	0.24	0	|	94.0	0.24(94)	0.24(94)	|	1594	
594	434	ok	|	0.20	1.00	1.00	0.21	0.05	0	|	rapi	0.20	0.21	0	|	94.0	0.21(94)	0.21(94)	|	1594	
594	435	ok	|	0.20	1.00	1.00	0.22	0.05	0	|	rapi	0.20	0.22	0	|	94.0	0.22(94)	0.22(94)	|	1594	
594	436	ok	|	0.21	1.00	1.00	0.23	0.06	0	|	rapi	0.21	0.23	0	|	94.0	0.23(94)	0.23(94)	|	1594	
594	437	ok	|	0.22	1.00	1.00	0.24	0.06	0	|	rapi	0.22	0.24	0	|	94.0	0.24(94)	0.24(94)	|	1594	
594	438	ok	|	0.23	1.00	1.00	0.25	0.06	0	|	rapi	0.23	0.25	0	|	94.0	0.25(94)	0.25(94)	|	1594	
594	439	ok	|	0.24	1.00	1.00	0.27	0.07	0	|	rapi	0.24	0.27	0	|	94.0	0.27(94)	0.27(94)	|	1594	
594	440	ok	|	0.27	1.00	1.00	0.28	0.07	0	|	rapi	0.27	0.28	0	|	94.0	0.28(94)	0.28(94)	|	1594	
594	441	ok	|	0.29	1.00	1.00	0.30	0.08	0	|	rapi	0.29	0.30	0	|	94.0	0.30(94)	0.30(94)	|	1594	
594	442	ok	|	0.24	1.00	1.00	0.27	0.07	0	|	rapi	0.24	0.27	0	|	94.0	0.27(94)	0.27(94)	|	1594	
594	443	ok	|	0.22	1.00	1.00	0.24	0.06	0	|	rapi	0.22	0.24	0	|	94.0	0.24(94)	0.24(94)	|	1594	
594	444	ok	|	0.22	1.00	1.00	0.24	0.06	0	|	rapi	0.22	0.24	0	|	94.0	0.24(94)	0.24(94)	|	1594	
594	445	ok	|	0.22	1.00	1.00	0.23	0.06	0	|	rapi	0.22	0.23	0	|	94.0	0.23(94)	0.23(94)	|	1594	
594	446	ok	|	0.23	1.00	1.00	0.25	0.06	0	|	rapi	0.23	0.25	0	|	94.0	0.25(94)	0.25(94)	|	1594	
594	447	ok	|	0.25	1.00	1.00	0.26	0.07	0	|	rapi	0.25	0.26	0	|	94.0	0.26(94)	0.26(94)	|	1594	
594	448	ok	|	0.23	1.00	1.00	0.25	0.06	0	|	rapi	0.23	0.25	0	|	94.0	0.25(94)	0.25(94)	|	1594	
594	449	ok	|	0.23	1.00	1.00	0.24	0.06	0	|	rapi	0.23	0.24	0	|	94.0	0.24(94)	0.24(94)	|	1594	
594	450	ok	|	0.23	1.00	1.00	0.23	0.06	0	|	rapi	0.23	0.23	0	|	94.0	0.23(94)	0.23(94)	|	1594	
594	451	ok	|	0.22	1.00	1.00	0.23	0.06	0	|	rapi	0.22	0.23	0	|	94.0	0.23(94)	0.23(94)	|	1594	
594	452	ok	|	0.23	1.00	1.00	0.25	0.06	0	|	rapi	0.23	0.25	0	|	94.0	0.25(94)	0.25(94)	|	1594	
594	453	ok	|	0.22	1.00	1.00	0.23	0.06	0	|	rapi	0.22	0.23	0	|	94.0	0.23(94)	0.23(94)	|	1594	
594	454	ok	|	0.20	1.00	1.00	0.21	0.05	0	|	rapi	0.20	0.21	0	|	94.0	0.21(94)	0.21(94)	|	1594	
594	455	ok	|	0.20	1.00	1.00	0.21	0.05	0	|	rapi	0.20	0.21	0	|	94.0	0.21(94)	0.21(94)	|	1594	
594	456	ok	|	0.18	1.00	1.00	0.19	0.05	0	|	rapi	0.18	0.19	0	|	94.0	0.19(94)	0.19(94)	|	1594	
594	457	ok	|	0.16	1.00	1.00	0.18	0.05	0	|	rapi	0.16	0.18	0	|	94.0	0.18(94)	0.18(94)	|	1594	
594	458	ok	|	0.17	1.00	1.00	0.18	0.04	0	|	rapi	0.17	0.18	0	|	94.0	0.18(94)	0.18(94)	|	1594	
594	459	ok	|	0.18	1.00	1.00	0.19	0.05	0	|	rapi	0.18	0.19	0	|	94.0	0.19(94)	0.19(94)	|	1594	
594	460	ok	|	0.17	1.00	1.00	0.19	0.05	0	|	rapi	0.17	0.19	0	|	94.0	0.19(94)	0.19(94)	|	1594	
594	461	ok	|	0.16	1.00	1.00	0.18	0.04	0	|	rapi	0.16	0.18	0	|	94.0	0.18(94)	0.18(94)	|	1594	
594	462	ok	|	0.17	1.00	1.00	0.19	0.05	0	|	rapi	0.17	0.19	0	|	94.0	0.19(94)	0.19(94)	|	1594	
594	463	ok	|	0.17	1.00	1.00	0.20	0.05	0	|	rapi	0.17	0.20	0	|	94.0	0.20(94)	0.20(94)	|	1594	
594	464	ok	|	0.18	1.00	1.00	0.20	0.05	0	|	rapi	0.18	0.20	0	|	94.0	0.20(94)	0.20(94)	|	1594	
594	465	ok	|	0.19	1.00	1.00	0.21	0.05	0	|	rapi	0.19	0.21	0	|	94.0	0.21(94)	0.21(94)	|	1594	
594	466	ok	|	0.17	1.00	1.00	0.18	0.05	0	|	rapi	0.17	0.18	0	|	94.0	0.18(94)	0.18(94)	|	1594	
594	467	ok	|	0.18	1.00	1.00	0.19	0.05	0	|	rapi	0.18	0.19	0	|	94.0	0.19(94)	0.19(94)	|	1594	
594	468	ok	|	0.18	1.00	1.00	0.20	0.05	0	|	rapi	0.18	0.20	0	|	94.0	0.20(94)	0.20(94)	|	1594	
594	469	ok	|	0.17	1.00	1.00	0.19	0.05	0	|	rapi	0.17	0.19	0	|	94.0	0.19(94)	0.19(94)	|	1594	
594	470	ok	|	0.19	1.00	1.00	0.21	0.05	0	|	rapi	0.19	0.21	0	|	94.0	0.21(94)	0.21(94)	|	1594	
594	471	ok	|	0.20	1.00	1.00	0.22	0.05	0	|	rapi	0.20	0.22	0	|	94.0	0.22(94)	0.22(94)	|	1594	
594	472	ok	|	0.22	1.00	1.00	0.24	0.06	0	|	rapi	0.22	0.24	0	|	94.0	0.24(94)	0.24(94)	|	1594	
594	473	ok	|	0.23	1.00	1.00	0.24	0.06	0	|	rapi	0.23	0.24	0	|	94.0	0.24(94)	0.24(94)	|	1594	
594	474	ok	|	0.21	1.00	1.00	0.24	0.06	0	|	rapi	0.21	0.24	0	|	94.0	0.24(94)	0.24(94)	|	1594	
594	475	ok	|	0.18	1.00	1.00	0.20	0.05	0	|	rapi	0.18	0.20	0	|	94.0	0.20(94)	0.20(94)	|	1594	
594	476	ok	|	0.19	1.00	1.00	0.22	0.05	0	|	rapi	0.19	0.22	0	|	94.0	0.22(94)	0.22(94)	|	1594	
594	477	ok	|	0.18	1.00	1.00	0.19	0.05	0	|	rapi	0.18	0.19	0	|	94.0	0.19(94)	0.19(94)	|	1594	
594	478	ok	|	0.18	1.00	1.00	0.20	0.05	0	|	rapi	0.18	0.20	0	|	94.0	0.20(94)	0.20(94)	|	1594	
594	479	ok	|	0.19	1.00	1.00	0.20	0.05	0	|	rapi	0.19	0.20	0	|	94.0	0.20(94)	0.20(94)	|	1594	
594	480	ok	|	0.20	1.00	1.00	0.22	0.05	0	|	rapi	0.20	0.22	0	|	94.0	0.22(94)	0.22(94)	|	1594	
594	481	ok	|	0.21	1.00	1.00	0.23	0.06	0	|	rapi	0.21	0.23	0	|	94.0	0.23(94)	0.23(94)	|	1594	
594	482	ok	|	0.20	1.00	1.00	0.22	0.05	0	|	rapi	0.20	0.22	0	|	94.0	0.22(94)	0.22(94)	|	1594	
594	483	ok	|	0.23	1.00	1.00	0.25	0.06	0	|	rapi	0.23	0.25	0	|	94.0	0.25(94)	0.25(94)	|	1594	
594	484	ok	|	0.24	1.00	1.00	0.26	0.07	0	|	rapi	0.24	0.26	0	|	94.0	0.26(94)	0.26(94)	|	1594	
594	485	ok	|	0.24	1.00	1.00	0.27	0.07	0	|	rapi	0.24	0.27	0	|	94.0	0.27(94)	0.27(94)	|	1594	
594	486	ok	|	0.24	1.00	1.00	0.27	0.07	0	|	rapi	0.24	0.27	0	|	94.0	0.27(94)	0.27(94)	|	1594	
594	487	ok	|	0.23	1.00	1.00	0.28	0.07	0	|	rapi	0.23	0.28	0	|	94.0	0.28(94)	0.28(94)	|	1594	
594	488	ok	|	0.25	1.00	1.00	0.28	0.07	0	|	rapi	0.25	0.28	0	|	94.0	0.28(94)	0.28(94)	|	1594	
594	489	ok	|	0.24	1.00	1.00	0.27	0.07	0	|	rapi	0.24	0.27	0	|	94.0	0.27(94)	0.27(94)	|	1594	
594	490	ok	|	0.24	1.00	1.00	0.27	0.07	0	|	rapi	0.24	0.27	0	|	94.0	0.27(94)	0.27(94)	|	1594	
594	491	ok	|	0.23	1.00	1.00	0.25	0.06	0	|	rapi	0.23	0.25	0	|	94.0	0.25(94)	0.25(94)	|	1594	
594	492	ok	|	0.24	1.00	1.00	0.26	0.07	0	|	rapi	0.24	0.26	0	|	94.0	0.26(94)	0.26(94)	|	1594	
594	493	ok	|	0.25	1.00	1.00	0.28	0.07	0	|	rapi	0.25	0.28	0	|	94.0	0.28(94)	0.28(94)	|	1594	
594	494	ok	|	0.25	1.00	1.00	0.28	0.07	0	|	rapi	0.25	0.28	0	|	94.0	0.28(94)	0.28(94)	|	1594	
594	495	ok	|	0.23	1.00	1.00	0.27	0.07	0	|	rapi	0.23	0.27	0	|	94.0	0.27(94)	0.27(94)	|	1594	
594	496	ok	|	0.26	1.00	1.00	0.29	0.07	0	|	rapi	0.26	0.29	0	|	94.0	0.29(94)	0.29(94)	|	1594	
594	497	ok	|	0.27	1.00	1.00	0.31	0.08	0	|	rapi	0.27	0.31	0	|	94.0	0.31(94)	0.31(94)	|	1594	
594	498	ok	|	0.26	1.00	1.00	0.30	0.08	0	|	rapi	0.26	0.30	0	|	94.0	0.30(94)	0.30(94)	|	1594	
594	499	ok	|	0.26	1.00	1.00	0.31	0.08	0	|	rapi	0.26	0.31	0	|	94.0	0.31(94)	0.31(94)	|	1594	
594	500	ok	|	0.28	1.00	1.00	0.32	0.08	0	|	rapi	0.28	0.32	0	|	94.0	0.32(94)	0.32(94)	|	1594	
594	501	ok	|	0.26	1.00	1.00	0.31	0.08	0	|	rapi	0.26	0.31	0	|	94.0	0.31(94)	0.31(94)	|	1594	
594	502	ok	|	0.28	1.00	1.00	0.34	0.08	0	|	rapi	0.28	0.34	0	|	94.0	0.34(94)	0.34(94)	|	1594	
594	503	ok	|	0.27	1.00	1.00	0.32	0.08	0	|	rapi	0.27	0.32	0	|	94.0	0.32(94)	0.32(94)	|	1594	
594	504	ok	|	0.25	1.00	1.00	0.29	0.07	0	|	rapi	0.25	0.29	0	|	94.0	0.29(94)	0.29(94)	|	1594	
594	505	ok	|	0.23	1.00	1.00	0.26	0.07	0	|	rapi	0.23	0.26	0	|	94.0	0.26(94)	0.26(94)	|	1594	
594	506	ok	|	0.24	1.00	1.00	0.28	0.07	0	|	rapi	0.24	0.28	0	|	94.0	0.28(94)	0.28(94)	|	1594	
594	507	ok	|	0.24	1.00	1.00	0.28	0.07	0	|	rapi	0.24	0.28	0	|	94.0	0.28(94)	0.28(94)	|	1594	
594	508	ok	|	0.24	1.00	1.00	0.28	0.07	0	|	rapi	0.24	0.28	0	|	94.0	0.28(94)	0.28(94)	|	1594	
594	509	ok	|	0.23	1.00	1.00	0.26	0.07	0	|	rapi	0.23	0.26	0	|	94.0	0.26(94)	0.26(94)	|	1594	
594	510	ok	|	0.23	1.00	1.00	0.25	0.06	0	|	rapi	0.23	0.25	0	|	94.0	0.25(94)	0.25(94)	|	1594	
594	511	ok	|	0.23	1.00	1.00	0.27	0.07	0	|	rapi	0.23	0.27	0	|	94.0	0.27(94)	0.27(94)	|	1594	
594	512	ok	|	0.22	1.00	1.00	0.26	0.06	0	|	rapi	0.22	0.26	0	|	94.0	0.26(94)	0.26(94)	|	1594	
594	513	ok	|	0.23	1.00	1.00	0.25	0.06	0	|	rapi	0.23	0.25	0	|	94.0	0.25(94)	0.25(94)	|	1594	
594	514	ok	|	0.22	1.00	1.00	0.24	0.06	0	|	rapi	0.22	0.24	0	|	94.0	0.24(94)	0.24(94)	|	1594	
594	515	ok	|	0.21	1.00	1.00	0.24	0.06	0	|	rapi	0.21	0.24	0	|	94.0	0.24(94)	0.24(94)	|	1594	
594	516	ok	|	0.22	1.00	1.00	0.24	0.06	0	|	rapi	0.22	0.24	0	|	94.0	0.24(94)	0.24(94)	|	1594	
594	517	ok	|	0.23	1.00	1.00	0.25	0.06	0	|	rapi	0.23	0.25	0	|	94.0	0.25(94)	0.25(94)	|	1594	
594	518	ok	|	0.21	1.00	1.00	0.23	0.06	0	|	rapi	0.21	0.23	0	|	94.0	0.23(94)	0.23(94)	|	1594	
594	519	ok	|	0.22	1.00	1.00	0.23	0.06	0	|	rapi	0.22	0.23	0	|	94.0	0.23(94)	0.23(94)	|	1594	
594	520	ok	|	0.21	1.00	1.00	0.23	0.06	0	|	rapi	0.21	0.23	0	|	94.0	0.23(94)	0.23(94)	|	1594	
594	521	ok	|	0.22	1.00	1.00	0.23	0.06	0	|	rapi	0.22	0.23	0	|	94.0	0.23(94)	0.23(94)	|	1594	
594	522	ok	|	0.23	1.00	1.00	0.24	0.06	0	|	rapi	0.23	0.24	0	|	94.0	0.24(94)	0.24(94)	|	1594	
594	523	ok	|	0.21	1.00	1.00	0.22	0.06	0	|	rapi	0.21	0.22	0	|	94.0	0.22(94)	0.22(94)	|	1594	
594	524	ok	|	0.21	1.00	1.00	0.23	0.06	0	|	rapi	0.21	0.23	0	|	94.0	0.23(94)	0.23(94)	|	1594	
594	525	ok	|	0.21	1.00	1.00	0.22	0.05	0	|	rapi	0.21	0.22	0	|	94.0	0.22(94)	0.22(94)	|	1594	
594	526	ok	|	0.19	1.00	1.00	0.20	0.05	0	|	rapi	0.19	0.20	0	|	94.0	0.20(94)	0.20(94)	|	1594	
594	527	ok	|	0.19	1.00	1.00	0.20	0.05	0	|	rapi	0.19	0.20	0	|	94.0	0.20(94)	0.20(94)	|	1594	
594	528	ok	|	0.19	1.00	1.00	0.21	0.05	0	|	rapi	0.19	0.21	0	|	94.0	0.21(94)	0.21(94)	|	1594	
594	529	ok	|	0.19	1.00	1.00	0.20	0.05	0	|	rapi	0.19	0.20	0	|	94.0	0.20(94)	0.20(94)	|	1594	
594	530	ok	|	0.19	1.00	1.00	0.20	0.05	0	|	rapi	0.19	0.20	0	|	94.0	0.20(94)	0.20(94)	|	1594	
594	531	ok	|	0.21	1.00	1.00	0.21	0.05	0	|	rapi	0.21	0.21	0	|	94.0	0.21(94)	0.21(94)	|	1594	
594	532	ok	|	0.20	1.00	1.00	0.21	0.05	0	|	rapi	0.20	0.21	0	|	94.0	0.21(94)	0.21(94)	|	1594	
594	533	ok	|	0.19	1.00	1.00	0.20	0.05	0	|	rapi	0.19	0.20	0	|	94.0	0.20(94)	0.20(94)	|	1594	
594	534	ok	|	0.17	1.00	1.00	0.18	0.04	0	|	rapi	0.17	0.18	0	|	94.0	0.18(94)	0.18(94)	|	1594	
594	535	ok	|	0.15	1.00	1.00	0.17	0.04	0	|	rapi	0.15	0.17	0	|	94.0	0.17(94)	0.17(94)	|	1594	
594	536	ok	|	0.16	1.00	1.00	0.17	0.04	0	|	rapi	0.16	0.17	0	|	94.0	0.17(94)	0.17(94)	|	1594	
594	537	ok	|	0.15	1.00	1.00	0.16	0.04	0	|	rapi	0.15	0.16	0	|	94.0	0.16(94)	0.16(94)	|	1594	
594	538	ok	|	0.13	1.00	1.00	0.13	0.03	0	|	rapi	0.13	0.13	0	|	94.0	0.13(94)	0.13(94)	|	1594	
594	539	ok	|	0.13	1.00	1.00	0.14	0.03	0	|	rapi	0.13	0.14	0	|	94.0	0.14(94)	0.14(94)	|	1594	
594	540	ok	|	0.14	1.00	1.00	0.14	0.03	0	|	rapi	0.14	0.14	0	|	94.0	0.14(94)	0.14(94)	|	1594	
594	541	ok	|	0.14	1.00	1.00	0.14	0.04	0	|	rapi	0.14	0.14	0	|	94.0	0.14(94)	0.14(94)	|	1594	
594	542	ok	|	0.15	1.00	1.00	0.15	0.04	0	|	rapi	0.15	0.15	0	|	94.0	0.15(94)	0.15(94)	|	1594	
594	543	ok	|	0.15	1.00	1.00	0.16	0.04	0	|	rapi	0.15	0.16	0	|	94.0	0.16(94)	0.16(94)	|	1594	
594	544	ok	|	0.14	1.00	1.00	0.14	0.04	0	|	rapi	0.14	0.14	0	|	94.0	0.14(94)	0.14(94)	|	1594	
594	545	ok	|	0.15	1.00	1.00	0.15	0.04	0	|	rapi	0.15	0.15	0	|	94.0	0.15(94)	0.15(94)	|	1594	
594	546	ok	|	0.14	1.00	1.00	0.14	0.04	0	|	rapi	0.14	0.14	0	|	94.0	0.14(94)	0.14(94)	|	1594	
594	547	ok	|	0.14	1.00	1.00	0.15	0.04	0	|	rapi	0.14	0.15	0	|	94.0	0.15(94)	0.15(94)	|	1594	
594	548	ok	|	0.14	1.00	1.00	0.15	0.04	0	|	rapi	0.14	0.15	0	|	94.0	0.15(94)	0.15(94)	|	1594	
594	549	ok	|	0.17	1.00	1.00	0.17	0.04	0	|	rapi	0.17	0.17	0	|	94.0	0.17(94)	0.17(94)	|	1594	
594	550	ok	|	0.16	1.00	1.00	0.16	0.04	0	|	rapi	0.16	0.16	0	|	94.0	0.16(94)	0.16(94)	|	1594	
594	551	ok	|	0.14	1.00	1.00	0.15	0.04	0	|	rapi	0.14	0.15	0	|	94.0	0.15(94)	0.15(94)	|	1594	
594	552	ok	|	0.13	1.00	1.00	0.13	0.03	0	|	rapi	0.13	0.13	0	|	94.0	0.13(94)	0.13(94)	|	1594	
594	553	ok	|	0.12	1.00	1.00	0.13	0.03	0	|	rapi	0.12	0.13	0	|	94.0	0.13(94)	0.13(94)	|	1594	
594	554	ok	|	0.11	1.00	1.00	0.12	0.03	0	|	rapi	0.11	0.12	0	|	94.0	0.12(94)	0.12(94)	|	1594	
594	555	ok	|	0.10	1.00	1.00	0.11	0.03	0	|	rapi	0.10	0.11	0	|	94.0	0.11(94)	0.11(94)	|	1594	
594	556	ok	|	0.09	1.00	1.00	0.10	0.02	0	|	rapi	0.09	0.10	0	|	94.0	0.10(94)	0.10(94)	|	1594	
594	557	ok	|	0.10	1.00	1.00	0.11	0.03	0	|	rapi	0.10	0.11	0	|	94.0	0.11(94)	0.11(94)	|	1594	
594	558	ok	|	0.10	1.00	1.00	0.10	0.03	0	|	rapi	0.10	0.10	0	|	94.0	0.10(94)	0.10(94)	|	1594	
594	559	ok	|	0.10	1.00	1.00	0.10	0.03	0	|	rapi	0.10	0.10	0	|	94.0	0.10(94)	0.10(94)	|	1594	
594	560	ok	|	0.09	1.00	1.00	0.10	0.03	0	|	rapi	0.09	0.10	0	|	94.0	0.10(94)	0.10(94)	|	1594	
594	561	ok	|	0.09	1.00	1.00	0.10	0.03	0	|	rapi	0.09	0.10	0	|	94.0	0.10(94)	0.10(94)	|	1594	
594	562	ok	|	0.09	1.00	1.00	0.10	0.03	0	|	rapi	0.09	0.10	0	|	94.0	0.10(94)	0.10(94)	|	1594	
594	563	ok	|	0.09	1.00	1.00	0.10	0.03	0	|	rapi	0.09	0.10	0	|	94.0	0.10(94)	0.10(94)	|	1594	
594	564	ok	|	0.08	1.00	1.00	0.09	0.02	0	|	rapi	0.08	0.09	0	|	94.0	0.09(94)	0.09(94)	|	1594	
594	565	ok	|	0.10	1.00	1.00	0.12	0.03	0	|	rapi	0.10	0.12	0	|	94.0	0.12(94)	0.12(94)	|	1594	
594	566	ok	|	0.12	1.00	1.00	0.14	0.03	0	|	rapi	0.12	0.14	0	|	94.0	0.14(94)	0.14(94)	|	1594	
594	567	ok	|	0.14	1.00	1.00	0.15	0.04	0	|	rapi	0.14	0.15	0	|	94.0	0.15(94)	0.15(94)	|	1594	
594	568	ok	|	0.13	1.00	1.00	0.15	0.04	0	|	rapi	0.13	0.15	0	|	94.0	0.15(94)	0.15(94)	|	1594	
594	569	ok	|	0.13	1.00	1.00	0.15	0.04	0	|	rapi	0.13	0.15	0	|	94.0	0.15(94)	0.15(94)	|	1594	
594	570	ok	|	0.16	1.00	1.00	0.19	0.05	0	|	rapi	0.16	0.19	0	|	94.0	0.19(94)	0.19(94)	|	1594	
594	571	ok	|	0.16	1.00	1.00	0.18	0.05	0	|	rapi	0.16	0.18	0	|	94.0	0.18(94)	0.18(94)	|	1594	
594	572	ok	|	0.13	1.00	1.00	0.16	0.04	0	|	rapi	0.13	0.16	0	|	94.0	0.16(94)	0.16(94)	|	1594	
594	573	ok	|	0.14	1.00	1.00	0.16	0.04	0	|	rapi	0.14	0.16	0	|	94.0	0.16(94)	0.16(94)	|	1594	
594	574	ok	|	0.14	1.00	1.00	0.15	0.04	0	|	rapi	0.14	0.15	0	|	94.0	0.15(94)	0.15(94)	|	1594	
594	575	ok	|	0.14	1.00	1.00	0.16	0.04	0	|	rapi	0.14	0.16	0	|	94.0	0.16(94)	0.16(94)	|	1594	
594	576	ok	|	0.14	1.00	1.00	0.16	0.04	0	|	rapi	0.14	0.16	0	|	94.0	0.16(94)	0.16(94)	|	1594	
594	577	ok	|	0.15	1.00	1.00	0.16	0.04	0	|	rapi	0.15	0.16	0	|	94.0	0.16(94)	0.16(94)	|	1594	
594	578	ok	|	0.13	1.00	1.00	0.14	0.03	0	|	rapi	0.13	0.14	0	|	94.0	0.14(94)	0.14(94)	|	1594	
594	579	ok	|	0.11	1.00	1.00	0.12	0.03	0	|	rapi	0.11	0.12	0	|	94.0	0.12(94)	0.12(94)	|	1594	
594	580	ok	|	0.10	1.00	1.00	0.12	0.03	0	|	rapi	0.10	0.12	0	|	94.0	0.12(94)	0.12(94)	|	1594	
594	581	ok	|	0.11	1.00	1.00	0.13	0.03	0	|	rapi	0.11	0.13	0	|	94.0	0.13(94)	0.13(94)	|	1594	
594	582	ok	|	0.11	1.00	1.00	0.11	0.03	0	|	rapi	0.11	0.11	0	|	94.0	0.11(94)	0.11(94)	|	1594	
594	583	ok	|	0.11	1.00	1.00	0.12	0.03	0	|	rapi	0.11	0.12	0	|	94.0	0.12(94)	0.12(94)	|	1594	
594	584	ok	|	0.12	1.00	1.00	0.13	0.03	0	|	rapi	0.12	0.13	0	|	94.0	0.13(94)	0.13(94)	|	1594	
594	585	ok	|	0.12	1.00	1.00	0.12	0.03	0	|	rapi	0.12	0.12	0	|	94.0	0.12(94)	0.12(94)	|	1594	
594	586	ok	|	0.11	1.00	1.00	0.11	0.03	0	|	rapi	0.11	0.11	0	|	94.0	0.11(94)	0.11(94)	|	1594	
594	587	ok	|	0.09	1.00	1.00	0.10	0.02	0	|	rapi	0.09	0.10	0	|	94.0	0.10(94)	0.10(94)	|	1594	
594	588	ok	|	0.09	1.00	1.00	0.09	0.02	0	|	rapi	0.09	0.09	0	|	94.0	0.09(94)	0.09(94)	|	1594	
594	589	ok	|	0.08	1.00	1.00	0.09	0.02	0	|	rapi	0.08	0.09	0	|	94.0	0.09(94)	0.09(94)	|	1594	
594	590	ok	|	0.09	1.00	1.00	0.09	0.02	0	|	rapi	0.09	0.09	0	|	94.0	0.09(94)	0.09(94)	|	1594	
594	591	ok	|	0.09	1.00	1.00	0.09	0.02	0	|	rapi	0.09	0.09	0	|	94.0	0.09(94)	0.09(94)	|	1594	
594	592	ok	|	0.09	1.00	1.00	0.09	0.02	0	|	rapi	0.09	0.09	0	|	94.0	0.09(94)	0.09(94)	|	1594	
594	593	ok	|	0.09	1.00	1.00	0.09	0.02	0	|	rapi	0.09	0.09	0	|	94.0	0.09(94)	0.09(94)	|	1594	
594	594	ok	|	0.09	1.00	1.00	0.09	0.02	0	|	rapi	0.09	0.09	0	|	94.0	0.09(94)	0.09(94)	|	1594	
594	595	ok	|	0.09	1.00	1.00	0.09	0.02	0	|	rapi	0.09	0.09	0	|	94.0	0.09(94)	0.09(94)	|	1594	
594	596	ok	|	0.08	1.00	1.00	0.09	0.02	0	|	rapi	0.08	0.09	0	|	94.0	0.09(94)	0.09(94)	|	1594	
594	597	ok	|	0.08	1.00	1.00	0.08	0.02	0	|	rapi	0.08	0.08	0	|	94.0	0.08(94)	0.08(94)	|	1594	
594	598	ok	|	0.08	1.00	1.00	0.08	0.02	0	|	rapi	0.08	0.08	0	|	94.0	0.08(94)	0.08(94)	|	1594	
594	599	ok	|	0.09	1.00	1.00	0.09	0.02	0	|	rapi	0.09	0.09	0	|	94.0	0.09(94)	0.09(94)	|	1594	
594	600	ok	|	0.09	1.00	1.00	0.10	0.03	0	|	rapi	0.09	0.10	0	|	94.0	0.10(94)	0.10(94)	|	1594	
594	601	ok	|	0.10	1.00	1.00	0.10	0.03	0	|	rapi	0.10	0.10	0	|	94.0	0.10(94)	0.10(94)	|	1594	
594	602	ok	|	0.10	1.00	1.00	0.11	0.03	0	|	rapi	0.10	0.11	0	|	94.0	0.11(94)	0.11(94)	|	1594	
594	603	ok	|	0.10	1.00	1.00	0.11	0.03	0	|	rapi	0.10	0.11	0	|	94.0	0.11(94)	0.11(94)	|	1594	
594	604	ok	|	0.09	1.00	1.00	0.10	0.02	0	|	rapi	0.09	0.10	0	|	94.0	0.10(94)	0.10(94)	|	1594	
594	605	ok	|	0.10	1.00	1.00	0.10	0.03	0	|	rapi	0.10	0.10	0	|	94.0	0.10(94)	0.10(94)	|	1594	
594	606	ok	|	0.10	1.00	1.00	0.11	0.03	0	|	rapi	0.10	0.11	0	|	94.0	0.11(94)	0.11(94)	|	1594	
594	607	ok	|	0.09	1.00	1.00	0.10	0.02	0	|	rapi	0.09	0.10	0	|	94.0	0.10(94)	0.10(94)	|	1594	
594	608	ok	|	0.09	1.00	1.00	0.10	0.02	0	|	rapi	0.09	0.10	0	|	94.0	0.10(94)	0.10(94)	|	1594	
594	609	ok	|	0.10	1.00	1.00	0.10	0.03	0	|	rapi	0.10	0.10	0	|	94.0	0.10(94)	0.10(94)	|	1594	
594	610	ok	|	0.09	1.00	1.00	0.10	0.03	0	|	rapi	0.09	0.10	0	|	94.0	0.10(94)	0.10(94)	|	1594	
594	611	ok	|	0.09	1.00	1.00	0.09	0.02	0	|	rapi	0.09	0.09	0	|	94.0	0.09(94)	0.09(94)	|	1594	
594	612	ok	|	0.11	1.00	1.00	0.11	0.03	0	|	rapi	0.11	0.11	0	|	94.0	0.11(94)	0.11(94)	|	1594	
594	613	ok	|	0.10	1.00	1.00	0.11	0.03	0	|	rapi	0.10	0.11	0	|	94.0	0.11(94)	0.11(94)	|	1594	
594	614	ok	|	0.10	1.00	1.00	0.11	0.03	0	|	rapi	0.10	0.11	0	|	94.0	0.11(94)	0.11(94)	|	1594	
594	615	ok	|	0.12	1.00	1.00	0.12	0.03	0	|	rapi	0.12	0.12	0	|	94.0	0.12(94)	0.12(94)	|	1594	
594	616	ok	|	0.11	1.00	1.00	0.12	0.03	0	|	rapi	0.11	0.12	0	|	94.0	0.12(94)	0.12(94)	|	1594	
594	617	ok	|	0.12	1.00	1.00	0.13	0.03	0	|	rapi	0.12	0.13	0	|	94.0	0.13(94)	0.13(94)	|	1594	
594	618	ok	|	0.12	1.00	1.00	0.13	0.06	0	|	rapi	0.12	0.13	0	|	94.0	0.13(94)	0.13(94)	|	1594	
594	619	ok	|	0.13	1.00	1.00	0.13	0.07	0	|	rapi	0.13	0.13	0	|	94.0	0.13(94)	0.13(94)	|	1594	
594	620	ok	|	0.11	1.00	1.00	0.12	0.06	0	|	rapi	0.11	0.12	0	|	94.0	0.12(94)	0.12(94)	|	1594	
594	621	ok	|	0.12	1.00	1.00	0.12	0.06	0	|	rapi	0.12	0.12	0	|	94.0	0.12(94)	0.12(94)	|	1594	
594	622	ok	|	0.11	1.00	1.00	0.12	0.06	0	|	rapi	0.11	0.12	0	|	94.0	0.12(94)	0.12(94)	|	1594	
594	623	ok	|	0.10	1.00	1.00	0.11	0.05	0	|	rapi	0.10	0.11	0	|	94.0	0.11(94)	0.11(94)	|	1594	
594	624	ok	|	0.12	1.00	1.00	0.12	0.06	0	|	rapi	0.12	0.12	0	|	94.0	0.12(94)	0.12(94)	|	1594	
594	625	ok	|	0.12	1.00	1.00	0.12	0.06	0	|	rapi	0.12	0.12	0	|	94.0	0.12(94)	0.12(94)	|	1594	
594	626	ok	|	0.09	1.00	1.00	0.09	0.04	0	|	rapi	0.09	0.09	0	|	94.0	0.09(94)	0.09(94)	|	1594	
594	627	ok	|	0.08	1.00	1.00	0.08	0.04	0	|	rapi	0.08	0.08	0	|	94.0	0.08(94)	0.08(94)	|	1594	
594	628	ok	|	0.09	1.00	1.00	0.09	0.04	0	|	rapi	0.09	0.09	0	|	94.0	0.09(94)	0.09(94)	|	1594	
594	629	ok	|	0.07	1.00	1.00	0.07	0.04	0	|	rapi	0.07	0.07	0	|	94.0	0.07(94)	0.07(94)	|	1594	
594	630	ok	|	0.07	1.00	1.00	0.07	0.03	0	|	rapi	0.07	0.07	0	|	94.0	0.07(94)	0.07(94)	|	1594	
594	631	ok	|	0.07	1.00	1.00	0.08	0.04	0	|	rapi	0.07	0.08	0	|	94.0	0.08(94)	0.08(94)	|	1594	
594	632	ok	|	0.06	1.00	1.00	0.07	0.03	0	|	rapi	0.06	0.07	0	|	94.0	0.07(94)	0.07(94)	|	1594	
594	633	ok	|	0.06	1.00	1.00	0.07	0.03	0	|	rapi	0.06	0.07	0	|	94.0	0.07(94)	0.07(94)	|	1594	
594	634	ok	|	0.07	1.00	1.00	0.07	0.03	0	|	rapi	0.07	0.07	0	|	94.0	0.07(94)	0.07(94)	|	1594	
594	635	ok	|	0.05	1.00	1.00	0.05	0.02	0	|	rapi	0.05	0.05	0	|	94.0	0.05(94)	0.05(94)	|	1594	
594	636	ok	|	0.04	1.00	1.00	0.04	0.02	0	|	rapi	0.04	0.04	0	|	94.0	0.04(94)	0.04(94)	|	1594	
594	637	ok	|	0.04	1.00	1.00	0.04	0.02	0	|	rapi	0.04	0.04	0	|	94.0	0.04(94)	0.04(94)	|	1594	
594	638	ok	|	0.05	1.00	1.00	0.05	0.02	0	|	rapi	0.05	0.05	0	|	94.0	0.05(94)	0.05(94)	|	1594	
594	639	ok	|	0.04	1.00	1.00	0.04	0.02	0	|	rapi	0.04	0.04	0	|	94.0	0.04(94)	0.04(94)	|	1594	
594	640	ok	|	0.04	1.00	1.00	0.04	0.02	0	|	rapi	0.04	0.04	0	|	94.0	0.04(94)	0.04(94)	|	1594	
594	641	ok	|	0.03	1.00	1.00	0.03	0.02	0	|	rapi	0.03	0.03	0	|	94.0	0.03(94)	0.03(94)	|	1594	
594	642	ok	|	0.03	1.00	1.00	0.03	0.02	0	|	rapi	0.03	0.03	0	|	94.0	0.03(94)	0.03(94)	|	1594	
594	643	ok	|	0.03	1.00	1.00	0.03	0.01	0	|	rapi	0.03	0.03	0	|	94.0	0.03(94)	0.03(94)	|	1594	
594	644	ok	|	0.03	1.00	1.00	0.03	0.01	0	|	rapi	0.03	0.03	0	|	94.0	0.03(94)	0.03(94)	|	1594	
594	645	ok	|	0.04	1.00	1.00	0.04	0.02	0	|	rapi	0.04	0.04	0	|	94.0	0.04(94)	0.04(94)	|	1594	
594	646	ok	|	0.04	1.00	1.00	0.04	0.02	0	|	rapi	0.04	0.04	0	|	94.0	0.04(94)	0.04(94)	|	1594	
594	647	ok	|	0.03	1.00	1.00	0.03	0.01	0	|	rapi	0.03	0.03	0	|	94.0	0.03(94)	0.03(94)	|	1594	
594	648	ok	|	0.03	1.00	1.00	0.03	0.02	0	|	rapi	0.03	0.03	0	|	94.0	0.03(94)	0.03(94)	|	1594	
594	649	ok	|	0.03	1.00	1.00	0.03	0.01	0	|	rapi	0.03	0.03	0	|	94.0	0.03(94)	0.03(94)	|	1594	
594	650	ok	|	0.03	1.00	1.00	0.03	0.01	0	|	rapi	0.03	0.03	0	|	94.0	0.03(94)	0.03(94)	|	1594	
594	651	ok	|	0.03	1.00	1.00	0.03	0.01	0	|	rapi	0.03	0.03	0	|	94.0	0.03(94)	0.03(94)	|	1594	
594	652	ok	|	0.04	1.00	1.00	0.04	0.02	0	|	rapi	0.04	0.04	0	|	94.0	0.04(94)	0.04(94)	|	1594	
594	653	ok	|	0.03	1.00	1.00	0.03	0.01	0	|	rapi	0.03	0.03	0	|	94.0	0.03(94)	0.03(94)	|	1594	
594	654	ok	|	0.03	1.00	1.00	0.03	0.01	0	|	rapi	0.03	0.03	0	|	94.0	0.03(94)	0.03(94)	|	1594	
594	655	ok	|	0.03	1.00	1.00	0.03	0.02	0	|	rapi	0.03	0.03	0	|	94.0	0.03(94)	0.03(94)	|	1594	
594	656	ok	|	0.02	1.00	1.00	0.02	0.01	0	|	rapi	0.02	0.02	0	|	94.0	0.02(94)	0.02(94)	|	1594	
594	657	ok	|	0.02	1.00	1.00	0.02	0.01	0	|	rapi	0.02	0.02	0	|	94.0	0.02(94)	0.02(94)	|	1594	
594	658	ok	|	0.03	1.00	1.00	0.03	0.02	0	|	rapi	0.03	0.03	0	|	94.0	0.03(94)	0.03(94)	|	1594	
594	659	ok	|	0.04	1.00	1.00	0.04	0.02	0	|	rapi	0.04	0.04	0	|	94.0	0.04(94)	0.04(94)	|	1594	
594	660	ok	|	0.03	1.00	1.00	0.04	0.02	0	|	rapi	0.03	0.04	0	|	94.0	0.04(94)	0.04(94)	|	1594	
594	661	ok	|	0.04	1.00	1.00	0.04	0.02	0	|	rapi	0.04	0.04	0	|	94.0	0.04(94)	0.04(94)	|	1594	
594	662	ok	|	0.04	1.00	1.00	0.04	0.02	0	|	rapi	0.04	0.04	0	|	94.0	0.04(94)	0.04(94)	|	1594	
594	663	ok	|	0.03	1.00	1.00	0.03	0.02	0	|	rapi	0.03	0.03	0	|	94.0	0.03(94)	0.03(94)	|	1594	
594	664	ok	|	0.03	1.00	1.00	0.03	0.02	0	|	rapi	0.03	0.03	0	|	94.0	0.03(94)	0.03(94)	|	1594	
594	665	ok	|	0.04	1.00	1.00	0.04	0.02	0	|	rapi	0.04	0.04	0	|	94.0	0.04(94)	0.04(94)	|	1594	
594	666	ok	|	0.04	1.00	1.00	0.04	0.02	0	|	rapi	0.04	0.04	0	|	94.0	0.04(94)	0.04(94)	|	1594	
594	667	ok	|	0.05	1.00	1.00	0.05	0.02	0	|	rapi	0.05	0.05	0	|	94.0	0.05(94)	0.05(94)	|	1594	
594	668	ok	|	0.05	1.00	1.00	0.05	0.03	0	|	rapi	0.05	0.05	0	|	94.0	0.05(94)	0.05(94)	|	1594	
594	669	ok	|	0.06	1.00	1.00	0.06	0.03	0	|	rapi	0.06	0.06	0	|	94.0	0.06(94)	0.06(94)	|	1594	
594	670	ok	|	0.05	1.00	1.00	0.05	0.03	0	|	rapi	0.05	0.05	0	|	94.0	0.05(94)	0.05(94)	|	1594	
594	671	ok	|	0.05	1.00	1.00	0.05	0.03	0	|	rapi	0.05	0.05	0	|	94.0	0.05(94)	0.05(94)	|	1594	
594	672	ok	|	0.07	1.00	1.00	0.07	0.04	0	|	rapi	0.07	0.07	0	|	94.0	0.07(94)	0.07(94)	|	1594	
594	673	ok	|	0.09	1.00	1.00	0.09	0.04	0	|	rapi	0.09	0.09	0	|	94.0	0.09(94)	0.09(94)	|	1594	
594	674	ok	|	0.09	1.00	1.00	0.09	0.05	0	|	rapi	0.09	0.09	0	|	94.0	0.09(94)	0.09(94)	|	1594	
594	675	ok	|	0.09	1.00	1.00	0.09	0.05	0	|	rapi	0.09	0.09	0	|	94.0	0.09(94)	0.09(94)	|	1594	
594	676	ok	|	0.09	1.00	1.00	0.09	0.04	0	|	rapi	0.09	0.09	0	|	94.0	0.09(94)	0.09(94)	|	1594	
594	677	ok	|	0.08	1.00	1.00	0.09	0.04	0	|	rapi	0.08	0.09	0	|	94.0	0.09(94)	0.09(94)	|	1594	
594	678	ok	|	0.09	1.00	1.00	0.09	0.05	0	|	rapi	0.09	0.09	0	|	94.0	0.09(94)	0.09(94)	|	1594	
594	679	ok	|	0.08	1.00	1.00	0.08	0.04	0	|	rapi	0.08	0.08	0	|	94.0	0.08(94)	0.08(94)	|	1594	
594	680	ok	|	0.07	1.00	1.00	0.07	0.04	0	|	rapi	0.07	0.07	0	|	94.0	0.07(94)	0.07(94)	|	1594	
594	681	ok	|	0.09	1.00	1.00	0.09	0.04	0	|	rapi	0.09	0.09	0	|	94.0	0.09(94)	0.09(94)	|	1594	
594	682	ok	|	0.09	1.00	1.00	0.09	0.04	0	|	rapi	0.09	0.09	0	|	94.0	0.09(94)	0.09(94)	|	1594	
594	683	ok	|	0.09	1.00	1.00	0.09	0.04	0	|	rapi	0.09	0.09	0	|	94.0	0.09(94)	0.09(94)	|	1594	
594	684	ok	|	0.10	1.00	1.00	0.10	0.05	0	|	rapi	0.10	0.10	0	|	94.0	0.10(94)	0.10(94)	|	1594	
594	685	ok	|	0.12	1.00	1.00	0.12	0.06	0	|	rapi	0.12	0.12	0	|	94.0	0.12(94)	0.12(94)	|	1594	
594	686	ok	|	0.10	1.00	1.00	0.10	0.05	0	|	rapi	0.10	0.10	0	|	94.0	0.10(94)	0.10(94)	|	1594	
594	687	ok	|	0.09	1.00	1.00	0.10	0.05	0	|	rapi	0.09	0.10	0	|	94.0	0.10(94)	0.10(94)	|	1594	
594	688	ok	|	0.10	1.00	1.00	0.10	0.05	0	|	rapi	0.10	0.10	0	|	94.0	0.10(94)	0.10(94)	|	1594	
594	689	ok	|	0.10	1.00	1.00	0.11	0.06	0	|	rapi	0.10	0.11	0	|	94.0	0.11(94)	0.11(94)	|	1594	
594	690	ok	|	0.10	1.00	1.00	0.10	0.05	0	|	rapi	0.10	0.10	0	|	94.0	0.10(94)	0.10(94)	|	1594	
594	691	ok	|	0.11	1.00	1.00	0.12	0.06	0	|	rapi	0.11	0.12	0	|	94.0	0.12(94)	0.12(94)	|	1594	
594	692	ok	|	0.13	1.00	1.00	0.13	0.06	0	|	rapi	0.13	0.13	0	|	94.0	0.13(94)	0.13(94)	|	1594	
594	693	ok	|	0.12	1.00	1.00	0.13	0.06	0	|	rapi	0.12	0.13	0	|	94.0	0.13(94)	0.13(94)	|	1594	
594	694	ok	|	0.11	1.00	1.00	0.11	0.06	0	|	rapi	0.11	0.11	0	|	94.0	0.11(94)	0.11(94)	|	1594	
594	695	ok	|	0.11	1.00	1.00	0.12	0.06	0	|	rapi	0.11	0.12	0	|	94.0	0.12(94)	0.12(94)	|	1594	
594	696	ok	|	0.11	1.00	1.00	0.11	0.06	0	|	rapi	0.11	0.11	0	|	94.0	0.11(94)	0.11(94)	|	1594	
594	697	ok	|	0.11	1.00	1.00	0.11	0.06	0	|	rapi	0.11	0.11	0	|	94.0	0.11(94)	0.11(94)	|	1594	
594	698	ok	|	0.12	1.00	1.00	0.13	0.06	0	|	rapi	0.12	0.13	0	|	94.0	0.13(94)	0.13(94)	|	1594	
594	699	ok	|	0.12	1.00	1.00	0.13	0.06	0	|	rapi	0.12	0.13	0	|	94.0	0.13(94)	0.13(94)	|	1594	
594	700	ok	|	0.14	1.00	1.00	0.14	0.07	0	|	rapi	0.14	0.14	0	|	94.0	0.14(94)	0.14(94)	|	1594	
594	701	ok	|	0.12	1.00	1.00	0.13	0.06	0	|	rapi	0.12	0.13	0	|	94.0	0.13(94)	0.13(94)	|	1594	
594	702	ok	|	0.13	1.00	1.00	0.13	0.07	0	|	rapi	0.13	0.13	0	|	94.0	0.13(94)	0.13(94)	|	1594	
594	703	ok	|	0.12	1.00	1.00	0.12	0.06	0	|	rapi	0.12	0.12	0	|	94.0	0.12(94)	0.12(94)	|	1594	
594	704	ok	|	0.11	1.00	1.00	0.12	0.06	0	|	rapi	0.11	0.12	0	|	94.0	0.12(94)	0.12(94)	|	1594	
594	705	ok	|	0.11	1.00	1.00	0.12	0.06	0	|	rapi	0.11	0.12	0	|	94.0	0.12(94)	0.12(94)	|	1594	
594	706	ok	|	0.13	1.00	1.00	0.14	0.07	0	|	rapi	0.13	0.14	0	|	94.0	0.14(94)	0.14(94)	|	1594	
594	707	ok	|	0.14	1.00	1.00	0.14	0.07	0	|	rapi	0.14	0.14	0	|	94.0	0.14(94)	0.14(94)	|	1594	
594	708	ok	|	0.15	1.00	1.00	0.16	0.08	0	|	rapi	0.15	0.16	0	|	94.0	0.16(94)	0.16(94)	|	1594	
594	709	ok	|	0.16	1.00	1.00	0.17	0.08	0	|	rapi	0.16	0.17	0	|	94.0	0.17(94)	0.17(94)	|	1594	
594	710	ok	|	0.14	1.00	1.00	0.14	0.07	0	|	rapi	0.14	0.14	0	|	94.0	0.14(94)	0.14(94)	|	1594	
594	711	ok	|	0.15	1.00	1.00	0.15	0.08	0	|	rapi	0.15	0.15	0	|	94.0	0.15(94)	0.15(94)	|	1594	
594	712	ok	|	0.14	1.00	1.00	0.14	0.07	0	|	rapi	0.14	0.14	0	|	94.0	0.14(94)	0.14(94)	|	1594	
594	713	ok	|	0.14	1.00	1.00	0.15	0.07	0	|	rapi	0.14	0.15	0	|	94.0	0.15(94)	0.15(94)	|	1594	
594	714	ok	|	0.14	1.00	1.00	0.15	0.07	0	|	rapi	0.14	0.15	0	|	94.0	0.15(94)	0.15(94)	|	1594	
594	715	ok	|	0.14	1.00	1.00	0.15	0.07	0	|	rapi	0.14	0.15	0	|	94.0	0.15(94)	0.15(94)	|	1594	
594	716	ok	|	0.16	1.00	1.00	0.16	0.08	0	|	rapi	0.16	0.16	0	|	94.0	0.16(94)	0.16(94)	|	1594	
594	717	ok	|	0.16	1.00	1.00	0.17	0.09	0	|	rapi	0.16	0.17	0	|	94.0	0.17(94)	0.17(94)	|	1594	
594	718	ok	|	0.18	1.00	1.00	0.19	0.09	0	|	rapi	0.18	0.19	0	|	94.0	0.19(94)	0.19(94)	|	1594	
594	719	ok	|	0.17	1.00	1.00	0.18	0.09	0	|	rapi	0.17	0.18	0	|	94.0	0.18(94)	0.18(94)	|	1594	
594	720	ok	|	0.16	1.00	1.00	0.17	0.09	0	|	rapi	0.16	0.17	0	|	94.0	0.17(94)	0.17(94)	|	1594	
594	721	ok	|	0.16	1.00	1.00	0.17	0.09	0	|	rapi	0.16	0.17	0	|	94.0	0.17(94)	0.17(94)	|	1594	
594	722	ok	|	0.15	1.00	1.00	0.16	0.08	0	|	rapi	0.15	0.16	0	|	94.0	0.16(94)	0.16(94)	|	1594	
594	723	ok	|	0.18	1.00	1.00	0.19	0.09	0	|	rapi	0.18	0.19	0	|	94.0	0.19(94)	0.19(94)	|	1594	
594	724	ok	|	0.18	1.00	1.00	0.19	0.09	0	|	rapi	0.18	0.19	0	|	94.0	0.19(94)	0.19(94)	|	1594	
594	725	ok	|	0.19	1.00	1.00	0.20	0.10	0	|	rapi	0.19	0.20	0	|	94.0	0.20(94)	0.20(94)	|	1594	
594	726	ok	|	0.19	1.00	1.00	0.20	0.10	0	|	rapi	0.19	0.20	0	|	94.0	0.20(94)	0.20(94)	|	1594	
594	727	ok	|	0.19	1.00	1.00	0.20	0.10	0	|	rapi	0.19	0.20	0	|	94.0	0.20(94)	0.20(94)	|	1594	
594	728	ok	|	0.20	1.00	1.00	0.21	0.11	0	|	rapi	0.20	0.21	0	|	94.0	0.21(94)	0.21(94)	|	1594	
594	729	ok	|	0.20	1.00	1.00	0.20	0.10	0	|	rapi	0.20	0.20	0	|	94.0	0.20(94)	0.20(94)	|	1594	
594	730	ok	|	0.19	1.00	1.00	0.21	0.10	0	|	rapi	0.19	0.21	0	|	94.0	0.21(94)	0.21(94)	|	1594	
594	731	ok	|	0.20	1.00	1.00	0.21	0.11	0	|	rapi	0.20	0.21	0	|	94.0	0.21(94)	0.21(94)	|	1594	
594	732	ok	|	0.20	1.00	1.00	0.21	0.11	0	|	rapi	0.20	0.21	0	|	94.0	0.21(94)	0.21(94)	|	1594	
594	733	ok	|	0.20	1.00	1.00	0.21	0.11	0	|	rapi	0.20	0.21	0	|	94.0	0.21(94)	0.21(94)	|	1594	
594	734	ok	|	0.19	1.00	1.00	0.20	0.10	0	|	rapi	0.19	0.20	0	|	94.0	0.20(94)	0.20(94)	|	1594	
594	735	ok	|	0.21	1.00	1.00	0.21	0.11	0	|	rapi	0.21	0.21	0	|	94.0	0.21(94)	0.21(94)	|	1594	
594	736	ok	|	0.20	1.00	1.00	0.20	0.10	0	|	rapi	0.20	0.20	0	|	94.0	0.20(94)	0.20(94)	|	1594	
594	737	ok	|	0.18	1.00	1.00	0.19	0.10	0	|	rapi	0.18	0.19	0	|	94.0	0.19(94)	0.19(94)	|	1594	
594	738	ok	|	0.18	1.00	1.00	0.18	0.09	0	|	rapi	0.18	0.18	0	|	94.0	0.18(94)	0.18(94)	|	1594	
594	739	ok	|	0.18	1.00	1.00	0.19	0.09	0	|	rapi	0.18	0.19	0	|	94.0	0.19(94)	0.19(94)	|	1594	
594	740	ok	|	0.19	1.00	1.00	0.20	0.10	0	|	rapi	0.19	0.20	0	|	94.0	0.20(94)	0.20(94)	|	1594	
594	741	ok	|	0.18	1.00	1.00	0.19	0.09	0	|	rapi	0.18	0.19	0	|	94.0	0.19(94)	0.19(94)	|	1594	
594	742	ok	|	0.18	1.00	1.00	0.19	0.09	0	|	rapi	0.18	0.19	0	|	94.0	0.19(94)	0.19(94)	|	1594	
594	743	ok	|	0.19	1.00	1.00	0.19	0.10	0	|	rapi	0.19	0.19	0	|	94.0	0.19(94)	0.19(94)	|	1594	
594	744	ok	|	0.18	1.00	1.00	0.20	0.10	0	|	rapi	0.18	0.20	0	|	94.0	0.20(94)	0.20(94)	|	1594	
594	745	ok	|	0.18	1.00	1.00	0.19	0.10	0	|	rapi	0.18	0.19	0	|	94.0	0.19(94)	0.19(94)	|	1594	
594	746	ok	|	0.18	1.00	1.00	0.19	0.10	0	|	rapi	0.18	0.19	0	|	94.0	0.19(94)	0.19(94)	|	1594	
594	747	ok	|	0.20	1.00	1.00	0.21	0.11	0	|	rapi	0.20	0.21	0	|	94.0	0.21(94)	0.21(94)	|	1594	
594	748	ok	|	0.21	1.00	1.00	0.22	0.11	0	|	rapi	0.21	0.22	0	|	94.0	0.22(94)	0.22(94)	|	1594	
594	749	ok	|	0.23	1.00	1.00	0.24	0.12	0	|	rapi	0.23	0.24	0	|	94.0	0.24(94)	0.24(94)	|	1594	
594	750	ok	|	0.23	1.00	1.00	0.25	0.13	0	|	rapi	0.23	0.25	0	|	94.0	0.25(94)	0.25(94)	|	1594	
594	751	ok	|	0.23	1.00	1.00	0.25	0.12	0	|	rapi	0.23	0.25	0	|	94.0	0.25(94)	0.25(94)	|	1594	
594	752	ok	|	0.21	1.00	1.00	0.22	0.11	0	|	rapi	0.21	0.22	0	|	94.0	0.22(94)	0.22(94)	|	1594	
594	753	ok	|	0.21	1.00	1.00	0.22	0.11	0	|	rapi	0.21	0.22	0	|	94.0	0.22(94)	0.22(94)	|	1594	
594	754	ok	|	0.20	1.00	1.00	0.21	0.11	0	|	rapi	0.20	0.21	0	|	94.0	0.21(94)	0.21(94)	|	1594	
594	755	ok	|	0.17	1.00	1.00	0.17	0.09	0	|	rapi	0.17	0.17	0	|	94.0	0.17(94)	0.17(94)	|	1594	
594	756	ok	|	0.17	1.00	1.00	0.17	0.09	0	|	rapi	0.17	0.17	0	|	94.0	0.17(94)	0.17(94)	|	1594	
594	757	ok	|	0.16	1.00	1.00	0.17	0.08	0	|	rapi	0.16	0.17	0	|	94.0	0.17(94)	0.17(94)	|	1594	
594	758	ok	|	0.15	1.00	1.00	0.16	0.08	0	|	rapi	0.15	0.16	0	|	94.0	0.16(94)	0.16(94)	|	1594	
594	759	ok	|	0.15	1.00	1.00	0.15	0.08	0	|	rapi	0.15	0.15	0	|	94.0	0.15(94)	0.15(94)	|	1594	
594	760	ok	|	0.16	1.00	1.00	0.17	0.09	0	|	rapi	0.16	0.17	0	|	94.0	0.17(94)	0.17(94)	|	1594	
594	761	ok	|	0.17	1.00	1.00	0.18	0.09	0	|	rapi	0.17	0.18	0	|	94.0	0.18(94)	0.18(94)	|	1594	
594	762	ok	|	0.18	1.00	1.00	0.18	0.09	0	|	rapi	0.18	0.18	0	|	94.0	0.18(94)	0.18(94)	|	1594	
594	763	ok	|	0.16	1.00	1.00	0.17	0.09	0	|	rapi	0.16	0.17	0	|	94.0	0.17(94)	0.17(94)	|	1594	
594	764	ok	|	0.17	1.00	1.00	0.17	0.09	0	|	rapi	0.17	0.17	0	|	94.0	0.17(94)	0.17(94)	|	1594	
594	765	ok	|	0.16	1.00	1.00	0.17	0.09	0	|	rapi	0.16	0.17	0	|	94.0	0.17(94)	0.17(94)	|	1594	
594	766	ok	|	0.18	1.00	1.00	0.19	0.09	0	|	rapi	0.18	0.19	0	|	94.0	0.19(94)	0.19(94)	|	1594	
594	767	ok	|	0.18	1.00	1.00	0.19	0.10	0	|	rapi	0.18	0.19	0	|	94.0	0.19(94)	0.19(94)	|	1594	
594	768	ok	|	0.17	1.00	1.00	0.18	0.09	0	|	rapi	0.17	0.18	0	|	94.0	0.18(94)	0.18(94)	|	1594	
594	769	ok	|	0.16	1.00	1.00	0.17	0.08	0	|	rapi	0.16	0.17	0	|	94.0	0.17(94)	0.17(94)	|	1594	
594	770	ok	|	0.15	1.00	1.00	0.16	0.08	0	|	rapi	0.15	0.16	0	|	94.0	0.16(94)	0.16(94)	|	1594	
594	771	ok	|	0.13	1.00	1.00	0.13	0.07	0	|	rapi	0.13	0.13	0	|	94.0	0.13(94)	0.13(94)	|	1594	
594	772	ok	|	0.13	1.00	1.00	0.14	0.07	0	|	rapi	0.13	0.14	0	|	94.0	0.14(94)	0.14(94)	|	1594	
594	773	ok	|	0.14	1.00	1.00	0.15	0.07	0	|	rapi	0.14	0.15	0	|	94.0	0.15(94)	0.15(94)	|	1594	
594	774	ok	|	0.15	1.00	1.00	0.16	0.08	0	|	rapi	0.15	0.16	0	|	94.0	0.16(94)	0.16(94)	|	1594	
594	775	ok	|	0.16	1.00	1.00	0.17	0.09	0	|	rapi	0.16	0.17	0	|	94.0	0.17(94)	0.17(94)	|	1594	
594	776	ok	|	0.16	1.00	1.00	0.17	0.09	0	|	rapi	0.16	0.17	0	|	94.0	0.17(94)	0.17(94)	|	1594	
594	777	ok	|	0.17	1.00	1.00	0.18	0.09	0	|	rapi	0.17	0.18	0	|	94.0	0.18(94)	0.18(94)	|	1594	
594	778	ok	|	0.17	1.00	1.00	0.18	0.09	0	|	rapi	0.17	0.18	0	|	94.0	0.18(94)	0.18(94)	|	1594	
594	779	ok	|	0.16	1.00	1.00	0.17	0.08	0	|	rapi	0.16	0.17	0	|	94.0	0.17(94)	0.17(94)	|	1594	
594	780	ok	|	0.16	1.00	1.00	0.16	0.08	0	|	rapi	0.16	0.16	0	|	94.0	0.16(94)	0.16(94)	|	1594	
594	781	ok	|	0.19	1.00	1.00	0.20	0.10	0	|	rapi	0.19	0.20	0	|	94.0	0.20(94)	0.20(94)	|	1594	
594	782	ok	|	0.17	1.00	1.00	0.18	0.09	0	|	rapi	0.17	0.18	0	|	94.0	0.18(94)	0.18(94)	|	1594	
594	783	ok	|	0.18	1.00	1.00	0.19	0.09	0	|	rapi	0.18	0.19	0	|	94.0	0.19(94)	0.19(94)	|	1594	
594	784	ok	|	0.17	1.00	1.00	0.18	0.09	0	|	rapi	0.17	0.18	0	|	94.0	0.18(94)	0.18(94)	|	1594	
594	785	ok	|	0.18	1.00	1.00	0.18	0.09	0	|	rapi	0.18	0.18	0	|	94.0	0.18(94)	0.18(94)	|	1594	
594	786	ok	|	0.19	1.00	1.00	0.20	0.10	0	|	rapi	0.19	0.20	0	|	94.0	0.20(94)	0.20(94)	|	1594	
594	787	ok	|	0.20	1.00	1.00	0.21	0.10	0	|	rapi	0.20	0.21	0	|	94.0	0.21(94)	0.21(94)	|	1594	
594	788	ok	|	0.18	1.00	1.00	0.19	0.10	0	|	rapi	0.18	0.19	0	|	94.0	0.19(94)	0.19(94)	|	1594	
594	789	ok	|	0.14	1.00	1.00	0.16	0.08	0	|	rapi	0.14	0.16	0	|	94.0	0.16(94)	0.16(94)	|	1594	
594	790	ok	|	0.16	1.00	1.00	0.17	0.08	0	|	rapi	0.16	0.17	0	|	94.0	0.17(94)	0.17(94)	|	1594	
594	791	ok	|	0.15	1.00	1.00	0.16	0.08	0	|	rapi	0.15	0.16	0	|	94.0	0.16(94)	0.16(94)	|	1594	
594	792	ok	|	0.17	1.00	1.00	0.19	0.09	0	|	rapi	0.17	0.19	0	|	94.0	0.19(94)	0.19(94)	|	1594	
594	793	ok	|	0.19	1.00	1.00	0.20	0.10	0	|	rapi	0.19	0.20	0	|	94.0	0.20(94)	0.20(94)	|	1594	
594	794	ok	|	0.20	1.00	1.00	0.21	0.10	0	|	rapi	0.20	0.21	0	|	94.0	0.21(94)	0.21(94)	|	1594	
594	795	ok	|	0.18	1.00	1.00	0.19	0.09	0	|	rapi	0.18	0.19	0	|	94.0	0.19(94)	0.19(94)	|	1594	
594	796	ok	|	0.17	1.00	1.00	0.19	0.09	0	|	rapi	0.17	0.19	0	|	94.0	0.19(94)	0.19(94)	|	1594	
594	797	ok	|	0.16	1.00	1.00	0.17	0.09	0	|	rapi	0.16	0.17	0	|	94.0	0.17(94)	0.17(94)	|	1594	
594	798	ok	|	0.17	1.00	1.00	0.18	0.09	0	|	rapi	0.17	0.18	0	|	94.0	0.18(94)	0.18(94)	|	1594	
594	799	ok	|	0.19	1.00	1.00	0.20	0.10	0	|	rapi	0.19	0.20	0	|	94.0	0.20(94)	0.20(94)	|	1594	
594	800	ok	|	0.20	1.00	1.00	0.21	0.10	0	|	rapi	0.20	0.21	0	|	94.0	0.21(94)	0.21(94)	|	1594	
594	801	ok	|	0.19	1.00	1.00	0.20	0.10	0	|	rapi	0.19	0.20	0	|	94.0	0.20(94)	0.20(94)	|	1594	
594	802	ok	|	0.19	1.00	1.00	0.20	0.10	0	|	rapi	0.19	0.20	0	|	94.0	0.20(94)	0.20(94)	|	1594	
594	803	ok	|	0.18	1.00	1.00	0.18	0.09	0	|	rapi	0.18	0.18	0	|	94.0	0.18(94)	0.18(94)	|	1594	
594	804	ok	|	0.18	1.00	1.00	0.18	0.09	0	|	rapi	0.18	0.18	0	|	94.0	0.18(94)	0.18(94)	|	1594	
594	805	ok	|	0.19	1.00	1.00	0.20	0.10	0	|	rapi	0.19	0.20	0	|	94.0	0.20(94)	0.20(94)	|	1594	
594	806	ok	|	0.19	1.00	1.00	0.20	0.10	0	|	rapi	0.19	0.20	0	|	94.0	0.20(94)	0.20(94)	|	1594	
594	807	ok	|	0.19	1.00	1.00	0.20	0.10	0	|	rapi	0.19	0.20	0	|	94.0	0.20(94)	0.20(94)	|	1594	
594	808	ok	|	0.20	1.00	1.00	0.21	0.10	0	|	rapi	0.20	0.21	0	|	94.0	0.21(94)	0.21(94)	|	1594	
594	809	ok	|	0.20	1.00	1.00	0.21	0.11	0	|	rapi	0.20	0.21	0	|	94.0	0.21(94)	0.21(94)	|	1594	
594	810	ok	|	0.19	1.00	1.00	0.20	0.10	0	|	rapi	0.19	0.20	0	|	94.0	0.20(94)	0.20(94)	|	1594	
594	811	ok	|	0.20	1.00	1.00	0.21	0.10	0	|	rapi	0.20	0.21	0	|	94.0	0.21(94)	0.21(94)	|	1594	
594	812	ok	|	0.18	1.00	1.00	0.19	0.09	0	|	rapi	0.18	0.19	0	|	94.0	0.19(94)	0.19(94)	|	1594	
594	813	ok	|	0.17	1.00	1.00	0.17	0.09	0	|	rapi	0.17	0.17	0	|	94.0	0.17(94)	0.17(94)	|	1594	
594	814	ok	|	0.16	1.00	1.00	0.16	0.08	0	|	rapi	0.16	0.16	0	|	94.0	0.16(94)	0.16(94)	|	1594	
594	815	ok	|	0.16	1.00	1.00	0.17	0.09	0	|	rapi	0.16	0.17	0	|	94.0	0.17(94)	0.17(94)	|	1594	
594	816	ok	|	0.17	1.00	1.00	0.18	0.09	0	|	rapi	0.17	0.18	0	|	94.0	0.18(94)	0.18(94)	|	1594	
594	817	ok	|	0.18	1.00	1.00	0.19	0.10	0	|	rapi	0.18	0.19	0	|	94.0	0.19(94)	0.19(94)	|	1594	
594	818	ok	|	0.17	1.00	1.00	0.19	0.09	0	|	rapi	0.17	0.19	0	|	94.0	0.19(94)	0.19(94)	|	1594	
594	819	ok	|	0.19	1.00	1.00	0.20	0.10	0	|	rapi	0.19	0.20	0	|	94.0	0.20(94)	0.20(94)	|	1594	
594	820	ok	|	0.18	1.00	1.00	0.19	0.10	0	|	rapi	0.18	0.19	0	|	94.0	0.19(94)	0.19(94)	|	1594	
594	821	ok	|	0.21	1.00	1.00	0.22	0.11	0	|	rapi	0.21	0.22	0	|	94.0	0.22(94)	0.22(94)	|	1594	
594	822	ok	|	0.23	1.00	1.00	0.24	0.12	0	|	rapi	0.23	0.24	0	|	94.0	0.24(94)	0.24(94)	|	1594	
594	823	ok	|	0.21	1.00	1.00	0.23	0.11	0	|	rapi	0.21	0.23	0	|	94.0	0.23(94)	0.23(94)	|	1594	
594	824	ok	|	0.23	1.00	1.00	0.25	0.12	0	|	rapi	0.23	0.25	0	|	94.0	0.25(94)	0.25(94)	|	1594	
594	825	ok	|	0.24	1.00	1.00	0.26	0.13	0	|	rapi	0.24	0.26	0	|	94.0	0.26(94)	0.26(94)	|	1594	
594	826	ok	|	0.25	1.00	1.00	0.27	0.14	0	|	rapi	0.25	0.27	0	|	94.0	0.27(94)	0.27(94)	|	1594	
594	827	ok	|	0.26	1.00	1.00	0.27	0.13	0	|	rapi	0.26	0.27	0	|	94.0	0.27(94)	0.27(94)	|	1594	
594	828	ok	|	0.24	1.00	1.00	0.26	0.13	0	|	rapi	0.24	0.26	0	|	94.0	0.26(94)	0.26(94)	|	1594	
594	829	ok	|	0.24	1.00	1.00	0.25	0.13	0	|	rapi	0.24	0.25	0	|	94.0	0.25(94)	0.25(94)	|	1594	
594	830	ok	|	0.24	1.00	1.00	0.26	0.13	0	|	rapi	0.24	0.26	0	|	94.0	0.26(94)	0.26(94)	|	1594	
594	831	ok	|	0.25	1.00	1.00	0.27	0.13	0	|	rapi	0.25	0.27	0	|	94.0	0.27(94)	0.27(94)	|	1594	
594	832	ok	|	0.23	1.00	1.00	0.25	0.13	0	|	rapi	0.23	0.25	0	|	94.0	0.25(94)	0.25(94)	|	1594	
594	833	ok	|	0.22	1.00	1.00	0.24	0.12	0	|	rapi	0.22	0.24	0	|	94.0	0.24(94)	0.24(94)	|	1594	
594	834	ok	|	0.26	1.00	1.00	0.28	0.14	0	|	rapi	0.26	0.28	0	|	94.0	0.28(94)	0.28(94)	|	1594	
594	835	ok	|	0.24	1.00	1.00	0.26	0.13	0	|	rapi	0.24	0.26	0	|	94.0	0.26(94)	0.26(94)	|	1594	
594	836	ok	|	0.24	1.00	1.00	0.26	0.13	0	|	rapi	0.24	0.26	0	|	94.0	0.26(94)	0.26(94)	|	1594	
594	837	ok	|	0.24	1.00	1.00	0.26	0.13	0	|	rapi	0.24	0.26	0	|	94.0	0.26(94)	0.26(94)	|	1594	
594	838	ok	|	0.24	1.00	1.00	0.26	0.13	0	|	rapi	0.24	0.26	0	|	94.0	0.26(94)	0.26(94)	|	1594	
594	839	ok	|	0.25	1.00	1.00	0.26	0.13	0	|	rapi	0.25	0.26	0	|	94.0	0.26(94)	0.26(94)	|	1594	
594	840	ok	|	0.23	1.00	1.00	0.24	0.12	0	|	rapi	0.23	0.24	0	|	94.0	0.24(94)	0.24(94)	|	1594	
594	841	ok	|	0.22	1.00	1.00	0.24	0.12	0	|	rapi	0.22	0.24	0	|	94.0	0.24(94)	0.24(94)	|	1594	
594	842	ok	|	0.25	1.00	1.00	0.27	0.13	0	|	rapi	0.25	0.27	0	|	94.0	0.27(94)	0.27(94)	|	1594	
594	843	ok	|	0.26	1.00	1.00	0.27	0.14	0	|	rapi	0.26	0.27	0	|	94.0	0.27(94)	0.27(94)	|	1594	
594	844	ok	|	0.24	1.00	1.00	0.26	0.13	0	|	rapi	0.24	0.26	0	|	94.0	0.26(94)	0.26(94)	|	1594	
594	845	ok	|	0.24	1.00	1.00	0.26	0.13	0	|	rapi	0.24	0.26	0	|	94.0	0.26(94)	0.26(94)	|	1594	
594	846	ok	|	0.24	1.00	1.00	0.26	0.13	0	|	rapi	0.24	0.26	0	|	94.0	0.26(94)	0.26(94)	|	1594	
594	847	ok	|	0.23	1.00	1.00	0.24	0.12	0	|	rapi	0.23	0.24	0	|	94.0	0.24(94)	0.24(94)	|	1594	
594	848	ok	|	0.24	1.00	1.00	0.25	0.12	0	|	rapi	0.24	0.25	0	|	94.0	0.25(94)	0.25(94)	|	1594	
594	849	ok	|	0.25	1.00	1.00	0.27	0.14	0	|	rapi	0.25	0.27	0	|	94.0	0.27(94)	0.27(94)	|	1594	
594	850	ok	|	0.24	1.00	1.00	0.26	0.13	0	|	rapi	0.24	0.26	0	|	94.0	0.26(94)	0.26(94)	|	1594	
594	851	ok	|	0.24	1.00	1.00	0.26	0.13	0	|	rapi	0.24	0.26	0	|	94.0	0.26(94)	0.26(94)	|	1594	
594	852	ok	|	0.27	1.00	1.00	0.29	0.14	0	|	rapi	0.27	0.29	0	|	94.0	0.29(94)	0.29(94)	|	1594	
594	853	ok	|	0.27	1.00	1.00	0.29	0.14	0	|	rapi	0.27	0.29	0	|	94.0	0.29(94)	0.29(94)	|	1594	
594	854	ok	|	0.24	1.00	1.00	0.26	0.13	0	|	rapi	0.24	0.26	0	|	94.0	0.26(94)	0.26(94)	|	1594	
594	855	ok	|	0.25	1.00	1.00	0.26	0.13	0	|	rapi	0.25	0.26	0	|	94.0	0.26(94)	0.26(94)	|	1594	
594	856	ok	|	0.26	1.00	1.00	0.27	0.14	0	|	rapi	0.26	0.27	0	|	94.0	0.27(94)	0.27(94)	|	1594	
594	857	ok	|	0.25	1.00	1.00	0.28	0.14	0	|	rapi	0.25	0.28	0	|	94.0	0.28(94)	0.28(94)	|	1594	
594	858	ok	|	0.23	1.00	1.00	0.25	0.12	0	|	rapi	0.23	0.25	0	|	94.0	0.25(94)	0.25(94)	|	1594	
594	859	ok	|	0.24	1.00	1.00	0.26	0.13	0	|	rapi	0.24	0.26	0	|	94.0	0.26(94)	0.26(94)	|	1594	
594	860	ok	|	0.22	1.00	1.00	0.24	0.12	0	|	rapi	0.22	0.24	0	|	94.0	0.24(94)	0.24(94)	|	1594	
594	861	ok	|	0.24	1.00	1.00	0.26	0.13	0	|	rapi	0.24	0.26	0	|	94.0	0.26(94)	0.26(94)	|	1594	
594	862	ok	|	0.25	1.00	1.00	0.27	0.14	0	|	rapi	0.25	0.27	0	|	94.0	0.27(94)	0.27(94)	|	1594	
594	863	ok	|	0.25	1.00	1.00	0.27	0.13	0	|	rapi	0.25	0.27	0	|	94.0	0.27(94)	0.27(94)	|	1594	
594	864	ok	|	0.25	1.00	1.00	0.28	0.14	0	|	rapi	0.25	0.28	0	|	94.0	0.28(94)	0.28(94)	|	1594	
594	865	ok	|	0.27	1.00	1.00	0.28	0.14	0	|	rapi	0.27	0.28	0	|	94.0	0.28(94)	0.28(94)	|	1594	
594	866	ok	|	0.25	1.00	1.00	0.27	0.14	0	|	rapi	0.25	0.27	0	|	94.0	0.27(94)	0.27(94)	|	1594	
594	867	ok	|	0.25	1.00	1.00	0.26	0.13	0	|	rapi	0.25	0.26	0	|	94.0	0.26(94)	0.26(94)	|	1594	
594	868	ok	|	0.25	1.00	1.00	0.26	0.13	0	|	rapi	0.25	0.26	0	|	94.0	0.26(94)	0.26(94)	|	1594	
594	869	ok	|	0.24	1.00	1.00	0.26	0.13	0	|	rapi	0.24	0.26	0	|	94.0	0.26(94)	0.26(94)	|	1594	
594	870	ok	|	0.28	1.00	1.00	0.30	0.15	0	|	rapi	0.28	0.30	0	|	94.0	0.30(94)	0.30(94)	|	1594	
594	871	ok	|	0.26	1.00	1.00	0.29	0.14	0	|	rapi	0.26	0.29	0	|	94.0	0.29(94)	0.29(94)	|	1594	
594	872	ok	|	0.26	1.00	1.00	0.28	0.14	0	|	rapi	0.26	0.28	0	|	94.0	0.28(94)	0.28(94)	|	1594	
594	873	ok	|	0.27	1.00	1.00	0.29	0.14	0	|	rapi	0.27	0.29	0	|	94.0	0.29(94)	0.29(94)	|	1594	
594	874	ok	|	0.27	1.00	1.00	0.29	0.15	0	|	rapi	0.27	0.29	0	|	94.0	0.29(94)	0.29(94)	|	1594	
594	875	ok	|	0.28	1.00	1.00	0.29	0.14	0	|	rapi	0.28	0.29	0	|	94.0	0.29(94)	0.29(94)	|	1594	
594	876	ok	|	0.24	1.00	1.00	0.26	0.13	0	|	rapi	0.24	0.26	0	|	94.0	0.26(94)	0.26(94)	|	1594	
594	877	ok	|	0.24	1.00	1.00	0.25	0.13	0	|	rapi	0.24	0.25	0	|	94.0	0.25(94)	0.25(94)	|	1594	
594	878	ok	|	0.23	1.00	1.00	0.25	0.12	0	|	rapi	0.23	0.25	0	|	94.0	0.25(94)	0.25(94)	|	1594	
594	879	ok	|	0.24	1.00	1.00	0.26	0.13	0	|	rapi	0.24	0.26	0	|	94.0	0.26(94)	0.26(94)	|	1594	
594	880	ok	|	0.23	1.00	1.00	0.25	0.13	0	|	rapi	0.23	0.25	0	|	94.0	0.25(94)	0.25(94)	|	1594	
594	881	ok	|	0.24	1.00	1.00	0.26	0.13	0	|	rapi	0.24	0.26	0	|	94.0	0.26(94)	0.26(94)	|	1594	
594	882	ok	|	0.23	1.00	1.00	0.24	0.12	0	|	rapi	0.23	0.24	0	|	94.0	0.24(94)	0.24(94)	|	1594	
594	883	ok	|	0.24	1.00	1.00	0.26	0.13	0	|	rapi	0.24	0.26	0	|	94.0	0.26(94)	0.26(94)	|	1594	
594	884	ok	|	0.24	1.00	1.00	0.27	0.13	0	|	rapi	0.24	0.27	0	|	94.0	0.27(94)	0.27(94)	|	1594	
594	885	ok	|	0.22	1.00	1.00	0.24	0.12	0	|	rapi	0.22	0.24	0	|	94.0	0.24(94)	0.24(94)	|	1594	
594	886	ok	|	0.21	1.00	1.00	0.22	0.11	0	|	rapi	0.21	0.22	0	|	94.0	0.22(94)	0.22(94)	|	1594	
594	887	ok	|	0.20	1.00	1.00	0.21	0.11	0	|	rapi	0.20	0.21	0	|	94.0	0.21(94)	0.21(94)	|	1594	
594	888	ok	|	0.20	1.00	1.00	0.22	0.11	0	|	rapi	0.20	0.22	0	|	94.0	0.22(94)	0.22(94)	|	1594	
594	889	ok	|	0.18	1.00	1.00	0.19	0.10	0	|	rapi	0.18	0.19	0	|	94.0	0.19(94)	0.19(94)	|	1594	
594	890	ok	|	0.17	1.00	1.00	0.17	0.09	0	|	rapi	0.17	0.17	0	|	94.0	0.17(94)	0.17(94)	|	1594	
594	891	ok	|	0.16	1.00	1.00	0.17	0.09	0	|	rapi	0.16	0.17	0	|	94.0	0.17(94)	0.17(94)	|	1594	
594	892	ok	|	0.16	1.00	1.00	0.17	0.09	0	|	rapi	0.16	0.17	0	|	94.0	0.17(94)	0.17(94)	|	1594	
594	893	ok	|	0.16	1.00	1.00	0.17	0.08	0	|	rapi	0.16	0.17	0	|	94.0	0.17(94)	0.17(94)	|	1594	
594	894	ok	|	0.15	1.00	1.00	0.16	0.08	0	|	rapi	0.15	0.16	0	|	94.0	0.16(94)	0.16(94)	|	1594	
594	895	ok	|	0.16	1.00	1.00	0.17	0.08	0	|	rapi	0.16	0.17	0	|	94.0	0.17(94)	0.17(94)	|	1594	
594	896	ok	|	0.17	1.00	1.00	0.18	0.09	0	|	rapi	0.17	0.18	0	|	94.0	0.18(94)	0.18(94)	|	1594	
594	897	ok	|	0.19	1.00	1.00	0.19	0.10	0	|	rapi	0.19	0.19	0	|	94.0	0.19(94)	0.19(94)	|	1594	
594	898	ok	|	0.17	1.00	1.00	0.18	0.09	0	|	rapi	0.17	0.18	0	|	94.0	0.18(94)	0.18(94)	|	1594	
594	899	ok	|	0.16	1.00	1.00	0.17	0.09	0	|	rapi	0.16	0.17	0	|	94.0	0.17(94)	0.17(94)	|	1594	
594	900	ok	|	0.17	1.00	1.00	0.18	0.09	0	|	rapi	0.17	0.18	0	|	94.0	0.18(94)	0.18(94)	|	1594	
594	901	ok	|	0.16	1.00	1.00	0.16	0.08	0	|	rapi	0.16	0.16	0	|	94.0	0.16(94)	0.16(94)	|	1594	
594	902	ok	|	0.16	1.00	1.00	0.16	0.08	0	|	rapi	0.16	0.16	0	|	94.0	0.16(94)	0.16(94)	|	1594	
594	903	ok	|	0.15	1.00	1.00	0.15	0.08	0	|	rapi	0.15	0.15	0	|	94.0	0.15(94)	0.15(94)	|	1594	
594	904	ok	|	0.15	1.00	1.00	0.16	0.08	0	|	rapi	0.15	0.16	0	|	94.0	0.16(94)	0.16(94)	|	1594	
594	905	ok	|	0.15	1.00	1.00	0.16	0.08	0	|	rapi	0.15	0.16	0	|	94.0	0.16(94)	0.16(94)	|	1594	
594	906	ok	|	0.16	1.00	1.00	0.17	0.08	0	|	rapi	0.16	0.17	0	|	94.0	0.17(94)	0.17(94)	|	1594	
594	907	ok	|	0.16	1.00	1.00	0.16	0.08	0	|	rapi	0.16	0.16	0	|	94.0	0.16(94)	0.16(94)	|	1594	
594	908	ok	|	0.17	1.00	1.00	0.17	0.09	0	|	rapi	0.17	0.17	0	|	94.0	0.17(94)	0.17(94)	|	1594	
594	909	ok	|	0.17	1.00	1.00	0.17	0.09	0	|	rapi	0.17	0.17	0	|	94.0	0.17(94)	0.17(94)	|	1594	
594	910	ok	|	0.17	1.00	1.00	0.17	0.09	0	|	rapi	0.17	0.17	0	|	94.0	0.17(94)	0.17(94)	|	1594	
594	911	ok	|	0.15	1.00	1.00	0.16	0.08	0	|	rapi	0.15	0.16	0	|	94.0	0.16(94)	0.16(94)	|	1594	
594	912	ok	|	0.15	1.00	1.00	0.15	0.08	0	|	rapi	0.15	0.15	0	|	94.0	0.15(94)	0.15(94)	|	1594	
594	913	ok	|	0.15	1.00	1.00	0.16	0.08	0	|	rapi	0.15	0.16	0	|	94.0	0.16(94)	0.16(94)	|	1594	
594	914	ok	|	0.13	1.00	1.00	0.14	0.07	0	|	rapi	0.13	0.14	0	|	94.0	0.14(94)	0.14(94)	|	1594	
594	915	ok	|	0.13	1.00	1.00	0.14	0.07	0	|	rapi	0.13	0.14	0	|	94.0	0.14(94)	0.14(94)	|	1594	
594	916	ok	|	0.15	1.00	1.00	0.15	0.08	0	|	rapi	0.15	0.15	0	|	94.0	0.15(94)	0.15(94)	|	1594	
594	917	ok	|	0.14	1.00	1.00	0.15	0.07	0	|	rapi	0.14	0.15	0	|	94.0	0.15(94)	0.15(94)	|	1594	
594	918	ok	|	0.14	1.00	1.00	0.15	0.08	0	|	rapi	0.14	0.15	0	|	94.0	0.15(94)	0.15(94)	|	1594	
594	919	ok	|	0.15	1.00	1.00	0.15	0.08	0	|	rapi	0.15	0.15	0	|	94.0	0.15(94)	0.15(94)	|	1594	
594	920	ok	|	0.14	1.00	1.00	0.14	0.07	0	|	rapi	0.14	0.14	0	|	94.0	0.14(94)	0.14(94)	|	1594	
594	921	ok	|	0.13	1.00	1.00	0.13	0.06	0	|	rapi	0.13	0.13	0	|	94.0	0.13(94)	0.13(94)	|	1594	
594	922	ok	|	0.12	1.00	1.00	0.13	0.06	0	|	rapi	0.12	0.13	0	|	94.0	0.13(94)	0.13(94)	|	1594	
594	923	ok	|	0.13	1.00	1.00	0.13	0.07	0	|	rapi	0.13	0.13	0	|	94.0	0.13(94)	0.13(94)	|	1594	
594	924	ok	|	0.12	1.00	1.00	0.13	0.06	0	|	rapi	0.12	0.13	0	|	94.0	0.13(94)	0.13(94)	|	1594	
594	925	ok	|	0.13	1.00	1.00	0.13	0.06	0	|	rapi	0.13	0.13	0	|	94.0	0.13(94)	0.13(94)	|	1594	
594	926	ok	|	0.12	1.00	1.00	0.12	0.06	0	|	rapi	0.12	0.12	0	|	94.0	0.12(94)	0.12(94)	|	1594	
594	927	ok	|	0.10	1.00	1.00	0.11	0.05	0	|	rapi	0.10	0.11	0	|	94.0	0.11(94)	0.11(94)	|	1594	
594	928	ok	|	0.10	1.00	1.00	0.10	0.05	0	|	rapi	0.10	0.10	0	|	94.0	0.10(94)	0.10(94)	|	1594	
594	929	ok	|	0.10	1.00	1.00	0.10	0.05	0	|	rapi	0.10	0.10	0	|	94.0	0.10(94)	0.10(94)	|	1594	
594	930	ok	|	0.10	1.00	1.00	0.11	0.05	0	|	rapi	0.10	0.11	0	|	94.0	0.11(94)	0.11(94)	|	1594	
594	931	ok	|	0.10	1.00	1.00	0.11	0.05	0	|	rapi	0.10	0.11	0	|	94.0	0.11(94)	0.11(94)	|	1594	
594	932	ok	|	0.10	1.00	1.00	0.11	0.05	0	|	rapi	0.10	0.11	0	|	94.0	0.11(94)	0.11(94)	|	1594	
594	933	ok	|	0.12	1.00	1.00	0.12	0.06	0	|	rapi	0.12	0.12	0	|	94.0	0.12(94)	0.12(94)	|	1594	
594	934	ok	|	0.11	1.00	1.00	0.11	0.06	0	|	rapi	0.11	0.11	0	|	94.0	0.11(94)	0.11(94)	|	1594	
594	935	ok	|	0.09	1.00	1.00	0.09	0.05	0	|	rapi	0.09	0.09	0	|	94.0	0.09(94)	0.09(94)	|	1594	
594	936	ok	|	0.09	1.00	1.00	0.09	0.05	0	|	rapi	0.09	0.09	0	|	94.0	0.09(94)	0.09(94)	|	1594	
594	937	ok	|	0.10	1.00	1.00	0.10	0.05	0	|	rapi	0.10	0.10	0	|	94.0	0.10(94)	0.10(94)	|	1594	
594	938	ok	|	0.11	1.00	1.00	0.12	0.06	0	|	rapi	0.11	0.12	0	|	94.0	0.12(94)	0.12(94)	|	1594	
594	939	ok	|	0.10	1.00	1.00	0.10	0.05	0	|	rapi	0.10	0.10	0	|	94.0	0.10(94)	0.10(94)	|	1594	
594	940	ok	|	0.11	1.00	1.00	0.11	0.06	0	|	rapi	0.11	0.11	0	|	94.0	0.11(94)	0.11(94)	|	1594	
594	941	ok	|	0.09	1.00	1.00	0.10	0.05	0	|	rapi	0.09	0.10	0	|	94.0	0.10(94)	0.10(94)	|	1594	
594	942	ok	|	0.11	1.00	1.00	0.11	0.05	0	|	rapi	0.11	0.11	0	|	94.0	0.11(94)	0.11(94)	|	1594	
594	943	ok	|	0.10	1.00	1.00	0.10	0.05	0	|	rapi	0.10	0.10	0	|	94.0	0.10(94)	0.10(94)	|	1594	
594	944	ok	|	0.11	1.00	1.00	0.12	0.06	0	|	rapi	0.11	0.12	0	|	94.0	0.12(94)	0.12(94)	|	1594	
594	945	ok	|	0.12	1.00	1.00	0.12	0.06	0	|	rapi	0.12	0.12	0	|	94.0	0.12(94)	0.12(94)	|	1594	
594	946	ok	|	0.14	1.00	1.00	0.14	0.07	0	|	rapi	0.14	0.14	0	|	94.0	0.14(94)	0.14(94)	|	1594	
594	947	ok	|	0.13	1.00	1.00	0.13	0.07	0	|	rapi	0.13	0.13	0	|	94.0	0.13(94)	0.13(94)	|	1594	
594	948	ok	|	0.16	1.00	1.00	0.16	0.08	0	|	rapi	0.16	0.16	0	|	94.0	0.16(94)	0.16(94)	|	1594	
594	949	ok	|	0.17	1.00	1.00	0.18	0.09	0	|	rapi	0.17	0.18	0	|	94.0	0.18(94)	0.18(94)	|	1594	
594	950	ok	|	0.19	1.00	1.00	0.19	0.10	0	|	rapi	0.19	0.19	0	|	94.0	0.19(94)	0.19(94)	|	1594	
594	951	ok	|	0.19	1.00	1.00	0.20	0.10	0	|	rapi	0.19	0.20	0	|	94.0	0.20(94)	0.20(94)	|	1594	
594	952	ok	|	0.18	1.00	1.00	0.19	0.10	0	|	rapi	0.18	0.19	0	|	94.0	0.19(94)	0.19(94)	|	1594	
594	953	ok	|	0.18	1.00	1.00	0.19	0.10	0	|	rapi	0.18	0.19	0	|	94.0	0.19(94)	0.19(94)	|	1594	
594	954	ok	|	0.18	1.00	1.00	0.19	0.10	0	|	rapi	0.18	0.19	0	|	94.0	0.19(94)	0.19(94)	|	1594	
594	955	ok	|	0.20	1.00	1.00	0.21	0.11	0	|	rapi	0.20	0.21	0	|	94.0	0.21(94)	0.21(94)	|	1594	
594	956	ok	|	0.22	1.00	1.00	0.24	0.12	0	|	rapi	0.22	0.24	0	|	94.0	0.24(94)	0.24(94)	|	1594	
594	957	ok	|	0.23	1.00	1.00	0.24	0.12	0	|	rapi	0.23	0.24	0	|	94.0	0.24(94)	0.24(94)	|	1594	
594	958	ok	|	0.22	1.00	1.00	0.23	0.12	0	|	rapi	0.22	0.23	0	|	94.0	0.23(94)	0.23(94)	|	1594	
594	959	ok	|	0.20	1.00	1.00	0.21	0.10	0	|	rapi	0.20	0.21	0	|	94.0	0.21(94)	0.21(94)	|	1594	
594	960	ok	|	0.20	1.00	1.00	0.20	0.10	0	|	rapi	0.20	0.20	0	|	94.0	0.20(94)	0.20(94)	|	1594	
594	961	ok	|	0.21	1.00	1.00	0.23	0.11	0	|	rapi	0.21	0.23	0	|	94.0	0.23(94)	0.23(94)	|	1594	
594	962	ok	|	0.20	1.00	1.00	0.21	0.11	0	|	rapi	0.20	0.21	0	|	94.0	0.21(94)	0.21(94)	|	1594	
594	963	ok	|	0.20	1.00	1.00	0.21	0.10	0	|	rapi	0.20	0.21	0	|	94.0	0.21(94)	0.21(94)	|	1594	
594	964	ok	|	0.21	1.00	1.00	0.22	0.11	0	|	rapi	0.21	0.22	0	|	94.0	0.22(94)	0.22(94)	|	1594	
594	965	ok	|	0.21	1.00	1.00	0.23	0.12	0	|	rapi	0.21	0.23	0	|	94.0	0.23(94)	0.23(94)	|	1594	
594	966	ok	|	0.23	1.00	1.00	0.25	0.12	0	|	rapi	0.23	0.25	0	|	94.0	0.25(94)	0.25(94)	|	1594	
594	967	ok	|	0.24	1.00	1.00	0.26	0.13	0	|	rapi	0.24	0.26	0	|	94.0	0.26(94)	0.26(94)	|	1594	
594	968	ok	|	0.24	1.00	1.00	0.26	0.13	0	|	rapi	0.24	0.26	0	|	94.0	0.26(94)	0.26(94)	|	1594	
594	969	ok	|	0.23	1.00	1.00	0.25	0.12	0	|	rapi	0.23	0.25	0	|	94.0	0.25(94)	0.25(94)	|	1594	
594	970	ok	|	0.23	1.00	1.00	0.25	0.12	0	|	rapi	0.23	0.25	0	|	94.0	0.25(94)	0.25(94)	|	1594	
594	971	ok	|	0.23	1.00	1.00	0.24	0.12	0	|	rapi	0.23	0.24	0	|	94.0	0.24(94)	0.24(94)	|	1594	
594	972	ok	|	0.21	1.00	1.00	0.23	0.11	0	|	rapi	0.21	0.23	0	|	94.0	0.23(94)	0.23(94)	|	1594	
594	973	ok	|	0.22	1.00	1.00	0.23	0.12	0	|	rapi	0.22	0.23	0	|	94.0	0.23(94)	0.23(94)	|	1594	
594	974	ok	|	0.22	1.00	1.00	0.24	0.12	0	|	rapi	0.22	0.24	0	|	94.0	0.24(94)	0.24(94)	|	1594	
594	975	ok	|	0.20	1.00	1.00	0.22	0.11	0	|	rapi	0.20	0.22	0	|	94.0	0.22(94)	0.22(94)	|	1594	
594	976	ok	|	0.21	1.00	1.00	0.23	0.11	0	|	rapi	0.21	0.23	0	|	94.0	0.23(94)	0.23(94)	|	1594	
594	977	ok	|	0.21	1.00	1.00	0.23	0.11	0	|	rapi	0.21	0.23	0	|	94.0	0.23(94)	0.23(94)	|	1594	
594	978	ok	|	0.20	1.00	1.00	0.21	0.10	0	|	rapi	0.20	0.21	0	|	94.0	0.21(94)	0.21(94)	|	1594	
594	979	ok	|	0.18	1.00	1.00	0.20	0.10	0	|	rapi	0.18	0.20	0	|	94.0	0.20(94)	0.20(94)	|	1594	
594	980	ok	|	0.20	1.00	1.00	0.22	0.11	0	|	rapi	0.20	0.22	0	|	94.0	0.22(94)	0.22(94)	|	1594	
594	981	ok	|	0.21	1.00	1.00	0.23	0.11	0	|	rapi	0.21	0.23	0	|	94.0	0.23(94)	0.23(94)	|	1594	
594	982	ok	|	0.20	1.00	1.00	0.21	0.11	0	|	rapi	0.20	0.21	0	|	94.0	0.21(94)	0.21(94)	|	1594	
594	983	ok	|	0.19	1.00	1.00	0.20	0.10	0	|	rapi	0.19	0.20	0	|	94.0	0.20(94)	0.20(94)	|	1594	
594	984	ok	|	0.19	1.00	1.00	0.21	0.10	0	|	rapi	0.19	0.21	0	|	94.0	0.21(94)	0.21(94)	|	1594	
594	985	ok	|	0.18	1.00	1.00	0.19	0.10	0	|	rapi	0.18	0.19	0	|	94.0	0.19(94)	0.19(94)	|	1594	
594	986	ok	|	0.18	1.00	1.00	0.19	0.10	0	|	rapi	0.18	0.19	0	|	94.0	0.19(94)	0.19(94)	|	1594	
594	987	ok	|	0.17	1.00	1.00	0.17	0.09	0	|	rapi	0.17	0.17	0	|	94.0	0.17(94)	0.17(94)	|	1594	
594	988	ok	|	0.15	1.00	1.00	0.16	0.08	0	|	rapi	0.15	0.16	0	|	94.0	0.16(94)	0.16(94)	|	1594	
594	989	ok	|	0.13	1.00	1.00	0.14	0.07	0	|	rapi	0.13	0.14	0	|	94.0	0.14(94)	0.14(94)	|	1594	
594	990	ok	|	0.12	1.00	1.00	0.12	0.06	0	|	rapi	0.12	0.12	0	|	94.0	0.12(94)	0.12(94)	|	1594	
594	991	ok	|	0.11	1.00	1.00	0.12	0.06	0	|	rapi	0.11	0.12	0	|	94.0	0.12(94)	0.12(94)	|	1594	
594	992	ok	|	0.11	1.00	1.00	0.11	0.06	0	|	rapi	0.11	0.11	0	|	94.0	0.11(94)	0.11(94)	|	1594	
594	993	ok	|	0.09	1.00	1.00	0.10	0.05	0	|	rapi	0.09	0.10	0	|	94.0	0.10(94)	0.10(94)	|	1594	
594	994	ok	|	0.10	1.00	1.00	0.10	0.05	0	|	rapi	0.10	0.10	0	|	94.0	0.10(94)	0.10(94)	|	1594	
594	995	ok	|	0.12	1.00	1.00	0.12	0.06	0	|	rapi	0.12	0.12	0	|	94.0	0.12(94)	0.12(94)	|	1594	
594	996	ok	|	0.12	1.00	1.00	0.12	0.06	0	|	rapi	0.12	0.12	0	|	94.0	0.12(94)	0.12(94)	|	1594	
594	997	ok	|	0.14	1.00	1.00	0.15	0.07	0	|	rapi	0.14	0.15	0	|	94.0	0.15(94)	0.15(94)	|	1594	
594	998	ok	|	0.13	1.00	1.00	0.14	0.07	0	|	rapi	0.13	0.14	0	|	94.0	0.14(94)	0.14(94)	|	1594	
594	999	ok	|	0.13	1.00	1.00	0.13	0.07	0	|	rapi	0.13	0.13	0	|	94.0	0.13(94)	0.13(94)	|	1594	
594	1000	ok	|	0.12	1.00	1.00	0.12	0.06	0	|	rapi	0.12	0.12	0	|	94.0	0.12(94)	0.12(94)	|	1594	
594	1001	ok	|	0.13	1.00	1.00	0.13	0.07	0	|	rapi	0.13	0.13	0	|	94.0	0.13(94)	0.13(94)	|	1594	
594	1002	ok	|	0.12	1.00	1.00	0.12	0.06	0	|	rapi	0.12	0.12	0	|	94.0	0.12(94)	0.12(94)	|	1594	
594	1003	ok	|	0.12	1.00	1.00	0.12	0.06	0	|	rapi	0.12	0.12	0	|	94.0	0.12(94)	0.12(94)	|	1594	
594	1004	ok	|	0.13	1.00	1.00	0.14	0.07	0	|	rapi	0.13	0.14	0	|	94.0	0.14(94)	0.14(94)	|	1594	
594	1005	ok	|	0.13	1.00	1.00	0.14	0.07	0	|	rapi	0.13	0.14	0	|	94.0	0.14(94)	0.14(94)	|	1594	
594	1006	ok	|	0.12	1.00	1.00	0.12	0.06	0	|	rapi	0.12	0.12	0	|	94.0	0.12(94)	0.12(94)	|	1594	
594	1007	ok	|	0.12	1.00	1.00	0.12	0.06	0	|	rapi	0.12	0.12	0	|	94.0	0.12(94)	0.12(94)	|	1594	
594	1008	ok	|	0.12	1.00	1.00	0.12	0.06	0	|	rapi	0.12	0.12	0	|	94.0	0.12(94)	0.12(94)	|	1594	
594	1009	ok	|	0.12	1.00	1.00	0.12	0.06	0	|	rapi	0.12	0.12	0	|	94.0	0.12(94)	0.12(94)	|	1594	
594	1010	ok	|	0.12	1.00	1.00	0.12	0.06	0	|	rapi	0.12	0.12	0	|	94.0	0.12(94)	0.12(94)	|	1594	
594	1011	ok	|	0.09	1.00	1.00	0.09	0.05	0	|	rapi	0.09	0.09	0	|	94.0	0.09(94)	0.09(94)	|	1594	
594	1012	ok	|	0.08	1.00	1.00	0.08	0.04	0	|	rapi	0.08	0.08	0	|	94.0	0.08(94)	0.08(94)	|	1594	
594	1013	ok	|	0.08	1.00	1.00	0.08	0.04	0	|	rapi	0.08	0.08	0	|	94.0	0.08(94)	0.08(94)	|	1594	
594	1014	ok	|	0.09	1.00	1.00	0.09	0.04	0	|	rapi	0.09	0.09	0	|	94.0	0.09(94)	0.09(94)	|	1594	
594	1015	ok	|	0.07	1.00	1.00	0.07	0.04	0	|	rapi	0.07	0.07	0	|	94.0	0.07(94)	0.07(94)	|	1594	
594	1016	ok	|	0.05	1.00	1.00	0.05	0.02	0	|	rapi	0.05	0.05	0	|	94.0	0.05(94)	0.05(94)	|	1594	
594	1017	ok	|	0.04	1.00	1.00	0.04	0.02	0	|	rapi	0.04	0.04	0	|	94.0	0.04(94)	0.04(94)	|	1594	
594	1018	ok	|	0.04	1.00	1.00	0.04	0.02	0	|	rapi	0.04	0.04	0	|	94.0	0.04(94)	0.04(94)	|	1594	
594	1019	ok	|	0.04	1.00	1.00	0.04	0.02	0	|	rapi	0.04	0.04	0	|	94.0	0.04(94)	0.04(94)	|	1594	
594	1020	ok	|	0.04	1.00	1.00	0.04	0.02	0	|	rapi	0.04	0.04	0	|	94.0	0.04(94)	0.04(94)	|	1594	
594	1021	ok	|	0.03	1.00	1.00	0.03	0.02	0	|	rapi	0.03	0.03	0	|	94.0	0.03(94)	0.03(94)	|	1594	
594	1022	ok	|	0.03	1.00	1.00	0.03	0.02	0	|	rapi	0.03	0.03	0	|	94.0	0.03(94)	0.03(94)	|	1594	
594	1023	ok	|	0.03	1.00	1.00	0.03	0.01	0	|	rapi	0.03	0.03	0	|	94.0	0.03(94)	0.03(94)	|	1594	
594	1024	ok	|	0.03	1.00	1.00	0.03	0.01	0	|	rapi	0.03	0.03	0	|	94.0	0.03(94)	0.03(94)	|	1594	
594	1025	ok	|	0.02	1.00	1.00	0.02	0.01	0	|	rapi	0.02	0.02	0	|	94.0	0.02(94)	0.02(94)	|	1594	
594	1026	ok	|	0.02	1.00	1.00	0.02	0.01	0	|	rapi	0.02	0.02	0	|	94.0	0.02(94)	0.02(94)	|	1594	
594	1027	ok	|	0.02	1.00	1.00	0.02	0.01	0	|	rapi	0.02	0.02	0	|	94.0	0.02(94)	0.02(94)	|	1594	
594	1028	ok	|	0.02	1.00	1.00	0.02	0.01	0	|	rapi	0.02	0.02	0	|	94.0	0.02(94)	0.02(94)	|	1594	
594	1029	ok	|	0.01	1.00	1.00	0.01	0.01	0	|	rapi	0.01	0.01	0	|	94.0	0.01(94)	0.01(94)	|	1594	
594	1030	ok	|	0.02	1.00	1.00	0.02	0.01	0	|	rapi	0.02	0.02	0	|	94.0	0.02(94)	0.02(94)	|	1594	
594	1031	ok	|	0.02	1.00	1.00	0.02	0.01	0	|	rapi	0.02	0.02	0	|	94.0	0.02(94)	0.02(94)	|	1594	
594	1032	ok	|	0.02	1.00	1.00	0.02	0.01	0	|	rapi	0.02	0.02	0	|	94.0	0.02(94)	0.02(94)	|	1594	
594	1033	ok	|	0.02	1.00	1.00	0.02	0.01	0	|	rapi	0.02	0.02	0	|	94.0	0.02(94)	0.02(94)	|	1594	
594	1034	ok	|	0.02	1.00	1.00	0.02	0.01	0	|	rapi	0.02	0.02	0	|	94.0	0.02(94)	0.02(94)	|	1594	
594	1035	ok	|	0.03	1.00	1.00	0.03	0.01	0	|	rapi	0.03	0.03	0	|	94.0	0.03(94)	0.03(94)	|	1594	
594	1036	ok	|	0.04	1.00	1.00	0.04	0.02	0	|	rapi	0.04	0.04	0	|	94.0	0.04(94)	0.04(94)	|	1594	
594	1037	ok	|	0.04	1.00	1.00	0.04	0.02	0	|	rapi	0.04	0.04	0	|	94.0	0.04(94)	0.04(94)	|	1594	
594	1038	ok	|	0.04	1.00	1.00	0.04	0.02	0	|	rapi	0.04	0.04	0	|	94.0	0.04(94)	0.04(94)	|	1594	
594	1039	ok	|	0.04	1.00	1.00	0.04	0.02	0	|	rapi	0.04	0.04	0	|	94.0	0.04(94)	0.04(94)	|	1594	
594	1040	ok	|	0.04	1.00	1.00	0.04	0.02	0	|	rapi	0.04	0.04	0	|	94.0	0.04(94)	0.04(94)	|	1594	
594	1041	ok	|	0.04	1.00	1.00	0.04	0.02	0	|	rapi	0.04	0.04	0	|	94.0	0.04(94)	0.04(94)	|	1594	
594	1042	ok	|	0.04	1.00	1.00	0.04	0.02	0	|	rapi	0.04	0.04	0	|	94.0	0.04(94)	0.04(94)	|	1594	
594	1043	ok	|	0.03	1.00	1.00	0.03	0.01	0	|	rapi	0.03	0.03	0	|	94.0	0.03(94)	0.03(94)	|	1594	
594	1044	ok	|	0.03	1.00	1.00	0.03	0.01	0	|	rapi	0.03	0.03	0	|	94.0	0.03(94)	0.03(94)	|	1594	
594	1045	ok	|	0.02	1.00	1.00	0.02	0.01	0	|	rapi	0.02	0.02	0	|	94.0	0.02(94)	0.02(94)	|	1594	
594	1046	ok	|	0.03	1.00	1.00	0.03	0.01	0	|	rapi	0.03	0.03	0	|	94.0	0.03(94)	0.03(94)	|	1594	
594	1047	ok	|	0.01	1.00	1.00	0.01	0.01	0	|	rapi	0.01	0.01	0	|	94.0	0.01(94)	0.01(94)	|	1594	
594	1048	ok	|	0.00	1.00	1.00	0.00	0.00	0	|	rapi	0.00	0.00	0	|	94.0	0.00(94)	0.00(94)	|	1594	
594	1049	ok	|	0.01	1.00	1.00	0.01	0.00	0	|	rapi	0.01	0.01	0	|	94.0	0.01(94)	0.01(94)	|	1594	
594	1050	ok	|	0.01	1.00	1.00	0.01	0.01	0	|	rapi	0.01	0.01	0	|	94.0	0.01(94)	0.01(94)	|	1594	
594	1051	ok	|	0.01	1.00	1.00	0.01	0.01	0	|	rapi	0.01	0.01	0	|	94.0	0.01(94)	0.01(94)	|	1594	
594	1052	ok	|	0.01	1.00	1.00	0.01	0.00	0	|	rapi	0.01	0.01	0	|	94.0	0.01(94)	0.01(94)	|	1594	
594	1053	ok	|	0.01	1.00	1.00	0.01	0.01	0	|	rapi	0.01	0.01	0	|	94.0	0.01(94)	0.01(94)	|	1594	
594	1054	ok	|	0.01	1.00	1.00	0.01	0.01	0	|	rapi	0.01	0.01	0	|	94.0	0.01(94)	0.01(94)	|	1594	
594	1055	ok	|	0.02	1.00	1.00	0.02	0.01	0	|	rapi	0.02	0.02	0	|	94.0	0.02(94)	0.02(94)	|	1594	
594	1056	ok	|	0.02	1.00	1.00	0.02	0.01	0	|	rapi	0.02	0.02	0	|	94.0	0.02(94)	0.02(94)	|	1594	
594	1057	ok	|	0.02	1.00	1.00	0.02	0.01	0	|	rapi	0.02	0.02	0	|	94.0	0.02(94)	0.02(94)	|	1594	
594	1058	ok	|	0.02	1.00	1.00	0.02	0.01	0	|	rapi	0.02	0.02	0	|	94.0	0.02(94)	0.02(94)	|	1594	
594	1059	ok	|	0.01	1.00	1.00	0.01	0.01	0	|	rapi	0.01	0.01	0	|	94.0	0.01(94)	0.01(94)	|	1594	
594	1060	ok	|	0.02	1.00	1.00	0.02	0.01	0	|	rapi	0.02	0.02	0	|	94.0	0.02(94)	0.02(94)	|	1594	
594	1061	ok	|	0.01	1.00	1.00	0.01	0.01	0	|	rapi	0.01	0.01	0	|	94.0	0.01(94)	0.01(94)	|	1594	
594	1062	ok	|	0.01	1.00	1.00	0.01	0.01	0	|	rapi	0.01	0.01	0	|	94.0	0.01(94)	0.01(94)	|	1594	
594	1063	ok	|	0.01	1.00	1.00	0.01	0.00	0	|	rapi	0.01	0.01	0	|	94.0	0.01(94)	0.01(94)	|	1594	
594	1064	ok	|	0.01	1.00	1.00	0.01	0.00	0	|	rapi	0.01	0.01	0	|	94.0	0.01(94)	0.01(94)	|	1594	
594	1065	ok	|	0.00	1.00	1.00	0.00	0.00	0	|	rapi	0.00	0.00	0	|	94.0	0.00(94)	0.00(94)	|	1594	
594	1066	ok	|	0.01	1.00	1.00	0.01	0.00	0	|	rapi	0.01	0.01	0	|	94.0	0.01(94)	0.01(94)	|	1594	
594	1067	ok	|	0.01	1.00	1.00	0.01	0.00	0	|	rapi	0.01	0.01	0	|	94.0	0.01(94)	0.01(94)	|	1594	
594	1068	ok	|	0.01	1.00	1.00	0.01	0.00	0	|	rapi	0.01	0.01	0	|	94.0	0.01(94)	0.01(94)	|	1594	
594	1069	ok	|	0.01	1.00	1.00	0.01	0.01	0	|	rapi	0.01	0.01	0	|	94.0	0.01(94)	0.01(94)	|	1594	
594	1070	ok	|	0.01	1.00	1.00	0.01	0.01	0	|	rapi	0.01	0.01	0	|	94.0	0.01(94)	0.01(94)	|	1594	
594	1071	ok	|	0.01	1.00	1.00	0.01	0.00	0	|	rapi	0.01	0.01	0	|	94.0	0.01(94)	0.01(94)	|	1594	
594	1072	ok	|	0.01	1.00	1.00	0.01	0.00	0	|	rapi	0.01	0.01	0	|	94.0	0.01(94)	0.01(94)	|	1594	
594	1073	ok	|	0.01	1.00	1.00	0.01	0.01	0	|	rapi	0.01	0.01	0	|	94.0	0.01(94)	0.01(94)	|	1594	
594	1074	ok	|	0.01	1.00	1.00	0.01	0.01	0	|	rapi	0.01	0.01	0	|	94.0	0.01(94)	0.01(94)	|	1594	
594	1075	ok	|	0.01	1.00	1.00	0.01	0.00	0	|	rapi	0.01	0.01	0	|	94.0	0.01(94)	0.01(94)	|	1594	
594	1076	ok	|	0.01	1.00	1.00	0.01	0.00	0	|	rapi	0.01	0.01	0	|	94.0	0.01(94)	0.01(94)	|	1594	
594	1077	ok	|	0.01	1.00	1.00	0.01	0.00	0	|	rapi	0.01	0.01	0	|	94.0	0.01(94)	0.01(94)	|	1594	
594	1078	ok	|	0.01	1.00	1.00	0.01	0.00	0	|	rapi	0.01	0.01	0	|	94.0	0.01(94)	0.01(94)	|	1594	
594	1079	ok	|	0.01	1.00	1.00	0.01	0.01	0	|	rapi	0.01	0.01	0	|	94.0	0.01(94)	0.01(94)	|	1594	
594	1080	ok	|	0.01	1.00	1.00	0.01	0.01	0	|	rapi	0.01	0.01	0	|	94.0	0.01(94)	0.01(94)	|	1594	
594	1081	ok	|	0.01	1.00	1.00	0.01	0.00	0	|	rapi	0.01	0.01	0	|	94.0	0.01(94)	0.01(94)	|	1594	
594	1082	ok	|	0.01	1.00	1.00	0.01	0.00	0	|	rapi	0.01	0.01	0	|	94.0	0.01(94)	0.01(94)	|	1594	
594	1083	ok	|	0.00	1.00	1.00	0.00	0.00	0	|	rapi	0.00	0.00	0	|	94.0	0.00(94)	0.00(94)	|	1594	
594	1084	ok	|	0.00	1.00	1.00	0.00	0.00	0	|	rapi	0.00	0.00	0	|	94.0	0.00(94)	0.00(94)	|	1594	
594	1085	ok	|	0.00	1.00	1.00	0.00	0.00	0	|	rapi	0.00	0.00	0	|	94.0	0.00(94)	0.00(94)	|	1594	
594	1086	fail-0	|	0.00	1.00	1.00	0.00	NaN	0	|	rapi	0.00	0.00	0	|	NaN			|	1594	
