5970	0	ok	|	0.09	1.00	1.00	0.10	0.00	0	|	rapi	0.00	0.00	0	|	25.0	0.10(25)		|	1	
5970	1	ok	|	0.09	1.00	1.00	0.10	0.00	0	|	rapi	0.00	0.00	0	|	25.0	0.10(25)		|	1	
5970	2	ok	|	0.11	1.00	1.00	0.12	0.00	0	|	rapi	0.00	0.00	0	|	25.0	0.12(25)		|	1	
5970	3	ok	|	0.12	1.00	1.00	0.14	0.00	0	|	rapi	0.00	0.00	0	|	25.0	0.14(25)		|	1	
5970	4	ok	|	0.12	1.00	1.00	0.14	0.00	0	|	rapi	0.00	0.00	0	|	25.0	0.14(25)		|	1	
5970	5	ok	|	0.14	1.00	1.00	0.17	0.00	0	|	rapi	0.00	0.00	0	|	25.0	0.17(25)		|	1	
5970	6	ok	|	0.14	1.00	1.00	0.18	0.00	0	|	rapi	0.00	0.00	0	|	25.0	0.18(25)		|	1	
5970	7	ok	|	0.16	1.00	1.00	0.23	0.00	0	|	rapi	0.00	0.00	0	|	25.0	0.23(25)		|	1	
5970	8	ok	|	0.19	1.00	1.00	0.28	0.00	0	|	rapi	0.00	0.00	0	|	25.0	0.28(25)		|	1	
5970	9	ok	|	0.21	1.00	1.00	0.32	0.00	0	|	rapi	0.00	0.00	0	|	25.0	0.32(25)		|	1	
5970	10	ok	|	0.25	1.00	1.00	0.38	0.00	0	|	rapi	0.00	0.00	0	|	25.0	0.38(25)		|	1	
5970	11	ok	|	0.30	1.00	1.00	0.46	0.00	0	|	rapi	0.00	0.00	0	|	25.0	0.46(25)		|	1	
5970	12	ok	|	0.35	0.99	0.99	0.55	0.00	0	|	rapi	0.00	0.00	0	|	25.0	0.55(25)		|	1	
5970	13	ok	|	0.40	0.99	0.99	0.61	0.00	0	|	rapi	0.00	0.00	0	|	25.0	0.61(25)		|	1	
5970	14	ok	|	0.42	0.99	0.99	0.69	0.00	0	|	rapi	0.00	0.00	0	|	25.0	0.69(25)		|	1	
5970	15	ok	|	0.47	0.99	0.99	0.80	0.00	0	|	rapi	0.00	0.00	0	|	25.0	0.80(25)		|	1	
5970	16	ok	|	0.52	0.99	0.99	0.94	0.00	0	|	rapi	0.00	0.00	0	|	25.0	0.94(25)		|	1	
5970	17	ok	|	0.56	0.99	0.99	1.06	0.00	0	|	rapi	0.00	0.00	0	|	25.0	1.06(25)		|	1	
5970	18	ok	|	0.64	0.99	0.99	1.33	0.00	0	|	rapi	0.00	0.00	0	|	25.0	1.33(25)		|	1	
5970	19	ok	|	0.68	0.98	0.98	1.52	0.00	0	|	rapi	0.00	0.00	0	|	25.0	1.52(25)		|	1	
5970	20	ok	|	0.76	0.98	0.98	1.76	0.00	0	|	rapi	0.00	0.00	0	|	25.0	1.76(25)		|	1	
5970	21	ok	|	0.81	0.98	0.98	2.08	0.00	0	|	rapi	0.00	0.00	0	|	25.0	2.08(25)		|	1	
5970	22	ok	|	0.86	0.98	0.98	2.48	0.00	0	|	rapi	0.00	0.00	0	|	25.0	2.48(25)		|	1	
5970	23	ok	|	0.91	0.97	0.97	2.99	0.00	0	|	rapi	0.00	0.00	0	|	25.0	2.99(25)		|	1	
5970	24	ok	|	0.94	0.96	0.96	3.57	0.00	0	|	rapi	0.00	0.00	0	|	25.0	3.57(25)		|	1	
5970	25	ok	|	0.96	0.96	0.96	4.31	0.00	0	|	rapi	0.00	0.00	0	|	25.0	4.31(25)	0.00(25)	|	1	
5970	26	ok	|	0.98	0.95	0.95	5.04	0.00	0	|	rapi	0.00	0.00	0	|	25.0	5.04(25)	0.00(25)	|	1	
5970	27	ok	|	0.98	0.94	0.94	6.19	0.00	0	|	rapi	0.00	0.00	0	|	25.0	6.19(25)	0.00(25)	|	1	
5970	28	ok	|	1.00	0.93	0.93	7.12	0.00	0	|	rapi	0.00	0.00	0	|	25.0	7.12(25)	0.00(25)	|	1	
5970	29	ok	|	1.00	0.92	0.92	8.49	0.00	0	|	rapi	0.00	0.00	0	|	25.0	8.49(25)	0.00(25)	|	1	
5970	30	ok	|	1.00	0.90	0.90	10.14	0.00	0	|	rapi	0.00	0.00	0	|	25.0	10.14(25)	0.00(25)	|	1	
5970	31	ok	|	1.00	0.88	0.88	11.87	0.00	0	|	rapi	0.01	0.01	0	|	25.0	11.87(25)	0.01(25)	|	1	
5970	32	ok	|	1.00	0.86	0.86	14.08	0.00	0	|	rapi	0.00	0.00	0	|	25.0	14.08(25)	0.00(25)	|	1	
5970	33	ok	|	1.00	0.83	0.83	16.54	0.00	0	|	rapi	0.00	0.00	0	|	25.0	16.54(25)	0.00(25)	|	1	
5970	34	ok	|	1.00	0.81	0.81	19.50	0.00	0	|	rapi	0.00	0.00	0	|	25.0	19.50(25)	0.00(25)	|	1	
5970	35	ok	|	1.00	0.77	0.77	22.99	0.00	0	|	rapi	0.00	0.00	0	|	25.0	22.99(25)	0.00(25)	|	1	
5970	36	ok	|	1.00	0.73	0.73	26.61	0.00	0	|	rapi	0.00	0.00	0	|	25.0	26.61(25)	0.00(25)	|	1	
5970	37	ok	|	1.00	0.69	0.69	31.34	0.00	0	|	rapi	0.00	0.00	0	|	25.0	31.34(25)	0.00(25)	|	1	
5970	38	ok	|	1.00	0.63	0.63	36.65	0.00	0	|	rapi	0.00	0.00	0	|	25.0	36.65(25)		|	1	
5970	39	ok	|	1.00	0.57	0.57	42.61	0.00	0	|	rapi	0.00	0.00	0	|	25.0	42.61(25)	0.00(25)	|	1	
5970	40	ok	|	1.00	0.50	0.50	49.70	0.00	0	|	rapi	0.00	0.00	0	|	25.0	49.70(25)	0.00(25)	|	1	
5970	41	ok	|	1.00	0.43	0.43	57.47	0.00	0	|	rapi	0.00	0.00	0	|	25.0	57.47(25)	0.00(25)	|	1	
5970	42	ok	|	1.00	0.33	0.33	66.72	0.00	0	|	rapi	0.00	0.00	0	|	25.0	66.72(25)	0.00(25)	|	1	
5970	43	ok	|	1.00	0.24	0.24	76.21	0.00	0	|	rapi	0.01	0.01	0	|	25.0	76.21(25)	0.01(25)	|	1	
5970	44	ok	|	1.00	0.15	0.15	85.39	0.00	0	|	rapi	0.02	0.02	0	|	25.0	85.39(25)	0.02(25)	|	1	
5970	45	fail-w	|	1.00	0.09	0.09	93.20	0.00	0	|	rapi	0.03	0.03	0	|	25.0	93.20(25)	0.03(25)	|	1	
