5971	0	ok	|	0.10	1.00	1.00	0.10	0.00	0	|	rapi	0.08	0.09	0	|	18.0	0.10(18)	0.09(18)	|	7706	
5971	1	ok	|	0.10	1.00	1.00	0.11	0.00	0	|	rapi	0.09	0.09	0	|	18.0	0.11(18)	0.09(18)	|	7706	
5971	2	ok	|	0.12	1.00	1.00	0.13	0.00	0	|	rapi	0.10	0.10	0	|	18.0	0.13(18)	0.10(18)	|	7706	
5971	3	ok	|	0.11	1.00	1.00	0.12	0.00	0	|	rapi	0.10	0.10	0	|	18.0	0.12(18)	0.10(18)	|	7706	
5971	4	ok	|	0.13	1.00	1.00	0.14	0.00	0	|	rapi	0.11	0.12	0	|	18.0	0.14(18)	0.12(18)	|	7706	
5971	5	ok	|	0.12	1.00	1.00	0.13	0.00	0	|	rapi	0.10	0.11	0	|	18.0	0.13(18)	0.11(18)	|	7706	
5971	6	ok	|	0.12	1.00	1.00	0.14	0.00	0	|	rapi	0.11	0.12	0	|	18.0	0.14(18)	0.12(18)	|	7706	
5971	7	ok	|	0.13	1.00	1.00	0.14	0.00	0	|	rapi	0.12	0.13	0	|	18.0	0.14(18)	0.13(18)	|	7706	
5971	8	ok	|	0.13	1.00	1.00	0.14	0.00	0	|	rapi	0.12	0.13	0	|	18.0	0.14(18)	0.13(18)	|	7706	
5971	9	ok	|	0.14	1.00	1.00	0.15	0.00	0	|	rapi	0.14	0.14	0	|	18.0	0.15(18)	0.14(18)	|	7706	
5971	10	ok	|	0.15	1.00	1.00	0.17	0.00	0	|	rapi	0.15	0.15	0	|	18.0	0.17(18)	0.15(18)	|	7706	
5971	11	ok	|	0.15	1.00	1.00	0.17	0.00	0	|	rapi	0.14	0.15	0	|	18.0	0.17(18)	0.15(18)	|	7706	
5971	12	ok	|	0.16	1.00	1.00	0.17	0.00	0	|	rapi	0.15	0.16	0	|	18.0	0.17(18)	0.16(18)	|	7706	
5971	13	ok	|	0.19	1.00	1.00	0.21	0.00	0	|	rapi	0.17	0.18	0	|	18.0	0.21(18)	0.18(18)	|	7706	
5971	14	ok	|	0.17	1.00	1.00	0.19	0.00	0	|	rapi	0.17	0.17	0	|	18.0	0.19(18)	0.17(18)	|	7706	
5971	15	ok	|	0.17	1.00	1.00	0.18	0.00	0	|	rapi	0.16	0.17	0	|	18.0	0.18(18)	0.17(18)	|	7706	
5971	16	ok	|	0.16	1.00	1.00	0.18	0.00	0	|	rapi	0.15	0.17	0	|	18.0	0.18(18)	0.17(18)	|	7706	
5971	17	ok	|	0.15	1.00	1.00	0.16	0.00	0	|	rapi	0.14	0.15	0	|	18.0	0.16(18)	0.15(18)	|	7706	
5971	18	ok	|	0.15	1.00	1.00	0.16	0.00	0	|	rapi	0.14	0.14	0	|	18.0	0.16(18)	0.14(18)	|	7706	
5971	19	ok	|	0.15	1.00	1.00	0.15	0.00	0	|	rapi	0.14	0.14	0	|	18.0	0.15(18)	0.14(18)	|	7706	
5971	20	ok	|	0.14	1.00	1.00	0.15	0.00	0	|	rapi	0.13	0.14	0	|	18.0	0.15(18)	0.14(18)	|	7706	
5971	21	ok	|	0.12	1.00	1.00	0.13	0.00	0	|	rapi	0.12	0.12	0	|	18.0	0.13(18)	0.12(18)	|	7706	
5971	22	ok	|	0.12	1.00	1.00	0.13	0.00	0	|	rapi	0.12	0.12	0	|	18.0	0.13(18)	0.12(18)	|	7706	
5971	23	ok	|	0.15	1.00	1.00	0.16	0.00	0	|	rapi	0.14	0.15	0	|	18.0	0.16(18)	0.15(18)	|	7706	
5971	24	ok	|	0.13	1.00	1.00	0.14	0.00	0	|	rapi	0.12	0.13	0	|	18.0	0.14(18)	0.13(18)	|	7706	
5971	25	ok	|	0.15	1.00	1.00	0.17	0.00	0	|	rapi	0.14	0.15	0	|	18.0	0.17(18)	0.15(18)	|	7706	
5971	26	ok	|	0.15	1.00	1.00	0.17	0.00	0	|	rapi	0.15	0.15	0	|	18.0	0.17(18)	0.15(18)	|	7706	
5971	27	ok	|	0.17	1.00	1.00	0.19	0.01	0	|	rapi	0.16	0.17	0	|	18.0	0.19(18)	0.17(18)	|	7706	
5971	28	ok	|	0.17	1.00	1.00	0.20	0.01	0	|	rapi	0.16	0.18	0	|	18.0	0.20(18)	0.18(18)	|	7706	
5971	29	ok	|	0.17	1.00	1.00	0.18	0.00	0	|	rapi	0.16	0.17	0	|	18.0	0.18(18)	0.17(18)	|	7706	
5971	30	ok	|	0.18	1.00	1.00	0.20	0.00	0	|	rapi	0.17	0.18	0	|	18.0	0.20(18)	0.18(18)	|	7706	
5971	31	ok	|	0.16	1.00	1.00	0.18	0.00	0	|	rapi	0.16	0.17	0	|	18.0	0.18(18)	0.17(18)	|	7706	
5971	32	ok	|	0.17	1.00	1.00	0.19	0.01	0	|	rapi	0.16	0.17	0	|	18.0	0.19(18)	0.17(18)	|	7706	
5971	33	ok	|	0.18	1.00	1.00	0.20	0.00	0	|	rapi	0.17	0.18	0	|	18.0	0.20(18)	0.18(18)	|	7706	
5971	34	ok	|	0.20	1.00	1.00	0.21	0.01	0	|	rapi	0.19	0.20	0	|	18.0	0.21(18)	0.20(18)	|	7706	
5971	35	ok	|	0.22	1.00	1.00	0.24	0.01	0	|	rapi	0.20	0.22	0	|	18.0	0.24(18)	0.22(18)	|	7706	
5971	36	ok	|	0.20	1.00	1.00	0.22	0.01	0	|	rapi	0.19	0.21	0	|	18.0	0.22(18)	0.21(18)	|	7706	
5971	37	ok	|	0.21	1.00	1.00	0.23	0.01	0	|	rapi	0.20	0.21	0	|	18.0	0.23(18)	0.21(18)	|	7706	
5971	38	ok	|	0.22	1.00	1.00	0.24	0.01	0	|	rapi	0.21	0.23	0	|	18.0	0.24(18)	0.23(18)	|	7706	
5971	39	ok	|	0.22	1.00	1.00	0.23	0.00	0	|	rapi	0.20	0.22	0	|	18.0	0.23(18)	0.22(18)	|	7706	
5971	40	ok	|	0.20	1.00	1.00	0.21	0.00	0	|	rapi	0.19	0.20	0	|	18.0	0.21(18)	0.20(18)	|	7706	
5971	41	ok	|	0.21	1.00	1.00	0.23	0.01	0	|	rapi	0.20	0.21	0	|	18.0	0.23(18)	0.21(18)	|	7706	
5971	42	ok	|	0.22	1.00	1.00	0.24	0.01	0	|	rapi	0.20	0.22	0	|	18.0	0.24(18)	0.22(18)	|	7706	
5971	43	ok	|	0.21	1.00	1.00	0.23	0.01	0	|	rapi	0.21	0.22	0	|	18.0	0.23(18)	0.22(18)	|	7706	
5971	44	ok	|	0.19	1.00	1.00	0.20	0.01	0	|	rapi	0.18	0.19	0	|	18.0	0.20(18)	0.19(18)	|	7706	
5971	45	ok	|	0.19	1.00	1.00	0.20	0.01	0	|	rapi	0.18	0.19	0	|	18.0	0.20(18)	0.19(18)	|	7706	
5971	46	ok	|	0.18	1.00	1.00	0.19	0.01	0	|	rapi	0.18	0.19	0	|	18.0	0.19(18)	0.19(18)	|	7706	
5971	47	ok	|	0.19	1.00	1.00	0.20	0.01	0	|	rapi	0.18	0.20	0	|	18.0	0.20(18)	0.20(18)	|	7706	
5971	48	ok	|	0.18	1.00	1.00	0.19	0.01	0	|	rapi	0.18	0.19	0	|	18.0	0.19(18)	0.19(18)	|	7706	
5971	49	ok	|	0.16	1.00	1.00	0.16	0.01	0	|	rapi	0.16	0.16	0	|	18.0	0.16(18)	0.16(18)	|	7706	
5971	50	ok	|	0.13	1.00	1.00	0.13	0.00	0	|	rapi	0.13	0.13	0	|	18.0	0.13(18)	0.13(18)	|	7706	
5971	51	ok	|	0.13	1.00	1.00	0.14	0.01	0	|	rapi	0.13	0.13	0	|	18.0	0.14(18)	0.13(18)	|	7706	
5971	52	ok	|	0.12	1.00	1.00	0.13	0.01	0	|	rapi	0.12	0.12	0	|	18.0	0.13(18)	0.12(18)	|	7706	
5971	53	ok	|	0.12	1.00	1.00	0.12	0.00	0	|	rapi	0.12	0.12	0	|	18.0	0.12(18)	0.12(18)	|	7706	
5971	54	ok	|	0.11	1.00	1.00	0.11	0.01	0	|	rapi	0.11	0.11	0	|	18.0	0.11(18)	0.11(18)	|	7706	
5971	55	ok	|	0.10	1.00	1.00	0.10	0.01	0	|	rapi	0.10	0.10	0	|	18.0	0.10(18)	0.10(18)	|	7706	
5971	56	ok	|	0.09	1.00	1.00	0.09	0.00	0	|	rapi	0.09	0.09	0	|	18.0	0.09(18)	0.09(18)	|	7706	
5971	57	ok	|	0.08	1.00	1.00	0.09	0.01	0	|	rapi	0.08	0.09	0	|	18.0	0.09(18)	0.09(18)	|	7706	
5971	58	ok	|	0.09	1.00	1.00	0.09	0.01	0	|	rapi	0.09	0.09	0	|	18.0	0.09(18)	0.09(18)	|	7706	
5971	59	ok	|	0.08	1.00	1.00	0.08	0.01	0	|	rapi	0.08	0.08	0	|	18.0	0.08(18)	0.08(18)	|	7706	
5971	60	ok	|	0.10	1.00	1.00	0.10	0.01	0	|	rapi	0.10	0.10	0	|	18.0	0.10(18)	0.10(18)	|	7706	
5971	61	ok	|	0.10	1.00	1.00	0.11	0.01	0	|	rapi	0.10	0.11	0	|	18.0	0.11(18)	0.11(18)	|	7706	
5971	62	ok	|	0.11	1.00	1.00	0.11	0.01	0	|	rapi	0.11	0.11	0	|	18.0	0.11(18)	0.11(18)	|	7706	
5971	63	ok	|	0.10	1.00	1.00	0.11	0.01	0	|	rapi	0.10	0.11	0	|	18.0	0.11(18)	0.11(18)	|	7706	
5971	64	ok	|	0.09	1.00	1.00	0.09	0.01	0	|	rapi	0.09	0.09	0	|	18.0	0.09(18)	0.09(18)	|	7706	
5971	65	ok	|	0.08	1.00	1.00	0.09	0.01	0	|	rapi	0.08	0.09	0	|	18.0	0.09(18)	0.09(18)	|	7706	
5971	66	ok	|	0.08	1.00	1.00	0.09	0.01	0	|	rapi	0.08	0.09	0	|	18.0	0.09(18)	0.09(18)	|	7706	
5971	67	ok	|	0.07	1.00	1.00	0.07	0.01	0	|	rapi	0.07	0.07	0	|	18.0	0.07(18)	0.07(18)	|	7706	
5971	68	ok	|	0.07	1.00	1.00	0.07	0.01	0	|	rapi	0.07	0.07	0	|	18.0	0.07(18)	0.07(18)	|	7706	
5971	69	ok	|	0.06	1.00	1.00	0.06	0.01	0	|	rapi	0.06	0.06	0	|	18.0	0.06(18)	0.06(18)	|	7706	
5971	70	ok	|	0.07	1.00	1.00	0.07	0.01	0	|	rapi	0.07	0.07	0	|	18.0	0.07(18)	0.07(18)	|	7706	
5971	71	ok	|	0.06	1.00	1.00	0.07	0.01	0	|	rapi	0.06	0.07	0	|	18.0	0.07(18)	0.07(18)	|	7706	
5971	72	ok	|	0.05	1.00	1.00	0.05	0.01	0	|	rapi	0.05	0.05	0	|	18.0	0.05(18)	0.05(18)	|	7706	
5971	73	ok	|	0.05	1.00	1.00	0.05	0.01	0	|	rapi	0.05	0.05	0	|	18.0	0.05(18)	0.05(18)	|	7706	
5971	74	ok	|	0.05	1.00	1.00	0.05	0.01	0	|	rapi	0.05	0.05	0	|	18.0	0.05(18)	0.05(18)	|	7706	
5971	75	ok	|	0.06	1.00	1.00	0.06	0.01	0	|	rapi	0.06	0.06	0	|	18.0	0.06(18)	0.06(18)	|	7706	
5971	76	ok	|	0.05	1.00	1.00	0.05	0.01	0	|	rapi	0.05	0.05	0	|	18.0	0.05(18)	0.05(18)	|	7706	
5971	77	ok	|	0.04	1.00	1.00	0.04	0.01	0	|	rapi	0.04	0.04	0	|	18.0	0.04(18)	0.04(18)	|	7706	
5971	78	ok	|	0.04	1.00	1.00	0.04	0.01	0	|	rapi	0.04	0.04	0	|	18.0	0.04(18)	0.04(18)	|	7706	
5971	79	ok	|	0.04	1.00	1.00	0.04	0.01	0	|	rapi	0.04	0.04	0	|	18.0	0.04(18)	0.04(18)	|	7706	
5971	80	ok	|	0.04	1.00	1.00	0.04	0.01	0	|	rapi	0.04	0.04	0	|	18.0	0.04(18)	0.04(18)	|	7706	
5971	81	ok	|	0.04	1.00	1.00	0.04	0.01	0	|	rapi	0.04	0.04	0	|	18.0	0.04(18)	0.04(18)	|	7706	
5971	82	ok	|	0.03	1.00	1.00	0.03	0.01	0	|	rapi	0.03	0.03	0	|	18.0	0.03(18)	0.03(18)	|	7706	
5971	83	ok	|	0.05	1.00	1.00	0.05	0.01	0	|	rapi	0.05	0.05	0	|	18.0	0.05(18)	0.05(18)	|	7706	
5971	84	ok	|	0.04	1.00	1.00	0.04	0.01	0	|	rapi	0.04	0.04	0	|	18.0	0.04(18)	0.04(18)	|	7706	
5971	85	ok	|	0.03	1.00	1.00	0.03	0.01	0	|	rapi	0.03	0.03	0	|	18.0	0.03(18)	0.03(18)	|	7706	
5971	86	ok	|	0.03	1.00	1.00	0.03	0.01	0	|	rapi	0.03	0.03	0	|	18.0	0.03(18)	0.03(18)	|	7706	
5971	87	ok	|	0.04	1.00	1.00	0.04	0.01	0	|	rapi	0.04	0.04	0	|	18.0	0.04(18)	0.04(18)	|	7706	
5971	88	ok	|	0.03	1.00	1.00	0.03	0.01	0	|	rapi	0.03	0.03	0	|	18.0	0.03(18)	0.03(18)	|	7706	
5971	89	ok	|	0.03	1.00	1.00	0.03	0.00	0	|	rapi	0.03	0.03	0	|	18.0	0.03(18)	0.03(18)	|	7706	
5971	90	ok	|	0.03	1.00	1.00	0.03	0.00	0	|	rapi	0.03	0.03	0	|	18.0	0.03(18)	0.03(18)	|	7706	
5971	91	ok	|	0.02	1.00	1.00	0.02	0.00	0	|	rapi	0.02	0.02	0	|	18.0	0.02(18)	0.02(18)	|	7706	
5971	92	ok	|	0.02	1.00	1.00	0.02	0.00	0	|	rapi	0.02	0.02	0	|	18.0	0.02(18)	0.02(18)	|	7706	
5971	93	ok	|	0.02	1.00	1.00	0.02	0.00	0	|	rapi	0.02	0.02	0	|	18.0	0.02(18)	0.02(18)	|	7706	
5971	94	ok	|	0.02	1.00	1.00	0.02	0.00	0	|	rapi	0.02	0.02	0	|	18.0	0.02(18)	0.02(18)	|	7706	
5971	95	ok	|	0.01	1.00	1.00	0.01	0.00	0	|	rapi	0.01	0.01	0	|	18.0	0.01(18)	0.01(18)	|	7706	
5971	96	ok	|	0.01	1.00	1.00	0.01	0.00	0	|	rapi	0.01	0.01	0	|	18.0	0.01(18)	0.01(18)	|	7706	
5971	97	ok	|	0.01	1.00	1.00	0.01	0.00	0	|	rapi	0.01	0.01	0	|	18.0	0.01(18)	0.01(18)	|	7706	
5971	98	ok	|	0.01	1.00	1.00	0.01	0.00	0	|	rapi	0.01	0.01	0	|	18.0	0.01(18)	0.01(18)	|	7706	
5971	99	ok	|	0.01	1.00	1.00	0.01	0.00	0	|	rapi	0.01	0.01	0	|	18.0	0.01(18)	0.01(18)	|	7706	
5971	100	ok	|	0.02	1.00	1.00	0.02	0.00	0	|	rapi	0.02	0.02	0	|	18.0	0.02(18)	0.02(18)	|	7706	
5971	101	ok	|	0.01	1.00	1.00	0.01	0.00	0	|	rapi	0.01	0.01	0	|	18.0	0.01(18)	0.01(18)	|	7706	
5971	102	ok	|	0.02	1.00	1.00	0.02	0.00	0	|	rapi	0.02	0.02	0	|	18.0	0.02(18)	0.02(18)	|	7706	
5971	103	ok	|	0.01	1.00	1.00	0.01	0.00	0	|	rapi	0.01	0.01	0	|	18.0	0.01(18)	0.01(18)	|	7706	
5971	104	ok	|	0.02	1.00	1.00	0.02	0.00	0	|	rapi	0.02	0.02	0	|	18.0	0.02(18)	0.02(18)	|	7706	
5971	105	ok	|	0.01	1.00	1.00	0.01	0.00	0	|	rapi	0.01	0.01	0	|	18.0	0.01(18)	0.01(18)	|	7706	
5971	106	ok	|	0.01	1.00	1.00	0.01	0.00	0	|	rapi	0.01	0.01	0	|	18.0	0.01(18)	0.01(18)	|	7706	
5971	107	ok	|	0.00	1.00	1.00	0.00	0.00	0	|	rapi	0.00	0.00	0	|	18.0	0.00(18)	0.00(18)	|	7706	
5971	108	fail-0	|	0.00	1.00	1.00	0.00	NaN	0	|	rapi	0.00	0.00	0	|	NaN			|	7706	
