6012	0	ok	|	0.10	1.00	1.00	0.10	0.00	0	|	rapi	0.00	0.00	0	|	-56.0	0.10(-56)		|	1	
6012	1	ok	|	0.11	1.00	1.00	0.12	0.00	0	|	rapi	0.00	0.00	0	|	-56.0	0.12(-56)		|	1	
6012	2	ok	|	0.12	1.00	1.00	0.14	0.00	0	|	rapi	0.00	0.00	0	|	-56.0	0.14(-56)		|	1	
6012	3	ok	|	0.14	1.00	1.00	0.17	0.00	0	|	rapi	0.00	0.00	0	|	-56.0	0.17(-56)		|	1	
6012	4	ok	|	0.15	1.00	1.00	0.18	0.00	0	|	rapi	0.00	0.00	0	|	-56.0	0.18(-56)		|	1	
6012	5	ok	|	0.17	1.00	1.00	0.23	0.00	0	|	rapi	0.00	0.00	0	|	-56.0	0.23(-56)		|	1	
6012	6	ok	|	0.22	1.00	1.00	0.34	0.00	0	|	rapi	0.00	0.00	0	|	-56.0	0.34(-56)		|	1	
6012	7	ok	|	0.22	1.00	1.00	0.33	0.00	0	|	rapi	0.00	0.00	0	|	-56.0	0.33(-56)		|	1	
6012	8	ok	|	0.23	1.00	1.00	0.34	0.00	0	|	rapi	0.00	0.00	0	|	-56.0	0.34(-56)		|	1	
6012	9	ok	|	0.27	1.00	1.00	0.42	0.00	0	|	rapi	0.00	0.00	0	|	-56.0	0.42(-56)		|	1	
6012	10	ok	|	0.32	0.99	0.99	0.52	0.00	0	|	rapi	0.00	0.00	0	|	-56.0	0.52(-56)		|	1	
6012	11	ok	|	0.36	0.99	0.99	0.59	0.00	0	|	rapi	0.00	0.00	0	|	-56.0	0.59(-56)		|	1	
6012	12	ok	|	0.42	0.99	0.99	0.69	0.00	0	|	rapi	0.00	0.00	0	|	-56.0	0.69(-56)		|	1	
6012	13	ok	|	0.48	0.99	0.99	0.84	0.00	0	|	rapi	0.00	0.00	0	|	-56.0	0.84(-56)		|	1	
6012	14	ok	|	0.55	0.99	0.99	1.00	0.00	0	|	rapi	0.00	0.00	0	|	-56.0	1.00(-56)		|	1	
6012	15	ok	|	0.60	0.99	0.99	1.18	0.00	0	|	rapi	0.00	0.00	0	|	-56.0	1.18(-56)		|	1	
6012	16	ok	|	0.66	0.99	0.99	1.41	0.00	0	|	rapi	0.00	0.00	0	|	-56.0	1.41(-56)		|	1	
6012	17	ok	|	0.73	0.98	0.98	1.67	0.00	0	|	rapi	0.00	0.00	0	|	-56.0	1.67(-56)		|	1	
6012	18	ok	|	0.78	0.98	0.98	1.98	0.00	0	|	rapi	0.00	0.00	0	|	-56.0	1.98(-56)		|	1	
6012	19	ok	|	0.83	0.98	0.98	2.31	0.00	0	|	rapi	0.00	0.00	0	|	-56.0	2.31(-56)		|	1	
6012	20	ok	|	0.87	0.97	0.97	2.59	0.00	0	|	rapi	0.00	0.00	0	|	-56.0	2.59(-56)		|	1	
6012	21	ok	|	0.90	0.97	0.97	3.05	0.00	0	|	rapi	0.00	0.00	0	|	-56.0	3.05(-56)		|	1	
6012	22	ok	|	0.94	0.96	0.96	3.60	0.00	0	|	rapi	0.00	0.00	0	|	-56.0	3.60(-56)		|	1	
6012	23	ok	|	0.96	0.96	0.96	4.22	0.00	0	|	rapi	0.00	0.00	0	|	-56.0	4.22(-56)		|	1	
6012	24	ok	|	0.98	0.95	0.95	4.92	0.00	0	|	rapi	0.00	0.00	0	|	-56.0	4.92(-56)		|	1	
6012	25	ok	|	0.98	0.94	0.94	5.68	0.00	0	|	rapi	0.00	0.00	0	|	-56.0	5.68(-56)		|	1	
6012	26	ok	|	0.99	0.93	0.93	6.77	0.00	0	|	rapi	0.00	0.00	0	|	-56.0	6.77(-56)		|	1	
6012	27	ok	|	1.00	0.92	0.92	8.12	0.00	0	|	rapi	0.00	0.00	0	|	-56.0	8.12(-56)		|	1	
6012	28	ok	|	1.00	0.90	0.90	9.50	0.00	0	|	rapi	0.00	0.00	0	|	-56.0	9.50(-56)		|	1	
6012	29	ok	|	1.00	0.89	0.89	11.26	0.00	0	|	rapi	0.00	0.00	0	|	-56.0	11.26(-56)		|	1	
6012	30	ok	|	1.00	0.87	0.87	13.27	0.00	0	|	rapi	0.00	0.00	0	|	-56.0	13.27(-56)		|	1	
6012	31	ok	|	1.00	0.84	0.84	15.65	0.00	0	|	rapi	0.00	0.00	0	|	-56.0	15.65(-56)		|	1	
6012	32	ok	|	1.00	0.82	0.82	18.41	0.00	0	|	rapi	0.00	0.00	0	|	-56.0	18.41(-56)		|	1	
6012	33	ok	|	1.00	0.78	0.78	21.63	0.00	0	|	rapi	0.00	0.00	0	|	-56.0	21.63(-56)		|	1	
6012	34	ok	|	1.00	0.75	0.75	25.46	0.00	0	|	rapi	0.00	0.00	0	|	-56.0	25.46(-56)		|	1	
6012	35	ok	|	1.00	0.70	0.70	29.91	0.00	0	|	rapi	0.00	0.00	0	|	-56.0	29.91(-56)		|	1	
6012	36	ok	|	1.00	0.65	0.65	35.01	0.00	0	|	rapi	0.00	0.00	0	|	-56.0	35.01(-56)		|	1	
6012	37	ok	|	1.00	0.59	0.59	40.76	0.00	0	|	rapi	0.00	0.00	0	|	-56.0	40.76(-56)		|	1	
6012	38	ok	|	1.00	0.52	0.52	47.73	0.00	0	|	rapi	0.00	0.00	0	|	-56.0	47.73(-56)		|	1	
6012	39	ok	|	1.00	0.45	0.45	55.48	0.00	0	|	rapi	0.00	0.00	0	|	-56.0	55.48(-56)		|	1	
6012	40	ok	|	1.00	0.35	0.35	64.63	0.00	0	|	rapi	0.00	0.00	0	|	-56.0	64.63(-56)	0.00(-56)	|	1	
6012	41	ok	|	1.00	0.25	0.25	74.63	0.00	0	|	rapi	0.00	0.00	0	|	-56.0	74.63(-56)	0.00(-56)	|	1	
6012	42	ok	|	1.00	0.16	0.16	84.59	0.00	0	|	rapi	0.00	0.00	0	|	-56.0	84.59(-56)	0.00(-56)	|	1	
6012	43	fail-w	|	1.00	0.08	0.08	93.78	0.00	0	|	rapi	0.00	0.00	0	|	-56.0	93.78(-56)	0.00(-56)	|	1	
