611	0	ok	|	0.10	1.00	1.00	0.10	0.00	0	|	rapi	0.00	0.00	0	|	-55.0	0.10(-55)		|	1	
611	1	ok	|	0.10	1.00	1.00	0.12	0.00	0	|	rapi	0.00	0.00	0	|	-55.0	0.12(-55)		|	1	
611	2	ok	|	0.12	1.00	1.00	0.16	0.00	0	|	rapi	0.00	0.00	0	|	-55.0	0.16(-55)		|	1	
611	3	ok	|	0.14	1.00	1.00	0.20	0.00	0	|	rapi	0.00	0.00	0	|	-55.0	0.20(-55)		|	1	
611	4	ok	|	0.15	1.00	1.00	0.20	0.00	0	|	rapi	0.00	0.00	0	|	-55.0	0.20(-55)		|	1	
611	5	ok	|	0.15	1.00	1.00	0.21	0.00	0	|	rapi	0.00	0.00	0	|	-55.0	0.21(-55)		|	1	
611	6	ok	|	0.17	1.00	1.00	0.23	0.00	0	|	rapi	0.00	0.00	0	|	-55.0	0.23(-55)		|	1	
611	7	ok	|	0.22	1.00	1.00	0.29	0.00	0	|	rapi	0.00	0.00	0	|	-55.0	0.29(-55)		|	1	
611	8	ok	|	0.27	1.00	1.00	0.42	0.00	0	|	rapi	0.00	0.00	0	|	-55.0	0.42(-55)		|	1	
611	9	ok	|	0.32	0.99	0.99	0.51	0.00	0	|	rapi	0.00	0.00	0	|	-55.0	0.51(-55)		|	1	
611	10	ok	|	0.38	0.99	0.99	0.62	0.00	0	|	rapi	0.00	0.00	0	|	-55.0	0.62(-55)		|	1	
611	11	ok	|	0.40	0.99	0.99	0.72	0.00	0	|	rapi	0.00	0.00	0	|	-55.0	0.72(-55)		|	1	
611	12	ok	|	0.48	0.99	0.99	0.90	0.00	0	|	rapi	0.00	0.00	0	|	-55.0	0.90(-55)		|	1	
611	13	ok	|	0.55	0.99	0.99	1.04	0.00	0	|	rapi	0.00	0.00	0	|	-55.0	1.04(-55)		|	1	
611	14	ok	|	0.62	0.99	0.99	1.30	0.00	0	|	rapi	0.00	0.00	0	|	-55.0	1.30(-55)		|	1	
611	15	ok	|	0.67	0.98	0.98	1.52	0.00	0	|	rapi	0.00	0.00	0	|	-55.0	1.52(-55)		|	1	
611	16	ok	|	0.73	0.98	0.98	1.76	0.00	0	|	rapi	0.00	0.00	0	|	-55.0	1.76(-55)		|	1	
611	17	ok	|	0.78	0.98	0.98	2.00	0.00	0	|	rapi	0.00	0.00	0	|	-55.0	2.00(-55)		|	1	
611	18	ok	|	0.83	0.98	0.98	2.37	0.00	0	|	rapi	0.00	0.00	0	|	-55.0	2.37(-55)		|	1	
611	19	ok	|	0.86	0.97	0.97	2.72	0.00	0	|	rapi	0.00	0.00	0	|	-55.0	2.72(-55)		|	1	
611	20	ok	|	0.90	0.97	0.97	3.21	0.00	0	|	rapi	0.00	0.00	0	|	-55.0	3.21(-55)		|	1	
611	21	ok	|	0.93	0.96	0.96	3.66	0.00	0	|	rapi	0.00	0.00	0	|	-55.0	3.66(-55)		|	1	
611	22	ok	|	0.96	0.96	0.96	4.22	0.00	0	|	rapi	0.00	0.00	0	|	-55.0	4.22(-55)		|	1	
611	23	ok	|	0.98	0.95	0.95	5.02	0.00	0	|	rapi	0.00	0.00	0	|	-55.0	5.02(-55)		|	1	
611	24	ok	|	0.99	0.94	0.94	5.95	0.00	0	|	rapi	0.00	0.00	0	|	-55.0	5.95(-55)		|	1	
611	25	ok	|	0.99	0.93	0.93	7.24	0.00	0	|	rapi	0.00	0.00	0	|	-55.0	7.24(-55)		|	1	
611	26	ok	|	1.00	0.92	0.92	8.42	0.00	0	|	rapi	0.00	0.00	0	|	-55.0	8.42(-55)	0.00(-55)	|	1	
611	27	ok	|	1.00	0.90	0.90	9.95	0.00	0	|	rapi	0.00	0.00	0	|	-55.0	9.95(-55)	0.00(-55)	|	1	
611	28	ok	|	1.00	0.88	0.88	11.66	0.00	0	|	rapi	0.00	0.00	0	|	-55.0	11.66(-55)	0.00(-55)	|	1	
611	29	ok	|	1.00	0.86	0.86	13.80	0.00	0	|	rapi	0.00	0.00	0	|	-55.0	13.80(-55)	0.00(-55)	|	1	
611	30	ok	|	1.00	0.84	0.84	16.43	0.00	0	|	rapi	0.00	0.00	0	|	-55.0	16.43(-55)	0.00(-55)	|	1	
611	31	ok	|	1.00	0.80	0.80	19.61	0.00	0	|	rapi	0.00	0.00	0	|	-55.0	19.61(-55)	0.00(-55)	|	1	
611	32	ok	|	1.00	0.77	0.77	22.89	0.00	0	|	rapi	0.00	0.00	0	|	-55.0	22.89(-55)	0.00(-55)	|	1	
611	33	ok	|	1.00	0.73	0.73	27.17	0.00	0	|	rapi	0.00	0.00	0	|	-55.0	27.17(-55)		|	1	
611	34	ok	|	1.00	0.68	0.68	31.77	0.00	0	|	rapi	0.00	0.00	0	|	-55.0	31.77(-55)		|	1	
611	35	ok	|	1.00	0.63	0.63	37.27	0.00	0	|	rapi	0.00	0.00	0	|	-55.0	37.27(-55)		|	1	
611	36	ok	|	1.00	0.57	0.57	43.18	0.00	0	|	rapi	0.00	0.00	0	|	-55.0	43.18(-55)		|	1	
611	37	ok	|	1.00	0.50	0.50	50.41	0.00	0	|	rapi	0.00	0.00	0	|	-55.0	50.41(-55)	0.00(-55)	|	1	
611	38	ok	|	1.00	0.42	0.42	58.36	0.00	0	|	rapi	0.00	0.00	0	|	-55.0	58.36(-55)	0.00(-55)	|	1	
611	39	ok	|	1.00	0.33	0.33	67.21	0.00	0	|	rapi	0.00	0.00	0	|	-55.0	67.21(-55)	0.00(-55)	|	1	
611	40	ok	|	1.00	0.22	0.22	77.89	0.00	0	|	rapi	0.00	0.00	0	|	-55.0	77.89(-55)	0.00(-55)	|	1	
611	41	ok	|	1.00	0.13	0.13	88.00	0.00	0	|	rapi	0.01	0.01	0	|	-55.0	88.00(-55)	0.01(-55)	|	1	
611	42	fail-w	|	1.00	0.06	0.06	96.16	0.00	0	|	rapi	0.00	0.00	0	|	-55.0	96.16(-55)	0.00(-55)	|	1	
