6128	0	ok	|	0.10	1.00	1.00	0.10	0.00	0	|	rapi	0.00	0.00	0	|	-65.0	0.10(-65)		|	7	
6128	1	ok	|	0.12	1.00	1.00	0.13	0.00	0	|	rapi	0.00	0.00	0	|	-65.0	0.13(-65)		|	7	
6128	2	ok	|	0.14	1.00	1.00	0.17	0.00	0	|	rapi	0.00	0.00	0	|	-65.0	0.17(-65)		|	7	
6128	3	ok	|	0.17	1.00	1.00	0.23	0.00	0	|	rapi	0.00	0.00	0	|	-65.0	0.23(-65)		|	7	
6128	4	ok	|	0.19	1.00	1.00	0.27	0.00	0	|	rapi	0.00	0.00	0	|	-65.0	0.27(-65)		|	7	
6128	5	ok	|	0.22	1.00	1.00	0.32	0.00	0	|	rapi	0.00	0.00	0	|	-65.0	0.32(-65)		|	7	
6128	6	ok	|	0.23	1.00	1.00	0.32	0.00	0	|	rapi	0.00	0.00	0	|	-65.0	0.32(-65)		|	7	
6128	7	ok	|	0.24	1.00	1.00	0.34	0.00	0	|	rapi	0.00	0.00	0	|	-65.0	0.34(-65)		|	7	
6128	8	ok	|	0.29	1.00	1.00	0.40	0.00	0	|	rapi	0.00	0.00	0	|	-65.0	0.40(-65)		|	7	
6128	9	ok	|	0.34	1.00	1.00	0.49	0.00	0	|	rapi	0.00	0.00	0	|	-65.0	0.49(-65)		|	7	
6128	10	ok	|	0.40	0.99	0.99	0.61	0.00	0	|	rapi	0.00	0.00	0	|	-65.0	0.61(-65)		|	7	
6128	11	ok	|	0.43	0.99	0.99	0.76	0.00	0	|	rapi	0.00	0.00	0	|	-65.0	0.76(-65)		|	7	
6128	12	ok	|	0.48	0.99	0.99	0.85	0.00	0	|	rapi	0.00	0.00	0	|	-65.0	0.85(-65)		|	7	
6128	13	ok	|	0.53	0.99	0.99	1.03	0.00	0	|	rapi	0.00	0.00	0	|	-65.0	1.03(-65)		|	7	
6128	14	ok	|	0.59	0.99	0.99	1.17	0.00	0	|	rapi	0.00	0.00	0	|	-65.0	1.17(-65)		|	7	
6128	15	ok	|	0.62	0.99	0.99	1.29	0.00	0	|	rapi	0.00	0.00	0	|	-65.0	1.29(-65)		|	7	
6128	16	ok	|	0.68	0.99	0.99	1.47	0.00	0	|	rapi	0.00	0.00	0	|	-65.0	1.47(-65)		|	7	
6128	17	ok	|	0.71	0.98	0.98	1.61	0.00	0	|	rapi	0.00	0.00	0	|	-65.0	1.61(-65)		|	7	
6128	18	ok	|	0.73	0.98	0.98	1.80	0.00	0	|	rapi	0.00	0.00	0	|	-65.0	1.80(-65)		|	7	
6128	19	ok	|	0.80	0.98	0.98	2.08	0.00	0	|	rapi	0.00	0.00	0	|	-65.0	2.08(-65)		|	7	
6128	20	ok	|	0.87	0.98	0.98	2.46	0.00	0	|	rapi	0.00	0.00	0	|	-65.0	2.46(-65)		|	7	
6128	21	ok	|	0.89	0.97	0.97	2.93	0.00	0	|	rapi	0.00	0.00	0	|	-65.0	2.93(-65)		|	7	
6128	22	ok	|	0.94	0.96	0.96	3.59	0.00	0	|	rapi	0.00	0.00	0	|	-65.0	3.59(-65)	0.00(-65)	|	7	
6128	23	ok	|	0.96	0.96	0.96	4.35	0.00	0	|	rapi	0.00	0.00	0	|	-65.0	4.35(-65)	0.00(-65)	|	7	
6128	24	ok	|	0.98	0.95	0.95	5.13	0.00	0	|	rapi	0.00	0.00	0	|	-65.0	5.13(-65)	0.00(-65)	|	7	
6128	25	ok	|	0.99	0.94	0.94	5.93	0.00	0	|	rapi	0.00	0.00	0	|	-65.0	5.93(-65)	0.00(-65)	|	7	
6128	26	ok	|	1.00	0.93	0.93	6.81	0.00	0	|	rapi	0.00	0.00	0	|	-65.0	6.81(-65)	0.00(-65)	|	7	
6128	27	ok	|	1.00	0.92	0.92	7.89	0.00	0	|	rapi	0.00	0.00	0	|	-65.0	7.89(-65)		|	7	
6128	28	ok	|	1.00	0.91	0.91	9.31	0.00	0	|	rapi	0.00	0.00	0	|	-65.0	9.31(-65)		|	7	
6128	29	ok	|	1.00	0.89	0.89	11.02	0.00	0	|	rapi	0.00	0.00	0	|	-65.0	11.02(-65)		|	7	
6128	30	ok	|	1.00	0.87	0.87	12.93	0.00	0	|	rapi	0.00	0.00	0	|	-65.0	12.93(-65)		|	7	
6128	31	ok	|	1.00	0.85	0.85	15.28	0.00	0	|	rapi	0.00	0.00	0	|	-65.0	15.28(-65)		|	7	
6128	32	ok	|	1.00	0.82	0.82	17.84	0.00	0	|	rapi	0.00	0.00	0	|	-65.0	17.84(-65)		|	7	
6128	33	ok	|	1.00	0.79	0.79	21.18	0.00	0	|	rapi	0.00	0.00	0	|	-65.0	21.18(-65)		|	7	
6128	34	ok	|	1.00	0.75	0.75	24.86	0.00	0	|	rapi	0.00	0.00	0	|	-65.0	24.86(-65)	0.00(-65)	|	7	
6128	35	ok	|	1.00	0.71	0.71	29.43	0.00	0	|	rapi	0.00	0.00	0	|	-65.0	29.43(-65)		|	7	
6128	36	ok	|	1.00	0.65	0.65	34.57	0.00	0	|	rapi	0.00	0.00	0	|	-65.0	34.57(-65)		|	7	
6128	37	ok	|	1.00	0.59	0.59	40.56	0.00	0	|	rapi	0.00	0.00	0	|	-65.0	40.56(-65)	0.00(-65)	|	7	
6128	38	ok	|	1.00	0.53	0.53	47.51	0.00	0	|	rapi	0.01	0.01	0	|	-65.0	47.51(-65)	0.01(-65)	|	7	
6128	39	ok	|	1.00	0.44	0.44	55.66	0.00	0	|	rapi	0.01	0.01	0	|	-65.0	55.66(-65)	0.01(-65)	|	7	
6128	40	ok	|	1.00	0.36	0.36	63.82	0.00	0	|	rapi	0.01	0.01	0	|	-65.0	63.82(-65)	0.01(-65)	|	7	
6128	41	ok	|	1.00	0.27	0.27	73.13	0.00	0	|	rapi	0.01	0.01	0	|	-65.0	73.13(-65)	0.01(-65)	|	7	
6128	42	ok	|	1.00	0.17	0.17	83.14	0.00	0	|	rapi	0.01	0.01	0	|	-65.0	83.14(-65)	0.01(-65)	|	7	
6128	43	fail-w	|	1.00	0.10	0.10	91.68	0.00	0	|	rapi	0.02	0.02	0	|	-65.0	91.68(-65)	0.02(-65)	|	7	
