6145	0	ok	|	0.10	1.00	1.00	0.10	0.00	0	|	rapi	0.00	0.00	0	|	-30.0	0.10(-30)		|	8	
6145	1	ok	|	0.10	1.00	1.00	0.12	0.00	0	|	rapi	0.00	0.00	0	|	-30.0	0.12(-30)		|	8	
6145	2	ok	|	0.11	1.00	1.00	0.13	0.00	0	|	rapi	0.00	0.00	0	|	-30.0	0.13(-30)		|	8	
6145	3	ok	|	0.13	1.00	1.00	0.16	0.00	0	|	rapi	0.00	0.00	0	|	-30.0	0.16(-30)		|	8	
6145	4	ok	|	0.14	1.00	1.00	0.19	0.00	0	|	rapi	0.00	0.00	0	|	-30.0	0.19(-30)		|	8	
6145	5	ok	|	0.16	1.00	1.00	0.22	0.00	0	|	rapi	0.00	0.00	0	|	-30.0	0.22(-30)		|	8	
6145	6	ok	|	0.20	1.00	1.00	0.28	0.00	0	|	rapi	0.00	0.00	0	|	-30.0	0.28(-30)		|	8	
6145	7	ok	|	0.22	1.00	1.00	0.33	0.00	0	|	rapi	0.00	0.00	0	|	-30.0	0.33(-30)		|	8	
6145	8	ok	|	0.27	1.00	1.00	0.40	0.00	0	|	rapi	0.00	0.00	0	|	-30.0	0.40(-30)		|	8	
6145	9	ok	|	0.32	1.00	1.00	0.49	0.00	0	|	rapi	0.00	0.00	0	|	-30.0	0.49(-30)		|	8	
6145	10	ok	|	0.38	0.99	0.99	0.58	0.00	0	|	rapi	0.00	0.00	0	|	-30.0	0.58(-30)		|	8	
6145	11	ok	|	0.45	0.99	0.99	0.73	0.00	0	|	rapi	0.00	0.00	0	|	-30.0	0.73(-30)		|	8	
6145	12	ok	|	0.51	0.99	0.99	0.88	0.00	0	|	rapi	0.00	0.00	0	|	-30.0	0.88(-30)		|	8	
6145	13	ok	|	0.58	0.99	0.99	1.07	0.00	0	|	rapi	0.00	0.00	0	|	-30.0	1.07(-30)		|	8	
6145	14	ok	|	0.64	0.99	0.99	1.29	0.00	0	|	rapi	0.00	0.00	0	|	-30.0	1.29(-30)		|	8	
6145	15	ok	|	0.69	0.99	0.99	1.47	0.00	0	|	rapi	0.00	0.00	0	|	-30.0	1.47(-30)		|	8	
6145	16	ok	|	0.75	0.98	0.98	1.78	0.00	0	|	rapi	0.00	0.00	0	|	-30.0	1.78(-30)		|	8	
6145	17	ok	|	0.81	0.98	0.98	2.12	0.00	0	|	rapi	0.00	0.00	0	|	-30.0	2.12(-30)		|	8	
6145	18	ok	|	0.86	0.97	0.97	2.52	0.00	0	|	rapi	0.00	0.00	0	|	-30.0	2.52(-30)		|	8	
6145	19	ok	|	0.90	0.97	0.97	2.90	0.00	0	|	rapi	0.00	0.00	0	|	-30.0	2.90(-30)		|	8	
6145	20	ok	|	0.93	0.96	0.96	3.50	0.00	0	|	rapi	0.00	0.00	0	|	-30.0	3.50(-30)		|	8	
6145	21	ok	|	0.96	0.96	0.96	4.14	0.00	0	|	rapi	0.00	0.00	0	|	-30.0	4.14(-30)	0.00(-30)	|	8	
6145	22	ok	|	0.97	0.95	0.95	4.85	0.00	0	|	rapi	0.00	0.00	0	|	-30.0	4.85(-30)	0.00(-30)	|	8	
6145	23	ok	|	0.98	0.94	0.94	5.60	0.00	0	|	rapi	0.00	0.00	0	|	-30.0	5.60(-30)	0.00(-30)	|	8	
6145	24	ok	|	0.99	0.94	0.94	6.47	0.00	0	|	rapi	0.00	0.00	0	|	-30.0	6.47(-30)	0.00(-30)	|	8	
6145	25	ok	|	1.00	0.92	0.92	7.69	0.00	0	|	rapi	0.00	0.00	0	|	-30.0	7.69(-30)	0.00(-30)	|	8	
6145	26	ok	|	1.00	0.91	0.91	9.11	0.00	0	|	rapi	0.00	0.00	0	|	-30.0	9.11(-30)	0.00(-30)	|	8	
6145	27	ok	|	1.00	0.89	0.89	10.74	0.00	0	|	rapi	0.00	0.00	0	|	-30.0	10.74(-30)	0.00(-30)	|	8	
6145	28	ok	|	1.00	0.87	0.87	12.71	0.00	0	|	rapi	0.00	0.00	0	|	-30.0	12.71(-30)	0.00(-30)	|	8	
6145	29	ok	|	1.00	0.85	0.85	14.87	0.00	0	|	rapi	0.01	0.01	0	|	-30.0	14.87(-30)	0.01(-30)	|	8	
6145	30	ok	|	1.00	0.82	0.82	17.67	0.00	0	|	rapi	0.02	0.02	0	|	-30.0	17.67(-30)	0.02(-30)	|	8	
6145	31	ok	|	1.00	0.79	0.79	20.96	0.00	0	|	rapi	0.02	0.02	0	|	-30.0	20.96(-30)	0.02(-30)	|	8	
6145	32	ok	|	1.00	0.76	0.76	23.96	0.00	0	|	rapi	0.02	0.02	0	|	-30.0	23.96(-30)	0.02(-30)	|	8	
6145	33	ok	|	1.00	0.72	0.72	28.31	0.00	0	|	rapi	0.01	0.01	0	|	-30.0	28.31(-30)	0.01(-30)	|	8	
6145	34	ok	|	1.00	0.67	0.67	33.25	0.00	0	|	rapi	0.01	0.01	0	|	-30.0	33.25(-30)	0.01(-30)	|	8	
6145	35	ok	|	1.00	0.62	0.62	38.43	0.00	0	|	rapi	0.02	0.02	0	|	-30.0	38.43(-30)	0.02(-30)	|	8	
6145	36	ok	|	1.00	0.55	0.55	44.81	0.00	0	|	rapi	0.01	0.01	0	|	-30.0	44.81(-30)	0.01(-30)	|	8	
6145	37	ok	|	1.00	0.47	0.47	52.52	0.00	0	|	rapi	0.02	0.02	0	|	-30.0	52.52(-30)	0.02(-30)	|	8	
6145	38	ok	|	1.00	0.38	0.38	61.57	0.00	0	|	rapi	0.02	0.02	0	|	-30.0	61.57(-30)	0.02(-30)	|	8	
6145	39	ok	|	1.00	0.29	0.29	70.85	0.00	0	|	rapi	0.03	0.03	0	|	-30.0	70.85(-30)	0.03(-30)	|	8	
6145	40	ok	|	1.00	0.20	0.20	80.32	0.00	0	|	rapi	0.04	0.04	0	|	-30.0	80.32(-30)	0.04(-30)	|	8	
6145	41	ok	|	1.00	0.12	0.12	89.00	0.00	0	|	rapi	0.06	0.06	0	|	-30.0	89.00(-30)	0.06(-30)	|	8	
6145	42	fail-w	|	1.00	0.08	0.08	94.00	0.00	0	|	rapi	0.10	0.11	0	|	-30.0	94.00(-30)	0.11(-30)	|	8	
