620	0	ok	|	0.10	1.00	1.00	0.10	0.00	0	|	rapi	0.00	0.00	0	|	-99.0	0.10(-99)		|	18	
620	1	ok	|	0.11	1.00	1.00	0.12	0.00	0	|	rapi	0.00	0.00	0	|	-99.0	0.12(-99)		|	18	
620	2	ok	|	0.11	1.00	1.00	0.13	0.00	0	|	rapi	0.00	0.00	0	|	-99.0	0.13(-99)		|	18	
620	3	ok	|	0.13	1.00	1.00	0.16	0.00	0	|	rapi	0.00	0.00	0	|	-99.0	0.16(-99)		|	18	
620	4	ok	|	0.15	1.00	1.00	0.19	0.00	0	|	rapi	0.00	0.00	0	|	-99.0	0.19(-99)		|	18	
620	5	ok	|	0.16	1.00	1.00	0.21	0.00	0	|	rapi	0.00	0.00	0	|	-99.0	0.21(-99)		|	18	
620	6	ok	|	0.18	1.00	1.00	0.25	0.00	0	|	rapi	0.00	0.00	0	|	-99.0	0.25(-99)		|	18	
620	7	ok	|	0.23	1.00	1.00	0.32	0.00	0	|	rapi	0.00	0.00	0	|	-99.0	0.32(-99)		|	18	
620	8	ok	|	0.27	1.00	1.00	0.40	0.00	0	|	rapi	0.00	0.00	0	|	-99.0	0.40(-99)		|	18	
620	9	ok	|	0.28	1.00	1.00	0.45	0.00	0	|	rapi	0.00	0.00	0	|	-99.0	0.45(-99)		|	18	
620	10	ok	|	0.35	0.99	0.99	0.57	0.00	0	|	rapi	0.00	0.00	0	|	-99.0	0.57(-99)		|	18	
620	11	ok	|	0.42	0.99	0.99	0.69	0.00	0	|	rapi	0.00	0.00	0	|	-99.0	0.69(-99)		|	18	
620	12	ok	|	0.47	0.99	0.99	0.81	0.00	0	|	rapi	0.00	0.00	0	|	-99.0	0.81(-99)		|	18	
620	13	ok	|	0.52	0.99	0.99	0.93	0.00	0	|	rapi	0.00	0.00	0	|	-99.0	0.93(-99)		|	18	
620	14	ok	|	0.59	0.99	0.99	1.18	0.00	0	|	rapi	0.00	0.00	0	|	-99.0	1.18(-99)		|	18	
620	15	ok	|	0.65	0.99	0.99	1.43	0.00	0	|	rapi	0.00	0.00	0	|	-99.0	1.43(-99)		|	18	
620	16	ok	|	0.72	0.98	0.98	1.69	0.00	0	|	rapi	0.00	0.00	0	|	-99.0	1.69(-99)		|	18	
620	17	ok	|	0.79	0.98	0.98	2.01	0.00	0	|	rapi	0.00	0.00	0	|	-99.0	2.01(-99)		|	18	
620	18	ok	|	0.84	0.98	0.98	2.34	0.00	0	|	rapi	0.00	0.00	0	|	-99.0	2.34(-99)		|	18	
620	19	ok	|	0.89	0.97	0.97	2.77	0.00	0	|	rapi	0.00	0.00	0	|	-99.0	2.77(-99)		|	18	
620	20	ok	|	0.93	0.97	0.97	3.39	0.00	0	|	rapi	0.00	0.00	0	|	-99.0	3.39(-99)		|	18	
620	21	ok	|	0.96	0.96	0.96	4.05	0.00	0	|	rapi	0.00	0.00	0	|	-99.0	4.05(-99)		|	18	
620	22	ok	|	0.97	0.95	0.95	4.81	0.00	0	|	rapi	0.00	0.00	0	|	-99.0	4.81(-99)		|	18	
620	23	ok	|	0.99	0.94	0.94	5.64	0.00	0	|	rapi	0.00	0.00	0	|	-99.0	5.64(-99)		|	18	
620	24	ok	|	1.00	0.93	0.93	6.84	0.00	0	|	rapi	0.00	0.00	0	|	-99.0	6.84(-99)		|	18	
620	25	ok	|	1.00	0.92	0.92	8.09	0.00	0	|	rapi	0.00	0.00	0	|	-99.0	8.09(-99)		|	18	
620	26	ok	|	1.00	0.90	0.90	9.54	0.00	0	|	rapi	0.00	0.00	0	|	-99.0	9.54(-99)		|	18	
620	27	ok	|	1.00	0.89	0.89	11.35	0.00	0	|	rapi	0.00	0.00	0	|	-99.0	11.35(-99)		|	18	
620	28	ok	|	1.00	0.86	0.86	13.52	0.00	0	|	rapi	0.00	0.00	0	|	-99.0	13.52(-99)		|	18	
620	29	ok	|	1.00	0.84	0.84	15.85	0.00	0	|	rapi	0.00	0.00	0	|	-99.0	15.85(-99)		|	18	
620	30	ok	|	1.00	0.81	0.81	18.72	0.00	0	|	rapi	0.00	0.00	0	|	-99.0	18.72(-99)	0.00(-99)	|	18	
620	31	ok	|	1.00	0.78	0.78	22.28	0.00	0	|	rapi	0.00	0.00	0	|	-99.0	22.28(-99)		|	18	
620	32	ok	|	1.00	0.74	0.74	26.18	0.00	0	|	rapi	0.00	0.00	0	|	-99.0	26.18(-99)		|	18	
620	33	ok	|	1.00	0.69	0.69	30.60	0.00	0	|	rapi	0.00	0.00	0	|	-99.0	30.60(-99)		|	18	
620	34	ok	|	1.00	0.64	0.64	36.02	0.00	0	|	rapi	0.00	0.00	0	|	-99.0	36.02(-99)		|	18	
620	35	ok	|	1.00	0.58	0.58	42.42	0.00	0	|	rapi	0.00	0.00	0	|	-99.0	42.42(-99)	0.00(-99)	|	18	
620	36	ok	|	1.00	0.51	0.51	49.14	0.00	0	|	rapi	0.00	0.00	0	|	-99.0	49.14(-99)	0.00(-99)	|	18	
620	37	ok	|	1.00	0.43	0.43	57.08	0.00	0	|	rapi	0.00	0.00	0	|	-99.0	57.08(-99)	0.00(-99)	|	18	
620	38	ok	|	1.00	0.34	0.34	66.30	0.00	0	|	rapi	0.01	0.01	0	|	-99.0	66.30(-99)	0.01(-99)	|	18	
620	39	ok	|	1.00	0.24	0.24	75.76	0.00	0	|	rapi	0.01	0.01	0	|	-99.0	75.76(-99)	0.01(-99)	|	18	
620	40	ok	|	1.00	0.15	0.15	85.07	0.00	0	|	rapi	0.01	0.01	0	|	-99.0	85.07(-99)	0.01(-99)	|	18	
620	41	fail-w	|	1.00	0.09	0.09	93.37	0.00	0	|	rapi	0.03	0.03	0	|	-99.0	93.37(-99)	0.03(-99)	|	18	
