6268	0	ok	|	0.09	1.00	1.00	0.10	0.00	0	|	rapi	0.00	0.00	0	|	10.0	0.10(10)		|	1	
6268	1	ok	|	0.11	1.00	1.00	0.12	0.00	0	|	rapi	0.00	0.00	0	|	10.0	0.12(10)		|	1	
6268	2	ok	|	0.12	1.00	1.00	0.14	0.00	0	|	rapi	0.00	0.00	0	|	10.0	0.14(10)		|	1	
6268	3	ok	|	0.13	1.00	1.00	0.16	0.00	0	|	rapi	0.00	0.00	0	|	10.0	0.16(10)		|	1	
6268	4	ok	|	0.14	1.00	1.00	0.19	0.00	0	|	rapi	0.00	0.00	0	|	10.0	0.19(10)		|	1	
6268	5	ok	|	0.18	1.00	1.00	0.24	0.00	0	|	rapi	0.00	0.00	0	|	10.0	0.24(10)		|	1	
6268	6	ok	|	0.20	1.00	1.00	0.29	0.00	0	|	rapi	0.00	0.00	0	|	10.0	0.29(10)		|	1	
6268	7	ok	|	0.25	1.00	1.00	0.37	0.00	0	|	rapi	0.00	0.00	0	|	10.0	0.37(10)		|	1	
6268	8	ok	|	0.28	1.00	1.00	0.44	0.00	0	|	rapi	0.00	0.00	0	|	10.0	0.44(10)		|	1	
6268	9	ok	|	0.34	0.99	0.99	0.56	0.00	0	|	rapi	0.00	0.00	0	|	10.0	0.56(10)		|	1	
6268	10	ok	|	0.42	0.99	0.99	0.72	0.00	0	|	rapi	0.00	0.00	0	|	10.0	0.72(10)		|	1	
6268	11	ok	|	0.45	0.99	0.99	0.81	0.00	0	|	rapi	0.00	0.00	0	|	10.0	0.81(10)		|	1	
6268	12	ok	|	0.51	0.99	0.99	1.01	0.00	0	|	rapi	0.00	0.00	0	|	10.0	1.01(10)		|	1	
6268	13	ok	|	0.60	0.99	0.99	1.24	0.00	0	|	rapi	0.00	0.00	0	|	10.0	1.24(10)		|	1	
6268	14	ok	|	0.66	0.99	0.99	1.41	0.00	0	|	rapi	0.00	0.00	0	|	10.0	1.41(10)		|	1	
6268	15	ok	|	0.72	0.98	0.98	1.59	0.00	0	|	rapi	0.00	0.00	0	|	10.0	1.59(10)		|	1	
6268	16	ok	|	0.79	0.98	0.98	1.91	0.00	0	|	rapi	0.00	0.00	0	|	10.0	1.91(10)		|	1	
6268	17	ok	|	0.82	0.98	0.98	2.14	0.00	0	|	rapi	0.00	0.00	0	|	10.0	2.14(10)		|	1	
6268	18	ok	|	0.84	0.98	0.98	2.44	0.00	0	|	rapi	0.00	0.00	0	|	10.0	2.44(10)		|	1	
6268	19	ok	|	0.89	0.97	0.97	2.87	0.00	0	|	rapi	0.00	0.00	0	|	10.0	2.87(10)		|	1	
6268	20	ok	|	0.93	0.97	0.97	3.40	0.00	0	|	rapi	0.00	0.00	0	|	10.0	3.40(10)		|	1	
6268	21	ok	|	0.96	0.96	0.96	3.87	0.00	0	|	rapi	0.00	0.00	0	|	10.0	3.87(10)		|	1	
6268	22	ok	|	0.98	0.95	0.95	4.63	0.00	0	|	rapi	0.00	0.00	0	|	10.0	4.63(10)	0.00(10)	|	1	
6268	23	ok	|	0.99	0.94	0.94	5.53	0.00	0	|	rapi	0.00	0.00	0	|	10.0	5.53(10)	0.00(10)	|	1	
6268	24	ok	|	0.99	0.94	0.94	6.46	0.00	0	|	rapi	0.00	0.00	0	|	10.0	6.46(10)	0.00(10)	|	1	
6268	25	ok	|	1.00	0.92	0.92	7.66	0.00	0	|	rapi	0.00	0.00	0	|	10.0	7.66(10)	0.00(10)	|	1	
6268	26	ok	|	1.00	0.91	0.91	9.07	0.00	0	|	rapi	0.00	0.00	0	|	10.0	9.07(10)		|	1	
6268	27	ok	|	1.00	0.89	0.89	10.54	0.00	0	|	rapi	0.00	0.00	0	|	10.0	10.54(10)		|	1	
6268	28	ok	|	1.00	0.88	0.88	12.42	0.00	0	|	rapi	0.00	0.00	0	|	10.0	12.42(10)		|	1	
6268	29	ok	|	1.00	0.85	0.85	14.58	0.00	0	|	rapi	0.00	0.00	0	|	10.0	14.58(10)	0.00(10)	|	1	
6268	30	ok	|	1.00	0.83	0.83	16.84	0.00	0	|	rapi	0.00	0.00	0	|	10.0	16.84(10)	0.00(10)	|	1	
6268	31	ok	|	1.00	0.80	0.80	19.93	0.00	0	|	rapi	0.00	0.00	0	|	10.0	19.93(10)	0.00(10)	|	1	
6268	32	ok	|	1.00	0.76	0.76	23.62	0.00	0	|	rapi	0.01	0.01	0	|	10.0	23.62(10)	0.01(10)	|	1	
6268	33	ok	|	1.00	0.72	0.72	27.71	0.00	0	|	rapi	0.01	0.01	0	|	10.0	27.71(10)	0.01(10)	|	1	
6268	34	ok	|	1.00	0.67	0.67	32.61	0.00	0	|	rapi	0.01	0.01	0	|	10.0	32.61(10)	0.01(10)	|	1	
6268	35	ok	|	1.00	0.62	0.62	37.93	0.00	0	|	rapi	0.01	0.01	0	|	10.0	37.93(10)	0.01(10)	|	1	
6268	36	ok	|	1.00	0.56	0.56	43.94	0.00	0	|	rapi	0.02	0.02	0	|	10.0	43.94(10)	0.02(10)	|	1	
6268	37	ok	|	1.00	0.49	0.49	51.26	0.00	0	|	rapi	0.01	0.01	0	|	10.0	51.26(10)	0.01(10)	|	1	
6268	38	ok	|	1.00	0.41	0.41	59.44	0.00	0	|	rapi	0.02	0.02	0	|	10.0	59.44(10)	0.02(10)	|	1	
6268	39	ok	|	1.00	0.32	0.32	68.38	0.00	0	|	rapi	0.03	0.03	0	|	10.0	68.38(10)	0.03(10)	|	1	
6268	40	ok	|	1.00	0.22	0.22	78.51	0.00	0	|	rapi	0.02	0.02	0	|	10.0	78.51(10)	0.02(10)	|	1	
6268	41	ok	|	1.00	0.13	0.13	87.45	0.00	0	|	rapi	0.02	0.02	0	|	10.0	87.45(10)	0.02(10)	|	1	
6268	42	fail-w	|	1.00	0.08	0.08	94.39	0.00	0	|	rapi	0.04	0.04	0	|	10.0	94.39(10)	0.04(10)	|	1	
