6296	0	ok	|	0.10	1.00	1.00	0.10	0.00	0	|	rapi	0.00	0.00	0	|	-46.0	0.10(-46)		|	1	
6296	1	ok	|	0.08	1.00	1.00	0.10	0.00	0	|	rapi	0.00	0.00	0	|	-46.0	0.10(-46)		|	1	
6296	2	ok	|	0.09	1.00	1.00	0.11	0.00	0	|	rapi	0.00	0.00	0	|	-46.0	0.11(-46)		|	1	
6296	3	ok	|	0.10	1.00	1.00	0.12	0.00	0	|	rapi	0.00	0.00	0	|	-46.0	0.12(-46)		|	1	
6296	4	ok	|	0.12	1.00	1.00	0.17	0.00	0	|	rapi	0.00	0.00	0	|	-46.0	0.17(-46)		|	1	
6296	5	ok	|	0.14	1.00	1.00	0.20	0.00	0	|	rapi	0.00	0.00	0	|	-46.0	0.20(-46)		|	1	
6296	6	ok	|	0.18	1.00	1.00	0.26	0.00	0	|	rapi	0.00	0.00	0	|	-46.0	0.26(-46)		|	1	
6296	7	ok	|	0.23	1.00	1.00	0.34	0.00	0	|	rapi	0.00	0.00	0	|	-46.0	0.34(-46)		|	1	
6296	8	ok	|	0.25	1.00	1.00	0.37	0.00	0	|	rapi	0.00	0.00	0	|	-46.0	0.37(-46)		|	1	
6296	9	ok	|	0.32	1.00	1.00	0.44	0.00	0	|	rapi	0.00	0.00	0	|	-46.0	0.44(-46)		|	1	
6296	10	ok	|	0.35	0.99	0.99	0.51	0.00	0	|	rapi	0.00	0.00	0	|	-46.0	0.51(-46)		|	1	
6296	11	ok	|	0.40	0.99	0.99	0.65	0.00	0	|	rapi	0.00	0.00	0	|	-46.0	0.65(-46)		|	1	
6296	12	ok	|	0.45	0.99	0.99	0.80	0.00	0	|	rapi	0.00	0.00	0	|	-46.0	0.80(-46)		|	1	
6296	13	ok	|	0.53	0.99	0.99	0.99	0.00	0	|	rapi	0.00	0.00	0	|	-46.0	0.99(-46)		|	1	
6296	14	ok	|	0.60	0.99	0.99	1.19	0.00	0	|	rapi	0.00	0.00	0	|	-46.0	1.19(-46)		|	1	
6296	15	ok	|	0.64	0.99	0.99	1.43	0.00	0	|	rapi	0.00	0.00	0	|	-46.0	1.43(-46)		|	1	
6296	16	ok	|	0.74	0.98	0.98	1.78	0.00	0	|	rapi	0.00	0.00	0	|	-46.0	1.78(-46)		|	1	
6296	17	ok	|	0.81	0.98	0.98	2.23	0.00	0	|	rapi	0.00	0.00	0	|	-46.0	2.23(-46)		|	1	
6296	18	ok	|	0.88	0.97	0.97	2.71	0.00	0	|	rapi	0.00	0.00	0	|	-46.0	2.71(-46)		|	1	
6296	19	ok	|	0.91	0.97	0.97	3.16	0.00	0	|	rapi	0.00	0.00	0	|	-46.0	3.16(-46)		|	1	
6296	20	ok	|	0.93	0.96	0.96	3.75	0.00	0	|	rapi	0.00	0.00	0	|	-46.0	3.75(-46)		|	1	
6296	21	ok	|	0.95	0.96	0.96	4.22	0.00	0	|	rapi	0.00	0.00	0	|	-46.0	4.22(-46)		|	1	
6296	22	ok	|	0.99	0.95	0.95	5.02	0.00	0	|	rapi	0.00	0.00	0	|	-46.0	5.02(-46)		|	1	
6296	23	ok	|	0.99	0.94	0.94	5.79	0.00	0	|	rapi	0.00	0.00	0	|	-46.0	5.79(-46)		|	1	
6296	24	ok	|	0.99	0.93	0.93	6.88	0.00	0	|	rapi	0.00	0.00	0	|	-46.0	6.88(-46)		|	1	
6296	25	ok	|	1.00	0.92	0.92	8.24	0.00	0	|	rapi	0.00	0.00	0	|	-46.0	8.24(-46)	0.00(-46)	|	1	
6296	26	ok	|	1.00	0.90	0.90	9.80	0.00	0	|	rapi	0.00	0.00	0	|	-46.0	9.80(-46)		|	1	
6296	27	ok	|	1.00	0.88	0.88	11.57	0.00	0	|	rapi	0.00	0.00	0	|	-46.0	11.57(-46)		|	1	
6296	28	ok	|	1.00	0.86	0.86	13.64	0.00	0	|	rapi	0.00	0.00	0	|	-46.0	13.64(-46)		|	1	
6296	29	ok	|	1.00	0.84	0.84	16.10	0.00	0	|	rapi	0.00	0.00	0	|	-46.0	16.10(-46)		|	1	
6296	30	ok	|	1.00	0.81	0.81	18.93	0.00	0	|	rapi	0.00	0.00	0	|	-46.0	18.93(-46)		|	1	
6296	31	ok	|	1.00	0.78	0.78	22.30	0.00	0	|	rapi	0.00	0.00	0	|	-46.0	22.30(-46)		|	1	
6296	32	ok	|	1.00	0.74	0.74	25.79	0.00	0	|	rapi	0.00	0.00	0	|	-46.0	25.79(-46)		|	1	
6296	33	ok	|	1.00	0.70	0.70	30.43	0.00	0	|	rapi	0.00	0.00	0	|	-46.0	30.43(-46)	0.00(-46)	|	1	
6296	34	ok	|	1.00	0.64	0.64	35.56	0.00	0	|	rapi	0.00	0.00	0	|	-46.0	35.56(-46)		|	1	
6296	35	ok	|	1.00	0.58	0.58	41.66	0.00	0	|	rapi	0.00	0.00	0	|	-46.0	41.66(-46)		|	1	
6296	36	ok	|	1.00	0.51	0.51	48.78	0.00	0	|	rapi	0.00	0.00	0	|	-46.0	48.78(-46)		|	1	
6296	37	ok	|	1.00	0.43	0.43	56.72	0.00	0	|	rapi	0.00	0.00	0	|	-46.0	56.72(-46)		|	1	
6296	38	ok	|	1.00	0.34	0.34	65.63	0.00	0	|	rapi	0.00	0.00	0	|	-46.0	65.63(-46)		|	1	
6296	39	ok	|	1.00	0.25	0.25	75.25	0.00	0	|	rapi	0.00	0.00	0	|	-46.0	75.25(-46)		|	1	
6296	40	ok	|	1.00	0.15	0.15	85.22	0.00	0	|	rapi	0.00	0.00	0	|	-46.0	85.22(-46)		|	1	
6296	41	fail-w	|	1.00	0.08	0.08	93.84	0.00	0	|	rapi	0.00	0.00	0	|	-46.0	93.84(-46)		|	1	
