639	0	ok	|	0.10	1.00	1.00	0.10	0.00	0	|	rapi	0.00	0.00	0	|	-51.0	0.10(-51)		|	2	
639	1	ok	|	0.10	1.00	1.00	0.11	0.00	0	|	rapi	0.00	0.00	0	|	-51.0	0.11(-51)		|	2	
639	2	ok	|	0.11	1.00	1.00	0.13	0.00	0	|	rapi	0.00	0.00	0	|	-51.0	0.13(-51)		|	2	
639	3	ok	|	0.11	1.00	1.00	0.14	0.00	0	|	rapi	0.00	0.00	0	|	-51.0	0.14(-51)		|	2	
639	4	ok	|	0.13	1.00	1.00	0.16	0.00	0	|	rapi	0.00	0.00	0	|	-51.0	0.16(-51)		|	2	
639	5	ok	|	0.15	1.00	1.00	0.21	0.00	0	|	rapi	0.00	0.00	0	|	-51.0	0.21(-51)		|	2	
639	6	ok	|	0.17	1.00	1.00	0.24	0.00	0	|	rapi	0.00	0.00	0	|	-51.0	0.24(-51)		|	2	
639	7	ok	|	0.18	1.00	1.00	0.25	0.00	0	|	rapi	0.00	0.00	0	|	-51.0	0.25(-51)		|	2	
639	8	ok	|	0.21	1.00	1.00	0.31	0.00	0	|	rapi	0.00	0.00	0	|	-51.0	0.31(-51)		|	2	
639	9	ok	|	0.26	1.00	1.00	0.41	0.00	0	|	rapi	0.00	0.00	0	|	-51.0	0.41(-51)		|	2	
639	10	ok	|	0.30	1.00	1.00	0.50	0.00	0	|	rapi	0.00	0.00	0	|	-51.0	0.50(-51)		|	2	
639	11	ok	|	0.35	0.99	0.99	0.56	0.00	0	|	rapi	0.00	0.00	0	|	-51.0	0.56(-51)		|	2	
639	12	ok	|	0.41	0.99	0.99	0.67	0.00	0	|	rapi	0.00	0.00	0	|	-51.0	0.67(-51)		|	2	
639	13	ok	|	0.47	0.99	0.99	0.83	0.00	0	|	rapi	0.00	0.00	0	|	-51.0	0.83(-51)		|	2	
639	14	ok	|	0.54	0.99	0.99	1.02	0.00	0	|	rapi	0.00	0.00	0	|	-51.0	1.02(-51)		|	2	
639	15	ok	|	0.59	0.99	0.99	1.12	0.00	0	|	rapi	0.00	0.00	0	|	-51.0	1.12(-51)		|	2	
639	16	ok	|	0.64	0.99	0.99	1.33	0.00	0	|	rapi	0.00	0.00	0	|	-51.0	1.33(-51)		|	2	
639	17	ok	|	0.71	0.98	0.98	1.58	0.00	0	|	rapi	0.00	0.00	0	|	-51.0	1.58(-51)		|	2	
639	18	ok	|	0.77	0.98	0.98	1.95	0.00	0	|	rapi	0.00	0.00	0	|	-51.0	1.95(-51)		|	2	
639	19	ok	|	0.82	0.98	0.98	2.23	0.00	0	|	rapi	0.00	0.00	0	|	-51.0	2.23(-51)		|	2	
639	20	ok	|	0.84	0.97	0.97	2.60	0.00	0	|	rapi	0.00	0.00	0	|	-51.0	2.60(-51)		|	2	
639	21	ok	|	0.89	0.97	0.97	3.01	0.00	0	|	rapi	0.00	0.00	0	|	-51.0	3.01(-51)		|	2	
639	22	ok	|	0.94	0.96	0.96	3.58	0.00	0	|	rapi	0.00	0.00	0	|	-51.0	3.58(-51)		|	2	
639	23	ok	|	0.96	0.96	0.96	4.36	0.00	0	|	rapi	0.00	0.00	0	|	-51.0	4.36(-51)		|	2	
639	24	ok	|	0.98	0.95	0.95	5.22	0.00	0	|	rapi	0.00	0.00	0	|	-51.0	5.22(-51)		|	2	
639	25	ok	|	0.98	0.94	0.94	6.05	0.00	0	|	rapi	0.00	0.00	0	|	-51.0	6.05(-51)		|	2	
639	26	ok	|	0.99	0.93	0.93	7.17	0.00	0	|	rapi	0.00	0.00	0	|	-51.0	7.17(-51)		|	2	
639	27	ok	|	1.00	0.92	0.92	8.46	0.00	0	|	rapi	0.00	0.00	0	|	-51.0	8.46(-51)		|	2	
639	28	ok	|	1.00	0.90	0.90	9.77	0.00	0	|	rapi	0.00	0.00	0	|	-51.0	9.77(-51)		|	2	
639	29	ok	|	1.00	0.88	0.88	11.70	0.00	0	|	rapi	0.00	0.00	0	|	-51.0	11.70(-51)		|	2	
639	30	ok	|	1.00	0.86	0.86	13.75	0.00	0	|	rapi	0.00	0.00	0	|	-51.0	13.75(-51)		|	2	
639	31	ok	|	1.00	0.84	0.84	16.21	0.00	0	|	rapi	0.00	0.00	0	|	-51.0	16.21(-51)		|	2	
639	32	ok	|	1.00	0.81	0.81	19.25	0.00	0	|	rapi	0.00	0.00	0	|	-51.0	19.25(-51)		|	2	
639	33	ok	|	1.00	0.78	0.78	22.42	0.00	0	|	rapi	0.00	0.00	0	|	-51.0	22.42(-51)		|	2	
639	34	ok	|	1.00	0.74	0.74	26.31	0.00	0	|	rapi	0.00	0.00	0	|	-51.0	26.31(-51)	0.00(-51)	|	2	
639	35	ok	|	1.00	0.69	0.69	30.60	0.00	0	|	rapi	0.00	0.00	0	|	-51.0	30.60(-51)	0.00(-51)	|	2	
639	36	ok	|	1.00	0.64	0.64	35.96	0.00	0	|	rapi	0.00	0.00	0	|	-51.0	35.96(-51)		|	2	
639	37	ok	|	1.00	0.57	0.57	42.50	0.00	0	|	rapi	0.00	0.00	0	|	-51.0	42.50(-51)	0.00(-51)	|	2	
639	38	ok	|	1.00	0.50	0.50	49.86	0.00	0	|	rapi	0.00	0.00	0	|	-51.0	49.86(-51)	0.00(-51)	|	2	
639	39	ok	|	1.00	0.42	0.42	58.12	0.00	0	|	rapi	0.01	0.01	0	|	-51.0	58.12(-51)	0.01(-51)	|	2	
639	40	ok	|	1.00	0.33	0.33	67.20	0.00	0	|	rapi	0.01	0.01	0	|	-51.0	67.20(-51)	0.01(-51)	|	2	
639	41	ok	|	1.00	0.23	0.23	76.91	0.00	0	|	rapi	0.00	0.00	0	|	-51.0	76.91(-51)	0.00(-51)	|	2	
639	42	ok	|	1.00	0.14	0.14	86.90	0.00	0	|	rapi	0.01	0.01	0	|	-51.0	86.90(-51)	0.01(-51)	|	2	
639	43	fail-w	|	1.00	0.07	0.07	95.68	0.00	0	|	rapi	0.01	0.01	0	|	-51.0	95.68(-51)	0.01(-51)	|	2	
