64	0	ok	|	0.10	1.00	1.00	0.10	0.00	0	|	rapi	0.00	0.00	0	|	11.0	0.10(11)		|	1	
64	1	ok	|	0.10	1.00	1.00	0.12	0.00	0	|	rapi	0.00	0.00	0	|	11.0	0.12(11)		|	1	
64	2	ok	|	0.11	1.00	1.00	0.13	0.00	0	|	rapi	0.00	0.00	0	|	11.0	0.13(11)		|	1	
64	3	ok	|	0.13	1.00	1.00	0.16	0.00	0	|	rapi	0.00	0.00	0	|	11.0	0.16(11)		|	1	
64	4	ok	|	0.15	1.00	1.00	0.19	0.00	0	|	rapi	0.00	0.00	0	|	11.0	0.19(11)		|	1	
64	5	ok	|	0.16	1.00	1.00	0.21	0.00	0	|	rapi	0.00	0.00	0	|	11.0	0.21(11)		|	1	
64	6	ok	|	0.20	1.00	1.00	0.28	0.00	0	|	rapi	0.00	0.00	0	|	11.0	0.28(11)		|	1	
64	7	ok	|	0.22	1.00	1.00	0.30	0.00	0	|	rapi	0.00	0.00	0	|	11.0	0.30(11)		|	1	
64	8	ok	|	0.24	1.00	1.00	0.33	0.00	0	|	rapi	0.00	0.00	0	|	11.0	0.33(11)		|	1	
64	9	ok	|	0.26	1.00	1.00	0.39	0.00	0	|	rapi	0.00	0.00	0	|	11.0	0.39(11)		|	1	
64	10	ok	|	0.33	1.00	1.00	0.49	0.00	0	|	rapi	0.00	0.00	0	|	11.0	0.49(11)		|	1	
64	11	ok	|	0.37	0.99	0.99	0.59	0.00	0	|	rapi	0.00	0.00	0	|	11.0	0.59(11)		|	1	
64	12	ok	|	0.39	0.99	0.99	0.66	0.00	0	|	rapi	0.00	0.00	0	|	11.0	0.66(11)		|	1	
64	13	ok	|	0.45	0.99	0.99	0.78	0.00	0	|	rapi	0.00	0.00	0	|	11.0	0.78(11)		|	1	
64	14	ok	|	0.51	0.99	0.99	0.89	0.00	0	|	rapi	0.00	0.00	0	|	11.0	0.89(11)		|	1	
64	15	ok	|	0.55	0.99	0.99	1.04	0.00	0	|	rapi	0.00	0.00	0	|	11.0	1.04(11)		|	1	
64	16	ok	|	0.61	0.99	0.99	1.25	0.00	0	|	rapi	0.00	0.00	0	|	11.0	1.25(11)		|	1	
64	17	ok	|	0.69	0.98	0.98	1.53	0.00	0	|	rapi	0.00	0.00	0	|	11.0	1.53(11)		|	1	
64	18	ok	|	0.75	0.98	0.98	1.75	0.00	0	|	rapi	0.00	0.00	0	|	11.0	1.75(11)		|	1	
64	19	ok	|	0.80	0.98	0.98	2.00	0.00	0	|	rapi	0.00	0.00	0	|	11.0	2.00(11)		|	1	
64	20	ok	|	0.85	0.98	0.98	2.46	0.00	0	|	rapi	0.00	0.00	0	|	11.0	2.46(11)	0.00(11)	|	1	
64	21	ok	|	0.89	0.97	0.97	2.90	0.00	0	|	rapi	0.00	0.00	0	|	11.0	2.90(11)	0.00(11)	|	1	
64	22	ok	|	0.94	0.96	0.96	3.51	0.00	0	|	rapi	0.00	0.00	0	|	11.0	3.51(11)		|	1	
64	23	ok	|	0.95	0.96	0.96	4.06	0.00	0	|	rapi	0.00	0.00	0	|	11.0	4.06(11)		|	1	
64	24	ok	|	0.98	0.95	0.95	4.74	0.00	0	|	rapi	0.00	0.00	0	|	11.0	4.74(11)		|	1	
64	25	ok	|	0.98	0.95	0.95	5.37	0.00	0	|	rapi	0.00	0.00	0	|	11.0	5.37(11)		|	1	
64	26	ok	|	0.99	0.94	0.94	6.33	0.00	0	|	rapi	0.00	0.00	0	|	11.0	6.33(11)	0.00(11)	|	1	
64	27	ok	|	1.00	0.93	0.93	7.46	0.00	0	|	rapi	0.00	0.00	0	|	11.0	7.46(11)	0.00(11)	|	1	
64	28	ok	|	1.00	0.91	0.91	8.71	0.00	0	|	rapi	0.01	0.01	0	|	11.0	8.71(11)	0.01(11)	|	1	
64	29	ok	|	1.00	0.90	0.90	10.33	0.00	0	|	rapi	0.01	0.01	0	|	11.0	10.33(11)	0.01(11)	|	1	
64	30	ok	|	1.00	0.87	0.87	12.60	0.00	0	|	rapi	0.00	0.00	0	|	11.0	12.60(11)	0.00(11)	|	1	
64	31	ok	|	1.00	0.85	0.85	15.01	0.00	0	|	rapi	0.00	0.00	0	|	11.0	15.01(11)	0.00(11)	|	1	
64	32	ok	|	1.00	0.82	0.82	17.79	0.00	0	|	rapi	0.00	0.00	0	|	11.0	17.79(11)		|	1	
64	33	ok	|	1.00	0.79	0.79	20.99	0.00	0	|	rapi	0.00	0.00	0	|	11.0	20.99(11)	0.00(11)	|	1	
64	34	ok	|	1.00	0.75	0.75	24.56	0.00	0	|	rapi	0.00	0.00	0	|	11.0	24.56(11)	0.00(11)	|	1	
64	35	ok	|	1.00	0.71	0.71	29.02	0.00	0	|	rapi	0.00	0.00	0	|	11.0	29.02(11)	0.00(11)	|	1	
64	36	ok	|	1.00	0.66	0.66	34.20	0.00	0	|	rapi	0.00	0.00	0	|	11.0	34.20(11)	0.00(11)	|	1	
64	37	ok	|	1.00	0.60	0.60	39.86	0.00	0	|	rapi	0.00	0.00	0	|	11.0	39.86(11)	0.00(11)	|	1	
64	38	ok	|	1.00	0.53	0.53	46.89	0.00	0	|	rapi	0.00	0.00	0	|	11.0	46.89(11)	0.00(11)	|	1	
64	39	ok	|	1.00	0.45	0.45	54.93	0.00	0	|	rapi	0.00	0.00	0	|	11.0	54.93(11)	0.00(11)	|	1	
64	40	ok	|	1.00	0.37	0.37	63.11	0.00	0	|	rapi	0.01	0.01	0	|	11.0	63.11(11)	0.01(11)	|	1	
64	41	ok	|	1.00	0.28	0.28	72.25	0.00	0	|	rapi	0.01	0.01	0	|	11.0	72.25(11)	0.01(11)	|	1	
64	42	ok	|	1.00	0.19	0.19	81.72	0.00	0	|	rapi	0.01	0.01	0	|	11.0	81.72(11)	0.01(11)	|	1	
64	43	ok	|	1.00	0.11	0.11	90.51	0.00	0	|	rapi	0.02	0.02	0	|	11.0	90.51(11)	0.02(11)	|	1	
64	44	fail-w	|	1.00	0.06	0.06	97.73	0.00	0	|	rapi	0.03	0.03	0	|	11.0	97.73(11)	0.03(11)	|	1	
