6560	0	ok	|	0.10	1.00	1.00	0.10	0.00	0	|	rapi	0.00	0.00	0	|	-94.0	0.10(-94)		|	1	
6560	1	ok	|	0.10	1.00	1.00	0.11	0.00	0	|	rapi	0.00	0.00	0	|	-94.0	0.11(-94)		|	1	
6560	2	ok	|	0.10	1.00	1.00	0.13	0.00	0	|	rapi	0.00	0.00	0	|	-94.0	0.13(-94)		|	1	
6560	3	ok	|	0.11	1.00	1.00	0.14	0.00	0	|	rapi	0.00	0.00	0	|	-94.0	0.14(-94)		|	1	
6560	4	ok	|	0.13	1.00	1.00	0.18	0.00	0	|	rapi	0.00	0.00	0	|	-94.0	0.18(-94)		|	1	
6560	5	ok	|	0.13	1.00	1.00	0.18	0.00	0	|	rapi	0.00	0.00	0	|	-94.0	0.18(-94)		|	1	
6560	6	ok	|	0.15	1.00	1.00	0.20	0.00	0	|	rapi	0.00	0.00	0	|	-94.0	0.20(-94)		|	1	
6560	7	ok	|	0.19	1.00	1.00	0.27	0.00	0	|	rapi	0.00	0.00	0	|	-94.0	0.27(-94)		|	1	
6560	8	ok	|	0.22	1.00	1.00	0.31	0.00	0	|	rapi	0.00	0.00	0	|	-94.0	0.31(-94)		|	1	
6560	9	ok	|	0.25	1.00	1.00	0.37	0.00	0	|	rapi	0.00	0.00	0	|	-94.0	0.37(-94)		|	1	
6560	10	ok	|	0.30	1.00	1.00	0.45	0.00	0	|	rapi	0.00	0.00	0	|	-94.0	0.45(-94)		|	1	
6560	11	ok	|	0.34	0.99	0.99	0.53	0.00	0	|	rapi	0.00	0.00	0	|	-94.0	0.53(-94)		|	1	
6560	12	ok	|	0.41	0.99	0.99	0.69	0.00	0	|	rapi	0.00	0.00	0	|	-94.0	0.69(-94)		|	1	
6560	13	ok	|	0.46	0.99	0.99	0.77	0.00	0	|	rapi	0.00	0.00	0	|	-94.0	0.77(-94)		|	1	
6560	14	ok	|	0.53	0.99	0.99	0.93	0.00	0	|	rapi	0.00	0.00	0	|	-94.0	0.93(-94)		|	1	
6560	15	ok	|	0.60	0.99	0.99	1.12	0.00	0	|	rapi	0.00	0.00	0	|	-94.0	1.12(-94)		|	1	
6560	16	ok	|	0.61	0.99	0.99	1.27	0.00	0	|	rapi	0.00	0.00	0	|	-94.0	1.27(-94)		|	1	
6560	17	ok	|	0.67	0.99	0.99	1.49	0.00	0	|	rapi	0.00	0.00	0	|	-94.0	1.49(-94)		|	1	
6560	18	ok	|	0.71	0.98	0.98	1.75	0.00	0	|	rapi	0.00	0.00	0	|	-94.0	1.75(-94)		|	1	
6560	19	ok	|	0.77	0.98	0.98	2.13	0.00	0	|	rapi	0.00	0.00	0	|	-94.0	2.13(-94)		|	1	
6560	20	ok	|	0.82	0.97	0.97	2.55	0.00	0	|	rapi	0.00	0.00	0	|	-94.0	2.55(-94)		|	1	
6560	21	ok	|	0.87	0.97	0.97	3.03	0.00	0	|	rapi	0.00	0.00	0	|	-94.0	3.03(-94)		|	1	
6560	22	ok	|	0.93	0.97	0.97	3.45	0.00	0	|	rapi	0.00	0.00	0	|	-94.0	3.45(-94)		|	1	
6560	23	ok	|	0.95	0.96	0.96	4.05	0.00	0	|	rapi	0.00	0.00	0	|	-94.0	4.05(-94)		|	1	
6560	24	ok	|	0.96	0.95	0.95	4.76	0.00	0	|	rapi	0.00	0.00	0	|	-94.0	4.76(-94)		|	1	
6560	25	ok	|	0.98	0.94	0.94	5.60	0.00	0	|	rapi	0.00	0.00	0	|	-94.0	5.60(-94)		|	1	
6560	26	ok	|	1.00	0.93	0.93	6.67	0.00	0	|	rapi	0.00	0.00	0	|	-94.0	6.67(-94)		|	1	
6560	27	ok	|	1.00	0.92	0.92	7.92	0.00	0	|	rapi	0.00	0.00	0	|	-94.0	7.92(-94)		|	1	
6560	28	ok	|	1.00	0.91	0.91	9.38	0.00	0	|	rapi	0.00	0.00	0	|	-94.0	9.38(-94)		|	1	
6560	29	ok	|	1.00	0.89	0.89	11.16	0.00	0	|	rapi	0.00	0.00	0	|	-94.0	11.16(-94)		|	1	
6560	30	ok	|	1.00	0.87	0.87	13.05	0.00	0	|	rapi	0.00	0.00	0	|	-94.0	13.05(-94)		|	1	
6560	31	ok	|	1.00	0.85	0.85	15.31	0.00	0	|	rapi	0.00	0.00	0	|	-94.0	15.31(-94)		|	1	
6560	32	ok	|	1.00	0.82	0.82	17.85	0.00	0	|	rapi	0.00	0.00	0	|	-94.0	17.85(-94)		|	1	
6560	33	ok	|	1.00	0.79	0.79	21.18	0.00	0	|	rapi	0.00	0.00	0	|	-94.0	21.18(-94)		|	1	
6560	34	ok	|	1.00	0.75	0.75	24.62	0.00	0	|	rapi	0.00	0.00	0	|	-94.0	24.62(-94)		|	1	
6560	35	ok	|	1.00	0.72	0.72	28.50	0.00	0	|	rapi	0.00	0.00	0	|	-94.0	28.50(-94)		|	1	
6560	36	ok	|	1.00	0.67	0.67	33.42	0.00	0	|	rapi	0.00	0.00	0	|	-94.0	33.42(-94)		|	1	
6560	37	ok	|	1.00	0.60	0.60	39.62	0.00	0	|	rapi	0.00	0.00	0	|	-94.0	39.62(-94)	0.00(-94)	|	1	
6560	38	ok	|	1.00	0.54	0.54	46.05	0.00	0	|	rapi	0.00	0.00	0	|	-94.0	46.05(-94)		|	1	
6560	39	ok	|	1.00	0.46	0.46	53.63	0.00	0	|	rapi	0.00	0.00	0	|	-94.0	53.63(-94)		|	1	
6560	40	ok	|	1.00	0.37	0.37	62.56	0.00	0	|	rapi	0.00	0.00	0	|	-94.0	62.56(-94)		|	1	
6560	41	ok	|	1.00	0.28	0.28	72.02	0.00	0	|	rapi	0.00	0.00	0	|	-94.0	72.02(-94)		|	1	
6560	42	ok	|	1.00	0.18	0.18	81.75	0.00	0	|	rapi	0.00	0.00	0	|	-94.0	81.75(-94)		|	1	
6560	43	ok	|	1.00	0.10	0.10	90.71	0.00	0	|	rapi	0.00	0.00	0	|	-94.0	90.71(-94)		|	1	
6560	44	fail-w	|	1.00	0.05	0.05	97.92	0.00	0	|	rapi	0.00	0.00	0	|	-94.0	97.92(-94)		|	1	
