6571	0	ok	|	0.10	1.00	1.00	0.10	0.00	0	|	rapi	0.10	0.10	0	|	99.0	0.10(99)	0.10(99)	|	6851	
6571	1	ok	|	0.09	1.00	1.00	0.09	0.00	0	|	rapi	0.09	0.09	0	|	99.0	0.09(99)	0.09(99)	|	6851	
6571	2	ok	|	0.08	1.00	1.00	0.08	0.00	0	|	rapi	0.08	0.08	0	|	99.0	0.08(99)	0.08(99)	|	6851	
6571	3	ok	|	0.07	1.00	1.00	0.07	0.00	0	|	rapi	0.07	0.07	0	|	99.0	0.07(99)	0.07(99)	|	6851	
6571	4	ok	|	0.06	1.00	1.00	0.07	0.00	0	|	rapi	0.06	0.07	0	|	99.0	0.07(99)	0.07(99)	|	6851	
6571	5	ok	|	0.05	1.00	1.00	0.05	0.00	0	|	rapi	0.05	0.05	0	|	99.0	0.05(99)	0.05(99)	|	6851	
6571	6	ok	|	0.04	1.00	1.00	0.04	0.00	0	|	rapi	0.04	0.04	0	|	99.0	0.04(99)	0.04(99)	|	6851	
6571	7	ok	|	0.03	1.00	1.00	0.03	0.00	0	|	rapi	0.03	0.03	0	|	99.0	0.03(99)	0.03(99)	|	6851	
6571	8	ok	|	0.04	1.00	1.00	0.04	0.00	0	|	rapi	0.04	0.04	0	|	99.0	0.04(99)	0.04(99)	|	6851	
6571	9	ok	|	0.03	1.00	1.00	0.03	0.00	0	|	rapi	0.03	0.03	0	|	99.0	0.03(99)	0.03(99)	|	6851	
6571	10	ok	|	0.03	1.00	1.00	0.03	0.00	0	|	rapi	0.03	0.03	0	|	99.0	0.03(99)	0.03(99)	|	6851	
6571	11	ok	|	0.04	1.00	1.00	0.04	0.00	0	|	rapi	0.04	0.04	0	|	99.0	0.04(99)	0.04(99)	|	6851	
6571	12	ok	|	0.03	1.00	1.00	0.03	0.00	0	|	rapi	0.03	0.03	0	|	99.0	0.03(99)	0.03(99)	|	6851	
6571	13	ok	|	0.03	1.00	1.00	0.03	0.00	0	|	rapi	0.03	0.03	0	|	99.0	0.03(99)	0.03(99)	|	6851	
6571	14	ok	|	0.03	1.00	1.00	0.03	0.00	0	|	rapi	0.03	0.03	0	|	99.0	0.03(99)	0.03(99)	|	6851	
6571	15	ok	|	0.02	1.00	1.00	0.02	0.00	0	|	rapi	0.02	0.02	0	|	99.0	0.02(99)	0.02(99)	|	6851	
6571	16	ok	|	0.02	1.00	1.00	0.02	0.00	0	|	rapi	0.02	0.02	0	|	99.0	0.02(99)	0.02(99)	|	6851	
6571	17	ok	|	0.02	1.00	1.00	0.02	0.00	0	|	rapi	0.02	0.02	0	|	99.0	0.02(99)	0.02(99)	|	6851	
6571	18	ok	|	0.02	1.00	1.00	0.02	0.00	0	|	rapi	0.02	0.02	0	|	99.0	0.02(99)	0.02(99)	|	6851	
6571	19	ok	|	0.03	1.00	1.00	0.03	0.00	0	|	rapi	0.03	0.03	0	|	99.0	0.03(99)	0.03(99)	|	6851	
6571	20	ok	|	0.02	1.00	1.00	0.03	0.00	0	|	rapi	0.02	0.03	0	|	99.0	0.03(99)	0.03(99)	|	6851	
6571	21	ok	|	0.03	1.00	1.00	0.03	0.01	0	|	rapi	0.03	0.03	0	|	99.0	0.03(99)	0.03(99)	|	6851	
6571	22	ok	|	0.03	1.00	1.00	0.03	0.01	0	|	rapi	0.03	0.03	0	|	99.0	0.03(99)	0.03(99)	|	6851	
6571	23	ok	|	0.02	1.00	1.00	0.02	0.01	0	|	rapi	0.02	0.02	0	|	99.0	0.02(99)	0.02(99)	|	6851	
6571	24	ok	|	0.02	1.00	1.00	0.02	0.01	0	|	rapi	0.02	0.02	0	|	99.0	0.02(99)	0.02(99)	|	6851	
6571	25	ok	|	0.02	1.00	1.00	0.02	0.00	0	|	rapi	0.02	0.02	0	|	99.0	0.02(99)	0.02(99)	|	6851	
6571	26	ok	|	0.02	1.00	1.00	0.02	0.00	0	|	rapi	0.02	0.02	0	|	99.0	0.02(99)	0.02(99)	|	6851	
6571	27	ok	|	0.02	1.00	1.00	0.02	0.01	0	|	rapi	0.02	0.02	0	|	99.0	0.02(99)	0.02(99)	|	6851	
6571	28	ok	|	0.02	1.00	1.00	0.02	0.01	0	|	rapi	0.02	0.02	0	|	99.0	0.02(99)	0.02(99)	|	6851	
6571	29	ok	|	0.02	1.00	1.00	0.02	0.01	0	|	rapi	0.02	0.02	0	|	99.0	0.02(99)	0.02(99)	|	6851	
6571	30	ok	|	0.02	1.00	1.00	0.02	0.01	0	|	rapi	0.02	0.02	0	|	99.0	0.02(99)	0.02(99)	|	6851	
6571	31	ok	|	0.02	1.00	1.00	0.02	0.01	0	|	rapi	0.02	0.02	0	|	99.0	0.02(99)	0.02(99)	|	6851	
6571	32	ok	|	0.02	1.00	1.00	0.02	0.01	0	|	rapi	0.02	0.02	0	|	99.0	0.02(99)	0.02(99)	|	6851	
6571	33	ok	|	0.02	1.00	1.00	0.02	0.01	0	|	rapi	0.02	0.02	0	|	99.0	0.02(99)	0.02(99)	|	6851	
6571	34	ok	|	0.02	1.00	1.00	0.02	0.01	0	|	rapi	0.02	0.02	0	|	99.0	0.02(99)	0.02(99)	|	6851	
6571	35	ok	|	0.01	1.00	1.00	0.01	0.01	0	|	rapi	0.01	0.01	0	|	99.0	0.01(99)	0.01(99)	|	6851	
6571	36	ok	|	0.01	1.00	1.00	0.01	0.01	0	|	rapi	0.01	0.01	0	|	99.0	0.01(99)	0.01(99)	|	6851	
6571	37	ok	|	0.01	1.00	1.00	0.01	0.01	0	|	rapi	0.01	0.01	0	|	99.0	0.01(99)	0.01(99)	|	6851	
6571	38	ok	|	0.01	1.00	1.00	0.01	0.01	0	|	rapi	0.01	0.01	0	|	99.0	0.01(99)	0.01(99)	|	6851	
6571	39	ok	|	0.01	1.00	1.00	0.01	0.01	0	|	rapi	0.01	0.01	0	|	99.0	0.01(99)	0.01(99)	|	6851	
6571	40	ok	|	0.02	1.00	1.00	0.02	0.01	0	|	rapi	0.02	0.02	0	|	99.0	0.02(99)	0.02(99)	|	6851	
6571	41	ok	|	0.01	1.00	1.00	0.01	0.01	0	|	rapi	0.01	0.01	0	|	99.0	0.01(99)	0.01(99)	|	6851	
6571	42	ok	|	0.02	1.00	1.00	0.02	0.01	0	|	rapi	0.02	0.02	0	|	99.0	0.02(99)	0.02(99)	|	6851	
6571	43	ok	|	0.02	1.00	1.00	0.02	0.01	0	|	rapi	0.02	0.02	0	|	99.0	0.02(99)	0.02(99)	|	6851	
6571	44	ok	|	0.02	1.00	1.00	0.02	0.01	0	|	rapi	0.02	0.02	0	|	99.0	0.02(99)	0.02(99)	|	6851	
6571	45	ok	|	0.01	1.00	1.00	0.01	0.01	0	|	rapi	0.01	0.01	0	|	99.0	0.01(99)	0.01(99)	|	6851	
6571	46	ok	|	0.02	1.00	1.00	0.02	0.01	0	|	rapi	0.02	0.02	0	|	99.0	0.02(99)	0.02(99)	|	6851	
6571	47	ok	|	0.02	1.00	1.00	0.02	0.01	0	|	rapi	0.02	0.02	0	|	99.0	0.02(99)	0.02(99)	|	6851	
6571	48	ok	|	0.01	1.00	1.00	0.01	0.01	0	|	rapi	0.01	0.01	0	|	99.0	0.01(99)	0.01(99)	|	6851	
6571	49	ok	|	0.01	1.00	1.00	0.01	0.01	0	|	rapi	0.01	0.01	0	|	99.0	0.01(99)	0.01(99)	|	6851	
6571	50	ok	|	0.01	1.00	1.00	0.01	0.01	0	|	rapi	0.01	0.01	0	|	99.0	0.01(99)	0.01(99)	|	6851	
6571	51	ok	|	0.01	1.00	1.00	0.01	0.01	0	|	rapi	0.01	0.01	0	|	99.0	0.01(99)	0.01(99)	|	6851	
6571	52	ok	|	0.01	1.00	1.00	0.01	0.01	0	|	rapi	0.01	0.01	0	|	99.0	0.01(99)	0.01(99)	|	6851	
6571	53	ok	|	0.01	1.00	1.00	0.01	0.00	0	|	rapi	0.01	0.01	0	|	99.0	0.01(99)	0.01(99)	|	6851	
6571	54	ok	|	0.01	1.00	1.00	0.01	0.00	0	|	rapi	0.01	0.01	0	|	99.0	0.01(99)	0.01(99)	|	6851	
6571	55	ok	|	0.01	1.00	1.00	0.01	0.00	0	|	rapi	0.01	0.01	0	|	99.0	0.01(99)	0.01(99)	|	6851	
6571	56	ok	|	0.01	1.00	1.00	0.01	0.01	0	|	rapi	0.01	0.01	0	|	99.0	0.01(99)	0.01(99)	|	6851	
6571	57	ok	|	0.01	1.00	1.00	0.01	0.00	0	|	rapi	0.01	0.01	0	|	99.0	0.01(99)	0.01(99)	|	6851	
6571	58	ok	|	0.01	1.00	1.00	0.01	0.01	0	|	rapi	0.01	0.01	0	|	99.0	0.01(99)	0.01(99)	|	6851	
6571	59	ok	|	0.01	1.00	1.00	0.01	0.01	0	|	rapi	0.01	0.01	0	|	99.0	0.01(99)	0.01(99)	|	6851	
6571	60	ok	|	0.01	1.00	1.00	0.01	0.01	0	|	rapi	0.01	0.01	0	|	99.0	0.01(99)	0.01(99)	|	6851	
6571	61	ok	|	0.01	1.00	1.00	0.01	0.01	0	|	rapi	0.01	0.01	0	|	99.0	0.01(99)	0.01(99)	|	6851	
6571	62	ok	|	0.01	1.00	1.00	0.01	0.01	0	|	rapi	0.01	0.01	0	|	99.0	0.01(99)	0.01(99)	|	6851	
6571	63	ok	|	0.01	1.00	1.00	0.01	0.00	0	|	rapi	0.01	0.01	0	|	99.0	0.01(99)	0.01(99)	|	6851	
6571	64	ok	|	0.01	1.00	1.00	0.01	0.00	0	|	rapi	0.01	0.01	0	|	99.0	0.01(99)	0.01(99)	|	6851	
6571	65	ok	|	0.00	1.00	1.00	0.00	0.00	0	|	rapi	0.00	0.00	0	|	99.0	0.00(99)	0.00(99)	|	6851	
6571	66	fail-0	|	0.00	1.00	1.00	0.00	NaN	0	|	rapi	0.00	0.00	0	|	NaN			|	6851	
