6779	0	ok	|	0.09	1.00	1.00	0.10	0.00	0	|	rapi	0.00	0.00	0	|	-17.0	0.10(-17)		|	2	
6779	1	ok	|	0.09	1.00	1.00	0.10	0.00	0	|	rapi	0.00	0.00	0	|	-17.0	0.10(-17)		|	2	
6779	2	ok	|	0.07	1.00	1.00	0.09	0.00	0	|	rapi	0.00	0.00	0	|	-17.0	0.09(-17)		|	2	
6779	3	ok	|	0.09	1.00	1.00	0.11	0.00	0	|	rapi	0.00	0.00	0	|	-17.0	0.11(-17)		|	2	
6779	4	ok	|	0.12	1.00	1.00	0.17	0.00	0	|	rapi	0.00	0.00	0	|	-17.0	0.17(-17)		|	2	
6779	5	ok	|	0.14	1.00	1.00	0.19	0.00	0	|	rapi	0.00	0.00	0	|	-17.0	0.19(-17)		|	2	
6779	6	ok	|	0.17	1.00	1.00	0.22	0.00	0	|	rapi	0.00	0.00	0	|	-17.0	0.22(-17)		|	2	
6779	7	ok	|	0.18	1.00	1.00	0.26	0.00	0	|	rapi	0.00	0.00	0	|	-17.0	0.26(-17)		|	2	
6779	8	ok	|	0.22	1.00	1.00	0.33	0.00	0	|	rapi	0.00	0.00	0	|	-17.0	0.33(-17)		|	2	
6779	9	ok	|	0.25	1.00	1.00	0.39	0.00	0	|	rapi	0.00	0.00	0	|	-17.0	0.39(-17)		|	2	
6779	10	ok	|	0.26	1.00	1.00	0.40	0.00	0	|	rapi	0.00	0.00	0	|	-17.0	0.40(-17)		|	2	
6779	11	ok	|	0.33	1.00	1.00	0.49	0.00	0	|	rapi	0.00	0.00	0	|	-17.0	0.49(-17)		|	2	
6779	12	ok	|	0.37	0.99	0.99	0.56	0.00	0	|	rapi	0.00	0.00	0	|	-17.0	0.56(-17)		|	2	
6779	13	ok	|	0.42	0.99	0.99	0.67	0.00	0	|	rapi	0.00	0.00	0	|	-17.0	0.67(-17)		|	2	
6779	14	ok	|	0.45	0.99	0.99	0.78	0.00	0	|	rapi	0.00	0.00	0	|	-17.0	0.78(-17)		|	2	
6779	15	ok	|	0.50	0.99	0.99	0.90	0.00	0	|	rapi	0.00	0.00	0	|	-17.0	0.90(-17)		|	2	
6779	16	ok	|	0.56	0.99	0.99	1.09	0.00	0	|	rapi	0.00	0.00	0	|	-17.0	1.09(-17)		|	2	
6779	17	ok	|	0.62	0.99	0.99	1.28	0.00	0	|	rapi	0.00	0.00	0	|	-17.0	1.28(-17)		|	2	
6779	18	ok	|	0.70	0.98	0.98	1.55	0.00	0	|	rapi	0.00	0.00	0	|	-17.0	1.55(-17)		|	2	
6779	19	ok	|	0.77	0.98	0.98	1.85	0.00	0	|	rapi	0.00	0.00	0	|	-17.0	1.85(-17)		|	2	
6779	20	ok	|	0.83	0.98	0.98	2.29	0.00	0	|	rapi	0.00	0.00	0	|	-17.0	2.29(-17)		|	2	
6779	21	ok	|	0.85	0.97	0.97	2.56	0.00	0	|	rapi	0.00	0.00	0	|	-17.0	2.56(-17)		|	2	
6779	22	ok	|	0.90	0.97	0.97	3.00	0.00	0	|	rapi	0.00	0.00	0	|	-17.0	3.00(-17)		|	2	
6779	23	ok	|	0.93	0.96	0.96	3.55	0.00	0	|	rapi	0.00	0.00	0	|	-17.0	3.55(-17)		|	2	
6779	24	ok	|	0.96	0.96	0.96	4.16	0.00	0	|	rapi	0.00	0.00	0	|	-17.0	4.16(-17)	0.00(-17)	|	2	
6779	25	ok	|	0.98	0.95	0.95	4.92	0.00	0	|	rapi	0.00	0.00	0	|	-17.0	4.92(-17)		|	2	
6779	26	ok	|	0.99	0.94	0.94	5.92	0.00	0	|	rapi	0.00	0.00	0	|	-17.0	5.92(-17)		|	2	
6779	27	ok	|	1.00	0.93	0.93	7.03	0.00	0	|	rapi	0.00	0.00	0	|	-17.0	7.03(-17)	0.00(-17)	|	2	
6779	28	ok	|	1.00	0.92	0.92	8.07	0.00	0	|	rapi	0.00	0.00	0	|	-17.0	8.07(-17)	0.00(-17)	|	2	
6779	29	ok	|	1.00	0.90	0.90	9.57	0.00	0	|	rapi	0.01	0.01	0	|	-17.0	9.57(-17)	0.01(-17)	|	2	
6779	30	ok	|	1.00	0.89	0.89	11.18	0.00	0	|	rapi	0.01	0.01	0	|	-17.0	11.18(-17)	0.01(-17)	|	2	
6779	31	ok	|	1.00	0.87	0.87	13.17	0.00	0	|	rapi	0.01	0.01	0	|	-17.0	13.17(-17)	0.01(-17)	|	2	
6779	32	ok	|	1.00	0.85	0.85	15.32	0.00	0	|	rapi	0.01	0.01	0	|	-17.0	15.32(-17)	0.01(-17)	|	2	
6779	33	ok	|	1.00	0.82	0.82	17.94	0.00	0	|	rapi	0.01	0.01	0	|	-17.0	17.94(-17)	0.01(-17)	|	2	
6779	34	ok	|	1.00	0.79	0.79	21.16	0.00	0	|	rapi	0.01	0.01	0	|	-17.0	21.16(-17)	0.01(-17)	|	2	
6779	35	ok	|	1.00	0.75	0.75	24.74	0.00	0	|	rapi	0.01	0.01	0	|	-17.0	24.74(-17)	0.01(-17)	|	2	
6779	36	ok	|	1.00	0.71	0.71	28.59	0.00	0	|	rapi	0.01	0.01	0	|	-17.0	28.59(-17)	0.01(-17)	|	2	
6779	37	ok	|	1.00	0.66	0.66	33.70	0.00	0	|	rapi	0.01	0.01	0	|	-17.0	33.70(-17)	0.01(-17)	|	2	
6779	38	ok	|	1.00	0.61	0.61	39.35	0.00	0	|	rapi	0.01	0.01	0	|	-17.0	39.35(-17)	0.01(-17)	|	2	
6779	39	ok	|	1.00	0.54	0.54	45.60	0.00	0	|	rapi	0.01	0.01	0	|	-17.0	45.60(-17)	0.01(-17)	|	2	
6779	40	ok	|	1.00	0.47	0.47	52.61	0.00	0	|	rapi	0.02	0.02	0	|	-17.0	52.61(-17)	0.02(-17)	|	2	
6779	41	ok	|	1.00	0.39	0.39	60.82	0.00	0	|	rapi	0.02	0.02	0	|	-17.0	60.82(-17)	0.02(-17)	|	2	
6779	42	ok	|	1.00	0.29	0.29	70.77	0.00	0	|	rapi	0.03	0.03	0	|	-17.0	70.77(-17)	0.03(-17)	|	2	
6779	43	ok	|	1.00	0.21	0.21	79.48	0.00	0	|	rapi	0.04	0.04	0	|	-17.0	79.48(-17)	0.04(-17)	|	2	
6779	44	ok	|	1.00	0.13	0.13	88.16	0.00	0	|	rapi	0.06	0.06	0	|	-17.0	88.16(-17)	0.06(-17)	|	2	
6779	45	fail-w	|	1.00	0.09	0.09	93.46	0.00	0	|	rapi	0.13	0.14	0	|	-17.0	93.46(-17)	0.14(-17)	|	2	
