6791	0	ok	|	0.09	1.00	1.00	0.10	0.00	0	|	rapi	0.00	0.00	0	|	-42.0	0.10(-42)		|	2	
6791	1	ok	|	0.11	1.00	1.00	0.13	0.00	0	|	rapi	0.00	0.00	0	|	-42.0	0.13(-42)		|	2	
6791	2	ok	|	0.12	1.00	1.00	0.14	0.00	0	|	rapi	0.00	0.00	0	|	-42.0	0.14(-42)		|	2	
6791	3	ok	|	0.14	1.00	1.00	0.18	0.00	0	|	rapi	0.00	0.00	0	|	-42.0	0.18(-42)		|	2	
6791	4	ok	|	0.17	1.00	1.00	0.23	0.00	0	|	rapi	0.00	0.00	0	|	-42.0	0.23(-42)		|	2	
6791	5	ok	|	0.19	1.00	1.00	0.27	0.00	0	|	rapi	0.00	0.00	0	|	-42.0	0.27(-42)		|	2	
6791	6	ok	|	0.20	1.00	1.00	0.29	0.00	0	|	rapi	0.00	0.00	0	|	-42.0	0.29(-42)		|	2	
6791	7	ok	|	0.22	1.00	1.00	0.34	0.00	0	|	rapi	0.00	0.00	0	|	-42.0	0.34(-42)		|	2	
6791	8	ok	|	0.25	1.00	1.00	0.40	0.00	0	|	rapi	0.00	0.00	0	|	-42.0	0.40(-42)		|	2	
6791	9	ok	|	0.30	1.00	1.00	0.47	0.00	0	|	rapi	0.00	0.00	0	|	-42.0	0.47(-42)		|	2	
6791	10	ok	|	0.34	0.99	0.99	0.57	0.00	0	|	rapi	0.00	0.00	0	|	-42.0	0.57(-42)		|	2	
6791	11	ok	|	0.40	0.99	0.99	0.65	0.00	0	|	rapi	0.00	0.00	0	|	-42.0	0.65(-42)		|	2	
6791	12	ok	|	0.44	0.99	0.99	0.76	0.00	0	|	rapi	0.00	0.00	0	|	-42.0	0.76(-42)		|	2	
6791	13	ok	|	0.50	0.99	0.99	0.94	0.00	0	|	rapi	0.00	0.00	0	|	-42.0	0.94(-42)		|	2	
6791	14	ok	|	0.58	0.99	0.99	1.10	0.00	0	|	rapi	0.00	0.00	0	|	-42.0	1.10(-42)		|	2	
6791	15	ok	|	0.63	0.99	0.99	1.34	0.00	0	|	rapi	0.00	0.00	0	|	-42.0	1.34(-42)		|	2	
6791	16	ok	|	0.68	0.98	0.98	1.51	0.00	0	|	rapi	0.00	0.00	0	|	-42.0	1.51(-42)		|	2	
6791	17	ok	|	0.74	0.98	0.98	1.72	0.00	0	|	rapi	0.00	0.00	0	|	-42.0	1.72(-42)		|	2	
6791	18	ok	|	0.80	0.98	0.98	2.05	0.00	0	|	rapi	0.00	0.00	0	|	-42.0	2.05(-42)		|	2	
6791	19	ok	|	0.85	0.98	0.98	2.30	0.00	0	|	rapi	0.00	0.00	0	|	-42.0	2.30(-42)		|	2	
6791	20	ok	|	0.87	0.97	0.97	2.69	0.00	0	|	rapi	0.00	0.00	0	|	-42.0	2.69(-42)		|	2	
6791	21	ok	|	0.92	0.97	0.97	3.13	0.00	0	|	rapi	0.00	0.00	0	|	-42.0	3.13(-42)	0.00(-42)	|	2	
6791	22	ok	|	0.95	0.96	0.96	3.75	0.00	0	|	rapi	0.00	0.00	0	|	-42.0	3.75(-42)	0.00(-42)	|	2	
6791	23	ok	|	0.97	0.96	0.96	4.41	0.00	0	|	rapi	0.00	0.00	0	|	-42.0	4.41(-42)	0.00(-42)	|	2	
6791	24	ok	|	0.97	0.95	0.95	5.10	0.00	0	|	rapi	0.01	0.01	0	|	-42.0	5.10(-42)	0.01(-42)	|	2	
6791	25	ok	|	0.99	0.94	0.94	6.11	0.00	0	|	rapi	0.00	0.00	0	|	-42.0	6.11(-42)	0.00(-42)	|	2	
6791	26	ok	|	0.99	0.93	0.93	7.26	0.00	0	|	rapi	0.01	0.01	0	|	-42.0	7.26(-42)	0.01(-42)	|	2	
6791	27	ok	|	1.00	0.91	0.91	8.55	0.00	0	|	rapi	0.01	0.01	0	|	-42.0	8.55(-42)	0.01(-42)	|	2	
6791	28	ok	|	1.00	0.90	0.90	10.17	0.00	0	|	rapi	0.01	0.01	0	|	-42.0	10.17(-42)	0.01(-42)	|	2	
6791	29	ok	|	1.00	0.88	0.88	12.13	0.00	0	|	rapi	0.01	0.01	0	|	-42.0	12.13(-42)	0.01(-42)	|	2	
6791	30	ok	|	1.00	0.86	0.86	14.41	0.00	0	|	rapi	0.01	0.01	0	|	-42.0	14.41(-42)	0.01(-42)	|	2	
6791	31	ok	|	1.00	0.83	0.83	16.81	0.00	0	|	rapi	0.01	0.01	0	|	-42.0	16.81(-42)	0.01(-42)	|	2	
6791	32	ok	|	1.00	0.80	0.80	19.87	0.00	0	|	rapi	0.00	0.00	0	|	-42.0	19.87(-42)	0.00(-42)	|	2	
6791	33	ok	|	1.00	0.77	0.77	23.23	0.00	0	|	rapi	0.00	0.00	0	|	-42.0	23.23(-42)		|	2	
6791	34	ok	|	1.00	0.73	0.73	27.14	0.00	0	|	rapi	0.00	0.00	0	|	-42.0	27.14(-42)		|	2	
6791	35	ok	|	1.00	0.68	0.68	31.82	0.00	0	|	rapi	0.00	0.00	0	|	-42.0	31.82(-42)		|	2	
6791	36	ok	|	1.00	0.63	0.63	36.95	0.00	0	|	rapi	0.00	0.00	0	|	-42.0	36.95(-42)	0.00(-42)	|	2	
6791	37	ok	|	1.00	0.57	0.57	42.77	0.00	0	|	rapi	0.00	0.00	0	|	-42.0	42.77(-42)	0.00(-42)	|	2	
6791	38	ok	|	1.00	0.51	0.51	49.42	0.00	0	|	rapi	0.00	0.00	0	|	-42.0	49.42(-42)	0.00(-42)	|	2	
6791	39	ok	|	1.00	0.43	0.43	57.15	0.00	0	|	rapi	0.01	0.01	0	|	-42.0	57.15(-42)	0.01(-42)	|	2	
6791	40	ok	|	1.00	0.34	0.34	65.88	0.00	0	|	rapi	0.01	0.01	0	|	-42.0	65.88(-42)	0.01(-42)	|	2	
6791	41	ok	|	1.00	0.25	0.25	75.16	0.00	0	|	rapi	0.01	0.01	0	|	-42.0	75.16(-42)	0.01(-42)	|	2	
6791	42	ok	|	1.00	0.16	0.16	84.83	0.00	0	|	rapi	0.02	0.02	0	|	-42.0	84.83(-42)	0.02(-42)	|	2	
6791	43	fail-w	|	1.00	0.09	0.09	93.02	0.00	0	|	rapi	0.03	0.03	0	|	-42.0	93.02(-42)	0.03(-42)	|	2	
