6799	0	ok	|	0.10	1.00	1.00	0.10	0.00	0	|	rapi	0.00	0.00	0	|	-80.0	0.10(-80)		|	6	
6799	1	ok	|	0.12	1.00	1.00	0.14	0.00	0	|	rapi	0.00	0.00	0	|	-80.0	0.14(-80)		|	6	
6799	2	ok	|	0.14	1.00	1.00	0.17	0.00	0	|	rapi	0.00	0.00	0	|	-80.0	0.17(-80)		|	6	
6799	3	ok	|	0.15	1.00	1.00	0.20	0.00	0	|	rapi	0.00	0.00	0	|	-80.0	0.20(-80)		|	6	
6799	4	ok	|	0.18	1.00	1.00	0.24	0.00	0	|	rapi	0.00	0.00	0	|	-80.0	0.24(-80)		|	6	
6799	5	ok	|	0.21	1.00	1.00	0.29	0.00	0	|	rapi	0.00	0.00	0	|	-80.0	0.29(-80)		|	6	
6799	6	ok	|	0.24	1.00	1.00	0.34	0.00	0	|	rapi	0.00	0.00	0	|	-80.0	0.34(-80)		|	6	
6799	7	ok	|	0.29	1.00	1.00	0.43	0.00	0	|	rapi	0.00	0.00	0	|	-80.0	0.43(-80)		|	6	
6799	8	ok	|	0.33	1.00	1.00	0.49	0.00	0	|	rapi	0.00	0.00	0	|	-80.0	0.49(-80)		|	6	
6799	9	ok	|	0.38	0.99	0.99	0.59	0.00	0	|	rapi	0.00	0.00	0	|	-80.0	0.59(-80)		|	6	
6799	10	ok	|	0.43	0.99	0.99	0.70	0.00	0	|	rapi	0.00	0.00	0	|	-80.0	0.70(-80)		|	6	
6799	11	ok	|	0.50	0.99	0.99	0.84	0.00	0	|	rapi	0.00	0.00	0	|	-80.0	0.84(-80)	0.00(-80)	|	6	
6799	12	ok	|	0.57	0.99	0.99	1.04	0.00	0	|	rapi	0.00	0.00	0	|	-80.0	1.04(-80)	0.00(-80)	|	6	
6799	13	ok	|	0.64	0.99	0.99	1.33	0.00	0	|	rapi	0.00	0.00	0	|	-80.0	1.33(-80)		|	6	
6799	14	ok	|	0.69	0.98	0.98	1.53	0.00	0	|	rapi	0.00	0.00	0	|	-80.0	1.53(-80)		|	6	
6799	15	ok	|	0.75	0.98	0.98	1.80	0.00	0	|	rapi	0.00	0.00	0	|	-80.0	1.80(-80)		|	6	
6799	16	ok	|	0.82	0.98	0.98	2.19	0.00	0	|	rapi	0.00	0.00	0	|	-80.0	2.19(-80)		|	6	
6799	17	ok	|	0.87	0.97	0.97	2.70	0.00	0	|	rapi	0.00	0.00	0	|	-80.0	2.70(-80)		|	6	
6799	18	ok	|	0.91	0.97	0.97	3.10	0.00	0	|	rapi	0.00	0.00	0	|	-80.0	3.10(-80)		|	6	
6799	19	ok	|	0.94	0.96	0.96	3.56	0.00	0	|	rapi	0.00	0.00	0	|	-80.0	3.56(-80)		|	6	
6799	20	ok	|	0.96	0.96	0.96	4.28	0.00	0	|	rapi	0.00	0.00	0	|	-80.0	4.28(-80)		|	6	
6799	21	ok	|	0.98	0.95	0.95	5.07	0.00	0	|	rapi	0.00	0.00	0	|	-80.0	5.07(-80)		|	6	
6799	22	ok	|	0.98	0.94	0.94	5.82	0.00	0	|	rapi	0.00	0.00	0	|	-80.0	5.82(-80)		|	6	
6799	23	ok	|	0.99	0.93	0.93	6.98	0.00	0	|	rapi	0.00	0.00	0	|	-80.0	6.98(-80)		|	6	
6799	24	ok	|	1.00	0.92	0.92	8.40	0.00	0	|	rapi	0.00	0.00	0	|	-80.0	8.40(-80)		|	6	
6799	25	ok	|	1.00	0.90	0.90	10.02	0.00	0	|	rapi	0.00	0.00	0	|	-80.0	10.02(-80)		|	6	
6799	26	ok	|	1.00	0.88	0.88	11.64	0.00	0	|	rapi	0.00	0.00	0	|	-80.0	11.64(-80)		|	6	
6799	27	ok	|	1.00	0.86	0.86	13.83	0.00	0	|	rapi	0.00	0.00	0	|	-80.0	13.83(-80)		|	6	
6799	28	ok	|	1.00	0.84	0.84	15.90	0.00	0	|	rapi	0.00	0.00	0	|	-80.0	15.90(-80)		|	6	
6799	29	ok	|	1.00	0.81	0.81	18.85	0.00	0	|	rapi	0.00	0.00	0	|	-80.0	18.85(-80)		|	6	
6799	30	ok	|	1.00	0.78	0.78	21.90	0.00	0	|	rapi	0.00	0.00	0	|	-80.0	21.90(-80)		|	6	
6799	31	ok	|	1.00	0.74	0.74	25.59	0.00	0	|	rapi	0.00	0.00	0	|	-80.0	25.59(-80)	0.00(-80)	|	6	
6799	32	ok	|	1.00	0.70	0.70	29.82	0.00	0	|	rapi	0.00	0.00	0	|	-80.0	29.82(-80)		|	6	
6799	33	ok	|	1.00	0.65	0.65	35.12	0.00	0	|	rapi	0.00	0.00	0	|	-80.0	35.12(-80)		|	6	
6799	34	ok	|	1.00	0.59	0.59	41.07	0.00	0	|	rapi	0.00	0.00	0	|	-80.0	41.07(-80)		|	6	
6799	35	ok	|	1.00	0.52	0.52	48.08	0.00	0	|	rapi	0.00	0.00	0	|	-80.0	48.08(-80)		|	6	
6799	36	ok	|	1.00	0.44	0.44	56.40	0.00	0	|	rapi	0.00	0.00	0	|	-80.0	56.40(-80)	0.00(-80)	|	6	
6799	37	ok	|	1.00	0.35	0.35	65.42	0.00	0	|	rapi	0.00	0.00	0	|	-80.0	65.42(-80)	0.00(-80)	|	6	
6799	38	ok	|	1.00	0.25	0.25	74.89	0.00	0	|	rapi	0.00	0.00	0	|	-80.0	74.89(-80)	0.00(-80)	|	6	
6799	39	ok	|	1.00	0.16	0.16	84.43	0.00	0	|	rapi	0.00	0.00	0	|	-80.0	84.43(-80)	0.00(-80)	|	6	
6799	40	fail-w	|	1.00	0.09	0.09	93.17	0.00	0	|	rapi	0.01	0.01	0	|	-80.0	93.17(-80)	0.01(-80)	|	6	
