6851	0	ok	|	0.09	1.00	1.00	0.10	0.00	0	|	rapi	0.00	0.00	0	|	12.0	0.10(12)		|	2	
6851	1	ok	|	0.11	1.00	1.00	0.13	0.00	0	|	rapi	0.00	0.00	0	|	12.0	0.13(12)		|	2	
6851	2	ok	|	0.11	1.00	1.00	0.14	0.00	0	|	rapi	0.00	0.00	0	|	12.0	0.14(12)		|	2	
6851	3	ok	|	0.12	1.00	1.00	0.14	0.00	0	|	rapi	0.00	0.00	0	|	12.0	0.14(12)		|	2	
6851	4	ok	|	0.13	1.00	1.00	0.17	0.00	0	|	rapi	0.00	0.00	0	|	12.0	0.17(12)		|	2	
6851	5	ok	|	0.14	1.00	1.00	0.18	0.00	0	|	rapi	0.00	0.00	0	|	12.0	0.18(12)		|	2	
6851	6	ok	|	0.14	1.00	1.00	0.20	0.00	0	|	rapi	0.00	0.00	0	|	12.0	0.20(12)		|	2	
6851	7	ok	|	0.16	1.00	1.00	0.22	0.00	0	|	rapi	0.00	0.00	0	|	12.0	0.22(12)		|	2	
6851	8	ok	|	0.20	1.00	1.00	0.27	0.00	0	|	rapi	0.00	0.00	0	|	12.0	0.27(12)		|	2	
6851	9	ok	|	0.23	1.00	1.00	0.32	0.00	0	|	rapi	0.00	0.00	0	|	12.0	0.32(12)		|	2	
6851	10	ok	|	0.28	1.00	1.00	0.40	0.00	0	|	rapi	0.00	0.00	0	|	12.0	0.40(12)		|	2	
6851	11	ok	|	0.31	1.00	1.00	0.46	0.00	0	|	rapi	0.00	0.00	0	|	12.0	0.46(12)		|	2	
6851	12	ok	|	0.35	0.99	0.99	0.55	0.00	0	|	rapi	0.00	0.00	0	|	12.0	0.55(12)		|	2	
6851	13	ok	|	0.42	0.99	0.99	0.67	0.00	0	|	rapi	0.00	0.00	0	|	12.0	0.67(12)		|	2	
6851	14	ok	|	0.47	0.99	0.99	0.82	0.00	0	|	rapi	0.00	0.00	0	|	12.0	0.82(12)		|	2	
6851	15	ok	|	0.55	0.99	0.99	1.01	0.00	0	|	rapi	0.00	0.00	0	|	12.0	1.01(12)		|	2	
6851	16	ok	|	0.60	0.99	0.99	1.14	0.00	0	|	rapi	0.00	0.00	0	|	12.0	1.14(12)		|	2	
6851	17	ok	|	0.65	0.99	0.99	1.32	0.00	0	|	rapi	0.00	0.00	0	|	12.0	1.32(12)		|	2	
6851	18	ok	|	0.70	0.98	0.98	1.51	0.00	0	|	rapi	0.00	0.00	0	|	12.0	1.51(12)		|	2	
6851	19	ok	|	0.73	0.98	0.98	1.72	0.00	0	|	rapi	0.00	0.00	0	|	12.0	1.72(12)		|	2	
6851	20	ok	|	0.76	0.98	0.98	1.92	0.00	0	|	rapi	0.00	0.00	0	|	12.0	1.92(12)		|	2	
6851	21	ok	|	0.83	0.98	0.98	2.19	0.00	0	|	rapi	0.00	0.00	0	|	12.0	2.19(12)		|	2	
6851	22	ok	|	0.87	0.97	0.97	2.51	0.00	0	|	rapi	0.00	0.00	0	|	12.0	2.51(12)		|	2	
6851	23	ok	|	0.91	0.97	0.97	3.02	0.00	0	|	rapi	0.00	0.00	0	|	12.0	3.02(12)		|	2	
6851	24	ok	|	0.93	0.96	0.96	3.56	0.00	0	|	rapi	0.00	0.00	0	|	12.0	3.56(12)		|	2	
6851	25	ok	|	0.97	0.96	0.96	4.23	0.00	0	|	rapi	0.00	0.00	0	|	12.0	4.23(12)		|	2	
6851	26	ok	|	0.98	0.95	0.95	5.12	0.00	0	|	rapi	0.00	0.00	0	|	12.0	5.12(12)		|	2	
6851	27	ok	|	0.99	0.94	0.94	6.03	0.00	0	|	rapi	0.00	0.00	0	|	12.0	6.03(12)		|	2	
6851	28	ok	|	0.99	0.93	0.93	7.03	0.00	0	|	rapi	0.00	0.00	0	|	12.0	7.03(12)		|	2	
6851	29	ok	|	1.00	0.92	0.92	8.47	0.00	0	|	rapi	0.00	0.00	0	|	12.0	8.47(12)		|	2	
6851	30	ok	|	1.00	0.90	0.90	9.91	0.00	0	|	rapi	0.00	0.00	0	|	12.0	9.91(12)		|	2	
6851	31	ok	|	1.00	0.89	0.89	11.46	0.00	0	|	rapi	0.00	0.00	0	|	12.0	11.46(12)		|	2	
6851	32	ok	|	1.00	0.86	0.86	13.51	0.00	0	|	rapi	0.00	0.00	0	|	12.0	13.51(12)		|	2	
6851	33	ok	|	1.00	0.84	0.84	16.05	0.00	0	|	rapi	0.00	0.00	0	|	12.0	16.05(12)		|	2	
6851	34	ok	|	1.00	0.81	0.81	18.92	0.00	0	|	rapi	0.00	0.00	0	|	12.0	18.92(12)	0.00(12)	|	2	
6851	35	ok	|	1.00	0.78	0.78	22.16	0.00	0	|	rapi	0.00	0.00	0	|	12.0	22.16(12)	0.00(12)	|	2	
6851	36	ok	|	1.00	0.74	0.74	26.07	0.00	0	|	rapi	0.00	0.00	0	|	12.0	26.07(12)	0.00(12)	|	2	
6851	37	ok	|	1.00	0.69	0.69	30.66	0.00	0	|	rapi	0.01	0.01	0	|	12.0	30.66(12)	0.01(12)	|	2	
6851	38	ok	|	1.00	0.64	0.64	36.32	0.00	0	|	rapi	0.01	0.01	0	|	12.0	36.32(12)	0.01(12)	|	2	
6851	39	ok	|	1.00	0.57	0.57	42.79	0.00	0	|	rapi	0.01	0.01	0	|	12.0	42.79(12)	0.01(12)	|	2	
6851	40	ok	|	1.00	0.50	0.50	49.77	0.00	0	|	rapi	0.01	0.01	0	|	12.0	49.77(12)	0.01(12)	|	2	
6851	41	ok	|	1.00	0.42	0.42	57.78	0.00	0	|	rapi	0.02	0.02	0	|	12.0	57.78(12)	0.02(12)	|	2	
6851	42	ok	|	1.00	0.34	0.34	66.21	0.00	0	|	rapi	0.03	0.03	0	|	12.0	66.21(12)	0.03(12)	|	2	
6851	43	ok	|	1.00	0.25	0.25	75.04	0.00	0	|	rapi	0.03	0.03	0	|	12.0	75.04(12)	0.03(12)	|	2	
6851	44	ok	|	1.00	0.16	0.16	84.07	0.00	0	|	rapi	0.05	0.05	0	|	12.0	84.07(12)	0.05(12)	|	2	
6851	45	ok	|	1.00	0.10	0.10	91.61	0.00	0	|	rapi	0.07	0.08	0	|	12.0	91.61(12)	0.08(12)	|	2	
6851	46	fail-w	|	1.00	0.08	0.08	94.79	0.00	0	|	rapi	0.16	0.18	0	|	12.0	94.79(12)	0.18(12)	|	2	
