7063	0	ok	|	0.09	1.00	1.00	0.10	0.00	0	|	rapi	0.00	0.00	0	|	-87.0	0.10(-87)		|	17	
7063	1	ok	|	0.10	1.00	1.00	0.12	0.00	0	|	rapi	0.00	0.00	0	|	-87.0	0.12(-87)		|	17	
7063	2	ok	|	0.11	1.00	1.00	0.14	0.00	0	|	rapi	0.00	0.00	0	|	-87.0	0.14(-87)		|	17	
7063	3	ok	|	0.12	1.00	1.00	0.15	0.00	0	|	rapi	0.00	0.00	0	|	-87.0	0.15(-87)		|	17	
7063	4	ok	|	0.14	1.00	1.00	0.17	0.00	0	|	rapi	0.00	0.00	0	|	-87.0	0.17(-87)		|	17	
7063	5	ok	|	0.16	1.00	1.00	0.20	0.00	0	|	rapi	0.00	0.00	0	|	-87.0	0.20(-87)		|	17	
7063	6	ok	|	0.19	1.00	1.00	0.23	0.00	0	|	rapi	0.00	0.00	0	|	-87.0	0.23(-87)		|	17	
7063	7	ok	|	0.20	1.00	1.00	0.27	0.00	0	|	rapi	0.00	0.00	0	|	-87.0	0.27(-87)		|	17	
7063	8	ok	|	0.20	1.00	1.00	0.28	0.00	0	|	rapi	0.00	0.00	0	|	-87.0	0.28(-87)		|	17	
7063	9	ok	|	0.23	1.00	1.00	0.31	0.00	0	|	rapi	0.00	0.00	0	|	-87.0	0.31(-87)		|	17	
7063	10	ok	|	0.25	1.00	1.00	0.38	0.00	0	|	rapi	0.00	0.00	0	|	-87.0	0.38(-87)		|	17	
7063	11	ok	|	0.27	1.00	1.00	0.42	0.00	0	|	rapi	0.00	0.00	0	|	-87.0	0.42(-87)		|	17	
7063	12	ok	|	0.31	1.00	1.00	0.49	0.00	0	|	rapi	0.00	0.00	0	|	-87.0	0.49(-87)		|	17	
7063	13	ok	|	0.36	0.99	0.99	0.58	0.00	0	|	rapi	0.00	0.00	0	|	-87.0	0.58(-87)		|	17	
7063	14	ok	|	0.42	0.99	0.99	0.72	0.00	0	|	rapi	0.00	0.00	0	|	-87.0	0.72(-87)		|	17	
7063	15	ok	|	0.46	0.99	0.99	0.78	0.00	0	|	rapi	0.00	0.00	0	|	-87.0	0.78(-87)		|	17	
7063	16	ok	|	0.52	0.99	0.99	0.95	0.00	0	|	rapi	0.00	0.00	0	|	-87.0	0.95(-87)		|	17	
7063	17	ok	|	0.60	0.99	0.99	1.14	0.00	0	|	rapi	0.00	0.00	0	|	-87.0	1.14(-87)		|	17	
7063	18	ok	|	0.66	0.99	0.99	1.41	0.00	0	|	rapi	0.00	0.00	0	|	-87.0	1.41(-87)		|	17	
7063	19	ok	|	0.71	0.98	0.98	1.68	0.00	0	|	rapi	0.00	0.00	0	|	-87.0	1.68(-87)		|	17	
7063	20	ok	|	0.79	0.98	0.98	1.97	0.00	0	|	rapi	0.00	0.00	0	|	-87.0	1.97(-87)		|	17	
7063	21	ok	|	0.84	0.98	0.98	2.25	0.00	0	|	rapi	0.00	0.00	0	|	-87.0	2.25(-87)		|	17	
7063	22	ok	|	0.88	0.97	0.97	2.62	0.00	0	|	rapi	0.00	0.00	0	|	-87.0	2.62(-87)		|	17	
7063	23	ok	|	0.92	0.97	0.97	3.09	0.00	0	|	rapi	0.00	0.00	0	|	-87.0	3.09(-87)		|	17	
7063	24	ok	|	0.95	0.96	0.96	3.69	0.00	0	|	rapi	0.00	0.00	0	|	-87.0	3.69(-87)		|	17	
7063	25	ok	|	0.96	0.96	0.96	4.27	0.00	0	|	rapi	0.00	0.00	0	|	-87.0	4.27(-87)		|	17	
7063	26	ok	|	0.98	0.95	0.95	4.95	0.00	0	|	rapi	0.00	0.00	0	|	-87.0	4.95(-87)	0.00(-87)	|	17	
7063	27	ok	|	1.00	0.94	0.94	5.94	0.00	0	|	rapi	0.00	0.00	0	|	-87.0	5.94(-87)	0.00(-87)	|	17	
7063	28	ok	|	1.00	0.93	0.93	7.05	0.00	0	|	rapi	0.00	0.00	0	|	-87.0	7.05(-87)		|	17	
7063	29	ok	|	1.00	0.92	0.92	8.29	0.00	0	|	rapi	0.00	0.00	0	|	-87.0	8.29(-87)		|	17	
7063	30	ok	|	1.00	0.90	0.90	9.71	0.00	0	|	rapi	0.00	0.00	0	|	-87.0	9.71(-87)		|	17	
7063	31	ok	|	1.00	0.89	0.89	11.46	0.00	0	|	rapi	0.00	0.00	0	|	-87.0	11.46(-87)		|	17	
7063	32	ok	|	1.00	0.86	0.86	13.62	0.00	0	|	rapi	0.00	0.00	0	|	-87.0	13.62(-87)		|	17	
7063	33	ok	|	1.00	0.84	0.84	15.79	0.00	0	|	rapi	0.00	0.00	0	|	-87.0	15.79(-87)		|	17	
7063	34	ok	|	1.00	0.82	0.82	18.49	0.00	0	|	rapi	0.00	0.00	0	|	-87.0	18.49(-87)		|	17	
7063	35	ok	|	1.00	0.78	0.78	22.01	0.00	0	|	rapi	0.00	0.00	0	|	-87.0	22.01(-87)	0.00(-87)	|	17	
7063	36	ok	|	1.00	0.74	0.74	25.82	0.00	0	|	rapi	0.00	0.00	0	|	-87.0	25.82(-87)	0.00(-87)	|	17	
7063	37	ok	|	1.00	0.70	0.70	30.45	0.00	0	|	rapi	0.00	0.00	0	|	-87.0	30.45(-87)	0.00(-87)	|	17	
7063	38	ok	|	1.00	0.64	0.64	35.98	0.00	0	|	rapi	0.00	0.00	0	|	-87.0	35.98(-87)	0.00(-87)	|	17	
7063	39	ok	|	1.00	0.58	0.58	42.48	0.00	0	|	rapi	0.00	0.00	0	|	-87.0	42.48(-87)	0.00(-87)	|	17	
7063	40	ok	|	1.00	0.50	0.50	49.85	0.00	0	|	rapi	0.00	0.00	0	|	-87.0	49.85(-87)	0.00(-87)	|	17	
7063	41	ok	|	1.00	0.43	0.43	57.41	0.00	0	|	rapi	0.00	0.00	0	|	-87.0	57.41(-87)	0.00(-87)	|	17	
7063	42	ok	|	1.00	0.34	0.34	66.29	0.00	0	|	rapi	0.00	0.00	0	|	-87.0	66.29(-87)	0.00(-87)	|	17	
7063	43	ok	|	1.00	0.24	0.24	76.05	0.00	0	|	rapi	0.01	0.01	0	|	-87.0	76.05(-87)	0.01(-87)	|	17	
7063	44	ok	|	1.00	0.15	0.15	85.41	0.00	0	|	rapi	0.01	0.01	0	|	-87.0	85.41(-87)	0.01(-87)	|	17	
7063	45	fail-w	|	1.00	0.08	0.08	94.62	0.00	0	|	rapi	0.01	0.01	0	|	-87.0	94.62(-87)	0.01(-87)	|	17	
