7149	0	ok	|	0.10	1.00	1.00	0.10	0.00	0	|	rapi	0.00	0.00	0	|	-44.0	0.10(-44)		|	2	
7149	1	ok	|	0.10	1.00	1.00	0.11	0.00	0	|	rapi	0.00	0.00	0	|	-44.0	0.11(-44)		|	2	
7149	2	ok	|	0.11	1.00	1.00	0.12	0.00	0	|	rapi	0.00	0.00	0	|	-44.0	0.12(-44)		|	2	
7149	3	ok	|	0.12	1.00	1.00	0.15	0.00	0	|	rapi	0.00	0.00	0	|	-44.0	0.15(-44)		|	2	
7149	4	ok	|	0.13	1.00	1.00	0.17	0.00	0	|	rapi	0.00	0.00	0	|	-44.0	0.17(-44)		|	2	
7149	5	ok	|	0.15	1.00	1.00	0.20	0.00	0	|	rapi	0.00	0.00	0	|	-44.0	0.20(-44)		|	2	
7149	6	ok	|	0.19	1.00	1.00	0.26	0.00	0	|	rapi	0.00	0.00	0	|	-44.0	0.26(-44)		|	2	
7149	7	ok	|	0.22	1.00	1.00	0.32	0.00	0	|	rapi	0.00	0.00	0	|	-44.0	0.32(-44)		|	2	
7149	8	ok	|	0.24	1.00	1.00	0.35	0.00	0	|	rapi	0.00	0.00	0	|	-44.0	0.35(-44)		|	2	
7149	9	ok	|	0.28	1.00	1.00	0.42	0.00	0	|	rapi	0.00	0.00	0	|	-44.0	0.42(-44)		|	2	
7149	10	ok	|	0.30	1.00	1.00	0.48	0.00	0	|	rapi	0.00	0.00	0	|	-44.0	0.48(-44)		|	2	
7149	11	ok	|	0.33	0.99	0.99	0.54	0.00	0	|	rapi	0.00	0.00	0	|	-44.0	0.54(-44)		|	2	
7149	12	ok	|	0.40	0.99	0.99	0.67	0.00	0	|	rapi	0.00	0.00	0	|	-44.0	0.67(-44)		|	2	
7149	13	ok	|	0.46	0.99	0.99	0.79	0.00	0	|	rapi	0.00	0.00	0	|	-44.0	0.79(-44)		|	2	
7149	14	ok	|	0.51	0.99	0.99	0.98	0.00	0	|	rapi	0.00	0.00	0	|	-44.0	0.98(-44)		|	2	
7149	15	ok	|	0.55	0.99	0.99	1.06	0.00	0	|	rapi	0.00	0.00	0	|	-44.0	1.06(-44)		|	2	
7149	16	ok	|	0.62	0.99	0.99	1.24	0.00	0	|	rapi	0.00	0.00	0	|	-44.0	1.24(-44)		|	2	
7149	17	ok	|	0.66	0.99	0.99	1.45	0.00	0	|	rapi	0.00	0.00	0	|	-44.0	1.45(-44)		|	2	
7149	18	ok	|	0.70	0.98	0.98	1.64	0.00	0	|	rapi	0.00	0.00	0	|	-44.0	1.64(-44)		|	2	
7149	19	ok	|	0.76	0.98	0.98	1.95	0.00	0	|	rapi	0.00	0.00	0	|	-44.0	1.95(-44)		|	2	
7149	20	ok	|	0.82	0.98	0.98	2.37	0.00	0	|	rapi	0.00	0.00	0	|	-44.0	2.37(-44)		|	2	
7149	21	ok	|	0.90	0.97	0.97	2.83	0.00	0	|	rapi	0.00	0.00	0	|	-44.0	2.83(-44)		|	2	
7149	22	ok	|	0.92	0.97	0.97	3.32	0.00	0	|	rapi	0.00	0.00	0	|	-44.0	3.32(-44)		|	2	
7149	23	ok	|	0.93	0.96	0.96	3.77	0.00	0	|	rapi	0.00	0.00	0	|	-44.0	3.77(-44)		|	2	
7149	24	ok	|	0.97	0.96	0.96	4.49	0.00	0	|	rapi	0.00	0.00	0	|	-44.0	4.49(-44)		|	2	
7149	25	ok	|	0.98	0.95	0.95	5.21	0.00	0	|	rapi	0.00	0.00	0	|	-44.0	5.21(-44)		|	2	
7149	26	ok	|	0.99	0.94	0.94	6.06	0.00	0	|	rapi	0.00	0.00	0	|	-44.0	6.06(-44)		|	2	
7149	27	ok	|	1.00	0.93	0.93	7.10	0.00	0	|	rapi	0.00	0.00	0	|	-44.0	7.10(-44)		|	2	
7149	28	ok	|	0.99	0.92	0.92	8.37	0.00	0	|	rapi	0.00	0.00	0	|	-44.0	8.37(-44)		|	2	
7149	29	ok	|	1.00	0.90	0.90	9.83	0.00	0	|	rapi	0.00	0.00	0	|	-44.0	9.83(-44)		|	2	
7149	30	ok	|	1.00	0.88	0.88	11.71	0.00	0	|	rapi	0.00	0.00	0	|	-44.0	11.71(-44)	0.00(-44)	|	2	
7149	31	ok	|	1.00	0.87	0.87	13.50	0.00	0	|	rapi	0.00	0.00	0	|	-44.0	13.50(-44)	0.00(-44)	|	2	
7149	32	ok	|	1.00	0.84	0.84	16.03	0.00	0	|	rapi	0.00	0.00	0	|	-44.0	16.03(-44)	0.00(-44)	|	2	
7149	33	ok	|	1.00	0.81	0.81	18.88	0.00	0	|	rapi	0.00	0.00	0	|	-44.0	18.88(-44)	0.00(-44)	|	2	
7149	34	ok	|	1.00	0.78	0.78	21.97	0.00	0	|	rapi	0.00	0.00	0	|	-44.0	21.97(-44)		|	2	
7149	35	ok	|	1.00	0.74	0.74	26.27	0.00	0	|	rapi	0.00	0.00	0	|	-44.0	26.27(-44)		|	2	
7149	36	ok	|	1.00	0.69	0.69	30.87	0.00	0	|	rapi	0.00	0.00	0	|	-44.0	30.87(-44)		|	2	
7149	37	ok	|	1.00	0.64	0.64	36.16	0.00	0	|	rapi	0.00	0.00	0	|	-44.0	36.16(-44)		|	2	
7149	38	ok	|	1.00	0.57	0.57	42.51	0.00	0	|	rapi	0.00	0.00	0	|	-44.0	42.51(-44)	0.00(-44)	|	2	
7149	39	ok	|	1.00	0.50	0.50	49.58	0.00	0	|	rapi	0.00	0.00	0	|	-44.0	49.58(-44)	0.00(-44)	|	2	
7149	40	ok	|	1.00	0.42	0.42	57.79	0.00	0	|	rapi	0.00	0.00	0	|	-44.0	57.79(-44)	0.00(-44)	|	2	
7149	41	ok	|	1.00	0.34	0.34	66.36	0.00	0	|	rapi	0.01	0.01	0	|	-44.0	66.36(-44)	0.01(-44)	|	2	
7149	42	ok	|	1.00	0.25	0.25	75.34	0.00	0	|	rapi	0.01	0.01	0	|	-44.0	75.34(-44)	0.01(-44)	|	2	
7149	43	ok	|	1.00	0.16	0.16	84.43	0.00	0	|	rapi	0.01	0.01	0	|	-44.0	84.43(-44)	0.01(-44)	|	2	
7149	44	fail-w	|	1.00	0.09	0.09	93.18	0.00	0	|	rapi	0.01	0.01	0	|	-44.0	93.18(-44)	0.01(-44)	|	2	
