717	0	ok	|	0.09	1.00	1.00	0.10	0.00	0	|	rapi	0.00	0.00	0	|	-78.0	0.10(-78)		|	5	
717	1	ok	|	0.10	1.00	1.00	0.12	0.00	0	|	rapi	0.00	0.00	0	|	-78.0	0.12(-78)		|	5	
717	2	ok	|	0.11	1.00	1.00	0.14	0.00	0	|	rapi	0.00	0.00	0	|	-78.0	0.14(-78)		|	5	
717	3	ok	|	0.13	1.00	1.00	0.17	0.00	0	|	rapi	0.00	0.00	0	|	-78.0	0.17(-78)		|	5	
717	4	ok	|	0.14	1.00	1.00	0.20	0.00	0	|	rapi	0.00	0.00	0	|	-78.0	0.20(-78)		|	5	
717	5	ok	|	0.17	1.00	1.00	0.22	0.00	0	|	rapi	0.00	0.00	0	|	-78.0	0.22(-78)		|	5	
717	6	ok	|	0.21	1.00	1.00	0.29	0.00	0	|	rapi	0.00	0.00	0	|	-78.0	0.29(-78)		|	5	
717	7	ok	|	0.23	1.00	1.00	0.32	0.00	0	|	rapi	0.00	0.00	0	|	-78.0	0.32(-78)		|	5	
717	8	ok	|	0.25	1.00	1.00	0.38	0.00	0	|	rapi	0.00	0.00	0	|	-78.0	0.38(-78)		|	5	
717	9	ok	|	0.30	1.00	1.00	0.43	0.00	0	|	rapi	0.00	0.00	0	|	-78.0	0.43(-78)		|	5	
717	10	ok	|	0.34	1.00	1.00	0.50	0.00	0	|	rapi	0.00	0.00	0	|	-78.0	0.50(-78)		|	5	
717	11	ok	|	0.38	0.99	0.99	0.59	0.00	0	|	rapi	0.00	0.00	0	|	-78.0	0.59(-78)		|	5	
717	12	ok	|	0.40	0.99	0.99	0.65	0.00	0	|	rapi	0.00	0.00	0	|	-78.0	0.65(-78)		|	5	
717	13	ok	|	0.48	0.99	0.99	0.77	0.00	0	|	rapi	0.00	0.00	0	|	-78.0	0.77(-78)		|	5	
717	14	ok	|	0.54	0.99	0.99	0.96	0.00	0	|	rapi	0.00	0.00	0	|	-78.0	0.96(-78)		|	5	
717	15	ok	|	0.57	0.99	0.99	1.08	0.00	0	|	rapi	0.00	0.00	0	|	-78.0	1.08(-78)		|	5	
717	16	ok	|	0.64	0.99	0.99	1.33	0.00	0	|	rapi	0.00	0.00	0	|	-78.0	1.33(-78)		|	5	
717	17	ok	|	0.68	0.98	0.98	1.51	0.00	0	|	rapi	0.00	0.00	0	|	-78.0	1.51(-78)		|	5	
717	18	ok	|	0.73	0.98	0.98	1.82	0.00	0	|	rapi	0.00	0.00	0	|	-78.0	1.82(-78)		|	5	
717	19	ok	|	0.81	0.98	0.98	2.18	0.00	0	|	rapi	0.00	0.00	0	|	-78.0	2.18(-78)		|	5	
717	20	ok	|	0.85	0.97	0.97	2.52	0.00	0	|	rapi	0.00	0.00	0	|	-78.0	2.52(-78)		|	5	
717	21	ok	|	0.88	0.97	0.97	2.91	0.00	0	|	rapi	0.00	0.00	0	|	-78.0	2.91(-78)		|	5	
717	22	ok	|	0.93	0.97	0.97	3.41	0.00	0	|	rapi	0.00	0.00	0	|	-78.0	3.41(-78)		|	5	
717	23	ok	|	0.95	0.96	0.96	4.03	0.00	0	|	rapi	0.00	0.00	0	|	-78.0	4.03(-78)		|	5	
717	24	ok	|	0.97	0.95	0.95	4.79	0.00	0	|	rapi	0.00	0.00	0	|	-78.0	4.79(-78)		|	5	
717	25	ok	|	0.99	0.94	0.94	5.64	0.00	0	|	rapi	0.00	0.00	0	|	-78.0	5.64(-78)		|	5	
717	26	ok	|	0.99	0.94	0.94	6.46	0.00	0	|	rapi	0.00	0.00	0	|	-78.0	6.46(-78)		|	5	
717	27	ok	|	1.00	0.92	0.92	7.68	0.00	0	|	rapi	0.00	0.00	0	|	-78.0	7.68(-78)		|	5	
717	28	ok	|	1.00	0.91	0.91	9.06	0.00	0	|	rapi	0.00	0.00	0	|	-78.0	9.06(-78)	0.00(-78)	|	5	
717	29	ok	|	1.00	0.90	0.90	10.47	0.00	0	|	rapi	0.00	0.00	0	|	-78.0	10.47(-78)	0.00(-78)	|	5	
717	30	ok	|	1.00	0.88	0.88	12.47	0.00	0	|	rapi	0.00	0.00	0	|	-78.0	12.47(-78)	0.00(-78)	|	5	
717	31	ok	|	1.00	0.85	0.85	14.82	0.00	0	|	rapi	0.00	0.00	0	|	-78.0	14.82(-78)	0.00(-78)	|	5	
717	32	ok	|	1.00	0.82	0.82	17.56	0.00	0	|	rapi	0.00	0.00	0	|	-78.0	17.56(-78)	0.00(-78)	|	5	
717	33	ok	|	1.00	0.79	0.79	20.77	0.00	0	|	rapi	0.00	0.00	0	|	-78.0	20.77(-78)	0.00(-78)	|	5	
717	34	ok	|	1.00	0.76	0.76	24.24	0.00	0	|	rapi	0.00	0.00	0	|	-78.0	24.24(-78)	0.00(-78)	|	5	
717	35	ok	|	1.00	0.72	0.72	28.40	0.00	0	|	rapi	0.00	0.00	0	|	-78.0	28.40(-78)	0.00(-78)	|	5	
717	36	ok	|	1.00	0.66	0.66	33.53	0.00	0	|	rapi	0.00	0.00	0	|	-78.0	33.53(-78)	0.00(-78)	|	5	
717	37	ok	|	1.00	0.61	0.61	39.16	0.00	0	|	rapi	0.00	0.00	0	|	-78.0	39.16(-78)	0.00(-78)	|	5	
717	38	ok	|	1.00	0.55	0.55	45.50	0.00	0	|	rapi	0.00	0.00	0	|	-78.0	45.50(-78)	0.00(-78)	|	5	
717	39	ok	|	1.00	0.47	0.47	53.29	0.00	0	|	rapi	0.00	0.00	0	|	-78.0	53.29(-78)	0.00(-78)	|	5	
717	40	ok	|	1.00	0.38	0.38	61.62	0.00	0	|	rapi	0.01	0.01	0	|	-78.0	61.62(-78)	0.01(-78)	|	5	
717	41	ok	|	1.00	0.29	0.29	70.89	0.00	0	|	rapi	0.01	0.01	0	|	-78.0	70.89(-78)	0.01(-78)	|	5	
717	42	ok	|	1.00	0.20	0.20	80.31	0.00	0	|	rapi	0.01	0.01	0	|	-78.0	80.31(-78)	0.01(-78)	|	5	
717	43	ok	|	1.00	0.12	0.12	88.82	0.00	0	|	rapi	0.02	0.02	0	|	-78.0	88.82(-78)	0.02(-78)	|	5	
717	44	fail-w	|	1.00	0.08	0.08	94.37	0.00	0	|	rapi	0.04	0.04	0	|	-78.0	94.37(-78)	0.04(-78)	|	5	
