7178	0	ok	|	0.09	1.00	1.00	0.10	0.00	0	|	rapi	0.00	0.00	0	|	27.0	0.10(27)		|	1	
7178	1	ok	|	0.10	1.00	1.00	0.12	0.00	0	|	rapi	0.00	0.00	0	|	27.0	0.12(27)		|	1	
7178	2	ok	|	0.13	1.00	1.00	0.16	0.00	0	|	rapi	0.00	0.00	0	|	27.0	0.16(27)		|	1	
7178	3	ok	|	0.13	1.00	1.00	0.17	0.00	0	|	rapi	0.00	0.00	0	|	27.0	0.17(27)		|	1	
7178	4	ok	|	0.14	1.00	1.00	0.21	0.00	0	|	rapi	0.00	0.00	0	|	27.0	0.21(27)		|	1	
7178	5	ok	|	0.17	1.00	1.00	0.24	0.00	0	|	rapi	0.00	0.00	0	|	27.0	0.24(27)		|	1	
7178	6	ok	|	0.18	1.00	1.00	0.29	0.00	0	|	rapi	0.00	0.00	0	|	27.0	0.29(27)		|	1	
7178	7	ok	|	0.21	1.00	1.00	0.34	0.00	0	|	rapi	0.00	0.00	0	|	27.0	0.34(27)		|	1	
7178	8	ok	|	0.24	1.00	1.00	0.37	0.00	0	|	rapi	0.00	0.00	0	|	27.0	0.37(27)		|	1	
7178	9	ok	|	0.27	1.00	1.00	0.42	0.00	0	|	rapi	0.00	0.00	0	|	27.0	0.42(27)		|	1	
7178	10	ok	|	0.31	1.00	1.00	0.48	0.00	0	|	rapi	0.00	0.00	0	|	27.0	0.48(27)		|	1	
7178	11	ok	|	0.33	0.99	0.99	0.54	0.00	0	|	rapi	0.00	0.00	0	|	27.0	0.54(27)		|	1	
7178	12	ok	|	0.39	0.99	0.99	0.64	0.00	0	|	rapi	0.00	0.00	0	|	27.0	0.64(27)		|	1	
7178	13	ok	|	0.43	0.99	0.99	0.76	0.00	0	|	rapi	0.00	0.00	0	|	27.0	0.76(27)		|	1	
7178	14	ok	|	0.49	0.99	0.99	0.88	0.00	0	|	rapi	0.00	0.00	0	|	27.0	0.88(27)		|	1	
7178	15	ok	|	0.51	0.99	0.99	1.01	0.00	0	|	rapi	0.00	0.00	0	|	27.0	1.01(27)		|	1	
7178	16	ok	|	0.53	0.99	0.99	1.04	0.00	0	|	rapi	0.00	0.00	0	|	27.0	1.04(27)		|	1	
7178	17	ok	|	0.60	0.99	0.99	1.27	0.00	0	|	rapi	0.00	0.00	0	|	27.0	1.27(27)		|	1	
7178	18	ok	|	0.66	0.98	0.98	1.56	0.00	0	|	rapi	0.00	0.00	0	|	27.0	1.56(27)		|	1	
7178	19	ok	|	0.72	0.98	0.98	1.74	0.00	0	|	rapi	0.00	0.00	0	|	27.0	1.74(27)		|	1	
7178	20	ok	|	0.78	0.98	0.98	2.01	0.00	0	|	rapi	0.00	0.00	0	|	27.0	2.01(27)		|	1	
7178	21	ok	|	0.84	0.98	0.98	2.33	0.00	0	|	rapi	0.00	0.00	0	|	27.0	2.33(27)	0.00(27)	|	1	
7178	22	ok	|	0.86	0.97	0.97	2.67	0.00	0	|	rapi	0.00	0.00	0	|	27.0	2.67(27)	0.00(27)	|	1	
7178	23	ok	|	0.93	0.97	0.97	3.20	0.00	0	|	rapi	0.00	0.00	0	|	27.0	3.20(27)	0.00(27)	|	1	
7178	24	ok	|	0.94	0.96	0.96	3.71	0.00	0	|	rapi	0.00	0.00	0	|	27.0	3.71(27)	0.00(27)	|	1	
7178	25	ok	|	0.96	0.96	0.96	4.38	0.00	0	|	rapi	0.00	0.00	0	|	27.0	4.38(27)		|	1	
7178	26	ok	|	0.98	0.95	0.95	5.16	0.00	0	|	rapi	0.00	0.00	0	|	27.0	5.16(27)		|	1	
7178	27	ok	|	0.99	0.94	0.94	6.14	0.00	0	|	rapi	0.00	0.00	0	|	27.0	6.14(27)	0.00(27)	|	1	
7178	28	ok	|	1.00	0.93	0.93	7.38	0.00	0	|	rapi	0.00	0.00	0	|	27.0	7.38(27)	0.00(27)	|	1	
7178	29	ok	|	1.00	0.91	0.91	8.60	0.00	0	|	rapi	0.00	0.00	0	|	27.0	8.60(27)	0.00(27)	|	1	
7178	30	ok	|	1.00	0.90	0.90	10.19	0.00	0	|	rapi	0.00	0.00	0	|	27.0	10.19(27)	0.00(27)	|	1	
7178	31	ok	|	1.00	0.88	0.88	12.11	0.00	0	|	rapi	0.00	0.00	0	|	27.0	12.11(27)	0.00(27)	|	1	
7178	32	ok	|	1.00	0.86	0.86	13.98	0.00	0	|	rapi	0.00	0.00	0	|	27.0	13.98(27)	0.00(27)	|	1	
7178	33	ok	|	1.00	0.84	0.84	16.21	0.00	0	|	rapi	0.00	0.00	0	|	27.0	16.21(27)	0.00(27)	|	1	
7178	34	ok	|	1.00	0.81	0.81	18.93	0.00	0	|	rapi	0.00	0.00	0	|	27.0	18.93(27)	0.00(27)	|	1	
7178	35	ok	|	1.00	0.78	0.78	22.36	0.00	0	|	rapi	0.00	0.00	0	|	27.0	22.36(27)	0.00(27)	|	1	
7178	36	ok	|	1.00	0.74	0.74	26.35	0.00	0	|	rapi	0.00	0.00	0	|	27.0	26.35(27)	0.00(27)	|	1	
7178	37	ok	|	1.00	0.69	0.69	31.03	0.00	0	|	rapi	0.01	0.01	0	|	27.0	31.03(27)	0.01(27)	|	1	
7178	38	ok	|	1.00	0.64	0.64	36.42	0.00	0	|	rapi	0.01	0.01	0	|	27.0	36.42(27)	0.01(27)	|	1	
7178	39	ok	|	1.00	0.57	0.57	42.56	0.00	0	|	rapi	0.01	0.01	0	|	27.0	42.56(27)	0.01(27)	|	1	
7178	40	ok	|	1.00	0.51	0.51	49.49	0.00	0	|	rapi	0.01	0.01	0	|	27.0	49.49(27)	0.01(27)	|	1	
7178	41	ok	|	1.00	0.43	0.43	57.45	0.00	0	|	rapi	0.01	0.01	0	|	27.0	57.45(27)	0.01(27)	|	1	
7178	42	ok	|	1.00	0.33	0.33	66.67	0.00	0	|	rapi	0.01	0.01	0	|	27.0	66.67(27)	0.01(27)	|	1	
7178	43	ok	|	1.00	0.23	0.23	76.93	0.00	0	|	rapi	0.01	0.01	0	|	27.0	76.93(27)	0.01(27)	|	1	
7178	44	ok	|	1.00	0.15	0.15	85.17	0.00	0	|	rapi	0.02	0.02	0	|	27.0	85.17(27)	0.02(27)	|	1	
7178	45	fail-w	|	1.00	0.09	0.09	92.36	0.00	0	|	rapi	0.03	0.03	0	|	27.0	92.36(27)	0.03(27)	|	1	
