728	0	ok	|	0.09	1.00	1.00	0.10	0.00	0	|	rapi	0.08	0.08	0	|	90.0	0.10(90)	0.08(90)	|	1372	
728	1	ok	|	0.11	1.00	1.00	0.11	0.00	0	|	rapi	0.10	0.10	0	|	90.0	0.11(90)	0.10(90)	|	1372	
728	2	ok	|	0.11	1.00	1.00	0.11	0.00	0	|	rapi	0.10	0.10	0	|	90.0	0.11(90)	0.10(90)	|	1372	
728	3	ok	|	0.10	1.00	1.00	0.11	0.00	0	|	rapi	0.09	0.10	0	|	90.0	0.11(90)	0.10(90)	|	1372	
728	4	ok	|	0.11	1.00	1.00	0.12	0.00	0	|	rapi	0.11	0.11	0	|	90.0	0.12(90)	0.11(90)	|	1372	
728	5	ok	|	0.11	1.00	1.00	0.11	0.00	0	|	rapi	0.10	0.11	0	|	90.0	0.11(90)	0.11(90)	|	1372	
728	6	ok	|	0.11	1.00	1.00	0.11	0.00	0	|	rapi	0.10	0.10	0	|	90.0	0.11(90)	0.10(90)	|	1372	
728	7	ok	|	0.11	1.00	1.00	0.12	0.00	0	|	rapi	0.11	0.11	0	|	90.0	0.12(90)	0.11(90)	|	1372	
728	8	ok	|	0.12	1.00	1.00	0.13	0.00	0	|	rapi	0.11	0.12	0	|	90.0	0.13(90)	0.12(90)	|	1372	
728	9	ok	|	0.14	1.00	1.00	0.15	0.00	0	|	rapi	0.13	0.14	0	|	90.0	0.15(90)	0.14(90)	|	1372	
728	10	ok	|	0.14	1.00	1.00	0.15	0.00	0	|	rapi	0.13	0.13	0	|	90.0	0.15(90)	0.13(90)	|	1372	
728	11	ok	|	0.14	1.00	1.00	0.16	0.00	0	|	rapi	0.13	0.14	0	|	90.0	0.16(90)	0.14(90)	|	1372	
728	12	ok	|	0.15	1.00	1.00	0.18	0.00	0	|	rapi	0.13	0.14	0	|	90.0	0.18(90)	0.14(90)	|	1372	
728	13	ok	|	0.17	1.00	1.00	0.19	0.00	0	|	rapi	0.15	0.16	0	|	90.0	0.19(90)	0.16(90)	|	1372	
728	14	ok	|	0.18	1.00	1.00	0.20	0.00	0	|	rapi	0.17	0.18	0	|	90.0	0.20(90)	0.18(90)	|	1372	
728	15	ok	|	0.18	1.00	1.00	0.21	0.00	0	|	rapi	0.17	0.18	0	|	90.0	0.21(90)	0.18(90)	|	1372	
728	16	ok	|	0.20	1.00	1.00	0.23	0.00	0	|	rapi	0.18	0.20	0	|	90.0	0.23(90)	0.20(90)	|	1372	
728	17	ok	|	0.20	1.00	1.00	0.24	0.00	0	|	rapi	0.19	0.21	0	|	90.0	0.24(90)	0.21(90)	|	1372	
728	18	ok	|	0.19	1.00	1.00	0.23	0.00	0	|	rapi	0.18	0.20	0	|	90.0	0.23(90)	0.20(90)	|	1372	
728	19	ok	|	0.19	1.00	1.00	0.22	0.00	0	|	rapi	0.18	0.20	0	|	90.0	0.22(90)	0.20(90)	|	1372	
728	20	ok	|	0.19	1.00	1.00	0.21	0.00	0	|	rapi	0.17	0.20	0	|	90.0	0.21(90)	0.20(90)	|	1372	
728	21	ok	|	0.19	1.00	1.00	0.21	0.00	0	|	rapi	0.18	0.20	0	|	90.0	0.21(90)	0.20(90)	|	1372	
728	22	ok	|	0.19	1.00	1.00	0.22	0.00	0	|	rapi	0.18	0.20	0	|	90.0	0.22(90)	0.20(90)	|	1372	
728	23	ok	|	0.18	1.00	1.00	0.20	0.00	0	|	rapi	0.17	0.18	0	|	90.0	0.20(90)	0.18(90)	|	1372	
728	24	ok	|	0.17	1.00	1.00	0.19	0.00	0	|	rapi	0.16	0.17	0	|	90.0	0.19(90)	0.17(90)	|	1372	
728	25	ok	|	0.18	1.00	1.00	0.20	0.01	0	|	rapi	0.17	0.18	0	|	90.0	0.20(90)	0.18(90)	|	1372	
728	26	ok	|	0.17	1.00	1.00	0.19	0.00	0	|	rapi	0.15	0.17	0	|	90.0	0.19(90)	0.17(90)	|	1372	
728	27	ok	|	0.18	1.00	1.00	0.20	0.00	0	|	rapi	0.16	0.18	0	|	90.0	0.20(90)	0.18(90)	|	1372	
728	28	ok	|	0.20	1.00	1.00	0.23	0.00	0	|	rapi	0.18	0.20	0	|	90.0	0.23(90)	0.20(90)	|	1372	
728	29	ok	|	0.18	1.00	1.00	0.21	0.00	0	|	rapi	0.17	0.19	0	|	90.0	0.21(90)	0.19(90)	|	1372	
728	30	ok	|	0.20	1.00	1.00	0.23	0.00	0	|	rapi	0.18	0.20	0	|	90.0	0.23(90)	0.20(90)	|	1372	
728	31	ok	|	0.19	1.00	1.00	0.21	0.00	0	|	rapi	0.17	0.19	0	|	90.0	0.21(90)	0.19(90)	|	1372	
728	32	ok	|	0.19	1.00	1.00	0.21	0.00	0	|	rapi	0.16	0.17	0	|	90.0	0.21(90)	0.17(90)	|	1372	
728	33	ok	|	0.20	1.00	1.00	0.23	0.00	0	|	rapi	0.19	0.19	0	|	90.0	0.23(90)	0.19(90)	|	1372	
728	34	ok	|	0.20	1.00	1.00	0.21	0.01	0	|	rapi	0.18	0.19	0	|	90.0	0.21(90)	0.19(90)	|	1372	
728	35	ok	|	0.20	1.00	1.00	0.21	0.01	0	|	rapi	0.19	0.20	0	|	90.0	0.21(90)	0.20(90)	|	1372	
728	36	ok	|	0.17	1.00	1.00	0.18	0.01	0	|	rapi	0.16	0.18	0	|	90.0	0.18(90)	0.18(90)	|	1372	
728	37	ok	|	0.18	1.00	1.00	0.19	0.01	0	|	rapi	0.17	0.18	0	|	90.0	0.19(90)	0.18(90)	|	1372	
728	38	ok	|	0.17	1.00	1.00	0.19	0.01	0	|	rapi	0.17	0.18	0	|	90.0	0.19(90)	0.18(90)	|	1372	
728	39	ok	|	0.18	1.00	1.00	0.20	0.01	0	|	rapi	0.18	0.19	0	|	90.0	0.20(90)	0.19(90)	|	1372	
728	40	ok	|	0.18	1.00	1.00	0.20	0.01	0	|	rapi	0.18	0.19	0	|	90.0	0.20(90)	0.19(90)	|	1372	
728	41	ok	|	0.19	1.00	1.00	0.21	0.01	0	|	rapi	0.18	0.20	0	|	90.0	0.21(90)	0.20(90)	|	1372	
728	42	ok	|	0.21	1.00	1.00	0.22	0.01	0	|	rapi	0.20	0.22	0	|	90.0	0.22(90)	0.22(90)	|	1372	
728	43	ok	|	0.22	1.00	1.00	0.23	0.01	0	|	rapi	0.21	0.22	0	|	90.0	0.23(90)	0.22(90)	|	1372	
728	44	ok	|	0.19	1.00	1.00	0.21	0.01	0	|	rapi	0.19	0.21	0	|	90.0	0.21(90)	0.21(90)	|	1372	
728	45	ok	|	0.18	1.00	1.00	0.19	0.01	0	|	rapi	0.17	0.19	0	|	90.0	0.19(90)	0.19(90)	|	1372	
728	46	ok	|	0.17	1.00	1.00	0.18	0.01	0	|	rapi	0.17	0.18	0	|	90.0	0.18(90)	0.18(90)	|	1372	
728	47	ok	|	0.17	1.00	1.00	0.19	0.01	0	|	rapi	0.17	0.19	0	|	90.0	0.19(90)	0.19(90)	|	1372	
728	48	ok	|	0.19	1.00	1.00	0.21	0.01	0	|	rapi	0.19	0.20	0	|	90.0	0.21(90)	0.20(90)	|	1372	
728	49	ok	|	0.20	1.00	1.00	0.22	0.01	0	|	rapi	0.20	0.22	0	|	90.0	0.22(90)	0.22(90)	|	1372	
728	50	ok	|	0.20	1.00	1.00	0.22	0.01	0	|	rapi	0.19	0.21	0	|	90.0	0.22(90)	0.21(90)	|	1372	
728	51	ok	|	0.17	1.00	1.00	0.20	0.01	0	|	rapi	0.17	0.19	0	|	90.0	0.20(90)	0.19(90)	|	1372	
728	52	ok	|	0.19	1.00	1.00	0.21	0.01	0	|	rapi	0.18	0.21	0	|	90.0	0.21(90)	0.21(90)	|	1372	
728	53	ok	|	0.20	1.00	1.00	0.22	0.01	0	|	rapi	0.20	0.22	0	|	90.0	0.22(90)	0.22(90)	|	1372	
728	54	ok	|	0.20	1.00	1.00	0.22	0.01	0	|	rapi	0.20	0.22	0	|	90.0	0.22(90)	0.22(90)	|	1372	
728	55	ok	|	0.20	1.00	1.00	0.22	0.01	0	|	rapi	0.20	0.22	0	|	90.0	0.22(90)	0.22(90)	|	1372	
728	56	ok	|	0.20	1.00	1.00	0.22	0.01	0	|	rapi	0.20	0.22	0	|	90.0	0.22(90)	0.22(90)	|	1372	
728	57	ok	|	0.21	1.00	1.00	0.22	0.01	0	|	rapi	0.21	0.22	0	|	90.0	0.22(90)	0.22(90)	|	1372	
728	58	ok	|	0.22	1.00	1.00	0.24	0.01	0	|	rapi	0.22	0.24	0	|	90.0	0.24(90)	0.24(90)	|	1372	
728	59	ok	|	0.22	1.00	1.00	0.23	0.01	0	|	rapi	0.22	0.23	0	|	90.0	0.23(90)	0.23(90)	|	1372	
728	60	ok	|	0.20	1.00	1.00	0.21	0.01	0	|	rapi	0.20	0.21	0	|	90.0	0.21(90)	0.21(90)	|	1372	
728	61	ok	|	0.17	1.00	1.00	0.19	0.01	0	|	rapi	0.17	0.19	0	|	90.0	0.19(90)	0.19(90)	|	1372	
728	62	ok	|	0.18	1.00	1.00	0.19	0.01	0	|	rapi	0.18	0.19	0	|	90.0	0.19(90)	0.19(90)	|	1372	
728	63	ok	|	0.17	1.00	1.00	0.18	0.01	0	|	rapi	0.17	0.18	0	|	90.0	0.18(90)	0.18(90)	|	1372	
728	64	ok	|	0.18	1.00	1.00	0.20	0.01	0	|	rapi	0.18	0.20	0	|	90.0	0.20(90)	0.20(90)	|	1372	
728	65	ok	|	0.20	1.00	1.00	0.21	0.01	0	|	rapi	0.20	0.21	0	|	90.0	0.21(90)	0.21(90)	|	1372	
728	66	ok	|	0.19	1.00	1.00	0.21	0.01	0	|	rapi	0.19	0.21	0	|	90.0	0.21(90)	0.21(90)	|	1372	
728	67	ok	|	0.18	1.00	1.00	0.20	0.01	0	|	rapi	0.18	0.20	0	|	90.0	0.20(90)	0.20(90)	|	1372	
728	68	ok	|	0.18	1.00	1.00	0.21	0.01	0	|	rapi	0.18	0.21	0	|	90.0	0.21(90)	0.21(90)	|	1372	
728	69	ok	|	0.17	1.00	1.00	0.19	0.01	0	|	rapi	0.17	0.19	0	|	90.0	0.19(90)	0.19(90)	|	1372	
728	70	ok	|	0.18	1.00	1.00	0.19	0.01	0	|	rapi	0.18	0.19	0	|	90.0	0.19(90)	0.19(90)	|	1372	
728	71	ok	|	0.17	1.00	1.00	0.18	0.01	0	|	rapi	0.17	0.18	0	|	90.0	0.18(90)	0.18(90)	|	1372	
728	72	ok	|	0.20	1.00	1.00	0.23	0.01	0	|	rapi	0.20	0.23	0	|	90.0	0.23(90)	0.23(90)	|	1372	
728	73	ok	|	0.19	1.00	1.00	0.21	0.01	0	|	rapi	0.19	0.21	0	|	90.0	0.21(90)	0.21(90)	|	1372	
728	74	ok	|	0.20	1.00	1.00	0.22	0.02	0	|	rapi	0.20	0.22	0	|	90.0	0.22(90)	0.22(90)	|	1372	
728	75	ok	|	0.21	1.00	1.00	0.23	0.02	0	|	rapi	0.21	0.23	0	|	90.0	0.23(90)	0.23(90)	|	1372	
728	76	ok	|	0.21	1.00	1.00	0.23	0.02	0	|	rapi	0.21	0.23	0	|	90.0	0.23(90)	0.23(90)	|	1372	
728	77	ok	|	0.21	1.00	1.00	0.23	0.02	0	|	rapi	0.21	0.23	0	|	90.0	0.23(90)	0.23(90)	|	1372	
728	78	ok	|	0.20	1.00	1.00	0.23	0.02	0	|	rapi	0.20	0.23	0	|	90.0	0.23(90)	0.23(90)	|	1372	
728	79	ok	|	0.21	1.00	1.00	0.24	0.02	0	|	rapi	0.21	0.24	0	|	90.0	0.24(90)	0.24(90)	|	1372	
728	80	ok	|	0.21	1.00	1.00	0.23	0.02	0	|	rapi	0.21	0.23	0	|	90.0	0.23(90)	0.23(90)	|	1372	
728	81	ok	|	0.20	1.00	1.00	0.23	0.02	0	|	rapi	0.20	0.23	0	|	90.0	0.23(90)	0.23(90)	|	1372	
728	82	ok	|	0.18	1.00	1.00	0.20	0.02	0	|	rapi	0.18	0.20	0	|	90.0	0.20(90)	0.20(90)	|	1372	
728	83	ok	|	0.18	1.00	1.00	0.20	0.02	0	|	rapi	0.18	0.20	0	|	90.0	0.20(90)	0.20(90)	|	1372	
728	84	ok	|	0.17	1.00	1.00	0.19	0.02	0	|	rapi	0.17	0.19	0	|	90.0	0.19(90)	0.19(90)	|	1372	
728	85	ok	|	0.18	1.00	1.00	0.19	0.02	0	|	rapi	0.18	0.19	0	|	90.0	0.19(90)	0.19(90)	|	1372	
728	86	ok	|	0.19	1.00	1.00	0.20	0.02	0	|	rapi	0.19	0.20	0	|	90.0	0.20(90)	0.20(90)	|	1372	
728	87	ok	|	0.21	1.00	1.00	0.24	0.02	0	|	rapi	0.21	0.24	0	|	90.0	0.24(90)	0.24(90)	|	1372	
728	88	ok	|	0.20	1.00	1.00	0.21	0.03	0	|	rapi	0.20	0.21	0	|	90.0	0.21(90)	0.21(90)	|	1372	
728	89	ok	|	0.21	1.00	1.00	0.23	0.03	0	|	rapi	0.21	0.23	0	|	90.0	0.23(90)	0.23(90)	|	1372	
728	90	ok	|	0.21	1.00	1.00	0.23	0.03	0	|	rapi	0.21	0.23	0	|	90.0	0.23(90)	0.23(90)	|	1372	
728	91	ok	|	0.21	1.00	1.00	0.23	0.03	0	|	rapi	0.21	0.23	0	|	90.0	0.23(90)	0.23(90)	|	1372	
728	92	ok	|	0.23	1.00	1.00	0.24	0.03	0	|	rapi	0.23	0.24	0	|	90.0	0.24(90)	0.24(90)	|	1372	
728	93	ok	|	0.22	1.00	1.00	0.24	0.03	0	|	rapi	0.22	0.24	0	|	90.0	0.24(90)	0.24(90)	|	1372	
728	94	ok	|	0.24	1.00	1.00	0.26	0.03	0	|	rapi	0.24	0.26	0	|	90.0	0.26(90)	0.26(90)	|	1372	
728	95	ok	|	0.23	1.00	1.00	0.25	0.03	0	|	rapi	0.23	0.25	0	|	90.0	0.25(90)	0.25(90)	|	1372	
728	96	ok	|	0.20	1.00	1.00	0.22	0.03	0	|	rapi	0.20	0.22	0	|	90.0	0.22(90)	0.22(90)	|	1372	
728	97	ok	|	0.18	1.00	1.00	0.20	0.02	0	|	rapi	0.18	0.20	0	|	90.0	0.20(90)	0.20(90)	|	1372	
728	98	ok	|	0.18	1.00	1.00	0.20	0.03	0	|	rapi	0.18	0.20	0	|	90.0	0.20(90)	0.20(90)	|	1372	
728	99	ok	|	0.18	1.00	1.00	0.20	0.02	0	|	rapi	0.18	0.20	0	|	90.0	0.20(90)	0.20(90)	|	1372	
728	100	ok	|	0.20	1.00	1.00	0.20	0.03	0	|	rapi	0.20	0.20	0	|	90.0	0.20(90)	0.20(90)	|	1372	
728	101	ok	|	0.18	1.00	1.00	0.19	0.03	0	|	rapi	0.18	0.19	0	|	90.0	0.19(90)	0.19(90)	|	1372	
728	102	ok	|	0.18	1.00	1.00	0.20	0.03	0	|	rapi	0.18	0.20	0	|	90.0	0.20(90)	0.20(90)	|	1372	
728	103	ok	|	0.18	1.00	1.00	0.18	0.03	0	|	rapi	0.18	0.18	0	|	90.0	0.18(90)	0.18(90)	|	1372	
728	104	ok	|	0.18	1.00	1.00	0.20	0.03	0	|	rapi	0.18	0.20	0	|	90.0	0.20(90)	0.20(90)	|	1372	
728	105	ok	|	0.17	1.00	1.00	0.18	0.03	0	|	rapi	0.17	0.18	0	|	90.0	0.18(90)	0.18(90)	|	1372	
728	106	ok	|	0.18	1.00	1.00	0.19	0.03	0	|	rapi	0.18	0.19	0	|	90.0	0.19(90)	0.19(90)	|	1372	
728	107	ok	|	0.18	1.00	1.00	0.19	0.03	0	|	rapi	0.18	0.19	0	|	90.0	0.19(90)	0.19(90)	|	1372	
728	108	ok	|	0.18	1.00	1.00	0.20	0.03	0	|	rapi	0.18	0.20	0	|	90.0	0.20(90)	0.20(90)	|	1372	
728	109	ok	|	0.18	1.00	1.00	0.19	0.03	0	|	rapi	0.18	0.19	0	|	90.0	0.19(90)	0.19(90)	|	1372	
728	110	ok	|	0.17	1.00	1.00	0.18	0.03	0	|	rapi	0.17	0.18	0	|	90.0	0.18(90)	0.18(90)	|	1372	
728	111	ok	|	0.17	1.00	1.00	0.18	0.03	0	|	rapi	0.17	0.18	0	|	90.0	0.18(90)	0.18(90)	|	1372	
728	112	ok	|	0.19	1.00	1.00	0.20	0.03	0	|	rapi	0.19	0.20	0	|	90.0	0.20(90)	0.20(90)	|	1372	
728	113	ok	|	0.19	1.00	1.00	0.21	0.03	0	|	rapi	0.19	0.21	0	|	90.0	0.21(90)	0.21(90)	|	1372	
728	114	ok	|	0.18	1.00	1.00	0.20	0.05	0	|	rapi	0.18	0.20	0	|	90.0	0.20(90)	0.20(90)	|	1372	
728	115	ok	|	0.20	1.00	1.00	0.21	0.05	0	|	rapi	0.20	0.21	0	|	90.0	0.21(90)	0.21(90)	|	1372	
728	116	ok	|	0.19	1.00	1.00	0.20	0.05	0	|	rapi	0.19	0.20	0	|	90.0	0.20(90)	0.20(90)	|	1372	
728	117	ok	|	0.19	1.00	1.00	0.20	0.05	0	|	rapi	0.19	0.20	0	|	90.0	0.20(90)	0.20(90)	|	1372	
728	118	ok	|	0.20	1.00	1.00	0.21	0.05	0	|	rapi	0.20	0.21	0	|	90.0	0.21(90)	0.21(90)	|	1372	
728	119	ok	|	0.19	1.00	1.00	0.21	0.05	0	|	rapi	0.19	0.21	0	|	90.0	0.21(90)	0.21(90)	|	1372	
728	120	ok	|	0.19	1.00	1.00	0.20	0.05	0	|	rapi	0.19	0.20	0	|	90.0	0.20(90)	0.20(90)	|	1372	
728	121	ok	|	0.20	1.00	1.00	0.22	0.06	0	|	rapi	0.20	0.22	0	|	90.0	0.22(90)	0.22(90)	|	1372	
728	122	ok	|	0.19	1.00	1.00	0.21	0.05	0	|	rapi	0.19	0.21	0	|	90.0	0.21(90)	0.21(90)	|	1372	
728	123	ok	|	0.21	1.00	1.00	0.23	0.06	0	|	rapi	0.21	0.23	0	|	90.0	0.23(90)	0.23(90)	|	1372	
728	124	ok	|	0.21	1.00	1.00	0.22	0.06	0	|	rapi	0.21	0.22	0	|	90.0	0.22(90)	0.22(90)	|	1372	
728	125	ok	|	0.20	1.00	1.00	0.22	0.06	0	|	rapi	0.20	0.22	0	|	90.0	0.22(90)	0.22(90)	|	1372	
728	126	ok	|	0.23	1.00	1.00	0.25	0.06	0	|	rapi	0.23	0.25	0	|	90.0	0.25(90)	0.25(90)	|	1372	
728	127	ok	|	0.24	1.00	1.00	0.26	0.06	0	|	rapi	0.24	0.26	0	|	90.0	0.26(90)	0.26(90)	|	1372	
728	128	ok	|	0.20	1.00	1.00	0.21	0.05	0	|	rapi	0.20	0.21	0	|	90.0	0.21(90)	0.21(90)	|	1372	
728	129	ok	|	0.21	1.00	1.00	0.22	0.06	0	|	rapi	0.21	0.22	0	|	90.0	0.22(90)	0.22(90)	|	1372	
728	130	ok	|	0.21	1.00	1.00	0.23	0.06	0	|	rapi	0.21	0.23	0	|	90.0	0.23(90)	0.23(90)	|	1372	
728	131	ok	|	0.23	1.00	1.00	0.24	0.06	0	|	rapi	0.23	0.24	0	|	90.0	0.24(90)	0.24(90)	|	1372	
728	132	ok	|	0.22	1.00	1.00	0.23	0.06	0	|	rapi	0.22	0.23	0	|	90.0	0.23(90)	0.23(90)	|	1372	
728	133	ok	|	0.21	1.00	1.00	0.24	0.06	0	|	rapi	0.21	0.24	0	|	90.0	0.24(90)	0.24(90)	|	1372	
728	134	ok	|	0.21	1.00	1.00	0.23	0.06	0	|	rapi	0.21	0.23	0	|	90.0	0.23(90)	0.23(90)	|	1372	
728	135	ok	|	0.23	1.00	1.00	0.25	0.06	0	|	rapi	0.23	0.25	0	|	90.0	0.25(90)	0.25(90)	|	1372	
728	136	ok	|	0.22	1.00	1.00	0.24	0.06	0	|	rapi	0.22	0.24	0	|	90.0	0.24(90)	0.24(90)	|	1372	
728	137	ok	|	0.23	1.00	1.00	0.25	0.06	0	|	rapi	0.23	0.25	0	|	90.0	0.25(90)	0.25(90)	|	1372	
728	138	ok	|	0.23	1.00	1.00	0.25	0.06	0	|	rapi	0.23	0.25	0	|	90.0	0.25(90)	0.25(90)	|	1372	
728	139	ok	|	0.22	1.00	1.00	0.24	0.06	0	|	rapi	0.22	0.24	0	|	90.0	0.24(90)	0.24(90)	|	1372	
728	140	ok	|	0.23	1.00	1.00	0.25	0.06	0	|	rapi	0.23	0.25	0	|	90.0	0.25(90)	0.25(90)	|	1372	
728	141	ok	|	0.24	1.00	1.00	0.26	0.07	0	|	rapi	0.24	0.26	0	|	90.0	0.26(90)	0.26(90)	|	1372	
728	142	ok	|	0.22	1.00	1.00	0.24	0.06	0	|	rapi	0.22	0.24	0	|	90.0	0.24(90)	0.24(90)	|	1372	
728	143	ok	|	0.19	1.00	1.00	0.21	0.05	0	|	rapi	0.19	0.21	0	|	90.0	0.21(90)	0.21(90)	|	1372	
728	144	ok	|	0.22	1.00	1.00	0.23	0.06	0	|	rapi	0.22	0.23	0	|	90.0	0.23(90)	0.23(90)	|	1372	
728	145	ok	|	0.20	1.00	1.00	0.21	0.05	0	|	rapi	0.20	0.21	0	|	90.0	0.21(90)	0.21(90)	|	1372	
728	146	ok	|	0.20	1.00	1.00	0.21	0.05	0	|	rapi	0.20	0.21	0	|	90.0	0.21(90)	0.21(90)	|	1372	
728	147	ok	|	0.19	1.00	1.00	0.20	0.05	0	|	rapi	0.19	0.20	0	|	90.0	0.20(90)	0.20(90)	|	1372	
728	148	ok	|	0.20	1.00	1.00	0.21	0.05	0	|	rapi	0.20	0.21	0	|	90.0	0.21(90)	0.21(90)	|	1372	
728	149	ok	|	0.22	1.00	1.00	0.23	0.06	0	|	rapi	0.22	0.23	0	|	90.0	0.23(90)	0.23(90)	|	1372	
728	150	ok	|	0.23	1.00	1.00	0.24	0.06	0	|	rapi	0.23	0.24	0	|	90.0	0.24(90)	0.24(90)	|	1372	
728	151	ok	|	0.21	1.00	1.00	0.22	0.06	0	|	rapi	0.21	0.22	0	|	90.0	0.22(90)	0.22(90)	|	1372	
728	152	ok	|	0.20	1.00	1.00	0.21	0.05	0	|	rapi	0.20	0.21	0	|	90.0	0.21(90)	0.21(90)	|	1372	
728	153	ok	|	0.21	1.00	1.00	0.22	0.06	0	|	rapi	0.21	0.22	0	|	90.0	0.22(90)	0.22(90)	|	1372	
728	154	ok	|	0.21	1.00	1.00	0.22	0.05	0	|	rapi	0.21	0.22	0	|	90.0	0.22(90)	0.22(90)	|	1372	
728	155	ok	|	0.20	1.00	1.00	0.22	0.05	0	|	rapi	0.20	0.22	0	|	90.0	0.22(90)	0.22(90)	|	1372	
728	156	ok	|	0.20	1.00	1.00	0.21	0.05	0	|	rapi	0.20	0.21	0	|	90.0	0.21(90)	0.21(90)	|	1372	
728	157	ok	|	0.18	1.00	1.00	0.20	0.05	0	|	rapi	0.18	0.20	0	|	90.0	0.20(90)	0.20(90)	|	1372	
728	158	ok	|	0.18	1.00	1.00	0.19	0.05	0	|	rapi	0.18	0.19	0	|	90.0	0.19(90)	0.19(90)	|	1372	
728	159	ok	|	0.18	1.00	1.00	0.19	0.05	0	|	rapi	0.18	0.19	0	|	90.0	0.19(90)	0.19(90)	|	1372	
728	160	ok	|	0.16	1.00	1.00	0.17	0.04	0	|	rapi	0.16	0.17	0	|	90.0	0.17(90)	0.17(90)	|	1372	
728	161	ok	|	0.17	1.00	1.00	0.17	0.04	0	|	rapi	0.17	0.17	0	|	90.0	0.17(90)	0.17(90)	|	1372	
728	162	ok	|	0.13	1.00	1.00	0.13	0.03	0	|	rapi	0.13	0.13	0	|	90.0	0.13(90)	0.13(90)	|	1372	
728	163	ok	|	0.13	1.00	1.00	0.13	0.03	0	|	rapi	0.13	0.13	0	|	90.0	0.13(90)	0.13(90)	|	1372	
728	164	ok	|	0.13	1.00	1.00	0.13	0.03	0	|	rapi	0.13	0.13	0	|	90.0	0.13(90)	0.13(90)	|	1372	
728	165	ok	|	0.13	1.00	1.00	0.13	0.03	0	|	rapi	0.13	0.13	0	|	90.0	0.13(90)	0.13(90)	|	1372	
728	166	ok	|	0.14	1.00	1.00	0.15	0.04	0	|	rapi	0.14	0.15	0	|	90.0	0.15(90)	0.15(90)	|	1372	
728	167	ok	|	0.13	1.00	1.00	0.14	0.03	0	|	rapi	0.13	0.14	0	|	90.0	0.14(90)	0.14(90)	|	1372	
728	168	ok	|	0.12	1.00	1.00	0.12	0.03	0	|	rapi	0.12	0.12	0	|	90.0	0.12(90)	0.12(90)	|	1372	
728	169	ok	|	0.12	1.00	1.00	0.12	0.03	0	|	rapi	0.12	0.12	0	|	90.0	0.12(90)	0.12(90)	|	1372	
728	170	ok	|	0.12	1.00	1.00	0.13	0.07	0	|	rapi	0.12	0.13	0	|	90.0	0.13(90)	0.13(90)	|	1372	
728	171	ok	|	0.12	1.00	1.00	0.12	0.06	0	|	rapi	0.12	0.12	0	|	90.0	0.12(90)	0.12(90)	|	1372	
728	172	ok	|	0.12	1.00	1.00	0.12	0.06	0	|	rapi	0.12	0.12	0	|	90.0	0.12(90)	0.12(90)	|	1372	
728	173	ok	|	0.12	1.00	1.00	0.12	0.06	0	|	rapi	0.12	0.12	0	|	90.0	0.12(90)	0.12(90)	|	1372	
728	174	ok	|	0.12	1.00	1.00	0.12	0.06	0	|	rapi	0.12	0.12	0	|	90.0	0.12(90)	0.12(90)	|	1372	
728	175	ok	|	0.12	1.00	1.00	0.12	0.06	0	|	rapi	0.12	0.12	0	|	90.0	0.12(90)	0.12(90)	|	1372	
728	176	ok	|	0.12	1.00	1.00	0.12	0.06	0	|	rapi	0.12	0.12	0	|	90.0	0.12(90)	0.12(90)	|	1372	
728	177	ok	|	0.12	1.00	1.00	0.12	0.06	0	|	rapi	0.12	0.12	0	|	90.0	0.12(90)	0.12(90)	|	1372	
728	178	ok	|	0.11	1.00	1.00	0.11	0.06	0	|	rapi	0.11	0.11	0	|	90.0	0.11(90)	0.11(90)	|	1372	
728	179	ok	|	0.10	1.00	1.00	0.10	0.05	0	|	rapi	0.10	0.10	0	|	90.0	0.10(90)	0.10(90)	|	1372	
728	180	ok	|	0.08	1.00	1.00	0.08	0.04	0	|	rapi	0.08	0.08	0	|	90.0	0.08(90)	0.08(90)	|	1372	
728	181	ok	|	0.09	1.00	1.00	0.09	0.04	0	|	rapi	0.09	0.09	0	|	90.0	0.09(90)	0.09(90)	|	1372	
728	182	ok	|	0.08	1.00	1.00	0.08	0.04	0	|	rapi	0.08	0.08	0	|	90.0	0.08(90)	0.08(90)	|	1372	
728	183	ok	|	0.08	1.00	1.00	0.08	0.04	0	|	rapi	0.08	0.08	0	|	90.0	0.08(90)	0.08(90)	|	1372	
728	184	ok	|	0.08	1.00	1.00	0.08	0.04	0	|	rapi	0.08	0.08	0	|	90.0	0.08(90)	0.08(90)	|	1372	
728	185	ok	|	0.08	1.00	1.00	0.08	0.04	0	|	rapi	0.08	0.08	0	|	90.0	0.08(90)	0.08(90)	|	1372	
728	186	ok	|	0.08	1.00	1.00	0.08	0.04	0	|	rapi	0.08	0.08	0	|	90.0	0.08(90)	0.08(90)	|	1372	
728	187	ok	|	0.06	1.00	1.00	0.06	0.03	0	|	rapi	0.06	0.06	0	|	90.0	0.06(90)	0.06(90)	|	1372	
728	188	ok	|	0.08	1.00	1.00	0.08	0.04	0	|	rapi	0.08	0.08	0	|	90.0	0.08(90)	0.08(90)	|	1372	
728	189	ok	|	0.08	1.00	1.00	0.08	0.04	0	|	rapi	0.08	0.08	0	|	90.0	0.08(90)	0.08(90)	|	1372	
728	190	ok	|	0.08	1.00	1.00	0.08	0.04	0	|	rapi	0.08	0.08	0	|	90.0	0.08(90)	0.08(90)	|	1372	
728	191	ok	|	0.07	1.00	1.00	0.08	0.04	0	|	rapi	0.07	0.08	0	|	90.0	0.08(90)	0.08(90)	|	1372	
728	192	ok	|	0.07	1.00	1.00	0.07	0.04	0	|	rapi	0.07	0.07	0	|	90.0	0.07(90)	0.07(90)	|	1372	
728	193	ok	|	0.07	1.00	1.00	0.07	0.04	0	|	rapi	0.07	0.07	0	|	90.0	0.07(90)	0.07(90)	|	1372	
728	194	ok	|	0.06	1.00	1.00	0.06	0.03	0	|	rapi	0.06	0.06	0	|	90.0	0.06(90)	0.06(90)	|	1372	
728	195	ok	|	0.07	1.00	1.00	0.07	0.03	0	|	rapi	0.07	0.07	0	|	90.0	0.07(90)	0.07(90)	|	1372	
728	196	ok	|	0.07	1.00	1.00	0.07	0.03	0	|	rapi	0.07	0.07	0	|	90.0	0.07(90)	0.07(90)	|	1372	
728	197	ok	|	0.06	1.00	1.00	0.06	0.03	0	|	rapi	0.06	0.06	0	|	90.0	0.06(90)	0.06(90)	|	1372	
728	198	ok	|	0.07	1.00	1.00	0.07	0.04	0	|	rapi	0.07	0.07	0	|	90.0	0.07(90)	0.07(90)	|	1372	
728	199	ok	|	0.06	1.00	1.00	0.06	0.03	0	|	rapi	0.06	0.06	0	|	90.0	0.06(90)	0.06(90)	|	1372	
728	200	ok	|	0.06	1.00	1.00	0.06	0.03	0	|	rapi	0.06	0.06	0	|	90.0	0.06(90)	0.06(90)	|	1372	
728	201	ok	|	0.06	1.00	1.00	0.06	0.03	0	|	rapi	0.06	0.06	0	|	90.0	0.06(90)	0.06(90)	|	1372	
728	202	ok	|	0.06	1.00	1.00	0.06	0.03	0	|	rapi	0.06	0.06	0	|	90.0	0.06(90)	0.06(90)	|	1372	
728	203	ok	|	0.07	1.00	1.00	0.07	0.03	0	|	rapi	0.07	0.07	0	|	90.0	0.07(90)	0.07(90)	|	1372	
728	204	ok	|	0.07	1.00	1.00	0.07	0.03	0	|	rapi	0.07	0.07	0	|	90.0	0.07(90)	0.07(90)	|	1372	
728	205	ok	|	0.06	1.00	1.00	0.06	0.03	0	|	rapi	0.06	0.06	0	|	90.0	0.06(90)	0.06(90)	|	1372	
728	206	ok	|	0.06	1.00	1.00	0.06	0.03	0	|	rapi	0.06	0.06	0	|	90.0	0.06(90)	0.06(90)	|	1372	
728	207	ok	|	0.07	1.00	1.00	0.07	0.03	0	|	rapi	0.07	0.07	0	|	90.0	0.07(90)	0.07(90)	|	1372	
728	208	ok	|	0.08	1.00	1.00	0.08	0.04	0	|	rapi	0.08	0.08	0	|	90.0	0.08(90)	0.08(90)	|	1372	
728	209	ok	|	0.07	1.00	1.00	0.07	0.04	0	|	rapi	0.07	0.07	0	|	90.0	0.07(90)	0.07(90)	|	1372	
728	210	ok	|	0.07	1.00	1.00	0.07	0.03	0	|	rapi	0.07	0.07	0	|	90.0	0.07(90)	0.07(90)	|	1372	
728	211	ok	|	0.06	1.00	1.00	0.07	0.03	0	|	rapi	0.06	0.07	0	|	90.0	0.07(90)	0.07(90)	|	1372	
728	212	ok	|	0.07	1.00	1.00	0.07	0.03	0	|	rapi	0.07	0.07	0	|	90.0	0.07(90)	0.07(90)	|	1372	
728	213	ok	|	0.06	1.00	1.00	0.06	0.03	0	|	rapi	0.06	0.06	0	|	90.0	0.06(90)	0.06(90)	|	1372	
728	214	ok	|	0.06	1.00	1.00	0.06	0.03	0	|	rapi	0.06	0.06	0	|	90.0	0.06(90)	0.06(90)	|	1372	
728	215	ok	|	0.05	1.00	1.00	0.05	0.03	0	|	rapi	0.05	0.05	0	|	90.0	0.05(90)	0.05(90)	|	1372	
728	216	ok	|	0.05	1.00	1.00	0.06	0.03	0	|	rapi	0.05	0.06	0	|	90.0	0.06(90)	0.06(90)	|	1372	
728	217	ok	|	0.06	1.00	1.00	0.06	0.03	0	|	rapi	0.06	0.06	0	|	90.0	0.06(90)	0.06(90)	|	1372	
728	218	ok	|	0.06	1.00	1.00	0.06	0.03	0	|	rapi	0.06	0.06	0	|	90.0	0.06(90)	0.06(90)	|	1372	
728	219	ok	|	0.07	1.00	1.00	0.07	0.04	0	|	rapi	0.07	0.07	0	|	90.0	0.07(90)	0.07(90)	|	1372	
728	220	ok	|	0.06	1.00	1.00	0.07	0.03	0	|	rapi	0.06	0.07	0	|	90.0	0.07(90)	0.07(90)	|	1372	
728	221	ok	|	0.07	1.00	1.00	0.07	0.03	0	|	rapi	0.07	0.07	0	|	90.0	0.07(90)	0.07(90)	|	1372	
728	222	ok	|	0.07	1.00	1.00	0.07	0.03	0	|	rapi	0.07	0.07	0	|	90.0	0.07(90)	0.07(90)	|	1372	
728	223	ok	|	0.06	1.00	1.00	0.06	0.03	0	|	rapi	0.06	0.06	0	|	90.0	0.06(90)	0.06(90)	|	1372	
728	224	ok	|	0.04	1.00	1.00	0.04	0.02	0	|	rapi	0.04	0.04	0	|	90.0	0.04(90)	0.04(90)	|	1372	
728	225	ok	|	0.03	1.00	1.00	0.03	0.02	0	|	rapi	0.03	0.03	0	|	90.0	0.03(90)	0.03(90)	|	1372	
728	226	ok	|	0.04	1.00	1.00	0.04	0.02	0	|	rapi	0.04	0.04	0	|	90.0	0.04(90)	0.04(90)	|	1372	
728	227	ok	|	0.04	1.00	1.00	0.04	0.02	0	|	rapi	0.04	0.04	0	|	90.0	0.04(90)	0.04(90)	|	1372	
728	228	ok	|	0.03	1.00	1.00	0.03	0.02	0	|	rapi	0.03	0.03	0	|	90.0	0.03(90)	0.03(90)	|	1372	
728	229	ok	|	0.04	1.00	1.00	0.04	0.02	0	|	rapi	0.04	0.04	0	|	90.0	0.04(90)	0.04(90)	|	1372	
728	230	ok	|	0.03	1.00	1.00	0.03	0.01	0	|	rapi	0.03	0.03	0	|	90.0	0.03(90)	0.03(90)	|	1372	
728	231	ok	|	0.03	1.00	1.00	0.03	0.01	0	|	rapi	0.03	0.03	0	|	90.0	0.03(90)	0.03(90)	|	1372	
728	232	ok	|	0.02	1.00	1.00	0.02	0.01	0	|	rapi	0.02	0.02	0	|	90.0	0.02(90)	0.02(90)	|	1372	
728	233	ok	|	0.02	1.00	1.00	0.02	0.01	0	|	rapi	0.02	0.02	0	|	90.0	0.02(90)	0.02(90)	|	1372	
728	234	ok	|	0.03	1.00	1.00	0.03	0.01	0	|	rapi	0.03	0.03	0	|	90.0	0.03(90)	0.03(90)	|	1372	
728	235	ok	|	0.03	1.00	1.00	0.03	0.01	0	|	rapi	0.03	0.03	0	|	90.0	0.03(90)	0.03(90)	|	1372	
728	236	ok	|	0.03	1.00	1.00	0.03	0.02	0	|	rapi	0.03	0.03	0	|	90.0	0.03(90)	0.03(90)	|	1372	
728	237	ok	|	0.04	1.00	1.00	0.04	0.02	0	|	rapi	0.04	0.04	0	|	90.0	0.04(90)	0.04(90)	|	1372	
728	238	ok	|	0.03	1.00	1.00	0.03	0.02	0	|	rapi	0.03	0.03	0	|	90.0	0.03(90)	0.03(90)	|	1372	
728	239	ok	|	0.02	1.00	1.00	0.02	0.01	0	|	rapi	0.02	0.02	0	|	90.0	0.02(90)	0.02(90)	|	1372	
728	240	ok	|	0.02	1.00	1.00	0.02	0.01	0	|	rapi	0.02	0.02	0	|	90.0	0.02(90)	0.02(90)	|	1372	
728	241	ok	|	0.02	1.00	1.00	0.02	0.01	0	|	rapi	0.02	0.02	0	|	90.0	0.02(90)	0.02(90)	|	1372	
728	242	ok	|	0.02	1.00	1.00	0.02	0.01	0	|	rapi	0.02	0.02	0	|	90.0	0.02(90)	0.02(90)	|	1372	
728	243	ok	|	0.01	1.00	1.00	0.01	0.01	0	|	rapi	0.01	0.01	0	|	90.0	0.01(90)	0.01(90)	|	1372	
728	244	ok	|	0.01	1.00	1.00	0.01	0.01	0	|	rapi	0.01	0.01	0	|	90.0	0.01(90)	0.01(90)	|	1372	
728	245	ok	|	0.02	1.00	1.00	0.02	0.01	0	|	rapi	0.02	0.02	0	|	90.0	0.02(90)	0.02(90)	|	1372	
728	246	ok	|	0.01	1.00	1.00	0.01	0.01	0	|	rapi	0.01	0.01	0	|	90.0	0.01(90)	0.01(90)	|	1372	
728	247	ok	|	0.01	1.00	1.00	0.01	0.01	0	|	rapi	0.01	0.01	0	|	90.0	0.01(90)	0.01(90)	|	1372	
728	248	ok	|	0.02	1.00	1.00	0.02	0.01	0	|	rapi	0.02	0.02	0	|	90.0	0.02(90)	0.02(90)	|	1372	
728	249	ok	|	0.02	1.00	1.00	0.02	0.01	0	|	rapi	0.02	0.02	0	|	90.0	0.02(90)	0.02(90)	|	1372	
728	250	ok	|	0.01	1.00	1.00	0.01	0.01	0	|	rapi	0.01	0.01	0	|	90.0	0.01(90)	0.01(90)	|	1372	
728	251	ok	|	0.02	1.00	1.00	0.02	0.01	0	|	rapi	0.02	0.02	0	|	90.0	0.02(90)	0.02(90)	|	1372	
728	252	ok	|	0.01	1.00	1.00	0.02	0.01	0	|	rapi	0.01	0.02	0	|	90.0	0.02(90)	0.02(90)	|	1372	
728	253	ok	|	0.01	1.00	1.00	0.01	0.01	0	|	rapi	0.01	0.01	0	|	90.0	0.01(90)	0.01(90)	|	1372	
728	254	ok	|	0.01	1.00	1.00	0.01	0.01	0	|	rapi	0.01	0.01	0	|	90.0	0.01(90)	0.01(90)	|	1372	
728	255	ok	|	0.01	1.00	1.00	0.01	0.01	0	|	rapi	0.01	0.01	0	|	90.0	0.01(90)	0.01(90)	|	1372	
728	256	ok	|	0.01	1.00	1.00	0.01	0.01	0	|	rapi	0.01	0.01	0	|	90.0	0.01(90)	0.01(90)	|	1372	
728	257	ok	|	0.02	1.00	1.00	0.02	0.01	0	|	rapi	0.02	0.02	0	|	90.0	0.02(90)	0.02(90)	|	1372	
728	258	ok	|	0.02	1.00	1.00	0.02	0.01	0	|	rapi	0.02	0.02	0	|	90.0	0.02(90)	0.02(90)	|	1372	
728	259	ok	|	0.01	1.00	1.00	0.01	0.01	0	|	rapi	0.01	0.01	0	|	90.0	0.01(90)	0.01(90)	|	1372	
728	260	ok	|	0.02	1.00	1.00	0.02	0.01	0	|	rapi	0.02	0.02	0	|	90.0	0.02(90)	0.02(90)	|	1372	
728	261	ok	|	0.02	1.00	1.00	0.02	0.01	0	|	rapi	0.02	0.02	0	|	90.0	0.02(90)	0.02(90)	|	1372	
728	262	ok	|	0.03	1.00	1.00	0.03	0.01	0	|	rapi	0.03	0.03	0	|	90.0	0.03(90)	0.03(90)	|	1372	
728	263	ok	|	0.02	1.00	1.00	0.02	0.01	0	|	rapi	0.02	0.02	0	|	90.0	0.02(90)	0.02(90)	|	1372	
728	264	ok	|	0.03	1.00	1.00	0.03	0.01	0	|	rapi	0.03	0.03	0	|	90.0	0.03(90)	0.03(90)	|	1372	
728	265	ok	|	0.03	1.00	1.00	0.03	0.01	0	|	rapi	0.03	0.03	0	|	90.0	0.03(90)	0.03(90)	|	1372	
728	266	ok	|	0.03	1.00	1.00	0.03	0.01	0	|	rapi	0.03	0.03	0	|	90.0	0.03(90)	0.03(90)	|	1372	
728	267	ok	|	0.02	1.00	1.00	0.02	0.01	0	|	rapi	0.02	0.02	0	|	90.0	0.02(90)	0.02(90)	|	1372	
728	268	ok	|	0.02	1.00	1.00	0.02	0.01	0	|	rapi	0.02	0.02	0	|	90.0	0.02(90)	0.02(90)	|	1372	
728	269	ok	|	0.02	1.00	1.00	0.02	0.01	0	|	rapi	0.02	0.02	0	|	90.0	0.02(90)	0.02(90)	|	1372	
728	270	ok	|	0.02	1.00	1.00	0.02	0.01	0	|	rapi	0.02	0.02	0	|	90.0	0.02(90)	0.02(90)	|	1372	
728	271	ok	|	0.02	1.00	1.00	0.02	0.01	0	|	rapi	0.02	0.02	0	|	90.0	0.02(90)	0.02(90)	|	1372	
728	272	ok	|	0.02	1.00	1.00	0.02	0.01	0	|	rapi	0.02	0.02	0	|	90.0	0.02(90)	0.02(90)	|	1372	
728	273	ok	|	0.02	1.00	1.00	0.02	0.01	0	|	rapi	0.02	0.02	0	|	90.0	0.02(90)	0.02(90)	|	1372	
728	274	ok	|	0.02	1.00	1.00	0.02	0.01	0	|	rapi	0.02	0.02	0	|	90.0	0.02(90)	0.02(90)	|	1372	
728	275	ok	|	0.02	1.00	1.00	0.02	0.01	0	|	rapi	0.02	0.02	0	|	90.0	0.02(90)	0.02(90)	|	1372	
728	276	ok	|	0.02	1.00	1.00	0.02	0.01	0	|	rapi	0.02	0.02	0	|	90.0	0.02(90)	0.02(90)	|	1372	
728	277	ok	|	0.02	1.00	1.00	0.02	0.01	0	|	rapi	0.02	0.02	0	|	90.0	0.02(90)	0.02(90)	|	1372	
728	278	ok	|	0.02	1.00	1.00	0.02	0.01	0	|	rapi	0.02	0.02	0	|	90.0	0.02(90)	0.02(90)	|	1372	
728	279	ok	|	0.03	1.00	1.00	0.03	0.01	0	|	rapi	0.03	0.03	0	|	90.0	0.03(90)	0.03(90)	|	1372	
728	280	ok	|	0.02	1.00	1.00	0.02	0.01	0	|	rapi	0.02	0.02	0	|	90.0	0.02(90)	0.02(90)	|	1372	
728	281	ok	|	0.02	1.00	1.00	0.02	0.01	0	|	rapi	0.02	0.02	0	|	90.0	0.02(90)	0.02(90)	|	1372	
728	282	ok	|	0.02	1.00	1.00	0.02	0.01	0	|	rapi	0.02	0.02	0	|	90.0	0.02(90)	0.02(90)	|	1372	
728	283	ok	|	0.02	1.00	1.00	0.02	0.01	0	|	rapi	0.02	0.02	0	|	90.0	0.02(90)	0.02(90)	|	1372	
728	284	ok	|	0.03	1.00	1.00	0.03	0.01	0	|	rapi	0.03	0.03	0	|	90.0	0.03(90)	0.03(90)	|	1372	
728	285	ok	|	0.02	1.00	1.00	0.02	0.01	0	|	rapi	0.02	0.02	0	|	90.0	0.02(90)	0.02(90)	|	1372	
728	286	ok	|	0.02	1.00	1.00	0.02	0.01	0	|	rapi	0.02	0.02	0	|	90.0	0.02(90)	0.02(90)	|	1372	
728	287	ok	|	0.02	1.00	1.00	0.02	0.01	0	|	rapi	0.02	0.02	0	|	90.0	0.02(90)	0.02(90)	|	1372	
728	288	ok	|	0.03	1.00	1.00	0.03	0.01	0	|	rapi	0.03	0.03	0	|	90.0	0.03(90)	0.03(90)	|	1372	
728	289	ok	|	0.03	1.00	1.00	0.03	0.01	0	|	rapi	0.03	0.03	0	|	90.0	0.03(90)	0.03(90)	|	1372	
728	290	ok	|	0.03	1.00	1.00	0.03	0.01	0	|	rapi	0.03	0.03	0	|	90.0	0.03(90)	0.03(90)	|	1372	
728	291	ok	|	0.04	1.00	1.00	0.04	0.02	0	|	rapi	0.04	0.04	0	|	90.0	0.04(90)	0.04(90)	|	1372	
728	292	ok	|	0.04	1.00	1.00	0.04	0.02	0	|	rapi	0.04	0.04	0	|	90.0	0.04(90)	0.04(90)	|	1372	
728	293	ok	|	0.04	1.00	1.00	0.04	0.02	0	|	rapi	0.04	0.04	0	|	90.0	0.04(90)	0.04(90)	|	1372	
728	294	ok	|	0.04	1.00	1.00	0.04	0.02	0	|	rapi	0.04	0.04	0	|	90.0	0.04(90)	0.04(90)	|	1372	
728	295	ok	|	0.04	1.00	1.00	0.04	0.02	0	|	rapi	0.04	0.04	0	|	90.0	0.04(90)	0.04(90)	|	1372	
728	296	ok	|	0.05	1.00	1.00	0.05	0.02	0	|	rapi	0.05	0.05	0	|	90.0	0.05(90)	0.05(90)	|	1372	
728	297	ok	|	0.04	1.00	1.00	0.04	0.02	0	|	rapi	0.04	0.04	0	|	90.0	0.04(90)	0.04(90)	|	1372	
728	298	ok	|	0.04	1.00	1.00	0.05	0.02	0	|	rapi	0.04	0.05	0	|	90.0	0.05(90)	0.05(90)	|	1372	
728	299	ok	|	0.04	1.00	1.00	0.04	0.02	0	|	rapi	0.04	0.04	0	|	90.0	0.04(90)	0.04(90)	|	1372	
728	300	ok	|	0.04	1.00	1.00	0.05	0.02	0	|	rapi	0.04	0.05	0	|	90.0	0.05(90)	0.05(90)	|	1372	
728	301	ok	|	0.06	1.00	1.00	0.06	0.03	0	|	rapi	0.06	0.06	0	|	90.0	0.06(90)	0.06(90)	|	1372	
728	302	ok	|	0.06	1.00	1.00	0.06	0.03	0	|	rapi	0.06	0.06	0	|	90.0	0.06(90)	0.06(90)	|	1372	
728	303	ok	|	0.07	1.00	1.00	0.07	0.03	0	|	rapi	0.07	0.07	0	|	90.0	0.07(90)	0.07(90)	|	1372	
728	304	ok	|	0.07	1.00	1.00	0.07	0.03	0	|	rapi	0.07	0.07	0	|	90.0	0.07(90)	0.07(90)	|	1372	
728	305	ok	|	0.07	1.00	1.00	0.07	0.03	0	|	rapi	0.07	0.07	0	|	90.0	0.07(90)	0.07(90)	|	1372	
728	306	ok	|	0.07	1.00	1.00	0.07	0.04	0	|	rapi	0.07	0.07	0	|	90.0	0.07(90)	0.07(90)	|	1372	
728	307	ok	|	0.07	1.00	1.00	0.07	0.04	0	|	rapi	0.07	0.07	0	|	90.0	0.07(90)	0.07(90)	|	1372	
728	308	ok	|	0.06	1.00	1.00	0.06	0.03	0	|	rapi	0.06	0.06	0	|	90.0	0.06(90)	0.06(90)	|	1372	
728	309	ok	|	0.06	1.00	1.00	0.06	0.03	0	|	rapi	0.06	0.06	0	|	90.0	0.06(90)	0.06(90)	|	1372	
728	310	ok	|	0.06	1.00	1.00	0.06	0.03	0	|	rapi	0.06	0.06	0	|	90.0	0.06(90)	0.06(90)	|	1372	
728	311	ok	|	0.05	1.00	1.00	0.05	0.03	0	|	rapi	0.05	0.05	0	|	90.0	0.05(90)	0.05(90)	|	1372	
728	312	ok	|	0.06	1.00	1.00	0.06	0.03	0	|	rapi	0.06	0.06	0	|	90.0	0.06(90)	0.06(90)	|	1372	
728	313	ok	|	0.06	1.00	1.00	0.07	0.03	0	|	rapi	0.06	0.07	0	|	90.0	0.07(90)	0.07(90)	|	1372	
728	314	ok	|	0.06	1.00	1.00	0.06	0.03	0	|	rapi	0.06	0.06	0	|	90.0	0.06(90)	0.06(90)	|	1372	
728	315	ok	|	0.07	1.00	1.00	0.07	0.03	0	|	rapi	0.07	0.07	0	|	90.0	0.07(90)	0.07(90)	|	1372	
728	316	ok	|	0.08	1.00	1.00	0.08	0.04	0	|	rapi	0.08	0.08	0	|	90.0	0.08(90)	0.08(90)	|	1372	
728	317	ok	|	0.07	1.00	1.00	0.07	0.04	0	|	rapi	0.07	0.07	0	|	90.0	0.07(90)	0.07(90)	|	1372	
728	318	ok	|	0.06	1.00	1.00	0.06	0.03	0	|	rapi	0.06	0.06	0	|	90.0	0.06(90)	0.06(90)	|	1372	
728	319	ok	|	0.06	1.00	1.00	0.07	0.03	0	|	rapi	0.06	0.07	0	|	90.0	0.07(90)	0.07(90)	|	1372	
728	320	ok	|	0.05	1.00	1.00	0.05	0.03	0	|	rapi	0.05	0.05	0	|	90.0	0.05(90)	0.05(90)	|	1372	
728	321	ok	|	0.05	1.00	1.00	0.05	0.02	0	|	rapi	0.05	0.05	0	|	90.0	0.05(90)	0.05(90)	|	1372	
728	322	ok	|	0.06	1.00	1.00	0.06	0.03	0	|	rapi	0.06	0.06	0	|	90.0	0.06(90)	0.06(90)	|	1372	
728	323	ok	|	0.05	1.00	1.00	0.05	0.02	0	|	rapi	0.05	0.05	0	|	90.0	0.05(90)	0.05(90)	|	1372	
728	324	ok	|	0.04	1.00	1.00	0.04	0.02	0	|	rapi	0.04	0.04	0	|	90.0	0.04(90)	0.04(90)	|	1372	
728	325	ok	|	0.04	1.00	1.00	0.04	0.02	0	|	rapi	0.04	0.04	0	|	90.0	0.04(90)	0.04(90)	|	1372	
728	326	ok	|	0.03	1.00	1.00	0.03	0.01	0	|	rapi	0.03	0.03	0	|	90.0	0.03(90)	0.03(90)	|	1372	
728	327	ok	|	0.03	1.00	1.00	0.03	0.01	0	|	rapi	0.03	0.03	0	|	90.0	0.03(90)	0.03(90)	|	1372	
728	328	ok	|	0.02	1.00	1.00	0.02	0.01	0	|	rapi	0.02	0.02	0	|	90.0	0.02(90)	0.02(90)	|	1372	
728	329	ok	|	0.01	1.00	1.00	0.01	0.01	0	|	rapi	0.01	0.01	0	|	90.0	0.01(90)	0.01(90)	|	1372	
728	330	ok	|	0.01	1.00	1.00	0.01	0.01	0	|	rapi	0.01	0.01	0	|	90.0	0.01(90)	0.01(90)	|	1372	
728	331	ok	|	0.01	1.00	1.00	0.01	0.01	0	|	rapi	0.01	0.01	0	|	90.0	0.01(90)	0.01(90)	|	1372	
728	332	ok	|	0.01	1.00	1.00	0.01	0.01	0	|	rapi	0.01	0.01	0	|	90.0	0.01(90)	0.01(90)	|	1372	
728	333	ok	|	0.01	1.00	1.00	0.01	0.00	0	|	rapi	0.01	0.01	0	|	90.0	0.01(90)	0.01(90)	|	1372	
728	334	ok	|	0.01	1.00	1.00	0.01	0.00	0	|	rapi	0.01	0.01	0	|	90.0	0.01(90)	0.01(90)	|	1372	
728	335	ok	|	0.01	1.00	1.00	0.01	0.00	0	|	rapi	0.01	0.01	0	|	90.0	0.01(90)	0.01(90)	|	1372	
728	336	ok	|	0.01	1.00	1.00	0.01	0.00	0	|	rapi	0.01	0.01	0	|	90.0	0.01(90)	0.01(90)	|	1372	
728	337	ok	|	0.01	1.00	1.00	0.01	0.01	0	|	rapi	0.01	0.01	0	|	90.0	0.01(90)	0.01(90)	|	1372	
728	338	ok	|	0.01	1.00	1.00	0.01	0.01	0	|	rapi	0.01	0.01	0	|	90.0	0.01(90)	0.01(90)	|	1372	
728	339	ok	|	0.01	1.00	1.00	0.01	0.01	0	|	rapi	0.01	0.01	0	|	90.0	0.01(90)	0.01(90)	|	1372	
728	340	ok	|	0.01	1.00	1.00	0.01	0.01	0	|	rapi	0.01	0.01	0	|	90.0	0.01(90)	0.01(90)	|	1372	
728	341	ok	|	0.01	1.00	1.00	0.01	0.01	0	|	rapi	0.01	0.01	0	|	90.0	0.01(90)	0.01(90)	|	1372	
728	342	ok	|	0.01	1.00	1.00	0.01	0.01	0	|	rapi	0.01	0.01	0	|	90.0	0.01(90)	0.01(90)	|	1372	
728	343	ok	|	0.01	1.00	1.00	0.01	0.00	0	|	rapi	0.01	0.01	0	|	90.0	0.01(90)	0.01(90)	|	1372	
728	344	ok	|	0.01	1.00	1.00	0.01	0.00	0	|	rapi	0.01	0.01	0	|	90.0	0.01(90)	0.01(90)	|	1372	
728	345	ok	|	0.00	1.00	1.00	0.00	0.00	0	|	rapi	0.00	0.00	0	|	90.0	0.00(90)	0.00(90)	|	1372	
728	346	ok	|	0.00	1.00	1.00	0.00	0.00	0	|	rapi	0.00	0.00	0	|	90.0	0.00(90)	0.00(90)	|	1372	
728	347	ok	|	0.00	1.00	1.00	0.00	0.00	0	|	rapi	0.00	0.00	0	|	90.0	0.00(90)	0.00(90)	|	1372	
728	348	fail-0	|	0.00	1.00	1.00	0.00	NaN	0	|	rapi	0.00	0.00	0	|	NaN			|	1372	
