731	0	ok	|	0.10	1.00	1.00	0.10	0.00	0	|	rapi	0.00	0.00	0	|	-99.0	0.10(-99)		|	93	
731	1	ok	|	0.10	1.00	1.00	0.12	0.00	0	|	rapi	0.00	0.00	0	|	-99.0	0.12(-99)		|	93	
731	2	ok	|	0.12	1.00	1.00	0.14	0.00	0	|	rapi	0.00	0.00	0	|	-99.0	0.14(-99)		|	93	
731	3	ok	|	0.12	1.00	1.00	0.16	0.00	0	|	rapi	0.00	0.00	0	|	-99.0	0.16(-99)		|	93	
731	4	ok	|	0.15	1.00	1.00	0.18	0.00	0	|	rapi	0.00	0.00	0	|	-99.0	0.18(-99)		|	93	
731	5	ok	|	0.16	1.00	1.00	0.20	0.00	0	|	rapi	0.00	0.00	0	|	-99.0	0.20(-99)		|	93	
731	6	ok	|	0.20	1.00	1.00	0.26	0.00	0	|	rapi	0.00	0.00	0	|	-99.0	0.26(-99)		|	93	
731	7	ok	|	0.21	1.00	1.00	0.29	0.00	0	|	rapi	0.00	0.00	0	|	-99.0	0.29(-99)		|	93	
731	8	ok	|	0.24	1.00	1.00	0.35	0.00	0	|	rapi	0.00	0.00	0	|	-99.0	0.35(-99)		|	93	
731	9	ok	|	0.29	1.00	1.00	0.44	0.00	0	|	rapi	0.00	0.00	0	|	-99.0	0.44(-99)		|	93	
731	10	ok	|	0.32	1.00	1.00	0.50	0.00	0	|	rapi	0.00	0.00	0	|	-99.0	0.50(-99)		|	93	
731	11	ok	|	0.37	0.99	0.99	0.62	0.00	0	|	rapi	0.00	0.00	0	|	-99.0	0.62(-99)		|	93	
731	12	ok	|	0.42	0.99	0.99	0.72	0.00	0	|	rapi	0.00	0.00	0	|	-99.0	0.72(-99)		|	93	
731	13	ok	|	0.50	0.99	0.99	0.90	0.00	0	|	rapi	0.00	0.00	0	|	-99.0	0.90(-99)		|	93	
731	14	ok	|	0.54	0.99	0.99	1.09	0.00	0	|	rapi	0.00	0.00	0	|	-99.0	1.09(-99)		|	93	
731	15	ok	|	0.61	0.99	0.99	1.30	0.00	0	|	rapi	0.00	0.00	0	|	-99.0	1.30(-99)		|	93	
731	16	ok	|	0.68	0.98	0.98	1.56	0.00	0	|	rapi	0.00	0.00	0	|	-99.0	1.56(-99)		|	93	
731	17	ok	|	0.75	0.98	0.98	1.95	0.00	0	|	rapi	0.00	0.00	0	|	-99.0	1.95(-99)		|	93	
731	18	ok	|	0.81	0.98	0.98	2.34	0.00	0	|	rapi	0.00	0.00	0	|	-99.0	2.34(-99)		|	93	
731	19	ok	|	0.85	0.97	0.97	2.78	0.00	0	|	rapi	0.00	0.00	0	|	-99.0	2.78(-99)		|	93	
731	20	ok	|	0.92	0.97	0.97	3.30	0.00	0	|	rapi	0.00	0.00	0	|	-99.0	3.30(-99)		|	93	
731	21	ok	|	0.94	0.96	0.96	3.85	0.00	0	|	rapi	0.00	0.00	0	|	-99.0	3.85(-99)		|	93	
731	22	ok	|	0.97	0.95	0.95	4.66	0.00	0	|	rapi	0.00	0.00	0	|	-99.0	4.66(-99)		|	93	
731	23	ok	|	0.99	0.95	0.95	5.46	0.00	0	|	rapi	0.00	0.00	0	|	-99.0	5.46(-99)		|	93	
731	24	ok	|	0.99	0.94	0.94	6.20	0.00	0	|	rapi	0.00	0.00	0	|	-99.0	6.20(-99)		|	93	
731	25	ok	|	1.00	0.93	0.93	7.31	0.00	0	|	rapi	0.00	0.00	0	|	-99.0	7.31(-99)		|	93	
731	26	ok	|	1.00	0.91	0.91	8.76	0.00	0	|	rapi	0.00	0.00	0	|	-99.0	8.76(-99)		|	93	
731	27	ok	|	1.00	0.90	0.90	10.28	0.00	0	|	rapi	0.00	0.00	0	|	-99.0	10.28(-99)		|	93	
731	28	ok	|	1.00	0.88	0.88	12.17	0.00	0	|	rapi	0.00	0.00	0	|	-99.0	12.17(-99)		|	93	
731	29	ok	|	1.00	0.86	0.86	14.36	0.00	0	|	rapi	0.00	0.00	0	|	-99.0	14.36(-99)		|	93	
731	30	ok	|	1.00	0.83	0.83	16.93	0.00	0	|	rapi	0.00	0.00	0	|	-99.0	16.93(-99)		|	93	
731	31	ok	|	1.00	0.80	0.80	19.84	0.00	0	|	rapi	0.00	0.00	0	|	-99.0	19.84(-99)	0.00(-99)	|	93	
731	32	ok	|	1.00	0.77	0.77	23.10	0.00	0	|	rapi	0.00	0.00	0	|	-99.0	23.10(-99)	0.00(-99)	|	93	
731	33	ok	|	1.00	0.72	0.72	27.56	0.00	0	|	rapi	0.00	0.00	0	|	-99.0	27.56(-99)	0.00(-99)	|	93	
731	34	ok	|	1.00	0.68	0.68	32.30	0.00	0	|	rapi	0.00	0.00	0	|	-99.0	32.30(-99)	0.00(-99)	|	93	
731	35	ok	|	1.00	0.62	0.62	37.81	0.00	0	|	rapi	0.00	0.00	0	|	-99.0	37.81(-99)	0.00(-99)	|	93	
731	36	ok	|	1.00	0.55	0.55	44.60	0.00	0	|	rapi	0.00	0.00	0	|	-99.0	44.60(-99)	0.00(-99)	|	93	
731	37	ok	|	1.00	0.48	0.48	51.89	0.00	0	|	rapi	0.00	0.00	0	|	-99.0	51.89(-99)	0.00(-99)	|	93	
731	38	ok	|	1.00	0.39	0.39	61.27	0.00	0	|	rapi	0.01	0.01	0	|	-99.0	61.27(-99)	0.01(-99)	|	93	
731	39	ok	|	1.00	0.29	0.29	71.06	0.00	0	|	rapi	0.01	0.01	0	|	-99.0	71.06(-99)	0.01(-99)	|	93	
731	40	ok	|	1.00	0.19	0.19	81.49	0.00	0	|	rapi	0.01	0.01	0	|	-99.0	81.49(-99)	0.01(-99)	|	93	
731	41	ok	|	1.00	0.11	0.11	90.07	0.00	0	|	rapi	0.01	0.01	0	|	-99.0	90.07(-99)	0.01(-99)	|	93	
731	42	fail-w	|	1.00	0.06	0.06	97.33	0.00	0	|	rapi	0.03	0.03	0	|	-99.0	97.33(-99)	0.03(-99)	|	93	
