7399	0	ok	|	0.10	1.00	1.00	0.10	0.00	0	|	rapi	0.00	0.00	0	|	-22.0	0.10(-22)		|	1	
7399	1	ok	|	0.11	1.00	1.00	0.13	0.00	0	|	rapi	0.00	0.00	0	|	-22.0	0.13(-22)		|	1	
7399	2	ok	|	0.12	1.00	1.00	0.15	0.00	0	|	rapi	0.00	0.00	0	|	-22.0	0.15(-22)		|	1	
7399	3	ok	|	0.14	1.00	1.00	0.19	0.00	0	|	rapi	0.00	0.00	0	|	-22.0	0.19(-22)		|	1	
7399	4	ok	|	0.17	1.00	1.00	0.23	0.00	0	|	rapi	0.00	0.00	0	|	-22.0	0.23(-22)		|	1	
7399	5	ok	|	0.19	1.00	1.00	0.26	0.00	0	|	rapi	0.00	0.00	0	|	-22.0	0.26(-22)		|	1	
7399	6	ok	|	0.20	1.00	1.00	0.31	0.00	0	|	rapi	0.00	0.00	0	|	-22.0	0.31(-22)		|	1	
7399	7	ok	|	0.23	1.00	1.00	0.33	0.00	0	|	rapi	0.00	0.00	0	|	-22.0	0.33(-22)		|	1	
7399	8	ok	|	0.28	1.00	1.00	0.41	0.00	0	|	rapi	0.00	0.00	0	|	-22.0	0.41(-22)		|	1	
7399	9	ok	|	0.30	1.00	1.00	0.46	0.00	0	|	rapi	0.00	0.00	0	|	-22.0	0.46(-22)		|	1	
7399	10	ok	|	0.35	0.99	0.99	0.54	0.00	0	|	rapi	0.00	0.00	0	|	-22.0	0.54(-22)		|	1	
7399	11	ok	|	0.43	0.99	0.99	0.67	0.00	0	|	rapi	0.00	0.00	0	|	-22.0	0.67(-22)		|	1	
7399	12	ok	|	0.48	0.99	0.99	0.81	0.00	0	|	rapi	0.00	0.00	0	|	-22.0	0.81(-22)		|	1	
7399	13	ok	|	0.55	0.99	0.99	0.97	0.00	0	|	rapi	0.00	0.00	0	|	-22.0	0.97(-22)		|	1	
7399	14	ok	|	0.59	0.99	0.99	1.10	0.00	0	|	rapi	0.00	0.00	0	|	-22.0	1.10(-22)		|	1	
7399	15	ok	|	0.63	0.99	0.99	1.25	0.00	0	|	rapi	0.00	0.00	0	|	-22.0	1.25(-22)		|	1	
7399	16	ok	|	0.69	0.99	0.99	1.47	0.00	0	|	rapi	0.00	0.00	0	|	-22.0	1.47(-22)		|	1	
7399	17	ok	|	0.71	0.98	0.98	1.66	0.00	0	|	rapi	0.00	0.00	0	|	-22.0	1.66(-22)		|	1	
7399	18	ok	|	0.77	0.98	0.98	1.91	0.00	0	|	rapi	0.00	0.00	0	|	-22.0	1.91(-22)		|	1	
7399	19	ok	|	0.81	0.98	0.98	2.26	0.00	0	|	rapi	0.00	0.00	0	|	-22.0	2.26(-22)		|	1	
7399	20	ok	|	0.86	0.97	0.97	2.54	0.00	0	|	rapi	0.00	0.00	0	|	-22.0	2.54(-22)		|	1	
7399	21	ok	|	0.91	0.97	0.97	3.08	0.00	0	|	rapi	0.00	0.00	0	|	-22.0	3.08(-22)		|	1	
7399	22	ok	|	0.94	0.96	0.96	3.70	0.00	0	|	rapi	0.00	0.00	0	|	-22.0	3.70(-22)		|	1	
7399	23	ok	|	0.96	0.96	0.96	4.20	0.00	0	|	rapi	0.00	0.00	0	|	-22.0	4.20(-22)		|	1	
7399	24	ok	|	0.98	0.95	0.95	4.92	0.00	0	|	rapi	0.00	0.00	0	|	-22.0	4.92(-22)		|	1	
7399	25	ok	|	0.98	0.94	0.94	5.76	0.00	0	|	rapi	0.00	0.00	0	|	-22.0	5.76(-22)		|	1	
7399	26	ok	|	0.99	0.93	0.93	6.83	0.00	0	|	rapi	0.00	0.00	0	|	-22.0	6.83(-22)		|	1	
7399	27	ok	|	0.99	0.92	0.92	8.02	0.00	0	|	rapi	0.00	0.00	0	|	-22.0	8.02(-22)		|	1	
7399	28	ok	|	1.00	0.91	0.91	9.40	0.00	0	|	rapi	0.00	0.00	0	|	-22.0	9.40(-22)		|	1	
7399	29	ok	|	1.00	0.89	0.89	11.04	0.00	0	|	rapi	0.00	0.00	0	|	-22.0	11.04(-22)		|	1	
7399	30	ok	|	1.00	0.87	0.87	13.04	0.00	0	|	rapi	0.00	0.00	0	|	-22.0	13.04(-22)		|	1	
7399	31	ok	|	1.00	0.85	0.85	15.39	0.00	0	|	rapi	0.00	0.00	0	|	-22.0	15.39(-22)		|	1	
7399	32	ok	|	1.00	0.82	0.82	17.98	0.00	0	|	rapi	0.00	0.00	0	|	-22.0	17.98(-22)		|	1	
7399	33	ok	|	1.00	0.78	0.78	21.72	0.00	0	|	rapi	0.00	0.00	0	|	-22.0	21.72(-22)	0.00(-22)	|	1	
7399	34	ok	|	1.00	0.75	0.75	25.50	0.00	0	|	rapi	0.00	0.00	0	|	-22.0	25.50(-22)		|	1	
7399	35	ok	|	1.00	0.70	0.70	30.29	0.00	0	|	rapi	0.00	0.00	0	|	-22.0	30.29(-22)	0.00(-22)	|	1	
7399	36	ok	|	1.00	0.64	0.64	35.63	0.00	0	|	rapi	0.00	0.00	0	|	-22.0	35.63(-22)	0.00(-22)	|	1	
7399	37	ok	|	1.00	0.58	0.58	42.14	0.00	0	|	rapi	0.00	0.00	0	|	-22.0	42.14(-22)	0.00(-22)	|	1	
7399	38	ok	|	1.00	0.51	0.51	48.55	0.00	0	|	rapi	0.00	0.00	0	|	-22.0	48.55(-22)	0.00(-22)	|	1	
7399	39	ok	|	1.00	0.44	0.44	56.31	0.00	0	|	rapi	0.00	0.00	0	|	-22.0	56.31(-22)	0.00(-22)	|	1	
7399	40	ok	|	1.00	0.35	0.35	65.16	0.00	0	|	rapi	0.00	0.00	0	|	-22.0	65.16(-22)	0.00(-22)	|	1	
7399	41	ok	|	1.00	0.25	0.25	74.61	0.00	0	|	rapi	0.00	0.00	0	|	-22.0	74.61(-22)	0.00(-22)	|	1	
7399	42	ok	|	1.00	0.16	0.16	84.48	0.00	0	|	rapi	0.00	0.00	0	|	-22.0	84.48(-22)	0.00(-22)	|	1	
7399	43	fail-w	|	1.00	0.09	0.09	93.31	0.00	0	|	rapi	0.01	0.01	0	|	-22.0	93.31(-22)	0.01(-22)	|	1	
