7533	0	ok	|	0.10	1.00	1.00	0.10	0.00	0	|	rapi	0.00	0.00	0	|	-4.0	0.10(-4)		|	4	
7533	1	ok	|	0.11	1.00	1.00	0.13	0.00	0	|	rapi	0.00	0.00	0	|	-4.0	0.13(-4)		|	4	
7533	2	ok	|	0.13	1.00	1.00	0.16	0.00	0	|	rapi	0.00	0.00	0	|	-4.0	0.16(-4)		|	4	
7533	3	ok	|	0.14	1.00	1.00	0.18	0.00	0	|	rapi	0.00	0.00	0	|	-4.0	0.18(-4)		|	4	
7533	4	ok	|	0.16	1.00	1.00	0.22	0.00	0	|	rapi	0.00	0.00	0	|	-4.0	0.22(-4)		|	4	
7533	5	ok	|	0.19	1.00	1.00	0.24	0.00	0	|	rapi	0.00	0.00	0	|	-4.0	0.24(-4)		|	4	
7533	6	ok	|	0.20	1.00	1.00	0.25	0.00	0	|	rapi	0.00	0.00	0	|	-4.0	0.25(-4)		|	4	
7533	7	ok	|	0.23	1.00	1.00	0.33	0.00	0	|	rapi	0.00	0.00	0	|	-4.0	0.33(-4)		|	4	
7533	8	ok	|	0.27	1.00	1.00	0.40	0.00	0	|	rapi	0.00	0.00	0	|	-4.0	0.40(-4)		|	4	
7533	9	ok	|	0.30	1.00	1.00	0.46	0.00	0	|	rapi	0.00	0.00	0	|	-4.0	0.46(-4)		|	4	
7533	10	ok	|	0.34	0.99	0.99	0.55	0.00	0	|	rapi	0.00	0.00	0	|	-4.0	0.55(-4)		|	4	
7533	11	ok	|	0.39	0.99	0.99	0.62	0.00	0	|	rapi	0.00	0.00	0	|	-4.0	0.62(-4)		|	4	
7533	12	ok	|	0.43	0.99	0.99	0.72	0.00	0	|	rapi	0.00	0.00	0	|	-4.0	0.72(-4)		|	4	
7533	13	ok	|	0.50	0.99	0.99	0.89	0.00	0	|	rapi	0.00	0.00	0	|	-4.0	0.89(-4)	0.00(-4)	|	4	
7533	14	ok	|	0.53	0.99	0.99	0.97	0.00	0	|	rapi	0.00	0.00	0	|	-4.0	0.97(-4)	0.00(-4)	|	4	
7533	15	ok	|	0.56	0.99	0.99	1.08	0.00	0	|	rapi	0.00	0.00	0	|	-4.0	1.08(-4)		|	4	
7533	16	ok	|	0.60	0.99	0.99	1.24	0.00	0	|	rapi	0.00	0.00	0	|	-4.0	1.24(-4)		|	4	
7533	17	ok	|	0.67	0.98	0.98	1.53	0.00	0	|	rapi	0.00	0.00	0	|	-4.0	1.53(-4)	0.00(-4)	|	4	
7533	18	ok	|	0.72	0.98	0.98	1.75	0.00	0	|	rapi	0.00	0.00	0	|	-4.0	1.75(-4)	0.00(-4)	|	4	
7533	19	ok	|	0.79	0.98	0.98	2.17	0.00	0	|	rapi	0.00	0.00	0	|	-4.0	2.17(-4)	0.00(-4)	|	4	
7533	20	ok	|	0.87	0.97	0.97	2.57	0.00	0	|	rapi	0.00	0.00	0	|	-4.0	2.57(-4)		|	4	
7533	21	ok	|	0.90	0.97	0.97	3.11	0.00	0	|	rapi	0.00	0.00	0	|	-4.0	3.11(-4)		|	4	
7533	22	ok	|	0.93	0.96	0.96	3.69	0.00	0	|	rapi	0.00	0.00	0	|	-4.0	3.69(-4)		|	4	
7533	23	ok	|	0.96	0.96	0.96	4.41	0.00	0	|	rapi	0.00	0.00	0	|	-4.0	4.41(-4)		|	4	
7533	24	ok	|	0.98	0.95	0.95	5.21	0.00	0	|	rapi	0.00	0.00	0	|	-4.0	5.21(-4)		|	4	
7533	25	ok	|	0.99	0.94	0.94	6.20	0.00	0	|	rapi	0.00	0.00	0	|	-4.0	6.20(-4)		|	4	
7533	26	ok	|	1.00	0.93	0.93	7.30	0.00	0	|	rapi	0.00	0.00	0	|	-4.0	7.30(-4)		|	4	
7533	27	ok	|	1.00	0.92	0.92	8.50	0.00	0	|	rapi	0.00	0.00	0	|	-4.0	8.50(-4)		|	4	
7533	28	ok	|	1.00	0.90	0.90	10.04	0.00	0	|	rapi	0.00	0.00	0	|	-4.0	10.04(-4)		|	4	
7533	29	ok	|	1.00	0.88	0.88	11.95	0.00	0	|	rapi	0.00	0.00	0	|	-4.0	11.95(-4)		|	4	
7533	30	ok	|	1.00	0.86	0.86	14.26	0.00	0	|	rapi	0.00	0.00	0	|	-4.0	14.26(-4)	0.00(-4)	|	4	
7533	31	ok	|	1.00	0.84	0.84	16.44	0.00	0	|	rapi	0.00	0.00	0	|	-4.0	16.44(-4)	0.00(-4)	|	4	
7533	32	ok	|	1.00	0.81	0.81	19.32	0.00	0	|	rapi	0.00	0.00	0	|	-4.0	19.32(-4)	0.00(-4)	|	4	
7533	33	ok	|	1.00	0.77	0.77	22.78	0.00	0	|	rapi	0.00	0.00	0	|	-4.0	22.78(-4)	0.00(-4)	|	4	
7533	34	ok	|	1.00	0.73	0.73	27.07	0.00	0	|	rapi	0.00	0.00	0	|	-4.0	27.07(-4)	0.00(-4)	|	4	
7533	35	ok	|	1.00	0.68	0.68	31.78	0.00	0	|	rapi	0.01	0.01	0	|	-4.0	31.78(-4)	0.01(-4)	|	4	
7533	36	ok	|	1.00	0.63	0.63	37.23	0.00	0	|	rapi	0.01	0.01	0	|	-4.0	37.23(-4)	0.01(-4)	|	4	
7533	37	ok	|	1.00	0.56	0.56	43.73	0.00	0	|	rapi	0.01	0.01	0	|	-4.0	43.73(-4)	0.01(-4)	|	4	
7533	38	ok	|	1.00	0.49	0.49	51.08	0.00	0	|	rapi	0.01	0.01	0	|	-4.0	51.08(-4)	0.01(-4)	|	4	
7533	39	ok	|	1.00	0.41	0.41	59.16	0.00	0	|	rapi	0.02	0.02	0	|	-4.0	59.16(-4)	0.02(-4)	|	4	
7533	40	ok	|	1.00	0.32	0.32	67.64	0.00	0	|	rapi	0.03	0.03	0	|	-4.0	67.64(-4)	0.03(-4)	|	4	
7533	41	ok	|	1.00	0.23	0.23	77.42	0.00	0	|	rapi	0.05	0.05	0	|	-4.0	77.42(-4)	0.05(-4)	|	4	
7533	42	ok	|	1.00	0.14	0.14	86.69	0.00	0	|	rapi	0.08	0.08	0	|	-4.0	86.69(-4)	0.08(-4)	|	4	
7533	43	fail-w	|	1.00	0.09	0.09	92.63	0.00	0	|	rapi	0.13	0.13	0	|	-4.0	92.63(-4)	0.13(-4)	|	4	
