7591	0	ok	|	0.10	1.00	1.00	0.10	0.00	0	|	rapi	0.00	0.00	0	|	-69.0	0.10(-69)		|	5	
7591	1	ok	|	0.09	1.00	1.00	0.10	0.00	0	|	rapi	0.00	0.00	0	|	-69.0	0.10(-69)		|	5	
7591	2	ok	|	0.12	1.00	1.00	0.15	0.00	0	|	rapi	0.00	0.00	0	|	-69.0	0.15(-69)		|	5	
7591	3	ok	|	0.13	1.00	1.00	0.17	0.00	0	|	rapi	0.00	0.00	0	|	-69.0	0.17(-69)		|	5	
7591	4	ok	|	0.12	1.00	1.00	0.17	0.00	0	|	rapi	0.00	0.00	0	|	-69.0	0.17(-69)		|	5	
7591	5	ok	|	0.15	1.00	1.00	0.21	0.00	0	|	rapi	0.00	0.00	0	|	-69.0	0.21(-69)		|	5	
7591	6	ok	|	0.17	1.00	1.00	0.24	0.00	0	|	rapi	0.00	0.00	0	|	-69.0	0.24(-69)		|	5	
7591	7	ok	|	0.18	1.00	1.00	0.27	0.00	0	|	rapi	0.00	0.00	0	|	-69.0	0.27(-69)		|	5	
7591	8	ok	|	0.20	1.00	1.00	0.31	0.00	0	|	rapi	0.00	0.00	0	|	-69.0	0.31(-69)		|	5	
7591	9	ok	|	0.23	1.00	1.00	0.34	0.00	0	|	rapi	0.00	0.00	0	|	-69.0	0.34(-69)		|	5	
7591	10	ok	|	0.26	1.00	1.00	0.40	0.00	0	|	rapi	0.00	0.00	0	|	-69.0	0.40(-69)		|	5	
7591	11	ok	|	0.30	1.00	1.00	0.47	0.00	0	|	rapi	0.00	0.00	0	|	-69.0	0.47(-69)		|	5	
7591	12	ok	|	0.34	0.99	0.99	0.56	0.00	0	|	rapi	0.00	0.00	0	|	-69.0	0.56(-69)		|	5	
7591	13	ok	|	0.41	0.99	0.99	0.66	0.00	0	|	rapi	0.00	0.00	0	|	-69.0	0.66(-69)		|	5	
7591	14	ok	|	0.45	0.99	0.99	0.78	0.00	0	|	rapi	0.00	0.00	0	|	-69.0	0.78(-69)		|	5	
7591	15	ok	|	0.51	0.99	0.99	0.95	0.00	0	|	rapi	0.00	0.00	0	|	-69.0	0.95(-69)		|	5	
7591	16	ok	|	0.58	0.99	0.99	1.14	0.00	0	|	rapi	0.00	0.00	0	|	-69.0	1.14(-69)		|	5	
7591	17	ok	|	0.63	0.99	0.99	1.30	0.00	0	|	rapi	0.00	0.00	0	|	-69.0	1.30(-69)		|	5	
7591	18	ok	|	0.70	0.98	0.98	1.62	0.00	0	|	rapi	0.00	0.00	0	|	-69.0	1.62(-69)		|	5	
7591	19	ok	|	0.75	0.98	0.98	1.94	0.00	0	|	rapi	0.00	0.00	0	|	-69.0	1.94(-69)		|	5	
7591	20	ok	|	0.81	0.98	0.98	2.23	0.00	0	|	rapi	0.00	0.00	0	|	-69.0	2.23(-69)		|	5	
7591	21	ok	|	0.88	0.97	0.97	2.59	0.00	0	|	rapi	0.00	0.00	0	|	-69.0	2.59(-69)		|	5	
7591	22	ok	|	0.90	0.97	0.97	3.04	0.00	0	|	rapi	0.00	0.00	0	|	-69.0	3.04(-69)		|	5	
7591	23	ok	|	0.94	0.96	0.96	3.58	0.00	0	|	rapi	0.00	0.00	0	|	-69.0	3.58(-69)		|	5	
7591	24	ok	|	0.97	0.96	0.96	4.17	0.00	0	|	rapi	0.00	0.00	0	|	-69.0	4.17(-69)		|	5	
7591	25	ok	|	0.98	0.95	0.95	4.87	0.00	0	|	rapi	0.00	0.00	0	|	-69.0	4.87(-69)		|	5	
7591	26	ok	|	0.99	0.94	0.94	5.93	0.00	0	|	rapi	0.00	0.00	0	|	-69.0	5.93(-69)		|	5	
7591	27	ok	|	1.00	0.93	0.93	6.90	0.00	0	|	rapi	0.00	0.00	0	|	-69.0	6.90(-69)		|	5	
7591	28	ok	|	1.00	0.92	0.92	8.20	0.00	0	|	rapi	0.00	0.00	0	|	-69.0	8.20(-69)		|	5	
7591	29	ok	|	1.00	0.90	0.90	9.74	0.00	0	|	rapi	0.00	0.00	0	|	-69.0	9.74(-69)		|	5	
7591	30	ok	|	1.00	0.89	0.89	11.42	0.00	0	|	rapi	0.00	0.00	0	|	-69.0	11.42(-69)		|	5	
7591	31	ok	|	1.00	0.87	0.87	13.32	0.00	0	|	rapi	0.00	0.00	0	|	-69.0	13.32(-69)		|	5	
7591	32	ok	|	1.00	0.84	0.84	15.66	0.00	0	|	rapi	0.00	0.00	0	|	-69.0	15.66(-69)		|	5	
7591	33	ok	|	1.00	0.82	0.82	18.42	0.00	0	|	rapi	0.00	0.00	0	|	-69.0	18.42(-69)		|	5	
7591	34	ok	|	1.00	0.78	0.78	21.95	0.00	0	|	rapi	0.00	0.00	0	|	-69.0	21.95(-69)	0.00(-69)	|	5	
7591	35	ok	|	1.00	0.74	0.74	26.07	0.00	0	|	rapi	0.00	0.00	0	|	-69.0	26.07(-69)	0.00(-69)	|	5	
7591	36	ok	|	1.00	0.69	0.69	30.72	0.00	0	|	rapi	0.00	0.00	0	|	-69.0	30.72(-69)	0.00(-69)	|	5	
7591	37	ok	|	1.00	0.64	0.64	35.91	0.00	0	|	rapi	0.00	0.00	0	|	-69.0	35.91(-69)	0.00(-69)	|	5	
7591	38	ok	|	1.00	0.58	0.58	41.55	0.00	0	|	rapi	0.01	0.01	0	|	-69.0	41.55(-69)	0.01(-69)	|	5	
7591	39	ok	|	1.00	0.52	0.52	48.42	0.00	0	|	rapi	0.00	0.00	0	|	-69.0	48.42(-69)	0.00(-69)	|	5	
7591	40	ok	|	1.00	0.44	0.44	55.85	0.00	0	|	rapi	0.01	0.01	0	|	-69.0	55.85(-69)	0.01(-69)	|	5	
7591	41	ok	|	1.00	0.36	0.36	64.10	0.00	0	|	rapi	0.00	0.00	0	|	-69.0	64.10(-69)	0.00(-69)	|	5	
7591	42	ok	|	1.00	0.27	0.27	73.46	0.00	0	|	rapi	0.00	0.00	0	|	-69.0	73.46(-69)	0.00(-69)	|	5	
7591	43	ok	|	1.00	0.17	0.17	83.55	0.00	0	|	rapi	0.00	0.00	0	|	-69.0	83.55(-69)	0.00(-69)	|	5	
7591	44	fail-w	|	1.00	0.09	0.09	92.89	0.00	0	|	rapi	0.01	0.01	0	|	-69.0	92.89(-69)	0.01(-69)	|	5	
