7724	0	ok	|	0.09	1.00	1.00	0.10	0.00	0	|	rapi	0.00	0.00	0	|	-23.0	0.10(-23)		|	3	
7724	1	ok	|	0.11	1.00	1.00	0.12	0.00	0	|	rapi	0.00	0.00	0	|	-23.0	0.12(-23)		|	3	
7724	2	ok	|	0.12	1.00	1.00	0.14	0.00	0	|	rapi	0.00	0.00	0	|	-23.0	0.14(-23)		|	3	
7724	3	ok	|	0.13	1.00	1.00	0.17	0.00	0	|	rapi	0.00	0.00	0	|	-23.0	0.17(-23)		|	3	
7724	4	ok	|	0.16	1.00	1.00	0.22	0.00	0	|	rapi	0.00	0.00	0	|	-23.0	0.22(-23)		|	3	
7724	5	ok	|	0.20	1.00	1.00	0.27	0.00	0	|	rapi	0.00	0.00	0	|	-23.0	0.27(-23)		|	3	
7724	6	ok	|	0.21	1.00	1.00	0.29	0.00	0	|	rapi	0.00	0.00	0	|	-23.0	0.29(-23)		|	3	
7724	7	ok	|	0.23	1.00	1.00	0.33	0.00	0	|	rapi	0.00	0.00	0	|	-23.0	0.33(-23)		|	3	
7724	8	ok	|	0.26	1.00	1.00	0.38	0.00	0	|	rapi	0.00	0.00	0	|	-23.0	0.38(-23)		|	3	
7724	9	ok	|	0.28	1.00	1.00	0.41	0.00	0	|	rapi	0.00	0.00	0	|	-23.0	0.41(-23)		|	3	
7724	10	ok	|	0.32	0.99	0.99	0.50	0.00	0	|	rapi	0.00	0.00	0	|	-23.0	0.50(-23)		|	3	
7724	11	ok	|	0.39	0.99	0.99	0.64	0.00	0	|	rapi	0.00	0.00	0	|	-23.0	0.64(-23)		|	3	
7724	12	ok	|	0.44	0.99	0.99	0.73	0.00	0	|	rapi	0.00	0.00	0	|	-23.0	0.73(-23)		|	3	
7724	13	ok	|	0.50	0.99	0.99	0.89	0.00	0	|	rapi	0.00	0.00	0	|	-23.0	0.89(-23)		|	3	
7724	14	ok	|	0.56	0.99	0.99	1.05	0.00	0	|	rapi	0.00	0.00	0	|	-23.0	1.05(-23)		|	3	
7724	15	ok	|	0.63	0.99	0.99	1.24	0.00	0	|	rapi	0.00	0.00	0	|	-23.0	1.24(-23)		|	3	
7724	16	ok	|	0.71	0.99	0.99	1.46	0.00	0	|	rapi	0.00	0.00	0	|	-23.0	1.46(-23)		|	3	
7724	17	ok	|	0.76	0.98	0.98	1.80	0.00	0	|	rapi	0.00	0.00	0	|	-23.0	1.80(-23)		|	3	
7724	18	ok	|	0.81	0.98	0.98	2.14	0.00	0	|	rapi	0.00	0.00	0	|	-23.0	2.14(-23)		|	3	
7724	19	ok	|	0.86	0.98	0.98	2.46	0.00	0	|	rapi	0.00	0.00	0	|	-23.0	2.46(-23)		|	3	
7724	20	ok	|	0.89	0.97	0.97	2.82	0.00	0	|	rapi	0.00	0.00	0	|	-23.0	2.82(-23)		|	3	
7724	21	ok	|	0.94	0.97	0.97	3.34	0.00	0	|	rapi	0.00	0.00	0	|	-23.0	3.34(-23)		|	3	
7724	22	ok	|	0.96	0.96	0.96	3.87	0.00	0	|	rapi	0.00	0.00	0	|	-23.0	3.87(-23)		|	3	
7724	23	ok	|	0.97	0.95	0.95	4.50	0.00	0	|	rapi	0.00	0.00	0	|	-23.0	4.50(-23)		|	3	
7724	24	ok	|	0.98	0.95	0.95	5.35	0.00	0	|	rapi	0.00	0.00	0	|	-23.0	5.35(-23)	0.00(-23)	|	3	
7724	25	ok	|	0.99	0.94	0.94	6.32	0.00	0	|	rapi	0.00	0.00	0	|	-23.0	6.32(-23)	0.00(-23)	|	3	
7724	26	ok	|	1.00	0.92	0.92	7.56	0.00	0	|	rapi	0.00	0.00	0	|	-23.0	7.56(-23)		|	3	
7724	27	ok	|	1.00	0.91	0.91	8.91	0.00	0	|	rapi	0.00	0.00	0	|	-23.0	8.91(-23)		|	3	
7724	28	ok	|	1.00	0.89	0.89	10.63	0.00	0	|	rapi	0.00	0.00	0	|	-23.0	10.63(-23)	0.00(-23)	|	3	
7724	29	ok	|	1.00	0.88	0.88	12.27	0.00	0	|	rapi	0.00	0.00	0	|	-23.0	12.27(-23)	0.00(-23)	|	3	
7724	30	ok	|	1.00	0.85	0.85	14.56	0.00	0	|	rapi	0.00	0.00	0	|	-23.0	14.56(-23)	0.00(-23)	|	3	
7724	31	ok	|	1.00	0.83	0.83	16.95	0.00	0	|	rapi	0.00	0.00	0	|	-23.0	16.95(-23)	0.00(-23)	|	3	
7724	32	ok	|	1.00	0.80	0.80	20.34	0.00	0	|	rapi	0.00	0.00	0	|	-23.0	20.34(-23)	0.00(-23)	|	3	
7724	33	ok	|	1.00	0.76	0.76	24.11	0.00	0	|	rapi	0.00	0.00	0	|	-23.0	24.11(-23)	0.00(-23)	|	3	
7724	34	ok	|	1.00	0.72	0.72	28.19	0.00	0	|	rapi	0.00	0.00	0	|	-23.0	28.19(-23)	0.00(-23)	|	3	
7724	35	ok	|	1.00	0.67	0.67	33.18	0.00	0	|	rapi	0.00	0.00	0	|	-23.0	33.18(-23)		|	3	
7724	36	ok	|	1.00	0.61	0.61	39.20	0.00	0	|	rapi	0.00	0.00	0	|	-23.0	39.20(-23)		|	3	
7724	37	ok	|	1.00	0.54	0.54	45.78	0.00	0	|	rapi	0.00	0.00	0	|	-23.0	45.78(-23)	0.00(-23)	|	3	
7724	38	ok	|	1.00	0.47	0.47	53.13	0.00	0	|	rapi	0.01	0.01	0	|	-23.0	53.13(-23)	0.01(-23)	|	3	
7724	39	ok	|	1.00	0.38	0.38	61.56	0.00	0	|	rapi	0.01	0.01	0	|	-23.0	61.56(-23)	0.01(-23)	|	3	
7724	40	ok	|	1.00	0.29	0.29	71.04	0.00	0	|	rapi	0.01	0.01	0	|	-23.0	71.04(-23)	0.01(-23)	|	3	
7724	41	ok	|	1.00	0.19	0.19	81.08	0.00	0	|	rapi	0.02	0.02	0	|	-23.0	81.08(-23)	0.02(-23)	|	3	
7724	42	ok	|	1.00	0.11	0.11	90.48	0.00	0	|	rapi	0.04	0.04	0	|	-23.0	90.48(-23)	0.04(-23)	|	3	
7724	43	fail-w	|	1.00	0.07	0.07	96.34	0.00	0	|	rapi	0.09	0.09	0	|	-23.0	96.34(-23)	0.09(-23)	|	3	
