7763	0	ok	|	0.09	1.00	1.00	0.10	0.00	0	|	rapi	0.00	0.00	0	|	29.0	0.10(29)		|	2	
7763	1	ok	|	0.12	1.00	1.00	0.14	0.00	0	|	rapi	0.00	0.00	0	|	29.0	0.14(29)		|	2	
7763	2	ok	|	0.16	1.00	1.00	0.20	0.00	0	|	rapi	0.00	0.00	0	|	29.0	0.20(29)		|	2	
7763	3	ok	|	0.19	1.00	1.00	0.25	0.00	0	|	rapi	0.00	0.00	0	|	29.0	0.25(29)		|	2	
7763	4	ok	|	0.22	1.00	1.00	0.31	0.00	0	|	rapi	0.00	0.00	0	|	29.0	0.31(29)		|	2	
7763	5	ok	|	0.24	1.00	1.00	0.33	0.00	0	|	rapi	0.00	0.00	0	|	29.0	0.33(29)		|	2	
7763	6	ok	|	0.28	1.00	1.00	0.41	0.00	0	|	rapi	0.00	0.00	0	|	29.0	0.41(29)		|	2	
7763	7	ok	|	0.33	0.99	0.99	0.52	0.00	0	|	rapi	0.00	0.00	0	|	29.0	0.52(29)		|	2	
7763	8	ok	|	0.38	0.99	0.99	0.61	0.00	0	|	rapi	0.00	0.00	0	|	29.0	0.61(29)	0.00(29)	|	2	
7763	9	ok	|	0.41	0.99	0.99	0.69	0.00	0	|	rapi	0.00	0.00	0	|	29.0	0.69(29)	0.00(29)	|	2	
7763	10	ok	|	0.47	0.99	0.99	0.84	0.00	0	|	rapi	0.01	0.01	0	|	29.0	0.84(29)	0.01(29)	|	2	
7763	11	ok	|	0.53	0.99	0.99	0.96	0.00	0	|	rapi	0.01	0.01	0	|	29.0	0.96(29)	0.01(29)	|	2	
7763	12	ok	|	0.61	0.99	0.99	1.16	0.00	0	|	rapi	0.01	0.01	0	|	29.0	1.16(29)	0.01(29)	|	2	
7763	13	ok	|	0.68	0.99	0.99	1.36	0.00	0	|	rapi	0.01	0.01	0	|	29.0	1.36(29)	0.01(29)	|	2	
7763	14	ok	|	0.70	0.98	0.98	1.58	0.00	0	|	rapi	0.01	0.01	0	|	29.0	1.58(29)	0.01(29)	|	2	
7763	15	ok	|	0.77	0.98	0.98	1.97	0.00	0	|	rapi	0.01	0.01	0	|	29.0	1.97(29)	0.01(29)	|	2	
7763	16	ok	|	0.82	0.98	0.98	2.24	0.00	0	|	rapi	0.01	0.01	0	|	29.0	2.24(29)	0.01(29)	|	2	
7763	17	ok	|	0.87	0.97	0.97	2.70	0.00	0	|	rapi	0.01	0.01	0	|	29.0	2.70(29)	0.01(29)	|	2	
7763	18	ok	|	0.93	0.97	0.97	3.22	0.00	0	|	rapi	0.01	0.01	0	|	29.0	3.22(29)	0.01(29)	|	2	
7763	19	ok	|	0.94	0.96	0.96	3.70	0.00	0	|	rapi	0.01	0.01	0	|	29.0	3.70(29)	0.01(29)	|	2	
7763	20	ok	|	0.96	0.96	0.96	4.27	0.00	0	|	rapi	0.01	0.01	0	|	29.0	4.27(29)	0.01(29)	|	2	
7763	21	ok	|	0.98	0.95	0.95	5.06	0.00	0	|	rapi	0.01	0.01	0	|	29.0	5.06(29)	0.01(29)	|	2	
7763	22	ok	|	0.99	0.94	0.94	5.90	0.00	0	|	rapi	0.01	0.01	0	|	29.0	5.90(29)	0.01(29)	|	2	
7763	23	ok	|	1.00	0.93	0.93	6.91	0.00	0	|	rapi	0.01	0.01	0	|	29.0	6.91(29)	0.01(29)	|	2	
7763	24	ok	|	1.00	0.92	0.92	8.06	0.00	0	|	rapi	0.01	0.01	0	|	29.0	8.06(29)	0.01(29)	|	2	
7763	25	ok	|	1.00	0.91	0.91	9.41	0.00	0	|	rapi	0.01	0.01	0	|	29.0	9.41(29)	0.01(29)	|	2	
7763	26	ok	|	1.00	0.89	0.89	10.95	0.00	0	|	rapi	0.01	0.01	0	|	29.0	10.95(29)	0.01(29)	|	2	
7763	27	ok	|	1.00	0.87	0.87	12.73	0.00	0	|	rapi	0.01	0.01	0	|	29.0	12.73(29)	0.01(29)	|	2	
7763	28	ok	|	1.00	0.85	0.85	14.74	0.00	0	|	rapi	0.01	0.01	0	|	29.0	14.74(29)	0.01(29)	|	2	
7763	29	ok	|	1.00	0.83	0.83	17.25	0.00	0	|	rapi	0.01	0.01	0	|	29.0	17.25(29)	0.01(29)	|	2	
7763	30	ok	|	1.00	0.80	0.80	20.45	0.00	0	|	rapi	0.01	0.01	0	|	29.0	20.45(29)	0.01(29)	|	2	
7763	31	ok	|	1.00	0.76	0.76	23.94	0.00	0	|	rapi	0.01	0.01	0	|	29.0	23.94(29)	0.01(29)	|	2	
7763	32	ok	|	1.00	0.72	0.72	28.15	0.00	0	|	rapi	0.01	0.01	0	|	29.0	28.15(29)	0.01(29)	|	2	
7763	33	ok	|	1.00	0.67	0.67	32.97	0.00	0	|	rapi	0.02	0.02	0	|	29.0	32.97(29)	0.02(29)	|	2	
7763	34	ok	|	1.00	0.62	0.62	38.01	0.00	0	|	rapi	0.02	0.02	0	|	29.0	38.01(29)	0.02(29)	|	2	
7763	35	ok	|	1.00	0.56	0.56	44.28	0.00	0	|	rapi	0.02	0.02	0	|	29.0	44.28(29)	0.02(29)	|	2	
7763	36	ok	|	1.00	0.49	0.49	51.43	0.00	0	|	rapi	0.02	0.02	0	|	29.0	51.43(29)	0.02(29)	|	2	
7763	37	ok	|	1.00	0.41	0.41	59.35	0.00	0	|	rapi	0.03	0.03	0	|	29.0	59.35(29)	0.03(29)	|	2	
7763	38	ok	|	1.00	0.32	0.32	67.98	0.00	0	|	rapi	0.04	0.04	0	|	29.0	67.98(29)	0.04(29)	|	2	
7763	39	ok	|	1.00	0.23	0.23	77.02	0.00	0	|	rapi	0.04	0.04	0	|	29.0	77.02(29)	0.04(29)	|	2	
7763	40	ok	|	1.00	0.15	0.15	85.69	0.00	0	|	rapi	0.07	0.07	0	|	29.0	85.69(29)	0.07(29)	|	2	
7763	41	ok	|	1.00	0.11	0.11	91.12	0.00	0	|	rapi	0.11	0.12	0	|	29.0	91.12(29)	0.12(29)	|	2	
7763	42	fail-w	|	1.00	0.09	0.09	93.14	0.00	0	|	rapi	0.23	0.25	0	|	29.0	93.14(29)	0.25(29)	|	2	
