7929	0	ok	|	0.09	1.00	1.00	0.10	0.00	0	|	rapi	0.00	0.00	0	|	36.0	0.10(36)		|	2	
7929	1	ok	|	0.10	1.00	1.00	0.12	0.00	0	|	rapi	0.00	0.00	0	|	36.0	0.12(36)		|	2	
7929	2	ok	|	0.10	1.00	1.00	0.12	0.00	0	|	rapi	0.00	0.00	0	|	36.0	0.12(36)		|	2	
7929	3	ok	|	0.09	1.00	1.00	0.11	0.00	0	|	rapi	0.00	0.00	0	|	36.0	0.11(36)		|	2	
7929	4	ok	|	0.09	1.00	1.00	0.11	0.00	0	|	rapi	0.00	0.00	0	|	36.0	0.11(36)		|	2	
7929	5	ok	|	0.12	1.00	1.00	0.17	0.00	0	|	rapi	0.00	0.00	0	|	36.0	0.17(36)		|	2	
7929	6	ok	|	0.16	1.00	1.00	0.23	0.00	0	|	rapi	0.00	0.00	0	|	36.0	0.23(36)		|	2	
7929	7	ok	|	0.19	1.00	1.00	0.30	0.00	0	|	rapi	0.00	0.00	0	|	36.0	0.30(36)		|	2	
7929	8	ok	|	0.24	1.00	1.00	0.37	0.00	0	|	rapi	0.00	0.00	0	|	36.0	0.37(36)		|	2	
7929	9	ok	|	0.29	1.00	1.00	0.46	0.00	0	|	rapi	0.00	0.00	0	|	36.0	0.46(36)		|	2	
7929	10	ok	|	0.32	0.99	0.99	0.54	0.00	0	|	rapi	0.00	0.00	0	|	36.0	0.54(36)		|	2	
7929	11	ok	|	0.36	0.99	0.99	0.61	0.00	0	|	rapi	0.00	0.00	0	|	36.0	0.61(36)		|	2	
7929	12	ok	|	0.40	0.99	0.99	0.70	0.00	0	|	rapi	0.00	0.00	0	|	36.0	0.70(36)		|	2	
7929	13	ok	|	0.45	0.99	0.99	0.80	0.00	0	|	rapi	0.00	0.00	0	|	36.0	0.80(36)		|	2	
7929	14	ok	|	0.52	0.99	0.99	0.99	0.00	0	|	rapi	0.00	0.00	0	|	36.0	0.99(36)		|	2	
7929	15	ok	|	0.56	0.99	0.99	1.13	0.00	0	|	rapi	0.00	0.00	0	|	36.0	1.13(36)		|	2	
7929	16	ok	|	0.62	0.99	0.99	1.26	0.00	0	|	rapi	0.00	0.00	0	|	36.0	1.26(36)		|	2	
7929	17	ok	|	0.63	0.99	0.99	1.32	0.00	0	|	rapi	0.00	0.00	0	|	36.0	1.32(36)		|	2	
7929	18	ok	|	0.69	0.98	0.98	1.56	0.00	0	|	rapi	0.00	0.00	0	|	36.0	1.56(36)	0.00(36)	|	2	
7929	19	ok	|	0.76	0.98	0.98	1.89	0.00	0	|	rapi	0.00	0.00	0	|	36.0	1.89(36)	0.00(36)	|	2	
7929	20	ok	|	0.81	0.98	0.98	2.27	0.00	0	|	rapi	0.00	0.00	0	|	36.0	2.27(36)		|	2	
7929	21	ok	|	0.84	0.97	0.97	2.60	0.00	0	|	rapi	0.00	0.00	0	|	36.0	2.60(36)		|	2	
7929	22	ok	|	0.90	0.97	0.97	3.06	0.00	0	|	rapi	0.00	0.00	0	|	36.0	3.06(36)		|	2	
7929	23	ok	|	0.93	0.97	0.97	3.50	0.00	0	|	rapi	0.00	0.00	0	|	36.0	3.50(36)		|	2	
7929	24	ok	|	0.96	0.96	0.96	4.11	0.00	0	|	rapi	0.00	0.00	0	|	36.0	4.11(36)		|	2	
7929	25	ok	|	0.97	0.95	0.95	4.73	0.00	0	|	rapi	0.00	0.00	0	|	36.0	4.73(36)		|	2	
7929	26	ok	|	0.99	0.95	0.95	5.50	0.00	0	|	rapi	0.00	0.00	0	|	36.0	5.50(36)		|	2	
7929	27	ok	|	0.99	0.94	0.94	6.34	0.00	0	|	rapi	0.00	0.00	0	|	36.0	6.34(36)		|	2	
7929	28	ok	|	1.00	0.92	0.92	7.52	0.00	0	|	rapi	0.00	0.00	0	|	36.0	7.52(36)	0.00(36)	|	2	
7929	29	ok	|	1.00	0.91	0.91	8.69	0.00	0	|	rapi	0.00	0.00	0	|	36.0	8.69(36)	0.00(36)	|	2	
7929	30	ok	|	1.00	0.90	0.90	10.29	0.00	0	|	rapi	0.00	0.00	0	|	36.0	10.29(36)	0.00(36)	|	2	
7929	31	ok	|	1.00	0.88	0.88	12.15	0.00	0	|	rapi	0.00	0.00	0	|	36.0	12.15(36)		|	2	
7929	32	ok	|	1.00	0.86	0.86	14.28	0.00	0	|	rapi	0.00	0.00	0	|	36.0	14.28(36)		|	2	
7929	33	ok	|	1.00	0.83	0.83	16.94	0.00	0	|	rapi	0.00	0.00	0	|	36.0	16.94(36)	0.00(36)	|	2	
7929	34	ok	|	1.00	0.80	0.80	19.70	0.00	0	|	rapi	0.00	0.00	0	|	36.0	19.70(36)	0.00(36)	|	2	
7929	35	ok	|	1.00	0.77	0.77	23.35	0.00	0	|	rapi	0.01	0.01	0	|	36.0	23.35(36)	0.01(36)	|	2	
7929	36	ok	|	1.00	0.72	0.72	27.57	0.00	0	|	rapi	0.01	0.01	0	|	36.0	27.57(36)	0.01(36)	|	2	
7929	37	ok	|	1.00	0.68	0.68	32.47	0.00	0	|	rapi	0.01	0.01	0	|	36.0	32.47(36)	0.01(36)	|	2	
7929	38	ok	|	1.00	0.62	0.62	38.08	0.00	0	|	rapi	0.01	0.01	0	|	36.0	38.08(36)	0.01(36)	|	2	
7929	39	ok	|	1.00	0.56	0.56	44.20	0.00	0	|	rapi	0.01	0.01	0	|	36.0	44.20(36)	0.01(36)	|	2	
7929	40	ok	|	1.00	0.49	0.49	51.47	0.00	0	|	rapi	0.01	0.01	0	|	36.0	51.47(36)	0.01(36)	|	2	
7929	41	ok	|	1.00	0.41	0.41	59.50	0.00	0	|	rapi	0.02	0.02	0	|	36.0	59.50(36)	0.02(36)	|	2	
7929	42	ok	|	1.00	0.31	0.31	69.07	0.00	0	|	rapi	0.03	0.03	0	|	36.0	69.07(36)	0.03(36)	|	2	
7929	43	ok	|	1.00	0.22	0.22	78.14	0.00	0	|	rapi	0.04	0.04	0	|	36.0	78.14(36)	0.04(36)	|	2	
7929	44	ok	|	1.00	0.14	0.14	87.10	0.00	0	|	rapi	0.07	0.07	0	|	36.0	87.10(36)	0.07(36)	|	2	
7929	45	ok	|	1.00	0.10	0.10	91.98	0.00	0	|	rapi	0.14	0.14	0	|	36.0	91.98(36)	0.14(36)	|	2	
7929	46	fail-w	|	1.00	0.10	0.10	93.03	0.00	0	|	rapi	0.25	0.28	0	|	36.0	93.03(36)	0.28(36)	|	2	
