7988	0	ok	|	0.10	1.00	1.00	0.10	0.00	0	|	rapi	0.09	0.09	0	|	78.0	0.10(78)	0.09(78)	|	5048	
7988	1	ok	|	0.10	1.00	1.00	0.10	0.00	0	|	rapi	0.09	0.09	0	|	78.0	0.10(78)	0.09(78)	|	5048	
7988	2	ok	|	0.12	1.00	1.00	0.13	0.00	0	|	rapi	0.11	0.12	0	|	78.0	0.13(78)	0.12(78)	|	5048	
7988	3	ok	|	0.11	1.00	1.00	0.12	0.00	0	|	rapi	0.10	0.11	0	|	78.0	0.12(78)	0.11(78)	|	5048	
7988	4	ok	|	0.11	1.00	1.00	0.12	0.00	0	|	rapi	0.10	0.11	0	|	78.0	0.12(78)	0.11(78)	|	5048	
7988	5	ok	|	0.12	1.00	1.00	0.13	0.00	0	|	rapi	0.12	0.12	0	|	78.0	0.13(78)	0.12(78)	|	5048	
7988	6	ok	|	0.10	1.00	1.00	0.11	0.00	0	|	rapi	0.10	0.10	0	|	78.0	0.11(78)	0.10(78)	|	5048	
7988	7	ok	|	0.11	1.00	1.00	0.12	0.00	0	|	rapi	0.10	0.11	0	|	78.0	0.12(78)	0.11(78)	|	5048	
7988	8	ok	|	0.13	1.00	1.00	0.14	0.00	0	|	rapi	0.12	0.13	0	|	78.0	0.14(78)	0.13(78)	|	5048	
7988	9	ok	|	0.12	1.00	1.00	0.14	0.00	0	|	rapi	0.12	0.13	0	|	78.0	0.14(78)	0.13(78)	|	5048	
7988	10	ok	|	0.12	1.00	1.00	0.14	0.00	0	|	rapi	0.12	0.12	0	|	78.0	0.14(78)	0.12(78)	|	5048	
7988	11	ok	|	0.14	1.00	1.00	0.16	0.00	0	|	rapi	0.14	0.15	0	|	78.0	0.16(78)	0.15(78)	|	5048	
7988	12	ok	|	0.15	1.00	1.00	0.16	0.00	0	|	rapi	0.14	0.15	0	|	78.0	0.16(78)	0.15(78)	|	5048	
7988	13	ok	|	0.17	1.00	1.00	0.18	0.00	0	|	rapi	0.16	0.17	0	|	78.0	0.18(78)	0.17(78)	|	5048	
7988	14	ok	|	0.15	1.00	1.00	0.16	0.00	0	|	rapi	0.14	0.15	0	|	78.0	0.16(78)	0.15(78)	|	5048	
7988	15	ok	|	0.15	1.00	1.00	0.16	0.00	0	|	rapi	0.14	0.14	0	|	78.0	0.16(78)	0.14(78)	|	5048	
7988	16	ok	|	0.14	1.00	1.00	0.15	0.00	0	|	rapi	0.12	0.13	0	|	78.0	0.15(78)	0.13(78)	|	5048	
7988	17	ok	|	0.14	1.00	1.00	0.15	0.00	0	|	rapi	0.12	0.13	0	|	78.0	0.15(78)	0.13(78)	|	5048	
7988	18	ok	|	0.13	1.00	1.00	0.14	0.00	0	|	rapi	0.11	0.12	0	|	78.0	0.14(78)	0.12(78)	|	5048	
7988	19	ok	|	0.14	1.00	1.00	0.15	0.00	0	|	rapi	0.13	0.13	0	|	78.0	0.15(78)	0.13(78)	|	5048	
7988	20	ok	|	0.13	1.00	1.00	0.14	0.00	0	|	rapi	0.12	0.13	0	|	78.0	0.14(78)	0.13(78)	|	5048	
7988	21	ok	|	0.13	1.00	1.00	0.14	0.00	0	|	rapi	0.12	0.13	0	|	78.0	0.14(78)	0.13(78)	|	5048	
7988	22	ok	|	0.15	1.00	1.00	0.16	0.00	0	|	rapi	0.14	0.14	0	|	78.0	0.16(78)	0.14(78)	|	5048	
7988	23	ok	|	0.16	1.00	1.00	0.18	0.00	0	|	rapi	0.14	0.16	0	|	78.0	0.18(78)	0.16(78)	|	5048	
7988	24	ok	|	0.16	1.00	1.00	0.18	0.00	0	|	rapi	0.15	0.16	0	|	78.0	0.18(78)	0.16(78)	|	5048	
7988	25	ok	|	0.15	1.00	1.00	0.17	0.00	0	|	rapi	0.14	0.15	0	|	78.0	0.17(78)	0.15(78)	|	5048	
7988	26	ok	|	0.16	1.00	1.00	0.18	0.00	0	|	rapi	0.15	0.15	0	|	78.0	0.18(78)	0.15(78)	|	5048	
7988	27	ok	|	0.15	1.00	1.00	0.17	0.00	0	|	rapi	0.14	0.15	0	|	78.0	0.17(78)	0.15(78)	|	5048	
7988	28	ok	|	0.17	1.00	1.00	0.18	0.00	0	|	rapi	0.16	0.17	0	|	78.0	0.18(78)	0.17(78)	|	5048	
7988	29	ok	|	0.17	1.00	1.00	0.18	0.00	0	|	rapi	0.16	0.17	0	|	78.0	0.18(78)	0.17(78)	|	5048	
7988	30	ok	|	0.16	1.00	1.00	0.17	0.00	0	|	rapi	0.15	0.15	0	|	78.0	0.17(78)	0.15(78)	|	5048	
7988	31	ok	|	0.16	1.00	1.00	0.18	0.00	0	|	rapi	0.15	0.17	0	|	78.0	0.18(78)	0.17(78)	|	5048	
7988	32	ok	|	0.15	1.00	1.00	0.16	0.00	0	|	rapi	0.14	0.15	0	|	78.0	0.16(78)	0.15(78)	|	5048	
7988	33	ok	|	0.17	1.00	1.00	0.19	0.01	0	|	rapi	0.16	0.18	0	|	78.0	0.19(78)	0.18(78)	|	5048	
7988	34	ok	|	0.18	1.00	1.00	0.20	0.01	0	|	rapi	0.18	0.19	0	|	78.0	0.20(78)	0.19(78)	|	5048	
7988	35	ok	|	0.19	1.00	1.00	0.20	0.01	0	|	rapi	0.18	0.20	0	|	78.0	0.20(78)	0.20(78)	|	5048	
7988	36	ok	|	0.20	1.00	1.00	0.21	0.01	0	|	rapi	0.19	0.20	0	|	78.0	0.21(78)	0.20(78)	|	5048	
7988	37	ok	|	0.20	1.00	1.00	0.21	0.01	0	|	rapi	0.19	0.21	0	|	78.0	0.21(78)	0.21(78)	|	5048	
7988	38	ok	|	0.20	1.00	1.00	0.21	0.01	0	|	rapi	0.20	0.21	0	|	78.0	0.21(78)	0.21(78)	|	5048	
7988	39	ok	|	0.20	1.00	1.00	0.22	0.01	0	|	rapi	0.20	0.22	0	|	78.0	0.22(78)	0.22(78)	|	5048	
7988	40	ok	|	0.19	1.00	1.00	0.20	0.01	0	|	rapi	0.19	0.20	0	|	78.0	0.20(78)	0.20(78)	|	5048	
7988	41	ok	|	0.20	1.00	1.00	0.21	0.01	0	|	rapi	0.20	0.21	0	|	78.0	0.21(78)	0.21(78)	|	5048	
7988	42	ok	|	0.22	1.00	1.00	0.24	0.01	0	|	rapi	0.22	0.24	0	|	78.0	0.24(78)	0.24(78)	|	5048	
7988	43	ok	|	0.23	1.00	1.00	0.26	0.01	0	|	rapi	0.23	0.26	0	|	78.0	0.26(78)	0.26(78)	|	5048	
7988	44	ok	|	0.23	1.00	1.00	0.26	0.01	0	|	rapi	0.23	0.26	0	|	78.0	0.26(78)	0.26(78)	|	5048	
7988	45	ok	|	0.22	1.00	1.00	0.24	0.01	0	|	rapi	0.22	0.24	0	|	78.0	0.24(78)	0.24(78)	|	5048	
7988	46	ok	|	0.21	1.00	1.00	0.23	0.01	0	|	rapi	0.21	0.23	0	|	78.0	0.23(78)	0.23(78)	|	5048	
7988	47	ok	|	0.21	1.00	1.00	0.24	0.01	0	|	rapi	0.21	0.24	0	|	78.0	0.24(78)	0.24(78)	|	5048	
7988	48	ok	|	0.22	1.00	1.00	0.24	0.01	0	|	rapi	0.22	0.24	0	|	78.0	0.24(78)	0.24(78)	|	5048	
7988	49	ok	|	0.22	1.00	1.00	0.24	0.01	0	|	rapi	0.22	0.24	0	|	78.0	0.24(78)	0.24(78)	|	5048	
7988	50	ok	|	0.22	1.00	1.00	0.25	0.01	0	|	rapi	0.22	0.25	0	|	78.0	0.25(78)	0.25(78)	|	5048	
7988	51	ok	|	0.20	1.00	1.00	0.23	0.01	0	|	rapi	0.20	0.23	0	|	78.0	0.23(78)	0.23(78)	|	5048	
7988	52	ok	|	0.20	1.00	1.00	0.22	0.01	0	|	rapi	0.20	0.22	0	|	78.0	0.22(78)	0.22(78)	|	5048	
7988	53	ok	|	0.20	1.00	1.00	0.22	0.01	0	|	rapi	0.20	0.22	0	|	78.0	0.22(78)	0.22(78)	|	5048	
7988	54	ok	|	0.18	1.00	1.00	0.20	0.01	0	|	rapi	0.18	0.20	0	|	78.0	0.20(78)	0.20(78)	|	5048	
7988	55	ok	|	0.19	1.00	1.00	0.20	0.01	0	|	rapi	0.19	0.20	0	|	78.0	0.20(78)	0.20(78)	|	5048	
7988	56	ok	|	0.18	1.00	1.00	0.20	0.01	0	|	rapi	0.18	0.20	0	|	78.0	0.20(78)	0.20(78)	|	5048	
7988	57	ok	|	0.18	1.00	1.00	0.19	0.01	0	|	rapi	0.18	0.19	0	|	78.0	0.19(78)	0.19(78)	|	5048	
7988	58	ok	|	0.15	1.00	1.00	0.16	0.01	0	|	rapi	0.15	0.16	0	|	78.0	0.16(78)	0.16(78)	|	5048	
7988	59	ok	|	0.15	1.00	1.00	0.16	0.01	0	|	rapi	0.15	0.16	0	|	78.0	0.16(78)	0.16(78)	|	5048	
7988	60	ok	|	0.16	1.00	1.00	0.16	0.01	0	|	rapi	0.16	0.16	0	|	78.0	0.16(78)	0.16(78)	|	5048	
7988	61	ok	|	0.16	1.00	1.00	0.17	0.01	0	|	rapi	0.16	0.17	0	|	78.0	0.17(78)	0.17(78)	|	5048	
7988	62	ok	|	0.14	1.00	1.00	0.15	0.01	0	|	rapi	0.14	0.15	0	|	78.0	0.15(78)	0.15(78)	|	5048	
7988	63	ok	|	0.12	1.00	1.00	0.14	0.01	0	|	rapi	0.12	0.14	0	|	78.0	0.14(78)	0.14(78)	|	5048	
7988	64	ok	|	0.14	1.00	1.00	0.15	0.01	0	|	rapi	0.14	0.15	0	|	78.0	0.15(78)	0.15(78)	|	5048	
7988	65	ok	|	0.14	1.00	1.00	0.15	0.01	0	|	rapi	0.14	0.15	0	|	78.0	0.15(78)	0.15(78)	|	5048	
7988	66	ok	|	0.13	1.00	1.00	0.14	0.01	0	|	rapi	0.13	0.14	0	|	78.0	0.14(78)	0.14(78)	|	5048	
7988	67	ok	|	0.15	1.00	1.00	0.17	0.01	0	|	rapi	0.15	0.17	0	|	78.0	0.17(78)	0.17(78)	|	5048	
7988	68	ok	|	0.15	1.00	1.00	0.16	0.01	0	|	rapi	0.15	0.16	0	|	78.0	0.16(78)	0.16(78)	|	5048	
7988	69	ok	|	0.16	1.00	1.00	0.18	0.01	0	|	rapi	0.16	0.18	0	|	78.0	0.18(78)	0.18(78)	|	5048	
7988	70	ok	|	0.17	1.00	1.00	0.19	0.01	0	|	rapi	0.17	0.19	0	|	78.0	0.19(78)	0.19(78)	|	5048	
7988	71	ok	|	0.16	1.00	1.00	0.18	0.01	0	|	rapi	0.16	0.18	0	|	78.0	0.18(78)	0.18(78)	|	5048	
7988	72	ok	|	0.14	1.00	1.00	0.16	0.01	0	|	rapi	0.14	0.16	0	|	78.0	0.16(78)	0.16(78)	|	5048	
7988	73	ok	|	0.12	1.00	1.00	0.14	0.01	0	|	rapi	0.12	0.14	0	|	78.0	0.14(78)	0.14(78)	|	5048	
7988	74	ok	|	0.14	1.00	1.00	0.15	0.02	0	|	rapi	0.14	0.15	0	|	78.0	0.15(78)	0.15(78)	|	5048	
7988	75	ok	|	0.15	1.00	1.00	0.15	0.02	0	|	rapi	0.15	0.15	0	|	78.0	0.15(78)	0.15(78)	|	5048	
7988	76	ok	|	0.13	1.00	1.00	0.13	0.01	0	|	rapi	0.13	0.13	0	|	78.0	0.13(78)	0.13(78)	|	5048	
7988	77	ok	|	0.12	1.00	1.00	0.13	0.01	0	|	rapi	0.12	0.13	0	|	78.0	0.13(78)	0.13(78)	|	5048	
7988	78	ok	|	0.13	1.00	1.00	0.13	0.01	0	|	rapi	0.13	0.13	0	|	78.0	0.13(78)	0.13(78)	|	5048	
7988	79	ok	|	0.12	1.00	1.00	0.13	0.01	0	|	rapi	0.12	0.13	0	|	78.0	0.13(78)	0.13(78)	|	5048	
7988	80	ok	|	0.12	1.00	1.00	0.12	0.01	0	|	rapi	0.12	0.12	0	|	78.0	0.12(78)	0.12(78)	|	5048	
7988	81	ok	|	0.12	1.00	1.00	0.12	0.01	0	|	rapi	0.12	0.12	0	|	78.0	0.12(78)	0.12(78)	|	5048	
7988	82	ok	|	0.14	1.00	1.00	0.14	0.01	0	|	rapi	0.14	0.14	0	|	78.0	0.14(78)	0.14(78)	|	5048	
7988	83	ok	|	0.14	1.00	1.00	0.15	0.01	0	|	rapi	0.14	0.15	0	|	78.0	0.15(78)	0.15(78)	|	5048	
7988	84	ok	|	0.13	1.00	1.00	0.14	0.01	0	|	rapi	0.13	0.14	0	|	78.0	0.14(78)	0.14(78)	|	5048	
7988	85	ok	|	0.13	1.00	1.00	0.14	0.01	0	|	rapi	0.13	0.14	0	|	78.0	0.14(78)	0.14(78)	|	5048	
7988	86	ok	|	0.13	1.00	1.00	0.14	0.01	0	|	rapi	0.13	0.14	0	|	78.0	0.14(78)	0.14(78)	|	5048	
7988	87	ok	|	0.16	1.00	1.00	0.17	0.02	0	|	rapi	0.16	0.17	0	|	78.0	0.17(78)	0.17(78)	|	5048	
7988	88	ok	|	0.13	1.00	1.00	0.14	0.01	0	|	rapi	0.13	0.14	0	|	78.0	0.14(78)	0.14(78)	|	5048	
7988	89	ok	|	0.13	1.00	1.00	0.13	0.01	0	|	rapi	0.13	0.13	0	|	78.0	0.13(78)	0.13(78)	|	5048	
7988	90	ok	|	0.13	1.00	1.00	0.13	0.02	0	|	rapi	0.13	0.13	0	|	78.0	0.13(78)	0.13(78)	|	5048	
7988	91	ok	|	0.12	1.00	1.00	0.12	0.02	0	|	rapi	0.12	0.12	0	|	78.0	0.12(78)	0.12(78)	|	5048	
7988	92	ok	|	0.12	1.00	1.00	0.13	0.02	0	|	rapi	0.12	0.13	0	|	78.0	0.13(78)	0.13(78)	|	5048	
7988	93	ok	|	0.12	1.00	1.00	0.12	0.02	0	|	rapi	0.12	0.12	0	|	78.0	0.12(78)	0.12(78)	|	5048	
7988	94	ok	|	0.12	1.00	1.00	0.13	0.02	0	|	rapi	0.12	0.13	0	|	78.0	0.13(78)	0.13(78)	|	5048	
7988	95	ok	|	0.11	1.00	1.00	0.12	0.02	0	|	rapi	0.11	0.12	0	|	78.0	0.12(78)	0.12(78)	|	5048	
7988	96	ok	|	0.11	1.00	1.00	0.12	0.02	0	|	rapi	0.11	0.12	0	|	78.0	0.12(78)	0.12(78)	|	5048	
7988	97	ok	|	0.11	1.00	1.00	0.11	0.01	0	|	rapi	0.11	0.11	0	|	78.0	0.11(78)	0.11(78)	|	5048	
7988	98	ok	|	0.12	1.00	1.00	0.12	0.02	0	|	rapi	0.12	0.12	0	|	78.0	0.12(78)	0.12(78)	|	5048	
7988	99	ok	|	0.10	1.00	1.00	0.11	0.02	0	|	rapi	0.10	0.11	0	|	78.0	0.11(78)	0.11(78)	|	5048	
7988	100	ok	|	0.11	1.00	1.00	0.11	0.02	0	|	rapi	0.11	0.11	0	|	78.0	0.11(78)	0.11(78)	|	5048	
7988	101	ok	|	0.11	1.00	1.00	0.12	0.02	0	|	rapi	0.11	0.12	0	|	78.0	0.12(78)	0.12(78)	|	5048	
7988	102	ok	|	0.13	1.00	1.00	0.13	0.02	0	|	rapi	0.13	0.13	0	|	78.0	0.13(78)	0.13(78)	|	5048	
7988	103	ok	|	0.12	1.00	1.00	0.13	0.02	0	|	rapi	0.12	0.13	0	|	78.0	0.13(78)	0.13(78)	|	5048	
7988	104	ok	|	0.12	1.00	1.00	0.14	0.02	0	|	rapi	0.12	0.14	0	|	78.0	0.14(78)	0.14(78)	|	5048	
7988	105	ok	|	0.11	1.00	1.00	0.11	0.02	0	|	rapi	0.11	0.11	0	|	78.0	0.11(78)	0.11(78)	|	5048	
7988	106	ok	|	0.11	1.00	1.00	0.12	0.02	0	|	rapi	0.11	0.12	0	|	78.0	0.12(78)	0.12(78)	|	5048	
7988	107	ok	|	0.09	1.00	1.00	0.10	0.02	0	|	rapi	0.09	0.10	0	|	78.0	0.10(78)	0.10(78)	|	5048	
7988	108	ok	|	0.10	1.00	1.00	0.10	0.02	0	|	rapi	0.10	0.10	0	|	78.0	0.10(78)	0.10(78)	|	5048	
7988	109	ok	|	0.11	1.00	1.00	0.11	0.02	0	|	rapi	0.11	0.11	0	|	78.0	0.11(78)	0.11(78)	|	5048	
7988	110	ok	|	0.11	1.00	1.00	0.11	0.02	0	|	rapi	0.11	0.11	0	|	78.0	0.11(78)	0.11(78)	|	5048	
7988	111	ok	|	0.10	1.00	1.00	0.10	0.02	0	|	rapi	0.10	0.10	0	|	78.0	0.10(78)	0.10(78)	|	5048	
7988	112	ok	|	0.09	1.00	1.00	0.09	0.02	0	|	rapi	0.09	0.09	0	|	78.0	0.09(78)	0.09(78)	|	5048	
7988	113	ok	|	0.10	1.00	1.00	0.10	0.02	0	|	rapi	0.10	0.10	0	|	78.0	0.10(78)	0.10(78)	|	5048	
7988	114	ok	|	0.09	1.00	1.00	0.09	0.02	0	|	rapi	0.09	0.09	0	|	78.0	0.09(78)	0.09(78)	|	5048	
7988	115	ok	|	0.09	1.00	1.00	0.09	0.01	0	|	rapi	0.09	0.09	0	|	78.0	0.09(78)	0.09(78)	|	5048	
7988	116	ok	|	0.09	1.00	1.00	0.09	0.02	0	|	rapi	0.09	0.09	0	|	78.0	0.09(78)	0.09(78)	|	5048	
7988	117	ok	|	0.09	1.00	1.00	0.09	0.02	0	|	rapi	0.09	0.09	0	|	78.0	0.09(78)	0.09(78)	|	5048	
7988	118	ok	|	0.10	1.00	1.00	0.10	0.02	0	|	rapi	0.10	0.10	0	|	78.0	0.10(78)	0.10(78)	|	5048	
7988	119	ok	|	0.10	1.00	1.00	0.11	0.02	0	|	rapi	0.10	0.11	0	|	78.0	0.11(78)	0.11(78)	|	5048	
7988	120	ok	|	0.11	1.00	1.00	0.11	0.02	0	|	rapi	0.11	0.11	0	|	78.0	0.11(78)	0.11(78)	|	5048	
7988	121	ok	|	0.11	1.00	1.00	0.12	0.02	0	|	rapi	0.11	0.12	0	|	78.0	0.12(78)	0.12(78)	|	5048	
7988	122	ok	|	0.11	1.00	1.00	0.12	0.02	0	|	rapi	0.11	0.12	0	|	78.0	0.12(78)	0.12(78)	|	5048	
7988	123	ok	|	0.09	1.00	1.00	0.10	0.02	0	|	rapi	0.09	0.10	0	|	78.0	0.10(78)	0.10(78)	|	5048	
7988	124	ok	|	0.09	1.00	1.00	0.10	0.02	0	|	rapi	0.09	0.10	0	|	78.0	0.10(78)	0.10(78)	|	5048	
7988	125	ok	|	0.09	1.00	1.00	0.09	0.01	0	|	rapi	0.09	0.09	0	|	78.0	0.09(78)	0.09(78)	|	5048	
7988	126	ok	|	0.09	1.00	1.00	0.09	0.02	0	|	rapi	0.09	0.09	0	|	78.0	0.09(78)	0.09(78)	|	5048	
7988	127	ok	|	0.09	1.00	1.00	0.10	0.02	0	|	rapi	0.09	0.10	0	|	78.0	0.10(78)	0.10(78)	|	5048	
7988	128	ok	|	0.11	1.00	1.00	0.11	0.02	0	|	rapi	0.11	0.11	0	|	78.0	0.11(78)	0.11(78)	|	5048	
7988	129	ok	|	0.10	1.00	1.00	0.11	0.02	0	|	rapi	0.10	0.11	0	|	78.0	0.11(78)	0.11(78)	|	5048	
7988	130	ok	|	0.10	1.00	1.00	0.11	0.02	0	|	rapi	0.10	0.11	0	|	78.0	0.11(78)	0.11(78)	|	5048	
7988	131	ok	|	0.10	1.00	1.00	0.11	0.02	0	|	rapi	0.10	0.11	0	|	78.0	0.11(78)	0.11(78)	|	5048	
7988	132	ok	|	0.11	1.00	1.00	0.12	0.02	0	|	rapi	0.11	0.12	0	|	78.0	0.12(78)	0.12(78)	|	5048	
7988	133	ok	|	0.10	1.00	1.00	0.11	0.03	0	|	rapi	0.10	0.11	0	|	78.0	0.11(78)	0.11(78)	|	5048	
7988	134	ok	|	0.10	1.00	1.00	0.10	0.03	0	|	rapi	0.10	0.10	0	|	78.0	0.10(78)	0.10(78)	|	5048	
7988	135	ok	|	0.10	1.00	1.00	0.10	0.02	0	|	rapi	0.10	0.10	0	|	78.0	0.10(78)	0.10(78)	|	5048	
7988	136	ok	|	0.10	1.00	1.00	0.10	0.03	0	|	rapi	0.10	0.10	0	|	78.0	0.10(78)	0.10(78)	|	5048	
7988	137	ok	|	0.11	1.00	1.00	0.12	0.03	0	|	rapi	0.11	0.12	0	|	78.0	0.12(78)	0.12(78)	|	5048	
7988	138	ok	|	0.13	1.00	1.00	0.14	0.03	0	|	rapi	0.13	0.14	0	|	78.0	0.14(78)	0.14(78)	|	5048	
7988	139	ok	|	0.10	1.00	1.00	0.10	0.03	0	|	rapi	0.10	0.10	0	|	78.0	0.10(78)	0.10(78)	|	5048	
7988	140	ok	|	0.09	1.00	1.00	0.10	0.03	0	|	rapi	0.09	0.10	0	|	78.0	0.10(78)	0.10(78)	|	5048	
7988	141	ok	|	0.10	1.00	1.00	0.11	0.03	0	|	rapi	0.10	0.11	0	|	78.0	0.11(78)	0.11(78)	|	5048	
7988	142	ok	|	0.11	1.00	1.00	0.12	0.03	0	|	rapi	0.11	0.12	0	|	78.0	0.12(78)	0.12(78)	|	5048	
7988	143	ok	|	0.10	1.00	1.00	0.10	0.03	0	|	rapi	0.10	0.10	0	|	78.0	0.10(78)	0.10(78)	|	5048	
7988	144	ok	|	0.10	1.00	1.00	0.10	0.02	0	|	rapi	0.10	0.10	0	|	78.0	0.10(78)	0.10(78)	|	5048	
7988	145	ok	|	0.11	1.00	1.00	0.11	0.03	0	|	rapi	0.11	0.11	0	|	78.0	0.11(78)	0.11(78)	|	5048	
7988	146	ok	|	0.11	1.00	1.00	0.11	0.03	0	|	rapi	0.11	0.11	0	|	78.0	0.11(78)	0.11(78)	|	5048	
7988	147	ok	|	0.12	1.00	1.00	0.13	0.03	0	|	rapi	0.12	0.13	0	|	78.0	0.13(78)	0.13(78)	|	5048	
7988	148	ok	|	0.13	1.00	1.00	0.14	0.03	0	|	rapi	0.13	0.14	0	|	78.0	0.14(78)	0.14(78)	|	5048	
7988	149	ok	|	0.12	1.00	1.00	0.13	0.03	0	|	rapi	0.12	0.13	0	|	78.0	0.13(78)	0.13(78)	|	5048	
7988	150	ok	|	0.15	1.00	1.00	0.15	0.04	0	|	rapi	0.15	0.15	0	|	78.0	0.15(78)	0.15(78)	|	5048	
7988	151	ok	|	0.15	1.00	1.00	0.16	0.04	0	|	rapi	0.15	0.16	0	|	78.0	0.16(78)	0.16(78)	|	5048	
7988	152	ok	|	0.13	1.00	1.00	0.14	0.03	0	|	rapi	0.13	0.14	0	|	78.0	0.14(78)	0.14(78)	|	5048	
7988	153	ok	|	0.13	1.00	1.00	0.14	0.03	0	|	rapi	0.13	0.14	0	|	78.0	0.14(78)	0.14(78)	|	5048	
7988	154	ok	|	0.14	1.00	1.00	0.15	0.04	0	|	rapi	0.14	0.15	0	|	78.0	0.15(78)	0.15(78)	|	5048	
7988	155	ok	|	0.16	1.00	1.00	0.17	0.04	0	|	rapi	0.16	0.17	0	|	78.0	0.17(78)	0.17(78)	|	5048	
7988	156	ok	|	0.16	1.00	1.00	0.17	0.04	0	|	rapi	0.16	0.17	0	|	78.0	0.17(78)	0.17(78)	|	5048	
7988	157	ok	|	0.16	1.00	1.00	0.17	0.04	0	|	rapi	0.16	0.17	0	|	78.0	0.17(78)	0.17(78)	|	5048	
7988	158	ok	|	0.15	1.00	1.00	0.16	0.04	0	|	rapi	0.15	0.16	0	|	78.0	0.16(78)	0.16(78)	|	5048	
7988	159	ok	|	0.15	1.00	1.00	0.16	0.04	0	|	rapi	0.15	0.16	0	|	78.0	0.16(78)	0.16(78)	|	5048	
7988	160	ok	|	0.16	1.00	1.00	0.16	0.04	0	|	rapi	0.16	0.16	0	|	78.0	0.16(78)	0.16(78)	|	5048	
7988	161	ok	|	0.15	1.00	1.00	0.15	0.04	0	|	rapi	0.15	0.15	0	|	78.0	0.15(78)	0.15(78)	|	5048	
7988	162	ok	|	0.15	1.00	1.00	0.16	0.04	0	|	rapi	0.15	0.16	0	|	78.0	0.16(78)	0.16(78)	|	5048	
7988	163	ok	|	0.15	1.00	1.00	0.17	0.04	0	|	rapi	0.15	0.17	0	|	78.0	0.17(78)	0.17(78)	|	5048	
7988	164	ok	|	0.14	1.00	1.00	0.14	0.04	0	|	rapi	0.14	0.14	0	|	78.0	0.14(78)	0.14(78)	|	5048	
7988	165	ok	|	0.12	1.00	1.00	0.13	0.03	0	|	rapi	0.12	0.13	0	|	78.0	0.13(78)	0.13(78)	|	5048	
7988	166	ok	|	0.13	1.00	1.00	0.14	0.03	0	|	rapi	0.13	0.14	0	|	78.0	0.14(78)	0.14(78)	|	5048	
7988	167	ok	|	0.14	1.00	1.00	0.15	0.04	0	|	rapi	0.14	0.15	0	|	78.0	0.15(78)	0.15(78)	|	5048	
7988	168	ok	|	0.15	1.00	1.00	0.17	0.04	0	|	rapi	0.15	0.17	0	|	78.0	0.17(78)	0.17(78)	|	5048	
7988	169	ok	|	0.17	1.00	1.00	0.18	0.05	0	|	rapi	0.17	0.18	0	|	78.0	0.18(78)	0.18(78)	|	5048	
7988	170	ok	|	0.19	1.00	1.00	0.22	0.05	0	|	rapi	0.19	0.22	0	|	78.0	0.22(78)	0.22(78)	|	5048	
7988	171	ok	|	0.17	1.00	1.00	0.18	0.04	0	|	rapi	0.17	0.18	0	|	78.0	0.18(78)	0.18(78)	|	5048	
7988	172	ok	|	0.16	1.00	1.00	0.17	0.04	0	|	rapi	0.16	0.17	0	|	78.0	0.17(78)	0.17(78)	|	5048	
7988	173	ok	|	0.14	1.00	1.00	0.15	0.04	0	|	rapi	0.14	0.15	0	|	78.0	0.15(78)	0.15(78)	|	5048	
7988	174	ok	|	0.15	1.00	1.00	0.15	0.04	0	|	rapi	0.15	0.15	0	|	78.0	0.15(78)	0.15(78)	|	5048	
7988	175	ok	|	0.14	1.00	1.00	0.14	0.04	0	|	rapi	0.14	0.14	0	|	78.0	0.14(78)	0.14(78)	|	5048	
7988	176	ok	|	0.12	1.00	1.00	0.13	0.03	0	|	rapi	0.12	0.13	0	|	78.0	0.13(78)	0.13(78)	|	5048	
7988	177	ok	|	0.13	1.00	1.00	0.14	0.03	0	|	rapi	0.13	0.14	0	|	78.0	0.14(78)	0.14(78)	|	5048	
7988	178	ok	|	0.12	1.00	1.00	0.13	0.03	0	|	rapi	0.12	0.13	0	|	78.0	0.13(78)	0.13(78)	|	5048	
7988	179	ok	|	0.13	1.00	1.00	0.14	0.03	0	|	rapi	0.13	0.14	0	|	78.0	0.14(78)	0.14(78)	|	5048	
7988	180	ok	|	0.13	1.00	1.00	0.14	0.04	0	|	rapi	0.13	0.14	0	|	78.0	0.14(78)	0.14(78)	|	5048	
7988	181	ok	|	0.15	1.00	1.00	0.15	0.04	0	|	rapi	0.15	0.15	0	|	78.0	0.15(78)	0.15(78)	|	5048	
7988	182	ok	|	0.14	1.00	1.00	0.15	0.04	0	|	rapi	0.14	0.15	0	|	78.0	0.15(78)	0.15(78)	|	5048	
7988	183	ok	|	0.15	1.00	1.00	0.16	0.04	0	|	rapi	0.15	0.16	0	|	78.0	0.16(78)	0.16(78)	|	5048	
7988	184	ok	|	0.15	1.00	1.00	0.16	0.04	0	|	rapi	0.15	0.16	0	|	78.0	0.16(78)	0.16(78)	|	5048	
7988	185	ok	|	0.15	1.00	1.00	0.17	0.04	0	|	rapi	0.15	0.17	0	|	78.0	0.17(78)	0.17(78)	|	5048	
7988	186	ok	|	0.15	1.00	1.00	0.16	0.04	0	|	rapi	0.15	0.16	0	|	78.0	0.16(78)	0.16(78)	|	5048	
7988	187	ok	|	0.13	1.00	1.00	0.14	0.04	0	|	rapi	0.13	0.14	0	|	78.0	0.14(78)	0.14(78)	|	5048	
7988	188	ok	|	0.12	1.00	1.00	0.13	0.03	0	|	rapi	0.12	0.13	0	|	78.0	0.13(78)	0.13(78)	|	5048	
7988	189	ok	|	0.12	1.00	1.00	0.13	0.03	0	|	rapi	0.12	0.13	0	|	78.0	0.13(78)	0.13(78)	|	5048	
7988	190	ok	|	0.13	1.00	1.00	0.14	0.03	0	|	rapi	0.13	0.14	0	|	78.0	0.14(78)	0.14(78)	|	5048	
7988	191	ok	|	0.14	1.00	1.00	0.15	0.04	0	|	rapi	0.14	0.15	0	|	78.0	0.15(78)	0.15(78)	|	5048	
7988	192	ok	|	0.15	1.00	1.00	0.16	0.04	0	|	rapi	0.15	0.16	0	|	78.0	0.16(78)	0.16(78)	|	5048	
7988	193	ok	|	0.17	1.00	1.00	0.18	0.05	0	|	rapi	0.17	0.18	0	|	78.0	0.18(78)	0.18(78)	|	5048	
7988	194	ok	|	0.18	1.00	1.00	0.19	0.05	0	|	rapi	0.18	0.19	0	|	78.0	0.19(78)	0.19(78)	|	5048	
7988	195	ok	|	0.18	1.00	1.00	0.19	0.05	0	|	rapi	0.18	0.19	0	|	78.0	0.19(78)	0.19(78)	|	5048	
7988	196	ok	|	0.17	1.00	1.00	0.18	0.04	0	|	rapi	0.17	0.18	0	|	78.0	0.18(78)	0.18(78)	|	5048	
7988	197	ok	|	0.17	1.00	1.00	0.17	0.04	0	|	rapi	0.17	0.17	0	|	78.0	0.17(78)	0.17(78)	|	5048	
7988	198	ok	|	0.17	1.00	1.00	0.17	0.04	0	|	rapi	0.17	0.17	0	|	78.0	0.17(78)	0.17(78)	|	5048	
7988	199	ok	|	0.15	1.00	1.00	0.16	0.04	0	|	rapi	0.15	0.16	0	|	78.0	0.16(78)	0.16(78)	|	5048	
7988	200	ok	|	0.16	1.00	1.00	0.17	0.04	0	|	rapi	0.16	0.17	0	|	78.0	0.17(78)	0.17(78)	|	5048	
7988	201	ok	|	0.17	1.00	1.00	0.18	0.04	0	|	rapi	0.17	0.18	0	|	78.0	0.18(78)	0.18(78)	|	5048	
7988	202	ok	|	0.15	1.00	1.00	0.16	0.04	0	|	rapi	0.15	0.16	0	|	78.0	0.16(78)	0.16(78)	|	5048	
7988	203	ok	|	0.15	1.00	1.00	0.17	0.04	0	|	rapi	0.15	0.17	0	|	78.0	0.17(78)	0.17(78)	|	5048	
7988	204	ok	|	0.16	1.00	1.00	0.18	0.04	0	|	rapi	0.16	0.18	0	|	78.0	0.18(78)	0.18(78)	|	5048	
7988	205	ok	|	0.17	1.00	1.00	0.18	0.04	0	|	rapi	0.17	0.18	0	|	78.0	0.18(78)	0.18(78)	|	5048	
7988	206	ok	|	0.16	1.00	1.00	0.17	0.04	0	|	rapi	0.16	0.17	0	|	78.0	0.17(78)	0.17(78)	|	5048	
7988	207	ok	|	0.15	1.00	1.00	0.16	0.04	0	|	rapi	0.15	0.16	0	|	78.0	0.16(78)	0.16(78)	|	5048	
7988	208	ok	|	0.17	1.00	1.00	0.18	0.05	0	|	rapi	0.17	0.18	0	|	78.0	0.18(78)	0.18(78)	|	5048	
7988	209	ok	|	0.16	1.00	1.00	0.18	0.04	0	|	rapi	0.16	0.18	0	|	78.0	0.18(78)	0.18(78)	|	5048	
7988	210	ok	|	0.17	1.00	1.00	0.18	0.04	0	|	rapi	0.17	0.18	0	|	78.0	0.18(78)	0.18(78)	|	5048	
7988	211	ok	|	0.16	1.00	1.00	0.17	0.04	0	|	rapi	0.16	0.17	0	|	78.0	0.17(78)	0.17(78)	|	5048	
7988	212	ok	|	0.16	1.00	1.00	0.17	0.04	0	|	rapi	0.16	0.17	0	|	78.0	0.17(78)	0.17(78)	|	5048	
7988	213	ok	|	0.17	1.00	1.00	0.18	0.04	0	|	rapi	0.17	0.18	0	|	78.0	0.18(78)	0.18(78)	|	5048	
7988	214	ok	|	0.18	1.00	1.00	0.20	0.05	0	|	rapi	0.18	0.20	0	|	78.0	0.20(78)	0.20(78)	|	5048	
7988	215	ok	|	0.19	1.00	1.00	0.21	0.05	0	|	rapi	0.19	0.21	0	|	78.0	0.21(78)	0.21(78)	|	5048	
7988	216	ok	|	0.18	1.00	1.00	0.20	0.05	0	|	rapi	0.18	0.20	0	|	78.0	0.20(78)	0.20(78)	|	5048	
7988	217	ok	|	0.20	1.00	1.00	0.21	0.05	0	|	rapi	0.20	0.21	0	|	78.0	0.21(78)	0.21(78)	|	5048	
7988	218	ok	|	0.19	1.00	1.00	0.21	0.05	0	|	rapi	0.19	0.21	0	|	78.0	0.21(78)	0.21(78)	|	5048	
7988	219	ok	|	0.20	1.00	1.00	0.21	0.05	0	|	rapi	0.20	0.21	0	|	78.0	0.21(78)	0.21(78)	|	5048	
7988	220	ok	|	0.19	1.00	1.00	0.21	0.05	0	|	rapi	0.19	0.21	0	|	78.0	0.21(78)	0.21(78)	|	5048	
7988	221	ok	|	0.20	1.00	1.00	0.21	0.05	0	|	rapi	0.20	0.21	0	|	78.0	0.21(78)	0.21(78)	|	5048	
7988	222	ok	|	0.21	1.00	1.00	0.23	0.06	0	|	rapi	0.21	0.23	0	|	78.0	0.23(78)	0.23(78)	|	5048	
7988	223	ok	|	0.22	1.00	1.00	0.23	0.06	0	|	rapi	0.22	0.23	0	|	78.0	0.23(78)	0.23(78)	|	5048	
7988	224	ok	|	0.20	1.00	1.00	0.22	0.05	0	|	rapi	0.20	0.22	0	|	78.0	0.22(78)	0.22(78)	|	5048	
7988	225	ok	|	0.18	1.00	1.00	0.19	0.05	0	|	rapi	0.18	0.19	0	|	78.0	0.19(78)	0.19(78)	|	5048	
7988	226	ok	|	0.18	1.00	1.00	0.20	0.05	0	|	rapi	0.18	0.20	0	|	78.0	0.20(78)	0.20(78)	|	5048	
7988	227	ok	|	0.18	1.00	1.00	0.19	0.05	0	|	rapi	0.18	0.19	0	|	78.0	0.19(78)	0.19(78)	|	5048	
7988	228	ok	|	0.18	1.00	1.00	0.20	0.05	0	|	rapi	0.18	0.20	0	|	78.0	0.20(78)	0.20(78)	|	5048	
7988	229	ok	|	0.20	1.00	1.00	0.21	0.05	0	|	rapi	0.20	0.21	0	|	78.0	0.21(78)	0.21(78)	|	5048	
7988	230	ok	|	0.22	1.00	1.00	0.24	0.06	0	|	rapi	0.22	0.24	0	|	78.0	0.24(78)	0.24(78)	|	5048	
7988	231	ok	|	0.21	1.00	1.00	0.23	0.06	0	|	rapi	0.21	0.23	0	|	78.0	0.23(78)	0.23(78)	|	5048	
7988	232	ok	|	0.23	1.00	1.00	0.25	0.06	0	|	rapi	0.23	0.25	0	|	78.0	0.25(78)	0.25(78)	|	5048	
7988	233	ok	|	0.21	1.00	1.00	0.23	0.06	0	|	rapi	0.21	0.23	0	|	78.0	0.23(78)	0.23(78)	|	5048	
7988	234	ok	|	0.20	1.00	1.00	0.22	0.05	0	|	rapi	0.20	0.22	0	|	78.0	0.22(78)	0.22(78)	|	5048	
7988	235	ok	|	0.21	1.00	1.00	0.23	0.06	0	|	rapi	0.21	0.23	0	|	78.0	0.23(78)	0.23(78)	|	5048	
7988	236	ok	|	0.21	1.00	1.00	0.23	0.06	0	|	rapi	0.21	0.23	0	|	78.0	0.23(78)	0.23(78)	|	5048	
7988	237	ok	|	0.22	1.00	1.00	0.24	0.06	0	|	rapi	0.22	0.24	0	|	78.0	0.24(78)	0.24(78)	|	5048	
7988	238	ok	|	0.24	1.00	1.00	0.26	0.07	0	|	rapi	0.24	0.26	0	|	78.0	0.26(78)	0.26(78)	|	5048	
7988	239	ok	|	0.23	1.00	1.00	0.25	0.06	0	|	rapi	0.23	0.25	0	|	78.0	0.25(78)	0.25(78)	|	5048	
7988	240	ok	|	0.22	1.00	1.00	0.23	0.06	0	|	rapi	0.22	0.23	0	|	78.0	0.23(78)	0.23(78)	|	5048	
7988	241	ok	|	0.23	1.00	1.00	0.24	0.06	0	|	rapi	0.23	0.24	0	|	78.0	0.24(78)	0.24(78)	|	5048	
7988	242	ok	|	0.21	1.00	1.00	0.23	0.06	0	|	rapi	0.21	0.23	0	|	78.0	0.23(78)	0.23(78)	|	5048	
7988	243	ok	|	0.21	1.00	1.00	0.23	0.06	0	|	rapi	0.21	0.23	0	|	78.0	0.23(78)	0.23(78)	|	5048	
7988	244	ok	|	0.25	1.00	1.00	0.26	0.06	0	|	rapi	0.25	0.26	0	|	78.0	0.26(78)	0.26(78)	|	5048	
7988	245	ok	|	0.25	1.00	1.00	0.27	0.07	0	|	rapi	0.25	0.27	0	|	78.0	0.27(78)	0.27(78)	|	5048	
7988	246	ok	|	0.25	1.00	1.00	0.26	0.07	0	|	rapi	0.25	0.26	0	|	78.0	0.26(78)	0.26(78)	|	5048	
7988	247	ok	|	0.25	1.00	1.00	0.28	0.07	0	|	rapi	0.25	0.28	0	|	78.0	0.28(78)	0.28(78)	|	5048	
7988	248	ok	|	0.23	1.00	1.00	0.25	0.06	0	|	rapi	0.23	0.25	0	|	78.0	0.25(78)	0.25(78)	|	5048	
7988	249	ok	|	0.24	1.00	1.00	0.26	0.07	0	|	rapi	0.24	0.26	0	|	78.0	0.26(78)	0.26(78)	|	5048	
7988	250	ok	|	0.23	1.00	1.00	0.26	0.07	0	|	rapi	0.23	0.26	0	|	78.0	0.26(78)	0.26(78)	|	5048	
7988	251	ok	|	0.23	1.00	1.00	0.27	0.07	0	|	rapi	0.23	0.27	0	|	78.0	0.27(78)	0.27(78)	|	5048	
7988	252	ok	|	0.25	1.00	1.00	0.28	0.07	0	|	rapi	0.25	0.28	0	|	78.0	0.28(78)	0.28(78)	|	5048	
7988	253	ok	|	0.25	1.00	1.00	0.28	0.07	0	|	rapi	0.25	0.28	0	|	78.0	0.28(78)	0.28(78)	|	5048	
7988	254	ok	|	0.26	1.00	1.00	0.29	0.07	0	|	rapi	0.26	0.29	0	|	78.0	0.29(78)	0.29(78)	|	5048	
7988	255	ok	|	0.26	1.00	1.00	0.28	0.07	0	|	rapi	0.26	0.28	0	|	78.0	0.28(78)	0.28(78)	|	5048	
7988	256	ok	|	0.23	1.00	1.00	0.25	0.06	0	|	rapi	0.23	0.25	0	|	78.0	0.25(78)	0.25(78)	|	5048	
7988	257	ok	|	0.21	1.00	1.00	0.23	0.06	0	|	rapi	0.21	0.23	0	|	78.0	0.23(78)	0.23(78)	|	5048	
7988	258	ok	|	0.21	1.00	1.00	0.24	0.06	0	|	rapi	0.21	0.24	0	|	78.0	0.24(78)	0.24(78)	|	5048	
7988	259	ok	|	0.20	1.00	1.00	0.22	0.05	0	|	rapi	0.20	0.22	0	|	78.0	0.22(78)	0.22(78)	|	5048	
7988	260	ok	|	0.20	1.00	1.00	0.22	0.05	0	|	rapi	0.20	0.22	0	|	78.0	0.22(78)	0.22(78)	|	5048	
7988	261	ok	|	0.21	1.00	1.00	0.22	0.06	0	|	rapi	0.21	0.22	0	|	78.0	0.22(78)	0.22(78)	|	5048	
7988	262	ok	|	0.21	1.00	1.00	0.24	0.06	0	|	rapi	0.21	0.24	0	|	78.0	0.24(78)	0.24(78)	|	5048	
7988	263	ok	|	0.22	1.00	1.00	0.24	0.06	0	|	rapi	0.22	0.24	0	|	78.0	0.24(78)	0.24(78)	|	5048	
7988	264	ok	|	0.22	1.00	1.00	0.24	0.06	0	|	rapi	0.22	0.24	0	|	78.0	0.24(78)	0.24(78)	|	5048	
7988	265	ok	|	0.20	1.00	1.00	0.22	0.05	0	|	rapi	0.20	0.22	0	|	78.0	0.22(78)	0.22(78)	|	5048	
7988	266	ok	|	0.21	1.00	1.00	0.22	0.06	0	|	rapi	0.21	0.22	0	|	78.0	0.22(78)	0.22(78)	|	5048	
7988	267	ok	|	0.20	1.00	1.00	0.21	0.05	0	|	rapi	0.20	0.21	0	|	78.0	0.21(78)	0.21(78)	|	5048	
7988	268	ok	|	0.19	1.00	1.00	0.21	0.05	0	|	rapi	0.19	0.21	0	|	78.0	0.21(78)	0.21(78)	|	5048	
7988	269	ok	|	0.22	1.00	1.00	0.23	0.06	0	|	rapi	0.22	0.23	0	|	78.0	0.23(78)	0.23(78)	|	5048	
7988	270	ok	|	0.23	1.00	1.00	0.26	0.07	0	|	rapi	0.23	0.26	0	|	78.0	0.26(78)	0.26(78)	|	5048	
7988	271	ok	|	0.24	1.00	1.00	0.26	0.07	0	|	rapi	0.24	0.26	0	|	78.0	0.26(78)	0.26(78)	|	5048	
7988	272	ok	|	0.23	1.00	1.00	0.25	0.06	0	|	rapi	0.23	0.25	0	|	78.0	0.25(78)	0.25(78)	|	5048	
7988	273	ok	|	0.23	1.00	1.00	0.24	0.06	0	|	rapi	0.23	0.24	0	|	78.0	0.24(78)	0.24(78)	|	5048	
7988	274	ok	|	0.22	1.00	1.00	0.24	0.06	0	|	rapi	0.22	0.24	0	|	78.0	0.24(78)	0.24(78)	|	5048	
7988	275	ok	|	0.21	1.00	1.00	0.23	0.06	0	|	rapi	0.21	0.23	0	|	78.0	0.23(78)	0.23(78)	|	5048	
7988	276	ok	|	0.22	1.00	1.00	0.23	0.06	0	|	rapi	0.22	0.23	0	|	78.0	0.23(78)	0.23(78)	|	5048	
7988	277	ok	|	0.22	1.00	1.00	0.24	0.06	0	|	rapi	0.22	0.24	0	|	78.0	0.24(78)	0.24(78)	|	5048	
7988	278	ok	|	0.24	1.00	1.00	0.26	0.07	0	|	rapi	0.24	0.26	0	|	78.0	0.26(78)	0.26(78)	|	5048	
7988	279	ok	|	0.26	1.00	1.00	0.27	0.07	0	|	rapi	0.26	0.27	0	|	78.0	0.27(78)	0.27(78)	|	5048	
7988	280	ok	|	0.24	1.00	1.00	0.27	0.07	0	|	rapi	0.24	0.27	0	|	78.0	0.27(78)	0.27(78)	|	5048	
7988	281	ok	|	0.22	1.00	1.00	0.25	0.06	0	|	rapi	0.22	0.25	0	|	78.0	0.25(78)	0.25(78)	|	5048	
7988	282	ok	|	0.23	1.00	1.00	0.26	0.06	0	|	rapi	0.23	0.26	0	|	78.0	0.26(78)	0.26(78)	|	5048	
7988	283	ok	|	0.23	1.00	1.00	0.26	0.07	0	|	rapi	0.23	0.26	0	|	78.0	0.26(78)	0.26(78)	|	5048	
7988	284	ok	|	0.24	1.00	1.00	0.28	0.07	0	|	rapi	0.24	0.28	0	|	78.0	0.28(78)	0.28(78)	|	5048	
7988	285	ok	|	0.24	1.00	1.00	0.28	0.07	0	|	rapi	0.24	0.28	0	|	78.0	0.28(78)	0.28(78)	|	5048	
7988	286	ok	|	0.25	1.00	1.00	0.27	0.07	0	|	rapi	0.25	0.27	0	|	78.0	0.27(78)	0.27(78)	|	5048	
7988	287	ok	|	0.24	1.00	1.00	0.26	0.06	0	|	rapi	0.24	0.26	0	|	78.0	0.26(78)	0.26(78)	|	5048	
7988	288	ok	|	0.25	1.00	1.00	0.26	0.07	0	|	rapi	0.25	0.26	0	|	78.0	0.26(78)	0.26(78)	|	5048	
7988	289	ok	|	0.23	1.00	1.00	0.26	0.06	0	|	rapi	0.23	0.26	0	|	78.0	0.26(78)	0.26(78)	|	5048	
7988	290	ok	|	0.22	1.00	1.00	0.23	0.06	0	|	rapi	0.22	0.23	0	|	78.0	0.23(78)	0.23(78)	|	5048	
7988	291	ok	|	0.22	1.00	1.00	0.23	0.06	0	|	rapi	0.22	0.23	0	|	78.0	0.23(78)	0.23(78)	|	5048	
7988	292	ok	|	0.22	1.00	1.00	0.24	0.06	0	|	rapi	0.22	0.24	0	|	78.0	0.24(78)	0.24(78)	|	5048	
7988	293	ok	|	0.20	1.00	1.00	0.22	0.06	0	|	rapi	0.20	0.22	0	|	78.0	0.22(78)	0.22(78)	|	5048	
7988	294	ok	|	0.21	1.00	1.00	0.23	0.06	0	|	rapi	0.21	0.23	0	|	78.0	0.23(78)	0.23(78)	|	5048	
7988	295	ok	|	0.21	1.00	1.00	0.23	0.06	0	|	rapi	0.21	0.23	0	|	78.0	0.23(78)	0.23(78)	|	5048	
7988	296	ok	|	0.22	1.00	1.00	0.24	0.06	0	|	rapi	0.22	0.24	0	|	78.0	0.24(78)	0.24(78)	|	5048	
7988	297	ok	|	0.22	1.00	1.00	0.23	0.06	0	|	rapi	0.22	0.23	0	|	78.0	0.23(78)	0.23(78)	|	5048	
7988	298	ok	|	0.24	1.00	1.00	0.26	0.06	0	|	rapi	0.24	0.26	0	|	78.0	0.26(78)	0.26(78)	|	5048	
7988	299	ok	|	0.24	1.00	1.00	0.27	0.07	0	|	rapi	0.24	0.27	0	|	78.0	0.27(78)	0.27(78)	|	5048	
7988	300	ok	|	0.24	1.00	1.00	0.27	0.07	0	|	rapi	0.24	0.27	0	|	78.0	0.27(78)	0.27(78)	|	5048	
7988	301	ok	|	0.24	1.00	1.00	0.26	0.07	0	|	rapi	0.24	0.26	0	|	78.0	0.26(78)	0.26(78)	|	5048	
7988	302	ok	|	0.26	1.00	1.00	0.28	0.07	0	|	rapi	0.26	0.28	0	|	78.0	0.28(78)	0.28(78)	|	5048	
7988	303	ok	|	0.23	1.00	1.00	0.25	0.06	0	|	rapi	0.23	0.25	0	|	78.0	0.25(78)	0.25(78)	|	5048	
7988	304	ok	|	0.23	1.00	1.00	0.25	0.06	0	|	rapi	0.23	0.25	0	|	78.0	0.25(78)	0.25(78)	|	5048	
7988	305	ok	|	0.23	1.00	1.00	0.24	0.06	0	|	rapi	0.23	0.24	0	|	78.0	0.24(78)	0.24(78)	|	5048	
7988	306	ok	|	0.24	1.00	1.00	0.26	0.07	0	|	rapi	0.24	0.26	0	|	78.0	0.26(78)	0.26(78)	|	5048	
7988	307	ok	|	0.21	1.00	1.00	0.23	0.06	0	|	rapi	0.21	0.23	0	|	78.0	0.23(78)	0.23(78)	|	5048	
7988	308	ok	|	0.20	1.00	1.00	0.22	0.06	0	|	rapi	0.20	0.22	0	|	78.0	0.22(78)	0.22(78)	|	5048	
7988	309	ok	|	0.19	1.00	1.00	0.20	0.05	0	|	rapi	0.19	0.20	0	|	78.0	0.20(78)	0.20(78)	|	5048	
7988	310	ok	|	0.17	1.00	1.00	0.17	0.04	0	|	rapi	0.17	0.17	0	|	78.0	0.17(78)	0.17(78)	|	5048	
7988	311	ok	|	0.16	1.00	1.00	0.18	0.04	0	|	rapi	0.16	0.18	0	|	78.0	0.18(78)	0.18(78)	|	5048	
7988	312	ok	|	0.17	1.00	1.00	0.18	0.04	0	|	rapi	0.17	0.18	0	|	78.0	0.18(78)	0.18(78)	|	5048	
7988	313	ok	|	0.17	1.00	1.00	0.18	0.04	0	|	rapi	0.17	0.18	0	|	78.0	0.18(78)	0.18(78)	|	5048	
7988	314	ok	|	0.16	1.00	1.00	0.17	0.04	0	|	rapi	0.16	0.17	0	|	78.0	0.17(78)	0.17(78)	|	5048	
7988	315	ok	|	0.17	1.00	1.00	0.18	0.04	0	|	rapi	0.17	0.18	0	|	78.0	0.18(78)	0.18(78)	|	5048	
7988	316	ok	|	0.20	1.00	1.00	0.21	0.05	0	|	rapi	0.20	0.21	0	|	78.0	0.21(78)	0.21(78)	|	5048	
7988	317	ok	|	0.19	1.00	1.00	0.20	0.05	0	|	rapi	0.19	0.20	0	|	78.0	0.20(78)	0.20(78)	|	5048	
7988	318	ok	|	0.17	1.00	1.00	0.18	0.04	0	|	rapi	0.17	0.18	0	|	78.0	0.18(78)	0.18(78)	|	5048	
7988	319	ok	|	0.17	1.00	1.00	0.19	0.05	0	|	rapi	0.17	0.19	0	|	78.0	0.19(78)	0.19(78)	|	5048	
7988	320	ok	|	0.18	1.00	1.00	0.19	0.05	0	|	rapi	0.18	0.19	0	|	78.0	0.19(78)	0.19(78)	|	5048	
7988	321	ok	|	0.20	1.00	1.00	0.21	0.05	0	|	rapi	0.20	0.21	0	|	78.0	0.21(78)	0.21(78)	|	5048	
7988	322	ok	|	0.22	1.00	1.00	0.23	0.06	0	|	rapi	0.22	0.23	0	|	78.0	0.23(78)	0.23(78)	|	5048	
7988	323	ok	|	0.20	1.00	1.00	0.22	0.06	0	|	rapi	0.20	0.22	0	|	78.0	0.22(78)	0.22(78)	|	5048	
7988	324	ok	|	0.21	1.00	1.00	0.23	0.06	0	|	rapi	0.21	0.23	0	|	78.0	0.23(78)	0.23(78)	|	5048	
7988	325	ok	|	0.19	1.00	1.00	0.21	0.05	0	|	rapi	0.19	0.21	0	|	78.0	0.21(78)	0.21(78)	|	5048	
7988	326	ok	|	0.19	1.00	1.00	0.20	0.05	0	|	rapi	0.19	0.20	0	|	78.0	0.20(78)	0.20(78)	|	5048	
7988	327	ok	|	0.18	1.00	1.00	0.19	0.05	0	|	rapi	0.18	0.19	0	|	78.0	0.19(78)	0.19(78)	|	5048	
7988	328	ok	|	0.19	1.00	1.00	0.20	0.05	0	|	rapi	0.19	0.20	0	|	78.0	0.20(78)	0.20(78)	|	5048	
7988	329	ok	|	0.18	1.00	1.00	0.18	0.05	0	|	rapi	0.18	0.18	0	|	78.0	0.18(78)	0.18(78)	|	5048	
7988	330	ok	|	0.18	1.00	1.00	0.19	0.05	0	|	rapi	0.18	0.19	0	|	78.0	0.19(78)	0.19(78)	|	5048	
7988	331	ok	|	0.21	1.00	1.00	0.22	0.05	0	|	rapi	0.21	0.22	0	|	78.0	0.22(78)	0.22(78)	|	5048	
7988	332	ok	|	0.18	1.00	1.00	0.20	0.05	0	|	rapi	0.18	0.20	0	|	78.0	0.20(78)	0.20(78)	|	5048	
7988	333	ok	|	0.19	1.00	1.00	0.21	0.05	0	|	rapi	0.19	0.21	0	|	78.0	0.21(78)	0.21(78)	|	5048	
7988	334	ok	|	0.19	1.00	1.00	0.21	0.05	0	|	rapi	0.19	0.21	0	|	78.0	0.21(78)	0.21(78)	|	5048	
7988	335	ok	|	0.17	1.00	1.00	0.18	0.05	0	|	rapi	0.17	0.18	0	|	78.0	0.18(78)	0.18(78)	|	5048	
7988	336	ok	|	0.17	1.00	1.00	0.18	0.05	0	|	rapi	0.17	0.18	0	|	78.0	0.18(78)	0.18(78)	|	5048	
7988	337	ok	|	0.16	1.00	1.00	0.17	0.04	0	|	rapi	0.16	0.17	0	|	78.0	0.17(78)	0.17(78)	|	5048	
7988	338	ok	|	0.14	1.00	1.00	0.15	0.04	0	|	rapi	0.14	0.15	0	|	78.0	0.15(78)	0.15(78)	|	5048	
7988	339	ok	|	0.15	1.00	1.00	0.15	0.04	0	|	rapi	0.15	0.15	0	|	78.0	0.15(78)	0.15(78)	|	5048	
7988	340	ok	|	0.13	1.00	1.00	0.14	0.04	0	|	rapi	0.13	0.14	0	|	78.0	0.14(78)	0.14(78)	|	5048	
7988	341	ok	|	0.13	1.00	1.00	0.14	0.03	0	|	rapi	0.13	0.14	0	|	78.0	0.14(78)	0.14(78)	|	5048	
7988	342	ok	|	0.11	1.00	1.00	0.12	0.03	0	|	rapi	0.11	0.12	0	|	78.0	0.12(78)	0.12(78)	|	5048	
7988	343	ok	|	0.10	1.00	1.00	0.11	0.03	0	|	rapi	0.10	0.11	0	|	78.0	0.11(78)	0.11(78)	|	5048	
7988	344	ok	|	0.10	1.00	1.00	0.10	0.03	0	|	rapi	0.10	0.10	0	|	78.0	0.10(78)	0.10(78)	|	5048	
7988	345	ok	|	0.10	1.00	1.00	0.10	0.03	0	|	rapi	0.10	0.10	0	|	78.0	0.10(78)	0.10(78)	|	5048	
7988	346	ok	|	0.11	1.00	1.00	0.11	0.03	0	|	rapi	0.11	0.11	0	|	78.0	0.11(78)	0.11(78)	|	5048	
7988	347	ok	|	0.10	1.00	1.00	0.11	0.03	0	|	rapi	0.10	0.11	0	|	78.0	0.11(78)	0.11(78)	|	5048	
7988	348	ok	|	0.11	1.00	1.00	0.12	0.03	0	|	rapi	0.11	0.12	0	|	78.0	0.12(78)	0.12(78)	|	5048	
7988	349	ok	|	0.12	1.00	1.00	0.12	0.03	0	|	rapi	0.12	0.12	0	|	78.0	0.12(78)	0.12(78)	|	5048	
7988	350	ok	|	0.11	1.00	1.00	0.12	0.03	0	|	rapi	0.11	0.12	0	|	78.0	0.12(78)	0.12(78)	|	5048	
7988	351	ok	|	0.11	1.00	1.00	0.12	0.03	0	|	rapi	0.11	0.12	0	|	78.0	0.12(78)	0.12(78)	|	5048	
7988	352	ok	|	0.11	1.00	1.00	0.12	0.03	0	|	rapi	0.11	0.12	0	|	78.0	0.12(78)	0.12(78)	|	5048	
7988	353	ok	|	0.12	1.00	1.00	0.13	0.03	0	|	rapi	0.12	0.13	0	|	78.0	0.13(78)	0.13(78)	|	5048	
7988	354	ok	|	0.12	1.00	1.00	0.12	0.03	0	|	rapi	0.12	0.12	0	|	78.0	0.12(78)	0.12(78)	|	5048	
7988	355	ok	|	0.12	1.00	1.00	0.12	0.03	0	|	rapi	0.12	0.12	0	|	78.0	0.12(78)	0.12(78)	|	5048	
7988	356	ok	|	0.12	1.00	1.00	0.13	0.03	0	|	rapi	0.12	0.13	0	|	78.0	0.13(78)	0.13(78)	|	5048	
7988	357	ok	|	0.11	1.00	1.00	0.12	0.03	0	|	rapi	0.11	0.12	0	|	78.0	0.12(78)	0.12(78)	|	5048	
7988	358	ok	|	0.12	1.00	1.00	0.12	0.03	0	|	rapi	0.12	0.12	0	|	78.0	0.12(78)	0.12(78)	|	5048	
7988	359	ok	|	0.13	1.00	1.00	0.13	0.03	0	|	rapi	0.13	0.13	0	|	78.0	0.13(78)	0.13(78)	|	5048	
7988	360	ok	|	0.12	1.00	1.00	0.12	0.03	0	|	rapi	0.12	0.12	0	|	78.0	0.12(78)	0.12(78)	|	5048	
7988	361	ok	|	0.10	1.00	1.00	0.10	0.02	0	|	rapi	0.10	0.10	0	|	78.0	0.10(78)	0.10(78)	|	5048	
7988	362	ok	|	0.08	1.00	1.00	0.08	0.04	0	|	rapi	0.08	0.08	0	|	78.0	0.08(78)	0.08(78)	|	5048	
7988	363	ok	|	0.07	1.00	1.00	0.08	0.04	0	|	rapi	0.07	0.08	0	|	78.0	0.08(78)	0.08(78)	|	5048	
7988	364	ok	|	0.09	1.00	1.00	0.09	0.04	0	|	rapi	0.09	0.09	0	|	78.0	0.09(78)	0.09(78)	|	5048	
7988	365	ok	|	0.08	1.00	1.00	0.08	0.04	0	|	rapi	0.08	0.08	0	|	78.0	0.08(78)	0.08(78)	|	5048	
7988	366	ok	|	0.06	1.00	1.00	0.06	0.03	0	|	rapi	0.06	0.06	0	|	78.0	0.06(78)	0.06(78)	|	5048	
7988	367	ok	|	0.05	1.00	1.00	0.05	0.03	0	|	rapi	0.05	0.05	0	|	78.0	0.05(78)	0.05(78)	|	5048	
7988	368	ok	|	0.05	1.00	1.00	0.06	0.03	0	|	rapi	0.05	0.06	0	|	78.0	0.06(78)	0.06(78)	|	5048	
7988	369	ok	|	0.04	1.00	1.00	0.05	0.02	0	|	rapi	0.04	0.05	0	|	78.0	0.05(78)	0.05(78)	|	5048	
7988	370	ok	|	0.05	1.00	1.00	0.05	0.03	0	|	rapi	0.05	0.05	0	|	78.0	0.05(78)	0.05(78)	|	5048	
7988	371	ok	|	0.05	1.00	1.00	0.05	0.03	0	|	rapi	0.05	0.05	0	|	78.0	0.05(78)	0.05(78)	|	5048	
7988	372	ok	|	0.05	1.00	1.00	0.05	0.02	0	|	rapi	0.05	0.05	0	|	78.0	0.05(78)	0.05(78)	|	5048	
7988	373	ok	|	0.04	1.00	1.00	0.04	0.02	0	|	rapi	0.04	0.04	0	|	78.0	0.04(78)	0.04(78)	|	5048	
7988	374	ok	|	0.04	1.00	1.00	0.04	0.02	0	|	rapi	0.04	0.04	0	|	78.0	0.04(78)	0.04(78)	|	5048	
7988	375	ok	|	0.04	1.00	1.00	0.04	0.02	0	|	rapi	0.04	0.04	0	|	78.0	0.04(78)	0.04(78)	|	5048	
7988	376	ok	|	0.04	1.00	1.00	0.04	0.02	0	|	rapi	0.04	0.04	0	|	78.0	0.04(78)	0.04(78)	|	5048	
7988	377	ok	|	0.04	1.00	1.00	0.04	0.02	0	|	rapi	0.04	0.04	0	|	78.0	0.04(78)	0.04(78)	|	5048	
7988	378	ok	|	0.04	1.00	1.00	0.04	0.02	0	|	rapi	0.04	0.04	0	|	78.0	0.04(78)	0.04(78)	|	5048	
7988	379	ok	|	0.03	1.00	1.00	0.03	0.02	0	|	rapi	0.03	0.03	0	|	78.0	0.03(78)	0.03(78)	|	5048	
7988	380	ok	|	0.04	1.00	1.00	0.04	0.02	0	|	rapi	0.04	0.04	0	|	78.0	0.04(78)	0.04(78)	|	5048	
7988	381	ok	|	0.03	1.00	1.00	0.03	0.01	0	|	rapi	0.03	0.03	0	|	78.0	0.03(78)	0.03(78)	|	5048	
7988	382	ok	|	0.03	1.00	1.00	0.03	0.01	0	|	rapi	0.03	0.03	0	|	78.0	0.03(78)	0.03(78)	|	5048	
7988	383	ok	|	0.03	1.00	1.00	0.03	0.01	0	|	rapi	0.03	0.03	0	|	78.0	0.03(78)	0.03(78)	|	5048	
7988	384	ok	|	0.03	1.00	1.00	0.03	0.01	0	|	rapi	0.03	0.03	0	|	78.0	0.03(78)	0.03(78)	|	5048	
7988	385	ok	|	0.03	1.00	1.00	0.03	0.01	0	|	rapi	0.03	0.03	0	|	78.0	0.03(78)	0.03(78)	|	5048	
7988	386	ok	|	0.03	1.00	1.00	0.03	0.01	0	|	rapi	0.03	0.03	0	|	78.0	0.03(78)	0.03(78)	|	5048	
7988	387	ok	|	0.03	1.00	1.00	0.03	0.01	0	|	rapi	0.03	0.03	0	|	78.0	0.03(78)	0.03(78)	|	5048	
7988	388	ok	|	0.02	1.00	1.00	0.02	0.01	0	|	rapi	0.02	0.02	0	|	78.0	0.02(78)	0.02(78)	|	5048	
7988	389	ok	|	0.02	1.00	1.00	0.02	0.01	0	|	rapi	0.02	0.02	0	|	78.0	0.02(78)	0.02(78)	|	5048	
7988	390	ok	|	0.02	1.00	1.00	0.02	0.01	0	|	rapi	0.02	0.02	0	|	78.0	0.02(78)	0.02(78)	|	5048	
7988	391	ok	|	0.02	1.00	1.00	0.02	0.01	0	|	rapi	0.02	0.02	0	|	78.0	0.02(78)	0.02(78)	|	5048	
7988	392	ok	|	0.01	1.00	1.00	0.01	0.01	0	|	rapi	0.01	0.01	0	|	78.0	0.01(78)	0.01(78)	|	5048	
7988	393	ok	|	0.01	1.00	1.00	0.01	0.00	0	|	rapi	0.01	0.01	0	|	78.0	0.01(78)	0.01(78)	|	5048	
7988	394	ok	|	0.01	1.00	1.00	0.01	0.00	0	|	rapi	0.01	0.01	0	|	78.0	0.01(78)	0.01(78)	|	5048	
7988	395	ok	|	0.01	1.00	1.00	0.01	0.00	0	|	rapi	0.01	0.01	0	|	78.0	0.01(78)	0.01(78)	|	5048	
7988	396	ok	|	0.01	1.00	1.00	0.01	0.00	0	|	rapi	0.01	0.01	0	|	78.0	0.01(78)	0.01(78)	|	5048	
7988	397	ok	|	0.01	1.00	1.00	0.01	0.00	0	|	rapi	0.01	0.01	0	|	78.0	0.01(78)	0.01(78)	|	5048	
7988	398	ok	|	0.00	1.00	1.00	0.00	0.00	0	|	rapi	0.00	0.00	0	|	78.0	0.00(78)	0.00(78)	|	5048	
7988	399	fail-0	|	0.00	1.00	1.00	0.00	NaN	0	|	rapi	0.00	0.00	0	|	NaN			|	5048	
