7997	0	ok	|	0.10	1.00	1.00	0.10	0.00	0	|	rapi	0.00	0.00	0	|	-77.0	0.10(-77)		|	7	
7997	1	ok	|	0.12	1.00	1.00	0.13	0.00	0	|	rapi	0.00	0.00	0	|	-77.0	0.13(-77)		|	7	
7997	2	ok	|	0.13	1.00	1.00	0.16	0.00	0	|	rapi	0.00	0.00	0	|	-77.0	0.16(-77)		|	7	
7997	3	ok	|	0.16	1.00	1.00	0.20	0.00	0	|	rapi	0.00	0.00	0	|	-77.0	0.20(-77)		|	7	
7997	4	ok	|	0.17	1.00	1.00	0.24	0.00	0	|	rapi	0.00	0.00	0	|	-77.0	0.24(-77)		|	7	
7997	5	ok	|	0.20	1.00	1.00	0.28	0.00	0	|	rapi	0.00	0.00	0	|	-77.0	0.28(-77)		|	7	
7997	6	ok	|	0.25	1.00	1.00	0.34	0.00	0	|	rapi	0.00	0.00	0	|	-77.0	0.34(-77)		|	7	
7997	7	ok	|	0.31	1.00	1.00	0.44	0.00	0	|	rapi	0.00	0.00	0	|	-77.0	0.44(-77)		|	7	
7997	8	ok	|	0.37	0.99	0.99	0.57	0.00	0	|	rapi	0.00	0.00	0	|	-77.0	0.57(-77)		|	7	
7997	9	ok	|	0.39	0.99	0.99	0.66	0.00	0	|	rapi	0.00	0.00	0	|	-77.0	0.66(-77)		|	7	
7997	10	ok	|	0.43	0.99	0.99	0.73	0.00	0	|	rapi	0.00	0.00	0	|	-77.0	0.73(-77)		|	7	
7997	11	ok	|	0.47	0.99	0.99	0.83	0.00	0	|	rapi	0.00	0.00	0	|	-77.0	0.83(-77)		|	7	
7997	12	ok	|	0.52	0.99	0.99	1.01	0.00	0	|	rapi	0.00	0.00	0	|	-77.0	1.01(-77)		|	7	
7997	13	ok	|	0.59	0.99	0.99	1.20	0.00	0	|	rapi	0.00	0.00	0	|	-77.0	1.20(-77)		|	7	
7997	14	ok	|	0.64	0.99	0.99	1.35	0.00	0	|	rapi	0.00	0.00	0	|	-77.0	1.35(-77)		|	7	
7997	15	ok	|	0.70	0.98	0.98	1.58	0.00	0	|	rapi	0.00	0.00	0	|	-77.0	1.58(-77)		|	7	
7997	16	ok	|	0.76	0.98	0.98	1.78	0.00	0	|	rapi	0.00	0.00	0	|	-77.0	1.78(-77)		|	7	
7997	17	ok	|	0.80	0.98	0.98	2.05	0.00	0	|	rapi	0.00	0.00	0	|	-77.0	2.05(-77)		|	7	
7997	18	ok	|	0.86	0.98	0.98	2.38	0.00	0	|	rapi	0.00	0.00	0	|	-77.0	2.38(-77)		|	7	
7997	19	ok	|	0.91	0.97	0.97	2.84	0.00	0	|	rapi	0.00	0.00	0	|	-77.0	2.84(-77)	0.00(-77)	|	7	
7997	20	ok	|	0.93	0.97	0.97	3.44	0.00	0	|	rapi	0.00	0.00	0	|	-77.0	3.44(-77)	0.00(-77)	|	7	
7997	21	ok	|	0.97	0.96	0.96	4.19	0.00	0	|	rapi	0.00	0.00	0	|	-77.0	4.19(-77)	0.00(-77)	|	7	
7997	22	ok	|	0.98	0.95	0.95	5.00	0.00	0	|	rapi	0.00	0.00	0	|	-77.0	5.00(-77)	0.00(-77)	|	7	
7997	23	ok	|	0.99	0.94	0.94	6.00	0.00	0	|	rapi	0.00	0.00	0	|	-77.0	6.00(-77)		|	7	
7997	24	ok	|	1.00	0.93	0.93	7.05	0.00	0	|	rapi	0.00	0.00	0	|	-77.0	7.05(-77)		|	7	
7997	25	ok	|	1.00	0.92	0.92	8.24	0.00	0	|	rapi	0.00	0.00	0	|	-77.0	8.24(-77)		|	7	
7997	26	ok	|	1.00	0.90	0.90	9.78	0.00	0	|	rapi	0.00	0.00	0	|	-77.0	9.78(-77)		|	7	
7997	27	ok	|	1.00	0.88	0.88	11.62	0.00	0	|	rapi	0.00	0.00	0	|	-77.0	11.62(-77)		|	7	
7997	28	ok	|	1.00	0.86	0.86	13.87	0.00	0	|	rapi	0.00	0.00	0	|	-77.0	13.87(-77)		|	7	
7997	29	ok	|	1.00	0.84	0.84	16.29	0.00	0	|	rapi	0.00	0.00	0	|	-77.0	16.29(-77)		|	7	
7997	30	ok	|	1.00	0.81	0.81	18.96	0.00	0	|	rapi	0.00	0.00	0	|	-77.0	18.96(-77)		|	7	
7997	31	ok	|	1.00	0.78	0.78	22.43	0.00	0	|	rapi	0.00	0.00	0	|	-77.0	22.43(-77)	0.00(-77)	|	7	
7997	32	ok	|	1.00	0.74	0.74	26.01	0.00	0	|	rapi	0.00	0.00	0	|	-77.0	26.01(-77)		|	7	
7997	33	ok	|	1.00	0.69	0.69	30.61	0.00	0	|	rapi	0.00	0.00	0	|	-77.0	30.61(-77)		|	7	
7997	34	ok	|	1.00	0.64	0.64	36.15	0.00	0	|	rapi	0.00	0.00	0	|	-77.0	36.15(-77)	0.00(-77)	|	7	
7997	35	ok	|	1.00	0.57	0.57	42.63	0.00	0	|	rapi	0.00	0.00	0	|	-77.0	42.63(-77)	0.00(-77)	|	7	
7997	36	ok	|	1.00	0.50	0.50	49.91	0.00	0	|	rapi	0.00	0.00	0	|	-77.0	49.91(-77)		|	7	
7997	37	ok	|	1.00	0.42	0.42	58.24	0.00	0	|	rapi	0.00	0.00	0	|	-77.0	58.24(-77)		|	7	
7997	38	ok	|	1.00	0.33	0.33	67.40	0.00	0	|	rapi	0.00	0.00	0	|	-77.0	67.40(-77)		|	7	
7997	39	ok	|	1.00	0.23	0.23	76.94	0.00	0	|	rapi	0.00	0.00	0	|	-77.0	76.94(-77)	0.00(-77)	|	7	
7997	40	ok	|	1.00	0.13	0.13	87.16	0.00	0	|	rapi	0.00	0.00	0	|	-77.0	87.16(-77)	0.00(-77)	|	7	
7997	41	fail-w	|	1.00	0.06	0.06	96.30	0.00	0	|	rapi	0.00	0.00	0	|	-77.0	96.30(-77)	0.00(-77)	|	7	
