8129	0	ok	|	0.10	1.00	1.00	0.10	0.00	0	|	rapi	0.00	0.00	0	|	-63.0	0.10(-63)		|	2	
8129	1	ok	|	0.11	1.00	1.00	0.13	0.00	0	|	rapi	0.00	0.00	0	|	-63.0	0.13(-63)		|	2	
8129	2	ok	|	0.12	1.00	1.00	0.15	0.00	0	|	rapi	0.00	0.00	0	|	-63.0	0.15(-63)		|	2	
8129	3	ok	|	0.15	1.00	1.00	0.19	0.00	0	|	rapi	0.00	0.00	0	|	-63.0	0.19(-63)		|	2	
8129	4	ok	|	0.18	1.00	1.00	0.23	0.00	0	|	rapi	0.00	0.00	0	|	-63.0	0.23(-63)		|	2	
8129	5	ok	|	0.18	1.00	1.00	0.23	0.00	0	|	rapi	0.00	0.00	0	|	-63.0	0.23(-63)		|	2	
8129	6	ok	|	0.21	1.00	1.00	0.28	0.00	0	|	rapi	0.00	0.00	0	|	-63.0	0.28(-63)		|	2	
8129	7	ok	|	0.25	1.00	1.00	0.36	0.00	0	|	rapi	0.00	0.00	0	|	-63.0	0.36(-63)		|	2	
8129	8	ok	|	0.30	1.00	1.00	0.48	0.00	0	|	rapi	0.00	0.00	0	|	-63.0	0.48(-63)		|	2	
8129	9	ok	|	0.34	0.99	0.99	0.54	0.00	0	|	rapi	0.00	0.00	0	|	-63.0	0.54(-63)		|	2	
8129	10	ok	|	0.40	0.99	0.99	0.64	0.00	0	|	rapi	0.00	0.00	0	|	-63.0	0.64(-63)		|	2	
8129	11	ok	|	0.41	0.99	0.99	0.68	0.00	0	|	rapi	0.00	0.00	0	|	-63.0	0.68(-63)		|	2	
8129	12	ok	|	0.48	0.99	0.99	0.89	0.00	0	|	rapi	0.00	0.00	0	|	-63.0	0.89(-63)		|	2	
8129	13	ok	|	0.54	0.99	0.99	1.02	0.00	0	|	rapi	0.00	0.00	0	|	-63.0	1.02(-63)		|	2	
8129	14	ok	|	0.60	0.99	0.99	1.16	0.00	0	|	rapi	0.00	0.00	0	|	-63.0	1.16(-63)		|	2	
8129	15	ok	|	0.65	0.99	0.99	1.37	0.00	0	|	rapi	0.00	0.00	0	|	-63.0	1.37(-63)		|	2	
8129	16	ok	|	0.71	0.98	0.98	1.59	0.00	0	|	rapi	0.00	0.00	0	|	-63.0	1.59(-63)		|	2	
8129	17	ok	|	0.75	0.98	0.98	1.81	0.00	0	|	rapi	0.00	0.00	0	|	-63.0	1.81(-63)		|	2	
8129	18	ok	|	0.80	0.98	0.98	2.19	0.00	0	|	rapi	0.00	0.00	0	|	-63.0	2.19(-63)		|	2	
8129	19	ok	|	0.84	0.97	0.97	2.55	0.00	0	|	rapi	0.00	0.00	0	|	-63.0	2.55(-63)		|	2	
8129	20	ok	|	0.89	0.97	0.97	3.05	0.00	0	|	rapi	0.00	0.00	0	|	-63.0	3.05(-63)		|	2	
8129	21	ok	|	0.94	0.96	0.96	3.51	0.00	0	|	rapi	0.00	0.00	0	|	-63.0	3.51(-63)		|	2	
8129	22	ok	|	0.96	0.96	0.96	4.14	0.00	0	|	rapi	0.00	0.00	0	|	-63.0	4.14(-63)		|	2	
8129	23	ok	|	0.97	0.95	0.95	4.99	0.00	0	|	rapi	0.00	0.00	0	|	-63.0	4.99(-63)		|	2	
8129	24	ok	|	0.98	0.94	0.94	6.01	0.00	0	|	rapi	0.00	0.00	0	|	-63.0	6.01(-63)		|	2	
8129	25	ok	|	0.99	0.93	0.93	7.07	0.00	0	|	rapi	0.00	0.00	0	|	-63.0	7.07(-63)		|	2	
8129	26	ok	|	1.00	0.92	0.92	8.35	0.00	0	|	rapi	0.00	0.00	0	|	-63.0	8.35(-63)		|	2	
8129	27	ok	|	1.00	0.90	0.90	9.65	0.00	0	|	rapi	0.00	0.00	0	|	-63.0	9.65(-63)	0.00(-63)	|	2	
8129	28	ok	|	1.00	0.89	0.89	11.24	0.00	0	|	rapi	0.00	0.00	0	|	-63.0	11.24(-63)	0.00(-63)	|	2	
8129	29	ok	|	1.00	0.87	0.87	13.47	0.00	0	|	rapi	0.00	0.00	0	|	-63.0	13.47(-63)	0.00(-63)	|	2	
8129	30	ok	|	1.00	0.84	0.84	15.74	0.00	0	|	rapi	0.00	0.00	0	|	-63.0	15.74(-63)	0.00(-63)	|	2	
8129	31	ok	|	1.00	0.81	0.81	18.85	0.00	0	|	rapi	0.00	0.00	0	|	-63.0	18.85(-63)	0.00(-63)	|	2	
8129	32	ok	|	1.00	0.78	0.78	22.34	0.00	0	|	rapi	0.01	0.01	0	|	-63.0	22.34(-63)	0.01(-63)	|	2	
8129	33	ok	|	1.00	0.74	0.74	26.27	0.00	0	|	rapi	0.01	0.01	0	|	-63.0	26.27(-63)	0.01(-63)	|	2	
8129	34	ok	|	1.00	0.69	0.69	30.84	0.00	0	|	rapi	0.01	0.01	0	|	-63.0	30.84(-63)	0.01(-63)	|	2	
8129	35	ok	|	1.00	0.64	0.64	36.09	0.00	0	|	rapi	0.01	0.01	0	|	-63.0	36.09(-63)	0.01(-63)	|	2	
8129	36	ok	|	1.00	0.58	0.58	42.21	0.00	0	|	rapi	0.00	0.00	0	|	-63.0	42.21(-63)	0.00(-63)	|	2	
8129	37	ok	|	1.00	0.51	0.51	48.96	0.00	0	|	rapi	0.00	0.00	0	|	-63.0	48.96(-63)	0.00(-63)	|	2	
8129	38	ok	|	1.00	0.43	0.43	57.01	0.00	0	|	rapi	0.01	0.01	0	|	-63.0	57.01(-63)	0.01(-63)	|	2	
8129	39	ok	|	1.00	0.34	0.34	66.00	0.00	0	|	rapi	0.01	0.01	0	|	-63.0	66.00(-63)	0.01(-63)	|	2	
8129	40	ok	|	1.00	0.24	0.24	75.88	0.00	0	|	rapi	0.01	0.01	0	|	-63.0	75.88(-63)	0.01(-63)	|	2	
8129	41	ok	|	1.00	0.15	0.15	85.85	0.00	0	|	rapi	0.01	0.01	0	|	-63.0	85.85(-63)	0.01(-63)	|	2	
8129	42	fail-w	|	1.00	0.08	0.08	93.91	0.00	0	|	rapi	0.02	0.02	0	|	-63.0	93.91(-63)	0.02(-63)	|	2	
