8185	0	ok	|	0.10	1.00	1.00	0.10	0.00	0	|	rapi	0.00	0.00	0	|	-81.0	0.10(-81)		|	1	
8185	1	ok	|	0.10	1.00	1.00	0.12	0.00	0	|	rapi	0.00	0.00	0	|	-81.0	0.12(-81)		|	1	
8185	2	ok	|	0.10	1.00	1.00	0.12	0.00	0	|	rapi	0.00	0.00	0	|	-81.0	0.12(-81)		|	1	
8185	3	ok	|	0.11	1.00	1.00	0.15	0.00	0	|	rapi	0.00	0.00	0	|	-81.0	0.15(-81)		|	1	
8185	4	ok	|	0.13	1.00	1.00	0.16	0.00	0	|	rapi	0.00	0.00	0	|	-81.0	0.16(-81)		|	1	
8185	5	ok	|	0.14	1.00	1.00	0.18	0.00	0	|	rapi	0.00	0.00	0	|	-81.0	0.18(-81)		|	1	
8185	6	ok	|	0.20	1.00	1.00	0.28	0.00	0	|	rapi	0.00	0.00	0	|	-81.0	0.28(-81)		|	1	
8185	7	ok	|	0.23	1.00	1.00	0.35	0.00	0	|	rapi	0.00	0.00	0	|	-81.0	0.35(-81)		|	1	
8185	8	ok	|	0.28	1.00	1.00	0.47	0.00	0	|	rapi	0.00	0.00	0	|	-81.0	0.47(-81)		|	1	
8185	9	ok	|	0.34	0.99	0.99	0.57	0.00	0	|	rapi	0.00	0.00	0	|	-81.0	0.57(-81)		|	1	
8185	10	ok	|	0.38	0.99	0.99	0.66	0.00	0	|	rapi	0.00	0.00	0	|	-81.0	0.66(-81)		|	1	
8185	11	ok	|	0.46	0.99	0.99	0.81	0.00	0	|	rapi	0.00	0.00	0	|	-81.0	0.81(-81)		|	1	
8185	12	ok	|	0.53	0.99	0.99	0.99	0.00	0	|	rapi	0.00	0.00	0	|	-81.0	0.99(-81)		|	1	
8185	13	ok	|	0.61	0.99	0.99	1.20	0.00	0	|	rapi	0.00	0.00	0	|	-81.0	1.20(-81)		|	1	
8185	14	ok	|	0.65	0.99	0.99	1.44	0.00	0	|	rapi	0.00	0.00	0	|	-81.0	1.44(-81)		|	1	
8185	15	ok	|	0.75	0.98	0.98	1.76	0.00	0	|	rapi	0.00	0.00	0	|	-81.0	1.76(-81)		|	1	
8185	16	ok	|	0.80	0.98	0.98	2.08	0.00	0	|	rapi	0.00	0.00	0	|	-81.0	2.08(-81)		|	1	
8185	17	ok	|	0.85	0.98	0.98	2.49	0.00	0	|	rapi	0.00	0.00	0	|	-81.0	2.49(-81)		|	1	
8185	18	ok	|	0.90	0.97	0.97	2.94	0.00	0	|	rapi	0.00	0.00	0	|	-81.0	2.94(-81)		|	1	
8185	19	ok	|	0.94	0.97	0.97	3.46	0.00	0	|	rapi	0.00	0.00	0	|	-81.0	3.46(-81)		|	1	
8185	20	ok	|	0.95	0.96	0.96	4.04	0.00	0	|	rapi	0.00	0.00	0	|	-81.0	4.04(-81)		|	1	
8185	21	ok	|	0.96	0.95	0.95	4.71	0.00	0	|	rapi	0.00	0.00	0	|	-81.0	4.71(-81)		|	1	
8185	22	ok	|	0.98	0.94	0.94	5.53	0.00	0	|	rapi	0.00	0.00	0	|	-81.0	5.53(-81)		|	1	
8185	23	ok	|	1.00	0.94	0.94	6.49	0.00	0	|	rapi	0.00	0.00	0	|	-81.0	6.49(-81)		|	1	
8185	24	ok	|	1.00	0.92	0.92	7.58	0.00	0	|	rapi	0.00	0.00	0	|	-81.0	7.58(-81)		|	1	
8185	25	ok	|	1.00	0.91	0.91	9.00	0.00	0	|	rapi	0.00	0.00	0	|	-81.0	9.00(-81)		|	1	
8185	26	ok	|	1.00	0.90	0.90	10.43	0.00	0	|	rapi	0.00	0.00	0	|	-81.0	10.43(-81)		|	1	
8185	27	ok	|	1.00	0.88	0.88	12.50	0.00	0	|	rapi	0.00	0.00	0	|	-81.0	12.50(-81)		|	1	
8185	28	ok	|	1.00	0.85	0.85	15.14	0.00	0	|	rapi	0.00	0.00	0	|	-81.0	15.14(-81)		|	1	
8185	29	ok	|	1.00	0.82	0.82	17.89	0.00	0	|	rapi	0.00	0.00	0	|	-81.0	17.89(-81)		|	1	
8185	30	ok	|	1.00	0.79	0.79	21.19	0.00	0	|	rapi	0.00	0.00	0	|	-81.0	21.19(-81)		|	1	
8185	31	ok	|	1.00	0.75	0.75	24.81	0.00	0	|	rapi	0.00	0.00	0	|	-81.0	24.81(-81)		|	1	
8185	32	ok	|	1.00	0.71	0.71	29.03	0.00	0	|	rapi	0.00	0.00	0	|	-81.0	29.03(-81)		|	1	
8185	33	ok	|	1.00	0.66	0.66	34.01	0.00	0	|	rapi	0.00	0.00	0	|	-81.0	34.01(-81)		|	1	
8185	34	ok	|	1.00	0.60	0.60	40.23	0.00	0	|	rapi	0.00	0.00	0	|	-81.0	40.23(-81)		|	1	
8185	35	ok	|	1.00	0.53	0.53	46.86	0.00	0	|	rapi	0.00	0.00	0	|	-81.0	46.86(-81)		|	1	
8185	36	ok	|	1.00	0.45	0.45	55.28	0.00	0	|	rapi	0.00	0.00	0	|	-81.0	55.28(-81)		|	1	
8185	37	ok	|	1.00	0.36	0.36	64.16	0.00	0	|	rapi	0.00	0.00	0	|	-81.0	64.16(-81)		|	1	
8185	38	ok	|	1.00	0.26	0.26	73.55	0.00	0	|	rapi	0.00	0.00	0	|	-81.0	73.55(-81)		|	1	
8185	39	ok	|	1.00	0.17	0.17	83.76	0.00	0	|	rapi	0.00	0.00	0	|	-81.0	83.76(-81)	0.00(-81)	|	1	
8185	40	fail-w	|	1.00	0.09	0.09	93.06	0.00	0	|	rapi	0.00	0.00	0	|	-81.0	93.06(-81)	0.00(-81)	|	1	
