8211	0	ok	|	0.10	1.00	1.00	0.10	0.00	0	|	rapi	0.00	0.00	0	|	-86.0	0.10(-86)		|	2	
8211	1	ok	|	0.10	1.00	1.00	0.11	0.00	0	|	rapi	0.00	0.00	0	|	-86.0	0.11(-86)		|	2	
8211	2	ok	|	0.12	1.00	1.00	0.14	0.00	0	|	rapi	0.00	0.00	0	|	-86.0	0.14(-86)		|	2	
8211	3	ok	|	0.15	1.00	1.00	0.20	0.00	0	|	rapi	0.00	0.00	0	|	-86.0	0.20(-86)		|	2	
8211	4	ok	|	0.17	1.00	1.00	0.22	0.00	0	|	rapi	0.00	0.00	0	|	-86.0	0.22(-86)		|	2	
8211	5	ok	|	0.20	1.00	1.00	0.25	0.00	0	|	rapi	0.00	0.00	0	|	-86.0	0.25(-86)		|	2	
8211	6	ok	|	0.23	1.00	1.00	0.32	0.00	0	|	rapi	0.00	0.00	0	|	-86.0	0.32(-86)		|	2	
8211	7	ok	|	0.25	1.00	1.00	0.35	0.00	0	|	rapi	0.00	0.00	0	|	-86.0	0.35(-86)		|	2	
8211	8	ok	|	0.30	1.00	1.00	0.41	0.00	0	|	rapi	0.00	0.00	0	|	-86.0	0.41(-86)		|	2	
8211	9	ok	|	0.31	1.00	1.00	0.47	0.00	0	|	rapi	0.00	0.00	0	|	-86.0	0.47(-86)		|	2	
8211	10	ok	|	0.34	0.99	0.99	0.53	0.00	0	|	rapi	0.00	0.00	0	|	-86.0	0.53(-86)		|	2	
8211	11	ok	|	0.40	0.99	0.99	0.63	0.00	0	|	rapi	0.00	0.00	0	|	-86.0	0.63(-86)		|	2	
8211	12	ok	|	0.44	0.99	0.99	0.77	0.00	0	|	rapi	0.00	0.00	0	|	-86.0	0.77(-86)		|	2	
8211	13	ok	|	0.51	0.99	0.99	0.87	0.00	0	|	rapi	0.00	0.00	0	|	-86.0	0.87(-86)		|	2	
8211	14	ok	|	0.56	0.99	0.99	1.00	0.00	0	|	rapi	0.00	0.00	0	|	-86.0	1.00(-86)		|	2	
8211	15	ok	|	0.62	0.99	0.99	1.16	0.00	0	|	rapi	0.00	0.00	0	|	-86.0	1.16(-86)		|	2	
8211	16	ok	|	0.68	0.99	0.99	1.35	0.00	0	|	rapi	0.00	0.00	0	|	-86.0	1.35(-86)		|	2	
8211	17	ok	|	0.73	0.98	0.98	1.63	0.00	0	|	rapi	0.00	0.00	0	|	-86.0	1.63(-86)		|	2	
8211	18	ok	|	0.78	0.98	0.98	1.96	0.00	0	|	rapi	0.00	0.00	0	|	-86.0	1.96(-86)		|	2	
8211	19	ok	|	0.81	0.98	0.98	2.33	0.00	0	|	rapi	0.00	0.00	0	|	-86.0	2.33(-86)		|	2	
8211	20	ok	|	0.86	0.97	0.97	2.74	0.00	0	|	rapi	0.00	0.00	0	|	-86.0	2.74(-86)		|	2	
8211	21	ok	|	0.91	0.97	0.97	3.27	0.00	0	|	rapi	0.00	0.00	0	|	-86.0	3.27(-86)		|	2	
8211	22	ok	|	0.95	0.96	0.96	3.77	0.00	0	|	rapi	0.00	0.00	0	|	-86.0	3.77(-86)		|	2	
8211	23	ok	|	0.97	0.96	0.96	4.48	0.00	0	|	rapi	0.00	0.00	0	|	-86.0	4.48(-86)		|	2	
8211	24	ok	|	0.99	0.94	0.94	5.55	0.00	0	|	rapi	0.00	0.00	0	|	-86.0	5.55(-86)		|	2	
8211	25	ok	|	1.00	0.93	0.93	6.66	0.00	0	|	rapi	0.00	0.00	0	|	-86.0	6.66(-86)		|	2	
8211	26	ok	|	0.99	0.92	0.92	7.84	0.00	0	|	rapi	0.00	0.00	0	|	-86.0	7.84(-86)		|	2	
8211	27	ok	|	1.00	0.91	0.91	9.40	0.00	0	|	rapi	0.00	0.00	0	|	-86.0	9.40(-86)		|	2	
8211	28	ok	|	1.00	0.89	0.89	11.19	0.00	0	|	rapi	0.00	0.00	0	|	-86.0	11.19(-86)		|	2	
8211	29	ok	|	1.00	0.87	0.87	13.33	0.00	0	|	rapi	0.00	0.00	0	|	-86.0	13.33(-86)		|	2	
8211	30	ok	|	1.00	0.84	0.84	15.59	0.00	0	|	rapi	0.00	0.00	0	|	-86.0	15.59(-86)		|	2	
8211	31	ok	|	1.00	0.82	0.82	18.24	0.00	0	|	rapi	0.00	0.00	0	|	-86.0	18.24(-86)		|	2	
8211	32	ok	|	1.00	0.79	0.79	21.42	0.00	0	|	rapi	0.00	0.00	0	|	-86.0	21.42(-86)		|	2	
8211	33	ok	|	1.00	0.75	0.75	24.82	0.00	0	|	rapi	0.00	0.00	0	|	-86.0	24.82(-86)		|	2	
8211	34	ok	|	1.00	0.71	0.71	28.93	0.00	0	|	rapi	0.00	0.00	0	|	-86.0	28.93(-86)		|	2	
8211	35	ok	|	1.00	0.66	0.66	33.60	0.00	0	|	rapi	0.00	0.00	0	|	-86.0	33.60(-86)		|	2	
8211	36	ok	|	1.00	0.61	0.61	39.14	0.00	0	|	rapi	0.00	0.00	0	|	-86.0	39.14(-86)		|	2	
8211	37	ok	|	1.00	0.54	0.54	45.77	0.00	0	|	rapi	0.00	0.00	0	|	-86.0	45.77(-86)		|	2	
8211	38	ok	|	1.00	0.46	0.46	53.74	0.00	0	|	rapi	0.00	0.00	0	|	-86.0	53.74(-86)		|	2	
8211	39	ok	|	1.00	0.38	0.38	62.23	0.00	0	|	rapi	0.00	0.00	0	|	-86.0	62.23(-86)		|	2	
8211	40	ok	|	1.00	0.28	0.28	71.66	0.00	0	|	rapi	0.00	0.00	0	|	-86.0	71.66(-86)		|	2	
8211	41	ok	|	1.00	0.19	0.19	81.39	0.00	0	|	rapi	0.00	0.00	0	|	-86.0	81.39(-86)		|	2	
8211	42	ok	|	1.00	0.10	0.10	90.86	0.00	0	|	rapi	0.00	0.00	0	|	-86.0	90.86(-86)		|	2	
8211	43	fail-w	|	1.00	0.05	0.05	98.13	0.00	0	|	rapi	0.00	0.00	0	|	-86.0	98.13(-86)	0.00(-86)	|	2	
