8298	0	ok	|	0.10	1.00	1.00	0.10	0.00	0	|	rapi	0.00	0.00	0	|	-66.0	0.10(-66)		|	4	
8298	1	ok	|	0.10	1.00	1.00	0.11	0.00	0	|	rapi	0.00	0.00	0	|	-66.0	0.11(-66)		|	4	
8298	2	ok	|	0.11	1.00	1.00	0.12	0.00	0	|	rapi	0.00	0.00	0	|	-66.0	0.12(-66)		|	4	
8298	3	ok	|	0.13	1.00	1.00	0.15	0.00	0	|	rapi	0.00	0.00	0	|	-66.0	0.15(-66)		|	4	
8298	4	ok	|	0.16	1.00	1.00	0.19	0.00	0	|	rapi	0.00	0.00	0	|	-66.0	0.19(-66)		|	4	
8298	5	ok	|	0.14	1.00	1.00	0.20	0.00	0	|	rapi	0.00	0.00	0	|	-66.0	0.20(-66)		|	4	
8298	6	ok	|	0.17	1.00	1.00	0.24	0.00	0	|	rapi	0.00	0.00	0	|	-66.0	0.24(-66)		|	4	
8298	7	ok	|	0.20	1.00	1.00	0.28	0.00	0	|	rapi	0.00	0.00	0	|	-66.0	0.28(-66)		|	4	
8298	8	ok	|	0.23	1.00	1.00	0.35	0.00	0	|	rapi	0.00	0.00	0	|	-66.0	0.35(-66)		|	4	
8298	9	ok	|	0.26	1.00	1.00	0.38	0.00	0	|	rapi	0.00	0.00	0	|	-66.0	0.38(-66)		|	4	
8298	10	ok	|	0.29	1.00	1.00	0.48	0.00	0	|	rapi	0.00	0.00	0	|	-66.0	0.48(-66)		|	4	
8298	11	ok	|	0.35	0.99	0.99	0.59	0.00	0	|	rapi	0.00	0.00	0	|	-66.0	0.59(-66)		|	4	
8298	12	ok	|	0.42	0.99	0.99	0.73	0.00	0	|	rapi	0.00	0.00	0	|	-66.0	0.73(-66)		|	4	
8298	13	ok	|	0.47	0.99	0.99	0.84	0.00	0	|	rapi	0.00	0.00	0	|	-66.0	0.84(-66)		|	4	
8298	14	ok	|	0.56	0.99	0.99	1.03	0.00	0	|	rapi	0.00	0.00	0	|	-66.0	1.03(-66)		|	4	
8298	15	ok	|	0.61	0.99	0.99	1.20	0.00	0	|	rapi	0.00	0.00	0	|	-66.0	1.20(-66)		|	4	
8298	16	ok	|	0.68	0.99	0.99	1.45	0.00	0	|	rapi	0.00	0.00	0	|	-66.0	1.45(-66)		|	4	
8298	17	ok	|	0.74	0.98	0.98	1.69	0.00	0	|	rapi	0.00	0.00	0	|	-66.0	1.69(-66)	0.00(-66)	|	4	
8298	18	ok	|	0.81	0.98	0.98	1.98	0.00	0	|	rapi	0.00	0.00	0	|	-66.0	1.98(-66)	0.00(-66)	|	4	
8298	19	ok	|	0.86	0.98	0.98	2.37	0.00	0	|	rapi	0.00	0.00	0	|	-66.0	2.37(-66)		|	4	
8298	20	ok	|	0.88	0.97	0.97	2.76	0.00	0	|	rapi	0.00	0.00	0	|	-66.0	2.76(-66)		|	4	
8298	21	ok	|	0.91	0.97	0.97	3.22	0.00	0	|	rapi	0.00	0.00	0	|	-66.0	3.22(-66)	0.00(-66)	|	4	
8298	22	ok	|	0.94	0.96	0.96	3.79	0.00	0	|	rapi	0.00	0.00	0	|	-66.0	3.79(-66)	0.00(-66)	|	4	
8298	23	ok	|	0.97	0.96	0.96	4.50	0.00	0	|	rapi	0.00	0.00	0	|	-66.0	4.50(-66)	0.00(-66)	|	4	
8298	24	ok	|	0.98	0.95	0.95	5.41	0.00	0	|	rapi	0.00	0.00	0	|	-66.0	5.41(-66)	0.00(-66)	|	4	
8298	25	ok	|	0.99	0.94	0.94	6.40	0.00	0	|	rapi	0.00	0.00	0	|	-66.0	6.40(-66)	0.00(-66)	|	4	
8298	26	ok	|	0.99	0.93	0.93	7.47	0.00	0	|	rapi	0.00	0.00	0	|	-66.0	7.47(-66)		|	4	
8298	27	ok	|	1.00	0.91	0.91	8.80	0.00	0	|	rapi	0.00	0.00	0	|	-66.0	8.80(-66)		|	4	
8298	28	ok	|	1.00	0.90	0.90	10.23	0.00	0	|	rapi	0.00	0.00	0	|	-66.0	10.23(-66)		|	4	
8298	29	ok	|	1.00	0.88	0.88	11.98	0.00	0	|	rapi	0.00	0.00	0	|	-66.0	11.98(-66)		|	4	
8298	30	ok	|	1.00	0.86	0.86	14.23	0.00	0	|	rapi	0.00	0.00	0	|	-66.0	14.23(-66)		|	4	
8298	31	ok	|	1.00	0.83	0.83	16.84	0.00	0	|	rapi	0.00	0.00	0	|	-66.0	16.84(-66)		|	4	
8298	32	ok	|	1.00	0.80	0.80	20.01	0.00	0	|	rapi	0.00	0.00	0	|	-66.0	20.01(-66)		|	4	
8298	33	ok	|	1.00	0.77	0.77	23.34	0.00	0	|	rapi	0.00	0.00	0	|	-66.0	23.34(-66)	0.00(-66)	|	4	
8298	34	ok	|	1.00	0.72	0.72	27.67	0.00	0	|	rapi	0.00	0.00	0	|	-66.0	27.67(-66)	0.00(-66)	|	4	
8298	35	ok	|	1.00	0.68	0.68	32.12	0.00	0	|	rapi	0.00	0.00	0	|	-66.0	32.12(-66)		|	4	
8298	36	ok	|	1.00	0.62	0.62	37.58	0.00	0	|	rapi	0.00	0.00	0	|	-66.0	37.58(-66)		|	4	
8298	37	ok	|	1.00	0.56	0.56	44.25	0.00	0	|	rapi	0.00	0.00	0	|	-66.0	44.25(-66)		|	4	
8298	38	ok	|	1.00	0.48	0.48	51.67	0.00	0	|	rapi	0.00	0.00	0	|	-66.0	51.67(-66)		|	4	
8298	39	ok	|	1.00	0.40	0.40	59.55	0.00	0	|	rapi	0.00	0.00	0	|	-66.0	59.55(-66)		|	4	
8298	40	ok	|	1.00	0.31	0.31	68.83	0.00	0	|	rapi	0.00	0.00	0	|	-66.0	68.83(-66)		|	4	
8298	41	ok	|	1.00	0.21	0.21	78.77	0.00	0	|	rapi	0.00	0.00	0	|	-66.0	78.77(-66)	0.00(-66)	|	4	
8298	42	ok	|	1.00	0.13	0.13	88.36	0.00	0	|	rapi	0.00	0.00	0	|	-66.0	88.36(-66)		|	4	
8298	43	fail-w	|	1.00	0.07	0.07	95.11	0.00	0	|	rapi	0.00	0.00	0	|	-66.0	95.11(-66)	0.00(-66)	|	4	
