8370	0	ok	|	0.10	1.00	1.00	0.10	0.00	0	|	rapi	0.00	0.00	0	|	-4.0	0.10(-4)		|	2	
8370	1	ok	|	0.10	1.00	1.00	0.12	0.00	0	|	rapi	0.00	0.00	0	|	-4.0	0.12(-4)		|	2	
8370	2	ok	|	0.12	1.00	1.00	0.13	0.00	0	|	rapi	0.00	0.00	0	|	-4.0	0.13(-4)		|	2	
8370	3	ok	|	0.14	1.00	1.00	0.18	0.00	0	|	rapi	0.00	0.00	0	|	-4.0	0.18(-4)		|	2	
8370	4	ok	|	0.16	1.00	1.00	0.20	0.00	0	|	rapi	0.00	0.00	0	|	-4.0	0.20(-4)		|	2	
8370	5	ok	|	0.18	1.00	1.00	0.23	0.00	0	|	rapi	0.00	0.00	0	|	-4.0	0.23(-4)	0.00(-4)	|	2	
8370	6	ok	|	0.21	1.00	1.00	0.29	0.00	0	|	rapi	0.00	0.00	0	|	-4.0	0.29(-4)	0.00(-4)	|	2	
8370	7	ok	|	0.27	1.00	1.00	0.39	0.00	0	|	rapi	0.00	0.00	0	|	-4.0	0.39(-4)		|	2	
8370	8	ok	|	0.28	1.00	1.00	0.43	0.00	0	|	rapi	0.00	0.00	0	|	-4.0	0.43(-4)		|	2	
8370	9	ok	|	0.29	1.00	1.00	0.45	0.00	0	|	rapi	0.00	0.00	0	|	-4.0	0.45(-4)		|	2	
8370	10	ok	|	0.33	0.99	0.99	0.50	0.00	0	|	rapi	0.00	0.00	0	|	-4.0	0.50(-4)		|	2	
8370	11	ok	|	0.35	0.99	0.99	0.57	0.00	0	|	rapi	0.00	0.00	0	|	-4.0	0.57(-4)		|	2	
8370	12	ok	|	0.39	0.99	0.99	0.68	0.00	0	|	rapi	0.00	0.00	0	|	-4.0	0.68(-4)		|	2	
8370	13	ok	|	0.44	0.99	0.99	0.83	0.00	0	|	rapi	0.00	0.00	0	|	-4.0	0.83(-4)		|	2	
8370	14	ok	|	0.50	0.99	0.99	0.95	0.00	0	|	rapi	0.00	0.00	0	|	-4.0	0.95(-4)		|	2	
8370	15	ok	|	0.60	0.99	0.99	1.20	0.00	0	|	rapi	0.00	0.00	0	|	-4.0	1.20(-4)		|	2	
8370	16	ok	|	0.67	0.99	0.99	1.43	0.00	0	|	rapi	0.00	0.00	0	|	-4.0	1.43(-4)		|	2	
8370	17	ok	|	0.76	0.98	0.98	1.77	0.00	0	|	rapi	0.00	0.00	0	|	-4.0	1.77(-4)	0.00(-4)	|	2	
8370	18	ok	|	0.79	0.98	0.98	2.05	0.00	0	|	rapi	0.00	0.00	0	|	-4.0	2.05(-4)	0.00(-4)	|	2	
8370	19	ok	|	0.85	0.98	0.98	2.44	0.00	0	|	rapi	0.00	0.00	0	|	-4.0	2.44(-4)	0.00(-4)	|	2	
8370	20	ok	|	0.89	0.97	0.97	2.77	0.00	0	|	rapi	0.00	0.00	0	|	-4.0	2.77(-4)	0.00(-4)	|	2	
8370	21	ok	|	0.93	0.97	0.97	3.15	0.00	0	|	rapi	0.00	0.00	0	|	-4.0	3.15(-4)		|	2	
8370	22	ok	|	0.95	0.96	0.96	3.64	0.00	0	|	rapi	0.00	0.00	0	|	-4.0	3.64(-4)	0.00(-4)	|	2	
8370	23	ok	|	0.96	0.96	0.96	4.29	0.00	0	|	rapi	0.00	0.00	0	|	-4.0	4.29(-4)	0.00(-4)	|	2	
8370	24	ok	|	0.98	0.95	0.95	5.13	0.00	0	|	rapi	0.00	0.00	0	|	-4.0	5.13(-4)	0.00(-4)	|	2	
8370	25	ok	|	0.99	0.94	0.94	5.86	0.00	0	|	rapi	0.00	0.00	0	|	-4.0	5.86(-4)	0.00(-4)	|	2	
8370	26	ok	|	0.99	0.93	0.93	6.85	0.00	0	|	rapi	0.00	0.00	0	|	-4.0	6.85(-4)	0.00(-4)	|	2	
8370	27	ok	|	1.00	0.92	0.92	8.32	0.00	0	|	rapi	0.00	0.00	0	|	-4.0	8.32(-4)		|	2	
8370	28	ok	|	1.00	0.90	0.90	9.80	0.00	0	|	rapi	0.00	0.00	0	|	-4.0	9.80(-4)		|	2	
8370	29	ok	|	1.00	0.88	0.88	11.51	0.00	0	|	rapi	0.00	0.00	0	|	-4.0	11.51(-4)		|	2	
8370	30	ok	|	1.00	0.86	0.86	13.57	0.00	0	|	rapi	0.00	0.00	0	|	-4.0	13.57(-4)		|	2	
8370	31	ok	|	1.00	0.84	0.84	16.12	0.00	0	|	rapi	0.00	0.00	0	|	-4.0	16.12(-4)	0.00(-4)	|	2	
8370	32	ok	|	1.00	0.81	0.81	19.03	0.00	0	|	rapi	0.00	0.00	0	|	-4.0	19.03(-4)	0.00(-4)	|	2	
8370	33	ok	|	1.00	0.78	0.78	22.13	0.00	0	|	rapi	0.00	0.00	0	|	-4.0	22.13(-4)	0.00(-4)	|	2	
8370	34	ok	|	1.00	0.74	0.74	26.30	0.00	0	|	rapi	0.00	0.00	0	|	-4.0	26.30(-4)	0.00(-4)	|	2	
8370	35	ok	|	1.00	0.69	0.69	30.69	0.00	0	|	rapi	0.00	0.00	0	|	-4.0	30.69(-4)	0.00(-4)	|	2	
8370	36	ok	|	1.00	0.64	0.64	35.99	0.00	0	|	rapi	0.01	0.01	0	|	-4.0	35.99(-4)	0.01(-4)	|	2	
8370	37	ok	|	1.00	0.58	0.58	42.07	0.00	0	|	rapi	0.01	0.01	0	|	-4.0	42.07(-4)	0.01(-4)	|	2	
8370	38	ok	|	1.00	0.51	0.51	49.12	0.00	0	|	rapi	0.01	0.01	0	|	-4.0	49.12(-4)	0.01(-4)	|	2	
8370	39	ok	|	1.00	0.43	0.43	57.11	0.00	0	|	rapi	0.01	0.01	0	|	-4.0	57.11(-4)	0.01(-4)	|	2	
8370	40	ok	|	1.00	0.34	0.34	65.70	0.00	0	|	rapi	0.02	0.02	0	|	-4.0	65.70(-4)	0.02(-4)	|	2	
8370	41	ok	|	1.00	0.24	0.24	75.61	0.00	0	|	rapi	0.02	0.02	0	|	-4.0	75.61(-4)	0.02(-4)	|	2	
8370	42	ok	|	1.00	0.16	0.16	84.62	0.00	0	|	rapi	0.03	0.03	0	|	-4.0	84.62(-4)	0.03(-4)	|	2	
8370	43	fail-w	|	1.00	0.09	0.09	92.30	0.00	0	|	rapi	0.05	0.05	0	|	-4.0	92.30(-4)	0.05(-4)	|	2	
