8422	0	ok	|	0.09	1.00	1.00	0.10	0.00	0	|	rapi	0.00	0.00	0	|	-76.0	0.10(-76)		|	19	
8422	1	ok	|	0.09	1.00	1.00	0.10	0.00	0	|	rapi	0.00	0.00	0	|	-76.0	0.10(-76)		|	19	
8422	2	ok	|	0.10	1.00	1.00	0.13	0.00	0	|	rapi	0.00	0.00	0	|	-76.0	0.13(-76)		|	19	
8422	3	ok	|	0.12	1.00	1.00	0.16	0.00	0	|	rapi	0.00	0.00	0	|	-76.0	0.16(-76)		|	19	
8422	4	ok	|	0.14	1.00	1.00	0.19	0.00	0	|	rapi	0.00	0.00	0	|	-76.0	0.19(-76)		|	19	
8422	5	ok	|	0.17	1.00	1.00	0.23	0.00	0	|	rapi	0.00	0.00	0	|	-76.0	0.23(-76)		|	19	
8422	6	ok	|	0.19	1.00	1.00	0.27	0.00	0	|	rapi	0.00	0.00	0	|	-76.0	0.27(-76)		|	19	
8422	7	ok	|	0.21	1.00	1.00	0.31	0.00	0	|	rapi	0.00	0.00	0	|	-76.0	0.31(-76)		|	19	
8422	8	ok	|	0.24	1.00	1.00	0.36	0.00	0	|	rapi	0.00	0.00	0	|	-76.0	0.36(-76)		|	19	
8422	9	ok	|	0.28	1.00	1.00	0.45	0.00	0	|	rapi	0.00	0.00	0	|	-76.0	0.45(-76)		|	19	
8422	10	ok	|	0.33	1.00	1.00	0.50	0.00	0	|	rapi	0.00	0.00	0	|	-76.0	0.50(-76)		|	19	
8422	11	ok	|	0.38	0.99	0.99	0.62	0.00	0	|	rapi	0.00	0.00	0	|	-76.0	0.62(-76)	0.00(-76)	|	19	
8422	12	ok	|	0.40	0.99	0.99	0.68	0.00	0	|	rapi	0.00	0.00	0	|	-76.0	0.68(-76)		|	19	
8422	13	ok	|	0.44	0.99	0.99	0.79	0.00	0	|	rapi	0.00	0.00	0	|	-76.0	0.79(-76)		|	19	
8422	14	ok	|	0.49	0.99	0.99	0.95	0.00	0	|	rapi	0.00	0.00	0	|	-76.0	0.95(-76)		|	19	
8422	15	ok	|	0.58	0.99	0.99	1.17	0.00	0	|	rapi	0.00	0.00	0	|	-76.0	1.17(-76)		|	19	
8422	16	ok	|	0.64	0.99	0.99	1.38	0.00	0	|	rapi	0.00	0.00	0	|	-76.0	1.38(-76)		|	19	
8422	17	ok	|	0.71	0.98	0.98	1.67	0.00	0	|	rapi	0.00	0.00	0	|	-76.0	1.67(-76)	0.00(-76)	|	19	
8422	18	ok	|	0.79	0.98	0.98	1.96	0.00	0	|	rapi	0.00	0.00	0	|	-76.0	1.96(-76)		|	19	
8422	19	ok	|	0.85	0.98	0.98	2.32	0.00	0	|	rapi	0.00	0.00	0	|	-76.0	2.32(-76)		|	19	
8422	20	ok	|	0.89	0.97	0.97	2.81	0.00	0	|	rapi	0.00	0.00	0	|	-76.0	2.81(-76)		|	19	
8422	21	ok	|	0.91	0.97	0.97	3.32	0.00	0	|	rapi	0.00	0.00	0	|	-76.0	3.32(-76)		|	19	
8422	22	ok	|	0.94	0.96	0.96	3.80	0.00	0	|	rapi	0.00	0.00	0	|	-76.0	3.80(-76)		|	19	
8422	23	ok	|	0.96	0.95	0.95	4.50	0.00	0	|	rapi	0.00	0.00	0	|	-76.0	4.50(-76)		|	19	
8422	24	ok	|	0.98	0.95	0.95	5.50	0.00	0	|	rapi	0.00	0.00	0	|	-76.0	5.50(-76)		|	19	
8422	25	ok	|	0.99	0.94	0.94	6.48	0.00	0	|	rapi	0.00	0.00	0	|	-76.0	6.48(-76)		|	19	
8422	26	ok	|	1.00	0.92	0.92	7.55	0.00	0	|	rapi	0.00	0.00	0	|	-76.0	7.55(-76)		|	19	
8422	27	ok	|	1.00	0.91	0.91	8.82	0.00	0	|	rapi	0.00	0.00	0	|	-76.0	8.82(-76)		|	19	
8422	28	ok	|	1.00	0.90	0.90	10.27	0.00	0	|	rapi	0.00	0.00	0	|	-76.0	10.27(-76)	0.00(-76)	|	19	
8422	29	ok	|	1.00	0.88	0.88	11.96	0.00	0	|	rapi	0.00	0.00	0	|	-76.0	11.96(-76)	0.00(-76)	|	19	
8422	30	ok	|	1.00	0.86	0.86	13.86	0.00	0	|	rapi	0.00	0.00	0	|	-76.0	13.86(-76)	0.00(-76)	|	19	
8422	31	ok	|	1.00	0.84	0.84	16.27	0.00	0	|	rapi	0.00	0.00	0	|	-76.0	16.27(-76)	0.00(-76)	|	19	
8422	32	ok	|	1.00	0.81	0.81	18.83	0.00	0	|	rapi	0.01	0.01	0	|	-76.0	18.83(-76)	0.01(-76)	|	19	
8422	33	ok	|	1.00	0.78	0.78	22.06	0.00	0	|	rapi	0.01	0.01	0	|	-76.0	22.06(-76)	0.01(-76)	|	19	
8422	34	ok	|	1.00	0.74	0.74	26.13	0.00	0	|	rapi	0.00	0.00	0	|	-76.0	26.13(-76)	0.00(-76)	|	19	
8422	35	ok	|	1.00	0.69	0.69	30.60	0.00	0	|	rapi	0.01	0.01	0	|	-76.0	30.60(-76)	0.01(-76)	|	19	
8422	36	ok	|	1.00	0.64	0.64	35.84	0.00	0	|	rapi	0.01	0.01	0	|	-76.0	35.84(-76)	0.01(-76)	|	19	
8422	37	ok	|	1.00	0.58	0.58	42.28	0.00	0	|	rapi	0.01	0.01	0	|	-76.0	42.28(-76)	0.01(-76)	|	19	
8422	38	ok	|	1.00	0.51	0.51	49.05	0.00	0	|	rapi	0.02	0.02	0	|	-76.0	49.05(-76)	0.02(-76)	|	19	
8422	39	ok	|	1.00	0.43	0.43	56.68	0.00	0	|	rapi	0.02	0.02	0	|	-76.0	56.68(-76)	0.02(-76)	|	19	
8422	40	ok	|	1.00	0.34	0.34	65.80	0.00	0	|	rapi	0.03	0.03	0	|	-76.0	65.80(-76)	0.03(-76)	|	19	
8422	41	ok	|	1.00	0.25	0.25	75.42	0.00	0	|	rapi	0.04	0.04	0	|	-76.0	75.42(-76)	0.04(-76)	|	19	
8422	42	ok	|	1.00	0.16	0.16	84.63	0.00	0	|	rapi	0.06	0.06	0	|	-76.0	84.63(-76)	0.06(-76)	|	19	
8422	43	ok	|	1.00	0.10	0.10	91.34	0.00	0	|	rapi	0.11	0.11	0	|	-76.0	91.34(-76)	0.11(-76)	|	19	
8422	44	fail-w	|	1.00	0.09	0.09	94.39	0.00	0	|	rapi	0.22	0.23	0	|	-76.0	94.39(-76)	0.23(-76)	|	19	
