8425	0	ok	|	0.09	1.00	1.00	0.10	0.00	0	|	rapi	0.00	0.00	0	|	31.0	0.10(31)		|	2	
8425	1	ok	|	0.10	1.00	1.00	0.13	0.00	0	|	rapi	0.00	0.00	0	|	31.0	0.13(31)		|	2	
8425	2	ok	|	0.12	1.00	1.00	0.17	0.00	0	|	rapi	0.00	0.00	0	|	31.0	0.17(31)		|	2	
8425	3	ok	|	0.14	1.00	1.00	0.20	0.00	0	|	rapi	0.00	0.00	0	|	31.0	0.20(31)		|	2	
8425	4	ok	|	0.17	1.00	1.00	0.23	0.00	0	|	rapi	0.00	0.00	0	|	31.0	0.23(31)		|	2	
8425	5	ok	|	0.20	1.00	1.00	0.28	0.00	0	|	rapi	0.00	0.00	0	|	31.0	0.28(31)		|	2	
8425	6	ok	|	0.19	1.00	1.00	0.31	0.00	0	|	rapi	0.00	0.00	0	|	31.0	0.31(31)		|	2	
8425	7	ok	|	0.23	1.00	1.00	0.34	0.00	0	|	rapi	0.00	0.00	0	|	31.0	0.34(31)		|	2	
8425	8	ok	|	0.25	1.00	1.00	0.38	0.00	0	|	rapi	0.00	0.00	0	|	31.0	0.38(31)		|	2	
8425	9	ok	|	0.28	1.00	1.00	0.41	0.00	0	|	rapi	0.00	0.00	0	|	31.0	0.41(31)		|	2	
8425	10	ok	|	0.31	0.99	0.99	0.51	0.00	0	|	rapi	0.00	0.00	0	|	31.0	0.51(31)		|	2	
8425	11	ok	|	0.35	0.99	0.99	0.57	0.00	0	|	rapi	0.00	0.00	0	|	31.0	0.57(31)		|	2	
8425	12	ok	|	0.40	0.99	0.99	0.68	0.00	0	|	rapi	0.00	0.00	0	|	31.0	0.68(31)		|	2	
8425	13	ok	|	0.44	0.99	0.99	0.78	0.00	0	|	rapi	0.00	0.00	0	|	31.0	0.78(31)		|	2	
8425	14	ok	|	0.49	0.99	0.99	0.85	0.00	0	|	rapi	0.00	0.00	0	|	31.0	0.85(31)		|	2	
8425	15	ok	|	0.55	0.99	0.99	1.03	0.00	0	|	rapi	0.00	0.00	0	|	31.0	1.03(31)		|	2	
8425	16	ok	|	0.62	0.99	0.99	1.20	0.00	0	|	rapi	0.00	0.00	0	|	31.0	1.20(31)		|	2	
8425	17	ok	|	0.66	0.99	0.99	1.43	0.00	0	|	rapi	0.00	0.00	0	|	31.0	1.43(31)		|	2	
8425	18	ok	|	0.74	0.98	0.98	1.70	0.00	0	|	rapi	0.00	0.00	0	|	31.0	1.70(31)		|	2	
8425	19	ok	|	0.79	0.98	0.98	1.99	0.00	0	|	rapi	0.00	0.00	0	|	31.0	1.99(31)	0.00(31)	|	2	
8425	20	ok	|	0.84	0.98	0.98	2.42	0.00	0	|	rapi	0.00	0.00	0	|	31.0	2.42(31)	0.00(31)	|	2	
8425	21	ok	|	0.89	0.97	0.97	2.85	0.00	0	|	rapi	0.00	0.00	0	|	31.0	2.85(31)	0.00(31)	|	2	
8425	22	ok	|	0.93	0.97	0.97	3.36	0.00	0	|	rapi	0.00	0.00	0	|	31.0	3.36(31)	0.00(31)	|	2	
8425	23	ok	|	0.95	0.96	0.96	3.87	0.00	0	|	rapi	0.00	0.00	0	|	31.0	3.87(31)	0.00(31)	|	2	
8425	24	ok	|	0.97	0.96	0.96	4.46	0.00	0	|	rapi	0.01	0.01	0	|	31.0	4.46(31)	0.01(31)	|	2	
8425	25	ok	|	0.98	0.95	0.95	5.22	0.00	0	|	rapi	0.01	0.01	0	|	31.0	5.22(31)	0.01(31)	|	2	
8425	26	ok	|	0.99	0.94	0.94	6.20	0.00	0	|	rapi	0.00	0.00	0	|	31.0	6.20(31)	0.00(31)	|	2	
8425	27	ok	|	1.00	0.93	0.93	7.37	0.00	0	|	rapi	0.00	0.00	0	|	31.0	7.37(31)	0.00(31)	|	2	
8425	28	ok	|	1.00	0.91	0.91	8.70	0.00	0	|	rapi	0.00	0.00	0	|	31.0	8.70(31)	0.00(31)	|	2	
8425	29	ok	|	1.00	0.90	0.90	10.27	0.00	0	|	rapi	0.00	0.00	0	|	31.0	10.27(31)	0.00(31)	|	2	
8425	30	ok	|	1.00	0.88	0.88	11.84	0.00	0	|	rapi	0.00	0.00	0	|	31.0	11.84(31)	0.00(31)	|	2	
8425	31	ok	|	1.00	0.86	0.86	13.90	0.00	0	|	rapi	0.01	0.01	0	|	31.0	13.90(31)	0.01(31)	|	2	
8425	32	ok	|	1.00	0.84	0.84	16.25	0.00	0	|	rapi	0.00	0.00	0	|	31.0	16.25(31)	0.00(31)	|	2	
8425	33	ok	|	1.00	0.81	0.81	19.13	0.00	0	|	rapi	0.00	0.00	0	|	31.0	19.13(31)	0.00(31)	|	2	
8425	34	ok	|	1.00	0.78	0.78	22.19	0.00	0	|	rapi	0.00	0.00	0	|	31.0	22.19(31)	0.00(31)	|	2	
8425	35	ok	|	1.00	0.74	0.74	26.31	0.00	0	|	rapi	0.00	0.00	0	|	31.0	26.31(31)	0.00(31)	|	2	
8425	36	ok	|	1.00	0.69	0.69	30.63	0.00	0	|	rapi	0.01	0.01	0	|	31.0	30.63(31)	0.01(31)	|	2	
8425	37	ok	|	1.00	0.64	0.64	36.01	0.00	0	|	rapi	0.00	0.00	0	|	31.0	36.01(31)	0.00(31)	|	2	
8425	38	ok	|	1.00	0.58	0.58	42.26	0.00	0	|	rapi	0.00	0.00	0	|	31.0	42.26(31)	0.00(31)	|	2	
8425	39	ok	|	1.00	0.50	0.50	49.72	0.00	0	|	rapi	0.01	0.01	0	|	31.0	49.72(31)	0.01(31)	|	2	
8425	40	ok	|	1.00	0.42	0.42	58.05	0.00	0	|	rapi	0.02	0.02	0	|	31.0	58.05(31)	0.02(31)	|	2	
8425	41	ok	|	1.00	0.33	0.33	66.53	0.00	0	|	rapi	0.02	0.02	0	|	31.0	66.53(31)	0.02(31)	|	2	
8425	42	ok	|	1.00	0.24	0.24	76.50	0.00	0	|	rapi	0.03	0.03	0	|	31.0	76.50(31)	0.03(31)	|	2	
8425	43	ok	|	1.00	0.15	0.15	86.08	0.00	0	|	rapi	0.04	0.04	0	|	31.0	86.08(31)	0.04(31)	|	2	
8425	44	fail-w	|	1.00	0.08	0.08	93.89	0.00	0	|	rapi	0.08	0.08	0	|	31.0	93.89(31)	0.08(31)	|	2	
