854	0	ok	|	0.10	1.00	1.00	0.10	0.00	0	|	rapi	0.09	0.10	0	|	97.0	0.10(97)	0.10(97)	|	2372	
854	1	ok	|	0.09	1.00	1.00	0.10	0.00	0	|	rapi	0.09	0.09	0	|	97.0	0.10(97)	0.09(97)	|	2372	
854	2	ok	|	0.09	1.00	1.00	0.10	0.00	0	|	rapi	0.08	0.09	0	|	97.0	0.10(97)	0.09(97)	|	2372	
854	3	ok	|	0.09	1.00	1.00	0.09	0.00	0	|	rapi	0.08	0.09	0	|	97.0	0.09(97)	0.09(97)	|	2372	
854	4	ok	|	0.10	1.00	1.00	0.10	0.00	0	|	rapi	0.10	0.10	0	|	97.0	0.10(97)	0.10(97)	|	2372	
854	5	ok	|	0.10	1.00	1.00	0.10	0.00	0	|	rapi	0.10	0.10	0	|	97.0	0.10(97)	0.10(97)	|	2372	
854	6	ok	|	0.10	1.00	1.00	0.10	0.00	0	|	rapi	0.10	0.10	0	|	97.0	0.10(97)	0.10(97)	|	2372	
854	7	ok	|	0.09	1.00	1.00	0.10	0.00	0	|	rapi	0.09	0.09	0	|	97.0	0.10(97)	0.09(97)	|	2372	
854	8	ok	|	0.09	1.00	1.00	0.09	0.00	0	|	rapi	0.09	0.09	0	|	97.0	0.09(97)	0.09(97)	|	2372	
854	9	ok	|	0.08	1.00	1.00	0.08	0.00	0	|	rapi	0.08	0.08	0	|	97.0	0.08(97)	0.08(97)	|	2372	
854	10	ok	|	0.08	1.00	1.00	0.08	0.00	0	|	rapi	0.08	0.08	0	|	97.0	0.08(97)	0.08(97)	|	2372	
854	11	ok	|	0.08	1.00	1.00	0.08	0.00	0	|	rapi	0.08	0.08	0	|	97.0	0.08(97)	0.08(97)	|	2372	
854	12	ok	|	0.07	1.00	1.00	0.07	0.00	0	|	rapi	0.07	0.07	0	|	97.0	0.07(97)	0.07(97)	|	2372	
854	13	ok	|	0.06	1.00	1.00	0.06	0.00	0	|	rapi	0.06	0.06	0	|	97.0	0.06(97)	0.06(97)	|	2372	
854	14	ok	|	0.07	1.00	1.00	0.07	0.00	0	|	rapi	0.07	0.07	0	|	97.0	0.07(97)	0.07(97)	|	2372	
854	15	ok	|	0.09	1.00	1.00	0.09	0.00	0	|	rapi	0.09	0.09	0	|	97.0	0.09(97)	0.09(97)	|	2372	
854	16	ok	|	0.09	1.00	1.00	0.09	0.00	0	|	rapi	0.09	0.09	0	|	97.0	0.09(97)	0.09(97)	|	2372	
854	17	ok	|	0.11	1.00	1.00	0.11	0.01	0	|	rapi	0.11	0.11	0	|	97.0	0.11(97)	0.11(97)	|	2372	
854	18	ok	|	0.11	1.00	1.00	0.12	0.01	0	|	rapi	0.11	0.12	0	|	97.0	0.12(97)	0.12(97)	|	2372	
854	19	ok	|	0.10	1.00	1.00	0.10	0.01	0	|	rapi	0.10	0.10	0	|	97.0	0.10(97)	0.10(97)	|	2372	
854	20	ok	|	0.10	1.00	1.00	0.10	0.01	0	|	rapi	0.10	0.10	0	|	97.0	0.10(97)	0.10(97)	|	2372	
854	21	ok	|	0.10	1.00	1.00	0.10	0.01	0	|	rapi	0.10	0.10	0	|	97.0	0.10(97)	0.10(97)	|	2372	
854	22	ok	|	0.11	1.00	1.00	0.11	0.01	0	|	rapi	0.11	0.11	0	|	97.0	0.11(97)	0.11(97)	|	2372	
854	23	ok	|	0.11	1.00	1.00	0.11	0.01	0	|	rapi	0.11	0.11	0	|	97.0	0.11(97)	0.11(97)	|	2372	
854	24	ok	|	0.12	1.00	1.00	0.12	0.01	0	|	rapi	0.12	0.12	0	|	97.0	0.12(97)	0.12(97)	|	2372	
854	25	ok	|	0.10	1.00	1.00	0.11	0.01	0	|	rapi	0.10	0.11	0	|	97.0	0.11(97)	0.11(97)	|	2372	
854	26	ok	|	0.11	1.00	1.00	0.12	0.01	0	|	rapi	0.11	0.12	0	|	97.0	0.12(97)	0.12(97)	|	2372	
854	27	ok	|	0.10	1.00	1.00	0.11	0.01	0	|	rapi	0.10	0.11	0	|	97.0	0.11(97)	0.11(97)	|	2372	
854	28	ok	|	0.09	1.00	1.00	0.10	0.01	0	|	rapi	0.09	0.10	0	|	97.0	0.10(97)	0.10(97)	|	2372	
854	29	ok	|	0.10	1.00	1.00	0.11	0.01	0	|	rapi	0.10	0.11	0	|	97.0	0.11(97)	0.11(97)	|	2372	
854	30	ok	|	0.12	1.00	1.00	0.13	0.01	0	|	rapi	0.12	0.13	0	|	97.0	0.13(97)	0.13(97)	|	2372	
854	31	ok	|	0.10	1.00	1.00	0.11	0.01	0	|	rapi	0.10	0.11	0	|	97.0	0.11(97)	0.11(97)	|	2372	
854	32	ok	|	0.11	1.00	1.00	0.12	0.01	0	|	rapi	0.11	0.12	0	|	97.0	0.12(97)	0.12(97)	|	2372	
854	33	ok	|	0.10	1.00	1.00	0.11	0.01	0	|	rapi	0.10	0.11	0	|	97.0	0.11(97)	0.11(97)	|	2372	
854	34	ok	|	0.10	1.00	1.00	0.11	0.01	0	|	rapi	0.10	0.11	0	|	97.0	0.11(97)	0.11(97)	|	2372	
854	35	ok	|	0.11	1.00	1.00	0.11	0.01	0	|	rapi	0.11	0.11	0	|	97.0	0.11(97)	0.11(97)	|	2372	
854	36	ok	|	0.11	1.00	1.00	0.11	0.01	0	|	rapi	0.11	0.11	0	|	97.0	0.11(97)	0.11(97)	|	2372	
854	37	ok	|	0.10	1.00	1.00	0.10	0.01	0	|	rapi	0.10	0.10	0	|	97.0	0.10(97)	0.10(97)	|	2372	
854	38	ok	|	0.11	1.00	1.00	0.12	0.01	0	|	rapi	0.11	0.12	0	|	97.0	0.12(97)	0.12(97)	|	2372	
854	39	ok	|	0.12	1.00	1.00	0.12	0.02	0	|	rapi	0.12	0.12	0	|	97.0	0.12(97)	0.12(97)	|	2372	
854	40	ok	|	0.12	1.00	1.00	0.12	0.01	0	|	rapi	0.12	0.12	0	|	97.0	0.12(97)	0.12(97)	|	2372	
854	41	ok	|	0.12	1.00	1.00	0.13	0.02	0	|	rapi	0.12	0.13	0	|	97.0	0.13(97)	0.13(97)	|	2372	
854	42	ok	|	0.15	1.00	1.00	0.15	0.02	0	|	rapi	0.15	0.15	0	|	97.0	0.15(97)	0.15(97)	|	2372	
854	43	ok	|	0.15	1.00	1.00	0.16	0.02	0	|	rapi	0.15	0.16	0	|	97.0	0.16(97)	0.16(97)	|	2372	
854	44	ok	|	0.16	1.00	1.00	0.17	0.02	0	|	rapi	0.16	0.17	0	|	97.0	0.17(97)	0.17(97)	|	2372	
854	45	ok	|	0.14	1.00	1.00	0.15	0.02	0	|	rapi	0.14	0.15	0	|	97.0	0.15(97)	0.15(97)	|	2372	
854	46	ok	|	0.13	1.00	1.00	0.14	0.02	0	|	rapi	0.13	0.14	0	|	97.0	0.14(97)	0.14(97)	|	2372	
854	47	ok	|	0.14	1.00	1.00	0.14	0.02	0	|	rapi	0.14	0.14	0	|	97.0	0.14(97)	0.14(97)	|	2372	
854	48	ok	|	0.16	1.00	1.00	0.16	0.02	0	|	rapi	0.16	0.16	0	|	97.0	0.16(97)	0.16(97)	|	2372	
854	49	ok	|	0.15	1.00	1.00	0.16	0.03	0	|	rapi	0.15	0.16	0	|	97.0	0.16(97)	0.16(97)	|	2372	
854	50	ok	|	0.16	1.00	1.00	0.17	0.03	0	|	rapi	0.16	0.17	0	|	97.0	0.17(97)	0.17(97)	|	2372	
854	51	ok	|	0.14	1.00	1.00	0.16	0.03	0	|	rapi	0.14	0.16	0	|	97.0	0.16(97)	0.16(97)	|	2372	
854	52	ok	|	0.13	1.00	1.00	0.13	0.02	0	|	rapi	0.13	0.13	0	|	97.0	0.13(97)	0.13(97)	|	2372	
854	53	ok	|	0.13	1.00	1.00	0.14	0.02	0	|	rapi	0.13	0.14	0	|	97.0	0.14(97)	0.14(97)	|	2372	
854	54	ok	|	0.11	1.00	1.00	0.12	0.03	0	|	rapi	0.11	0.12	0	|	97.0	0.12(97)	0.12(97)	|	2372	
854	55	ok	|	0.10	1.00	1.00	0.10	0.03	0	|	rapi	0.10	0.10	0	|	97.0	0.10(97)	0.10(97)	|	2372	
854	56	ok	|	0.10	1.00	1.00	0.10	0.03	0	|	rapi	0.10	0.10	0	|	97.0	0.10(97)	0.10(97)	|	2372	
854	57	ok	|	0.09	1.00	1.00	0.09	0.02	0	|	rapi	0.09	0.09	0	|	97.0	0.09(97)	0.09(97)	|	2372	
854	58	ok	|	0.07	1.00	1.00	0.07	0.02	0	|	rapi	0.07	0.07	0	|	97.0	0.07(97)	0.07(97)	|	2372	
854	59	ok	|	0.07	1.00	1.00	0.07	0.02	0	|	rapi	0.07	0.07	0	|	97.0	0.07(97)	0.07(97)	|	2372	
854	60	ok	|	0.09	1.00	1.00	0.09	0.02	0	|	rapi	0.09	0.09	0	|	97.0	0.09(97)	0.09(97)	|	2372	
854	61	ok	|	0.09	1.00	1.00	0.09	0.02	0	|	rapi	0.09	0.09	0	|	97.0	0.09(97)	0.09(97)	|	2372	
854	62	ok	|	0.10	1.00	1.00	0.10	0.02	0	|	rapi	0.10	0.10	0	|	97.0	0.10(97)	0.10(97)	|	2372	
854	63	ok	|	0.09	1.00	1.00	0.09	0.02	0	|	rapi	0.09	0.09	0	|	97.0	0.09(97)	0.09(97)	|	2372	
854	64	ok	|	0.09	1.00	1.00	0.09	0.02	0	|	rapi	0.09	0.09	0	|	97.0	0.09(97)	0.09(97)	|	2372	
854	65	ok	|	0.11	1.00	1.00	0.12	0.03	0	|	rapi	0.11	0.12	0	|	97.0	0.12(97)	0.12(97)	|	2372	
854	66	ok	|	0.14	1.00	1.00	0.14	0.04	0	|	rapi	0.14	0.14	0	|	97.0	0.14(97)	0.14(97)	|	2372	
854	67	ok	|	0.12	1.00	1.00	0.13	0.03	0	|	rapi	0.12	0.13	0	|	97.0	0.13(97)	0.13(97)	|	2372	
854	68	ok	|	0.14	1.00	1.00	0.15	0.04	0	|	rapi	0.14	0.15	0	|	97.0	0.15(97)	0.15(97)	|	2372	
854	69	ok	|	0.15	1.00	1.00	0.16	0.04	0	|	rapi	0.15	0.16	0	|	97.0	0.16(97)	0.16(97)	|	2372	
854	70	ok	|	0.14	1.00	1.00	0.15	0.04	0	|	rapi	0.14	0.15	0	|	97.0	0.15(97)	0.15(97)	|	2372	
854	71	ok	|	0.13	1.00	1.00	0.13	0.03	0	|	rapi	0.13	0.13	0	|	97.0	0.13(97)	0.13(97)	|	2372	
854	72	ok	|	0.12	1.00	1.00	0.13	0.03	0	|	rapi	0.12	0.13	0	|	97.0	0.13(97)	0.13(97)	|	2372	
854	73	ok	|	0.10	1.00	1.00	0.11	0.03	0	|	rapi	0.10	0.11	0	|	97.0	0.11(97)	0.11(97)	|	2372	
854	74	ok	|	0.10	1.00	1.00	0.11	0.03	0	|	rapi	0.10	0.11	0	|	97.0	0.11(97)	0.11(97)	|	2372	
854	75	ok	|	0.09	1.00	1.00	0.10	0.02	0	|	rapi	0.09	0.10	0	|	97.0	0.10(97)	0.10(97)	|	2372	
854	76	ok	|	0.10	1.00	1.00	0.10	0.02	0	|	rapi	0.10	0.10	0	|	97.0	0.10(97)	0.10(97)	|	2372	
854	77	ok	|	0.09	1.00	1.00	0.10	0.02	0	|	rapi	0.09	0.10	0	|	97.0	0.10(97)	0.10(97)	|	2372	
854	78	ok	|	0.09	1.00	1.00	0.10	0.02	0	|	rapi	0.09	0.10	0	|	97.0	0.10(97)	0.10(97)	|	2372	
854	79	ok	|	0.10	1.00	1.00	0.10	0.02	0	|	rapi	0.10	0.10	0	|	97.0	0.10(97)	0.10(97)	|	2372	
854	80	ok	|	0.10	1.00	1.00	0.10	0.02	0	|	rapi	0.10	0.10	0	|	97.0	0.10(97)	0.10(97)	|	2372	
854	81	ok	|	0.10	1.00	1.00	0.11	0.03	0	|	rapi	0.10	0.11	0	|	97.0	0.11(97)	0.11(97)	|	2372	
854	82	ok	|	0.10	1.00	1.00	0.10	0.03	0	|	rapi	0.10	0.10	0	|	97.0	0.10(97)	0.10(97)	|	2372	
854	83	ok	|	0.10	1.00	1.00	0.10	0.03	0	|	rapi	0.10	0.10	0	|	97.0	0.10(97)	0.10(97)	|	2372	
854	84	ok	|	0.10	1.00	1.00	0.10	0.05	0	|	rapi	0.10	0.10	0	|	97.0	0.10(97)	0.10(97)	|	2372	
854	85	ok	|	0.11	1.00	1.00	0.11	0.06	0	|	rapi	0.11	0.11	0	|	97.0	0.11(97)	0.11(97)	|	2372	
854	86	ok	|	0.11	1.00	1.00	0.11	0.06	0	|	rapi	0.11	0.11	0	|	97.0	0.11(97)	0.11(97)	|	2372	
854	87	ok	|	0.09	1.00	1.00	0.10	0.05	0	|	rapi	0.09	0.10	0	|	97.0	0.10(97)	0.10(97)	|	2372	
854	88	ok	|	0.07	1.00	1.00	0.08	0.04	0	|	rapi	0.07	0.08	0	|	97.0	0.08(97)	0.08(97)	|	2372	
854	89	ok	|	0.07	1.00	1.00	0.07	0.04	0	|	rapi	0.07	0.07	0	|	97.0	0.07(97)	0.07(97)	|	2372	
854	90	ok	|	0.07	1.00	1.00	0.07	0.03	0	|	rapi	0.07	0.07	0	|	97.0	0.07(97)	0.07(97)	|	2372	
854	91	ok	|	0.07	1.00	1.00	0.07	0.04	0	|	rapi	0.07	0.07	0	|	97.0	0.07(97)	0.07(97)	|	2372	
854	92	ok	|	0.07	1.00	1.00	0.07	0.04	0	|	rapi	0.07	0.07	0	|	97.0	0.07(97)	0.07(97)	|	2372	
854	93	ok	|	0.06	1.00	1.00	0.06	0.03	0	|	rapi	0.06	0.06	0	|	97.0	0.06(97)	0.06(97)	|	2372	
854	94	ok	|	0.05	1.00	1.00	0.05	0.03	0	|	rapi	0.05	0.05	0	|	97.0	0.05(97)	0.05(97)	|	2372	
854	95	ok	|	0.06	1.00	1.00	0.06	0.03	0	|	rapi	0.06	0.06	0	|	97.0	0.06(97)	0.06(97)	|	2372	
854	96	ok	|	0.05	1.00	1.00	0.05	0.03	0	|	rapi	0.05	0.05	0	|	97.0	0.05(97)	0.05(97)	|	2372	
854	97	ok	|	0.06	1.00	1.00	0.06	0.03	0	|	rapi	0.06	0.06	0	|	97.0	0.06(97)	0.06(97)	|	2372	
854	98	ok	|	0.05	1.00	1.00	0.05	0.03	0	|	rapi	0.05	0.05	0	|	97.0	0.05(97)	0.05(97)	|	2372	
854	99	ok	|	0.04	1.00	1.00	0.04	0.02	0	|	rapi	0.04	0.04	0	|	97.0	0.04(97)	0.04(97)	|	2372	
854	100	ok	|	0.05	1.00	1.00	0.05	0.02	0	|	rapi	0.05	0.05	0	|	97.0	0.05(97)	0.05(97)	|	2372	
854	101	ok	|	0.05	1.00	1.00	0.05	0.02	0	|	rapi	0.05	0.05	0	|	97.0	0.05(97)	0.05(97)	|	2372	
854	102	ok	|	0.06	1.00	1.00	0.06	0.03	0	|	rapi	0.06	0.06	0	|	97.0	0.06(97)	0.06(97)	|	2372	
854	103	ok	|	0.05	1.00	1.00	0.05	0.03	0	|	rapi	0.05	0.05	0	|	97.0	0.05(97)	0.05(97)	|	2372	
854	104	ok	|	0.05	1.00	1.00	0.05	0.02	0	|	rapi	0.05	0.05	0	|	97.0	0.05(97)	0.05(97)	|	2372	
854	105	ok	|	0.04	1.00	1.00	0.04	0.02	0	|	rapi	0.04	0.04	0	|	97.0	0.04(97)	0.04(97)	|	2372	
854	106	ok	|	0.04	1.00	1.00	0.04	0.02	0	|	rapi	0.04	0.04	0	|	97.0	0.04(97)	0.04(97)	|	2372	
854	107	ok	|	0.03	1.00	1.00	0.03	0.02	0	|	rapi	0.03	0.03	0	|	97.0	0.03(97)	0.03(97)	|	2372	
854	108	ok	|	0.03	1.00	1.00	0.03	0.02	0	|	rapi	0.03	0.03	0	|	97.0	0.03(97)	0.03(97)	|	2372	
854	109	ok	|	0.03	1.00	1.00	0.03	0.01	0	|	rapi	0.03	0.03	0	|	97.0	0.03(97)	0.03(97)	|	2372	
854	110	ok	|	0.03	1.00	1.00	0.03	0.02	0	|	rapi	0.03	0.03	0	|	97.0	0.03(97)	0.03(97)	|	2372	
854	111	ok	|	0.04	1.00	1.00	0.04	0.02	0	|	rapi	0.04	0.04	0	|	97.0	0.04(97)	0.04(97)	|	2372	
854	112	ok	|	0.05	1.00	1.00	0.05	0.02	0	|	rapi	0.05	0.05	0	|	97.0	0.05(97)	0.05(97)	|	2372	
854	113	ok	|	0.04	1.00	1.00	0.04	0.02	0	|	rapi	0.04	0.04	0	|	97.0	0.04(97)	0.04(97)	|	2372	
854	114	ok	|	0.05	1.00	1.00	0.05	0.03	0	|	rapi	0.05	0.05	0	|	97.0	0.05(97)	0.05(97)	|	2372	
854	115	ok	|	0.05	1.00	1.00	0.05	0.02	0	|	rapi	0.05	0.05	0	|	97.0	0.05(97)	0.05(97)	|	2372	
854	116	ok	|	0.05	1.00	1.00	0.05	0.03	0	|	rapi	0.05	0.05	0	|	97.0	0.05(97)	0.05(97)	|	2372	
854	117	ok	|	0.06	1.00	1.00	0.06	0.03	0	|	rapi	0.06	0.06	0	|	97.0	0.06(97)	0.06(97)	|	2372	
854	118	ok	|	0.05	1.00	1.00	0.05	0.03	0	|	rapi	0.05	0.05	0	|	97.0	0.05(97)	0.05(97)	|	2372	
854	119	ok	|	0.04	1.00	1.00	0.04	0.02	0	|	rapi	0.04	0.04	0	|	97.0	0.04(97)	0.04(97)	|	2372	
854	120	ok	|	0.04	1.00	1.00	0.04	0.02	0	|	rapi	0.04	0.04	0	|	97.0	0.04(97)	0.04(97)	|	2372	
854	121	ok	|	0.04	1.00	1.00	0.04	0.02	0	|	rapi	0.04	0.04	0	|	97.0	0.04(97)	0.04(97)	|	2372	
854	122	ok	|	0.05	1.00	1.00	0.05	0.03	0	|	rapi	0.05	0.05	0	|	97.0	0.05(97)	0.05(97)	|	2372	
854	123	ok	|	0.05	1.00	1.00	0.05	0.02	0	|	rapi	0.05	0.05	0	|	97.0	0.05(97)	0.05(97)	|	2372	
854	124	ok	|	0.05	1.00	1.00	0.05	0.03	0	|	rapi	0.05	0.05	0	|	97.0	0.05(97)	0.05(97)	|	2372	
854	125	ok	|	0.07	1.00	1.00	0.07	0.04	0	|	rapi	0.07	0.07	0	|	97.0	0.07(97)	0.07(97)	|	2372	
854	126	ok	|	0.06	1.00	1.00	0.07	0.03	0	|	rapi	0.06	0.07	0	|	97.0	0.07(97)	0.07(97)	|	2372	
854	127	ok	|	0.07	1.00	1.00	0.07	0.03	0	|	rapi	0.07	0.07	0	|	97.0	0.07(97)	0.07(97)	|	2372	
854	128	ok	|	0.04	1.00	1.00	0.04	0.02	0	|	rapi	0.04	0.04	0	|	97.0	0.04(97)	0.04(97)	|	2372	
854	129	ok	|	0.04	1.00	1.00	0.04	0.02	0	|	rapi	0.04	0.04	0	|	97.0	0.04(97)	0.04(97)	|	2372	
854	130	ok	|	0.04	1.00	1.00	0.04	0.02	0	|	rapi	0.04	0.04	0	|	97.0	0.04(97)	0.04(97)	|	2372	
854	131	ok	|	0.04	1.00	1.00	0.04	0.02	0	|	rapi	0.04	0.04	0	|	97.0	0.04(97)	0.04(97)	|	2372	
854	132	ok	|	0.05	1.00	1.00	0.05	0.02	0	|	rapi	0.05	0.05	0	|	97.0	0.05(97)	0.05(97)	|	2372	
854	133	ok	|	0.05	1.00	1.00	0.05	0.03	0	|	rapi	0.05	0.05	0	|	97.0	0.05(97)	0.05(97)	|	2372	
854	134	ok	|	0.06	1.00	1.00	0.06	0.03	0	|	rapi	0.06	0.06	0	|	97.0	0.06(97)	0.06(97)	|	2372	
854	135	ok	|	0.07	1.00	1.00	0.07	0.04	0	|	rapi	0.07	0.07	0	|	97.0	0.07(97)	0.07(97)	|	2372	
854	136	ok	|	0.07	1.00	1.00	0.07	0.04	0	|	rapi	0.07	0.07	0	|	97.0	0.07(97)	0.07(97)	|	2372	
854	137	ok	|	0.08	1.00	1.00	0.09	0.04	0	|	rapi	0.08	0.09	0	|	97.0	0.09(97)	0.09(97)	|	2372	
854	138	ok	|	0.08	1.00	1.00	0.09	0.04	0	|	rapi	0.08	0.09	0	|	97.0	0.09(97)	0.09(97)	|	2372	
854	139	ok	|	0.07	1.00	1.00	0.07	0.03	0	|	rapi	0.07	0.07	0	|	97.0	0.07(97)	0.07(97)	|	2372	
854	140	ok	|	0.07	1.00	1.00	0.07	0.03	0	|	rapi	0.07	0.07	0	|	97.0	0.07(97)	0.07(97)	|	2372	
854	141	ok	|	0.07	1.00	1.00	0.07	0.04	0	|	rapi	0.07	0.07	0	|	97.0	0.07(97)	0.07(97)	|	2372	
854	142	ok	|	0.08	1.00	1.00	0.08	0.04	0	|	rapi	0.08	0.08	0	|	97.0	0.08(97)	0.08(97)	|	2372	
854	143	ok	|	0.08	1.00	1.00	0.08	0.04	0	|	rapi	0.08	0.08	0	|	97.0	0.08(97)	0.08(97)	|	2372	
854	144	ok	|	0.08	1.00	1.00	0.08	0.04	0	|	rapi	0.08	0.08	0	|	97.0	0.08(97)	0.08(97)	|	2372	
854	145	ok	|	0.07	1.00	1.00	0.07	0.03	0	|	rapi	0.07	0.07	0	|	97.0	0.07(97)	0.07(97)	|	2372	
854	146	ok	|	0.05	1.00	1.00	0.06	0.03	0	|	rapi	0.05	0.06	0	|	97.0	0.06(97)	0.06(97)	|	2372	
854	147	ok	|	0.05	1.00	1.00	0.05	0.03	0	|	rapi	0.05	0.05	0	|	97.0	0.05(97)	0.05(97)	|	2372	
854	148	ok	|	0.05	1.00	1.00	0.05	0.03	0	|	rapi	0.05	0.05	0	|	97.0	0.05(97)	0.05(97)	|	2372	
854	149	ok	|	0.06	1.00	1.00	0.06	0.03	0	|	rapi	0.06	0.06	0	|	97.0	0.06(97)	0.06(97)	|	2372	
854	150	ok	|	0.07	1.00	1.00	0.07	0.03	0	|	rapi	0.07	0.07	0	|	97.0	0.07(97)	0.07(97)	|	2372	
854	151	ok	|	0.06	1.00	1.00	0.06	0.03	0	|	rapi	0.06	0.06	0	|	97.0	0.06(97)	0.06(97)	|	2372	
854	152	ok	|	0.04	1.00	1.00	0.04	0.02	0	|	rapi	0.04	0.04	0	|	97.0	0.04(97)	0.04(97)	|	2372	
854	153	ok	|	0.05	1.00	1.00	0.05	0.03	0	|	rapi	0.05	0.05	0	|	97.0	0.05(97)	0.05(97)	|	2372	
854	154	ok	|	0.05	1.00	1.00	0.05	0.02	0	|	rapi	0.05	0.05	0	|	97.0	0.05(97)	0.05(97)	|	2372	
854	155	ok	|	0.04	1.00	1.00	0.05	0.02	0	|	rapi	0.04	0.05	0	|	97.0	0.05(97)	0.05(97)	|	2372	
854	156	ok	|	0.03	1.00	1.00	0.03	0.02	0	|	rapi	0.03	0.03	0	|	97.0	0.03(97)	0.03(97)	|	2372	
854	157	ok	|	0.02	1.00	1.00	0.02	0.01	0	|	rapi	0.02	0.02	0	|	97.0	0.02(97)	0.02(97)	|	2372	
854	158	ok	|	0.02	1.00	1.00	0.02	0.01	0	|	rapi	0.02	0.02	0	|	97.0	0.02(97)	0.02(97)	|	2372	
854	159	ok	|	0.01	1.00	1.00	0.01	0.01	0	|	rapi	0.01	0.01	0	|	97.0	0.01(97)	0.01(97)	|	2372	
854	160	ok	|	0.01	1.00	1.00	0.01	0.01	0	|	rapi	0.01	0.01	0	|	97.0	0.01(97)	0.01(97)	|	2372	
854	161	ok	|	0.01	1.00	1.00	0.01	0.01	0	|	rapi	0.01	0.01	0	|	97.0	0.01(97)	0.01(97)	|	2372	
854	162	ok	|	0.01	1.00	1.00	0.01	0.01	0	|	rapi	0.01	0.01	0	|	97.0	0.01(97)	0.01(97)	|	2372	
854	163	ok	|	0.01	1.00	1.00	0.01	0.01	0	|	rapi	0.01	0.01	0	|	97.0	0.01(97)	0.01(97)	|	2372	
854	164	ok	|	0.01	1.00	1.00	0.01	0.01	0	|	rapi	0.01	0.01	0	|	97.0	0.01(97)	0.01(97)	|	2372	
854	165	ok	|	0.01	1.00	1.00	0.01	0.01	0	|	rapi	0.01	0.01	0	|	97.0	0.01(97)	0.01(97)	|	2372	
854	166	ok	|	0.01	1.00	1.00	0.01	0.01	0	|	rapi	0.01	0.01	0	|	97.0	0.01(97)	0.01(97)	|	2372	
854	167	ok	|	0.01	1.00	1.00	0.01	0.00	0	|	rapi	0.01	0.01	0	|	97.0	0.01(97)	0.01(97)	|	2372	
854	168	ok	|	0.01	1.00	1.00	0.01	0.00	0	|	rapi	0.01	0.01	0	|	97.0	0.01(97)	0.01(97)	|	2372	
854	169	ok	|	0.01	1.00	1.00	0.01	0.00	0	|	rapi	0.01	0.01	0	|	97.0	0.01(97)	0.01(97)	|	2372	
854	170	ok	|	0.01	1.00	1.00	0.01	0.00	0	|	rapi	0.01	0.01	0	|	97.0	0.01(97)	0.01(97)	|	2372	
854	171	fail-0	|	0.00	1.00	1.00	0.00	NaN	0	|	rapi	0.00	0.00	0	|	NaN			|	2372	
