8628	0	ok	|	0.09	1.00	1.00	0.10	0.00	0	|	rapi	0.00	0.00	0	|	-93.0	0.10(-93)		|	27	
8628	1	ok	|	0.11	1.00	1.00	0.13	0.00	0	|	rapi	0.00	0.00	0	|	-93.0	0.13(-93)		|	27	
8628	2	ok	|	0.11	1.00	1.00	0.14	0.00	0	|	rapi	0.00	0.00	0	|	-93.0	0.14(-93)		|	27	
8628	3	ok	|	0.15	1.00	1.00	0.21	0.00	0	|	rapi	0.00	0.00	0	|	-93.0	0.21(-93)		|	27	
8628	4	ok	|	0.19	1.00	1.00	0.25	0.00	0	|	rapi	0.00	0.00	0	|	-93.0	0.25(-93)		|	27	
8628	5	ok	|	0.23	1.00	1.00	0.32	0.00	0	|	rapi	0.00	0.00	0	|	-93.0	0.32(-93)		|	27	
8628	6	ok	|	0.24	1.00	1.00	0.34	0.00	0	|	rapi	0.00	0.00	0	|	-93.0	0.34(-93)		|	27	
8628	7	ok	|	0.28	1.00	1.00	0.42	0.00	0	|	rapi	0.00	0.00	0	|	-93.0	0.42(-93)		|	27	
8628	8	ok	|	0.33	0.99	0.99	0.54	0.00	0	|	rapi	0.00	0.00	0	|	-93.0	0.54(-93)		|	27	
8628	9	ok	|	0.40	0.99	0.99	0.64	0.00	0	|	rapi	0.00	0.00	0	|	-93.0	0.64(-93)		|	27	
8628	10	ok	|	0.46	0.99	0.99	0.80	0.00	0	|	rapi	0.00	0.00	0	|	-93.0	0.80(-93)		|	27	
8628	11	ok	|	0.52	0.99	0.99	0.94	0.00	0	|	rapi	0.00	0.00	0	|	-93.0	0.94(-93)		|	27	
8628	12	ok	|	0.56	0.99	0.99	1.06	0.00	0	|	rapi	0.00	0.00	0	|	-93.0	1.06(-93)		|	27	
8628	13	ok	|	0.62	0.99	0.99	1.27	0.00	0	|	rapi	0.00	0.00	0	|	-93.0	1.27(-93)		|	27	
8628	14	ok	|	0.67	0.99	0.99	1.48	0.00	0	|	rapi	0.00	0.00	0	|	-93.0	1.48(-93)		|	27	
8628	15	ok	|	0.74	0.98	0.98	1.68	0.00	0	|	rapi	0.00	0.00	0	|	-93.0	1.68(-93)		|	27	
8628	16	ok	|	0.80	0.98	0.98	2.04	0.00	0	|	rapi	0.00	0.00	0	|	-93.0	2.04(-93)		|	27	
8628	17	ok	|	0.82	0.98	0.98	2.33	0.00	0	|	rapi	0.00	0.00	0	|	-93.0	2.33(-93)		|	27	
8628	18	ok	|	0.88	0.97	0.97	2.64	0.00	0	|	rapi	0.00	0.00	0	|	-93.0	2.64(-93)		|	27	
8628	19	ok	|	0.92	0.97	0.97	3.17	0.00	0	|	rapi	0.00	0.00	0	|	-93.0	3.17(-93)		|	27	
8628	20	ok	|	0.94	0.96	0.96	3.77	0.00	0	|	rapi	0.00	0.00	0	|	-93.0	3.77(-93)		|	27	
8628	21	ok	|	0.97	0.95	0.95	4.51	0.00	0	|	rapi	0.00	0.00	0	|	-93.0	4.51(-93)		|	27	
8628	22	ok	|	0.99	0.95	0.95	5.22	0.00	0	|	rapi	0.00	0.00	0	|	-93.0	5.22(-93)	0.00(-93)	|	27	
8628	23	ok	|	0.99	0.94	0.94	6.02	0.00	0	|	rapi	0.00	0.00	0	|	-93.0	6.02(-93)	0.00(-93)	|	27	
8628	24	ok	|	1.00	0.93	0.93	7.03	0.00	0	|	rapi	0.01	0.01	0	|	-93.0	7.03(-93)	0.01(-93)	|	27	
8628	25	ok	|	1.00	0.92	0.92	8.27	0.00	0	|	rapi	0.01	0.01	0	|	-93.0	8.27(-93)	0.01(-93)	|	27	
8628	26	ok	|	1.00	0.90	0.90	9.92	0.00	0	|	rapi	0.01	0.01	0	|	-93.0	9.92(-93)	0.01(-93)	|	27	
8628	27	ok	|	1.00	0.88	0.88	11.71	0.00	0	|	rapi	0.01	0.01	0	|	-93.0	11.71(-93)	0.01(-93)	|	27	
8628	28	ok	|	1.00	0.86	0.86	13.81	0.00	0	|	rapi	0.00	0.00	0	|	-93.0	13.81(-93)	0.00(-93)	|	27	
8628	29	ok	|	1.00	0.84	0.84	16.13	0.00	0	|	rapi	0.00	0.00	0	|	-93.0	16.13(-93)	0.00(-93)	|	27	
8628	30	ok	|	1.00	0.81	0.81	18.99	0.00	0	|	rapi	0.00	0.00	0	|	-93.0	18.99(-93)	0.00(-93)	|	27	
8628	31	ok	|	1.00	0.77	0.77	22.54	0.00	0	|	rapi	0.00	0.00	0	|	-93.0	22.54(-93)	0.00(-93)	|	27	
8628	32	ok	|	1.00	0.74	0.74	26.33	0.00	0	|	rapi	0.00	0.00	0	|	-93.0	26.33(-93)	0.00(-93)	|	27	
8628	33	ok	|	1.00	0.69	0.69	30.74	0.00	0	|	rapi	0.00	0.00	0	|	-93.0	30.74(-93)	0.00(-93)	|	27	
8628	34	ok	|	1.00	0.64	0.64	36.20	0.00	0	|	rapi	0.00	0.00	0	|	-93.0	36.20(-93)	0.00(-93)	|	27	
8628	35	ok	|	1.00	0.58	0.58	41.69	0.00	0	|	rapi	0.00	0.00	0	|	-93.0	41.69(-93)	0.00(-93)	|	27	
8628	36	ok	|	1.00	0.52	0.52	47.82	0.00	0	|	rapi	0.00	0.00	0	|	-93.0	47.82(-93)	0.00(-93)	|	27	
8628	37	ok	|	1.00	0.44	0.44	55.54	0.00	0	|	rapi	0.00	0.00	0	|	-93.0	55.54(-93)	0.00(-93)	|	27	
8628	38	ok	|	1.00	0.36	0.36	64.02	0.00	0	|	rapi	0.00	0.00	0	|	-93.0	64.02(-93)	0.00(-93)	|	27	
8628	39	ok	|	1.00	0.27	0.27	72.94	0.00	0	|	rapi	0.00	0.00	0	|	-93.0	72.94(-93)	0.00(-93)	|	27	
8628	40	ok	|	1.00	0.18	0.18	82.56	0.00	0	|	rapi	0.00	0.00	0	|	-93.0	82.56(-93)	0.00(-93)	|	27	
8628	41	fail-w	|	1.00	0.09	0.09	92.02	0.00	0	|	rapi	0.01	0.01	0	|	-93.0	92.02(-93)	0.01(-93)	|	27	
