8674	0	ok	|	0.10	1.00	1.00	0.10	0.00	0	|	rapi	0.00	0.00	0	|	-39.0	0.10(-39)		|	2	
8674	1	ok	|	0.12	1.00	1.00	0.14	0.00	0	|	rapi	0.00	0.00	0	|	-39.0	0.14(-39)		|	2	
8674	2	ok	|	0.14	1.00	1.00	0.17	0.00	0	|	rapi	0.00	0.00	0	|	-39.0	0.17(-39)		|	2	
8674	3	ok	|	0.15	1.00	1.00	0.20	0.00	0	|	rapi	0.00	0.00	0	|	-39.0	0.20(-39)		|	2	
8674	4	ok	|	0.16	1.00	1.00	0.21	0.00	0	|	rapi	0.00	0.00	0	|	-39.0	0.21(-39)		|	2	
8674	5	ok	|	0.17	1.00	1.00	0.22	0.00	0	|	rapi	0.00	0.00	0	|	-39.0	0.22(-39)		|	2	
8674	6	ok	|	0.18	1.00	1.00	0.26	0.00	0	|	rapi	0.00	0.00	0	|	-39.0	0.26(-39)		|	2	
8674	7	ok	|	0.21	1.00	1.00	0.29	0.00	0	|	rapi	0.00	0.00	0	|	-39.0	0.29(-39)		|	2	
8674	8	ok	|	0.23	1.00	1.00	0.33	0.00	0	|	rapi	0.00	0.00	0	|	-39.0	0.33(-39)		|	2	
8674	9	ok	|	0.28	1.00	1.00	0.41	0.00	0	|	rapi	0.00	0.00	0	|	-39.0	0.41(-39)		|	2	
8674	10	ok	|	0.33	1.00	1.00	0.46	0.00	0	|	rapi	0.00	0.00	0	|	-39.0	0.46(-39)		|	2	
8674	11	ok	|	0.36	0.99	0.99	0.54	0.00	0	|	rapi	0.00	0.00	0	|	-39.0	0.54(-39)		|	2	
8674	12	ok	|	0.43	0.99	0.99	0.65	0.00	0	|	rapi	0.00	0.00	0	|	-39.0	0.65(-39)		|	2	
8674	13	ok	|	0.48	0.99	0.99	0.81	0.00	0	|	rapi	0.00	0.00	0	|	-39.0	0.81(-39)		|	2	
8674	14	ok	|	0.53	0.99	0.99	0.96	0.00	0	|	rapi	0.00	0.00	0	|	-39.0	0.96(-39)		|	2	
8674	15	ok	|	0.59	0.99	0.99	1.13	0.00	0	|	rapi	0.00	0.00	0	|	-39.0	1.13(-39)		|	2	
8674	16	ok	|	0.66	0.99	0.99	1.34	0.00	0	|	rapi	0.00	0.00	0	|	-39.0	1.34(-39)		|	2	
8674	17	ok	|	0.74	0.98	0.98	1.66	0.00	0	|	rapi	0.00	0.00	0	|	-39.0	1.66(-39)		|	2	
8674	18	ok	|	0.78	0.98	0.98	1.93	0.00	0	|	rapi	0.00	0.00	0	|	-39.0	1.93(-39)		|	2	
8674	19	ok	|	0.84	0.98	0.98	2.31	0.00	0	|	rapi	0.00	0.00	0	|	-39.0	2.31(-39)		|	2	
8674	20	ok	|	0.89	0.97	0.97	2.76	0.00	0	|	rapi	0.00	0.00	0	|	-39.0	2.76(-39)		|	2	
8674	21	ok	|	0.93	0.97	0.97	3.25	0.00	0	|	rapi	0.00	0.00	0	|	-39.0	3.25(-39)		|	2	
8674	22	ok	|	0.96	0.96	0.96	3.78	0.00	0	|	rapi	0.00	0.00	0	|	-39.0	3.78(-39)		|	2	
8674	23	ok	|	0.97	0.96	0.96	4.47	0.00	0	|	rapi	0.00	0.00	0	|	-39.0	4.47(-39)		|	2	
8674	24	ok	|	0.99	0.95	0.95	5.39	0.00	0	|	rapi	0.00	0.00	0	|	-39.0	5.39(-39)		|	2	
8674	25	ok	|	1.00	0.94	0.94	6.32	0.00	0	|	rapi	0.00	0.00	0	|	-39.0	6.32(-39)		|	2	
8674	26	ok	|	0.99	0.92	0.92	7.54	0.00	0	|	rapi	0.00	0.00	0	|	-39.0	7.54(-39)		|	2	
8674	27	ok	|	1.00	0.91	0.91	8.83	0.00	0	|	rapi	0.00	0.00	0	|	-39.0	8.83(-39)		|	2	
8674	28	ok	|	1.00	0.90	0.90	10.42	0.00	0	|	rapi	0.00	0.00	0	|	-39.0	10.42(-39)		|	2	
8674	29	ok	|	1.00	0.88	0.88	12.25	0.00	0	|	rapi	0.00	0.00	0	|	-39.0	12.25(-39)	0.00(-39)	|	2	
8674	30	ok	|	1.00	0.86	0.86	14.27	0.00	0	|	rapi	0.00	0.00	0	|	-39.0	14.27(-39)	0.00(-39)	|	2	
8674	31	ok	|	1.00	0.83	0.83	16.70	0.00	0	|	rapi	0.00	0.00	0	|	-39.0	16.70(-39)	0.00(-39)	|	2	
8674	32	ok	|	1.00	0.80	0.80	19.77	0.00	0	|	rapi	0.00	0.00	0	|	-39.0	19.77(-39)	0.00(-39)	|	2	
8674	33	ok	|	1.00	0.77	0.77	23.04	0.00	0	|	rapi	0.00	0.00	0	|	-39.0	23.04(-39)	0.00(-39)	|	2	
8674	34	ok	|	1.00	0.73	0.73	26.83	0.00	0	|	rapi	0.00	0.00	0	|	-39.0	26.83(-39)	0.00(-39)	|	2	
8674	35	ok	|	1.00	0.69	0.69	31.18	0.00	0	|	rapi	0.00	0.00	0	|	-39.0	31.18(-39)	0.00(-39)	|	2	
8674	36	ok	|	1.00	0.64	0.64	36.25	0.00	0	|	rapi	0.00	0.00	0	|	-39.0	36.25(-39)	0.00(-39)	|	2	
8674	37	ok	|	1.00	0.58	0.58	42.34	0.00	0	|	rapi	0.00	0.00	0	|	-39.0	42.34(-39)	0.00(-39)	|	2	
8674	38	ok	|	1.00	0.51	0.51	48.85	0.00	0	|	rapi	0.01	0.01	0	|	-39.0	48.85(-39)	0.01(-39)	|	2	
8674	39	ok	|	1.00	0.43	0.43	56.61	0.00	0	|	rapi	0.01	0.01	0	|	-39.0	56.61(-39)	0.01(-39)	|	2	
8674	40	ok	|	1.00	0.35	0.35	65.43	0.00	0	|	rapi	0.01	0.01	0	|	-39.0	65.43(-39)	0.01(-39)	|	2	
8674	41	ok	|	1.00	0.25	0.25	75.36	0.00	0	|	rapi	0.00	0.00	0	|	-39.0	75.36(-39)	0.00(-39)	|	2	
8674	42	ok	|	1.00	0.16	0.16	84.63	0.00	0	|	rapi	0.00	0.00	0	|	-39.0	84.63(-39)	0.00(-39)	|	2	
8674	43	fail-w	|	1.00	0.08	0.08	93.42	0.00	0	|	rapi	0.00	0.00	0	|	-39.0	93.42(-39)	0.00(-39)	|	2	
