8781	0	ok	|	0.10	1.00	1.00	0.10	0.00	0	|	rapi	0.10	0.10	0	|	100.0	0.10(100)	0.10(100)	|	140	
8781	1	ok	|	0.10	1.00	1.00	0.10	0.00	0	|	rapi	0.10	0.10	0	|	100.0	0.10(100)	0.10(100)	|	140	
8781	2	ok	|	0.12	1.00	1.00	0.13	0.00	0	|	rapi	0.12	0.13	0	|	100.0	0.13(100)	0.13(100)	|	140	
8781	3	ok	|	0.11	1.00	1.00	0.11	0.00	0	|	rapi	0.11	0.11	0	|	100.0	0.11(100)	0.11(100)	|	140	
8781	4	ok	|	0.12	1.00	1.00	0.13	0.00	0	|	rapi	0.12	0.13	0	|	100.0	0.13(100)	0.13(100)	|	140	
8781	5	ok	|	0.11	1.00	1.00	0.12	0.00	0	|	rapi	0.11	0.12	0	|	100.0	0.12(100)	0.12(100)	|	140	
8781	6	ok	|	0.11	1.00	1.00	0.11	0.00	0	|	rapi	0.11	0.11	0	|	100.0	0.11(100)	0.11(100)	|	140	
8781	7	ok	|	0.10	1.00	1.00	0.10	0.00	0	|	rapi	0.10	0.10	0	|	100.0	0.10(100)	0.10(100)	|	140	
8781	8	ok	|	0.12	1.00	1.00	0.12	0.00	0	|	rapi	0.12	0.12	0	|	100.0	0.12(100)	0.12(100)	|	140	
8781	9	ok	|	0.10	1.00	1.00	0.11	0.00	0	|	rapi	0.10	0.11	0	|	100.0	0.11(100)	0.11(100)	|	140	
8781	10	ok	|	0.11	1.00	1.00	0.12	0.00	0	|	rapi	0.11	0.12	0	|	100.0	0.12(100)	0.12(100)	|	140	
8781	11	ok	|	0.11	1.00	1.00	0.12	0.00	0	|	rapi	0.11	0.12	0	|	100.0	0.12(100)	0.12(100)	|	140	
8781	12	ok	|	0.10	1.00	1.00	0.10	0.00	0	|	rapi	0.10	0.10	0	|	100.0	0.10(100)	0.10(100)	|	140	
8781	13	ok	|	0.11	1.00	1.00	0.11	0.00	0	|	rapi	0.11	0.11	0	|	100.0	0.11(100)	0.11(100)	|	140	
8781	14	ok	|	0.11	1.00	1.00	0.12	0.00	0	|	rapi	0.11	0.12	0	|	100.0	0.12(100)	0.12(100)	|	140	
8781	15	ok	|	0.11	1.00	1.00	0.11	0.00	0	|	rapi	0.11	0.11	0	|	100.0	0.11(100)	0.11(100)	|	140	
8781	16	ok	|	0.10	1.00	1.00	0.10	0.00	0	|	rapi	0.10	0.10	0	|	100.0	0.10(100)	0.10(100)	|	140	
8781	17	ok	|	0.10	1.00	1.00	0.10	0.00	0	|	rapi	0.10	0.10	0	|	100.0	0.10(100)	0.10(100)	|	140	
8781	18	ok	|	0.10	1.00	1.00	0.10	0.00	0	|	rapi	0.10	0.10	0	|	100.0	0.10(100)	0.10(100)	|	140	
8781	19	ok	|	0.10	1.00	1.00	0.10	0.01	0	|	rapi	0.10	0.10	0	|	100.0	0.10(100)	0.10(100)	|	140	
8781	20	ok	|	0.10	1.00	1.00	0.11	0.01	0	|	rapi	0.10	0.11	0	|	100.0	0.11(100)	0.11(100)	|	140	
8781	21	ok	|	0.11	1.00	1.00	0.11	0.01	0	|	rapi	0.11	0.11	0	|	100.0	0.11(100)	0.11(100)	|	140	
8781	22	ok	|	0.10	1.00	1.00	0.10	0.01	0	|	rapi	0.10	0.10	0	|	100.0	0.10(100)	0.10(100)	|	140	
8781	23	ok	|	0.08	1.00	1.00	0.09	0.01	0	|	rapi	0.08	0.09	0	|	100.0	0.09(100)	0.09(100)	|	140	
8781	24	ok	|	0.09	1.00	1.00	0.09	0.01	0	|	rapi	0.09	0.09	0	|	100.0	0.09(100)	0.09(100)	|	140	
8781	25	ok	|	0.11	1.00	1.00	0.11	0.01	0	|	rapi	0.11	0.11	0	|	100.0	0.11(100)	0.11(100)	|	140	
8781	26	ok	|	0.11	1.00	1.00	0.11	0.01	0	|	rapi	0.11	0.11	0	|	100.0	0.11(100)	0.11(100)	|	140	
8781	27	ok	|	0.11	1.00	1.00	0.11	0.01	0	|	rapi	0.11	0.11	0	|	100.0	0.11(100)	0.11(100)	|	140	
8781	28	ok	|	0.10	1.00	1.00	0.10	0.01	0	|	rapi	0.10	0.10	0	|	100.0	0.10(100)	0.10(100)	|	140	
8781	29	ok	|	0.11	1.00	1.00	0.11	0.01	0	|	rapi	0.11	0.11	0	|	100.0	0.11(100)	0.11(100)	|	140	
8781	30	ok	|	0.10	1.00	1.00	0.10	0.01	0	|	rapi	0.10	0.10	0	|	100.0	0.10(100)	0.10(100)	|	140	
8781	31	ok	|	0.10	1.00	1.00	0.11	0.01	0	|	rapi	0.10	0.11	0	|	100.0	0.11(100)	0.11(100)	|	140	
8781	32	ok	|	0.11	1.00	1.00	0.12	0.01	0	|	rapi	0.11	0.12	0	|	100.0	0.12(100)	0.12(100)	|	140	
8781	33	ok	|	0.10	1.00	1.00	0.10	0.01	0	|	rapi	0.10	0.10	0	|	100.0	0.10(100)	0.10(100)	|	140	
8781	34	ok	|	0.11	1.00	1.00	0.11	0.01	0	|	rapi	0.11	0.11	0	|	100.0	0.11(100)	0.11(100)	|	140	
8781	35	ok	|	0.10	1.00	1.00	0.11	0.01	0	|	rapi	0.10	0.11	0	|	100.0	0.11(100)	0.11(100)	|	140	
8781	36	ok	|	0.10	1.00	1.00	0.11	0.01	0	|	rapi	0.10	0.11	0	|	100.0	0.11(100)	0.11(100)	|	140	
8781	37	ok	|	0.12	1.00	1.00	0.13	0.01	0	|	rapi	0.12	0.13	0	|	100.0	0.13(100)	0.13(100)	|	140	
8781	38	ok	|	0.13	1.00	1.00	0.14	0.01	0	|	rapi	0.13	0.14	0	|	100.0	0.14(100)	0.14(100)	|	140	
8781	39	ok	|	0.12	1.00	1.00	0.14	0.01	0	|	rapi	0.12	0.14	0	|	100.0	0.14(100)	0.14(100)	|	140	
8781	40	ok	|	0.12	1.00	1.00	0.13	0.01	0	|	rapi	0.12	0.13	0	|	100.0	0.13(100)	0.13(100)	|	140	
8781	41	ok	|	0.11	1.00	1.00	0.12	0.01	0	|	rapi	0.11	0.12	0	|	100.0	0.12(100)	0.12(100)	|	140	
8781	42	ok	|	0.10	1.00	1.00	0.11	0.01	0	|	rapi	0.10	0.11	0	|	100.0	0.11(100)	0.11(100)	|	140	
8781	43	ok	|	0.12	1.00	1.00	0.12	0.01	0	|	rapi	0.12	0.12	0	|	100.0	0.12(100)	0.12(100)	|	140	
8781	44	ok	|	0.12	1.00	1.00	0.12	0.01	0	|	rapi	0.12	0.12	0	|	100.0	0.12(100)	0.12(100)	|	140	
8781	45	ok	|	0.12	1.00	1.00	0.12	0.01	0	|	rapi	0.12	0.12	0	|	100.0	0.12(100)	0.12(100)	|	140	
8781	46	ok	|	0.12	1.00	1.00	0.12	0.01	0	|	rapi	0.12	0.12	0	|	100.0	0.12(100)	0.12(100)	|	140	
8781	47	ok	|	0.13	1.00	1.00	0.13	0.01	0	|	rapi	0.13	0.13	0	|	100.0	0.13(100)	0.13(100)	|	140	
8781	48	ok	|	0.12	1.00	1.00	0.12	0.01	0	|	rapi	0.12	0.12	0	|	100.0	0.12(100)	0.12(100)	|	140	
8781	49	ok	|	0.12	1.00	1.00	0.12	0.01	0	|	rapi	0.12	0.12	0	|	100.0	0.12(100)	0.12(100)	|	140	
8781	50	ok	|	0.11	1.00	1.00	0.12	0.01	0	|	rapi	0.11	0.12	0	|	100.0	0.12(100)	0.12(100)	|	140	
8781	51	ok	|	0.11	1.00	1.00	0.12	0.01	0	|	rapi	0.11	0.12	0	|	100.0	0.12(100)	0.12(100)	|	140	
8781	52	ok	|	0.11	1.00	1.00	0.11	0.01	0	|	rapi	0.11	0.11	0	|	100.0	0.11(100)	0.11(100)	|	140	
8781	53	ok	|	0.11	1.00	1.00	0.11	0.01	0	|	rapi	0.11	0.11	0	|	100.0	0.11(100)	0.11(100)	|	140	
8781	54	ok	|	0.10	1.00	1.00	0.10	0.01	0	|	rapi	0.10	0.10	0	|	100.0	0.10(100)	0.10(100)	|	140	
8781	55	ok	|	0.08	1.00	1.00	0.09	0.01	0	|	rapi	0.08	0.09	0	|	100.0	0.09(100)	0.09(100)	|	140	
8781	56	ok	|	0.08	1.00	1.00	0.08	0.01	0	|	rapi	0.08	0.08	0	|	100.0	0.08(100)	0.08(100)	|	140	
8781	57	ok	|	0.10	1.00	1.00	0.11	0.01	0	|	rapi	0.10	0.11	0	|	100.0	0.11(100)	0.11(100)	|	140	
8781	58	ok	|	0.11	1.00	1.00	0.12	0.01	0	|	rapi	0.11	0.12	0	|	100.0	0.12(100)	0.12(100)	|	140	
8781	59	ok	|	0.11	1.00	1.00	0.11	0.01	0	|	rapi	0.11	0.11	0	|	100.0	0.11(100)	0.11(100)	|	140	
8781	60	ok	|	0.11	1.00	1.00	0.12	0.01	0	|	rapi	0.11	0.12	0	|	100.0	0.12(100)	0.12(100)	|	140	
8781	61	ok	|	0.11	1.00	1.00	0.11	0.01	0	|	rapi	0.11	0.11	0	|	100.0	0.11(100)	0.11(100)	|	140	
8781	62	ok	|	0.09	1.00	1.00	0.09	0.01	0	|	rapi	0.09	0.09	0	|	100.0	0.09(100)	0.09(100)	|	140	
8781	63	ok	|	0.10	1.00	1.00	0.10	0.01	0	|	rapi	0.10	0.10	0	|	100.0	0.10(100)	0.10(100)	|	140	
8781	64	ok	|	0.11	1.00	1.00	0.11	0.01	0	|	rapi	0.11	0.11	0	|	100.0	0.11(100)	0.11(100)	|	140	
8781	65	ok	|	0.11	1.00	1.00	0.11	0.01	0	|	rapi	0.11	0.11	0	|	100.0	0.11(100)	0.11(100)	|	140	
8781	66	ok	|	0.10	1.00	1.00	0.11	0.01	0	|	rapi	0.10	0.11	0	|	100.0	0.11(100)	0.11(100)	|	140	
8781	67	ok	|	0.11	1.00	1.00	0.12	0.01	0	|	rapi	0.11	0.12	0	|	100.0	0.12(100)	0.12(100)	|	140	
8781	68	ok	|	0.12	1.00	1.00	0.12	0.01	0	|	rapi	0.12	0.12	0	|	100.0	0.12(100)	0.12(100)	|	140	
8781	69	ok	|	0.12	1.00	1.00	0.12	0.01	0	|	rapi	0.12	0.12	0	|	100.0	0.12(100)	0.12(100)	|	140	
8781	70	ok	|	0.13	1.00	1.00	0.14	0.01	0	|	rapi	0.13	0.14	0	|	100.0	0.14(100)	0.14(100)	|	140	
8781	71	ok	|	0.15	1.00	1.00	0.17	0.02	0	|	rapi	0.15	0.17	0	|	100.0	0.17(100)	0.17(100)	|	140	
8781	72	ok	|	0.17	1.00	1.00	0.18	0.02	0	|	rapi	0.17	0.18	0	|	100.0	0.18(100)	0.18(100)	|	140	
8781	73	ok	|	0.19	1.00	1.00	0.20	0.02	0	|	rapi	0.19	0.20	0	|	100.0	0.20(100)	0.20(100)	|	140	
8781	74	ok	|	0.19	1.00	1.00	0.21	0.02	0	|	rapi	0.19	0.21	0	|	100.0	0.21(100)	0.21(100)	|	140	
8781	75	ok	|	0.18	1.00	1.00	0.20	0.02	0	|	rapi	0.18	0.20	0	|	100.0	0.20(100)	0.20(100)	|	140	
8781	76	ok	|	0.18	1.00	1.00	0.19	0.02	0	|	rapi	0.18	0.19	0	|	100.0	0.19(100)	0.19(100)	|	140	
8781	77	ok	|	0.17	1.00	1.00	0.18	0.02	0	|	rapi	0.17	0.18	0	|	100.0	0.18(100)	0.18(100)	|	140	
8781	78	ok	|	0.17	1.00	1.00	0.17	0.02	0	|	rapi	0.17	0.17	0	|	100.0	0.17(100)	0.17(100)	|	140	
8781	79	ok	|	0.15	1.00	1.00	0.16	0.02	0	|	rapi	0.15	0.16	0	|	100.0	0.16(100)	0.16(100)	|	140	
8781	80	ok	|	0.15	1.00	1.00	0.16	0.02	0	|	rapi	0.15	0.16	0	|	100.0	0.16(100)	0.16(100)	|	140	
8781	81	ok	|	0.16	1.00	1.00	0.16	0.02	0	|	rapi	0.16	0.16	0	|	100.0	0.16(100)	0.16(100)	|	140	
8781	82	ok	|	0.13	1.00	1.00	0.14	0.01	0	|	rapi	0.13	0.14	0	|	100.0	0.14(100)	0.14(100)	|	140	
8781	83	ok	|	0.13	1.00	1.00	0.14	0.01	0	|	rapi	0.13	0.14	0	|	100.0	0.14(100)	0.14(100)	|	140	
8781	84	ok	|	0.14	1.00	1.00	0.14	0.01	0	|	rapi	0.14	0.14	0	|	100.0	0.14(100)	0.14(100)	|	140	
8781	85	ok	|	0.13	1.00	1.00	0.14	0.01	0	|	rapi	0.13	0.14	0	|	100.0	0.14(100)	0.14(100)	|	140	
8781	86	ok	|	0.14	1.00	1.00	0.15	0.02	0	|	rapi	0.14	0.15	0	|	100.0	0.15(100)	0.15(100)	|	140	
8781	87	ok	|	0.14	1.00	1.00	0.16	0.02	0	|	rapi	0.14	0.16	0	|	100.0	0.16(100)	0.16(100)	|	140	
8781	88	ok	|	0.16	1.00	1.00	0.17	0.02	0	|	rapi	0.16	0.17	0	|	100.0	0.17(100)	0.17(100)	|	140	
8781	89	ok	|	0.17	1.00	1.00	0.18	0.02	0	|	rapi	0.17	0.18	0	|	100.0	0.18(100)	0.18(100)	|	140	
8781	90	ok	|	0.17	1.00	1.00	0.18	0.02	0	|	rapi	0.17	0.18	0	|	100.0	0.18(100)	0.18(100)	|	140	
8781	91	ok	|	0.16	1.00	1.00	0.17	0.02	0	|	rapi	0.16	0.17	0	|	100.0	0.17(100)	0.17(100)	|	140	
8781	92	ok	|	0.17	1.00	1.00	0.18	0.02	0	|	rapi	0.17	0.18	0	|	100.0	0.18(100)	0.18(100)	|	140	
8781	93	ok	|	0.14	1.00	1.00	0.15	0.01	0	|	rapi	0.14	0.15	0	|	100.0	0.15(100)	0.15(100)	|	140	
8781	94	ok	|	0.13	1.00	1.00	0.14	0.01	0	|	rapi	0.13	0.14	0	|	100.0	0.14(100)	0.14(100)	|	140	
8781	95	ok	|	0.15	1.00	1.00	0.16	0.02	0	|	rapi	0.15	0.16	0	|	100.0	0.16(100)	0.16(100)	|	140	
8781	96	ok	|	0.15	1.00	1.00	0.15	0.02	0	|	rapi	0.15	0.15	0	|	100.0	0.15(100)	0.15(100)	|	140	
8781	97	ok	|	0.17	1.00	1.00	0.18	0.02	0	|	rapi	0.17	0.18	0	|	100.0	0.18(100)	0.18(100)	|	140	
8781	98	ok	|	0.16	1.00	1.00	0.17	0.02	0	|	rapi	0.16	0.17	0	|	100.0	0.17(100)	0.17(100)	|	140	
8781	99	ok	|	0.16	1.00	1.00	0.18	0.02	0	|	rapi	0.16	0.18	0	|	100.0	0.18(100)	0.18(100)	|	140	
8781	100	ok	|	0.18	1.00	1.00	0.18	0.02	0	|	rapi	0.18	0.18	0	|	100.0	0.18(100)	0.18(100)	|	140	
8781	101	ok	|	0.18	1.00	1.00	0.20	0.02	0	|	rapi	0.18	0.20	0	|	100.0	0.20(100)	0.20(100)	|	140	
8781	102	ok	|	0.18	1.00	1.00	0.20	0.03	0	|	rapi	0.18	0.20	0	|	100.0	0.20(100)	0.20(100)	|	140	
8781	103	ok	|	0.19	1.00	1.00	0.21	0.03	0	|	rapi	0.19	0.21	0	|	100.0	0.21(100)	0.21(100)	|	140	
8781	104	ok	|	0.19	1.00	1.00	0.20	0.03	0	|	rapi	0.19	0.20	0	|	100.0	0.20(100)	0.20(100)	|	140	
8781	105	ok	|	0.16	1.00	1.00	0.17	0.03	0	|	rapi	0.16	0.17	0	|	100.0	0.17(100)	0.17(100)	|	140	
8781	106	ok	|	0.16	1.00	1.00	0.17	0.03	0	|	rapi	0.16	0.17	0	|	100.0	0.17(100)	0.17(100)	|	140	
8781	107	ok	|	0.18	1.00	1.00	0.19	0.03	0	|	rapi	0.18	0.19	0	|	100.0	0.19(100)	0.19(100)	|	140	
8781	108	ok	|	0.18	1.00	1.00	0.19	0.03	0	|	rapi	0.18	0.19	0	|	100.0	0.19(100)	0.19(100)	|	140	
8781	109	ok	|	0.20	1.00	1.00	0.22	0.04	0	|	rapi	0.20	0.22	0	|	100.0	0.22(100)	0.22(100)	|	140	
8781	110	ok	|	0.20	1.00	1.00	0.21	0.03	0	|	rapi	0.20	0.21	0	|	100.0	0.21(100)	0.21(100)	|	140	
8781	111	ok	|	0.17	1.00	1.00	0.19	0.03	0	|	rapi	0.17	0.19	0	|	100.0	0.19(100)	0.19(100)	|	140	
8781	112	ok	|	0.16	1.00	1.00	0.17	0.03	0	|	rapi	0.16	0.17	0	|	100.0	0.17(100)	0.17(100)	|	140	
8781	113	ok	|	0.17	1.00	1.00	0.18	0.03	0	|	rapi	0.17	0.18	0	|	100.0	0.18(100)	0.18(100)	|	140	
8781	114	ok	|	0.16	1.00	1.00	0.17	0.03	0	|	rapi	0.16	0.17	0	|	100.0	0.17(100)	0.17(100)	|	140	
8781	115	ok	|	0.17	1.00	1.00	0.17	0.03	0	|	rapi	0.17	0.17	0	|	100.0	0.17(100)	0.17(100)	|	140	
8781	116	ok	|	0.16	1.00	1.00	0.18	0.03	0	|	rapi	0.16	0.18	0	|	100.0	0.18(100)	0.18(100)	|	140	
8781	117	ok	|	0.16	1.00	1.00	0.17	0.03	0	|	rapi	0.16	0.17	0	|	100.0	0.17(100)	0.17(100)	|	140	
8781	118	ok	|	0.15	1.00	1.00	0.16	0.03	0	|	rapi	0.15	0.16	0	|	100.0	0.16(100)	0.16(100)	|	140	
8781	119	ok	|	0.15	1.00	1.00	0.16	0.03	0	|	rapi	0.15	0.16	0	|	100.0	0.16(100)	0.16(100)	|	140	
8781	120	ok	|	0.15	1.00	1.00	0.17	0.03	0	|	rapi	0.15	0.17	0	|	100.0	0.17(100)	0.17(100)	|	140	
8781	121	ok	|	0.14	1.00	1.00	0.15	0.03	0	|	rapi	0.14	0.15	0	|	100.0	0.15(100)	0.15(100)	|	140	
8781	122	ok	|	0.14	1.00	1.00	0.15	0.02	0	|	rapi	0.14	0.15	0	|	100.0	0.15(100)	0.15(100)	|	140	
8781	123	ok	|	0.12	1.00	1.00	0.13	0.02	0	|	rapi	0.12	0.13	0	|	100.0	0.13(100)	0.13(100)	|	140	
8781	124	ok	|	0.12	1.00	1.00	0.12	0.02	0	|	rapi	0.12	0.12	0	|	100.0	0.12(100)	0.12(100)	|	140	
8781	125	ok	|	0.12	1.00	1.00	0.12	0.02	0	|	rapi	0.12	0.12	0	|	100.0	0.12(100)	0.12(100)	|	140	
8781	126	ok	|	0.11	1.00	1.00	0.11	0.02	0	|	rapi	0.11	0.11	0	|	100.0	0.11(100)	0.11(100)	|	140	
8781	127	ok	|	0.12	1.00	1.00	0.12	0.02	0	|	rapi	0.12	0.12	0	|	100.0	0.12(100)	0.12(100)	|	140	
8781	128	ok	|	0.12	1.00	1.00	0.13	0.02	0	|	rapi	0.12	0.13	0	|	100.0	0.13(100)	0.13(100)	|	140	
8781	129	ok	|	0.12	1.00	1.00	0.12	0.02	0	|	rapi	0.12	0.12	0	|	100.0	0.12(100)	0.12(100)	|	140	
8781	130	ok	|	0.10	1.00	1.00	0.10	0.02	0	|	rapi	0.10	0.10	0	|	100.0	0.10(100)	0.10(100)	|	140	
8781	131	ok	|	0.10	1.00	1.00	0.10	0.02	0	|	rapi	0.10	0.10	0	|	100.0	0.10(100)	0.10(100)	|	140	
8781	132	ok	|	0.11	1.00	1.00	0.11	0.02	0	|	rapi	0.11	0.11	0	|	100.0	0.11(100)	0.11(100)	|	140	
8781	133	ok	|	0.10	1.00	1.00	0.10	0.02	0	|	rapi	0.10	0.10	0	|	100.0	0.10(100)	0.10(100)	|	140	
8781	134	ok	|	0.08	1.00	1.00	0.09	0.01	0	|	rapi	0.08	0.09	0	|	100.0	0.09(100)	0.09(100)	|	140	
8781	135	ok	|	0.07	1.00	1.00	0.07	0.01	0	|	rapi	0.07	0.07	0	|	100.0	0.07(100)	0.07(100)	|	140	
8781	136	ok	|	0.06	1.00	1.00	0.07	0.01	0	|	rapi	0.06	0.07	0	|	100.0	0.07(100)	0.07(100)	|	140	
8781	137	ok	|	0.06	1.00	1.00	0.07	0.01	0	|	rapi	0.06	0.07	0	|	100.0	0.07(100)	0.07(100)	|	140	
8781	138	ok	|	0.06	1.00	1.00	0.07	0.01	0	|	rapi	0.06	0.07	0	|	100.0	0.07(100)	0.07(100)	|	140	
8781	139	ok	|	0.07	1.00	1.00	0.07	0.01	0	|	rapi	0.07	0.07	0	|	100.0	0.07(100)	0.07(100)	|	140	
8781	140	ok	|	0.07	1.00	1.00	0.08	0.01	0	|	rapi	0.07	0.08	0	|	100.0	0.08(100)	0.08(100)	|	140	
8781	141	ok	|	0.07	1.00	1.00	0.08	0.01	0	|	rapi	0.07	0.08	0	|	100.0	0.08(100)	0.08(100)	|	140	
8781	142	ok	|	0.07	1.00	1.00	0.07	0.01	0	|	rapi	0.07	0.07	0	|	100.0	0.07(100)	0.07(100)	|	140	
8781	143	ok	|	0.07	1.00	1.00	0.07	0.01	0	|	rapi	0.07	0.07	0	|	100.0	0.07(100)	0.07(100)	|	140	
8781	144	ok	|	0.08	1.00	1.00	0.08	0.01	0	|	rapi	0.08	0.08	0	|	100.0	0.08(100)	0.08(100)	|	140	
8781	145	ok	|	0.08	1.00	1.00	0.08	0.01	0	|	rapi	0.08	0.08	0	|	100.0	0.08(100)	0.08(100)	|	140	
8781	146	ok	|	0.07	1.00	1.00	0.08	0.01	0	|	rapi	0.07	0.08	0	|	100.0	0.08(100)	0.08(100)	|	140	
8781	147	ok	|	0.06	1.00	1.00	0.06	0.01	0	|	rapi	0.06	0.06	0	|	100.0	0.06(100)	0.06(100)	|	140	
8781	148	ok	|	0.06	1.00	1.00	0.06	0.01	0	|	rapi	0.06	0.06	0	|	100.0	0.06(100)	0.06(100)	|	140	
8781	149	ok	|	0.06	1.00	1.00	0.06	0.01	0	|	rapi	0.06	0.06	0	|	100.0	0.06(100)	0.06(100)	|	140	
8781	150	ok	|	0.05	1.00	1.00	0.06	0.01	0	|	rapi	0.05	0.06	0	|	100.0	0.06(100)	0.06(100)	|	140	
8781	151	ok	|	0.06	1.00	1.00	0.06	0.01	0	|	rapi	0.06	0.06	0	|	100.0	0.06(100)	0.06(100)	|	140	
8781	152	ok	|	0.06	1.00	1.00	0.07	0.01	0	|	rapi	0.06	0.07	0	|	100.0	0.07(100)	0.07(100)	|	140	
8781	153	ok	|	0.07	1.00	1.00	0.07	0.01	0	|	rapi	0.07	0.07	0	|	100.0	0.07(100)	0.07(100)	|	140	
8781	154	ok	|	0.07	1.00	1.00	0.07	0.01	0	|	rapi	0.07	0.07	0	|	100.0	0.07(100)	0.07(100)	|	140	
8781	155	ok	|	0.06	1.00	1.00	0.06	0.01	0	|	rapi	0.06	0.06	0	|	100.0	0.06(100)	0.06(100)	|	140	
8781	156	ok	|	0.07	1.00	1.00	0.07	0.01	0	|	rapi	0.07	0.07	0	|	100.0	0.07(100)	0.07(100)	|	140	
8781	157	ok	|	0.07	1.00	1.00	0.08	0.01	0	|	rapi	0.07	0.08	0	|	100.0	0.08(100)	0.08(100)	|	140	
8781	158	ok	|	0.07	1.00	1.00	0.08	0.01	0	|	rapi	0.07	0.08	0	|	100.0	0.08(100)	0.08(100)	|	140	
8781	159	ok	|	0.07	1.00	1.00	0.07	0.01	0	|	rapi	0.07	0.07	0	|	100.0	0.07(100)	0.07(100)	|	140	
8781	160	ok	|	0.07	1.00	1.00	0.07	0.01	0	|	rapi	0.07	0.07	0	|	100.0	0.07(100)	0.07(100)	|	140	
8781	161	ok	|	0.06	1.00	1.00	0.06	0.01	0	|	rapi	0.06	0.06	0	|	100.0	0.06(100)	0.06(100)	|	140	
8781	162	ok	|	0.05	1.00	1.00	0.06	0.01	0	|	rapi	0.05	0.06	0	|	100.0	0.06(100)	0.06(100)	|	140	
8781	163	ok	|	0.05	1.00	1.00	0.05	0.01	0	|	rapi	0.05	0.05	0	|	100.0	0.05(100)	0.05(100)	|	140	
8781	164	ok	|	0.07	1.00	1.00	0.07	0.01	0	|	rapi	0.07	0.07	0	|	100.0	0.07(100)	0.07(100)	|	140	
8781	165	ok	|	0.06	1.00	1.00	0.07	0.01	0	|	rapi	0.06	0.07	0	|	100.0	0.07(100)	0.07(100)	|	140	
8781	166	ok	|	0.06	1.00	1.00	0.06	0.01	0	|	rapi	0.06	0.06	0	|	100.0	0.06(100)	0.06(100)	|	140	
8781	167	ok	|	0.06	1.00	1.00	0.06	0.01	0	|	rapi	0.06	0.06	0	|	100.0	0.06(100)	0.06(100)	|	140	
8781	168	ok	|	0.05	1.00	1.00	0.05	0.01	0	|	rapi	0.05	0.05	0	|	100.0	0.05(100)	0.05(100)	|	140	
8781	169	ok	|	0.05	1.00	1.00	0.05	0.01	0	|	rapi	0.05	0.05	0	|	100.0	0.05(100)	0.05(100)	|	140	
8781	170	ok	|	0.05	1.00	1.00	0.05	0.01	0	|	rapi	0.05	0.05	0	|	100.0	0.05(100)	0.05(100)	|	140	
8781	171	ok	|	0.04	1.00	1.00	0.04	0.01	0	|	rapi	0.04	0.04	0	|	100.0	0.04(100)	0.04(100)	|	140	
8781	172	ok	|	0.04	1.00	1.00	0.04	0.01	0	|	rapi	0.04	0.04	0	|	100.0	0.04(100)	0.04(100)	|	140	
8781	173	ok	|	0.05	1.00	1.00	0.05	0.01	0	|	rapi	0.05	0.05	0	|	100.0	0.05(100)	0.05(100)	|	140	
8781	174	ok	|	0.06	1.00	1.00	0.06	0.01	0	|	rapi	0.06	0.06	0	|	100.0	0.06(100)	0.06(100)	|	140	
8781	175	ok	|	0.07	1.00	1.00	0.07	0.01	0	|	rapi	0.07	0.07	0	|	100.0	0.07(100)	0.07(100)	|	140	
8781	176	ok	|	0.06	1.00	1.00	0.06	0.01	0	|	rapi	0.06	0.06	0	|	100.0	0.06(100)	0.06(100)	|	140	
8781	177	ok	|	0.05	1.00	1.00	0.05	0.01	0	|	rapi	0.05	0.05	0	|	100.0	0.05(100)	0.05(100)	|	140	
8781	178	ok	|	0.05	1.00	1.00	0.05	0.01	0	|	rapi	0.05	0.05	0	|	100.0	0.05(100)	0.05(100)	|	140	
8781	179	ok	|	0.05	1.00	1.00	0.05	0.01	0	|	rapi	0.05	0.05	0	|	100.0	0.05(100)	0.05(100)	|	140	
8781	180	ok	|	0.05	1.00	1.00	0.06	0.01	0	|	rapi	0.05	0.06	0	|	100.0	0.06(100)	0.06(100)	|	140	
8781	181	ok	|	0.06	1.00	1.00	0.06	0.01	0	|	rapi	0.06	0.06	0	|	100.0	0.06(100)	0.06(100)	|	140	
8781	182	ok	|	0.06	1.00	1.00	0.06	0.01	0	|	rapi	0.06	0.06	0	|	100.0	0.06(100)	0.06(100)	|	140	
8781	183	ok	|	0.06	1.00	1.00	0.06	0.01	0	|	rapi	0.06	0.06	0	|	100.0	0.06(100)	0.06(100)	|	140	
8781	184	ok	|	0.05	1.00	1.00	0.05	0.01	0	|	rapi	0.05	0.05	0	|	100.0	0.05(100)	0.05(100)	|	140	
8781	185	ok	|	0.05	1.00	1.00	0.05	0.01	0	|	rapi	0.05	0.05	0	|	100.0	0.05(100)	0.05(100)	|	140	
8781	186	ok	|	0.04	1.00	1.00	0.04	0.01	0	|	rapi	0.04	0.04	0	|	100.0	0.04(100)	0.04(100)	|	140	
8781	187	ok	|	0.04	1.00	1.00	0.05	0.01	0	|	rapi	0.04	0.05	0	|	100.0	0.05(100)	0.05(100)	|	140	
8781	188	ok	|	0.05	1.00	1.00	0.05	0.01	0	|	rapi	0.05	0.05	0	|	100.0	0.05(100)	0.05(100)	|	140	
8781	189	ok	|	0.04	1.00	1.00	0.04	0.01	0	|	rapi	0.04	0.04	0	|	100.0	0.04(100)	0.04(100)	|	140	
8781	190	ok	|	0.03	1.00	1.00	0.03	0.01	0	|	rapi	0.03	0.03	0	|	100.0	0.03(100)	0.03(100)	|	140	
8781	191	ok	|	0.02	1.00	1.00	0.02	0.00	0	|	rapi	0.02	0.02	0	|	100.0	0.02(100)	0.02(100)	|	140	
8781	192	ok	|	0.02	1.00	1.00	0.02	0.00	0	|	rapi	0.02	0.02	0	|	100.0	0.02(100)	0.02(100)	|	140	
8781	193	ok	|	0.02	1.00	1.00	0.02	0.00	0	|	rapi	0.02	0.02	0	|	100.0	0.02(100)	0.02(100)	|	140	
8781	194	ok	|	0.02	1.00	1.00	0.02	0.00	0	|	rapi	0.02	0.02	0	|	100.0	0.02(100)	0.02(100)	|	140	
8781	195	ok	|	0.02	1.00	1.00	0.02	0.00	0	|	rapi	0.02	0.02	0	|	100.0	0.02(100)	0.02(100)	|	140	
8781	196	ok	|	0.01	1.00	1.00	0.01	0.00	0	|	rapi	0.01	0.01	0	|	100.0	0.01(100)	0.01(100)	|	140	
8781	197	ok	|	0.01	1.00	1.00	0.01	0.00	0	|	rapi	0.01	0.01	0	|	100.0	0.01(100)	0.01(100)	|	140	
8781	198	ok	|	0.01	1.00	1.00	0.01	0.00	0	|	rapi	0.01	0.01	0	|	100.0	0.01(100)	0.01(100)	|	140	
8781	199	ok	|	0.01	1.00	1.00	0.01	0.00	0	|	rapi	0.01	0.01	0	|	100.0	0.01(100)	0.01(100)	|	140	
8781	200	ok	|	0.01	1.00	1.00	0.01	0.00	0	|	rapi	0.01	0.01	0	|	100.0	0.01(100)	0.01(100)	|	140	
8781	201	ok	|	0.01	1.00	1.00	0.01	0.00	0	|	rapi	0.01	0.01	0	|	100.0	0.01(100)	0.01(100)	|	140	
8781	202	ok	|	0.01	1.00	1.00	0.01	0.01	0	|	rapi	0.01	0.01	0	|	100.0	0.01(100)	0.01(100)	|	140	
8781	203	ok	|	0.02	1.00	1.00	0.02	0.01	0	|	rapi	0.02	0.02	0	|	100.0	0.02(100)	0.02(100)	|	140	
8781	204	ok	|	0.01	1.00	1.00	0.01	0.01	0	|	rapi	0.01	0.01	0	|	100.0	0.01(100)	0.01(100)	|	140	
8781	205	ok	|	0.01	1.00	1.00	0.01	0.00	0	|	rapi	0.01	0.01	0	|	100.0	0.01(100)	0.01(100)	|	140	
8781	206	ok	|	0.01	1.00	1.00	0.01	0.00	0	|	rapi	0.01	0.01	0	|	100.0	0.01(100)	0.01(100)	|	140	
8781	207	ok	|	0.00	1.00	1.00	0.00	0.00	0	|	rapi	0.00	0.00	0	|	100.0	0.00(100)	0.00(100)	|	140	
8781	208	ok	|	0.00	1.00	1.00	0.00	0.00	0	|	rapi	0.00	0.00	0	|	100.0	0.00(100)	0.00(100)	|	140	
8781	209	ok	|	0.00	1.00	1.00	0.00	0.00	0	|	rapi	0.00	0.00	0	|	100.0	0.00(100)	0.00(100)	|	140	
8781	210	ok	|	0.00	1.00	1.00	0.00	0.00	0	|	rapi	0.00	0.00	0	|	100.0	0.00(100)	0.00(100)	|	140	
8781	211	ok	|	0.00	1.00	1.00	0.00	0.00	0	|	rapi	0.00	0.00	0	|	100.0	0.00(100)	0.00(100)	|	140	
8781	212	ok	|	0.00	1.00	1.00	0.00	0.00	0	|	rapi	0.00	0.00	0	|	100.0	0.00(100)	0.00(100)	|	140	
8781	213	ok	|	0.00	1.00	1.00	0.00	0.00	0	|	rapi	0.00	0.00	0	|	100.0	0.00(100)	0.00(100)	|	140	
8781	214	fail-0	|	0.00	1.00	1.00	0.00	NaN	0	|	rapi	0.00	0.00	0	|	NaN			|	140	
