8804	0	ok	|	0.09	1.00	1.00	0.10	0.00	0	|	rapi	0.00	0.00	0	|	-5.0	0.10(-5)		|	1	
8804	1	ok	|	0.10	1.00	1.00	0.11	0.00	0	|	rapi	0.00	0.00	0	|	-5.0	0.11(-5)		|	1	
8804	2	ok	|	0.13	1.00	1.00	0.15	0.00	0	|	rapi	0.00	0.00	0	|	-5.0	0.15(-5)		|	1	
8804	3	ok	|	0.15	1.00	1.00	0.19	0.00	0	|	rapi	0.00	0.00	0	|	-5.0	0.19(-5)		|	1	
8804	4	ok	|	0.16	1.00	1.00	0.20	0.00	0	|	rapi	0.00	0.00	0	|	-5.0	0.20(-5)		|	1	
8804	5	ok	|	0.19	1.00	1.00	0.25	0.00	0	|	rapi	0.00	0.00	0	|	-5.0	0.25(-5)		|	1	
8804	6	ok	|	0.21	1.00	1.00	0.29	0.00	0	|	rapi	0.00	0.00	0	|	-5.0	0.29(-5)		|	1	
8804	7	ok	|	0.22	1.00	1.00	0.30	0.00	0	|	rapi	0.00	0.00	0	|	-5.0	0.30(-5)		|	1	
8804	8	ok	|	0.24	1.00	1.00	0.35	0.00	0	|	rapi	0.00	0.00	0	|	-5.0	0.35(-5)		|	1	
8804	9	ok	|	0.27	1.00	1.00	0.40	0.00	0	|	rapi	0.00	0.00	0	|	-5.0	0.40(-5)		|	1	
8804	10	ok	|	0.30	1.00	1.00	0.49	0.00	0	|	rapi	0.00	0.00	0	|	-5.0	0.49(-5)		|	1	
8804	11	ok	|	0.34	0.99	0.99	0.54	0.00	0	|	rapi	0.00	0.00	0	|	-5.0	0.54(-5)		|	1	
8804	12	ok	|	0.38	0.99	0.99	0.63	0.00	0	|	rapi	0.00	0.00	0	|	-5.0	0.63(-5)		|	1	
8804	13	ok	|	0.43	0.99	0.99	0.75	0.00	0	|	rapi	0.00	0.00	0	|	-5.0	0.75(-5)		|	1	
8804	14	ok	|	0.51	0.99	0.99	0.95	0.00	0	|	rapi	0.00	0.00	0	|	-5.0	0.95(-5)		|	1	
8804	15	ok	|	0.56	0.99	0.99	1.13	0.00	0	|	rapi	0.00	0.00	0	|	-5.0	1.13(-5)		|	1	
8804	16	ok	|	0.64	0.99	0.99	1.36	0.00	0	|	rapi	0.00	0.00	0	|	-5.0	1.36(-5)		|	1	
8804	17	ok	|	0.69	0.98	0.98	1.57	0.00	0	|	rapi	0.00	0.00	0	|	-5.0	1.57(-5)		|	1	
8804	18	ok	|	0.74	0.98	0.98	1.80	0.00	0	|	rapi	0.00	0.00	0	|	-5.0	1.80(-5)		|	1	
8804	19	ok	|	0.80	0.98	0.98	2.12	0.00	0	|	rapi	0.00	0.00	0	|	-5.0	2.12(-5)		|	1	
8804	20	ok	|	0.86	0.97	0.97	2.56	0.00	0	|	rapi	0.00	0.00	0	|	-5.0	2.56(-5)		|	1	
8804	21	ok	|	0.91	0.97	0.97	2.99	0.00	0	|	rapi	0.00	0.00	0	|	-5.0	2.99(-5)		|	1	
8804	22	ok	|	0.94	0.96	0.96	3.52	0.00	0	|	rapi	0.00	0.00	0	|	-5.0	3.52(-5)		|	1	
8804	23	ok	|	0.96	0.96	0.96	4.26	0.00	0	|	rapi	0.00	0.00	0	|	-5.0	4.26(-5)		|	1	
8804	24	ok	|	0.99	0.95	0.95	5.15	0.00	0	|	rapi	0.00	0.00	0	|	-5.0	5.15(-5)		|	1	
8804	25	ok	|	0.99	0.94	0.94	6.19	0.00	0	|	rapi	0.00	0.00	0	|	-5.0	6.19(-5)	0.00(-5)	|	1	
8804	26	ok	|	1.00	0.93	0.93	7.41	0.00	0	|	rapi	0.00	0.00	0	|	-5.0	7.41(-5)	0.00(-5)	|	1	
8804	27	ok	|	1.00	0.91	0.91	8.57	0.00	0	|	rapi	0.00	0.00	0	|	-5.0	8.57(-5)	0.00(-5)	|	1	
8804	28	ok	|	1.00	0.90	0.90	10.02	0.00	0	|	rapi	0.00	0.00	0	|	-5.0	10.02(-5)	0.00(-5)	|	1	
8804	29	ok	|	1.00	0.88	0.88	11.85	0.00	0	|	rapi	0.00	0.00	0	|	-5.0	11.85(-5)	0.00(-5)	|	1	
8804	30	ok	|	1.00	0.86	0.86	13.77	0.00	0	|	rapi	0.00	0.00	0	|	-5.0	13.77(-5)	0.00(-5)	|	1	
8804	31	ok	|	1.00	0.84	0.84	16.41	0.00	0	|	rapi	0.00	0.00	0	|	-5.0	16.41(-5)	0.00(-5)	|	1	
8804	32	ok	|	1.00	0.81	0.81	19.36	0.00	0	|	rapi	0.00	0.00	0	|	-5.0	19.36(-5)	0.00(-5)	|	1	
8804	33	ok	|	1.00	0.77	0.77	22.74	0.00	0	|	rapi	0.00	0.00	0	|	-5.0	22.74(-5)	0.00(-5)	|	1	
8804	34	ok	|	1.00	0.73	0.73	26.55	0.00	0	|	rapi	0.00	0.00	0	|	-5.0	26.55(-5)	0.00(-5)	|	1	
8804	35	ok	|	1.00	0.69	0.69	31.16	0.00	0	|	rapi	0.00	0.00	0	|	-5.0	31.16(-5)	0.00(-5)	|	1	
8804	36	ok	|	1.00	0.64	0.64	36.29	0.00	0	|	rapi	0.00	0.00	0	|	-5.0	36.29(-5)	0.00(-5)	|	1	
8804	37	ok	|	1.00	0.58	0.58	42.48	0.00	0	|	rapi	0.00	0.00	0	|	-5.0	42.48(-5)	0.00(-5)	|	1	
8804	38	ok	|	1.00	0.51	0.51	49.25	0.00	0	|	rapi	0.00	0.00	0	|	-5.0	49.25(-5)	0.00(-5)	|	1	
8804	39	ok	|	1.00	0.42	0.42	57.56	0.00	0	|	rapi	0.00	0.00	0	|	-5.0	57.56(-5)	0.00(-5)	|	1	
8804	40	ok	|	1.00	0.34	0.34	65.95	0.00	0	|	rapi	0.01	0.01	0	|	-5.0	65.95(-5)	0.01(-5)	|	1	
8804	41	ok	|	1.00	0.25	0.25	75.33	0.00	0	|	rapi	0.01	0.01	0	|	-5.0	75.33(-5)	0.01(-5)	|	1	
8804	42	ok	|	1.00	0.16	0.16	84.75	0.00	0	|	rapi	0.01	0.01	0	|	-5.0	84.75(-5)	0.01(-5)	|	1	
8804	43	fail-w	|	1.00	0.08	0.08	93.65	0.00	0	|	rapi	0.02	0.02	0	|	-5.0	93.65(-5)	0.02(-5)	|	1	
