8907	0	ok	|	0.10	1.00	1.00	0.10	0.00	0	|	rapi	0.00	0.00	0	|	-65.0	0.10(-65)		|	1	
8907	1	ok	|	0.11	1.00	1.00	0.13	0.00	0	|	rapi	0.00	0.00	0	|	-65.0	0.13(-65)		|	1	
8907	2	ok	|	0.12	1.00	1.00	0.14	0.00	0	|	rapi	0.00	0.00	0	|	-65.0	0.14(-65)		|	1	
8907	3	ok	|	0.13	1.00	1.00	0.17	0.00	0	|	rapi	0.00	0.00	0	|	-65.0	0.17(-65)		|	1	
8907	4	ok	|	0.15	1.00	1.00	0.20	0.00	0	|	rapi	0.00	0.00	0	|	-65.0	0.20(-65)		|	1	
8907	5	ok	|	0.18	1.00	1.00	0.24	0.00	0	|	rapi	0.00	0.00	0	|	-65.0	0.24(-65)		|	1	
8907	6	ok	|	0.22	1.00	1.00	0.30	0.00	0	|	rapi	0.00	0.00	0	|	-65.0	0.30(-65)		|	1	
8907	7	ok	|	0.23	1.00	1.00	0.33	0.00	0	|	rapi	0.00	0.00	0	|	-65.0	0.33(-65)		|	1	
8907	8	ok	|	0.26	1.00	1.00	0.40	0.00	0	|	rapi	0.00	0.00	0	|	-65.0	0.40(-65)		|	1	
8907	9	ok	|	0.29	1.00	1.00	0.48	0.00	0	|	rapi	0.00	0.00	0	|	-65.0	0.48(-65)		|	1	
8907	10	ok	|	0.34	0.99	0.99	0.55	0.00	0	|	rapi	0.00	0.00	0	|	-65.0	0.55(-65)		|	1	
8907	11	ok	|	0.39	0.99	0.99	0.64	0.00	0	|	rapi	0.00	0.00	0	|	-65.0	0.64(-65)		|	1	
8907	12	ok	|	0.44	0.99	0.99	0.79	0.00	0	|	rapi	0.00	0.00	0	|	-65.0	0.79(-65)		|	1	
8907	13	ok	|	0.50	0.99	0.99	0.91	0.00	0	|	rapi	0.00	0.00	0	|	-65.0	0.91(-65)		|	1	
8907	14	ok	|	0.56	0.99	0.99	1.09	0.00	0	|	rapi	0.00	0.00	0	|	-65.0	1.09(-65)		|	1	
8907	15	ok	|	0.65	0.99	0.99	1.32	0.00	0	|	rapi	0.00	0.00	0	|	-65.0	1.32(-65)		|	1	
8907	16	ok	|	0.70	0.98	0.98	1.55	0.00	0	|	rapi	0.00	0.00	0	|	-65.0	1.55(-65)		|	1	
8907	17	ok	|	0.75	0.98	0.98	1.85	0.00	0	|	rapi	0.00	0.00	0	|	-65.0	1.85(-65)		|	1	
8907	18	ok	|	0.80	0.98	0.98	2.18	0.00	0	|	rapi	0.00	0.00	0	|	-65.0	2.18(-65)		|	1	
8907	19	ok	|	0.86	0.97	0.97	2.61	0.00	0	|	rapi	0.00	0.00	0	|	-65.0	2.61(-65)		|	1	
8907	20	ok	|	0.91	0.97	0.97	2.99	0.00	0	|	rapi	0.00	0.00	0	|	-65.0	2.99(-65)		|	1	
8907	21	ok	|	0.94	0.97	0.97	3.43	0.00	0	|	rapi	0.00	0.00	0	|	-65.0	3.43(-65)		|	1	
8907	22	ok	|	0.97	0.96	0.96	4.08	0.00	0	|	rapi	0.00	0.00	0	|	-65.0	4.08(-65)		|	1	
8907	23	ok	|	0.98	0.95	0.95	4.96	0.00	0	|	rapi	0.00	0.00	0	|	-65.0	4.96(-65)		|	1	
8907	24	ok	|	0.98	0.94	0.94	5.81	0.00	0	|	rapi	0.00	0.00	0	|	-65.0	5.81(-65)		|	1	
8907	25	ok	|	1.00	0.93	0.93	6.98	0.00	0	|	rapi	0.00	0.00	0	|	-65.0	6.98(-65)		|	1	
8907	26	ok	|	1.00	0.92	0.92	8.38	0.00	0	|	rapi	0.00	0.00	0	|	-65.0	8.38(-65)		|	1	
8907	27	ok	|	1.00	0.90	0.90	9.85	0.00	0	|	rapi	0.00	0.00	0	|	-65.0	9.85(-65)		|	1	
8907	28	ok	|	1.00	0.89	0.89	11.27	0.00	0	|	rapi	0.00	0.00	0	|	-65.0	11.27(-65)		|	1	
8907	29	ok	|	1.00	0.87	0.87	13.25	0.00	0	|	rapi	0.00	0.00	0	|	-65.0	13.25(-65)		|	1	
8907	30	ok	|	1.00	0.84	0.84	15.82	0.00	0	|	rapi	0.00	0.00	0	|	-65.0	15.82(-65)		|	1	
8907	31	ok	|	1.00	0.81	0.81	18.68	0.00	0	|	rapi	0.00	0.00	0	|	-65.0	18.68(-65)		|	1	
8907	32	ok	|	1.00	0.78	0.78	21.93	0.00	0	|	rapi	0.00	0.00	0	|	-65.0	21.93(-65)		|	1	
8907	33	ok	|	1.00	0.75	0.75	25.45	0.00	0	|	rapi	0.00	0.00	0	|	-65.0	25.45(-65)		|	1	
8907	34	ok	|	1.00	0.70	0.70	30.11	0.00	0	|	rapi	0.00	0.00	0	|	-65.0	30.11(-65)	0.00(-65)	|	1	
8907	35	ok	|	1.00	0.65	0.65	35.26	0.00	0	|	rapi	0.00	0.00	0	|	-65.0	35.26(-65)	0.00(-65)	|	1	
8907	36	ok	|	1.00	0.58	0.58	41.77	0.00	0	|	rapi	0.00	0.00	0	|	-65.0	41.77(-65)	0.00(-65)	|	1	
8907	37	ok	|	1.00	0.51	0.51	49.19	0.00	0	|	rapi	0.00	0.00	0	|	-65.0	49.19(-65)		|	1	
8907	38	ok	|	1.00	0.43	0.43	56.76	0.00	0	|	rapi	0.00	0.00	0	|	-65.0	56.76(-65)	0.00(-65)	|	1	
8907	39	ok	|	1.00	0.35	0.35	65.19	0.00	0	|	rapi	0.00	0.00	0	|	-65.0	65.19(-65)		|	1	
8907	40	ok	|	1.00	0.25	0.25	74.59	0.00	0	|	rapi	0.00	0.00	0	|	-65.0	74.59(-65)		|	1	
8907	41	ok	|	1.00	0.16	0.16	84.37	0.00	0	|	rapi	0.00	0.00	0	|	-65.0	84.37(-65)		|	1	
8907	42	fail-w	|	1.00	0.09	0.09	92.77	0.00	0	|	rapi	0.00	0.00	0	|	-65.0	92.77(-65)	0.00(-65)	|	1	
