900	0	ok	|	0.10	1.00	1.00	0.10	0.00	0	|	rapi	0.10	0.10	0	|	94.0	0.10(94)	0.10(94)	|	8634	
900	1	ok	|	0.08	1.00	1.00	0.08	0.00	0	|	rapi	0.08	0.08	0	|	94.0	0.08(94)	0.08(94)	|	8634	
900	2	ok	|	0.08	1.00	1.00	0.09	0.00	0	|	rapi	0.08	0.09	0	|	94.0	0.09(94)	0.09(94)	|	8634	
900	3	ok	|	0.07	1.00	1.00	0.08	0.00	0	|	rapi	0.07	0.08	0	|	94.0	0.08(94)	0.08(94)	|	8634	
900	4	ok	|	0.08	1.00	1.00	0.08	0.00	0	|	rapi	0.08	0.08	0	|	94.0	0.08(94)	0.08(94)	|	8634	
900	5	ok	|	0.09	1.00	1.00	0.09	0.00	0	|	rapi	0.09	0.09	0	|	94.0	0.09(94)	0.09(94)	|	8634	
900	6	ok	|	0.08	1.00	1.00	0.09	0.00	0	|	rapi	0.08	0.09	0	|	94.0	0.09(94)	0.09(94)	|	8634	
900	7	ok	|	0.09	1.00	1.00	0.09	0.00	0	|	rapi	0.09	0.09	0	|	94.0	0.09(94)	0.09(94)	|	8634	
900	8	ok	|	0.08	1.00	1.00	0.08	0.00	0	|	rapi	0.08	0.08	0	|	94.0	0.08(94)	0.08(94)	|	8634	
900	9	ok	|	0.08	1.00	1.00	0.08	0.00	0	|	rapi	0.08	0.08	0	|	94.0	0.08(94)	0.08(94)	|	8634	
900	10	ok	|	0.07	1.00	1.00	0.07	0.00	0	|	rapi	0.07	0.07	0	|	94.0	0.07(94)	0.07(94)	|	8634	
900	11	ok	|	0.07	1.00	1.00	0.07	0.00	0	|	rapi	0.07	0.07	0	|	94.0	0.07(94)	0.07(94)	|	8634	
900	12	ok	|	0.07	1.00	1.00	0.07	0.00	0	|	rapi	0.07	0.07	0	|	94.0	0.07(94)	0.07(94)	|	8634	
900	13	ok	|	0.07	1.00	1.00	0.07	0.00	0	|	rapi	0.07	0.07	0	|	94.0	0.07(94)	0.07(94)	|	8634	
900	14	ok	|	0.08	1.00	1.00	0.08	0.00	0	|	rapi	0.08	0.08	0	|	94.0	0.08(94)	0.08(94)	|	8634	
900	15	ok	|	0.08	1.00	1.00	0.08	0.00	0	|	rapi	0.08	0.08	0	|	94.0	0.08(94)	0.08(94)	|	8634	
900	16	ok	|	0.09	1.00	1.00	0.09	0.00	0	|	rapi	0.09	0.09	0	|	94.0	0.09(94)	0.09(94)	|	8634	
900	17	ok	|	0.07	1.00	1.00	0.07	0.00	0	|	rapi	0.07	0.07	0	|	94.0	0.07(94)	0.07(94)	|	8634	
900	18	ok	|	0.07	1.00	1.00	0.07	0.01	0	|	rapi	0.07	0.07	0	|	94.0	0.07(94)	0.07(94)	|	8634	
900	19	ok	|	0.07	1.00	1.00	0.07	0.00	0	|	rapi	0.07	0.07	0	|	94.0	0.07(94)	0.07(94)	|	8634	
900	20	ok	|	0.07	1.00	1.00	0.08	0.01	0	|	rapi	0.07	0.08	0	|	94.0	0.08(94)	0.08(94)	|	8634	
900	21	ok	|	0.07	1.00	1.00	0.07	0.01	0	|	rapi	0.07	0.07	0	|	94.0	0.07(94)	0.07(94)	|	8634	
900	22	ok	|	0.07	1.00	1.00	0.08	0.01	0	|	rapi	0.07	0.08	0	|	94.0	0.08(94)	0.08(94)	|	8634	
900	23	ok	|	0.07	1.00	1.00	0.07	0.01	0	|	rapi	0.07	0.07	0	|	94.0	0.07(94)	0.07(94)	|	8634	
900	24	ok	|	0.07	1.00	1.00	0.07	0.01	0	|	rapi	0.07	0.07	0	|	94.0	0.07(94)	0.07(94)	|	8634	
900	25	ok	|	0.07	1.00	1.00	0.07	0.01	0	|	rapi	0.07	0.07	0	|	94.0	0.07(94)	0.07(94)	|	8634	
900	26	ok	|	0.06	1.00	1.00	0.06	0.01	0	|	rapi	0.06	0.06	0	|	94.0	0.06(94)	0.06(94)	|	8634	
900	27	ok	|	0.07	1.00	1.00	0.07	0.01	0	|	rapi	0.07	0.07	0	|	94.0	0.07(94)	0.07(94)	|	8634	
900	28	ok	|	0.06	1.00	1.00	0.06	0.01	0	|	rapi	0.06	0.06	0	|	94.0	0.06(94)	0.06(94)	|	8634	
900	29	ok	|	0.06	1.00	1.00	0.06	0.00	0	|	rapi	0.06	0.06	0	|	94.0	0.06(94)	0.06(94)	|	8634	
900	30	ok	|	0.05	1.00	1.00	0.05	0.00	0	|	rapi	0.05	0.05	0	|	94.0	0.05(94)	0.05(94)	|	8634	
900	31	ok	|	0.07	1.00	1.00	0.07	0.01	0	|	rapi	0.07	0.07	0	|	94.0	0.07(94)	0.07(94)	|	8634	
900	32	ok	|	0.07	1.00	1.00	0.08	0.01	0	|	rapi	0.07	0.08	0	|	94.0	0.08(94)	0.08(94)	|	8634	
900	33	ok	|	0.07	1.00	1.00	0.07	0.01	0	|	rapi	0.07	0.07	0	|	94.0	0.07(94)	0.07(94)	|	8634	
900	34	ok	|	0.07	1.00	1.00	0.07	0.01	0	|	rapi	0.07	0.07	0	|	94.0	0.07(94)	0.07(94)	|	8634	
900	35	ok	|	0.09	1.00	1.00	0.09	0.01	0	|	rapi	0.09	0.09	0	|	94.0	0.09(94)	0.09(94)	|	8634	
900	36	ok	|	0.08	1.00	1.00	0.08	0.01	0	|	rapi	0.08	0.08	0	|	94.0	0.08(94)	0.08(94)	|	8634	
900	37	ok	|	0.07	1.00	1.00	0.07	0.01	0	|	rapi	0.07	0.07	0	|	94.0	0.07(94)	0.07(94)	|	8634	
900	38	ok	|	0.06	1.00	1.00	0.06	0.01	0	|	rapi	0.06	0.06	0	|	94.0	0.06(94)	0.06(94)	|	8634	
900	39	ok	|	0.08	1.00	1.00	0.08	0.01	0	|	rapi	0.08	0.08	0	|	94.0	0.08(94)	0.08(94)	|	8634	
900	40	ok	|	0.08	1.00	1.00	0.08	0.01	0	|	rapi	0.08	0.08	0	|	94.0	0.08(94)	0.08(94)	|	8634	
900	41	ok	|	0.08	1.00	1.00	0.08	0.01	0	|	rapi	0.08	0.08	0	|	94.0	0.08(94)	0.08(94)	|	8634	
900	42	ok	|	0.08	1.00	1.00	0.08	0.01	0	|	rapi	0.08	0.08	0	|	94.0	0.08(94)	0.08(94)	|	8634	
900	43	ok	|	0.07	1.00	1.00	0.08	0.01	0	|	rapi	0.07	0.08	0	|	94.0	0.08(94)	0.08(94)	|	8634	
900	44	ok	|	0.07	1.00	1.00	0.08	0.01	0	|	rapi	0.07	0.08	0	|	94.0	0.08(94)	0.08(94)	|	8634	
900	45	ok	|	0.07	1.00	1.00	0.08	0.01	0	|	rapi	0.07	0.08	0	|	94.0	0.08(94)	0.08(94)	|	8634	
900	46	ok	|	0.07	1.00	1.00	0.07	0.01	0	|	rapi	0.07	0.07	0	|	94.0	0.07(94)	0.07(94)	|	8634	
900	47	ok	|	0.08	1.00	1.00	0.09	0.01	0	|	rapi	0.08	0.09	0	|	94.0	0.09(94)	0.09(94)	|	8634	
900	48	ok	|	0.08	1.00	1.00	0.08	0.01	0	|	rapi	0.08	0.08	0	|	94.0	0.08(94)	0.08(94)	|	8634	
900	49	ok	|	0.08	1.00	1.00	0.08	0.01	0	|	rapi	0.08	0.08	0	|	94.0	0.08(94)	0.08(94)	|	8634	
900	50	ok	|	0.09	1.00	1.00	0.09	0.01	0	|	rapi	0.09	0.09	0	|	94.0	0.09(94)	0.09(94)	|	8634	
900	51	ok	|	0.09	1.00	1.00	0.09	0.01	0	|	rapi	0.09	0.09	0	|	94.0	0.09(94)	0.09(94)	|	8634	
900	52	ok	|	0.09	1.00	1.00	0.09	0.01	0	|	rapi	0.09	0.09	0	|	94.0	0.09(94)	0.09(94)	|	8634	
900	53	ok	|	0.10	1.00	1.00	0.10	0.01	0	|	rapi	0.10	0.10	0	|	94.0	0.10(94)	0.10(94)	|	8634	
900	54	ok	|	0.10	1.00	1.00	0.10	0.01	0	|	rapi	0.10	0.10	0	|	94.0	0.10(94)	0.10(94)	|	8634	
900	55	ok	|	0.09	1.00	1.00	0.10	0.01	0	|	rapi	0.09	0.10	0	|	94.0	0.10(94)	0.10(94)	|	8634	
900	56	ok	|	0.10	1.00	1.00	0.10	0.02	0	|	rapi	0.10	0.10	0	|	94.0	0.10(94)	0.10(94)	|	8634	
900	57	ok	|	0.10	1.00	1.00	0.11	0.02	0	|	rapi	0.10	0.11	0	|	94.0	0.11(94)	0.11(94)	|	8634	
900	58	ok	|	0.10	1.00	1.00	0.11	0.02	0	|	rapi	0.10	0.11	0	|	94.0	0.11(94)	0.11(94)	|	8634	
900	59	ok	|	0.08	1.00	1.00	0.08	0.01	0	|	rapi	0.08	0.08	0	|	94.0	0.08(94)	0.08(94)	|	8634	
900	60	ok	|	0.10	1.00	1.00	0.10	0.02	0	|	rapi	0.10	0.10	0	|	94.0	0.10(94)	0.10(94)	|	8634	
900	61	ok	|	0.08	1.00	1.00	0.09	0.01	0	|	rapi	0.08	0.09	0	|	94.0	0.09(94)	0.09(94)	|	8634	
900	62	ok	|	0.09	1.00	1.00	0.09	0.01	0	|	rapi	0.09	0.09	0	|	94.0	0.09(94)	0.09(94)	|	8634	
900	63	ok	|	0.09	1.00	1.00	0.10	0.02	0	|	rapi	0.09	0.10	0	|	94.0	0.10(94)	0.10(94)	|	8634	
900	64	ok	|	0.10	1.00	1.00	0.11	0.02	0	|	rapi	0.10	0.11	0	|	94.0	0.11(94)	0.11(94)	|	8634	
900	65	ok	|	0.10	1.00	1.00	0.10	0.02	0	|	rapi	0.10	0.10	0	|	94.0	0.10(94)	0.10(94)	|	8634	
900	66	ok	|	0.10	1.00	1.00	0.10	0.02	0	|	rapi	0.10	0.10	0	|	94.0	0.10(94)	0.10(94)	|	8634	
900	67	ok	|	0.10	1.00	1.00	0.11	0.02	0	|	rapi	0.10	0.11	0	|	94.0	0.11(94)	0.11(94)	|	8634	
900	68	ok	|	0.10	1.00	1.00	0.10	0.02	0	|	rapi	0.10	0.10	0	|	94.0	0.10(94)	0.10(94)	|	8634	
900	69	ok	|	0.10	1.00	1.00	0.11	0.02	0	|	rapi	0.10	0.11	0	|	94.0	0.11(94)	0.11(94)	|	8634	
900	70	ok	|	0.11	1.00	1.00	0.11	0.02	0	|	rapi	0.11	0.11	0	|	94.0	0.11(94)	0.11(94)	|	8634	
900	71	ok	|	0.10	1.00	1.00	0.11	0.02	0	|	rapi	0.10	0.11	0	|	94.0	0.11(94)	0.11(94)	|	8634	
900	72	ok	|	0.10	1.00	1.00	0.10	0.02	0	|	rapi	0.10	0.10	0	|	94.0	0.10(94)	0.10(94)	|	8634	
900	73	ok	|	0.10	1.00	1.00	0.10	0.02	0	|	rapi	0.10	0.10	0	|	94.0	0.10(94)	0.10(94)	|	8634	
900	74	ok	|	0.10	1.00	1.00	0.11	0.02	0	|	rapi	0.10	0.11	0	|	94.0	0.11(94)	0.11(94)	|	8634	
900	75	ok	|	0.11	1.00	1.00	0.12	0.02	0	|	rapi	0.11	0.12	0	|	94.0	0.12(94)	0.12(94)	|	8634	
900	76	ok	|	0.12	1.00	1.00	0.12	0.02	0	|	rapi	0.12	0.12	0	|	94.0	0.12(94)	0.12(94)	|	8634	
900	77	ok	|	0.12	1.00	1.00	0.12	0.02	0	|	rapi	0.12	0.12	0	|	94.0	0.12(94)	0.12(94)	|	8634	
900	78	ok	|	0.12	1.00	1.00	0.13	0.02	0	|	rapi	0.12	0.13	0	|	94.0	0.13(94)	0.13(94)	|	8634	
900	79	ok	|	0.12	1.00	1.00	0.13	0.02	0	|	rapi	0.12	0.13	0	|	94.0	0.13(94)	0.13(94)	|	8634	
900	80	ok	|	0.12	1.00	1.00	0.13	0.02	0	|	rapi	0.12	0.13	0	|	94.0	0.13(94)	0.13(94)	|	8634	
900	81	ok	|	0.12	1.00	1.00	0.12	0.02	0	|	rapi	0.12	0.12	0	|	94.0	0.12(94)	0.12(94)	|	8634	
900	82	ok	|	0.12	1.00	1.00	0.12	0.02	0	|	rapi	0.12	0.12	0	|	94.0	0.12(94)	0.12(94)	|	8634	
900	83	ok	|	0.13	1.00	1.00	0.14	0.02	0	|	rapi	0.13	0.14	0	|	94.0	0.14(94)	0.14(94)	|	8634	
900	84	ok	|	0.12	1.00	1.00	0.12	0.02	0	|	rapi	0.12	0.12	0	|	94.0	0.12(94)	0.12(94)	|	8634	
900	85	ok	|	0.10	1.00	1.00	0.10	0.02	0	|	rapi	0.10	0.10	0	|	94.0	0.10(94)	0.10(94)	|	8634	
900	86	ok	|	0.11	1.00	1.00	0.11	0.02	0	|	rapi	0.11	0.11	0	|	94.0	0.11(94)	0.11(94)	|	8634	
900	87	ok	|	0.09	1.00	1.00	0.09	0.02	0	|	rapi	0.09	0.09	0	|	94.0	0.09(94)	0.09(94)	|	8634	
900	88	ok	|	0.11	1.00	1.00	0.11	0.02	0	|	rapi	0.11	0.11	0	|	94.0	0.11(94)	0.11(94)	|	8634	
900	89	ok	|	0.12	1.00	1.00	0.12	0.02	0	|	rapi	0.12	0.12	0	|	94.0	0.12(94)	0.12(94)	|	8634	
900	90	ok	|	0.12	1.00	1.00	0.12	0.02	0	|	rapi	0.12	0.12	0	|	94.0	0.12(94)	0.12(94)	|	8634	
900	91	ok	|	0.12	1.00	1.00	0.12	0.02	0	|	rapi	0.12	0.12	0	|	94.0	0.12(94)	0.12(94)	|	8634	
900	92	ok	|	0.11	1.00	1.00	0.11	0.02	0	|	rapi	0.11	0.11	0	|	94.0	0.11(94)	0.11(94)	|	8634	
900	93	ok	|	0.11	1.00	1.00	0.11	0.02	0	|	rapi	0.11	0.11	0	|	94.0	0.11(94)	0.11(94)	|	8634	
900	94	ok	|	0.09	1.00	1.00	0.10	0.02	0	|	rapi	0.09	0.10	0	|	94.0	0.10(94)	0.10(94)	|	8634	
900	95	ok	|	0.09	1.00	1.00	0.09	0.05	0	|	rapi	0.09	0.09	0	|	94.0	0.09(94)	0.09(94)	|	8634	
900	96	ok	|	0.10	1.00	1.00	0.10	0.05	0	|	rapi	0.10	0.10	0	|	94.0	0.10(94)	0.10(94)	|	8634	
900	97	ok	|	0.10	1.00	1.00	0.10	0.05	0	|	rapi	0.10	0.10	0	|	94.0	0.10(94)	0.10(94)	|	8634	
900	98	ok	|	0.11	1.00	1.00	0.11	0.05	0	|	rapi	0.11	0.11	0	|	94.0	0.11(94)	0.11(94)	|	8634	
900	99	ok	|	0.12	1.00	1.00	0.13	0.06	0	|	rapi	0.12	0.13	0	|	94.0	0.13(94)	0.13(94)	|	8634	
900	100	ok	|	0.11	1.00	1.00	0.12	0.06	0	|	rapi	0.11	0.12	0	|	94.0	0.12(94)	0.12(94)	|	8634	
900	101	ok	|	0.10	1.00	1.00	0.10	0.05	0	|	rapi	0.10	0.10	0	|	94.0	0.10(94)	0.10(94)	|	8634	
900	102	ok	|	0.11	1.00	1.00	0.11	0.05	0	|	rapi	0.11	0.11	0	|	94.0	0.11(94)	0.11(94)	|	8634	
900	103	ok	|	0.12	1.00	1.00	0.12	0.06	0	|	rapi	0.12	0.12	0	|	94.0	0.12(94)	0.12(94)	|	8634	
900	104	ok	|	0.12	1.00	1.00	0.13	0.06	0	|	rapi	0.12	0.13	0	|	94.0	0.13(94)	0.13(94)	|	8634	
900	105	ok	|	0.13	1.00	1.00	0.13	0.06	0	|	rapi	0.13	0.13	0	|	94.0	0.13(94)	0.13(94)	|	8634	
900	106	ok	|	0.13	1.00	1.00	0.14	0.07	0	|	rapi	0.13	0.14	0	|	94.0	0.14(94)	0.14(94)	|	8634	
900	107	ok	|	0.14	1.00	1.00	0.15	0.07	0	|	rapi	0.14	0.15	0	|	94.0	0.15(94)	0.15(94)	|	8634	
900	108	ok	|	0.16	1.00	1.00	0.16	0.08	0	|	rapi	0.16	0.16	0	|	94.0	0.16(94)	0.16(94)	|	8634	
900	109	ok	|	0.15	1.00	1.00	0.16	0.08	0	|	rapi	0.15	0.16	0	|	94.0	0.16(94)	0.16(94)	|	8634	
900	110	ok	|	0.14	1.00	1.00	0.14	0.07	0	|	rapi	0.14	0.14	0	|	94.0	0.14(94)	0.14(94)	|	8634	
900	111	ok	|	0.11	1.00	1.00	0.12	0.06	0	|	rapi	0.11	0.12	0	|	94.0	0.12(94)	0.12(94)	|	8634	
900	112	ok	|	0.12	1.00	1.00	0.12	0.06	0	|	rapi	0.12	0.12	0	|	94.0	0.12(94)	0.12(94)	|	8634	
900	113	ok	|	0.12	1.00	1.00	0.12	0.06	0	|	rapi	0.12	0.12	0	|	94.0	0.12(94)	0.12(94)	|	8634	
900	114	ok	|	0.14	1.00	1.00	0.14	0.07	0	|	rapi	0.14	0.14	0	|	94.0	0.14(94)	0.14(94)	|	8634	
900	115	ok	|	0.15	1.00	1.00	0.15	0.08	0	|	rapi	0.15	0.15	0	|	94.0	0.15(94)	0.15(94)	|	8634	
900	116	ok	|	0.14	1.00	1.00	0.14	0.07	0	|	rapi	0.14	0.14	0	|	94.0	0.14(94)	0.14(94)	|	8634	
900	117	ok	|	0.13	1.00	1.00	0.13	0.07	0	|	rapi	0.13	0.13	0	|	94.0	0.13(94)	0.13(94)	|	8634	
900	118	ok	|	0.13	1.00	1.00	0.14	0.07	0	|	rapi	0.13	0.14	0	|	94.0	0.14(94)	0.14(94)	|	8634	
900	119	ok	|	0.12	1.00	1.00	0.13	0.06	0	|	rapi	0.12	0.13	0	|	94.0	0.13(94)	0.13(94)	|	8634	
900	120	ok	|	0.14	1.00	1.00	0.15	0.07	0	|	rapi	0.14	0.15	0	|	94.0	0.15(94)	0.15(94)	|	8634	
900	121	ok	|	0.16	1.00	1.00	0.17	0.08	0	|	rapi	0.16	0.17	0	|	94.0	0.17(94)	0.17(94)	|	8634	
900	122	ok	|	0.18	1.00	1.00	0.19	0.10	0	|	rapi	0.18	0.19	0	|	94.0	0.19(94)	0.19(94)	|	8634	
900	123	ok	|	0.18	1.00	1.00	0.19	0.10	0	|	rapi	0.18	0.19	0	|	94.0	0.19(94)	0.19(94)	|	8634	
900	124	ok	|	0.18	1.00	1.00	0.19	0.09	0	|	rapi	0.18	0.19	0	|	94.0	0.19(94)	0.19(94)	|	8634	
900	125	ok	|	0.18	1.00	1.00	0.20	0.10	0	|	rapi	0.18	0.20	0	|	94.0	0.20(94)	0.20(94)	|	8634	
900	126	ok	|	0.19	1.00	1.00	0.20	0.10	0	|	rapi	0.19	0.20	0	|	94.0	0.20(94)	0.20(94)	|	8634	
900	127	ok	|	0.18	1.00	1.00	0.19	0.10	0	|	rapi	0.18	0.19	0	|	94.0	0.19(94)	0.19(94)	|	8634	
900	128	ok	|	0.18	1.00	1.00	0.18	0.09	0	|	rapi	0.18	0.18	0	|	94.0	0.18(94)	0.18(94)	|	8634	
900	129	ok	|	0.19	1.00	1.00	0.20	0.10	0	|	rapi	0.19	0.20	0	|	94.0	0.20(94)	0.20(94)	|	8634	
900	130	ok	|	0.20	1.00	1.00	0.21	0.11	0	|	rapi	0.20	0.21	0	|	94.0	0.21(94)	0.21(94)	|	8634	
900	131	ok	|	0.20	1.00	1.00	0.22	0.11	0	|	rapi	0.20	0.22	0	|	94.0	0.22(94)	0.22(94)	|	8634	
900	132	ok	|	0.21	1.00	1.00	0.22	0.11	0	|	rapi	0.21	0.22	0	|	94.0	0.22(94)	0.22(94)	|	8634	
900	133	ok	|	0.21	1.00	1.00	0.23	0.11	0	|	rapi	0.21	0.23	0	|	94.0	0.23(94)	0.23(94)	|	8634	
900	134	ok	|	0.22	1.00	1.00	0.23	0.12	0	|	rapi	0.22	0.23	0	|	94.0	0.23(94)	0.23(94)	|	8634	
900	135	ok	|	0.21	1.00	1.00	0.23	0.11	0	|	rapi	0.21	0.23	0	|	94.0	0.23(94)	0.23(94)	|	8634	
900	136	ok	|	0.21	1.00	1.00	0.23	0.12	0	|	rapi	0.21	0.23	0	|	94.0	0.23(94)	0.23(94)	|	8634	
900	137	ok	|	0.20	1.00	1.00	0.22	0.11	0	|	rapi	0.20	0.22	0	|	94.0	0.22(94)	0.22(94)	|	8634	
900	138	ok	|	0.21	1.00	1.00	0.22	0.11	0	|	rapi	0.21	0.22	0	|	94.0	0.22(94)	0.22(94)	|	8634	
900	139	ok	|	0.20	1.00	1.00	0.21	0.10	0	|	rapi	0.20	0.21	0	|	94.0	0.21(94)	0.21(94)	|	8634	
900	140	ok	|	0.19	1.00	1.00	0.20	0.10	0	|	rapi	0.19	0.20	0	|	94.0	0.20(94)	0.20(94)	|	8634	
900	141	ok	|	0.20	1.00	1.00	0.21	0.11	0	|	rapi	0.20	0.21	0	|	94.0	0.21(94)	0.21(94)	|	8634	
900	142	ok	|	0.18	1.00	1.00	0.19	0.10	0	|	rapi	0.18	0.19	0	|	94.0	0.19(94)	0.19(94)	|	8634	
900	143	ok	|	0.19	1.00	1.00	0.20	0.10	0	|	rapi	0.19	0.20	0	|	94.0	0.20(94)	0.20(94)	|	8634	
900	144	ok	|	0.17	1.00	1.00	0.18	0.09	0	|	rapi	0.17	0.18	0	|	94.0	0.18(94)	0.18(94)	|	8634	
900	145	ok	|	0.16	1.00	1.00	0.17	0.08	0	|	rapi	0.16	0.17	0	|	94.0	0.17(94)	0.17(94)	|	8634	
900	146	ok	|	0.17	1.00	1.00	0.17	0.08	0	|	rapi	0.17	0.17	0	|	94.0	0.17(94)	0.17(94)	|	8634	
900	147	ok	|	0.15	1.00	1.00	0.16	0.08	0	|	rapi	0.15	0.16	0	|	94.0	0.16(94)	0.16(94)	|	8634	
900	148	ok	|	0.14	1.00	1.00	0.15	0.07	0	|	rapi	0.14	0.15	0	|	94.0	0.15(94)	0.15(94)	|	8634	
900	149	ok	|	0.16	1.00	1.00	0.17	0.08	0	|	rapi	0.16	0.17	0	|	94.0	0.17(94)	0.17(94)	|	8634	
900	150	ok	|	0.16	1.00	1.00	0.17	0.08	0	|	rapi	0.16	0.17	0	|	94.0	0.17(94)	0.17(94)	|	8634	
900	151	ok	|	0.19	1.00	1.00	0.19	0.10	0	|	rapi	0.19	0.19	0	|	94.0	0.19(94)	0.19(94)	|	8634	
900	152	ok	|	0.18	1.00	1.00	0.18	0.09	0	|	rapi	0.18	0.18	0	|	94.0	0.18(94)	0.18(94)	|	8634	
900	153	ok	|	0.18	1.00	1.00	0.19	0.09	0	|	rapi	0.18	0.19	0	|	94.0	0.19(94)	0.19(94)	|	8634	
900	154	ok	|	0.19	1.00	1.00	0.20	0.10	0	|	rapi	0.19	0.20	0	|	94.0	0.20(94)	0.20(94)	|	8634	
900	155	ok	|	0.18	1.00	1.00	0.19	0.09	0	|	rapi	0.18	0.19	0	|	94.0	0.19(94)	0.19(94)	|	8634	
900	156	ok	|	0.16	1.00	1.00	0.17	0.08	0	|	rapi	0.16	0.17	0	|	94.0	0.17(94)	0.17(94)	|	8634	
900	157	ok	|	0.15	1.00	1.00	0.16	0.08	0	|	rapi	0.15	0.16	0	|	94.0	0.16(94)	0.16(94)	|	8634	
900	158	ok	|	0.16	1.00	1.00	0.16	0.08	0	|	rapi	0.16	0.16	0	|	94.0	0.16(94)	0.16(94)	|	8634	
900	159	ok	|	0.15	1.00	1.00	0.16	0.08	0	|	rapi	0.15	0.16	0	|	94.0	0.16(94)	0.16(94)	|	8634	
900	160	ok	|	0.15	1.00	1.00	0.16	0.08	0	|	rapi	0.15	0.16	0	|	94.0	0.16(94)	0.16(94)	|	8634	
900	161	ok	|	0.16	1.00	1.00	0.17	0.08	0	|	rapi	0.16	0.17	0	|	94.0	0.17(94)	0.17(94)	|	8634	
900	162	ok	|	0.17	1.00	1.00	0.18	0.09	0	|	rapi	0.17	0.18	0	|	94.0	0.18(94)	0.18(94)	|	8634	
900	163	ok	|	0.17	1.00	1.00	0.18	0.09	0	|	rapi	0.17	0.18	0	|	94.0	0.18(94)	0.18(94)	|	8634	
900	164	ok	|	0.16	1.00	1.00	0.17	0.08	0	|	rapi	0.16	0.17	0	|	94.0	0.17(94)	0.17(94)	|	8634	
900	165	ok	|	0.17	1.00	1.00	0.17	0.09	0	|	rapi	0.17	0.17	0	|	94.0	0.17(94)	0.17(94)	|	8634	
900	166	ok	|	0.17	1.00	1.00	0.17	0.08	0	|	rapi	0.17	0.17	0	|	94.0	0.17(94)	0.17(94)	|	8634	
900	167	ok	|	0.17	1.00	1.00	0.18	0.09	0	|	rapi	0.17	0.18	0	|	94.0	0.18(94)	0.18(94)	|	8634	
900	168	ok	|	0.15	1.00	1.00	0.16	0.08	0	|	rapi	0.15	0.16	0	|	94.0	0.16(94)	0.16(94)	|	8634	
900	169	ok	|	0.16	1.00	1.00	0.16	0.08	0	|	rapi	0.16	0.16	0	|	94.0	0.16(94)	0.16(94)	|	8634	
900	170	ok	|	0.15	1.00	1.00	0.15	0.07	0	|	rapi	0.15	0.15	0	|	94.0	0.15(94)	0.15(94)	|	8634	
900	171	ok	|	0.14	1.00	1.00	0.15	0.07	0	|	rapi	0.14	0.15	0	|	94.0	0.15(94)	0.15(94)	|	8634	
900	172	ok	|	0.14	1.00	1.00	0.14	0.07	0	|	rapi	0.14	0.14	0	|	94.0	0.14(94)	0.14(94)	|	8634	
900	173	ok	|	0.14	1.00	1.00	0.14	0.07	0	|	rapi	0.14	0.14	0	|	94.0	0.14(94)	0.14(94)	|	8634	
900	174	ok	|	0.14	1.00	1.00	0.14	0.07	0	|	rapi	0.14	0.14	0	|	94.0	0.14(94)	0.14(94)	|	8634	
900	175	ok	|	0.13	1.00	1.00	0.14	0.07	0	|	rapi	0.13	0.14	0	|	94.0	0.14(94)	0.14(94)	|	8634	
900	176	ok	|	0.13	1.00	1.00	0.13	0.07	0	|	rapi	0.13	0.13	0	|	94.0	0.13(94)	0.13(94)	|	8634	
900	177	ok	|	0.11	1.00	1.00	0.12	0.06	0	|	rapi	0.11	0.12	0	|	94.0	0.12(94)	0.12(94)	|	8634	
900	178	ok	|	0.12	1.00	1.00	0.12	0.06	0	|	rapi	0.12	0.12	0	|	94.0	0.12(94)	0.12(94)	|	8634	
900	179	ok	|	0.13	1.00	1.00	0.13	0.07	0	|	rapi	0.13	0.13	0	|	94.0	0.13(94)	0.13(94)	|	8634	
900	180	ok	|	0.12	1.00	1.00	0.12	0.06	0	|	rapi	0.12	0.12	0	|	94.0	0.12(94)	0.12(94)	|	8634	
900	181	ok	|	0.11	1.00	1.00	0.11	0.05	0	|	rapi	0.11	0.11	0	|	94.0	0.11(94)	0.11(94)	|	8634	
900	182	ok	|	0.10	1.00	1.00	0.10	0.05	0	|	rapi	0.10	0.10	0	|	94.0	0.10(94)	0.10(94)	|	8634	
900	183	ok	|	0.08	1.00	1.00	0.08	0.04	0	|	rapi	0.08	0.08	0	|	94.0	0.08(94)	0.08(94)	|	8634	
900	184	ok	|	0.08	1.00	1.00	0.08	0.04	0	|	rapi	0.08	0.08	0	|	94.0	0.08(94)	0.08(94)	|	8634	
900	185	ok	|	0.08	1.00	1.00	0.08	0.04	0	|	rapi	0.08	0.08	0	|	94.0	0.08(94)	0.08(94)	|	8634	
900	186	ok	|	0.08	1.00	1.00	0.08	0.04	0	|	rapi	0.08	0.08	0	|	94.0	0.08(94)	0.08(94)	|	8634	
900	187	ok	|	0.08	1.00	1.00	0.08	0.04	0	|	rapi	0.08	0.08	0	|	94.0	0.08(94)	0.08(94)	|	8634	
900	188	ok	|	0.09	1.00	1.00	0.09	0.04	0	|	rapi	0.09	0.09	0	|	94.0	0.09(94)	0.09(94)	|	8634	
900	189	ok	|	0.08	1.00	1.00	0.08	0.04	0	|	rapi	0.08	0.08	0	|	94.0	0.08(94)	0.08(94)	|	8634	
900	190	ok	|	0.07	1.00	1.00	0.07	0.04	0	|	rapi	0.07	0.07	0	|	94.0	0.07(94)	0.07(94)	|	8634	
900	191	ok	|	0.07	1.00	1.00	0.07	0.03	0	|	rapi	0.07	0.07	0	|	94.0	0.07(94)	0.07(94)	|	8634	
900	192	ok	|	0.06	1.00	1.00	0.06	0.03	0	|	rapi	0.06	0.06	0	|	94.0	0.06(94)	0.06(94)	|	8634	
900	193	ok	|	0.06	1.00	1.00	0.06	0.03	0	|	rapi	0.06	0.06	0	|	94.0	0.06(94)	0.06(94)	|	8634	
900	194	ok	|	0.06	1.00	1.00	0.06	0.03	0	|	rapi	0.06	0.06	0	|	94.0	0.06(94)	0.06(94)	|	8634	
900	195	ok	|	0.05	1.00	1.00	0.05	0.03	0	|	rapi	0.05	0.05	0	|	94.0	0.05(94)	0.05(94)	|	8634	
900	196	ok	|	0.04	1.00	1.00	0.04	0.02	0	|	rapi	0.04	0.04	0	|	94.0	0.04(94)	0.04(94)	|	8634	
900	197	ok	|	0.03	1.00	1.00	0.03	0.02	0	|	rapi	0.03	0.03	0	|	94.0	0.03(94)	0.03(94)	|	8634	
900	198	ok	|	0.03	1.00	1.00	0.03	0.01	0	|	rapi	0.03	0.03	0	|	94.0	0.03(94)	0.03(94)	|	8634	
900	199	ok	|	0.03	1.00	1.00	0.03	0.02	0	|	rapi	0.03	0.03	0	|	94.0	0.03(94)	0.03(94)	|	8634	
900	200	ok	|	0.02	1.00	1.00	0.02	0.01	0	|	rapi	0.02	0.02	0	|	94.0	0.02(94)	0.02(94)	|	8634	
900	201	ok	|	0.01	1.00	1.00	0.01	0.01	0	|	rapi	0.01	0.01	0	|	94.0	0.01(94)	0.01(94)	|	8634	
900	202	ok	|	0.01	1.00	1.00	0.01	0.01	0	|	rapi	0.01	0.01	0	|	94.0	0.01(94)	0.01(94)	|	8634	
900	203	ok	|	0.01	1.00	1.00	0.01	0.01	0	|	rapi	0.01	0.01	0	|	94.0	0.01(94)	0.01(94)	|	8634	
900	204	ok	|	0.01	1.00	1.00	0.01	0.01	0	|	rapi	0.01	0.01	0	|	94.0	0.01(94)	0.01(94)	|	8634	
900	205	ok	|	0.01	1.00	1.00	0.01	0.01	0	|	rapi	0.01	0.01	0	|	94.0	0.01(94)	0.01(94)	|	8634	
900	206	ok	|	0.01	1.00	1.00	0.01	0.01	0	|	rapi	0.01	0.01	0	|	94.0	0.01(94)	0.01(94)	|	8634	
900	207	ok	|	0.01	1.00	1.00	0.01	0.00	0	|	rapi	0.01	0.01	0	|	94.0	0.01(94)	0.01(94)	|	8634	
900	208	ok	|	0.01	1.00	1.00	0.01	0.00	0	|	rapi	0.01	0.01	0	|	94.0	0.01(94)	0.01(94)	|	8634	
900	209	ok	|	0.01	1.00	1.00	0.01	0.01	0	|	rapi	0.01	0.01	0	|	94.0	0.01(94)	0.01(94)	|	8634	
900	210	ok	|	0.01	1.00	1.00	0.01	0.01	0	|	rapi	0.01	0.01	0	|	94.0	0.01(94)	0.01(94)	|	8634	
900	211	ok	|	0.03	1.00	1.00	0.03	0.01	0	|	rapi	0.03	0.03	0	|	94.0	0.03(94)	0.03(94)	|	8634	
900	212	ok	|	0.03	1.00	1.00	0.03	0.01	0	|	rapi	0.03	0.03	0	|	94.0	0.03(94)	0.03(94)	|	8634	
900	213	ok	|	0.04	1.00	1.00	0.04	0.02	0	|	rapi	0.04	0.04	0	|	94.0	0.04(94)	0.04(94)	|	8634	
900	214	ok	|	0.06	1.00	1.00	0.06	0.03	0	|	rapi	0.06	0.06	0	|	94.0	0.06(94)	0.06(94)	|	8634	
900	215	ok	|	0.06	1.00	1.00	0.06	0.03	0	|	rapi	0.06	0.06	0	|	94.0	0.06(94)	0.06(94)	|	8634	
900	216	ok	|	0.07	1.00	1.00	0.07	0.04	0	|	rapi	0.07	0.07	0	|	94.0	0.07(94)	0.07(94)	|	8634	
900	217	ok	|	0.06	1.00	1.00	0.07	0.03	0	|	rapi	0.06	0.07	0	|	94.0	0.07(94)	0.07(94)	|	8634	
900	218	ok	|	0.06	1.00	1.00	0.06	0.03	0	|	rapi	0.06	0.06	0	|	94.0	0.06(94)	0.06(94)	|	8634	
900	219	ok	|	0.05	1.00	1.00	0.05	0.02	0	|	rapi	0.05	0.05	0	|	94.0	0.05(94)	0.05(94)	|	8634	
900	220	ok	|	0.05	1.00	1.00	0.05	0.02	0	|	rapi	0.05	0.05	0	|	94.0	0.05(94)	0.05(94)	|	8634	
900	221	ok	|	0.05	1.00	1.00	0.05	0.03	0	|	rapi	0.05	0.05	0	|	94.0	0.05(94)	0.05(94)	|	8634	
900	222	ok	|	0.05	1.00	1.00	0.05	0.03	0	|	rapi	0.05	0.05	0	|	94.0	0.05(94)	0.05(94)	|	8634	
900	223	ok	|	0.05	1.00	1.00	0.05	0.03	0	|	rapi	0.05	0.05	0	|	94.0	0.05(94)	0.05(94)	|	8634	
900	224	ok	|	0.06	1.00	1.00	0.06	0.03	0	|	rapi	0.06	0.06	0	|	94.0	0.06(94)	0.06(94)	|	8634	
900	225	ok	|	0.08	1.00	1.00	0.08	0.04	0	|	rapi	0.08	0.08	0	|	94.0	0.08(94)	0.08(94)	|	8634	
900	226	ok	|	0.06	1.00	1.00	0.06	0.03	0	|	rapi	0.06	0.06	0	|	94.0	0.06(94)	0.06(94)	|	8634	
900	227	ok	|	0.06	1.00	1.00	0.06	0.03	0	|	rapi	0.06	0.06	0	|	94.0	0.06(94)	0.06(94)	|	8634	
900	228	ok	|	0.06	1.00	1.00	0.06	0.03	0	|	rapi	0.06	0.06	0	|	94.0	0.06(94)	0.06(94)	|	8634	
900	229	ok	|	0.04	1.00	1.00	0.04	0.02	0	|	rapi	0.04	0.04	0	|	94.0	0.04(94)	0.04(94)	|	8634	
900	230	ok	|	0.04	1.00	1.00	0.04	0.02	0	|	rapi	0.04	0.04	0	|	94.0	0.04(94)	0.04(94)	|	8634	
900	231	ok	|	0.05	1.00	1.00	0.05	0.02	0	|	rapi	0.05	0.05	0	|	94.0	0.05(94)	0.05(94)	|	8634	
900	232	ok	|	0.05	1.00	1.00	0.05	0.03	0	|	rapi	0.05	0.05	0	|	94.0	0.05(94)	0.05(94)	|	8634	
900	233	ok	|	0.05	1.00	1.00	0.05	0.03	0	|	rapi	0.05	0.05	0	|	94.0	0.05(94)	0.05(94)	|	8634	
900	234	ok	|	0.06	1.00	1.00	0.06	0.03	0	|	rapi	0.06	0.06	0	|	94.0	0.06(94)	0.06(94)	|	8634	
900	235	ok	|	0.05	1.00	1.00	0.05	0.02	0	|	rapi	0.05	0.05	0	|	94.0	0.05(94)	0.05(94)	|	8634	
900	236	ok	|	0.05	1.00	1.00	0.05	0.03	0	|	rapi	0.05	0.05	0	|	94.0	0.05(94)	0.05(94)	|	8634	
900	237	ok	|	0.05	1.00	1.00	0.05	0.03	0	|	rapi	0.05	0.05	0	|	94.0	0.05(94)	0.05(94)	|	8634	
900	238	ok	|	0.04	1.00	1.00	0.04	0.02	0	|	rapi	0.04	0.04	0	|	94.0	0.04(94)	0.04(94)	|	8634	
900	239	ok	|	0.04	1.00	1.00	0.04	0.02	0	|	rapi	0.04	0.04	0	|	94.0	0.04(94)	0.04(94)	|	8634	
900	240	ok	|	0.05	1.00	1.00	0.05	0.02	0	|	rapi	0.05	0.05	0	|	94.0	0.05(94)	0.05(94)	|	8634	
900	241	ok	|	0.04	1.00	1.00	0.04	0.02	0	|	rapi	0.04	0.04	0	|	94.0	0.04(94)	0.04(94)	|	8634	
900	242	ok	|	0.04	1.00	1.00	0.04	0.02	0	|	rapi	0.04	0.04	0	|	94.0	0.04(94)	0.04(94)	|	8634	
900	243	ok	|	0.05	1.00	1.00	0.05	0.03	0	|	rapi	0.05	0.05	0	|	94.0	0.05(94)	0.05(94)	|	8634	
900	244	ok	|	0.05	1.00	1.00	0.05	0.02	0	|	rapi	0.05	0.05	0	|	94.0	0.05(94)	0.05(94)	|	8634	
900	245	ok	|	0.04	1.00	1.00	0.04	0.02	0	|	rapi	0.04	0.04	0	|	94.0	0.04(94)	0.04(94)	|	8634	
900	246	ok	|	0.03	1.00	1.00	0.03	0.01	0	|	rapi	0.03	0.03	0	|	94.0	0.03(94)	0.03(94)	|	8634	
900	247	ok	|	0.03	1.00	1.00	0.03	0.02	0	|	rapi	0.03	0.03	0	|	94.0	0.03(94)	0.03(94)	|	8634	
900	248	ok	|	0.04	1.00	1.00	0.04	0.02	0	|	rapi	0.04	0.04	0	|	94.0	0.04(94)	0.04(94)	|	8634	
900	249	ok	|	0.04	1.00	1.00	0.04	0.02	0	|	rapi	0.04	0.04	0	|	94.0	0.04(94)	0.04(94)	|	8634	
900	250	ok	|	0.03	1.00	1.00	0.03	0.02	0	|	rapi	0.03	0.03	0	|	94.0	0.03(94)	0.03(94)	|	8634	
900	251	ok	|	0.03	1.00	1.00	0.03	0.01	0	|	rapi	0.03	0.03	0	|	94.0	0.03(94)	0.03(94)	|	8634	
900	252	ok	|	0.03	1.00	1.00	0.03	0.01	0	|	rapi	0.03	0.03	0	|	94.0	0.03(94)	0.03(94)	|	8634	
900	253	ok	|	0.02	1.00	1.00	0.02	0.01	0	|	rapi	0.02	0.02	0	|	94.0	0.02(94)	0.02(94)	|	8634	
900	254	ok	|	0.02	1.00	1.00	0.02	0.01	0	|	rapi	0.02	0.02	0	|	94.0	0.02(94)	0.02(94)	|	8634	
900	255	ok	|	0.01	1.00	1.00	0.01	0.01	0	|	rapi	0.01	0.01	0	|	94.0	0.01(94)	0.01(94)	|	8634	
900	256	ok	|	0.00	1.00	1.00	0.00	0.00	0	|	rapi	0.00	0.00	0	|	94.0	0.00(94)	0.00(94)	|	8634	
900	257	fail-0	|	0.00	1.00	1.00	0.00	NaN	0	|	rapi	0.00	0.00	0	|	NaN			|	8634	
