9025	0	ok	|	0.09	1.00	1.00	0.10	0.00	0	|	rapi	0.00	0.00	0	|	-89.0	0.10(-89)		|	1	
9025	1	ok	|	0.09	1.00	1.00	0.10	0.00	0	|	rapi	0.00	0.00	0	|	-89.0	0.10(-89)		|	1	
9025	2	ok	|	0.09	1.00	1.00	0.11	0.00	0	|	rapi	0.00	0.00	0	|	-89.0	0.11(-89)		|	1	
9025	3	ok	|	0.13	1.00	1.00	0.17	0.00	0	|	rapi	0.00	0.00	0	|	-89.0	0.17(-89)		|	1	
9025	4	ok	|	0.15	1.00	1.00	0.20	0.00	0	|	rapi	0.00	0.00	0	|	-89.0	0.20(-89)		|	1	
9025	5	ok	|	0.16	1.00	1.00	0.22	0.00	0	|	rapi	0.00	0.00	0	|	-89.0	0.22(-89)		|	1	
9025	6	ok	|	0.19	1.00	1.00	0.30	0.00	0	|	rapi	0.00	0.00	0	|	-89.0	0.30(-89)		|	1	
9025	7	ok	|	0.26	1.00	1.00	0.43	0.00	0	|	rapi	0.00	0.00	0	|	-89.0	0.43(-89)		|	1	
9025	8	ok	|	0.31	1.00	1.00	0.49	0.00	0	|	rapi	0.00	0.00	0	|	-89.0	0.49(-89)		|	1	
9025	9	ok	|	0.34	0.99	0.99	0.56	0.00	0	|	rapi	0.00	0.00	0	|	-89.0	0.56(-89)		|	1	
9025	10	ok	|	0.40	0.99	0.99	0.67	0.00	0	|	rapi	0.00	0.00	0	|	-89.0	0.67(-89)		|	1	
9025	11	ok	|	0.44	0.99	0.99	0.79	0.00	0	|	rapi	0.00	0.00	0	|	-89.0	0.79(-89)		|	1	
9025	12	ok	|	0.52	0.99	0.99	0.98	0.00	0	|	rapi	0.00	0.00	0	|	-89.0	0.98(-89)		|	1	
9025	13	ok	|	0.60	0.99	0.99	1.17	0.00	0	|	rapi	0.00	0.00	0	|	-89.0	1.17(-89)		|	1	
9025	14	ok	|	0.65	0.99	0.99	1.40	0.00	0	|	rapi	0.00	0.00	0	|	-89.0	1.40(-89)		|	1	
9025	15	ok	|	0.69	0.98	0.98	1.70	0.00	0	|	rapi	0.00	0.00	0	|	-89.0	1.70(-89)		|	1	
9025	16	ok	|	0.75	0.98	0.98	1.98	0.00	0	|	rapi	0.00	0.00	0	|	-89.0	1.98(-89)		|	1	
9025	17	ok	|	0.81	0.98	0.98	2.33	0.00	0	|	rapi	0.00	0.00	0	|	-89.0	2.33(-89)		|	1	
9025	18	ok	|	0.84	0.97	0.97	2.68	0.00	0	|	rapi	0.00	0.00	0	|	-89.0	2.68(-89)		|	1	
9025	19	ok	|	0.90	0.97	0.97	3.18	0.00	0	|	rapi	0.00	0.00	0	|	-89.0	3.18(-89)		|	1	
9025	20	ok	|	0.94	0.96	0.96	3.77	0.00	0	|	rapi	0.00	0.00	0	|	-89.0	3.77(-89)		|	1	
9025	21	ok	|	0.97	0.96	0.96	4.40	0.00	0	|	rapi	0.00	0.00	0	|	-89.0	4.40(-89)		|	1	
9025	22	ok	|	0.98	0.95	0.95	5.09	0.00	0	|	rapi	0.00	0.00	0	|	-89.0	5.09(-89)		|	1	
9025	23	ok	|	0.99	0.94	0.94	6.18	0.00	0	|	rapi	0.00	0.00	0	|	-89.0	6.18(-89)		|	1	
9025	24	ok	|	0.99	0.93	0.93	7.19	0.00	0	|	rapi	0.00	0.00	0	|	-89.0	7.19(-89)		|	1	
9025	25	ok	|	1.00	0.91	0.91	8.54	0.00	0	|	rapi	0.00	0.00	0	|	-89.0	8.54(-89)		|	1	
9025	26	ok	|	1.00	0.90	0.90	10.10	0.00	0	|	rapi	0.00	0.00	0	|	-89.0	10.10(-89)		|	1	
9025	27	ok	|	1.00	0.88	0.88	11.77	0.00	0	|	rapi	0.00	0.00	0	|	-89.0	11.77(-89)		|	1	
9025	28	ok	|	1.00	0.86	0.86	13.92	0.00	0	|	rapi	0.00	0.00	0	|	-89.0	13.92(-89)		|	1	
9025	29	ok	|	1.00	0.84	0.84	16.20	0.00	0	|	rapi	0.00	0.00	0	|	-89.0	16.20(-89)		|	1	
9025	30	ok	|	1.00	0.81	0.81	19.21	0.00	0	|	rapi	0.00	0.00	0	|	-89.0	19.21(-89)		|	1	
9025	31	ok	|	1.00	0.77	0.77	22.67	0.00	0	|	rapi	0.00	0.00	0	|	-89.0	22.67(-89)		|	1	
9025	32	ok	|	1.00	0.74	0.74	26.50	0.00	0	|	rapi	0.00	0.00	0	|	-89.0	26.50(-89)		|	1	
9025	33	ok	|	1.00	0.69	0.69	31.50	0.00	0	|	rapi	0.00	0.00	0	|	-89.0	31.50(-89)		|	1	
9025	34	ok	|	1.00	0.64	0.64	36.50	0.00	0	|	rapi	0.00	0.00	0	|	-89.0	36.50(-89)		|	1	
9025	35	ok	|	1.00	0.57	0.57	42.82	0.00	0	|	rapi	0.00	0.00	0	|	-89.0	42.82(-89)	0.00(-89)	|	1	
9025	36	ok	|	1.00	0.50	0.50	50.34	0.00	0	|	rapi	0.00	0.00	0	|	-89.0	50.34(-89)	0.00(-89)	|	1	
9025	37	ok	|	1.00	0.41	0.41	58.66	0.00	0	|	rapi	0.00	0.00	0	|	-89.0	58.66(-89)		|	1	
9025	38	ok	|	1.00	0.33	0.33	67.44	0.00	0	|	rapi	0.00	0.00	0	|	-89.0	67.44(-89)		|	1	
9025	39	ok	|	1.00	0.23	0.23	77.41	0.00	0	|	rapi	0.00	0.00	0	|	-89.0	77.41(-89)		|	1	
9025	40	ok	|	1.00	0.14	0.14	87.00	0.00	0	|	rapi	0.00	0.00	0	|	-89.0	87.00(-89)	0.00(-89)	|	1	
9025	41	fail-w	|	1.00	0.08	0.08	94.82	0.00	0	|	rapi	0.00	0.00	0	|	-89.0	94.82(-89)	0.00(-89)	|	1	
