920	0	ok	|	0.10	1.00	1.00	0.10	0.00	0	|	rapi	0.00	0.00	0	|	48.0	0.10(48)		|	1	
920	1	ok	|	0.10	1.00	1.00	0.11	0.00	0	|	rapi	0.00	0.00	0	|	48.0	0.11(48)		|	1	
920	2	ok	|	0.10	1.00	1.00	0.11	0.00	0	|	rapi	0.00	0.00	0	|	48.0	0.11(48)		|	1	
920	3	ok	|	0.10	1.00	1.00	0.12	0.00	0	|	rapi	0.00	0.00	0	|	48.0	0.12(48)		|	1	
920	4	ok	|	0.11	1.00	1.00	0.15	0.00	0	|	rapi	0.00	0.00	0	|	48.0	0.15(48)		|	1	
920	5	ok	|	0.15	1.00	1.00	0.19	0.00	0	|	rapi	0.00	0.00	0	|	48.0	0.19(48)		|	1	
920	6	ok	|	0.16	1.00	1.00	0.21	0.00	0	|	rapi	0.00	0.00	0	|	48.0	0.21(48)		|	1	
920	7	ok	|	0.20	1.00	1.00	0.28	0.00	0	|	rapi	0.00	0.00	0	|	48.0	0.28(48)		|	1	
920	8	ok	|	0.23	1.00	1.00	0.34	0.00	0	|	rapi	0.00	0.00	0	|	48.0	0.34(48)		|	1	
920	9	ok	|	0.27	1.00	1.00	0.40	0.00	0	|	rapi	0.00	0.00	0	|	48.0	0.40(48)		|	1	
920	10	ok	|	0.30	1.00	1.00	0.47	0.00	0	|	rapi	0.00	0.00	0	|	48.0	0.47(48)		|	1	
920	11	ok	|	0.34	0.99	0.99	0.57	0.00	0	|	rapi	0.00	0.00	0	|	48.0	0.57(48)		|	1	
920	12	ok	|	0.41	0.99	0.99	0.70	0.00	0	|	rapi	0.00	0.00	0	|	48.0	0.70(48)		|	1	
920	13	ok	|	0.46	0.99	0.99	0.83	0.00	0	|	rapi	0.00	0.00	0	|	48.0	0.83(48)		|	1	
920	14	ok	|	0.50	0.99	0.99	0.92	0.00	0	|	rapi	0.00	0.00	0	|	48.0	0.92(48)		|	1	
920	15	ok	|	0.57	0.99	0.99	1.09	0.00	0	|	rapi	0.00	0.00	0	|	48.0	1.09(48)		|	1	
920	16	ok	|	0.63	0.99	0.99	1.24	0.00	0	|	rapi	0.00	0.00	0	|	48.0	1.24(48)		|	1	
920	17	ok	|	0.70	0.98	0.98	1.53	0.00	0	|	rapi	0.00	0.00	0	|	48.0	1.53(48)		|	1	
920	18	ok	|	0.74	0.98	0.98	1.76	0.00	0	|	rapi	0.00	0.00	0	|	48.0	1.76(48)		|	1	
920	19	ok	|	0.78	0.98	0.98	2.04	0.00	0	|	rapi	0.00	0.00	0	|	48.0	2.04(48)		|	1	
920	20	ok	|	0.83	0.98	0.98	2.36	0.00	0	|	rapi	0.00	0.00	0	|	48.0	2.36(48)		|	1	
920	21	ok	|	0.88	0.97	0.97	2.81	0.00	0	|	rapi	0.00	0.00	0	|	48.0	2.81(48)		|	1	
920	22	ok	|	0.92	0.97	0.97	3.24	0.00	0	|	rapi	0.00	0.00	0	|	48.0	3.24(48)		|	1	
920	23	ok	|	0.94	0.96	0.96	3.85	0.00	0	|	rapi	0.00	0.00	0	|	48.0	3.85(48)		|	1	
920	24	ok	|	0.97	0.95	0.95	4.64	0.00	0	|	rapi	0.00	0.00	0	|	48.0	4.64(48)	0.00(48)	|	1	
920	25	ok	|	0.99	0.95	0.95	5.43	0.00	0	|	rapi	0.00	0.00	0	|	48.0	5.43(48)	0.00(48)	|	1	
920	26	ok	|	0.99	0.94	0.94	6.29	0.00	0	|	rapi	0.00	0.00	0	|	48.0	6.29(48)		|	1	
920	27	ok	|	1.00	0.92	0.92	7.54	0.00	0	|	rapi	0.00	0.00	0	|	48.0	7.54(48)		|	1	
920	28	ok	|	1.00	0.91	0.91	8.98	0.00	0	|	rapi	0.00	0.00	0	|	48.0	8.98(48)		|	1	
920	29	ok	|	1.00	0.89	0.89	10.51	0.00	0	|	rapi	0.00	0.00	0	|	48.0	10.51(48)	0.00(48)	|	1	
920	30	ok	|	1.00	0.88	0.88	12.50	0.00	0	|	rapi	0.01	0.01	0	|	48.0	12.50(48)	0.01(48)	|	1	
920	31	ok	|	1.00	0.85	0.85	14.56	0.00	0	|	rapi	0.00	0.00	0	|	48.0	14.56(48)	0.00(48)	|	1	
920	32	ok	|	1.00	0.83	0.83	16.74	0.00	0	|	rapi	0.00	0.00	0	|	48.0	16.74(48)	0.00(48)	|	1	
920	33	ok	|	1.00	0.80	0.80	19.75	0.00	0	|	rapi	0.01	0.01	0	|	48.0	19.75(48)	0.01(48)	|	1	
920	34	ok	|	1.00	0.77	0.77	23.47	0.00	0	|	rapi	0.01	0.01	0	|	48.0	23.47(48)	0.01(48)	|	1	
920	35	ok	|	1.00	0.72	0.72	27.56	0.00	0	|	rapi	0.01	0.01	0	|	48.0	27.56(48)	0.01(48)	|	1	
920	36	ok	|	1.00	0.68	0.68	31.84	0.00	0	|	rapi	0.01	0.01	0	|	48.0	31.84(48)	0.01(48)	|	1	
920	37	ok	|	1.00	0.63	0.63	37.39	0.00	0	|	rapi	0.01	0.01	0	|	48.0	37.39(48)	0.01(48)	|	1	
920	38	ok	|	1.00	0.56	0.56	43.64	0.00	0	|	rapi	0.01	0.01	0	|	48.0	43.64(48)	0.01(48)	|	1	
920	39	ok	|	1.00	0.50	0.50	50.19	0.00	0	|	rapi	0.01	0.01	0	|	48.0	50.19(48)	0.01(48)	|	1	
920	40	ok	|	1.00	0.42	0.42	58.19	0.00	0	|	rapi	0.01	0.01	0	|	48.0	58.19(48)	0.01(48)	|	1	
920	41	ok	|	1.00	0.32	0.32	67.55	0.00	0	|	rapi	0.02	0.02	0	|	48.0	67.55(48)	0.02(48)	|	1	
920	42	ok	|	1.00	0.23	0.23	76.78	0.00	0	|	rapi	0.03	0.03	0	|	48.0	76.78(48)	0.03(48)	|	1	
920	43	ok	|	1.00	0.14	0.14	86.13	0.00	0	|	rapi	0.03	0.03	0	|	48.0	86.13(48)	0.03(48)	|	1	
920	44	fail-w	|	1.00	0.08	0.08	93.91	0.00	0	|	rapi	0.06	0.06	0	|	48.0	93.91(48)	0.06(48)	|	1	
