9235	0	ok	|	0.10	1.00	1.00	0.10	0.00	0	|	rapi	0.00	0.00	0	|	-22.0	0.10(-22)		|	1	
9235	1	ok	|	0.11	1.00	1.00	0.12	0.00	0	|	rapi	0.00	0.00	0	|	-22.0	0.12(-22)		|	1	
9235	2	ok	|	0.12	1.00	1.00	0.15	0.00	0	|	rapi	0.00	0.00	0	|	-22.0	0.15(-22)		|	1	
9235	3	ok	|	0.15	1.00	1.00	0.19	0.00	0	|	rapi	0.00	0.00	0	|	-22.0	0.19(-22)		|	1	
9235	4	ok	|	0.18	1.00	1.00	0.23	0.00	0	|	rapi	0.00	0.00	0	|	-22.0	0.23(-22)		|	1	
9235	5	ok	|	0.21	1.00	1.00	0.29	0.00	0	|	rapi	0.00	0.00	0	|	-22.0	0.29(-22)		|	1	
9235	6	ok	|	0.24	1.00	1.00	0.33	0.00	0	|	rapi	0.00	0.00	0	|	-22.0	0.33(-22)		|	1	
9235	7	ok	|	0.24	1.00	1.00	0.36	0.00	0	|	rapi	0.00	0.00	0	|	-22.0	0.36(-22)		|	1	
9235	8	ok	|	0.28	1.00	1.00	0.40	0.00	0	|	rapi	0.00	0.00	0	|	-22.0	0.40(-22)		|	1	
9235	9	ok	|	0.30	1.00	1.00	0.43	0.00	0	|	rapi	0.00	0.00	0	|	-22.0	0.43(-22)		|	1	
9235	10	ok	|	0.32	1.00	1.00	0.48	0.00	0	|	rapi	0.00	0.00	0	|	-22.0	0.48(-22)		|	1	
9235	11	ok	|	0.39	0.99	0.99	0.60	0.00	0	|	rapi	0.00	0.00	0	|	-22.0	0.60(-22)		|	1	
9235	12	ok	|	0.43	0.99	0.99	0.67	0.00	0	|	rapi	0.00	0.00	0	|	-22.0	0.67(-22)		|	1	
9235	13	ok	|	0.47	0.99	0.99	0.77	0.00	0	|	rapi	0.00	0.00	0	|	-22.0	0.77(-22)		|	1	
9235	14	ok	|	0.51	0.99	0.99	0.93	0.00	0	|	rapi	0.00	0.00	0	|	-22.0	0.93(-22)		|	1	
9235	15	ok	|	0.56	0.99	0.99	1.14	0.00	0	|	rapi	0.00	0.00	0	|	-22.0	1.14(-22)		|	1	
9235	16	ok	|	0.63	0.99	0.99	1.31	0.00	0	|	rapi	0.00	0.00	0	|	-22.0	1.31(-22)		|	1	
9235	17	ok	|	0.68	0.98	0.98	1.57	0.00	0	|	rapi	0.00	0.00	0	|	-22.0	1.57(-22)		|	1	
9235	18	ok	|	0.74	0.98	0.98	1.87	0.00	0	|	rapi	0.00	0.00	0	|	-22.0	1.87(-22)		|	1	
9235	19	ok	|	0.81	0.98	0.98	2.26	0.00	0	|	rapi	0.00	0.00	0	|	-22.0	2.26(-22)		|	1	
9235	20	ok	|	0.86	0.97	0.97	2.56	0.00	0	|	rapi	0.00	0.00	0	|	-22.0	2.56(-22)		|	1	
9235	21	ok	|	0.93	0.97	0.97	3.09	0.00	0	|	rapi	0.00	0.00	0	|	-22.0	3.09(-22)		|	1	
9235	22	ok	|	0.95	0.96	0.96	3.71	0.00	0	|	rapi	0.00	0.00	0	|	-22.0	3.71(-22)		|	1	
9235	23	ok	|	0.97	0.96	0.96	4.43	0.00	0	|	rapi	0.00	0.00	0	|	-22.0	4.43(-22)		|	1	
9235	24	ok	|	0.98	0.95	0.95	5.36	0.00	0	|	rapi	0.00	0.00	0	|	-22.0	5.36(-22)		|	1	
9235	25	ok	|	0.99	0.94	0.94	6.40	0.00	0	|	rapi	0.00	0.00	0	|	-22.0	6.40(-22)		|	1	
9235	26	ok	|	1.00	0.93	0.93	7.49	0.00	0	|	rapi	0.00	0.00	0	|	-22.0	7.49(-22)		|	1	
9235	27	ok	|	1.00	0.91	0.91	8.59	0.00	0	|	rapi	0.00	0.00	0	|	-22.0	8.59(-22)		|	1	
9235	28	ok	|	1.00	0.90	0.90	10.28	0.00	0	|	rapi	0.00	0.00	0	|	-22.0	10.28(-22)		|	1	
9235	29	ok	|	1.00	0.88	0.88	11.73	0.00	0	|	rapi	0.00	0.00	0	|	-22.0	11.73(-22)	0.00(-22)	|	1	
9235	30	ok	|	1.00	0.86	0.86	13.90	0.00	0	|	rapi	0.00	0.00	0	|	-22.0	13.90(-22)	0.00(-22)	|	1	
9235	31	ok	|	1.00	0.84	0.84	16.09	0.00	0	|	rapi	0.00	0.00	0	|	-22.0	16.09(-22)	0.00(-22)	|	1	
9235	32	ok	|	1.00	0.81	0.81	18.91	0.00	0	|	rapi	0.00	0.00	0	|	-22.0	18.91(-22)	0.00(-22)	|	1	
9235	33	ok	|	1.00	0.78	0.78	22.44	0.00	0	|	rapi	0.00	0.00	0	|	-22.0	22.44(-22)	0.00(-22)	|	1	
9235	34	ok	|	1.00	0.74	0.74	26.33	0.00	0	|	rapi	0.00	0.00	0	|	-22.0	26.33(-22)	0.00(-22)	|	1	
9235	35	ok	|	1.00	0.69	0.69	31.07	0.00	0	|	rapi	0.00	0.00	0	|	-22.0	31.07(-22)	0.00(-22)	|	1	
9235	36	ok	|	1.00	0.63	0.63	36.65	0.00	0	|	rapi	0.01	0.01	0	|	-22.0	36.65(-22)	0.01(-22)	|	1	
9235	37	ok	|	1.00	0.57	0.57	43.14	0.00	0	|	rapi	0.01	0.01	0	|	-22.0	43.14(-22)	0.01(-22)	|	1	
9235	38	ok	|	1.00	0.50	0.50	50.07	0.00	0	|	rapi	0.01	0.01	0	|	-22.0	50.07(-22)	0.01(-22)	|	1	
9235	39	ok	|	1.00	0.42	0.42	58.16	0.00	0	|	rapi	0.01	0.01	0	|	-22.0	58.16(-22)	0.01(-22)	|	1	
9235	40	ok	|	1.00	0.32	0.32	67.56	0.00	0	|	rapi	0.01	0.01	0	|	-22.0	67.56(-22)	0.01(-22)	|	1	
9235	41	ok	|	1.00	0.23	0.23	76.88	0.00	0	|	rapi	0.02	0.02	0	|	-22.0	76.88(-22)	0.02(-22)	|	1	
9235	42	ok	|	1.00	0.14	0.14	86.73	0.00	0	|	rapi	0.03	0.03	0	|	-22.0	86.73(-22)	0.03(-22)	|	1	
9235	43	fail-w	|	1.00	0.08	0.08	94.60	0.00	0	|	rapi	0.06	0.06	0	|	-22.0	94.60(-22)	0.06(-22)	|	1	
