928	0	ok	|	0.09	1.00	1.00	0.10	0.00	0	|	rapi	0.09	0.10	0	|	100.0	0.10(100)	0.10(100)	|	2	
928	1	ok	|	0.09	1.00	1.00	0.10	0.00	0	|	rapi	0.09	0.10	0	|	100.0	0.10(100)	0.10(100)	|	2	
928	2	ok	|	0.09	1.00	1.00	0.09	0.00	0	|	rapi	0.09	0.09	0	|	100.0	0.09(100)	0.09(100)	|	2	
928	3	ok	|	0.10	1.00	1.00	0.10	0.00	0	|	rapi	0.10	0.10	0	|	100.0	0.10(100)	0.10(100)	|	2	
928	4	ok	|	0.11	1.00	1.00	0.11	0.00	0	|	rapi	0.11	0.11	0	|	100.0	0.11(100)	0.11(100)	|	2	
928	5	ok	|	0.12	1.00	1.00	0.12	0.00	0	|	rapi	0.12	0.12	0	|	100.0	0.12(100)	0.12(100)	|	2	
928	6	ok	|	0.10	1.00	1.00	0.10	0.00	0	|	rapi	0.10	0.10	0	|	100.0	0.10(100)	0.10(100)	|	2	
928	7	ok	|	0.10	1.00	1.00	0.11	0.00	0	|	rapi	0.10	0.11	0	|	100.0	0.11(100)	0.11(100)	|	2	
928	8	ok	|	0.11	1.00	1.00	0.12	0.00	0	|	rapi	0.11	0.12	0	|	100.0	0.12(100)	0.12(100)	|	2	
928	9	ok	|	0.11	1.00	1.00	0.12	0.00	0	|	rapi	0.11	0.12	0	|	100.0	0.12(100)	0.12(100)	|	2	
928	10	ok	|	0.11	1.00	1.00	0.11	0.00	0	|	rapi	0.11	0.11	0	|	100.0	0.11(100)	0.11(100)	|	2	
928	11	ok	|	0.11	1.00	1.00	0.11	0.00	0	|	rapi	0.11	0.11	0	|	100.0	0.11(100)	0.11(100)	|	2	
928	12	ok	|	0.13	1.00	1.00	0.14	0.00	0	|	rapi	0.13	0.14	0	|	100.0	0.14(100)	0.14(100)	|	2	
928	13	ok	|	0.13	1.00	1.00	0.14	0.01	0	|	rapi	0.13	0.14	0	|	100.0	0.14(100)	0.14(100)	|	2	
928	14	ok	|	0.13	1.00	1.00	0.14	0.01	0	|	rapi	0.13	0.14	0	|	100.0	0.14(100)	0.14(100)	|	2	
928	15	ok	|	0.12	1.00	1.00	0.13	0.01	0	|	rapi	0.12	0.13	0	|	100.0	0.13(100)	0.13(100)	|	2	
928	16	ok	|	0.14	1.00	1.00	0.15	0.01	0	|	rapi	0.14	0.15	0	|	100.0	0.15(100)	0.15(100)	|	2	
928	17	ok	|	0.14	1.00	1.00	0.15	0.01	0	|	rapi	0.14	0.15	0	|	100.0	0.15(100)	0.15(100)	|	2	
928	18	ok	|	0.15	1.00	1.00	0.16	0.01	0	|	rapi	0.15	0.16	0	|	100.0	0.16(100)	0.16(100)	|	2	
928	19	ok	|	0.15	1.00	1.00	0.17	0.01	0	|	rapi	0.15	0.17	0	|	100.0	0.17(100)	0.17(100)	|	2	
928	20	ok	|	0.17	1.00	1.00	0.19	0.01	0	|	rapi	0.17	0.19	0	|	100.0	0.19(100)	0.19(100)	|	2	
928	21	ok	|	0.18	1.00	1.00	0.20	0.01	0	|	rapi	0.18	0.20	0	|	100.0	0.20(100)	0.20(100)	|	2	
928	22	ok	|	0.18	1.00	1.00	0.20	0.01	0	|	rapi	0.18	0.20	0	|	100.0	0.20(100)	0.20(100)	|	2	
928	23	ok	|	0.18	1.00	1.00	0.19	0.01	0	|	rapi	0.18	0.19	0	|	100.0	0.19(100)	0.19(100)	|	2	
928	24	ok	|	0.16	1.00	1.00	0.17	0.01	0	|	rapi	0.16	0.17	0	|	100.0	0.17(100)	0.17(100)	|	2	
928	25	ok	|	0.15	1.00	1.00	0.16	0.01	0	|	rapi	0.15	0.16	0	|	100.0	0.16(100)	0.16(100)	|	2	
928	26	ok	|	0.15	1.00	1.00	0.16	0.01	0	|	rapi	0.15	0.16	0	|	100.0	0.16(100)	0.16(100)	|	2	
928	27	ok	|	0.18	1.00	1.00	0.19	0.01	0	|	rapi	0.18	0.19	0	|	100.0	0.19(100)	0.19(100)	|	2	
928	28	ok	|	0.18	1.00	1.00	0.19	0.01	0	|	rapi	0.18	0.19	0	|	100.0	0.19(100)	0.19(100)	|	2	
928	29	ok	|	0.18	1.00	1.00	0.20	0.01	0	|	rapi	0.18	0.20	0	|	100.0	0.20(100)	0.20(100)	|	2	
928	30	ok	|	0.18	1.00	1.00	0.19	0.01	0	|	rapi	0.18	0.19	0	|	100.0	0.19(100)	0.19(100)	|	2	
928	31	ok	|	0.17	1.00	1.00	0.18	0.01	0	|	rapi	0.17	0.18	0	|	100.0	0.18(100)	0.18(100)	|	2	
928	32	ok	|	0.17	1.00	1.00	0.18	0.01	0	|	rapi	0.17	0.18	0	|	100.0	0.18(100)	0.18(100)	|	2	
928	33	ok	|	0.16	1.00	1.00	0.18	0.01	0	|	rapi	0.16	0.18	0	|	100.0	0.18(100)	0.18(100)	|	2	
928	34	ok	|	0.16	1.00	1.00	0.17	0.01	0	|	rapi	0.16	0.17	0	|	100.0	0.17(100)	0.17(100)	|	2	
928	35	ok	|	0.16	1.00	1.00	0.17	0.01	0	|	rapi	0.16	0.17	0	|	100.0	0.17(100)	0.17(100)	|	2	
928	36	ok	|	0.13	1.00	1.00	0.14	0.01	0	|	rapi	0.13	0.14	0	|	100.0	0.14(100)	0.14(100)	|	2	
928	37	ok	|	0.15	1.00	1.00	0.16	0.02	0	|	rapi	0.15	0.16	0	|	100.0	0.16(100)	0.16(100)	|	2	
928	38	ok	|	0.14	1.00	1.00	0.15	0.02	0	|	rapi	0.14	0.15	0	|	100.0	0.15(100)	0.15(100)	|	2	
928	39	ok	|	0.13	1.00	1.00	0.14	0.02	0	|	rapi	0.13	0.14	0	|	100.0	0.14(100)	0.14(100)	|	2	
928	40	ok	|	0.13	1.00	1.00	0.14	0.02	0	|	rapi	0.13	0.14	0	|	100.0	0.14(100)	0.14(100)	|	2	
928	41	ok	|	0.13	1.00	1.00	0.13	0.02	0	|	rapi	0.13	0.13	0	|	100.0	0.13(100)	0.13(100)	|	2	
928	42	ok	|	0.14	1.00	1.00	0.15	0.02	0	|	rapi	0.14	0.15	0	|	100.0	0.15(100)	0.15(100)	|	2	
928	43	ok	|	0.13	1.00	1.00	0.14	0.02	0	|	rapi	0.13	0.14	0	|	100.0	0.14(100)	0.14(100)	|	2	
928	44	ok	|	0.14	1.00	1.00	0.15	0.02	0	|	rapi	0.14	0.15	0	|	100.0	0.15(100)	0.15(100)	|	2	
928	45	ok	|	0.14	1.00	1.00	0.15	0.02	0	|	rapi	0.14	0.15	0	|	100.0	0.15(100)	0.15(100)	|	2	
928	46	ok	|	0.15	1.00	1.00	0.16	0.02	0	|	rapi	0.15	0.16	0	|	100.0	0.16(100)	0.16(100)	|	2	
928	47	ok	|	0.14	1.00	1.00	0.15	0.02	0	|	rapi	0.14	0.15	0	|	100.0	0.15(100)	0.15(100)	|	2	
928	48	ok	|	0.15	1.00	1.00	0.15	0.02	0	|	rapi	0.15	0.15	0	|	100.0	0.15(100)	0.15(100)	|	2	
928	49	ok	|	0.16	1.00	1.00	0.17	0.02	0	|	rapi	0.16	0.17	0	|	100.0	0.17(100)	0.17(100)	|	2	
928	50	ok	|	0.14	1.00	1.00	0.15	0.02	0	|	rapi	0.14	0.15	0	|	100.0	0.15(100)	0.15(100)	|	2	
928	51	ok	|	0.14	1.00	1.00	0.15	0.02	0	|	rapi	0.14	0.15	0	|	100.0	0.15(100)	0.15(100)	|	2	
928	52	ok	|	0.15	1.00	1.00	0.15	0.03	0	|	rapi	0.15	0.15	0	|	100.0	0.15(100)	0.15(100)	|	2	
928	53	ok	|	0.14	1.00	1.00	0.14	0.02	0	|	rapi	0.14	0.14	0	|	100.0	0.14(100)	0.14(100)	|	2	
928	54	ok	|	0.12	1.00	1.00	0.13	0.02	0	|	rapi	0.12	0.13	0	|	100.0	0.13(100)	0.13(100)	|	2	
928	55	ok	|	0.13	1.00	1.00	0.13	0.02	0	|	rapi	0.13	0.13	0	|	100.0	0.13(100)	0.13(100)	|	2	
928	56	ok	|	0.13	1.00	1.00	0.14	0.02	0	|	rapi	0.13	0.14	0	|	100.0	0.14(100)	0.14(100)	|	2	
928	57	ok	|	0.13	1.00	1.00	0.14	0.02	0	|	rapi	0.13	0.14	0	|	100.0	0.14(100)	0.14(100)	|	2	
928	58	ok	|	0.13	1.00	1.00	0.14	0.02	0	|	rapi	0.13	0.14	0	|	100.0	0.14(100)	0.14(100)	|	2	
928	59	ok	|	0.13	1.00	1.00	0.14	0.02	0	|	rapi	0.13	0.14	0	|	100.0	0.14(100)	0.14(100)	|	2	
928	60	ok	|	0.15	1.00	1.00	0.15	0.02	0	|	rapi	0.15	0.15	0	|	100.0	0.15(100)	0.15(100)	|	2	
928	61	ok	|	0.12	1.00	1.00	0.12	0.02	0	|	rapi	0.12	0.12	0	|	100.0	0.12(100)	0.12(100)	|	2	
928	62	ok	|	0.10	1.00	1.00	0.10	0.02	0	|	rapi	0.10	0.10	0	|	100.0	0.10(100)	0.10(100)	|	2	
928	63	ok	|	0.10	1.00	1.00	0.11	0.02	0	|	rapi	0.10	0.11	0	|	100.0	0.11(100)	0.11(100)	|	2	
928	64	ok	|	0.11	1.00	1.00	0.12	0.02	0	|	rapi	0.11	0.12	0	|	100.0	0.12(100)	0.12(100)	|	2	
928	65	ok	|	0.14	1.00	1.00	0.14	0.02	0	|	rapi	0.14	0.14	0	|	100.0	0.14(100)	0.14(100)	|	2	
928	66	ok	|	0.14	1.00	1.00	0.14	0.02	0	|	rapi	0.14	0.14	0	|	100.0	0.14(100)	0.14(100)	|	2	
928	67	ok	|	0.14	1.00	1.00	0.14	0.02	0	|	rapi	0.14	0.14	0	|	100.0	0.14(100)	0.14(100)	|	2	
928	68	ok	|	0.12	1.00	1.00	0.12	0.02	0	|	rapi	0.12	0.12	0	|	100.0	0.12(100)	0.12(100)	|	2	
928	69	ok	|	0.12	1.00	1.00	0.12	0.02	0	|	rapi	0.12	0.12	0	|	100.0	0.12(100)	0.12(100)	|	2	
928	70	ok	|	0.10	1.00	1.00	0.10	0.02	0	|	rapi	0.10	0.10	0	|	100.0	0.10(100)	0.10(100)	|	2	
928	71	ok	|	0.09	1.00	1.00	0.09	0.02	0	|	rapi	0.09	0.09	0	|	100.0	0.09(100)	0.09(100)	|	2	
928	72	ok	|	0.08	1.00	1.00	0.08	0.01	0	|	rapi	0.08	0.08	0	|	100.0	0.08(100)	0.08(100)	|	2	
928	73	ok	|	0.08	1.00	1.00	0.08	0.01	0	|	rapi	0.08	0.08	0	|	100.0	0.08(100)	0.08(100)	|	2	
928	74	ok	|	0.10	1.00	1.00	0.10	0.02	0	|	rapi	0.10	0.10	0	|	100.0	0.10(100)	0.10(100)	|	2	
928	75	ok	|	0.09	1.00	1.00	0.10	0.02	0	|	rapi	0.09	0.10	0	|	100.0	0.10(100)	0.10(100)	|	2	
928	76	ok	|	0.09	1.00	1.00	0.10	0.02	0	|	rapi	0.09	0.10	0	|	100.0	0.10(100)	0.10(100)	|	2	
928	77	ok	|	0.09	1.00	1.00	0.10	0.02	0	|	rapi	0.09	0.10	0	|	100.0	0.10(100)	0.10(100)	|	2	
928	78	ok	|	0.09	1.00	1.00	0.09	0.02	0	|	rapi	0.09	0.09	0	|	100.0	0.09(100)	0.09(100)	|	2	
928	79	ok	|	0.09	1.00	1.00	0.09	0.02	0	|	rapi	0.09	0.09	0	|	100.0	0.09(100)	0.09(100)	|	2	
928	80	ok	|	0.09	1.00	1.00	0.09	0.01	0	|	rapi	0.09	0.09	0	|	100.0	0.09(100)	0.09(100)	|	2	
928	81	ok	|	0.09	1.00	1.00	0.09	0.02	0	|	rapi	0.09	0.09	0	|	100.0	0.09(100)	0.09(100)	|	2	
928	82	ok	|	0.09	1.00	1.00	0.09	0.01	0	|	rapi	0.09	0.09	0	|	100.0	0.09(100)	0.09(100)	|	2	
928	83	ok	|	0.10	1.00	1.00	0.10	0.02	0	|	rapi	0.10	0.10	0	|	100.0	0.10(100)	0.10(100)	|	2	
928	84	ok	|	0.10	1.00	1.00	0.10	0.02	0	|	rapi	0.10	0.10	0	|	100.0	0.10(100)	0.10(100)	|	2	
928	85	ok	|	0.11	1.00	1.00	0.11	0.02	0	|	rapi	0.11	0.11	0	|	100.0	0.11(100)	0.11(100)	|	2	
928	86	ok	|	0.11	1.00	1.00	0.12	0.02	0	|	rapi	0.11	0.12	0	|	100.0	0.12(100)	0.12(100)	|	2	
928	87	ok	|	0.11	1.00	1.00	0.12	0.02	0	|	rapi	0.11	0.12	0	|	100.0	0.12(100)	0.12(100)	|	2	
928	88	ok	|	0.11	1.00	1.00	0.11	0.02	0	|	rapi	0.11	0.11	0	|	100.0	0.11(100)	0.11(100)	|	2	
928	89	ok	|	0.11	1.00	1.00	0.11	0.02	0	|	rapi	0.11	0.11	0	|	100.0	0.11(100)	0.11(100)	|	2	
928	90	ok	|	0.09	1.00	1.00	0.09	0.02	0	|	rapi	0.09	0.09	0	|	100.0	0.09(100)	0.09(100)	|	2	
928	91	ok	|	0.11	1.00	1.00	0.11	0.02	0	|	rapi	0.11	0.11	0	|	100.0	0.11(100)	0.11(100)	|	2	
928	92	ok	|	0.11	1.00	1.00	0.12	0.02	0	|	rapi	0.11	0.12	0	|	100.0	0.12(100)	0.12(100)	|	2	
928	93	ok	|	0.12	1.00	1.00	0.12	0.02	0	|	rapi	0.12	0.12	0	|	100.0	0.12(100)	0.12(100)	|	2	
928	94	ok	|	0.12	1.00	1.00	0.12	0.02	0	|	rapi	0.12	0.12	0	|	100.0	0.12(100)	0.12(100)	|	2	
928	95	ok	|	0.12	1.00	1.00	0.12	0.02	0	|	rapi	0.12	0.12	0	|	100.0	0.12(100)	0.12(100)	|	2	
928	96	ok	|	0.11	1.00	1.00	0.12	0.02	0	|	rapi	0.11	0.12	0	|	100.0	0.12(100)	0.12(100)	|	2	
928	97	ok	|	0.12	1.00	1.00	0.12	0.02	0	|	rapi	0.12	0.12	0	|	100.0	0.12(100)	0.12(100)	|	2	
928	98	ok	|	0.13	1.00	1.00	0.14	0.02	0	|	rapi	0.13	0.14	0	|	100.0	0.14(100)	0.14(100)	|	2	
928	99	ok	|	0.13	1.00	1.00	0.14	0.02	0	|	rapi	0.13	0.14	0	|	100.0	0.14(100)	0.14(100)	|	2	
928	100	ok	|	0.13	1.00	1.00	0.14	0.02	0	|	rapi	0.13	0.14	0	|	100.0	0.14(100)	0.14(100)	|	2	
928	101	ok	|	0.13	1.00	1.00	0.13	0.02	0	|	rapi	0.13	0.13	0	|	100.0	0.13(100)	0.13(100)	|	2	
928	102	ok	|	0.14	1.00	1.00	0.14	0.02	0	|	rapi	0.14	0.14	0	|	100.0	0.14(100)	0.14(100)	|	2	
928	103	ok	|	0.13	1.00	1.00	0.13	0.02	0	|	rapi	0.13	0.13	0	|	100.0	0.13(100)	0.13(100)	|	2	
928	104	ok	|	0.13	1.00	1.00	0.14	0.02	0	|	rapi	0.13	0.14	0	|	100.0	0.14(100)	0.14(100)	|	2	
928	105	ok	|	0.15	1.00	1.00	0.16	0.03	0	|	rapi	0.15	0.16	0	|	100.0	0.16(100)	0.16(100)	|	2	
928	106	ok	|	0.15	1.00	1.00	0.16	0.03	0	|	rapi	0.15	0.16	0	|	100.0	0.16(100)	0.16(100)	|	2	
928	107	ok	|	0.17	1.00	1.00	0.17	0.03	0	|	rapi	0.17	0.17	0	|	100.0	0.17(100)	0.17(100)	|	2	
928	108	ok	|	0.15	1.00	1.00	0.16	0.03	0	|	rapi	0.15	0.16	0	|	100.0	0.16(100)	0.16(100)	|	2	
928	109	ok	|	0.15	1.00	1.00	0.17	0.03	0	|	rapi	0.15	0.17	0	|	100.0	0.17(100)	0.17(100)	|	2	
928	110	ok	|	0.16	1.00	1.00	0.17	0.03	0	|	rapi	0.16	0.17	0	|	100.0	0.17(100)	0.17(100)	|	2	
928	111	ok	|	0.15	1.00	1.00	0.16	0.03	0	|	rapi	0.15	0.16	0	|	100.0	0.16(100)	0.16(100)	|	2	
928	112	ok	|	0.16	1.00	1.00	0.17	0.03	0	|	rapi	0.16	0.17	0	|	100.0	0.17(100)	0.17(100)	|	2	
928	113	ok	|	0.15	1.00	1.00	0.16	0.03	0	|	rapi	0.15	0.16	0	|	100.0	0.16(100)	0.16(100)	|	2	
928	114	ok	|	0.16	1.00	1.00	0.16	0.03	0	|	rapi	0.16	0.16	0	|	100.0	0.16(100)	0.16(100)	|	2	
928	115	ok	|	0.14	1.00	1.00	0.15	0.02	0	|	rapi	0.14	0.15	0	|	100.0	0.15(100)	0.15(100)	|	2	
928	116	ok	|	0.16	1.00	1.00	0.17	0.03	0	|	rapi	0.16	0.17	0	|	100.0	0.17(100)	0.17(100)	|	2	
928	117	ok	|	0.17	1.00	1.00	0.18	0.05	0	|	rapi	0.17	0.18	0	|	100.0	0.18(100)	0.18(100)	|	2	
928	118	ok	|	0.13	1.00	1.00	0.14	0.03	0	|	rapi	0.13	0.14	0	|	100.0	0.14(100)	0.14(100)	|	2	
928	119	ok	|	0.13	1.00	1.00	0.14	0.03	0	|	rapi	0.13	0.14	0	|	100.0	0.14(100)	0.14(100)	|	2	
928	120	ok	|	0.13	1.00	1.00	0.14	0.04	0	|	rapi	0.13	0.14	0	|	100.0	0.14(100)	0.14(100)	|	2	
928	121	ok	|	0.11	1.00	1.00	0.12	0.03	0	|	rapi	0.11	0.12	0	|	100.0	0.12(100)	0.12(100)	|	2	
928	122	ok	|	0.11	1.00	1.00	0.12	0.03	0	|	rapi	0.11	0.12	0	|	100.0	0.12(100)	0.12(100)	|	2	
928	123	ok	|	0.11	1.00	1.00	0.12	0.03	0	|	rapi	0.11	0.12	0	|	100.0	0.12(100)	0.12(100)	|	2	
928	124	ok	|	0.11	1.00	1.00	0.11	0.03	0	|	rapi	0.11	0.11	0	|	100.0	0.11(100)	0.11(100)	|	2	
928	125	ok	|	0.12	1.00	1.00	0.12	0.03	0	|	rapi	0.12	0.12	0	|	100.0	0.12(100)	0.12(100)	|	2	
928	126	ok	|	0.12	1.00	1.00	0.12	0.03	0	|	rapi	0.12	0.12	0	|	100.0	0.12(100)	0.12(100)	|	2	
928	127	ok	|	0.13	1.00	1.00	0.14	0.04	0	|	rapi	0.13	0.14	0	|	100.0	0.14(100)	0.14(100)	|	2	
928	128	ok	|	0.15	1.00	1.00	0.17	0.04	0	|	rapi	0.15	0.17	0	|	100.0	0.17(100)	0.17(100)	|	2	
928	129	ok	|	0.17	1.00	1.00	0.18	0.04	0	|	rapi	0.17	0.18	0	|	100.0	0.18(100)	0.18(100)	|	2	
928	130	ok	|	0.18	1.00	1.00	0.19	0.05	0	|	rapi	0.18	0.19	0	|	100.0	0.19(100)	0.19(100)	|	2	
928	131	ok	|	0.18	1.00	1.00	0.18	0.05	0	|	rapi	0.18	0.18	0	|	100.0	0.18(100)	0.18(100)	|	2	
928	132	ok	|	0.18	1.00	1.00	0.19	0.05	0	|	rapi	0.18	0.19	0	|	100.0	0.19(100)	0.19(100)	|	2	
928	133	ok	|	0.17	1.00	1.00	0.18	0.05	0	|	rapi	0.17	0.18	0	|	100.0	0.18(100)	0.18(100)	|	2	
928	134	ok	|	0.17	1.00	1.00	0.17	0.04	0	|	rapi	0.17	0.17	0	|	100.0	0.17(100)	0.17(100)	|	2	
928	135	ok	|	0.16	1.00	1.00	0.18	0.04	0	|	rapi	0.16	0.18	0	|	100.0	0.18(100)	0.18(100)	|	2	
928	136	ok	|	0.15	1.00	1.00	0.17	0.04	0	|	rapi	0.15	0.17	0	|	100.0	0.17(100)	0.17(100)	|	2	
928	137	ok	|	0.14	1.00	1.00	0.15	0.04	0	|	rapi	0.14	0.15	0	|	100.0	0.15(100)	0.15(100)	|	2	
928	138	ok	|	0.14	1.00	1.00	0.16	0.04	0	|	rapi	0.14	0.16	0	|	100.0	0.16(100)	0.16(100)	|	2	
928	139	ok	|	0.15	1.00	1.00	0.16	0.04	0	|	rapi	0.15	0.16	0	|	100.0	0.16(100)	0.16(100)	|	2	
928	140	ok	|	0.18	1.00	1.00	0.19	0.05	0	|	rapi	0.18	0.19	0	|	100.0	0.19(100)	0.19(100)	|	2	
928	141	ok	|	0.17	1.00	1.00	0.18	0.04	0	|	rapi	0.17	0.18	0	|	100.0	0.18(100)	0.18(100)	|	2	
928	142	ok	|	0.16	1.00	1.00	0.17	0.04	0	|	rapi	0.16	0.17	0	|	100.0	0.17(100)	0.17(100)	|	2	
928	143	ok	|	0.15	1.00	1.00	0.16	0.04	0	|	rapi	0.15	0.16	0	|	100.0	0.16(100)	0.16(100)	|	2	
928	144	ok	|	0.16	1.00	1.00	0.17	0.04	0	|	rapi	0.16	0.17	0	|	100.0	0.17(100)	0.17(100)	|	2	
928	145	ok	|	0.17	1.00	1.00	0.18	0.04	0	|	rapi	0.17	0.18	0	|	100.0	0.18(100)	0.18(100)	|	2	
928	146	ok	|	0.17	1.00	1.00	0.19	0.05	0	|	rapi	0.17	0.19	0	|	100.0	0.19(100)	0.19(100)	|	2	
928	147	ok	|	0.19	1.00	1.00	0.20	0.05	0	|	rapi	0.19	0.20	0	|	100.0	0.20(100)	0.20(100)	|	2	
928	148	ok	|	0.20	1.00	1.00	0.21	0.05	0	|	rapi	0.20	0.21	0	|	100.0	0.21(100)	0.21(100)	|	2	
928	149	ok	|	0.20	1.00	1.00	0.21	0.05	0	|	rapi	0.20	0.21	0	|	100.0	0.21(100)	0.21(100)	|	2	
928	150	ok	|	0.19	1.00	1.00	0.21	0.05	0	|	rapi	0.19	0.21	0	|	100.0	0.21(100)	0.21(100)	|	2	
928	151	ok	|	0.22	1.00	1.00	0.23	0.06	0	|	rapi	0.22	0.23	0	|	100.0	0.23(100)	0.23(100)	|	2	
928	152	ok	|	0.22	1.00	1.00	0.24	0.06	0	|	rapi	0.22	0.24	0	|	100.0	0.24(100)	0.24(100)	|	2	
928	153	ok	|	0.22	1.00	1.00	0.25	0.06	0	|	rapi	0.22	0.25	0	|	100.0	0.25(100)	0.25(100)	|	2	
928	154	ok	|	0.21	1.00	1.00	0.22	0.06	0	|	rapi	0.21	0.22	0	|	100.0	0.22(100)	0.22(100)	|	2	
928	155	ok	|	0.22	1.00	1.00	0.23	0.06	0	|	rapi	0.22	0.23	0	|	100.0	0.23(100)	0.23(100)	|	2	
928	156	ok	|	0.23	1.00	1.00	0.25	0.06	0	|	rapi	0.23	0.25	0	|	100.0	0.25(100)	0.25(100)	|	2	
928	157	ok	|	0.22	1.00	1.00	0.24	0.06	0	|	rapi	0.22	0.24	0	|	100.0	0.24(100)	0.24(100)	|	2	
928	158	ok	|	0.23	1.00	1.00	0.25	0.06	0	|	rapi	0.23	0.25	0	|	100.0	0.25(100)	0.25(100)	|	2	
928	159	ok	|	0.21	1.00	1.00	0.23	0.06	0	|	rapi	0.21	0.23	0	|	100.0	0.23(100)	0.23(100)	|	2	
928	160	ok	|	0.21	1.00	1.00	0.24	0.06	0	|	rapi	0.21	0.24	0	|	100.0	0.24(100)	0.24(100)	|	2	
928	161	ok	|	0.20	1.00	1.00	0.22	0.06	0	|	rapi	0.20	0.22	0	|	100.0	0.22(100)	0.22(100)	|	2	
928	162	ok	|	0.18	1.00	1.00	0.20	0.05	0	|	rapi	0.18	0.20	0	|	100.0	0.20(100)	0.20(100)	|	2	
928	163	ok	|	0.19	1.00	1.00	0.21	0.05	0	|	rapi	0.19	0.21	0	|	100.0	0.21(100)	0.21(100)	|	2	
928	164	ok	|	0.21	1.00	1.00	0.22	0.06	0	|	rapi	0.21	0.22	0	|	100.0	0.22(100)	0.22(100)	|	2	
928	165	ok	|	0.21	1.00	1.00	0.22	0.06	0	|	rapi	0.21	0.22	0	|	100.0	0.22(100)	0.22(100)	|	2	
928	166	ok	|	0.22	1.00	1.00	0.23	0.06	0	|	rapi	0.22	0.23	0	|	100.0	0.23(100)	0.23(100)	|	2	
928	167	ok	|	0.18	1.00	1.00	0.20	0.05	0	|	rapi	0.18	0.20	0	|	100.0	0.20(100)	0.20(100)	|	2	
928	168	ok	|	0.18	1.00	1.00	0.20	0.05	0	|	rapi	0.18	0.20	0	|	100.0	0.20(100)	0.20(100)	|	2	
928	169	ok	|	0.16	1.00	1.00	0.18	0.04	0	|	rapi	0.16	0.18	0	|	100.0	0.18(100)	0.18(100)	|	2	
928	170	ok	|	0.15	1.00	1.00	0.17	0.04	0	|	rapi	0.15	0.17	0	|	100.0	0.17(100)	0.17(100)	|	2	
928	171	ok	|	0.15	1.00	1.00	0.16	0.04	0	|	rapi	0.15	0.16	0	|	100.0	0.16(100)	0.16(100)	|	2	
928	172	ok	|	0.14	1.00	1.00	0.15	0.04	0	|	rapi	0.14	0.15	0	|	100.0	0.15(100)	0.15(100)	|	2	
928	173	ok	|	0.16	1.00	1.00	0.17	0.04	0	|	rapi	0.16	0.17	0	|	100.0	0.17(100)	0.17(100)	|	2	
928	174	ok	|	0.16	1.00	1.00	0.17	0.04	0	|	rapi	0.16	0.17	0	|	100.0	0.17(100)	0.17(100)	|	2	
928	175	ok	|	0.15	1.00	1.00	0.15	0.04	0	|	rapi	0.15	0.15	0	|	100.0	0.15(100)	0.15(100)	|	2	
928	176	ok	|	0.17	1.00	1.00	0.18	0.05	0	|	rapi	0.17	0.18	0	|	100.0	0.18(100)	0.18(100)	|	2	
928	177	ok	|	0.17	1.00	1.00	0.18	0.04	0	|	rapi	0.17	0.18	0	|	100.0	0.18(100)	0.18(100)	|	2	
928	178	ok	|	0.16	1.00	1.00	0.17	0.04	0	|	rapi	0.16	0.17	0	|	100.0	0.17(100)	0.17(100)	|	2	
928	179	ok	|	0.16	1.00	1.00	0.17	0.04	0	|	rapi	0.16	0.17	0	|	100.0	0.17(100)	0.17(100)	|	2	
928	180	ok	|	0.16	1.00	1.00	0.17	0.04	0	|	rapi	0.16	0.17	0	|	100.0	0.17(100)	0.17(100)	|	2	
928	181	ok	|	0.15	1.00	1.00	0.16	0.04	0	|	rapi	0.15	0.16	0	|	100.0	0.16(100)	0.16(100)	|	2	
928	182	ok	|	0.14	1.00	1.00	0.15	0.04	0	|	rapi	0.14	0.15	0	|	100.0	0.15(100)	0.15(100)	|	2	
928	183	ok	|	0.16	1.00	1.00	0.17	0.04	0	|	rapi	0.16	0.17	0	|	100.0	0.17(100)	0.17(100)	|	2	
928	184	ok	|	0.15	1.00	1.00	0.17	0.04	0	|	rapi	0.15	0.17	0	|	100.0	0.17(100)	0.17(100)	|	2	
928	185	ok	|	0.16	1.00	1.00	0.17	0.04	0	|	rapi	0.16	0.17	0	|	100.0	0.17(100)	0.17(100)	|	2	
928	186	ok	|	0.15	1.00	1.00	0.16	0.04	0	|	rapi	0.15	0.16	0	|	100.0	0.16(100)	0.16(100)	|	2	
928	187	ok	|	0.14	1.00	1.00	0.15	0.04	0	|	rapi	0.14	0.15	0	|	100.0	0.15(100)	0.15(100)	|	2	
928	188	ok	|	0.17	1.00	1.00	0.19	0.05	0	|	rapi	0.17	0.19	0	|	100.0	0.19(100)	0.19(100)	|	2	
928	189	ok	|	0.19	1.00	1.00	0.20	0.05	0	|	rapi	0.19	0.20	0	|	100.0	0.20(100)	0.20(100)	|	2	
928	190	ok	|	0.19	1.00	1.00	0.20	0.05	0	|	rapi	0.19	0.20	0	|	100.0	0.20(100)	0.20(100)	|	2	
928	191	ok	|	0.16	1.00	1.00	0.18	0.04	0	|	rapi	0.16	0.18	0	|	100.0	0.18(100)	0.18(100)	|	2	
928	192	ok	|	0.17	1.00	1.00	0.17	0.04	0	|	rapi	0.17	0.17	0	|	100.0	0.17(100)	0.17(100)	|	2	
928	193	ok	|	0.17	1.00	1.00	0.18	0.04	0	|	rapi	0.17	0.18	0	|	100.0	0.18(100)	0.18(100)	|	2	
928	194	ok	|	0.17	1.00	1.00	0.18	0.05	0	|	rapi	0.17	0.18	0	|	100.0	0.18(100)	0.18(100)	|	2	
928	195	ok	|	0.16	1.00	1.00	0.17	0.04	0	|	rapi	0.16	0.17	0	|	100.0	0.17(100)	0.17(100)	|	2	
928	196	ok	|	0.14	1.00	1.00	0.15	0.04	0	|	rapi	0.14	0.15	0	|	100.0	0.15(100)	0.15(100)	|	2	
928	197	ok	|	0.13	1.00	1.00	0.14	0.04	0	|	rapi	0.13	0.14	0	|	100.0	0.14(100)	0.14(100)	|	2	
928	198	ok	|	0.14	1.00	1.00	0.15	0.04	0	|	rapi	0.14	0.15	0	|	100.0	0.15(100)	0.15(100)	|	2	
928	199	ok	|	0.13	1.00	1.00	0.13	0.03	0	|	rapi	0.13	0.13	0	|	100.0	0.13(100)	0.13(100)	|	2	
928	200	ok	|	0.12	1.00	1.00	0.13	0.03	0	|	rapi	0.12	0.13	0	|	100.0	0.13(100)	0.13(100)	|	2	
928	201	ok	|	0.12	1.00	1.00	0.12	0.03	0	|	rapi	0.12	0.12	0	|	100.0	0.12(100)	0.12(100)	|	2	
928	202	ok	|	0.12	1.00	1.00	0.12	0.03	0	|	rapi	0.12	0.12	0	|	100.0	0.12(100)	0.12(100)	|	2	
928	203	ok	|	0.11	1.00	1.00	0.11	0.03	0	|	rapi	0.11	0.11	0	|	100.0	0.11(100)	0.11(100)	|	2	
928	204	ok	|	0.10	1.00	1.00	0.11	0.03	0	|	rapi	0.10	0.11	0	|	100.0	0.11(100)	0.11(100)	|	2	
928	205	ok	|	0.11	1.00	1.00	0.11	0.03	0	|	rapi	0.11	0.11	0	|	100.0	0.11(100)	0.11(100)	|	2	
928	206	ok	|	0.08	1.00	1.00	0.09	0.02	0	|	rapi	0.08	0.09	0	|	100.0	0.09(100)	0.09(100)	|	2	
928	207	ok	|	0.09	1.00	1.00	0.10	0.02	0	|	rapi	0.09	0.10	0	|	100.0	0.10(100)	0.10(100)	|	2	
928	208	ok	|	0.09	1.00	1.00	0.09	0.02	0	|	rapi	0.09	0.09	0	|	100.0	0.09(100)	0.09(100)	|	2	
928	209	ok	|	0.10	1.00	1.00	0.10	0.03	0	|	rapi	0.10	0.10	0	|	100.0	0.10(100)	0.10(100)	|	2	
928	210	ok	|	0.10	1.00	1.00	0.11	0.03	0	|	rapi	0.10	0.11	0	|	100.0	0.11(100)	0.11(100)	|	2	
928	211	ok	|	0.09	1.00	1.00	0.10	0.02	0	|	rapi	0.09	0.10	0	|	100.0	0.10(100)	0.10(100)	|	2	
928	212	ok	|	0.09	1.00	1.00	0.10	0.02	0	|	rapi	0.09	0.10	0	|	100.0	0.10(100)	0.10(100)	|	2	
928	213	ok	|	0.09	1.00	1.00	0.09	0.02	0	|	rapi	0.09	0.09	0	|	100.0	0.09(100)	0.09(100)	|	2	
928	214	ok	|	0.09	1.00	1.00	0.09	0.02	0	|	rapi	0.09	0.09	0	|	100.0	0.09(100)	0.09(100)	|	2	
928	215	ok	|	0.09	1.00	1.00	0.09	0.02	0	|	rapi	0.09	0.09	0	|	100.0	0.09(100)	0.09(100)	|	2	
928	216	ok	|	0.09	1.00	1.00	0.09	0.02	0	|	rapi	0.09	0.09	0	|	100.0	0.09(100)	0.09(100)	|	2	
928	217	ok	|	0.09	1.00	1.00	0.09	0.02	0	|	rapi	0.09	0.09	0	|	100.0	0.09(100)	0.09(100)	|	2	
928	218	ok	|	0.08	1.00	1.00	0.09	0.02	0	|	rapi	0.08	0.09	0	|	100.0	0.09(100)	0.09(100)	|	2	
928	219	ok	|	0.10	1.00	1.00	0.10	0.03	0	|	rapi	0.10	0.10	0	|	100.0	0.10(100)	0.10(100)	|	2	
928	220	ok	|	0.11	1.00	1.00	0.11	0.03	0	|	rapi	0.11	0.11	0	|	100.0	0.11(100)	0.11(100)	|	2	
928	221	ok	|	0.11	1.00	1.00	0.11	0.03	0	|	rapi	0.11	0.11	0	|	100.0	0.11(100)	0.11(100)	|	2	
928	222	ok	|	0.12	1.00	1.00	0.12	0.03	0	|	rapi	0.12	0.12	0	|	100.0	0.12(100)	0.12(100)	|	2	
928	223	ok	|	0.12	1.00	1.00	0.13	0.03	0	|	rapi	0.12	0.13	0	|	100.0	0.13(100)	0.13(100)	|	2	
928	224	ok	|	0.13	1.00	1.00	0.13	0.03	0	|	rapi	0.13	0.13	0	|	100.0	0.13(100)	0.13(100)	|	2	
928	225	ok	|	0.14	1.00	1.00	0.14	0.04	0	|	rapi	0.14	0.14	0	|	100.0	0.14(100)	0.14(100)	|	2	
928	226	ok	|	0.15	1.00	1.00	0.15	0.04	0	|	rapi	0.15	0.15	0	|	100.0	0.15(100)	0.15(100)	|	2	
928	227	ok	|	0.15	1.00	1.00	0.16	0.04	0	|	rapi	0.15	0.16	0	|	100.0	0.16(100)	0.16(100)	|	2	
928	228	ok	|	0.14	1.00	1.00	0.14	0.04	0	|	rapi	0.14	0.14	0	|	100.0	0.14(100)	0.14(100)	|	2	
928	229	ok	|	0.13	1.00	1.00	0.14	0.04	0	|	rapi	0.13	0.14	0	|	100.0	0.14(100)	0.14(100)	|	2	
928	230	ok	|	0.12	1.00	1.00	0.13	0.03	0	|	rapi	0.12	0.13	0	|	100.0	0.13(100)	0.13(100)	|	2	
928	231	ok	|	0.11	1.00	1.00	0.12	0.03	0	|	rapi	0.11	0.12	0	|	100.0	0.12(100)	0.12(100)	|	2	
928	232	ok	|	0.10	1.00	1.00	0.11	0.03	0	|	rapi	0.10	0.11	0	|	100.0	0.11(100)	0.11(100)	|	2	
928	233	ok	|	0.11	1.00	1.00	0.12	0.03	0	|	rapi	0.11	0.12	0	|	100.0	0.12(100)	0.12(100)	|	2	
928	234	ok	|	0.12	1.00	1.00	0.12	0.03	0	|	rapi	0.12	0.12	0	|	100.0	0.12(100)	0.12(100)	|	2	
928	235	ok	|	0.11	1.00	1.00	0.12	0.03	0	|	rapi	0.11	0.12	0	|	100.0	0.12(100)	0.12(100)	|	2	
928	236	ok	|	0.09	1.00	1.00	0.09	0.02	0	|	rapi	0.09	0.09	0	|	100.0	0.09(100)	0.09(100)	|	2	
928	237	ok	|	0.09	1.00	1.00	0.10	0.02	0	|	rapi	0.09	0.10	0	|	100.0	0.10(100)	0.10(100)	|	2	
928	238	ok	|	0.10	1.00	1.00	0.10	0.03	0	|	rapi	0.10	0.10	0	|	100.0	0.10(100)	0.10(100)	|	2	
928	239	ok	|	0.09	1.00	1.00	0.10	0.02	0	|	rapi	0.09	0.10	0	|	100.0	0.10(100)	0.10(100)	|	2	
928	240	ok	|	0.10	1.00	1.00	0.10	0.05	0	|	rapi	0.10	0.10	0	|	100.0	0.10(100)	0.10(100)	|	2	
928	241	ok	|	0.10	1.00	1.00	0.10	0.05	0	|	rapi	0.10	0.10	0	|	100.0	0.10(100)	0.10(100)	|	2	
928	242	ok	|	0.09	1.00	1.00	0.10	0.05	0	|	rapi	0.09	0.10	0	|	100.0	0.10(100)	0.10(100)	|	2	
928	243	ok	|	0.11	1.00	1.00	0.11	0.06	0	|	rapi	0.11	0.11	0	|	100.0	0.11(100)	0.11(100)	|	2	
928	244	ok	|	0.11	1.00	1.00	0.11	0.06	0	|	rapi	0.11	0.11	0	|	100.0	0.11(100)	0.11(100)	|	2	
928	245	ok	|	0.10	1.00	1.00	0.10	0.05	0	|	rapi	0.10	0.10	0	|	100.0	0.10(100)	0.10(100)	|	2	
928	246	ok	|	0.08	1.00	1.00	0.08	0.04	0	|	rapi	0.08	0.08	0	|	100.0	0.08(100)	0.08(100)	|	2	
928	247	ok	|	0.08	1.00	1.00	0.08	0.04	0	|	rapi	0.08	0.08	0	|	100.0	0.08(100)	0.08(100)	|	2	
928	248	ok	|	0.07	1.00	1.00	0.07	0.04	0	|	rapi	0.07	0.07	0	|	100.0	0.07(100)	0.07(100)	|	2	
928	249	ok	|	0.07	1.00	1.00	0.07	0.04	0	|	rapi	0.07	0.07	0	|	100.0	0.07(100)	0.07(100)	|	2	
928	250	ok	|	0.08	1.00	1.00	0.08	0.04	0	|	rapi	0.08	0.08	0	|	100.0	0.08(100)	0.08(100)	|	2	
928	251	ok	|	0.07	1.00	1.00	0.07	0.04	0	|	rapi	0.07	0.07	0	|	100.0	0.07(100)	0.07(100)	|	2	
928	252	ok	|	0.08	1.00	1.00	0.08	0.04	0	|	rapi	0.08	0.08	0	|	100.0	0.08(100)	0.08(100)	|	2	
928	253	ok	|	0.11	1.00	1.00	0.11	0.06	0	|	rapi	0.11	0.11	0	|	100.0	0.11(100)	0.11(100)	|	2	
928	254	ok	|	0.11	1.00	1.00	0.12	0.06	0	|	rapi	0.11	0.12	0	|	100.0	0.12(100)	0.12(100)	|	2	
928	255	ok	|	0.10	1.00	1.00	0.10	0.05	0	|	rapi	0.10	0.10	0	|	100.0	0.10(100)	0.10(100)	|	2	
928	256	ok	|	0.10	1.00	1.00	0.11	0.05	0	|	rapi	0.10	0.11	0	|	100.0	0.11(100)	0.11(100)	|	2	
928	257	ok	|	0.10	1.00	1.00	0.10	0.05	0	|	rapi	0.10	0.10	0	|	100.0	0.10(100)	0.10(100)	|	2	
928	258	ok	|	0.13	1.00	1.00	0.13	0.07	0	|	rapi	0.13	0.13	0	|	100.0	0.13(100)	0.13(100)	|	2	
928	259	ok	|	0.13	1.00	1.00	0.13	0.07	0	|	rapi	0.13	0.13	0	|	100.0	0.13(100)	0.13(100)	|	2	
928	260	ok	|	0.12	1.00	1.00	0.12	0.06	0	|	rapi	0.12	0.12	0	|	100.0	0.12(100)	0.12(100)	|	2	
928	261	ok	|	0.12	1.00	1.00	0.12	0.06	0	|	rapi	0.12	0.12	0	|	100.0	0.12(100)	0.12(100)	|	2	
928	262	ok	|	0.11	1.00	1.00	0.11	0.06	0	|	rapi	0.11	0.11	0	|	100.0	0.11(100)	0.11(100)	|	2	
928	263	ok	|	0.11	1.00	1.00	0.11	0.06	0	|	rapi	0.11	0.11	0	|	100.0	0.11(100)	0.11(100)	|	2	
928	264	ok	|	0.12	1.00	1.00	0.12	0.06	0	|	rapi	0.12	0.12	0	|	100.0	0.12(100)	0.12(100)	|	2	
928	265	ok	|	0.13	1.00	1.00	0.14	0.07	0	|	rapi	0.13	0.14	0	|	100.0	0.14(100)	0.14(100)	|	2	
928	266	ok	|	0.13	1.00	1.00	0.14	0.07	0	|	rapi	0.13	0.14	0	|	100.0	0.14(100)	0.14(100)	|	2	
928	267	ok	|	0.13	1.00	1.00	0.13	0.07	0	|	rapi	0.13	0.13	0	|	100.0	0.13(100)	0.13(100)	|	2	
928	268	ok	|	0.12	1.00	1.00	0.12	0.06	0	|	rapi	0.12	0.12	0	|	100.0	0.12(100)	0.12(100)	|	2	
928	269	ok	|	0.11	1.00	1.00	0.11	0.06	0	|	rapi	0.11	0.11	0	|	100.0	0.11(100)	0.11(100)	|	2	
928	270	ok	|	0.10	1.00	1.00	0.10	0.05	0	|	rapi	0.10	0.10	0	|	100.0	0.10(100)	0.10(100)	|	2	
928	271	ok	|	0.10	1.00	1.00	0.10	0.05	0	|	rapi	0.10	0.10	0	|	100.0	0.10(100)	0.10(100)	|	2	
928	272	ok	|	0.08	1.00	1.00	0.08	0.04	0	|	rapi	0.08	0.08	0	|	100.0	0.08(100)	0.08(100)	|	2	
928	273	ok	|	0.08	1.00	1.00	0.08	0.04	0	|	rapi	0.08	0.08	0	|	100.0	0.08(100)	0.08(100)	|	2	
928	274	ok	|	0.08	1.00	1.00	0.08	0.04	0	|	rapi	0.08	0.08	0	|	100.0	0.08(100)	0.08(100)	|	2	
928	275	ok	|	0.07	1.00	1.00	0.07	0.03	0	|	rapi	0.07	0.07	0	|	100.0	0.07(100)	0.07(100)	|	2	
928	276	ok	|	0.09	1.00	1.00	0.09	0.04	0	|	rapi	0.09	0.09	0	|	100.0	0.09(100)	0.09(100)	|	2	
928	277	ok	|	0.08	1.00	1.00	0.08	0.04	0	|	rapi	0.08	0.08	0	|	100.0	0.08(100)	0.08(100)	|	2	
928	278	ok	|	0.09	1.00	1.00	0.09	0.04	0	|	rapi	0.09	0.09	0	|	100.0	0.09(100)	0.09(100)	|	2	
928	279	ok	|	0.09	1.00	1.00	0.09	0.04	0	|	rapi	0.09	0.09	0	|	100.0	0.09(100)	0.09(100)	|	2	
928	280	ok	|	0.07	1.00	1.00	0.07	0.04	0	|	rapi	0.07	0.07	0	|	100.0	0.07(100)	0.07(100)	|	2	
928	281	ok	|	0.09	1.00	1.00	0.09	0.04	0	|	rapi	0.09	0.09	0	|	100.0	0.09(100)	0.09(100)	|	2	
928	282	ok	|	0.08	1.00	1.00	0.09	0.04	0	|	rapi	0.08	0.09	0	|	100.0	0.09(100)	0.09(100)	|	2	
928	283	ok	|	0.10	1.00	1.00	0.10	0.05	0	|	rapi	0.10	0.10	0	|	100.0	0.10(100)	0.10(100)	|	2	
928	284	ok	|	0.09	1.00	1.00	0.10	0.05	0	|	rapi	0.09	0.10	0	|	100.0	0.10(100)	0.10(100)	|	2	
928	285	ok	|	0.11	1.00	1.00	0.11	0.05	0	|	rapi	0.11	0.11	0	|	100.0	0.11(100)	0.11(100)	|	2	
928	286	ok	|	0.09	1.00	1.00	0.10	0.05	0	|	rapi	0.09	0.10	0	|	100.0	0.10(100)	0.10(100)	|	2	
928	287	ok	|	0.10	1.00	1.00	0.10	0.05	0	|	rapi	0.10	0.10	0	|	100.0	0.10(100)	0.10(100)	|	2	
928	288	ok	|	0.09	1.00	1.00	0.09	0.05	0	|	rapi	0.09	0.09	0	|	100.0	0.09(100)	0.09(100)	|	2	
928	289	ok	|	0.09	1.00	1.00	0.09	0.05	0	|	rapi	0.09	0.09	0	|	100.0	0.09(100)	0.09(100)	|	2	
928	290	ok	|	0.09	1.00	1.00	0.10	0.05	0	|	rapi	0.09	0.10	0	|	100.0	0.10(100)	0.10(100)	|	2	
928	291	ok	|	0.10	1.00	1.00	0.11	0.05	0	|	rapi	0.10	0.11	0	|	100.0	0.11(100)	0.11(100)	|	2	
928	292	ok	|	0.11	1.00	1.00	0.11	0.06	0	|	rapi	0.11	0.11	0	|	100.0	0.11(100)	0.11(100)	|	2	
928	293	ok	|	0.10	1.00	1.00	0.10	0.05	0	|	rapi	0.10	0.10	0	|	100.0	0.10(100)	0.10(100)	|	2	
928	294	ok	|	0.10	1.00	1.00	0.11	0.05	0	|	rapi	0.10	0.11	0	|	100.0	0.11(100)	0.11(100)	|	2	
928	295	ok	|	0.10	1.00	1.00	0.10	0.05	0	|	rapi	0.10	0.10	0	|	100.0	0.10(100)	0.10(100)	|	2	
928	296	ok	|	0.11	1.00	1.00	0.11	0.06	0	|	rapi	0.11	0.11	0	|	100.0	0.11(100)	0.11(100)	|	2	
928	297	ok	|	0.11	1.00	1.00	0.11	0.05	0	|	rapi	0.11	0.11	0	|	100.0	0.11(100)	0.11(100)	|	2	
928	298	ok	|	0.11	1.00	1.00	0.11	0.06	0	|	rapi	0.11	0.11	0	|	100.0	0.11(100)	0.11(100)	|	2	
928	299	ok	|	0.12	1.00	1.00	0.12	0.06	0	|	rapi	0.12	0.12	0	|	100.0	0.12(100)	0.12(100)	|	2	
928	300	ok	|	0.12	1.00	1.00	0.12	0.06	0	|	rapi	0.12	0.12	0	|	100.0	0.12(100)	0.12(100)	|	2	
928	301	ok	|	0.12	1.00	1.00	0.13	0.07	0	|	rapi	0.12	0.13	0	|	100.0	0.13(100)	0.13(100)	|	2	
928	302	ok	|	0.13	1.00	1.00	0.14	0.07	0	|	rapi	0.13	0.14	0	|	100.0	0.14(100)	0.14(100)	|	2	
928	303	ok	|	0.12	1.00	1.00	0.13	0.06	0	|	rapi	0.12	0.13	0	|	100.0	0.13(100)	0.13(100)	|	2	
928	304	ok	|	0.12	1.00	1.00	0.13	0.06	0	|	rapi	0.12	0.13	0	|	100.0	0.13(100)	0.13(100)	|	2	
928	305	ok	|	0.14	1.00	1.00	0.14	0.07	0	|	rapi	0.14	0.14	0	|	100.0	0.14(100)	0.14(100)	|	2	
928	306	ok	|	0.14	1.00	1.00	0.14	0.07	0	|	rapi	0.14	0.14	0	|	100.0	0.14(100)	0.14(100)	|	2	
928	307	ok	|	0.14	1.00	1.00	0.14	0.07	0	|	rapi	0.14	0.14	0	|	100.0	0.14(100)	0.14(100)	|	2	
928	308	ok	|	0.14	1.00	1.00	0.14	0.07	0	|	rapi	0.14	0.14	0	|	100.0	0.14(100)	0.14(100)	|	2	
928	309	ok	|	0.12	1.00	1.00	0.13	0.06	0	|	rapi	0.12	0.13	0	|	100.0	0.13(100)	0.13(100)	|	2	
928	310	ok	|	0.14	1.00	1.00	0.14	0.07	0	|	rapi	0.14	0.14	0	|	100.0	0.14(100)	0.14(100)	|	2	
928	311	ok	|	0.14	1.00	1.00	0.15	0.08	0	|	rapi	0.14	0.15	0	|	100.0	0.15(100)	0.15(100)	|	2	
928	312	ok	|	0.15	1.00	1.00	0.16	0.08	0	|	rapi	0.15	0.16	0	|	100.0	0.16(100)	0.16(100)	|	2	
928	313	ok	|	0.14	1.00	1.00	0.15	0.07	0	|	rapi	0.14	0.15	0	|	100.0	0.15(100)	0.15(100)	|	2	
928	314	ok	|	0.15	1.00	1.00	0.15	0.08	0	|	rapi	0.15	0.15	0	|	100.0	0.15(100)	0.15(100)	|	2	
928	315	ok	|	0.15	1.00	1.00	0.15	0.07	0	|	rapi	0.15	0.15	0	|	100.0	0.15(100)	0.15(100)	|	2	
928	316	ok	|	0.14	1.00	1.00	0.16	0.08	0	|	rapi	0.14	0.16	0	|	100.0	0.16(100)	0.16(100)	|	2	
928	317	ok	|	0.14	1.00	1.00	0.14	0.07	0	|	rapi	0.14	0.14	0	|	100.0	0.14(100)	0.14(100)	|	2	
928	318	ok	|	0.11	1.00	1.00	0.11	0.06	0	|	rapi	0.11	0.11	0	|	100.0	0.11(100)	0.11(100)	|	2	
928	319	ok	|	0.13	1.00	1.00	0.13	0.07	0	|	rapi	0.13	0.13	0	|	100.0	0.13(100)	0.13(100)	|	2	
928	320	ok	|	0.13	1.00	1.00	0.14	0.07	0	|	rapi	0.13	0.14	0	|	100.0	0.14(100)	0.14(100)	|	2	
928	321	ok	|	0.14	1.00	1.00	0.15	0.07	0	|	rapi	0.14	0.15	0	|	100.0	0.15(100)	0.15(100)	|	2	
928	322	ok	|	0.15	1.00	1.00	0.15	0.08	0	|	rapi	0.15	0.15	0	|	100.0	0.15(100)	0.15(100)	|	2	
928	323	ok	|	0.16	1.00	1.00	0.16	0.08	0	|	rapi	0.16	0.16	0	|	100.0	0.16(100)	0.16(100)	|	2	
928	324	ok	|	0.16	1.00	1.00	0.17	0.08	0	|	rapi	0.16	0.17	0	|	100.0	0.17(100)	0.17(100)	|	2	
928	325	ok	|	0.18	1.00	1.00	0.19	0.09	0	|	rapi	0.18	0.19	0	|	100.0	0.19(100)	0.19(100)	|	2	
928	326	ok	|	0.17	1.00	1.00	0.18	0.09	0	|	rapi	0.17	0.18	0	|	100.0	0.18(100)	0.18(100)	|	2	
928	327	ok	|	0.15	1.00	1.00	0.16	0.08	0	|	rapi	0.15	0.16	0	|	100.0	0.16(100)	0.16(100)	|	2	
928	328	ok	|	0.16	1.00	1.00	0.17	0.08	0	|	rapi	0.16	0.17	0	|	100.0	0.17(100)	0.17(100)	|	2	
928	329	ok	|	0.16	1.00	1.00	0.17	0.08	0	|	rapi	0.16	0.17	0	|	100.0	0.17(100)	0.17(100)	|	2	
928	330	ok	|	0.16	1.00	1.00	0.17	0.08	0	|	rapi	0.16	0.17	0	|	100.0	0.17(100)	0.17(100)	|	2	
928	331	ok	|	0.17	1.00	1.00	0.18	0.09	0	|	rapi	0.17	0.18	0	|	100.0	0.18(100)	0.18(100)	|	2	
928	332	ok	|	0.18	1.00	1.00	0.19	0.10	0	|	rapi	0.18	0.19	0	|	100.0	0.19(100)	0.19(100)	|	2	
928	333	ok	|	0.17	1.00	1.00	0.18	0.09	0	|	rapi	0.17	0.18	0	|	100.0	0.18(100)	0.18(100)	|	2	
928	334	ok	|	0.18	1.00	1.00	0.19	0.10	0	|	rapi	0.18	0.19	0	|	100.0	0.19(100)	0.19(100)	|	2	
928	335	ok	|	0.18	1.00	1.00	0.19	0.09	0	|	rapi	0.18	0.19	0	|	100.0	0.19(100)	0.19(100)	|	2	
928	336	ok	|	0.17	1.00	1.00	0.18	0.09	0	|	rapi	0.17	0.18	0	|	100.0	0.18(100)	0.18(100)	|	2	
928	337	ok	|	0.17	1.00	1.00	0.17	0.09	0	|	rapi	0.17	0.17	0	|	100.0	0.17(100)	0.17(100)	|	2	
928	338	ok	|	0.17	1.00	1.00	0.17	0.09	0	|	rapi	0.17	0.17	0	|	100.0	0.17(100)	0.17(100)	|	2	
928	339	ok	|	0.18	1.00	1.00	0.19	0.10	0	|	rapi	0.18	0.19	0	|	100.0	0.19(100)	0.19(100)	|	2	
928	340	ok	|	0.20	1.00	1.00	0.21	0.10	0	|	rapi	0.20	0.21	0	|	100.0	0.21(100)	0.21(100)	|	2	
928	341	ok	|	0.19	1.00	1.00	0.20	0.10	0	|	rapi	0.19	0.20	0	|	100.0	0.20(100)	0.20(100)	|	2	
928	342	ok	|	0.20	1.00	1.00	0.21	0.10	0	|	rapi	0.20	0.21	0	|	100.0	0.21(100)	0.21(100)	|	2	
928	343	ok	|	0.18	1.00	1.00	0.19	0.10	0	|	rapi	0.18	0.19	0	|	100.0	0.19(100)	0.19(100)	|	2	
928	344	ok	|	0.19	1.00	1.00	0.20	0.10	0	|	rapi	0.19	0.20	0	|	100.0	0.20(100)	0.20(100)	|	2	
928	345	ok	|	0.18	1.00	1.00	0.19	0.09	0	|	rapi	0.18	0.19	0	|	100.0	0.19(100)	0.19(100)	|	2	
928	346	ok	|	0.19	1.00	1.00	0.20	0.10	0	|	rapi	0.19	0.20	0	|	100.0	0.20(100)	0.20(100)	|	2	
928	347	ok	|	0.20	1.00	1.00	0.21	0.10	0	|	rapi	0.20	0.21	0	|	100.0	0.21(100)	0.21(100)	|	2	
928	348	ok	|	0.21	1.00	1.00	0.23	0.12	0	|	rapi	0.21	0.23	0	|	100.0	0.23(100)	0.23(100)	|	2	
928	349	ok	|	0.22	1.00	1.00	0.23	0.12	0	|	rapi	0.22	0.23	0	|	100.0	0.23(100)	0.23(100)	|	2	
928	350	ok	|	0.23	1.00	1.00	0.24	0.12	0	|	rapi	0.23	0.24	0	|	100.0	0.24(100)	0.24(100)	|	2	
928	351	ok	|	0.22	1.00	1.00	0.24	0.12	0	|	rapi	0.22	0.24	0	|	100.0	0.24(100)	0.24(100)	|	2	
928	352	ok	|	0.21	1.00	1.00	0.23	0.11	0	|	rapi	0.21	0.23	0	|	100.0	0.23(100)	0.23(100)	|	2	
928	353	ok	|	0.23	1.00	1.00	0.25	0.12	0	|	rapi	0.23	0.25	0	|	100.0	0.25(100)	0.25(100)	|	2	
928	354	ok	|	0.22	1.00	1.00	0.24	0.12	0	|	rapi	0.22	0.24	0	|	100.0	0.24(100)	0.24(100)	|	2	
928	355	ok	|	0.23	1.00	1.00	0.25	0.12	0	|	rapi	0.23	0.25	0	|	100.0	0.25(100)	0.25(100)	|	2	
928	356	ok	|	0.22	1.00	1.00	0.23	0.11	0	|	rapi	0.22	0.23	0	|	100.0	0.23(100)	0.23(100)	|	2	
928	357	ok	|	0.22	1.00	1.00	0.23	0.11	0	|	rapi	0.22	0.23	0	|	100.0	0.23(100)	0.23(100)	|	2	
928	358	ok	|	0.18	1.00	1.00	0.19	0.10	0	|	rapi	0.18	0.19	0	|	100.0	0.19(100)	0.19(100)	|	2	
928	359	ok	|	0.17	1.00	1.00	0.18	0.09	0	|	rapi	0.17	0.18	0	|	100.0	0.18(100)	0.18(100)	|	2	
928	360	ok	|	0.16	1.00	1.00	0.17	0.08	0	|	rapi	0.16	0.17	0	|	100.0	0.17(100)	0.17(100)	|	2	
928	361	ok	|	0.17	1.00	1.00	0.18	0.09	0	|	rapi	0.17	0.18	0	|	100.0	0.18(100)	0.18(100)	|	2	
928	362	ok	|	0.17	1.00	1.00	0.18	0.09	0	|	rapi	0.17	0.18	0	|	100.0	0.18(100)	0.18(100)	|	2	
928	363	ok	|	0.18	1.00	1.00	0.19	0.10	0	|	rapi	0.18	0.19	0	|	100.0	0.19(100)	0.19(100)	|	2	
928	364	ok	|	0.19	1.00	1.00	0.21	0.10	0	|	rapi	0.19	0.21	0	|	100.0	0.21(100)	0.21(100)	|	2	
928	365	ok	|	0.19	1.00	1.00	0.20	0.10	0	|	rapi	0.19	0.20	0	|	100.0	0.20(100)	0.20(100)	|	2	
928	366	ok	|	0.21	1.00	1.00	0.22	0.11	0	|	rapi	0.21	0.22	0	|	100.0	0.22(100)	0.22(100)	|	2	
928	367	ok	|	0.21	1.00	1.00	0.22	0.11	0	|	rapi	0.21	0.22	0	|	100.0	0.22(100)	0.22(100)	|	2	
928	368	ok	|	0.23	1.00	1.00	0.25	0.12	0	|	rapi	0.23	0.25	0	|	100.0	0.25(100)	0.25(100)	|	2	
928	369	ok	|	0.25	1.00	1.00	0.27	0.14	0	|	rapi	0.25	0.27	0	|	100.0	0.27(100)	0.27(100)	|	2	
928	370	ok	|	0.25	1.00	1.00	0.27	0.14	0	|	rapi	0.25	0.27	0	|	100.0	0.27(100)	0.27(100)	|	2	
928	371	ok	|	0.26	1.00	1.00	0.27	0.14	0	|	rapi	0.26	0.27	0	|	100.0	0.27(100)	0.27(100)	|	2	
928	372	ok	|	0.28	1.00	1.00	0.29	0.14	0	|	rapi	0.28	0.29	0	|	100.0	0.29(100)	0.29(100)	|	2	
928	373	ok	|	0.26	1.00	1.00	0.28	0.14	0	|	rapi	0.26	0.28	0	|	100.0	0.28(100)	0.28(100)	|	2	
928	374	ok	|	0.26	1.00	1.00	0.27	0.14	0	|	rapi	0.26	0.27	0	|	100.0	0.27(100)	0.27(100)	|	2	
928	375	ok	|	0.26	1.00	1.00	0.29	0.14	0	|	rapi	0.26	0.29	0	|	100.0	0.29(100)	0.29(100)	|	2	
928	376	ok	|	0.25	1.00	1.00	0.27	0.14	0	|	rapi	0.25	0.27	0	|	100.0	0.27(100)	0.27(100)	|	2	
928	377	ok	|	0.25	1.00	1.00	0.27	0.13	0	|	rapi	0.25	0.27	0	|	100.0	0.27(100)	0.27(100)	|	2	
928	378	ok	|	0.24	1.00	1.00	0.26	0.13	0	|	rapi	0.24	0.26	0	|	100.0	0.26(100)	0.26(100)	|	2	
928	379	ok	|	0.24	1.00	1.00	0.26	0.13	0	|	rapi	0.24	0.26	0	|	100.0	0.26(100)	0.26(100)	|	2	
928	380	ok	|	0.24	1.00	1.00	0.25	0.12	0	|	rapi	0.24	0.25	0	|	100.0	0.25(100)	0.25(100)	|	2	
928	381	ok	|	0.25	1.00	1.00	0.26	0.13	0	|	rapi	0.25	0.26	0	|	100.0	0.26(100)	0.26(100)	|	2	
928	382	ok	|	0.27	1.00	1.00	0.28	0.14	0	|	rapi	0.27	0.28	0	|	100.0	0.28(100)	0.28(100)	|	2	
928	383	ok	|	0.26	1.00	1.00	0.28	0.14	0	|	rapi	0.26	0.28	0	|	100.0	0.28(100)	0.28(100)	|	2	
928	384	ok	|	0.25	1.00	1.00	0.26	0.13	0	|	rapi	0.25	0.26	0	|	100.0	0.26(100)	0.26(100)	|	2	
928	385	ok	|	0.26	1.00	1.00	0.29	0.14	0	|	rapi	0.26	0.29	0	|	100.0	0.29(100)	0.29(100)	|	2	
928	386	ok	|	0.28	1.00	1.00	0.30	0.15	0	|	rapi	0.28	0.30	0	|	100.0	0.30(100)	0.30(100)	|	2	
928	387	ok	|	0.28	1.00	1.00	0.30	0.15	0	|	rapi	0.28	0.30	0	|	100.0	0.30(100)	0.30(100)	|	2	
928	388	ok	|	0.31	1.00	1.00	0.33	0.17	0	|	rapi	0.31	0.33	0	|	100.0	0.33(100)	0.33(100)	|	2	
928	389	ok	|	0.30	1.00	1.00	0.32	0.16	0	|	rapi	0.30	0.32	0	|	100.0	0.32(100)	0.32(100)	|	2	
928	390	ok	|	0.29	1.00	1.00	0.31	0.16	0	|	rapi	0.29	0.31	0	|	100.0	0.31(100)	0.31(100)	|	2	
928	391	ok	|	0.29	1.00	1.00	0.31	0.15	0	|	rapi	0.29	0.31	0	|	100.0	0.31(100)	0.31(100)	|	2	
928	392	ok	|	0.25	1.00	1.00	0.27	0.14	0	|	rapi	0.25	0.27	0	|	100.0	0.27(100)	0.27(100)	|	2	
928	393	ok	|	0.25	1.00	1.00	0.26	0.13	0	|	rapi	0.25	0.26	0	|	100.0	0.26(100)	0.26(100)	|	2	
928	394	ok	|	0.24	1.00	1.00	0.25	0.13	0	|	rapi	0.24	0.25	0	|	100.0	0.25(100)	0.25(100)	|	2	
928	395	ok	|	0.21	1.00	1.00	0.22	0.11	0	|	rapi	0.21	0.22	0	|	100.0	0.22(100)	0.22(100)	|	2	
928	396	ok	|	0.23	1.00	1.00	0.24	0.12	0	|	rapi	0.23	0.24	0	|	100.0	0.24(100)	0.24(100)	|	2	
928	397	ok	|	0.22	1.00	1.00	0.23	0.12	0	|	rapi	0.22	0.23	0	|	100.0	0.23(100)	0.23(100)	|	2	
928	398	ok	|	0.23	1.00	1.00	0.24	0.12	0	|	rapi	0.23	0.24	0	|	100.0	0.24(100)	0.24(100)	|	2	
928	399	ok	|	0.20	1.00	1.00	0.22	0.11	0	|	rapi	0.20	0.22	0	|	100.0	0.22(100)	0.22(100)	|	2	
928	400	ok	|	0.20	1.00	1.00	0.21	0.11	0	|	rapi	0.20	0.21	0	|	100.0	0.21(100)	0.21(100)	|	2	
928	401	ok	|	0.20	1.00	1.00	0.20	0.10	0	|	rapi	0.20	0.20	0	|	100.0	0.20(100)	0.20(100)	|	2	
928	402	ok	|	0.19	1.00	1.00	0.20	0.10	0	|	rapi	0.19	0.20	0	|	100.0	0.20(100)	0.20(100)	|	2	
928	403	ok	|	0.20	1.00	1.00	0.21	0.10	0	|	rapi	0.20	0.21	0	|	100.0	0.21(100)	0.21(100)	|	2	
928	404	ok	|	0.20	1.00	1.00	0.21	0.10	0	|	rapi	0.20	0.21	0	|	100.0	0.21(100)	0.21(100)	|	2	
928	405	ok	|	0.19	1.00	1.00	0.20	0.10	0	|	rapi	0.19	0.20	0	|	100.0	0.20(100)	0.20(100)	|	2	
928	406	ok	|	0.18	1.00	1.00	0.18	0.09	0	|	rapi	0.18	0.18	0	|	100.0	0.18(100)	0.18(100)	|	2	
928	407	ok	|	0.15	1.00	1.00	0.16	0.08	0	|	rapi	0.15	0.16	0	|	100.0	0.16(100)	0.16(100)	|	2	
928	408	ok	|	0.15	1.00	1.00	0.16	0.08	0	|	rapi	0.15	0.16	0	|	100.0	0.16(100)	0.16(100)	|	2	
928	409	ok	|	0.17	1.00	1.00	0.18	0.09	0	|	rapi	0.17	0.18	0	|	100.0	0.18(100)	0.18(100)	|	2	
928	410	ok	|	0.18	1.00	1.00	0.18	0.09	0	|	rapi	0.18	0.18	0	|	100.0	0.18(100)	0.18(100)	|	2	
928	411	ok	|	0.19	1.00	1.00	0.20	0.10	0	|	rapi	0.19	0.20	0	|	100.0	0.20(100)	0.20(100)	|	2	
928	412	ok	|	0.17	1.00	1.00	0.18	0.09	0	|	rapi	0.17	0.18	0	|	100.0	0.18(100)	0.18(100)	|	2	
928	413	ok	|	0.19	1.00	1.00	0.20	0.10	0	|	rapi	0.19	0.20	0	|	100.0	0.20(100)	0.20(100)	|	2	
928	414	ok	|	0.17	1.00	1.00	0.18	0.09	0	|	rapi	0.17	0.18	0	|	100.0	0.18(100)	0.18(100)	|	2	
928	415	ok	|	0.18	1.00	1.00	0.19	0.09	0	|	rapi	0.18	0.19	0	|	100.0	0.19(100)	0.19(100)	|	2	
928	416	ok	|	0.18	1.00	1.00	0.19	0.09	0	|	rapi	0.18	0.19	0	|	100.0	0.19(100)	0.19(100)	|	2	
928	417	ok	|	0.16	1.00	1.00	0.17	0.09	0	|	rapi	0.16	0.17	0	|	100.0	0.17(100)	0.17(100)	|	2	
928	418	ok	|	0.18	1.00	1.00	0.18	0.09	0	|	rapi	0.18	0.18	0	|	100.0	0.18(100)	0.18(100)	|	2	
928	419	ok	|	0.16	1.00	1.00	0.17	0.08	0	|	rapi	0.16	0.17	0	|	100.0	0.17(100)	0.17(100)	|	2	
928	420	ok	|	0.14	1.00	1.00	0.15	0.08	0	|	rapi	0.14	0.15	0	|	100.0	0.15(100)	0.15(100)	|	2	
928	421	ok	|	0.16	1.00	1.00	0.16	0.08	0	|	rapi	0.16	0.16	0	|	100.0	0.16(100)	0.16(100)	|	2	
928	422	ok	|	0.15	1.00	1.00	0.16	0.08	0	|	rapi	0.15	0.16	0	|	100.0	0.16(100)	0.16(100)	|	2	
928	423	ok	|	0.15	1.00	1.00	0.16	0.08	0	|	rapi	0.15	0.16	0	|	100.0	0.16(100)	0.16(100)	|	2	
928	424	ok	|	0.15	1.00	1.00	0.15	0.08	0	|	rapi	0.15	0.15	0	|	100.0	0.15(100)	0.15(100)	|	2	
928	425	ok	|	0.15	1.00	1.00	0.15	0.08	0	|	rapi	0.15	0.15	0	|	100.0	0.15(100)	0.15(100)	|	2	
928	426	ok	|	0.14	1.00	1.00	0.15	0.07	0	|	rapi	0.14	0.15	0	|	100.0	0.15(100)	0.15(100)	|	2	
928	427	ok	|	0.13	1.00	1.00	0.14	0.07	0	|	rapi	0.13	0.14	0	|	100.0	0.14(100)	0.14(100)	|	2	
928	428	ok	|	0.13	1.00	1.00	0.13	0.07	0	|	rapi	0.13	0.13	0	|	100.0	0.13(100)	0.13(100)	|	2	
928	429	ok	|	0.12	1.00	1.00	0.13	0.06	0	|	rapi	0.12	0.13	0	|	100.0	0.13(100)	0.13(100)	|	2	
928	430	ok	|	0.14	1.00	1.00	0.14	0.07	0	|	rapi	0.14	0.14	0	|	100.0	0.14(100)	0.14(100)	|	2	
928	431	ok	|	0.15	1.00	1.00	0.16	0.08	0	|	rapi	0.15	0.16	0	|	100.0	0.16(100)	0.16(100)	|	2	
928	432	ok	|	0.18	1.00	1.00	0.18	0.09	0	|	rapi	0.18	0.18	0	|	100.0	0.18(100)	0.18(100)	|	2	
928	433	ok	|	0.22	1.00	1.00	0.22	0.11	0	|	rapi	0.22	0.22	0	|	100.0	0.22(100)	0.22(100)	|	2	
928	434	ok	|	0.22	1.00	1.00	0.23	0.12	0	|	rapi	0.22	0.23	0	|	100.0	0.23(100)	0.23(100)	|	2	
928	435	ok	|	0.22	1.00	1.00	0.23	0.12	0	|	rapi	0.22	0.23	0	|	100.0	0.23(100)	0.23(100)	|	2	
928	436	ok	|	0.22	1.00	1.00	0.23	0.12	0	|	rapi	0.22	0.23	0	|	100.0	0.23(100)	0.23(100)	|	2	
928	437	ok	|	0.22	1.00	1.00	0.23	0.12	0	|	rapi	0.22	0.23	0	|	100.0	0.23(100)	0.23(100)	|	2	
928	438	ok	|	0.23	1.00	1.00	0.24	0.12	0	|	rapi	0.23	0.24	0	|	100.0	0.24(100)	0.24(100)	|	2	
928	439	ok	|	0.20	1.00	1.00	0.21	0.10	0	|	rapi	0.20	0.21	0	|	100.0	0.21(100)	0.21(100)	|	2	
928	440	ok	|	0.18	1.00	1.00	0.19	0.10	0	|	rapi	0.18	0.19	0	|	100.0	0.19(100)	0.19(100)	|	2	
928	441	ok	|	0.16	1.00	1.00	0.17	0.08	0	|	rapi	0.16	0.17	0	|	100.0	0.17(100)	0.17(100)	|	2	
928	442	ok	|	0.16	1.00	1.00	0.17	0.09	0	|	rapi	0.16	0.17	0	|	100.0	0.17(100)	0.17(100)	|	2	
928	443	ok	|	0.16	1.00	1.00	0.17	0.08	0	|	rapi	0.16	0.17	0	|	100.0	0.17(100)	0.17(100)	|	2	
928	444	ok	|	0.15	1.00	1.00	0.16	0.08	0	|	rapi	0.15	0.16	0	|	100.0	0.16(100)	0.16(100)	|	2	
928	445	ok	|	0.16	1.00	1.00	0.17	0.08	0	|	rapi	0.16	0.17	0	|	100.0	0.17(100)	0.17(100)	|	2	
928	446	ok	|	0.18	1.00	1.00	0.18	0.09	0	|	rapi	0.18	0.18	0	|	100.0	0.18(100)	0.18(100)	|	2	
928	447	ok	|	0.17	1.00	1.00	0.18	0.09	0	|	rapi	0.17	0.18	0	|	100.0	0.18(100)	0.18(100)	|	2	
928	448	ok	|	0.14	1.00	1.00	0.15	0.07	0	|	rapi	0.14	0.15	0	|	100.0	0.15(100)	0.15(100)	|	2	
928	449	ok	|	0.14	1.00	1.00	0.15	0.07	0	|	rapi	0.14	0.15	0	|	100.0	0.15(100)	0.15(100)	|	2	
928	450	ok	|	0.14	1.00	1.00	0.14	0.07	0	|	rapi	0.14	0.14	0	|	100.0	0.14(100)	0.14(100)	|	2	
928	451	ok	|	0.15	1.00	1.00	0.15	0.08	0	|	rapi	0.15	0.15	0	|	100.0	0.15(100)	0.15(100)	|	2	
928	452	ok	|	0.16	1.00	1.00	0.17	0.08	0	|	rapi	0.16	0.17	0	|	100.0	0.17(100)	0.17(100)	|	2	
928	453	ok	|	0.18	1.00	1.00	0.19	0.10	0	|	rapi	0.18	0.19	0	|	100.0	0.19(100)	0.19(100)	|	2	
928	454	ok	|	0.18	1.00	1.00	0.19	0.10	0	|	rapi	0.18	0.19	0	|	100.0	0.19(100)	0.19(100)	|	2	
928	455	ok	|	0.16	1.00	1.00	0.18	0.09	0	|	rapi	0.16	0.18	0	|	100.0	0.18(100)	0.18(100)	|	2	
928	456	ok	|	0.19	1.00	1.00	0.20	0.10	0	|	rapi	0.19	0.20	0	|	100.0	0.20(100)	0.20(100)	|	2	
928	457	ok	|	0.17	1.00	1.00	0.18	0.09	0	|	rapi	0.17	0.18	0	|	100.0	0.18(100)	0.18(100)	|	2	
928	458	ok	|	0.16	1.00	1.00	0.17	0.08	0	|	rapi	0.16	0.17	0	|	100.0	0.17(100)	0.17(100)	|	2	
928	459	ok	|	0.14	1.00	1.00	0.15	0.08	0	|	rapi	0.14	0.15	0	|	100.0	0.15(100)	0.15(100)	|	2	
928	460	ok	|	0.14	1.00	1.00	0.15	0.07	0	|	rapi	0.14	0.15	0	|	100.0	0.15(100)	0.15(100)	|	2	
928	461	ok	|	0.16	1.00	1.00	0.16	0.08	0	|	rapi	0.16	0.16	0	|	100.0	0.16(100)	0.16(100)	|	2	
928	462	ok	|	0.15	1.00	1.00	0.15	0.08	0	|	rapi	0.15	0.15	0	|	100.0	0.15(100)	0.15(100)	|	2	
928	463	ok	|	0.16	1.00	1.00	0.17	0.08	0	|	rapi	0.16	0.17	0	|	100.0	0.17(100)	0.17(100)	|	2	
928	464	ok	|	0.16	1.00	1.00	0.17	0.08	0	|	rapi	0.16	0.17	0	|	100.0	0.17(100)	0.17(100)	|	2	
928	465	ok	|	0.16	1.00	1.00	0.17	0.09	0	|	rapi	0.16	0.17	0	|	100.0	0.17(100)	0.17(100)	|	2	
928	466	ok	|	0.15	1.00	1.00	0.16	0.08	0	|	rapi	0.15	0.16	0	|	100.0	0.16(100)	0.16(100)	|	2	
928	467	ok	|	0.15	1.00	1.00	0.16	0.08	0	|	rapi	0.15	0.16	0	|	100.0	0.16(100)	0.16(100)	|	2	
928	468	ok	|	0.16	1.00	1.00	0.16	0.08	0	|	rapi	0.16	0.16	0	|	100.0	0.16(100)	0.16(100)	|	2	
928	469	ok	|	0.15	1.00	1.00	0.16	0.08	0	|	rapi	0.15	0.16	0	|	100.0	0.16(100)	0.16(100)	|	2	
928	470	ok	|	0.15	1.00	1.00	0.16	0.08	0	|	rapi	0.15	0.16	0	|	100.0	0.16(100)	0.16(100)	|	2	
928	471	ok	|	0.14	1.00	1.00	0.14	0.07	0	|	rapi	0.14	0.14	0	|	100.0	0.14(100)	0.14(100)	|	2	
928	472	ok	|	0.14	1.00	1.00	0.14	0.07	0	|	rapi	0.14	0.14	0	|	100.0	0.14(100)	0.14(100)	|	2	
928	473	ok	|	0.13	1.00	1.00	0.14	0.07	0	|	rapi	0.13	0.14	0	|	100.0	0.14(100)	0.14(100)	|	2	
928	474	ok	|	0.13	1.00	1.00	0.14	0.07	0	|	rapi	0.13	0.14	0	|	100.0	0.14(100)	0.14(100)	|	2	
928	475	ok	|	0.12	1.00	1.00	0.12	0.06	0	|	rapi	0.12	0.12	0	|	100.0	0.12(100)	0.12(100)	|	2	
928	476	ok	|	0.11	1.00	1.00	0.11	0.06	0	|	rapi	0.11	0.11	0	|	100.0	0.11(100)	0.11(100)	|	2	
928	477	ok	|	0.12	1.00	1.00	0.12	0.06	0	|	rapi	0.12	0.12	0	|	100.0	0.12(100)	0.12(100)	|	2	
928	478	ok	|	0.11	1.00	1.00	0.11	0.06	0	|	rapi	0.11	0.11	0	|	100.0	0.11(100)	0.11(100)	|	2	
928	479	ok	|	0.11	1.00	1.00	0.12	0.06	0	|	rapi	0.11	0.12	0	|	100.0	0.12(100)	0.12(100)	|	2	
928	480	ok	|	0.13	1.00	1.00	0.13	0.07	0	|	rapi	0.13	0.13	0	|	100.0	0.13(100)	0.13(100)	|	2	
928	481	ok	|	0.12	1.00	1.00	0.12	0.06	0	|	rapi	0.12	0.12	0	|	100.0	0.12(100)	0.12(100)	|	2	
928	482	ok	|	0.11	1.00	1.00	0.11	0.06	0	|	rapi	0.11	0.11	0	|	100.0	0.11(100)	0.11(100)	|	2	
928	483	ok	|	0.09	1.00	1.00	0.09	0.04	0	|	rapi	0.09	0.09	0	|	100.0	0.09(100)	0.09(100)	|	2	
928	484	ok	|	0.08	1.00	1.00	0.09	0.04	0	|	rapi	0.08	0.09	0	|	100.0	0.09(100)	0.09(100)	|	2	
928	485	ok	|	0.08	1.00	1.00	0.09	0.04	0	|	rapi	0.08	0.09	0	|	100.0	0.09(100)	0.09(100)	|	2	
928	486	ok	|	0.09	1.00	1.00	0.09	0.04	0	|	rapi	0.09	0.09	0	|	100.0	0.09(100)	0.09(100)	|	2	
928	487	ok	|	0.08	1.00	1.00	0.09	0.04	0	|	rapi	0.08	0.09	0	|	100.0	0.09(100)	0.09(100)	|	2	
928	488	ok	|	0.08	1.00	1.00	0.08	0.04	0	|	rapi	0.08	0.08	0	|	100.0	0.08(100)	0.08(100)	|	2	
928	489	ok	|	0.08	1.00	1.00	0.08	0.04	0	|	rapi	0.08	0.08	0	|	100.0	0.08(100)	0.08(100)	|	2	
928	490	ok	|	0.10	1.00	1.00	0.10	0.05	0	|	rapi	0.10	0.10	0	|	100.0	0.10(100)	0.10(100)	|	2	
928	491	ok	|	0.08	1.00	1.00	0.08	0.04	0	|	rapi	0.08	0.08	0	|	100.0	0.08(100)	0.08(100)	|	2	
928	492	ok	|	0.07	1.00	1.00	0.07	0.04	0	|	rapi	0.07	0.07	0	|	100.0	0.07(100)	0.07(100)	|	2	
928	493	ok	|	0.06	1.00	1.00	0.06	0.03	0	|	rapi	0.06	0.06	0	|	100.0	0.06(100)	0.06(100)	|	2	
928	494	ok	|	0.06	1.00	1.00	0.06	0.03	0	|	rapi	0.06	0.06	0	|	100.0	0.06(100)	0.06(100)	|	2	
928	495	ok	|	0.06	1.00	1.00	0.06	0.03	0	|	rapi	0.06	0.06	0	|	100.0	0.06(100)	0.06(100)	|	2	
928	496	ok	|	0.07	1.00	1.00	0.07	0.04	0	|	rapi	0.07	0.07	0	|	100.0	0.07(100)	0.07(100)	|	2	
928	497	ok	|	0.06	1.00	1.00	0.06	0.03	0	|	rapi	0.06	0.06	0	|	100.0	0.06(100)	0.06(100)	|	2	
928	498	ok	|	0.06	1.00	1.00	0.06	0.03	0	|	rapi	0.06	0.06	0	|	100.0	0.06(100)	0.06(100)	|	2	
928	499	ok	|	0.06	1.00	1.00	0.07	0.03	0	|	rapi	0.06	0.07	0	|	100.0	0.07(100)	0.07(100)	|	2	
928	500	ok	|	0.07	1.00	1.00	0.07	0.03	0	|	rapi	0.07	0.07	0	|	100.0	0.07(100)	0.07(100)	|	2	
928	501	ok	|	0.07	1.00	1.00	0.07	0.04	0	|	rapi	0.07	0.07	0	|	100.0	0.07(100)	0.07(100)	|	2	
928	502	ok	|	0.07	1.00	1.00	0.07	0.03	0	|	rapi	0.07	0.07	0	|	100.0	0.07(100)	0.07(100)	|	2	
928	503	ok	|	0.07	1.00	1.00	0.07	0.04	0	|	rapi	0.07	0.07	0	|	100.0	0.07(100)	0.07(100)	|	2	
928	504	ok	|	0.08	1.00	1.00	0.08	0.04	0	|	rapi	0.08	0.08	0	|	100.0	0.08(100)	0.08(100)	|	2	
928	505	ok	|	0.07	1.00	1.00	0.07	0.04	0	|	rapi	0.07	0.07	0	|	100.0	0.07(100)	0.07(100)	|	2	
928	506	ok	|	0.06	1.00	1.00	0.06	0.03	0	|	rapi	0.06	0.06	0	|	100.0	0.06(100)	0.06(100)	|	2	
928	507	ok	|	0.06	1.00	1.00	0.06	0.03	0	|	rapi	0.06	0.06	0	|	100.0	0.06(100)	0.06(100)	|	2	
928	508	ok	|	0.05	1.00	1.00	0.05	0.03	0	|	rapi	0.05	0.05	0	|	100.0	0.05(100)	0.05(100)	|	2	
928	509	ok	|	0.04	1.00	1.00	0.04	0.02	0	|	rapi	0.04	0.04	0	|	100.0	0.04(100)	0.04(100)	|	2	
928	510	ok	|	0.04	1.00	1.00	0.04	0.02	0	|	rapi	0.04	0.04	0	|	100.0	0.04(100)	0.04(100)	|	2	
928	511	ok	|	0.04	1.00	1.00	0.05	0.02	0	|	rapi	0.04	0.05	0	|	100.0	0.05(100)	0.05(100)	|	2	
928	512	ok	|	0.04	1.00	1.00	0.04	0.02	0	|	rapi	0.04	0.04	0	|	100.0	0.04(100)	0.04(100)	|	2	
928	513	ok	|	0.03	1.00	1.00	0.03	0.02	0	|	rapi	0.03	0.03	0	|	100.0	0.03(100)	0.03(100)	|	2	
928	514	ok	|	0.03	1.00	1.00	0.03	0.02	0	|	rapi	0.03	0.03	0	|	100.0	0.03(100)	0.03(100)	|	2	
928	515	ok	|	0.03	1.00	1.00	0.03	0.02	0	|	rapi	0.03	0.03	0	|	100.0	0.03(100)	0.03(100)	|	2	
928	516	ok	|	0.03	1.00	1.00	0.03	0.02	0	|	rapi	0.03	0.03	0	|	100.0	0.03(100)	0.03(100)	|	2	
928	517	ok	|	0.04	1.00	1.00	0.04	0.02	0	|	rapi	0.04	0.04	0	|	100.0	0.04(100)	0.04(100)	|	2	
928	518	ok	|	0.04	1.00	1.00	0.04	0.02	0	|	rapi	0.04	0.04	0	|	100.0	0.04(100)	0.04(100)	|	2	
928	519	ok	|	0.04	1.00	1.00	0.04	0.02	0	|	rapi	0.04	0.04	0	|	100.0	0.04(100)	0.04(100)	|	2	
928	520	ok	|	0.05	1.00	1.00	0.05	0.02	0	|	rapi	0.05	0.05	0	|	100.0	0.05(100)	0.05(100)	|	2	
928	521	ok	|	0.05	1.00	1.00	0.05	0.02	0	|	rapi	0.05	0.05	0	|	100.0	0.05(100)	0.05(100)	|	2	
928	522	ok	|	0.04	1.00	1.00	0.05	0.02	0	|	rapi	0.04	0.05	0	|	100.0	0.05(100)	0.05(100)	|	2	
928	523	ok	|	0.04	1.00	1.00	0.04	0.02	0	|	rapi	0.04	0.04	0	|	100.0	0.04(100)	0.04(100)	|	2	
928	524	ok	|	0.04	1.00	1.00	0.04	0.02	0	|	rapi	0.04	0.04	0	|	100.0	0.04(100)	0.04(100)	|	2	
928	525	ok	|	0.04	1.00	1.00	0.04	0.02	0	|	rapi	0.04	0.04	0	|	100.0	0.04(100)	0.04(100)	|	2	
928	526	ok	|	0.04	1.00	1.00	0.04	0.02	0	|	rapi	0.04	0.04	0	|	100.0	0.04(100)	0.04(100)	|	2	
928	527	ok	|	0.03	1.00	1.00	0.03	0.02	0	|	rapi	0.03	0.03	0	|	100.0	0.03(100)	0.03(100)	|	2	
928	528	ok	|	0.04	1.00	1.00	0.04	0.02	0	|	rapi	0.04	0.04	0	|	100.0	0.04(100)	0.04(100)	|	2	
928	529	ok	|	0.02	1.00	1.00	0.02	0.01	0	|	rapi	0.02	0.02	0	|	100.0	0.02(100)	0.02(100)	|	2	
928	530	ok	|	0.03	1.00	1.00	0.03	0.01	0	|	rapi	0.03	0.03	0	|	100.0	0.03(100)	0.03(100)	|	2	
928	531	ok	|	0.03	1.00	1.00	0.03	0.02	0	|	rapi	0.03	0.03	0	|	100.0	0.03(100)	0.03(100)	|	2	
928	532	ok	|	0.03	1.00	1.00	0.03	0.02	0	|	rapi	0.03	0.03	0	|	100.0	0.03(100)	0.03(100)	|	2	
928	533	ok	|	0.03	1.00	1.00	0.03	0.01	0	|	rapi	0.03	0.03	0	|	100.0	0.03(100)	0.03(100)	|	2	
928	534	ok	|	0.03	1.00	1.00	0.03	0.01	0	|	rapi	0.03	0.03	0	|	100.0	0.03(100)	0.03(100)	|	2	
928	535	ok	|	0.02	1.00	1.00	0.02	0.01	0	|	rapi	0.02	0.02	0	|	100.0	0.02(100)	0.02(100)	|	2	
928	536	ok	|	0.01	1.00	1.00	0.01	0.01	0	|	rapi	0.01	0.01	0	|	100.0	0.01(100)	0.01(100)	|	2	
928	537	ok	|	0.02	1.00	1.00	0.02	0.01	0	|	rapi	0.02	0.02	0	|	100.0	0.02(100)	0.02(100)	|	2	
928	538	ok	|	0.02	1.00	1.00	0.02	0.01	0	|	rapi	0.02	0.02	0	|	100.0	0.02(100)	0.02(100)	|	2	
928	539	ok	|	0.03	1.00	1.00	0.03	0.01	0	|	rapi	0.03	0.03	0	|	100.0	0.03(100)	0.03(100)	|	2	
928	540	ok	|	0.03	1.00	1.00	0.03	0.01	0	|	rapi	0.03	0.03	0	|	100.0	0.03(100)	0.03(100)	|	2	
928	541	ok	|	0.02	1.00	1.00	0.02	0.01	0	|	rapi	0.02	0.02	0	|	100.0	0.02(100)	0.02(100)	|	2	
928	542	ok	|	0.03	1.00	1.00	0.03	0.01	0	|	rapi	0.03	0.03	0	|	100.0	0.03(100)	0.03(100)	|	2	
928	543	ok	|	0.03	1.00	1.00	0.03	0.01	0	|	rapi	0.03	0.03	0	|	100.0	0.03(100)	0.03(100)	|	2	
928	544	ok	|	0.03	1.00	1.00	0.03	0.02	0	|	rapi	0.03	0.03	0	|	100.0	0.03(100)	0.03(100)	|	2	
928	545	ok	|	0.03	1.00	1.00	0.03	0.01	0	|	rapi	0.03	0.03	0	|	100.0	0.03(100)	0.03(100)	|	2	
928	546	ok	|	0.02	1.00	1.00	0.02	0.01	0	|	rapi	0.02	0.02	0	|	100.0	0.02(100)	0.02(100)	|	2	
928	547	ok	|	0.02	1.00	1.00	0.02	0.01	0	|	rapi	0.02	0.02	0	|	100.0	0.02(100)	0.02(100)	|	2	
928	548	ok	|	0.01	1.00	1.00	0.01	0.01	0	|	rapi	0.01	0.01	0	|	100.0	0.01(100)	0.01(100)	|	2	
928	549	ok	|	0.01	1.00	1.00	0.01	0.01	0	|	rapi	0.01	0.01	0	|	100.0	0.01(100)	0.01(100)	|	2	
928	550	ok	|	0.01	1.00	1.00	0.01	0.01	0	|	rapi	0.01	0.01	0	|	100.0	0.01(100)	0.01(100)	|	2	
928	551	ok	|	0.01	1.00	1.00	0.01	0.01	0	|	rapi	0.01	0.01	0	|	100.0	0.01(100)	0.01(100)	|	2	
928	552	ok	|	0.01	1.00	1.00	0.01	0.01	0	|	rapi	0.01	0.01	0	|	100.0	0.01(100)	0.01(100)	|	2	
928	553	ok	|	0.01	1.00	1.00	0.01	0.01	0	|	rapi	0.01	0.01	0	|	100.0	0.01(100)	0.01(100)	|	2	
928	554	ok	|	0.01	1.00	1.00	0.01	0.00	0	|	rapi	0.01	0.01	0	|	100.0	0.01(100)	0.01(100)	|	2	
928	555	ok	|	0.01	1.00	1.00	0.01	0.00	0	|	rapi	0.01	0.01	0	|	100.0	0.01(100)	0.01(100)	|	2	
928	556	ok	|	0.01	1.00	1.00	0.01	0.00	0	|	rapi	0.01	0.01	0	|	100.0	0.01(100)	0.01(100)	|	2	
928	557	ok	|	0.01	1.00	1.00	0.01	0.00	0	|	rapi	0.01	0.01	0	|	100.0	0.01(100)	0.01(100)	|	2	
928	558	ok	|	0.01	1.00	1.00	0.01	0.01	0	|	rapi	0.01	0.01	0	|	100.0	0.01(100)	0.01(100)	|	2	
928	559	ok	|	0.01	1.00	1.00	0.01	0.01	0	|	rapi	0.01	0.01	0	|	100.0	0.01(100)	0.01(100)	|	2	
928	560	ok	|	0.01	1.00	1.00	0.01	0.00	0	|	rapi	0.01	0.01	0	|	100.0	0.01(100)	0.01(100)	|	2	
928	561	ok	|	0.01	1.00	1.00	0.01	0.00	0	|	rapi	0.01	0.01	0	|	100.0	0.01(100)	0.01(100)	|	2	
928	562	ok	|	0.01	1.00	1.00	0.01	0.00	0	|	rapi	0.01	0.01	0	|	100.0	0.01(100)	0.01(100)	|	2	
928	563	ok	|	0.01	1.00	1.00	0.01	0.00	0	|	rapi	0.01	0.01	0	|	100.0	0.01(100)	0.01(100)	|	2	
928	564	ok	|	0.01	1.00	1.00	0.01	0.01	0	|	rapi	0.01	0.01	0	|	100.0	0.01(100)	0.01(100)	|	2	
928	565	ok	|	0.01	1.00	1.00	0.01	0.01	0	|	rapi	0.01	0.01	0	|	100.0	0.01(100)	0.01(100)	|	2	
928	566	ok	|	0.01	1.00	1.00	0.01	0.01	0	|	rapi	0.01	0.01	0	|	100.0	0.01(100)	0.01(100)	|	2	
928	567	ok	|	0.01	1.00	1.00	0.01	0.01	0	|	rapi	0.01	0.01	0	|	100.0	0.01(100)	0.01(100)	|	2	
928	568	ok	|	0.01	1.00	1.00	0.01	0.01	0	|	rapi	0.01	0.01	0	|	100.0	0.01(100)	0.01(100)	|	2	
928	569	ok	|	0.01	1.00	1.00	0.01	0.00	0	|	rapi	0.01	0.01	0	|	100.0	0.01(100)	0.01(100)	|	2	
928	570	ok	|	0.01	1.00	1.00	0.01	0.01	0	|	rapi	0.01	0.01	0	|	100.0	0.01(100)	0.01(100)	|	2	
928	571	ok	|	0.01	1.00	1.00	0.01	0.01	0	|	rapi	0.01	0.01	0	|	100.0	0.01(100)	0.01(100)	|	2	
928	572	ok	|	0.01	1.00	1.00	0.01	0.01	0	|	rapi	0.01	0.01	0	|	100.0	0.01(100)	0.01(100)	|	2	
928	573	ok	|	0.01	1.00	1.00	0.01	0.00	0	|	rapi	0.01	0.01	0	|	100.0	0.01(100)	0.01(100)	|	2	
928	574	ok	|	0.01	1.00	1.00	0.01	0.00	0	|	rapi	0.01	0.01	0	|	100.0	0.01(100)	0.01(100)	|	2	
928	575	ok	|	0.00	1.00	1.00	0.00	0.00	0	|	rapi	0.00	0.00	0	|	100.0	0.00(100)	0.00(100)	|	2	
928	576	ok	|	0.01	1.00	1.00	0.01	0.00	0	|	rapi	0.01	0.01	0	|	100.0	0.01(100)	0.01(100)	|	2	
928	577	ok	|	0.00	1.00	1.00	0.00	0.00	0	|	rapi	0.00	0.00	0	|	100.0	0.00(100)	0.00(100)	|	2	
928	578	ok	|	0.01	1.00	1.00	0.01	0.00	0	|	rapi	0.01	0.01	0	|	100.0	0.01(100)	0.01(100)	|	2	
928	579	ok	|	0.00	1.00	1.00	0.00	0.00	0	|	rapi	0.00	0.00	0	|	100.0	0.00(100)	0.00(100)	|	2	
928	580	ok	|	0.00	1.00	1.00	0.00	0.00	0	|	rapi	0.00	0.00	0	|	100.0	0.00(100)	0.00(100)	|	2	
928	581	ok	|	0.01	1.00	1.00	0.01	0.00	0	|	rapi	0.01	0.01	0	|	100.0	0.01(100)	0.01(100)	|	2	
928	582	ok	|	0.00	1.00	1.00	0.00	0.00	0	|	rapi	0.00	0.00	0	|	100.0	0.00(100)	0.00(100)	|	2	
928	583	ok	|	0.01	1.00	1.00	0.01	0.00	0	|	rapi	0.01	0.01	0	|	100.0	0.01(100)	0.01(100)	|	2	
928	584	ok	|	0.00	1.00	1.00	0.00	0.00	0	|	rapi	0.00	0.00	0	|	100.0	0.00(100)	0.00(100)	|	2	
928	585	ok	|	0.00	1.00	1.00	0.00	0.00	0	|	rapi	0.00	0.00	0	|	100.0	0.00(100)	0.00(100)	|	2	
928	586	ok	|	0.00	1.00	1.00	0.00	0.00	0	|	rapi	0.00	0.00	0	|	100.0	0.00(100)	0.00(100)	|	2	
928	587	ok	|	0.00	1.00	1.00	0.00	0.00	0	|	rapi	0.00	0.00	0	|	100.0	0.00(100)	0.00(100)	|	2	
928	588	ok	|	0.00	1.00	1.00	0.00	0.00	0	|	rapi	0.00	0.00	0	|	100.0	0.00(100)	0.00(100)	|	2	
928	589	ok	|	0.00	1.00	1.00	0.00	0.00	0	|	rapi	0.00	0.00	0	|	100.0	0.00(100)	0.00(100)	|	2	
928	590	ok	|	0.00	1.00	1.00	0.00	0.00	0	|	rapi	0.00	0.00	0	|	100.0	0.00(100)	0.00(100)	|	2	
928	591	ok	|	0.00	1.00	1.00	0.00	0.00	0	|	rapi	0.00	0.00	0	|	100.0	0.00(100)	0.00(100)	|	2	
928	592	ok	|	0.00	1.00	1.00	0.00	0.00	0	|	rapi	0.00	0.00	0	|	100.0	0.00(100)	0.00(100)	|	2	
928	593	ok	|	0.01	1.00	1.00	0.01	0.00	0	|	rapi	0.01	0.01	0	|	100.0	0.01(100)	0.01(100)	|	2	
928	594	ok	|	0.01	1.00	1.00	0.01	0.00	0	|	rapi	0.01	0.01	0	|	100.0	0.01(100)	0.01(100)	|	2	
928	595	ok	|	0.01	1.00	1.00	0.01	0.00	0	|	rapi	0.01	0.01	0	|	100.0	0.01(100)	0.01(100)	|	2	
928	596	ok	|	0.01	1.00	1.00	0.01	0.00	0	|	rapi	0.01	0.01	0	|	100.0	0.01(100)	0.01(100)	|	2	
928	597	ok	|	0.00	1.00	1.00	0.00	0.00	0	|	rapi	0.00	0.00	0	|	100.0	0.00(100)	0.00(100)	|	2	
928	598	ok	|	0.00	1.00	1.00	0.00	0.00	0	|	rapi	0.00	0.00	0	|	100.0	0.00(100)	0.00(100)	|	2	
928	599	ok	|	0.00	1.00	1.00	0.00	0.00	0	|	rapi	0.00	0.00	0	|	100.0	0.00(100)	0.00(100)	|	2	
928	600	ok	|	0.00	1.00	1.00	0.00	0.00	0	|	rapi	0.00	0.00	0	|	100.0	0.00(100)	0.00(100)	|	2	
928	601	fail-0	|	0.00	1.00	1.00	0.00	NaN	0	|	rapi	0.00	0.00	0	|	NaN			|	2	
