9354	0	ok	|	0.10	1.00	1.00	0.10	0.00	0	|	rapi	0.07	0.07	0	|	90.0	0.10(90)	0.07(90)	|	1227	
9354	1	ok	|	0.10	1.00	1.00	0.11	0.00	0	|	rapi	0.08	0.08	0	|	90.0	0.11(90)	0.08(90)	|	1227	
9354	2	ok	|	0.11	1.00	1.00	0.12	0.00	0	|	rapi	0.09	0.09	0	|	90.0	0.12(90)	0.09(90)	|	1227	
9354	3	ok	|	0.12	1.00	1.00	0.13	0.00	0	|	rapi	0.09	0.09	0	|	90.0	0.13(90)	0.09(90)	|	1227	
9354	4	ok	|	0.10	1.00	1.00	0.11	0.00	0	|	rapi	0.07	0.08	0	|	90.0	0.11(90)	0.08(90)	|	1227	
9354	5	ok	|	0.09	1.00	1.00	0.10	0.00	0	|	rapi	0.07	0.07	0	|	90.0	0.10(90)	0.07(90)	|	1227	
9354	6	ok	|	0.07	1.00	1.00	0.08	0.00	0	|	rapi	0.05	0.06	0	|	90.0	0.08(90)	0.06(90)	|	1227	
9354	7	ok	|	0.06	1.00	1.00	0.07	0.00	0	|	rapi	0.04	0.05	0	|	90.0	0.07(90)	0.05(90)	|	1227	
9354	8	ok	|	0.08	1.00	1.00	0.09	0.00	0	|	rapi	0.05	0.06	0	|	90.0	0.09(90)	0.06(90)	|	1227	
9354	9	ok	|	0.08	1.00	1.00	0.09	0.00	0	|	rapi	0.05	0.05	0	|	90.0	0.09(90)	0.05(90)	|	1227	
9354	10	ok	|	0.09	1.00	1.00	0.10	0.00	0	|	rapi	0.06	0.06	0	|	90.0	0.10(90)	0.06(90)	|	1227	
9354	11	ok	|	0.09	1.00	1.00	0.09	0.00	0	|	rapi	0.06	0.06	0	|	90.0	0.09(90)	0.06(90)	|	1227	
9354	12	ok	|	0.07	1.00	1.00	0.07	0.00	0	|	rapi	0.05	0.05	0	|	90.0	0.07(90)	0.05(90)	|	1227	
9354	13	ok	|	0.07	1.00	1.00	0.07	0.00	0	|	rapi	0.05	0.05	0	|	90.0	0.07(90)	0.05(90)	|	1227	
9354	14	ok	|	0.08	1.00	1.00	0.09	0.00	0	|	rapi	0.06	0.06	0	|	90.0	0.09(90)	0.06(90)	|	1227	
9354	15	ok	|	0.08	1.00	1.00	0.09	0.00	0	|	rapi	0.06	0.06	0	|	90.0	0.09(90)	0.06(90)	|	1227	
9354	16	ok	|	0.09	1.00	1.00	0.10	0.00	0	|	rapi	0.07	0.07	0	|	90.0	0.10(90)	0.07(90)	|	1227	
9354	17	ok	|	0.11	1.00	1.00	0.11	0.00	0	|	rapi	0.07	0.07	0	|	90.0	0.11(90)	0.07(90)	|	1227	
9354	18	ok	|	0.12	1.00	1.00	0.13	0.00	0	|	rapi	0.08	0.08	0	|	90.0	0.13(90)	0.08(90)	|	1227	
9354	19	ok	|	0.12	1.00	1.00	0.13	0.00	0	|	rapi	0.08	0.08	0	|	90.0	0.13(90)	0.08(90)	|	1227	
9354	20	ok	|	0.12	1.00	1.00	0.13	0.00	0	|	rapi	0.08	0.08	0	|	90.0	0.13(90)	0.08(90)	|	1227	
9354	21	ok	|	0.11	1.00	1.00	0.12	0.00	0	|	rapi	0.08	0.09	0	|	90.0	0.12(90)	0.09(90)	|	1227	
9354	22	ok	|	0.12	1.00	1.00	0.14	0.00	0	|	rapi	0.09	0.09	0	|	90.0	0.14(90)	0.09(90)	|	1227	
9354	23	ok	|	0.12	1.00	1.00	0.15	0.00	0	|	rapi	0.10	0.10	0	|	90.0	0.15(90)	0.10(90)	|	1227	
9354	24	ok	|	0.13	1.00	1.00	0.15	0.00	0	|	rapi	0.11	0.11	0	|	90.0	0.15(90)	0.11(90)	|	1227	
9354	25	ok	|	0.12	1.00	1.00	0.14	0.00	0	|	rapi	0.10	0.10	0	|	90.0	0.14(90)	0.10(90)	|	1227	
9354	26	ok	|	0.12	1.00	1.00	0.13	0.00	0	|	rapi	0.10	0.10	0	|	90.0	0.13(90)	0.10(90)	|	1227	
9354	27	ok	|	0.12	1.00	1.00	0.13	0.00	0	|	rapi	0.10	0.10	0	|	90.0	0.13(90)	0.10(90)	|	1227	
9354	28	ok	|	0.13	1.00	1.00	0.14	0.00	0	|	rapi	0.10	0.11	0	|	90.0	0.14(90)	0.11(90)	|	1227	
9354	29	ok	|	0.14	1.00	1.00	0.15	0.00	0	|	rapi	0.12	0.12	0	|	90.0	0.15(90)	0.12(90)	|	1227	
9354	30	ok	|	0.14	1.00	1.00	0.16	0.00	0	|	rapi	0.12	0.13	0	|	90.0	0.16(90)	0.13(90)	|	1227	
9354	31	ok	|	0.17	1.00	1.00	0.19	0.00	0	|	rapi	0.15	0.17	0	|	90.0	0.19(90)	0.17(90)	|	1227	
9354	32	ok	|	0.17	1.00	1.00	0.18	0.00	0	|	rapi	0.15	0.16	0	|	90.0	0.18(90)	0.16(90)	|	1227	
9354	33	ok	|	0.16	1.00	1.00	0.19	0.00	0	|	rapi	0.15	0.16	0	|	90.0	0.19(90)	0.16(90)	|	1227	
9354	34	ok	|	0.18	1.00	1.00	0.20	0.00	0	|	rapi	0.17	0.18	0	|	90.0	0.20(90)	0.18(90)	|	1227	
9354	35	ok	|	0.18	1.00	1.00	0.20	0.00	0	|	rapi	0.17	0.18	0	|	90.0	0.20(90)	0.18(90)	|	1227	
9354	36	ok	|	0.16	1.00	1.00	0.18	0.00	0	|	rapi	0.16	0.17	0	|	90.0	0.18(90)	0.17(90)	|	1227	
9354	37	ok	|	0.18	1.00	1.00	0.20	0.01	0	|	rapi	0.17	0.19	0	|	90.0	0.20(90)	0.19(90)	|	1227	
9354	38	ok	|	0.18	1.00	1.00	0.21	0.01	0	|	rapi	0.17	0.20	0	|	90.0	0.21(90)	0.20(90)	|	1227	
9354	39	ok	|	0.21	1.00	1.00	0.23	0.01	0	|	rapi	0.20	0.22	0	|	90.0	0.23(90)	0.22(90)	|	1227	
9354	40	ok	|	0.21	1.00	1.00	0.23	0.01	0	|	rapi	0.20	0.22	0	|	90.0	0.23(90)	0.22(90)	|	1227	
9354	41	ok	|	0.22	1.00	1.00	0.24	0.01	0	|	rapi	0.21	0.23	0	|	90.0	0.24(90)	0.23(90)	|	1227	
9354	42	ok	|	0.24	1.00	1.00	0.27	0.01	0	|	rapi	0.24	0.26	0	|	90.0	0.27(90)	0.26(90)	|	1227	
9354	43	ok	|	0.24	1.00	1.00	0.27	0.01	0	|	rapi	0.23	0.25	0	|	90.0	0.27(90)	0.25(90)	|	1227	
9354	44	ok	|	0.23	1.00	1.00	0.26	0.01	0	|	rapi	0.22	0.24	0	|	90.0	0.26(90)	0.24(90)	|	1227	
9354	45	ok	|	0.23	1.00	1.00	0.25	0.01	0	|	rapi	0.22	0.24	0	|	90.0	0.25(90)	0.24(90)	|	1227	
9354	46	ok	|	0.22	1.00	1.00	0.25	0.01	0	|	rapi	0.21	0.23	0	|	90.0	0.25(90)	0.23(90)	|	1227	
9354	47	ok	|	0.25	1.00	1.00	0.27	0.01	0	|	rapi	0.24	0.25	0	|	90.0	0.27(90)	0.25(90)	|	1227	
9354	48	ok	|	0.22	1.00	1.00	0.25	0.01	0	|	rapi	0.22	0.24	0	|	90.0	0.25(90)	0.24(90)	|	1227	
9354	49	ok	|	0.20	1.00	1.00	0.23	0.01	0	|	rapi	0.20	0.22	0	|	90.0	0.23(90)	0.22(90)	|	1227	
9354	50	ok	|	0.20	1.00	1.00	0.23	0.01	0	|	rapi	0.20	0.22	0	|	90.0	0.23(90)	0.22(90)	|	1227	
9354	51	ok	|	0.25	1.00	1.00	0.28	0.01	0	|	rapi	0.24	0.27	0	|	90.0	0.28(90)	0.27(90)	|	1227	
9354	52	ok	|	0.25	1.00	1.00	0.28	0.01	0	|	rapi	0.24	0.27	0	|	90.0	0.28(90)	0.27(90)	|	1227	
9354	53	ok	|	0.24	1.00	1.00	0.28	0.01	0	|	rapi	0.24	0.28	0	|	90.0	0.28(90)	0.28(90)	|	1227	
9354	54	ok	|	0.22	1.00	1.00	0.25	0.01	0	|	rapi	0.22	0.24	0	|	90.0	0.25(90)	0.24(90)	|	1227	
9354	55	ok	|	0.22	1.00	1.00	0.24	0.01	0	|	rapi	0.21	0.23	0	|	90.0	0.24(90)	0.23(90)	|	1227	
9354	56	ok	|	0.21	1.00	1.00	0.24	0.01	0	|	rapi	0.21	0.23	0	|	90.0	0.24(90)	0.23(90)	|	1227	
9354	57	ok	|	0.22	1.00	1.00	0.24	0.02	0	|	rapi	0.21	0.23	0	|	90.0	0.24(90)	0.23(90)	|	1227	
9354	58	ok	|	0.23	1.00	1.00	0.25	0.01	0	|	rapi	0.22	0.24	0	|	90.0	0.25(90)	0.24(90)	|	1227	
9354	59	ok	|	0.22	1.00	1.00	0.25	0.01	0	|	rapi	0.21	0.24	0	|	90.0	0.25(90)	0.24(90)	|	1227	
9354	60	ok	|	0.23	1.00	1.00	0.26	0.01	0	|	rapi	0.22	0.24	0	|	90.0	0.26(90)	0.24(90)	|	1227	
9354	61	ok	|	0.22	1.00	1.00	0.24	0.01	0	|	rapi	0.21	0.23	0	|	90.0	0.24(90)	0.23(90)	|	1227	
9354	62	ok	|	0.19	1.00	1.00	0.22	0.01	0	|	rapi	0.19	0.21	0	|	90.0	0.22(90)	0.21(90)	|	1227	
9354	63	ok	|	0.21	1.00	1.00	0.23	0.01	0	|	rapi	0.20	0.22	0	|	90.0	0.23(90)	0.22(90)	|	1227	
9354	64	ok	|	0.23	1.00	1.00	0.24	0.01	0	|	rapi	0.22	0.23	0	|	90.0	0.24(90)	0.23(90)	|	1227	
9354	65	ok	|	0.23	1.00	1.00	0.25	0.01	0	|	rapi	0.22	0.24	0	|	90.0	0.25(90)	0.24(90)	|	1227	
9354	66	ok	|	0.24	1.00	1.00	0.26	0.01	0	|	rapi	0.23	0.24	0	|	90.0	0.26(90)	0.24(90)	|	1227	
9354	67	ok	|	0.25	1.00	1.00	0.28	0.01	0	|	rapi	0.24	0.27	0	|	90.0	0.28(90)	0.27(90)	|	1227	
9354	68	ok	|	0.26	1.00	1.00	0.30	0.01	0	|	rapi	0.25	0.28	0	|	90.0	0.30(90)	0.28(90)	|	1227	
9354	69	ok	|	0.26	1.00	1.00	0.30	0.01	0	|	rapi	0.25	0.28	0	|	90.0	0.30(90)	0.28(90)	|	1227	
9354	70	ok	|	0.26	1.00	1.00	0.29	0.01	0	|	rapi	0.24	0.28	0	|	90.0	0.29(90)	0.28(90)	|	1227	
9354	71	ok	|	0.24	1.00	1.00	0.27	0.01	0	|	rapi	0.23	0.26	0	|	90.0	0.27(90)	0.26(90)	|	1227	
9354	72	ok	|	0.25	1.00	1.00	0.27	0.01	0	|	rapi	0.24	0.26	0	|	90.0	0.27(90)	0.26(90)	|	1227	
9354	73	ok	|	0.24	1.00	1.00	0.27	0.01	0	|	rapi	0.24	0.26	0	|	90.0	0.27(90)	0.26(90)	|	1227	
9354	74	ok	|	0.25	1.00	1.00	0.27	0.01	0	|	rapi	0.24	0.26	0	|	90.0	0.27(90)	0.26(90)	|	1227	
9354	75	ok	|	0.26	1.00	1.00	0.28	0.01	0	|	rapi	0.25	0.28	0	|	90.0	0.28(90)	0.28(90)	|	1227	
9354	76	ok	|	0.27	1.00	1.00	0.30	0.01	0	|	rapi	0.27	0.30	0	|	90.0	0.30(90)	0.30(90)	|	1227	
9354	77	ok	|	0.28	1.00	1.00	0.32	0.01	0	|	rapi	0.28	0.31	0	|	90.0	0.32(90)	0.31(90)	|	1227	
9354	78	ok	|	0.26	1.00	1.00	0.28	0.01	0	|	rapi	0.26	0.28	0	|	90.0	0.28(90)	0.28(90)	|	1227	
9354	79	ok	|	0.26	1.00	1.00	0.29	0.01	0	|	rapi	0.26	0.29	0	|	90.0	0.29(90)	0.29(90)	|	1227	
9354	80	ok	|	0.26	1.00	1.00	0.28	0.02	0	|	rapi	0.26	0.28	0	|	90.0	0.28(90)	0.28(90)	|	1227	
9354	81	ok	|	0.24	1.00	1.00	0.27	0.02	0	|	rapi	0.24	0.27	0	|	90.0	0.27(90)	0.27(90)	|	1227	
9354	82	ok	|	0.25	1.00	1.00	0.28	0.02	0	|	rapi	0.25	0.28	0	|	90.0	0.28(90)	0.28(90)	|	1227	
9354	83	ok	|	0.25	1.00	1.00	0.27	0.02	0	|	rapi	0.25	0.27	0	|	90.0	0.27(90)	0.27(90)	|	1227	
9354	84	ok	|	0.24	1.00	1.00	0.27	0.01	0	|	rapi	0.24	0.27	0	|	90.0	0.27(90)	0.27(90)	|	1227	
9354	85	ok	|	0.24	1.00	1.00	0.26	0.01	0	|	rapi	0.24	0.26	0	|	90.0	0.26(90)	0.26(90)	|	1227	
9354	86	ok	|	0.23	1.00	1.00	0.25	0.02	0	|	rapi	0.23	0.25	0	|	90.0	0.25(90)	0.25(90)	|	1227	
9354	87	ok	|	0.21	1.00	1.00	0.23	0.02	0	|	rapi	0.21	0.23	0	|	90.0	0.23(90)	0.23(90)	|	1227	
9354	88	ok	|	0.21	1.00	1.00	0.23	0.02	0	|	rapi	0.21	0.23	0	|	90.0	0.23(90)	0.23(90)	|	1227	
9354	89	ok	|	0.19	1.00	1.00	0.21	0.02	0	|	rapi	0.19	0.21	0	|	90.0	0.21(90)	0.21(90)	|	1227	
9354	90	ok	|	0.18	1.00	1.00	0.19	0.02	0	|	rapi	0.18	0.19	0	|	90.0	0.19(90)	0.19(90)	|	1227	
9354	91	ok	|	0.17	1.00	1.00	0.18	0.02	0	|	rapi	0.17	0.18	0	|	90.0	0.18(90)	0.18(90)	|	1227	
9354	92	ok	|	0.18	1.00	1.00	0.19	0.02	0	|	rapi	0.18	0.19	0	|	90.0	0.19(90)	0.19(90)	|	1227	
9354	93	ok	|	0.19	1.00	1.00	0.21	0.02	0	|	rapi	0.19	0.21	0	|	90.0	0.21(90)	0.21(90)	|	1227	
9354	94	ok	|	0.18	1.00	1.00	0.20	0.02	0	|	rapi	0.18	0.20	0	|	90.0	0.20(90)	0.20(90)	|	1227	
9354	95	ok	|	0.19	1.00	1.00	0.20	0.02	0	|	rapi	0.19	0.20	0	|	90.0	0.20(90)	0.20(90)	|	1227	
9354	96	ok	|	0.18	1.00	1.00	0.20	0.02	0	|	rapi	0.18	0.20	0	|	90.0	0.20(90)	0.20(90)	|	1227	
9354	97	ok	|	0.19	1.00	1.00	0.21	0.02	0	|	rapi	0.19	0.21	0	|	90.0	0.21(90)	0.21(90)	|	1227	
9354	98	ok	|	0.18	1.00	1.00	0.20	0.02	0	|	rapi	0.18	0.20	0	|	90.0	0.20(90)	0.20(90)	|	1227	
9354	99	ok	|	0.20	1.00	1.00	0.21	0.02	0	|	rapi	0.20	0.21	0	|	90.0	0.21(90)	0.21(90)	|	1227	
9354	100	ok	|	0.17	1.00	1.00	0.19	0.02	0	|	rapi	0.17	0.19	0	|	90.0	0.19(90)	0.19(90)	|	1227	
9354	101	ok	|	0.19	1.00	1.00	0.21	0.02	0	|	rapi	0.19	0.21	0	|	90.0	0.21(90)	0.21(90)	|	1227	
9354	102	ok	|	0.18	1.00	1.00	0.19	0.02	0	|	rapi	0.18	0.19	0	|	90.0	0.19(90)	0.19(90)	|	1227	
9354	103	ok	|	0.18	1.00	1.00	0.19	0.02	0	|	rapi	0.18	0.19	0	|	90.0	0.19(90)	0.19(90)	|	1227	
9354	104	ok	|	0.17	1.00	1.00	0.19	0.02	0	|	rapi	0.17	0.19	0	|	90.0	0.19(90)	0.19(90)	|	1227	
9354	105	ok	|	0.18	1.00	1.00	0.20	0.02	0	|	rapi	0.18	0.20	0	|	90.0	0.20(90)	0.20(90)	|	1227	
9354	106	ok	|	0.20	1.00	1.00	0.21	0.02	0	|	rapi	0.20	0.21	0	|	90.0	0.21(90)	0.21(90)	|	1227	
9354	107	ok	|	0.18	1.00	1.00	0.20	0.02	0	|	rapi	0.18	0.20	0	|	90.0	0.20(90)	0.20(90)	|	1227	
9354	108	ok	|	0.19	1.00	1.00	0.20	0.02	0	|	rapi	0.19	0.20	0	|	90.0	0.20(90)	0.20(90)	|	1227	
9354	109	ok	|	0.20	1.00	1.00	0.21	0.02	0	|	rapi	0.20	0.21	0	|	90.0	0.21(90)	0.21(90)	|	1227	
9354	110	ok	|	0.21	1.00	1.00	0.23	0.02	0	|	rapi	0.21	0.23	0	|	90.0	0.23(90)	0.23(90)	|	1227	
9354	111	ok	|	0.20	1.00	1.00	0.22	0.02	0	|	rapi	0.20	0.22	0	|	90.0	0.22(90)	0.22(90)	|	1227	
9354	112	ok	|	0.20	1.00	1.00	0.21	0.02	0	|	rapi	0.20	0.21	0	|	90.0	0.21(90)	0.21(90)	|	1227	
9354	113	ok	|	0.22	1.00	1.00	0.23	0.02	0	|	rapi	0.22	0.23	0	|	90.0	0.23(90)	0.23(90)	|	1227	
9354	114	ok	|	0.21	1.00	1.00	0.23	0.02	0	|	rapi	0.21	0.23	0	|	90.0	0.23(90)	0.23(90)	|	1227	
9354	115	ok	|	0.20	1.00	1.00	0.22	0.02	0	|	rapi	0.20	0.22	0	|	90.0	0.22(90)	0.22(90)	|	1227	
9354	116	ok	|	0.18	1.00	1.00	0.20	0.02	0	|	rapi	0.18	0.20	0	|	90.0	0.20(90)	0.20(90)	|	1227	
9354	117	ok	|	0.19	1.00	1.00	0.20	0.02	0	|	rapi	0.19	0.20	0	|	90.0	0.20(90)	0.20(90)	|	1227	
9354	118	ok	|	0.18	1.00	1.00	0.19	0.02	0	|	rapi	0.18	0.19	0	|	90.0	0.19(90)	0.19(90)	|	1227	
9354	119	ok	|	0.19	1.00	1.00	0.20	0.02	0	|	rapi	0.19	0.20	0	|	90.0	0.20(90)	0.20(90)	|	1227	
9354	120	ok	|	0.18	1.00	1.00	0.19	0.02	0	|	rapi	0.18	0.19	0	|	90.0	0.19(90)	0.19(90)	|	1227	
9354	121	ok	|	0.17	1.00	1.00	0.19	0.02	0	|	rapi	0.17	0.19	0	|	90.0	0.19(90)	0.19(90)	|	1227	
9354	122	ok	|	0.19	1.00	1.00	0.20	0.02	0	|	rapi	0.19	0.20	0	|	90.0	0.20(90)	0.20(90)	|	1227	
9354	123	ok	|	0.20	1.00	1.00	0.21	0.02	0	|	rapi	0.20	0.21	0	|	90.0	0.21(90)	0.21(90)	|	1227	
9354	124	ok	|	0.20	1.00	1.00	0.21	0.02	0	|	rapi	0.20	0.21	0	|	90.0	0.21(90)	0.21(90)	|	1227	
9354	125	ok	|	0.20	1.00	1.00	0.21	0.02	0	|	rapi	0.20	0.21	0	|	90.0	0.21(90)	0.21(90)	|	1227	
9354	126	ok	|	0.20	1.00	1.00	0.22	0.02	0	|	rapi	0.20	0.22	0	|	90.0	0.22(90)	0.22(90)	|	1227	
9354	127	ok	|	0.21	1.00	1.00	0.23	0.02	0	|	rapi	0.21	0.23	0	|	90.0	0.23(90)	0.23(90)	|	1227	
9354	128	ok	|	0.23	1.00	1.00	0.25	0.02	0	|	rapi	0.23	0.25	0	|	90.0	0.25(90)	0.25(90)	|	1227	
9354	129	ok	|	0.23	1.00	1.00	0.25	0.03	0	|	rapi	0.23	0.25	0	|	90.0	0.25(90)	0.25(90)	|	1227	
9354	130	ok	|	0.24	1.00	1.00	0.26	0.03	0	|	rapi	0.24	0.26	0	|	90.0	0.26(90)	0.26(90)	|	1227	
9354	131	ok	|	0.26	1.00	1.00	0.28	0.03	0	|	rapi	0.26	0.28	0	|	90.0	0.28(90)	0.28(90)	|	1227	
9354	132	ok	|	0.27	1.00	1.00	0.29	0.03	0	|	rapi	0.27	0.29	0	|	90.0	0.29(90)	0.29(90)	|	1227	
9354	133	ok	|	0.27	1.00	1.00	0.29	0.03	0	|	rapi	0.27	0.29	0	|	90.0	0.29(90)	0.29(90)	|	1227	
9354	134	ok	|	0.25	1.00	1.00	0.28	0.03	0	|	rapi	0.25	0.28	0	|	90.0	0.28(90)	0.28(90)	|	1227	
9354	135	ok	|	0.24	1.00	1.00	0.26	0.03	0	|	rapi	0.24	0.26	0	|	90.0	0.26(90)	0.26(90)	|	1227	
9354	136	ok	|	0.23	1.00	1.00	0.25	0.02	0	|	rapi	0.23	0.25	0	|	90.0	0.25(90)	0.25(90)	|	1227	
9354	137	ok	|	0.23	1.00	1.00	0.25	0.03	0	|	rapi	0.23	0.25	0	|	90.0	0.25(90)	0.25(90)	|	1227	
9354	138	ok	|	0.23	1.00	1.00	0.25	0.02	0	|	rapi	0.23	0.25	0	|	90.0	0.25(90)	0.25(90)	|	1227	
9354	139	ok	|	0.21	1.00	1.00	0.23	0.03	0	|	rapi	0.21	0.23	0	|	90.0	0.23(90)	0.23(90)	|	1227	
9354	140	ok	|	0.19	1.00	1.00	0.20	0.03	0	|	rapi	0.19	0.20	0	|	90.0	0.20(90)	0.20(90)	|	1227	
9354	141	ok	|	0.18	1.00	1.00	0.20	0.02	0	|	rapi	0.18	0.20	0	|	90.0	0.20(90)	0.20(90)	|	1227	
9354	142	ok	|	0.18	1.00	1.00	0.20	0.02	0	|	rapi	0.18	0.20	0	|	90.0	0.20(90)	0.20(90)	|	1227	
9354	143	ok	|	0.17	1.00	1.00	0.18	0.02	0	|	rapi	0.17	0.18	0	|	90.0	0.18(90)	0.18(90)	|	1227	
9354	144	ok	|	0.17	1.00	1.00	0.18	0.02	0	|	rapi	0.17	0.18	0	|	90.0	0.18(90)	0.18(90)	|	1227	
9354	145	ok	|	0.19	1.00	1.00	0.19	0.02	0	|	rapi	0.19	0.19	0	|	90.0	0.19(90)	0.19(90)	|	1227	
9354	146	ok	|	0.19	1.00	1.00	0.20	0.02	0	|	rapi	0.19	0.20	0	|	90.0	0.20(90)	0.20(90)	|	1227	
9354	147	ok	|	0.19	1.00	1.00	0.20	0.02	0	|	rapi	0.19	0.20	0	|	90.0	0.20(90)	0.20(90)	|	1227	
9354	148	ok	|	0.20	1.00	1.00	0.22	0.03	0	|	rapi	0.20	0.22	0	|	90.0	0.22(90)	0.22(90)	|	1227	
9354	149	ok	|	0.20	1.00	1.00	0.22	0.03	0	|	rapi	0.20	0.22	0	|	90.0	0.22(90)	0.22(90)	|	1227	
9354	150	ok	|	0.19	1.00	1.00	0.21	0.03	0	|	rapi	0.19	0.21	0	|	90.0	0.21(90)	0.21(90)	|	1227	
9354	151	ok	|	0.19	1.00	1.00	0.20	0.02	0	|	rapi	0.19	0.20	0	|	90.0	0.20(90)	0.20(90)	|	1227	
9354	152	ok	|	0.20	1.00	1.00	0.21	0.03	0	|	rapi	0.20	0.21	0	|	90.0	0.21(90)	0.21(90)	|	1227	
9354	153	ok	|	0.21	1.00	1.00	0.22	0.03	0	|	rapi	0.21	0.22	0	|	90.0	0.22(90)	0.22(90)	|	1227	
9354	154	ok	|	0.21	1.00	1.00	0.23	0.03	0	|	rapi	0.21	0.23	0	|	90.0	0.23(90)	0.23(90)	|	1227	
9354	155	ok	|	0.20	1.00	1.00	0.22	0.03	0	|	rapi	0.20	0.22	0	|	90.0	0.22(90)	0.22(90)	|	1227	
9354	156	ok	|	0.21	1.00	1.00	0.22	0.03	0	|	rapi	0.21	0.22	0	|	90.0	0.22(90)	0.22(90)	|	1227	
9354	157	ok	|	0.17	1.00	1.00	0.19	0.02	0	|	rapi	0.17	0.19	0	|	90.0	0.19(90)	0.19(90)	|	1227	
9354	158	ok	|	0.17	1.00	1.00	0.18	0.03	0	|	rapi	0.17	0.18	0	|	90.0	0.18(90)	0.18(90)	|	1227	
9354	159	ok	|	0.18	1.00	1.00	0.20	0.03	0	|	rapi	0.18	0.20	0	|	90.0	0.20(90)	0.20(90)	|	1227	
9354	160	ok	|	0.19	1.00	1.00	0.21	0.04	0	|	rapi	0.19	0.21	0	|	90.0	0.21(90)	0.21(90)	|	1227	
9354	161	ok	|	0.21	1.00	1.00	0.23	0.04	0	|	rapi	0.21	0.23	0	|	90.0	0.23(90)	0.23(90)	|	1227	
9354	162	ok	|	0.21	1.00	1.00	0.22	0.04	0	|	rapi	0.21	0.22	0	|	90.0	0.22(90)	0.22(90)	|	1227	
9354	163	ok	|	0.21	1.00	1.00	0.22	0.04	0	|	rapi	0.21	0.22	0	|	90.0	0.22(90)	0.22(90)	|	1227	
9354	164	ok	|	0.21	1.00	1.00	0.23	0.04	0	|	rapi	0.21	0.23	0	|	90.0	0.23(90)	0.23(90)	|	1227	
9354	165	ok	|	0.20	1.00	1.00	0.23	0.04	0	|	rapi	0.20	0.23	0	|	90.0	0.23(90)	0.23(90)	|	1227	
9354	166	ok	|	0.22	1.00	1.00	0.24	0.04	0	|	rapi	0.22	0.24	0	|	90.0	0.24(90)	0.24(90)	|	1227	
9354	167	ok	|	0.20	1.00	1.00	0.22	0.04	0	|	rapi	0.20	0.22	0	|	90.0	0.22(90)	0.22(90)	|	1227	
9354	168	ok	|	0.21	1.00	1.00	0.23	0.04	0	|	rapi	0.21	0.23	0	|	90.0	0.23(90)	0.23(90)	|	1227	
9354	169	ok	|	0.19	1.00	1.00	0.21	0.04	0	|	rapi	0.19	0.21	0	|	90.0	0.21(90)	0.21(90)	|	1227	
9354	170	ok	|	0.21	1.00	1.00	0.23	0.04	0	|	rapi	0.21	0.23	0	|	90.0	0.23(90)	0.23(90)	|	1227	
9354	171	ok	|	0.21	1.00	1.00	0.24	0.04	0	|	rapi	0.21	0.24	0	|	90.0	0.24(90)	0.24(90)	|	1227	
9354	172	ok	|	0.23	1.00	1.00	0.26	0.04	0	|	rapi	0.23	0.26	0	|	90.0	0.26(90)	0.26(90)	|	1227	
9354	173	ok	|	0.23	1.00	1.00	0.26	0.04	0	|	rapi	0.23	0.26	0	|	90.0	0.26(90)	0.26(90)	|	1227	
9354	174	ok	|	0.23	1.00	1.00	0.27	0.05	0	|	rapi	0.23	0.27	0	|	90.0	0.27(90)	0.27(90)	|	1227	
9354	175	ok	|	0.25	1.00	1.00	0.28	0.05	0	|	rapi	0.25	0.28	0	|	90.0	0.28(90)	0.28(90)	|	1227	
9354	176	ok	|	0.23	1.00	1.00	0.26	0.04	0	|	rapi	0.23	0.26	0	|	90.0	0.26(90)	0.26(90)	|	1227	
9354	177	ok	|	0.23	1.00	1.00	0.26	0.04	0	|	rapi	0.23	0.26	0	|	90.0	0.26(90)	0.26(90)	|	1227	
9354	178	ok	|	0.22	1.00	1.00	0.24	0.04	0	|	rapi	0.22	0.24	0	|	90.0	0.24(90)	0.24(90)	|	1227	
9354	179	ok	|	0.21	1.00	1.00	0.24	0.04	0	|	rapi	0.21	0.24	0	|	90.0	0.24(90)	0.24(90)	|	1227	
9354	180	ok	|	0.23	1.00	1.00	0.25	0.04	0	|	rapi	0.23	0.25	0	|	90.0	0.25(90)	0.25(90)	|	1227	
9354	181	ok	|	0.22	1.00	1.00	0.26	0.04	0	|	rapi	0.22	0.26	0	|	90.0	0.26(90)	0.26(90)	|	1227	
9354	182	ok	|	0.23	1.00	1.00	0.27	0.04	0	|	rapi	0.23	0.27	0	|	90.0	0.27(90)	0.27(90)	|	1227	
9354	183	ok	|	0.22	1.00	1.00	0.25	0.04	0	|	rapi	0.22	0.25	0	|	90.0	0.25(90)	0.25(90)	|	1227	
9354	184	ok	|	0.21	1.00	1.00	0.24	0.04	0	|	rapi	0.21	0.24	0	|	90.0	0.24(90)	0.24(90)	|	1227	
9354	185	ok	|	0.23	1.00	1.00	0.28	0.05	0	|	rapi	0.23	0.28	0	|	90.0	0.28(90)	0.28(90)	|	1227	
9354	186	ok	|	0.26	1.00	1.00	0.30	0.05	0	|	rapi	0.26	0.30	0	|	90.0	0.30(90)	0.30(90)	|	1227	
9354	187	ok	|	0.26	1.00	1.00	0.30	0.05	0	|	rapi	0.26	0.30	0	|	90.0	0.30(90)	0.30(90)	|	1227	
9354	188	ok	|	0.25	1.00	1.00	0.29	0.05	0	|	rapi	0.25	0.29	0	|	90.0	0.29(90)	0.29(90)	|	1227	
9354	189	ok	|	0.26	1.00	1.00	0.30	0.05	0	|	rapi	0.26	0.30	0	|	90.0	0.30(90)	0.30(90)	|	1227	
9354	190	ok	|	0.28	1.00	1.00	0.32	0.05	0	|	rapi	0.28	0.32	0	|	90.0	0.32(90)	0.32(90)	|	1227	
9354	191	ok	|	0.28	1.00	1.00	0.31	0.05	0	|	rapi	0.28	0.31	0	|	90.0	0.31(90)	0.31(90)	|	1227	
9354	192	ok	|	0.27	1.00	1.00	0.31	0.05	0	|	rapi	0.27	0.31	0	|	90.0	0.31(90)	0.31(90)	|	1227	
9354	193	ok	|	0.26	1.00	1.00	0.29	0.05	0	|	rapi	0.26	0.29	0	|	90.0	0.29(90)	0.29(90)	|	1227	
9354	194	ok	|	0.26	1.00	1.00	0.29	0.05	0	|	rapi	0.26	0.29	0	|	90.0	0.29(90)	0.29(90)	|	1227	
9354	195	ok	|	0.28	1.00	1.00	0.31	0.05	0	|	rapi	0.28	0.31	0	|	90.0	0.31(90)	0.31(90)	|	1227	
9354	196	ok	|	0.28	1.00	1.00	0.30	0.05	0	|	rapi	0.28	0.30	0	|	90.0	0.30(90)	0.30(90)	|	1227	
9354	197	ok	|	0.26	1.00	1.00	0.28	0.05	0	|	rapi	0.26	0.28	0	|	90.0	0.28(90)	0.28(90)	|	1227	
9354	198	ok	|	0.24	1.00	1.00	0.26	0.04	0	|	rapi	0.24	0.26	0	|	90.0	0.26(90)	0.26(90)	|	1227	
9354	199	ok	|	0.23	1.00	1.00	0.25	0.04	0	|	rapi	0.23	0.25	0	|	90.0	0.25(90)	0.25(90)	|	1227	
9354	200	ok	|	0.27	1.00	1.00	0.28	0.05	0	|	rapi	0.27	0.28	0	|	90.0	0.28(90)	0.28(90)	|	1227	
9354	201	ok	|	0.26	1.00	1.00	0.27	0.05	0	|	rapi	0.26	0.27	0	|	90.0	0.27(90)	0.27(90)	|	1227	
9354	202	ok	|	0.24	1.00	1.00	0.25	0.04	0	|	rapi	0.24	0.25	0	|	90.0	0.25(90)	0.25(90)	|	1227	
9354	203	ok	|	0.22	1.00	1.00	0.23	0.04	0	|	rapi	0.22	0.23	0	|	90.0	0.23(90)	0.23(90)	|	1227	
9354	204	ok	|	0.22	1.00	1.00	0.24	0.04	0	|	rapi	0.22	0.24	0	|	90.0	0.24(90)	0.24(90)	|	1227	
9354	205	ok	|	0.23	1.00	1.00	0.26	0.04	0	|	rapi	0.23	0.26	0	|	90.0	0.26(90)	0.26(90)	|	1227	
9354	206	ok	|	0.22	1.00	1.00	0.24	0.04	0	|	rapi	0.22	0.24	0	|	90.0	0.24(90)	0.24(90)	|	1227	
9354	207	ok	|	0.24	1.00	1.00	0.25	0.04	0	|	rapi	0.24	0.25	0	|	90.0	0.25(90)	0.25(90)	|	1227	
9354	208	ok	|	0.23	1.00	1.00	0.24	0.04	0	|	rapi	0.23	0.24	0	|	90.0	0.24(90)	0.24(90)	|	1227	
9354	209	ok	|	0.20	1.00	1.00	0.22	0.04	0	|	rapi	0.20	0.22	0	|	90.0	0.22(90)	0.22(90)	|	1227	
9354	210	ok	|	0.18	1.00	1.00	0.19	0.03	0	|	rapi	0.18	0.19	0	|	90.0	0.19(90)	0.19(90)	|	1227	
9354	211	ok	|	0.17	1.00	1.00	0.18	0.03	0	|	rapi	0.17	0.18	0	|	90.0	0.18(90)	0.18(90)	|	1227	
9354	212	ok	|	0.17	1.00	1.00	0.18	0.03	0	|	rapi	0.17	0.18	0	|	90.0	0.18(90)	0.18(90)	|	1227	
9354	213	ok	|	0.18	1.00	1.00	0.20	0.03	0	|	rapi	0.18	0.20	0	|	90.0	0.20(90)	0.20(90)	|	1227	
9354	214	ok	|	0.18	1.00	1.00	0.19	0.03	0	|	rapi	0.18	0.19	0	|	90.0	0.19(90)	0.19(90)	|	1227	
9354	215	ok	|	0.19	1.00	1.00	0.20	0.03	0	|	rapi	0.19	0.20	0	|	90.0	0.20(90)	0.20(90)	|	1227	
9354	216	ok	|	0.18	1.00	1.00	0.18	0.03	0	|	rapi	0.18	0.18	0	|	90.0	0.18(90)	0.18(90)	|	1227	
9354	217	ok	|	0.17	1.00	1.00	0.18	0.03	0	|	rapi	0.17	0.18	0	|	90.0	0.18(90)	0.18(90)	|	1227	
9354	218	ok	|	0.18	1.00	1.00	0.20	0.03	0	|	rapi	0.18	0.20	0	|	90.0	0.20(90)	0.20(90)	|	1227	
9354	219	ok	|	0.20	1.00	1.00	0.21	0.04	0	|	rapi	0.20	0.21	0	|	90.0	0.21(90)	0.21(90)	|	1227	
9354	220	ok	|	0.19	1.00	1.00	0.19	0.03	0	|	rapi	0.19	0.19	0	|	90.0	0.19(90)	0.19(90)	|	1227	
9354	221	ok	|	0.17	1.00	1.00	0.19	0.03	0	|	rapi	0.17	0.19	0	|	90.0	0.19(90)	0.19(90)	|	1227	
9354	222	ok	|	0.18	1.00	1.00	0.19	0.03	0	|	rapi	0.18	0.19	0	|	90.0	0.19(90)	0.19(90)	|	1227	
9354	223	ok	|	0.17	1.00	1.00	0.18	0.03	0	|	rapi	0.17	0.18	0	|	90.0	0.18(90)	0.18(90)	|	1227	
9354	224	ok	|	0.16	1.00	1.00	0.17	0.03	0	|	rapi	0.16	0.17	0	|	90.0	0.17(90)	0.17(90)	|	1227	
9354	225	ok	|	0.13	1.00	1.00	0.14	0.02	0	|	rapi	0.13	0.14	0	|	90.0	0.14(90)	0.14(90)	|	1227	
9354	226	ok	|	0.12	1.00	1.00	0.13	0.02	0	|	rapi	0.12	0.13	0	|	90.0	0.13(90)	0.13(90)	|	1227	
9354	227	ok	|	0.13	1.00	1.00	0.13	0.02	0	|	rapi	0.13	0.13	0	|	90.0	0.13(90)	0.13(90)	|	1227	
9354	228	ok	|	0.16	1.00	1.00	0.16	0.03	0	|	rapi	0.16	0.16	0	|	90.0	0.16(90)	0.16(90)	|	1227	
9354	229	ok	|	0.15	1.00	1.00	0.16	0.03	0	|	rapi	0.15	0.16	0	|	90.0	0.16(90)	0.16(90)	|	1227	
9354	230	ok	|	0.15	1.00	1.00	0.16	0.03	0	|	rapi	0.15	0.16	0	|	90.0	0.16(90)	0.16(90)	|	1227	
9354	231	ok	|	0.16	1.00	1.00	0.17	0.03	0	|	rapi	0.16	0.17	0	|	90.0	0.17(90)	0.17(90)	|	1227	
9354	232	ok	|	0.15	1.00	1.00	0.17	0.03	0	|	rapi	0.15	0.17	0	|	90.0	0.17(90)	0.17(90)	|	1227	
9354	233	ok	|	0.14	1.00	1.00	0.15	0.02	0	|	rapi	0.14	0.15	0	|	90.0	0.15(90)	0.15(90)	|	1227	
9354	234	ok	|	0.13	1.00	1.00	0.13	0.02	0	|	rapi	0.13	0.13	0	|	90.0	0.13(90)	0.13(90)	|	1227	
9354	235	ok	|	0.13	1.00	1.00	0.14	0.02	0	|	rapi	0.13	0.14	0	|	90.0	0.14(90)	0.14(90)	|	1227	
9354	236	ok	|	0.14	1.00	1.00	0.15	0.02	0	|	rapi	0.14	0.15	0	|	90.0	0.15(90)	0.15(90)	|	1227	
9354	237	ok	|	0.17	1.00	1.00	0.17	0.03	0	|	rapi	0.17	0.17	0	|	90.0	0.17(90)	0.17(90)	|	1227	
9354	238	ok	|	0.18	1.00	1.00	0.19	0.03	0	|	rapi	0.18	0.19	0	|	90.0	0.19(90)	0.19(90)	|	1227	
9354	239	ok	|	0.19	1.00	1.00	0.20	0.03	0	|	rapi	0.19	0.20	0	|	90.0	0.20(90)	0.20(90)	|	1227	
9354	240	ok	|	0.18	1.00	1.00	0.20	0.03	0	|	rapi	0.18	0.20	0	|	90.0	0.20(90)	0.20(90)	|	1227	
9354	241	ok	|	0.18	1.00	1.00	0.19	0.03	0	|	rapi	0.18	0.19	0	|	90.0	0.19(90)	0.19(90)	|	1227	
9354	242	ok	|	0.16	1.00	1.00	0.17	0.03	0	|	rapi	0.16	0.17	0	|	90.0	0.17(90)	0.17(90)	|	1227	
9354	243	ok	|	0.15	1.00	1.00	0.16	0.03	0	|	rapi	0.15	0.16	0	|	90.0	0.16(90)	0.16(90)	|	1227	
9354	244	ok	|	0.16	1.00	1.00	0.17	0.03	0	|	rapi	0.16	0.17	0	|	90.0	0.17(90)	0.17(90)	|	1227	
9354	245	ok	|	0.15	1.00	1.00	0.16	0.03	0	|	rapi	0.15	0.16	0	|	90.0	0.16(90)	0.16(90)	|	1227	
9354	246	ok	|	0.17	1.00	1.00	0.18	0.03	0	|	rapi	0.17	0.18	0	|	90.0	0.18(90)	0.18(90)	|	1227	
9354	247	ok	|	0.17	1.00	1.00	0.18	0.03	0	|	rapi	0.17	0.18	0	|	90.0	0.18(90)	0.18(90)	|	1227	
9354	248	ok	|	0.15	1.00	1.00	0.16	0.03	0	|	rapi	0.15	0.16	0	|	90.0	0.16(90)	0.16(90)	|	1227	
9354	249	ok	|	0.16	1.00	1.00	0.17	0.03	0	|	rapi	0.16	0.17	0	|	90.0	0.17(90)	0.17(90)	|	1227	
9354	250	ok	|	0.17	1.00	1.00	0.19	0.03	0	|	rapi	0.17	0.19	0	|	90.0	0.19(90)	0.19(90)	|	1227	
9354	251	ok	|	0.18	1.00	1.00	0.21	0.03	0	|	rapi	0.18	0.21	0	|	90.0	0.21(90)	0.21(90)	|	1227	
9354	252	ok	|	0.20	1.00	1.00	0.22	0.04	0	|	rapi	0.20	0.22	0	|	90.0	0.22(90)	0.22(90)	|	1227	
9354	253	ok	|	0.20	1.00	1.00	0.22	0.04	0	|	rapi	0.20	0.22	0	|	90.0	0.22(90)	0.22(90)	|	1227	
9354	254	ok	|	0.20	1.00	1.00	0.22	0.04	0	|	rapi	0.20	0.22	0	|	90.0	0.22(90)	0.22(90)	|	1227	
9354	255	ok	|	0.20	1.00	1.00	0.22	0.04	0	|	rapi	0.20	0.22	0	|	90.0	0.22(90)	0.22(90)	|	1227	
9354	256	ok	|	0.20	1.00	1.00	0.21	0.04	0	|	rapi	0.20	0.21	0	|	90.0	0.21(90)	0.21(90)	|	1227	
9354	257	ok	|	0.17	1.00	1.00	0.18	0.03	0	|	rapi	0.17	0.18	0	|	90.0	0.18(90)	0.18(90)	|	1227	
9354	258	ok	|	0.17	1.00	1.00	0.18	0.03	0	|	rapi	0.17	0.18	0	|	90.0	0.18(90)	0.18(90)	|	1227	
9354	259	ok	|	0.17	1.00	1.00	0.18	0.03	0	|	rapi	0.17	0.18	0	|	90.0	0.18(90)	0.18(90)	|	1227	
9354	260	ok	|	0.17	1.00	1.00	0.18	0.03	0	|	rapi	0.17	0.18	0	|	90.0	0.18(90)	0.18(90)	|	1227	
9354	261	ok	|	0.19	1.00	1.00	0.20	0.03	0	|	rapi	0.19	0.20	0	|	90.0	0.20(90)	0.20(90)	|	1227	
9354	262	ok	|	0.20	1.00	1.00	0.20	0.03	0	|	rapi	0.20	0.20	0	|	90.0	0.20(90)	0.20(90)	|	1227	
9354	263	ok	|	0.20	1.00	1.00	0.20	0.03	0	|	rapi	0.20	0.20	0	|	90.0	0.20(90)	0.20(90)	|	1227	
9354	264	ok	|	0.20	1.00	1.00	0.21	0.04	0	|	rapi	0.20	0.21	0	|	90.0	0.21(90)	0.21(90)	|	1227	
9354	265	ok	|	0.21	1.00	1.00	0.22	0.04	0	|	rapi	0.21	0.22	0	|	90.0	0.22(90)	0.22(90)	|	1227	
9354	266	ok	|	0.20	1.00	1.00	0.21	0.04	0	|	rapi	0.20	0.21	0	|	90.0	0.21(90)	0.21(90)	|	1227	
9354	267	ok	|	0.20	1.00	1.00	0.22	0.04	0	|	rapi	0.20	0.22	0	|	90.0	0.22(90)	0.22(90)	|	1227	
9354	268	ok	|	0.21	1.00	1.00	0.23	0.04	0	|	rapi	0.21	0.23	0	|	90.0	0.23(90)	0.23(90)	|	1227	
9354	269	ok	|	0.21	1.00	1.00	0.23	0.04	0	|	rapi	0.21	0.23	0	|	90.0	0.23(90)	0.23(90)	|	1227	
9354	270	ok	|	0.21	1.00	1.00	0.23	0.04	0	|	rapi	0.21	0.23	0	|	90.0	0.23(90)	0.23(90)	|	1227	
9354	271	ok	|	0.22	1.00	1.00	0.24	0.04	0	|	rapi	0.22	0.24	0	|	90.0	0.24(90)	0.24(90)	|	1227	
9354	272	ok	|	0.24	1.00	1.00	0.27	0.04	0	|	rapi	0.24	0.27	0	|	90.0	0.27(90)	0.27(90)	|	1227	
9354	273	ok	|	0.25	1.00	1.00	0.27	0.05	0	|	rapi	0.25	0.27	0	|	90.0	0.27(90)	0.27(90)	|	1227	
9354	274	ok	|	0.24	1.00	1.00	0.26	0.04	0	|	rapi	0.24	0.26	0	|	90.0	0.26(90)	0.26(90)	|	1227	
9354	275	ok	|	0.24	1.00	1.00	0.26	0.04	0	|	rapi	0.24	0.26	0	|	90.0	0.26(90)	0.26(90)	|	1227	
9354	276	ok	|	0.24	1.00	1.00	0.26	0.04	0	|	rapi	0.24	0.26	0	|	90.0	0.26(90)	0.26(90)	|	1227	
9354	277	ok	|	0.23	1.00	1.00	0.25	0.04	0	|	rapi	0.23	0.25	0	|	90.0	0.25(90)	0.25(90)	|	1227	
9354	278	ok	|	0.20	1.00	1.00	0.22	0.04	0	|	rapi	0.20	0.22	0	|	90.0	0.22(90)	0.22(90)	|	1227	
9354	279	ok	|	0.19	1.00	1.00	0.21	0.03	0	|	rapi	0.19	0.21	0	|	90.0	0.21(90)	0.21(90)	|	1227	
9354	280	ok	|	0.19	1.00	1.00	0.20	0.03	0	|	rapi	0.19	0.20	0	|	90.0	0.20(90)	0.20(90)	|	1227	
9354	281	ok	|	0.19	1.00	1.00	0.20	0.03	0	|	rapi	0.19	0.20	0	|	90.0	0.20(90)	0.20(90)	|	1227	
9354	282	ok	|	0.18	1.00	1.00	0.20	0.03	0	|	rapi	0.18	0.20	0	|	90.0	0.20(90)	0.20(90)	|	1227	
9354	283	ok	|	0.18	1.00	1.00	0.20	0.03	0	|	rapi	0.18	0.20	0	|	90.0	0.20(90)	0.20(90)	|	1227	
9354	284	ok	|	0.18	1.00	1.00	0.19	0.03	0	|	rapi	0.18	0.19	0	|	90.0	0.19(90)	0.19(90)	|	1227	
9354	285	ok	|	0.18	1.00	1.00	0.19	0.03	0	|	rapi	0.18	0.19	0	|	90.0	0.19(90)	0.19(90)	|	1227	
9354	286	ok	|	0.20	1.00	1.00	0.22	0.04	0	|	rapi	0.20	0.22	0	|	90.0	0.22(90)	0.22(90)	|	1227	
9354	287	ok	|	0.21	1.00	1.00	0.23	0.04	0	|	rapi	0.21	0.23	0	|	90.0	0.23(90)	0.23(90)	|	1227	
9354	288	ok	|	0.19	1.00	1.00	0.21	0.03	0	|	rapi	0.19	0.21	0	|	90.0	0.21(90)	0.21(90)	|	1227	
9354	289	ok	|	0.21	1.00	1.00	0.23	0.04	0	|	rapi	0.21	0.23	0	|	90.0	0.23(90)	0.23(90)	|	1227	
9354	290	ok	|	0.22	1.00	1.00	0.24	0.04	0	|	rapi	0.22	0.24	0	|	90.0	0.24(90)	0.24(90)	|	1227	
9354	291	ok	|	0.22	1.00	1.00	0.24	0.04	0	|	rapi	0.22	0.24	0	|	90.0	0.24(90)	0.24(90)	|	1227	
9354	292	ok	|	0.23	1.00	1.00	0.26	0.04	0	|	rapi	0.23	0.26	0	|	90.0	0.26(90)	0.26(90)	|	1227	
9354	293	ok	|	0.24	1.00	1.00	0.26	0.04	0	|	rapi	0.24	0.26	0	|	90.0	0.26(90)	0.26(90)	|	1227	
9354	294	ok	|	0.22	1.00	1.00	0.24	0.04	0	|	rapi	0.22	0.24	0	|	90.0	0.24(90)	0.24(90)	|	1227	
9354	295	ok	|	0.22	1.00	1.00	0.25	0.04	0	|	rapi	0.22	0.25	0	|	90.0	0.25(90)	0.25(90)	|	1227	
9354	296	ok	|	0.20	1.00	1.00	0.21	0.04	0	|	rapi	0.20	0.21	0	|	90.0	0.21(90)	0.21(90)	|	1227	
9354	297	ok	|	0.20	1.00	1.00	0.21	0.04	0	|	rapi	0.20	0.21	0	|	90.0	0.21(90)	0.21(90)	|	1227	
9354	298	ok	|	0.20	1.00	1.00	0.21	0.04	0	|	rapi	0.20	0.21	0	|	90.0	0.21(90)	0.21(90)	|	1227	
9354	299	ok	|	0.17	1.00	1.00	0.19	0.03	0	|	rapi	0.17	0.19	0	|	90.0	0.19(90)	0.19(90)	|	1227	
9354	300	ok	|	0.18	1.00	1.00	0.19	0.03	0	|	rapi	0.18	0.19	0	|	90.0	0.19(90)	0.19(90)	|	1227	
9354	301	ok	|	0.17	1.00	1.00	0.18	0.03	0	|	rapi	0.17	0.18	0	|	90.0	0.18(90)	0.18(90)	|	1227	
9354	302	ok	|	0.16	1.00	1.00	0.18	0.03	0	|	rapi	0.16	0.18	0	|	90.0	0.18(90)	0.18(90)	|	1227	
9354	303	ok	|	0.16	1.00	1.00	0.17	0.03	0	|	rapi	0.16	0.17	0	|	90.0	0.17(90)	0.17(90)	|	1227	
9354	304	ok	|	0.16	1.00	1.00	0.17	0.03	0	|	rapi	0.16	0.17	0	|	90.0	0.17(90)	0.17(90)	|	1227	
9354	305	ok	|	0.17	1.00	1.00	0.18	0.03	0	|	rapi	0.17	0.18	0	|	90.0	0.18(90)	0.18(90)	|	1227	
9354	306	ok	|	0.18	1.00	1.00	0.18	0.03	0	|	rapi	0.18	0.18	0	|	90.0	0.18(90)	0.18(90)	|	1227	
9354	307	ok	|	0.18	1.00	1.00	0.19	0.03	0	|	rapi	0.18	0.19	0	|	90.0	0.19(90)	0.19(90)	|	1227	
9354	308	ok	|	0.18	1.00	1.00	0.19	0.03	0	|	rapi	0.18	0.19	0	|	90.0	0.19(90)	0.19(90)	|	1227	
9354	309	ok	|	0.19	1.00	1.00	0.20	0.03	0	|	rapi	0.19	0.20	0	|	90.0	0.20(90)	0.20(90)	|	1227	
9354	310	ok	|	0.18	1.00	1.00	0.19	0.03	0	|	rapi	0.18	0.19	0	|	90.0	0.19(90)	0.19(90)	|	1227	
9354	311	ok	|	0.16	1.00	1.00	0.17	0.03	0	|	rapi	0.16	0.17	0	|	90.0	0.17(90)	0.17(90)	|	1227	
9354	312	ok	|	0.14	1.00	1.00	0.15	0.03	0	|	rapi	0.14	0.15	0	|	90.0	0.15(90)	0.15(90)	|	1227	
9354	313	ok	|	0.13	1.00	1.00	0.14	0.02	0	|	rapi	0.13	0.14	0	|	90.0	0.14(90)	0.14(90)	|	1227	
9354	314	ok	|	0.13	1.00	1.00	0.14	0.02	0	|	rapi	0.13	0.14	0	|	90.0	0.14(90)	0.14(90)	|	1227	
9354	315	ok	|	0.12	1.00	1.00	0.12	0.02	0	|	rapi	0.12	0.12	0	|	90.0	0.12(90)	0.12(90)	|	1227	
9354	316	ok	|	0.11	1.00	1.00	0.11	0.02	0	|	rapi	0.11	0.11	0	|	90.0	0.11(90)	0.11(90)	|	1227	
9354	317	ok	|	0.12	1.00	1.00	0.13	0.02	0	|	rapi	0.12	0.13	0	|	90.0	0.13(90)	0.13(90)	|	1227	
9354	318	ok	|	0.13	1.00	1.00	0.13	0.02	0	|	rapi	0.13	0.13	0	|	90.0	0.13(90)	0.13(90)	|	1227	
9354	319	ok	|	0.12	1.00	1.00	0.12	0.02	0	|	rapi	0.12	0.12	0	|	90.0	0.12(90)	0.12(90)	|	1227	
9354	320	ok	|	0.11	1.00	1.00	0.11	0.02	0	|	rapi	0.11	0.11	0	|	90.0	0.11(90)	0.11(90)	|	1227	
9354	321	ok	|	0.11	1.00	1.00	0.11	0.02	0	|	rapi	0.11	0.11	0	|	90.0	0.11(90)	0.11(90)	|	1227	
9354	322	ok	|	0.10	1.00	1.00	0.10	0.02	0	|	rapi	0.10	0.10	0	|	90.0	0.10(90)	0.10(90)	|	1227	
9354	323	ok	|	0.10	1.00	1.00	0.11	0.02	0	|	rapi	0.10	0.11	0	|	90.0	0.11(90)	0.11(90)	|	1227	
9354	324	ok	|	0.11	1.00	1.00	0.12	0.02	0	|	rapi	0.11	0.12	0	|	90.0	0.12(90)	0.12(90)	|	1227	
9354	325	ok	|	0.11	1.00	1.00	0.11	0.02	0	|	rapi	0.11	0.11	0	|	90.0	0.11(90)	0.11(90)	|	1227	
9354	326	ok	|	0.13	1.00	1.00	0.13	0.02	0	|	rapi	0.13	0.13	0	|	90.0	0.13(90)	0.13(90)	|	1227	
9354	327	ok	|	0.12	1.00	1.00	0.12	0.02	0	|	rapi	0.12	0.12	0	|	90.0	0.12(90)	0.12(90)	|	1227	
9354	328	ok	|	0.12	1.00	1.00	0.12	0.02	0	|	rapi	0.12	0.12	0	|	90.0	0.12(90)	0.12(90)	|	1227	
9354	329	ok	|	0.11	1.00	1.00	0.12	0.02	0	|	rapi	0.11	0.12	0	|	90.0	0.12(90)	0.12(90)	|	1227	
9354	330	ok	|	0.12	1.00	1.00	0.12	0.02	0	|	rapi	0.12	0.12	0	|	90.0	0.12(90)	0.12(90)	|	1227	
9354	331	ok	|	0.09	1.00	1.00	0.10	0.02	0	|	rapi	0.09	0.10	0	|	90.0	0.10(90)	0.10(90)	|	1227	
9354	332	ok	|	0.09	1.00	1.00	0.09	0.01	0	|	rapi	0.09	0.09	0	|	90.0	0.09(90)	0.09(90)	|	1227	
9354	333	ok	|	0.08	1.00	1.00	0.09	0.01	0	|	rapi	0.08	0.09	0	|	90.0	0.09(90)	0.09(90)	|	1227	
9354	334	ok	|	0.09	1.00	1.00	0.09	0.02	0	|	rapi	0.09	0.09	0	|	90.0	0.09(90)	0.09(90)	|	1227	
9354	335	ok	|	0.11	1.00	1.00	0.11	0.02	0	|	rapi	0.11	0.11	0	|	90.0	0.11(90)	0.11(90)	|	1227	
9354	336	ok	|	0.10	1.00	1.00	0.10	0.02	0	|	rapi	0.10	0.10	0	|	90.0	0.10(90)	0.10(90)	|	1227	
9354	337	ok	|	0.11	1.00	1.00	0.11	0.02	0	|	rapi	0.11	0.11	0	|	90.0	0.11(90)	0.11(90)	|	1227	
9354	338	ok	|	0.11	1.00	1.00	0.11	0.02	0	|	rapi	0.11	0.11	0	|	90.0	0.11(90)	0.11(90)	|	1227	
9354	339	ok	|	0.11	1.00	1.00	0.11	0.02	0	|	rapi	0.11	0.11	0	|	90.0	0.11(90)	0.11(90)	|	1227	
9354	340	ok	|	0.10	1.00	1.00	0.10	0.02	0	|	rapi	0.10	0.10	0	|	90.0	0.10(90)	0.10(90)	|	1227	
9354	341	ok	|	0.10	1.00	1.00	0.11	0.02	0	|	rapi	0.10	0.11	0	|	90.0	0.11(90)	0.11(90)	|	1227	
9354	342	ok	|	0.10	1.00	1.00	0.11	0.02	0	|	rapi	0.10	0.11	0	|	90.0	0.11(90)	0.11(90)	|	1227	
9354	343	ok	|	0.12	1.00	1.00	0.12	0.02	0	|	rapi	0.12	0.12	0	|	90.0	0.12(90)	0.12(90)	|	1227	
9354	344	ok	|	0.12	1.00	1.00	0.12	0.02	0	|	rapi	0.12	0.12	0	|	90.0	0.12(90)	0.12(90)	|	1227	
9354	345	ok	|	0.11	1.00	1.00	0.11	0.02	0	|	rapi	0.11	0.11	0	|	90.0	0.11(90)	0.11(90)	|	1227	
9354	346	ok	|	0.10	1.00	1.00	0.10	0.02	0	|	rapi	0.10	0.10	0	|	90.0	0.10(90)	0.10(90)	|	1227	
9354	347	ok	|	0.10	1.00	1.00	0.10	0.02	0	|	rapi	0.10	0.10	0	|	90.0	0.10(90)	0.10(90)	|	1227	
9354	348	ok	|	0.11	1.00	1.00	0.11	0.02	0	|	rapi	0.11	0.11	0	|	90.0	0.11(90)	0.11(90)	|	1227	
9354	349	ok	|	0.11	1.00	1.00	0.11	0.02	0	|	rapi	0.11	0.11	0	|	90.0	0.11(90)	0.11(90)	|	1227	
9354	350	ok	|	0.10	1.00	1.00	0.11	0.02	0	|	rapi	0.10	0.11	0	|	90.0	0.11(90)	0.11(90)	|	1227	
9354	351	ok	|	0.12	1.00	1.00	0.12	0.02	0	|	rapi	0.12	0.12	0	|	90.0	0.12(90)	0.12(90)	|	1227	
9354	352	ok	|	0.11	1.00	1.00	0.12	0.02	0	|	rapi	0.11	0.12	0	|	90.0	0.12(90)	0.12(90)	|	1227	
9354	353	ok	|	0.12	1.00	1.00	0.13	0.02	0	|	rapi	0.12	0.13	0	|	90.0	0.13(90)	0.13(90)	|	1227	
9354	354	ok	|	0.12	1.00	1.00	0.12	0.02	0	|	rapi	0.12	0.12	0	|	90.0	0.12(90)	0.12(90)	|	1227	
9354	355	ok	|	0.11	1.00	1.00	0.12	0.02	0	|	rapi	0.11	0.12	0	|	90.0	0.12(90)	0.12(90)	|	1227	
9354	356	ok	|	0.11	1.00	1.00	0.11	0.02	0	|	rapi	0.11	0.11	0	|	90.0	0.11(90)	0.11(90)	|	1227	
9354	357	ok	|	0.12	1.00	1.00	0.12	0.03	0	|	rapi	0.12	0.12	0	|	90.0	0.12(90)	0.12(90)	|	1227	
9354	358	ok	|	0.12	1.00	1.00	0.12	0.03	0	|	rapi	0.12	0.12	0	|	90.0	0.12(90)	0.12(90)	|	1227	
9354	359	ok	|	0.11	1.00	1.00	0.12	0.03	0	|	rapi	0.11	0.12	0	|	90.0	0.12(90)	0.12(90)	|	1227	
9354	360	ok	|	0.12	1.00	1.00	0.12	0.03	0	|	rapi	0.12	0.12	0	|	90.0	0.12(90)	0.12(90)	|	1227	
9354	361	ok	|	0.10	1.00	1.00	0.10	0.02	0	|	rapi	0.10	0.10	0	|	90.0	0.10(90)	0.10(90)	|	1227	
9354	362	ok	|	0.09	1.00	1.00	0.10	0.02	0	|	rapi	0.09	0.10	0	|	90.0	0.10(90)	0.10(90)	|	1227	
9354	363	ok	|	0.10	1.00	1.00	0.10	0.02	0	|	rapi	0.10	0.10	0	|	90.0	0.10(90)	0.10(90)	|	1227	
9354	364	ok	|	0.09	1.00	1.00	0.09	0.02	0	|	rapi	0.09	0.09	0	|	90.0	0.09(90)	0.09(90)	|	1227	
9354	365	ok	|	0.08	1.00	1.00	0.08	0.02	0	|	rapi	0.08	0.08	0	|	90.0	0.08(90)	0.08(90)	|	1227	
9354	366	ok	|	0.07	1.00	1.00	0.08	0.02	0	|	rapi	0.07	0.08	0	|	90.0	0.08(90)	0.08(90)	|	1227	
9354	367	ok	|	0.07	1.00	1.00	0.07	0.02	0	|	rapi	0.07	0.07	0	|	90.0	0.07(90)	0.07(90)	|	1227	
9354	368	ok	|	0.06	1.00	1.00	0.06	0.01	0	|	rapi	0.06	0.06	0	|	90.0	0.06(90)	0.06(90)	|	1227	
9354	369	ok	|	0.06	1.00	1.00	0.06	0.02	0	|	rapi	0.06	0.06	0	|	90.0	0.06(90)	0.06(90)	|	1227	
9354	370	ok	|	0.07	1.00	1.00	0.07	0.02	0	|	rapi	0.07	0.07	0	|	90.0	0.07(90)	0.07(90)	|	1227	
9354	371	ok	|	0.07	1.00	1.00	0.07	0.02	0	|	rapi	0.07	0.07	0	|	90.0	0.07(90)	0.07(90)	|	1227	
9354	372	ok	|	0.07	1.00	1.00	0.07	0.02	0	|	rapi	0.07	0.07	0	|	90.0	0.07(90)	0.07(90)	|	1227	
9354	373	ok	|	0.07	1.00	1.00	0.08	0.02	0	|	rapi	0.07	0.08	0	|	90.0	0.08(90)	0.08(90)	|	1227	
9354	374	ok	|	0.06	1.00	1.00	0.06	0.02	0	|	rapi	0.06	0.06	0	|	90.0	0.06(90)	0.06(90)	|	1227	
9354	375	ok	|	0.06	1.00	1.00	0.06	0.02	0	|	rapi	0.06	0.06	0	|	90.0	0.06(90)	0.06(90)	|	1227	
9354	376	ok	|	0.06	1.00	1.00	0.07	0.02	0	|	rapi	0.06	0.07	0	|	90.0	0.07(90)	0.07(90)	|	1227	
9354	377	ok	|	0.07	1.00	1.00	0.07	0.02	0	|	rapi	0.07	0.07	0	|	90.0	0.07(90)	0.07(90)	|	1227	
9354	378	ok	|	0.06	1.00	1.00	0.06	0.01	0	|	rapi	0.06	0.06	0	|	90.0	0.06(90)	0.06(90)	|	1227	
9354	379	ok	|	0.05	1.00	1.00	0.06	0.01	0	|	rapi	0.05	0.06	0	|	90.0	0.06(90)	0.06(90)	|	1227	
9354	380	ok	|	0.05	1.00	1.00	0.05	0.01	0	|	rapi	0.05	0.05	0	|	90.0	0.05(90)	0.05(90)	|	1227	
9354	381	ok	|	0.04	1.00	1.00	0.04	0.01	0	|	rapi	0.04	0.04	0	|	90.0	0.04(90)	0.04(90)	|	1227	
9354	382	ok	|	0.02	1.00	1.00	0.02	0.01	0	|	rapi	0.02	0.02	0	|	90.0	0.02(90)	0.02(90)	|	1227	
9354	383	ok	|	0.03	1.00	1.00	0.03	0.01	0	|	rapi	0.03	0.03	0	|	90.0	0.03(90)	0.03(90)	|	1227	
9354	384	ok	|	0.03	1.00	1.00	0.03	0.01	0	|	rapi	0.03	0.03	0	|	90.0	0.03(90)	0.03(90)	|	1227	
9354	385	ok	|	0.03	1.00	1.00	0.03	0.01	0	|	rapi	0.03	0.03	0	|	90.0	0.03(90)	0.03(90)	|	1227	
9354	386	ok	|	0.02	1.00	1.00	0.02	0.01	0	|	rapi	0.02	0.02	0	|	90.0	0.02(90)	0.02(90)	|	1227	
9354	387	ok	|	0.02	1.00	1.00	0.02	0.01	0	|	rapi	0.02	0.02	0	|	90.0	0.02(90)	0.02(90)	|	1227	
9354	388	ok	|	0.01	1.00	1.00	0.01	0.00	0	|	rapi	0.01	0.01	0	|	90.0	0.01(90)	0.01(90)	|	1227	
9354	389	ok	|	0.02	1.00	1.00	0.02	0.01	0	|	rapi	0.02	0.02	0	|	90.0	0.02(90)	0.02(90)	|	1227	
9354	390	ok	|	0.02	1.00	1.00	0.02	0.00	0	|	rapi	0.02	0.02	0	|	90.0	0.02(90)	0.02(90)	|	1227	
9354	391	ok	|	0.02	1.00	1.00	0.02	0.00	0	|	rapi	0.02	0.02	0	|	90.0	0.02(90)	0.02(90)	|	1227	
9354	392	ok	|	0.03	1.00	1.00	0.03	0.01	0	|	rapi	0.03	0.03	0	|	90.0	0.03(90)	0.03(90)	|	1227	
9354	393	ok	|	0.03	1.00	1.00	0.03	0.01	0	|	rapi	0.03	0.03	0	|	90.0	0.03(90)	0.03(90)	|	1227	
9354	394	ok	|	0.03	1.00	1.00	0.03	0.02	0	|	rapi	0.03	0.03	0	|	90.0	0.03(90)	0.03(90)	|	1227	
9354	395	ok	|	0.04	1.00	1.00	0.04	0.02	0	|	rapi	0.04	0.04	0	|	90.0	0.04(90)	0.04(90)	|	1227	
9354	396	ok	|	0.03	1.00	1.00	0.03	0.01	0	|	rapi	0.03	0.03	0	|	90.0	0.03(90)	0.03(90)	|	1227	
9354	397	ok	|	0.03	1.00	1.00	0.03	0.02	0	|	rapi	0.03	0.03	0	|	90.0	0.03(90)	0.03(90)	|	1227	
9354	398	ok	|	0.03	1.00	1.00	0.03	0.02	0	|	rapi	0.03	0.03	0	|	90.0	0.03(90)	0.03(90)	|	1227	
9354	399	ok	|	0.03	1.00	1.00	0.03	0.02	0	|	rapi	0.03	0.03	0	|	90.0	0.03(90)	0.03(90)	|	1227	
9354	400	ok	|	0.03	1.00	1.00	0.03	0.01	0	|	rapi	0.03	0.03	0	|	90.0	0.03(90)	0.03(90)	|	1227	
9354	401	ok	|	0.03	1.00	1.00	0.03	0.01	0	|	rapi	0.03	0.03	0	|	90.0	0.03(90)	0.03(90)	|	1227	
9354	402	ok	|	0.02	1.00	1.00	0.02	0.01	0	|	rapi	0.02	0.02	0	|	90.0	0.02(90)	0.02(90)	|	1227	
9354	403	ok	|	0.03	1.00	1.00	0.03	0.01	0	|	rapi	0.03	0.03	0	|	90.0	0.03(90)	0.03(90)	|	1227	
9354	404	ok	|	0.01	1.00	1.00	0.01	0.01	0	|	rapi	0.01	0.01	0	|	90.0	0.01(90)	0.01(90)	|	1227	
9354	405	ok	|	0.01	1.00	1.00	0.01	0.01	0	|	rapi	0.01	0.01	0	|	90.0	0.01(90)	0.01(90)	|	1227	
9354	406	ok	|	0.01	1.00	1.00	0.01	0.01	0	|	rapi	0.01	0.01	0	|	90.0	0.01(90)	0.01(90)	|	1227	
9354	407	ok	|	0.01	1.00	1.00	0.01	0.01	0	|	rapi	0.01	0.01	0	|	90.0	0.01(90)	0.01(90)	|	1227	
9354	408	ok	|	0.01	1.00	1.00	0.01	0.01	0	|	rapi	0.01	0.01	0	|	90.0	0.01(90)	0.01(90)	|	1227	
9354	409	ok	|	0.01	1.00	1.00	0.01	0.01	0	|	rapi	0.01	0.01	0	|	90.0	0.01(90)	0.01(90)	|	1227	
9354	410	ok	|	0.01	1.00	1.00	0.01	0.01	0	|	rapi	0.01	0.01	0	|	90.0	0.01(90)	0.01(90)	|	1227	
9354	411	ok	|	0.01	1.00	1.00	0.01	0.01	0	|	rapi	0.01	0.01	0	|	90.0	0.01(90)	0.01(90)	|	1227	
9354	412	ok	|	0.00	1.00	1.00	0.00	0.00	0	|	rapi	0.00	0.00	0	|	90.0	0.00(90)	0.00(90)	|	1227	
9354	413	ok	|	0.01	1.00	1.00	0.01	0.00	0	|	rapi	0.01	0.01	0	|	90.0	0.01(90)	0.01(90)	|	1227	
9354	414	ok	|	0.01	1.00	1.00	0.01	0.01	0	|	rapi	0.01	0.01	0	|	90.0	0.01(90)	0.01(90)	|	1227	
9354	415	ok	|	0.01	1.00	1.00	0.01	0.01	0	|	rapi	0.01	0.01	0	|	90.0	0.01(90)	0.01(90)	|	1227	
9354	416	ok	|	0.01	1.00	1.00	0.01	0.01	0	|	rapi	0.01	0.01	0	|	90.0	0.01(90)	0.01(90)	|	1227	
9354	417	ok	|	0.01	1.00	1.00	0.01	0.00	0	|	rapi	0.01	0.01	0	|	90.0	0.01(90)	0.01(90)	|	1227	
9354	418	ok	|	0.01	1.00	1.00	0.01	0.00	0	|	rapi	0.01	0.01	0	|	90.0	0.01(90)	0.01(90)	|	1227	
9354	419	ok	|	0.01	1.00	1.00	0.01	0.00	0	|	rapi	0.01	0.01	0	|	90.0	0.01(90)	0.01(90)	|	1227	
9354	420	ok	|	0.01	1.00	1.00	0.01	0.00	0	|	rapi	0.01	0.01	0	|	90.0	0.01(90)	0.01(90)	|	1227	
9354	421	ok	|	0.00	1.00	1.00	0.00	0.00	0	|	rapi	0.00	0.00	0	|	90.0	0.00(90)	0.00(90)	|	1227	
9354	422	ok	|	0.01	1.00	1.00	0.01	0.00	0	|	rapi	0.01	0.01	0	|	90.0	0.01(90)	0.01(90)	|	1227	
9354	423	ok	|	0.01	1.00	1.00	0.01	0.00	0	|	rapi	0.01	0.01	0	|	90.0	0.01(90)	0.01(90)	|	1227	
9354	424	ok	|	0.01	1.00	1.00	0.01	0.00	0	|	rapi	0.01	0.01	0	|	90.0	0.01(90)	0.01(90)	|	1227	
9354	425	ok	|	0.01	1.00	1.00	0.01	0.00	0	|	rapi	0.01	0.01	0	|	90.0	0.01(90)	0.01(90)	|	1227	
9354	426	ok	|	0.00	1.00	1.00	0.00	0.00	0	|	rapi	0.00	0.00	0	|	90.0	0.00(90)	0.00(90)	|	1227	
9354	427	ok	|	0.01	1.00	1.00	0.01	0.00	0	|	rapi	0.01	0.01	0	|	90.0	0.01(90)	0.01(90)	|	1227	
9354	428	ok	|	0.00	1.00	1.00	0.00	0.00	0	|	rapi	0.00	0.00	0	|	90.0	0.00(90)	0.00(90)	|	1227	
9354	429	ok	|	0.00	1.00	1.00	0.00	0.00	0	|	rapi	0.00	0.00	0	|	90.0	0.00(90)	0.00(90)	|	1227	
9354	430	ok	|	0.00	1.00	1.00	0.00	0.00	0	|	rapi	0.00	0.00	0	|	90.0	0.00(90)	0.00(90)	|	1227	
9354	431	ok	|	0.01	1.00	1.00	0.01	0.00	0	|	rapi	0.01	0.01	0	|	90.0	0.01(90)	0.01(90)	|	1227	
9354	432	ok	|	0.01	1.00	1.00	0.01	0.00	0	|	rapi	0.01	0.01	0	|	90.0	0.01(90)	0.01(90)	|	1227	
9354	433	ok	|	0.00	1.00	1.00	0.00	0.00	0	|	rapi	0.00	0.00	0	|	90.0	0.00(90)	0.00(90)	|	1227	
9354	434	fail-0	|	0.00	1.00	1.00	0.00	NaN	0	|	rapi	0.00	0.00	0	|	NaN			|	1227	
