951	0	ok	|	0.09	1.00	1.00	0.10	0.00	0	|	rapi	0.00	0.00	0	|	67.0	0.10(67)		|	1	
951	1	ok	|	0.11	1.00	1.00	0.13	0.00	0	|	rapi	0.00	0.00	0	|	67.0	0.13(67)		|	1	
951	2	ok	|	0.14	1.00	1.00	0.18	0.00	0	|	rapi	0.00	0.00	0	|	67.0	0.18(67)		|	1	
951	3	ok	|	0.18	1.00	1.00	0.22	0.00	0	|	rapi	0.00	0.00	0	|	67.0	0.22(67)		|	1	
951	4	ok	|	0.20	1.00	1.00	0.27	0.00	0	|	rapi	0.00	0.00	0	|	67.0	0.27(67)		|	1	
951	5	ok	|	0.24	1.00	1.00	0.32	0.00	0	|	rapi	0.00	0.00	0	|	67.0	0.32(67)		|	1	
951	6	ok	|	0.29	1.00	1.00	0.40	0.00	0	|	rapi	0.00	0.00	0	|	67.0	0.40(67)		|	1	
951	7	ok	|	0.32	1.00	1.00	0.45	0.00	0	|	rapi	0.00	0.00	0	|	67.0	0.45(67)		|	1	
951	8	ok	|	0.35	0.99	0.99	0.53	0.00	0	|	rapi	0.00	0.00	0	|	67.0	0.53(67)		|	1	
951	9	ok	|	0.40	0.99	0.99	0.64	0.00	0	|	rapi	0.00	0.00	0	|	67.0	0.64(67)		|	1	
951	10	ok	|	0.42	0.99	0.99	0.74	0.00	0	|	rapi	0.00	0.00	0	|	67.0	0.74(67)		|	1	
951	11	ok	|	0.49	0.99	0.99	0.88	0.00	0	|	rapi	0.00	0.00	0	|	67.0	0.88(67)		|	1	
951	12	ok	|	0.55	0.99	0.99	1.00	0.00	0	|	rapi	0.00	0.00	0	|	67.0	1.00(67)		|	1	
951	13	ok	|	0.61	0.99	0.99	1.21	0.00	0	|	rapi	0.00	0.00	0	|	67.0	1.21(67)		|	1	
951	14	ok	|	0.68	0.99	0.99	1.46	0.00	0	|	rapi	0.00	0.00	0	|	67.0	1.46(67)		|	1	
951	15	ok	|	0.74	0.98	0.98	1.78	0.00	0	|	rapi	0.00	0.00	0	|	67.0	1.78(67)		|	1	
951	16	ok	|	0.81	0.98	0.98	2.18	0.00	0	|	rapi	0.00	0.00	0	|	67.0	2.18(67)		|	1	
951	17	ok	|	0.86	0.97	0.97	2.54	0.00	0	|	rapi	0.00	0.00	0	|	67.0	2.54(67)		|	1	
951	18	ok	|	0.90	0.97	0.97	3.08	0.00	0	|	rapi	0.00	0.00	0	|	67.0	3.08(67)		|	1	
951	19	ok	|	0.93	0.96	0.96	3.69	0.00	0	|	rapi	0.00	0.00	0	|	67.0	3.69(67)		|	1	
951	20	ok	|	0.97	0.96	0.96	4.40	0.00	0	|	rapi	0.00	0.00	0	|	67.0	4.40(67)		|	1	
951	21	ok	|	0.99	0.95	0.95	5.21	0.00	0	|	rapi	0.00	0.00	0	|	67.0	5.21(67)		|	1	
951	22	ok	|	0.99	0.94	0.94	6.06	0.00	0	|	rapi	0.00	0.00	0	|	67.0	6.06(67)	0.00(67)	|	1	
951	23	ok	|	1.00	0.93	0.93	7.26	0.00	0	|	rapi	0.00	0.00	0	|	67.0	7.26(67)	0.00(67)	|	1	
951	24	ok	|	1.00	0.92	0.92	8.49	0.00	0	|	rapi	0.00	0.00	0	|	67.0	8.49(67)	0.00(67)	|	1	
951	25	ok	|	1.00	0.90	0.90	9.88	0.00	0	|	rapi	0.01	0.01	0	|	67.0	9.88(67)	0.01(67)	|	1	
951	26	ok	|	1.00	0.88	0.88	11.55	0.00	0	|	rapi	0.01	0.01	0	|	67.0	11.55(67)	0.01(67)	|	1	
951	27	ok	|	1.00	0.86	0.86	13.58	0.00	0	|	rapi	0.01	0.01	0	|	67.0	13.58(67)	0.01(67)	|	1	
951	28	ok	|	1.00	0.84	0.84	15.86	0.00	0	|	rapi	0.00	0.00	0	|	67.0	15.86(67)	0.00(67)	|	1	
951	29	ok	|	1.00	0.81	0.81	18.92	0.00	0	|	rapi	0.00	0.00	0	|	67.0	18.92(67)	0.00(67)	|	1	
951	30	ok	|	1.00	0.78	0.78	22.08	0.00	0	|	rapi	0.00	0.00	0	|	67.0	22.08(67)	0.00(67)	|	1	
951	31	ok	|	1.00	0.74	0.74	25.93	0.00	0	|	rapi	0.00	0.00	0	|	67.0	25.93(67)	0.00(67)	|	1	
951	32	ok	|	1.00	0.70	0.70	30.45	0.00	0	|	rapi	0.00	0.00	0	|	67.0	30.45(67)	0.00(67)	|	1	
951	33	ok	|	1.00	0.65	0.65	35.42	0.00	0	|	rapi	0.00	0.00	0	|	67.0	35.42(67)	0.00(67)	|	1	
951	34	ok	|	1.00	0.59	0.59	41.19	0.00	0	|	rapi	0.01	0.01	0	|	67.0	41.19(67)	0.01(67)	|	1	
951	35	ok	|	1.00	0.52	0.52	48.31	0.00	0	|	rapi	0.01	0.01	0	|	67.0	48.31(67)	0.01(67)	|	1	
951	36	ok	|	1.00	0.43	0.43	56.65	0.00	0	|	rapi	0.01	0.01	0	|	67.0	56.65(67)	0.01(67)	|	1	
951	37	ok	|	1.00	0.34	0.34	66.06	0.00	0	|	rapi	0.01	0.01	0	|	67.0	66.06(67)	0.01(67)	|	1	
951	38	ok	|	1.00	0.25	0.25	75.51	0.00	0	|	rapi	0.01	0.01	0	|	67.0	75.51(67)	0.01(67)	|	1	
951	39	ok	|	1.00	0.15	0.15	85.82	0.00	0	|	rapi	0.01	0.01	0	|	67.0	85.82(67)	0.01(67)	|	1	
951	40	fail-w	|	1.00	0.07	0.07	94.69	0.00	0	|	rapi	0.02	0.02	0	|	67.0	94.69(67)	0.02(67)	|	1	
