9730	0	ok	|	0.10	1.00	1.00	0.10	0.00	0	|	rapi	0.00	0.00	0	|	-74.0	0.10(-74)		|	3	
9730	1	ok	|	0.10	1.00	1.00	0.11	0.00	0	|	rapi	0.00	0.00	0	|	-74.0	0.11(-74)		|	3	
9730	2	ok	|	0.11	1.00	1.00	0.12	0.00	0	|	rapi	0.00	0.00	0	|	-74.0	0.12(-74)		|	3	
9730	3	ok	|	0.11	1.00	1.00	0.14	0.00	0	|	rapi	0.00	0.00	0	|	-74.0	0.14(-74)		|	3	
9730	4	ok	|	0.13	1.00	1.00	0.18	0.00	0	|	rapi	0.00	0.00	0	|	-74.0	0.18(-74)		|	3	
9730	5	ok	|	0.14	1.00	1.00	0.20	0.00	0	|	rapi	0.00	0.00	0	|	-74.0	0.20(-74)		|	3	
9730	6	ok	|	0.17	1.00	1.00	0.25	0.00	0	|	rapi	0.00	0.00	0	|	-74.0	0.25(-74)		|	3	
9730	7	ok	|	0.20	1.00	1.00	0.28	0.00	0	|	rapi	0.00	0.00	0	|	-74.0	0.28(-74)		|	3	
9730	8	ok	|	0.20	1.00	1.00	0.29	0.00	0	|	rapi	0.00	0.00	0	|	-74.0	0.29(-74)		|	3	
9730	9	ok	|	0.23	1.00	1.00	0.33	0.00	0	|	rapi	0.00	0.00	0	|	-74.0	0.33(-74)		|	3	
9730	10	ok	|	0.27	1.00	1.00	0.41	0.00	0	|	rapi	0.00	0.00	0	|	-74.0	0.41(-74)		|	3	
9730	11	ok	|	0.31	1.00	1.00	0.48	0.00	0	|	rapi	0.00	0.00	0	|	-74.0	0.48(-74)		|	3	
9730	12	ok	|	0.36	0.99	0.99	0.55	0.00	0	|	rapi	0.00	0.00	0	|	-74.0	0.55(-74)		|	3	
9730	13	ok	|	0.41	0.99	0.99	0.62	0.00	0	|	rapi	0.00	0.00	0	|	-74.0	0.62(-74)		|	3	
9730	14	ok	|	0.45	0.99	0.99	0.73	0.00	0	|	rapi	0.00	0.00	0	|	-74.0	0.73(-74)		|	3	
9730	15	ok	|	0.49	0.99	0.99	0.82	0.00	0	|	rapi	0.00	0.00	0	|	-74.0	0.82(-74)		|	3	
9730	16	ok	|	0.54	0.99	0.99	0.99	0.00	0	|	rapi	0.00	0.00	0	|	-74.0	0.99(-74)		|	3	
9730	17	ok	|	0.58	0.99	0.99	1.12	0.00	0	|	rapi	0.00	0.00	0	|	-74.0	1.12(-74)		|	3	
9730	18	ok	|	0.63	0.99	0.99	1.26	0.00	0	|	rapi	0.00	0.00	0	|	-74.0	1.26(-74)		|	3	
9730	19	ok	|	0.69	0.99	0.99	1.48	0.00	0	|	rapi	0.00	0.00	0	|	-74.0	1.48(-74)		|	3	
9730	20	ok	|	0.74	0.98	0.98	1.69	0.00	0	|	rapi	0.00	0.00	0	|	-74.0	1.69(-74)		|	3	
9730	21	ok	|	0.81	0.98	0.98	2.11	0.00	0	|	rapi	0.00	0.00	0	|	-74.0	2.11(-74)		|	3	
9730	22	ok	|	0.88	0.97	0.97	2.59	0.00	0	|	rapi	0.00	0.00	0	|	-74.0	2.59(-74)		|	3	
9730	23	ok	|	0.91	0.97	0.97	2.94	0.00	0	|	rapi	0.00	0.00	0	|	-74.0	2.94(-74)		|	3	
9730	24	ok	|	0.94	0.96	0.96	3.56	0.00	0	|	rapi	0.00	0.00	0	|	-74.0	3.56(-74)		|	3	
9730	25	ok	|	0.96	0.96	0.96	4.26	0.00	0	|	rapi	0.00	0.00	0	|	-74.0	4.26(-74)		|	3	
9730	26	ok	|	0.98	0.95	0.95	4.98	0.00	0	|	rapi	0.00	0.00	0	|	-74.0	4.98(-74)		|	3	
9730	27	ok	|	0.99	0.94	0.94	5.80	0.00	0	|	rapi	0.00	0.00	0	|	-74.0	5.80(-74)		|	3	
9730	28	ok	|	0.99	0.93	0.93	6.93	0.00	0	|	rapi	0.00	0.00	0	|	-74.0	6.93(-74)		|	3	
9730	29	ok	|	0.99	0.92	0.92	8.04	0.00	0	|	rapi	0.00	0.00	0	|	-74.0	8.04(-74)		|	3	
9730	30	ok	|	1.00	0.91	0.91	9.24	0.00	0	|	rapi	0.00	0.00	0	|	-74.0	9.24(-74)		|	3	
9730	31	ok	|	1.00	0.89	0.89	11.11	0.00	0	|	rapi	0.00	0.00	0	|	-74.0	11.11(-74)		|	3	
9730	32	ok	|	1.00	0.87	0.87	12.87	0.00	0	|	rapi	0.00	0.00	0	|	-74.0	12.87(-74)		|	3	
9730	33	ok	|	1.00	0.85	0.85	15.01	0.00	0	|	rapi	0.00	0.00	0	|	-74.0	15.01(-74)		|	3	
9730	34	ok	|	1.00	0.83	0.83	17.48	0.00	0	|	rapi	0.00	0.00	0	|	-74.0	17.48(-74)		|	3	
9730	35	ok	|	1.00	0.79	0.79	20.80	0.00	0	|	rapi	0.00	0.00	0	|	-74.0	20.80(-74)		|	3	
9730	36	ok	|	1.00	0.75	0.75	25.07	0.00	0	|	rapi	0.00	0.00	0	|	-74.0	25.07(-74)		|	3	
9730	37	ok	|	1.00	0.71	0.71	29.49	0.00	0	|	rapi	0.00	0.00	0	|	-74.0	29.49(-74)	0.00(-74)	|	3	
9730	38	ok	|	1.00	0.65	0.65	34.51	0.00	0	|	rapi	0.00	0.00	0	|	-74.0	34.51(-74)		|	3	
9730	39	ok	|	1.00	0.60	0.60	39.65	0.00	0	|	rapi	0.00	0.00	0	|	-74.0	39.65(-74)		|	3	
9730	40	ok	|	1.00	0.54	0.54	46.43	0.00	0	|	rapi	0.00	0.00	0	|	-74.0	46.43(-74)		|	3	
9730	41	ok	|	1.00	0.47	0.47	53.45	0.00	0	|	rapi	0.00	0.00	0	|	-74.0	53.45(-74)	0.00(-74)	|	3	
9730	42	ok	|	1.00	0.38	0.38	62.01	0.00	0	|	rapi	0.00	0.00	0	|	-74.0	62.01(-74)	0.00(-74)	|	3	
9730	43	ok	|	1.00	0.29	0.29	70.91	0.00	0	|	rapi	0.00	0.00	0	|	-74.0	70.91(-74)		|	3	
9730	44	ok	|	1.00	0.19	0.19	80.72	0.00	0	|	rapi	0.00	0.00	0	|	-74.0	80.72(-74)	0.00(-74)	|	3	
9730	45	ok	|	1.00	0.10	0.10	90.77	0.00	0	|	rapi	0.00	0.00	0	|	-74.0	90.77(-74)	0.00(-74)	|	3	
9730	46	fail-w	|	1.00	0.05	0.05	98.27	0.00	0	|	rapi	0.00	0.00	0	|	-74.0	98.27(-74)	0.00(-74)	|	3	
