9800	0	ok	|	0.10	1.00	1.00	0.10	0.00	0	|	rapi	0.00	0.00	0	|	13.0	0.10(13)		|	3	
9800	1	ok	|	0.11	1.00	1.00	0.12	0.00	0	|	rapi	0.00	0.00	0	|	13.0	0.12(13)		|	3	
9800	2	ok	|	0.12	1.00	1.00	0.15	0.00	0	|	rapi	0.00	0.00	0	|	13.0	0.15(13)		|	3	
9800	3	ok	|	0.12	1.00	1.00	0.15	0.00	0	|	rapi	0.00	0.00	0	|	13.0	0.15(13)		|	3	
9800	4	ok	|	0.13	1.00	1.00	0.18	0.00	0	|	rapi	0.00	0.00	0	|	13.0	0.18(13)		|	3	
9800	5	ok	|	0.16	1.00	1.00	0.22	0.00	0	|	rapi	0.00	0.00	0	|	13.0	0.22(13)		|	3	
9800	6	ok	|	0.17	1.00	1.00	0.23	0.00	0	|	rapi	0.00	0.00	0	|	13.0	0.23(13)		|	3	
9800	7	ok	|	0.19	1.00	1.00	0.25	0.00	0	|	rapi	0.00	0.00	0	|	13.0	0.25(13)		|	3	
9800	8	ok	|	0.21	1.00	1.00	0.29	0.00	0	|	rapi	0.00	0.00	0	|	13.0	0.29(13)		|	3	
9800	9	ok	|	0.24	1.00	1.00	0.36	0.00	0	|	rapi	0.00	0.00	0	|	13.0	0.36(13)		|	3	
9800	10	ok	|	0.28	1.00	1.00	0.43	0.00	0	|	rapi	0.00	0.00	0	|	13.0	0.43(13)		|	3	
9800	11	ok	|	0.31	1.00	1.00	0.47	0.00	0	|	rapi	0.00	0.00	0	|	13.0	0.47(13)		|	3	
9800	12	ok	|	0.35	0.99	0.99	0.55	0.00	0	|	rapi	0.00	0.00	0	|	13.0	0.55(13)		|	3	
9800	13	ok	|	0.36	0.99	0.99	0.61	0.00	0	|	rapi	0.00	0.00	0	|	13.0	0.61(13)		|	3	
9800	14	ok	|	0.40	0.99	0.99	0.74	0.00	0	|	rapi	0.00	0.00	0	|	13.0	0.74(13)		|	3	
9800	15	ok	|	0.46	0.99	0.99	0.87	0.00	0	|	rapi	0.00	0.00	0	|	13.0	0.87(13)		|	3	
9800	16	ok	|	0.52	0.99	0.99	0.98	0.00	0	|	rapi	0.00	0.00	0	|	13.0	0.98(13)		|	3	
9800	17	ok	|	0.56	0.99	0.99	1.10	0.00	0	|	rapi	0.00	0.00	0	|	13.0	1.10(13)		|	3	
9800	18	ok	|	0.62	0.99	0.99	1.24	0.00	0	|	rapi	0.00	0.00	0	|	13.0	1.24(13)		|	3	
9800	19	ok	|	0.71	0.98	0.98	1.53	0.00	0	|	rapi	0.00	0.00	0	|	13.0	1.53(13)		|	3	
9800	20	ok	|	0.77	0.98	0.98	1.83	0.00	0	|	rapi	0.00	0.00	0	|	13.0	1.83(13)		|	3	
9800	21	ok	|	0.84	0.98	0.98	2.18	0.00	0	|	rapi	0.00	0.00	0	|	13.0	2.18(13)		|	3	
9800	22	ok	|	0.86	0.97	0.97	2.56	0.00	0	|	rapi	0.00	0.00	0	|	13.0	2.56(13)		|	3	
9800	23	ok	|	0.91	0.97	0.97	3.06	0.00	0	|	rapi	0.00	0.00	0	|	13.0	3.06(13)		|	3	
9800	24	ok	|	0.94	0.97	0.97	3.46	0.00	0	|	rapi	0.00	0.00	0	|	13.0	3.46(13)		|	3	
9800	25	ok	|	0.97	0.96	0.96	4.11	0.00	0	|	rapi	0.00	0.00	0	|	13.0	4.11(13)		|	3	
9800	26	ok	|	0.98	0.95	0.95	4.83	0.00	0	|	rapi	0.00	0.00	0	|	13.0	4.83(13)	0.00(13)	|	3	
9800	27	ok	|	0.98	0.94	0.94	5.67	0.00	0	|	rapi	0.00	0.00	0	|	13.0	5.67(13)	0.00(13)	|	3	
9800	28	ok	|	0.99	0.93	0.93	6.85	0.00	0	|	rapi	0.01	0.01	0	|	13.0	6.85(13)	0.01(13)	|	3	
9800	29	ok	|	1.00	0.92	0.92	8.07	0.00	0	|	rapi	0.01	0.01	0	|	13.0	8.07(13)	0.01(13)	|	3	
9800	30	ok	|	1.00	0.91	0.91	9.22	0.00	0	|	rapi	0.01	0.01	0	|	13.0	9.22(13)	0.01(13)	|	3	
9800	31	ok	|	1.00	0.89	0.89	10.98	0.00	0	|	rapi	0.01	0.01	0	|	13.0	10.98(13)	0.01(13)	|	3	
9800	32	ok	|	1.00	0.87	0.87	12.85	0.00	0	|	rapi	0.01	0.01	0	|	13.0	12.85(13)	0.01(13)	|	3	
9800	33	ok	|	1.00	0.85	0.85	15.19	0.00	0	|	rapi	0.01	0.01	0	|	13.0	15.19(13)	0.01(13)	|	3	
9800	34	ok	|	1.00	0.82	0.82	17.66	0.00	0	|	rapi	0.01	0.01	0	|	13.0	17.66(13)	0.01(13)	|	3	
9800	35	ok	|	1.00	0.79	0.79	20.66	0.00	0	|	rapi	0.01	0.01	0	|	13.0	20.66(13)	0.01(13)	|	3	
9800	36	ok	|	1.00	0.76	0.76	24.23	0.00	0	|	rapi	0.02	0.02	0	|	13.0	24.23(13)	0.02(13)	|	3	
9800	37	ok	|	1.00	0.72	0.72	28.25	0.00	0	|	rapi	0.02	0.02	0	|	13.0	28.25(13)	0.02(13)	|	3	
9800	38	ok	|	1.00	0.67	0.67	32.81	0.00	0	|	rapi	0.02	0.02	0	|	13.0	32.81(13)	0.02(13)	|	3	
9800	39	ok	|	1.00	0.61	0.61	38.59	0.00	0	|	rapi	0.03	0.03	0	|	13.0	38.59(13)	0.03(13)	|	3	
9800	40	ok	|	1.00	0.55	0.55	44.67	0.00	0	|	rapi	0.03	0.04	0	|	13.0	44.67(13)	0.04(13)	|	3	
9800	41	ok	|	1.00	0.48	0.48	51.84	0.00	0	|	rapi	0.04	0.04	0	|	13.0	51.84(13)	0.04(13)	|	3	
9800	42	ok	|	1.00	0.40	0.40	59.55	0.00	0	|	rapi	0.04	0.05	0	|	13.0	59.55(13)	0.05(13)	|	3	
9800	43	ok	|	1.00	0.31	0.31	68.73	0.00	0	|	rapi	0.04	0.05	0	|	13.0	68.73(13)	0.05(13)	|	3	
9800	44	ok	|	1.00	0.23	0.23	77.32	0.00	0	|	rapi	0.06	0.07	0	|	13.0	77.32(13)	0.07(13)	|	3	
9800	45	ok	|	1.00	0.15	0.15	85.65	0.00	0	|	rapi	0.07	0.07	0	|	13.0	85.65(13)	0.07(13)	|	3	
9800	46	ok	|	1.00	0.10	0.10	91.76	0.00	0	|	rapi	0.12	0.13	0	|	13.0	91.76(13)	0.13(13)	|	3	
9800	47	fail-w	|	1.00	0.08	0.08	94.63	0.00	0	|	rapi	0.24	0.26	0	|	13.0	94.63(13)	0.26(13)	|	3	
