9819	0	ok	|	0.10	1.00	1.00	0.10	0.00	0	|	rapi	0.00	0.00	0	|	0.0	0.10(0)		|	1	
9819	1	ok	|	0.09	1.00	1.00	0.10	0.00	0	|	rapi	0.00	0.00	0	|	0.0	0.10(0)		|	1	
9819	2	ok	|	0.10	1.00	1.00	0.12	0.00	0	|	rapi	0.00	0.00	0	|	0.0	0.12(0)		|	1	
9819	3	ok	|	0.12	1.00	1.00	0.17	0.00	0	|	rapi	0.00	0.00	0	|	0.0	0.17(0)		|	1	
9819	4	ok	|	0.13	1.00	1.00	0.17	0.00	0	|	rapi	0.00	0.00	0	|	0.0	0.17(0)		|	1	
9819	5	ok	|	0.15	1.00	1.00	0.20	0.00	0	|	rapi	0.00	0.00	0	|	0.0	0.20(0)		|	1	
9819	6	ok	|	0.18	1.00	1.00	0.23	0.00	0	|	rapi	0.00	0.00	0	|	0.0	0.23(0)		|	1	
9819	7	ok	|	0.21	1.00	1.00	0.28	0.00	0	|	rapi	0.00	0.00	0	|	0.0	0.28(0)		|	1	
9819	8	ok	|	0.25	1.00	1.00	0.36	0.00	0	|	rapi	0.00	0.00	0	|	0.0	0.36(0)		|	1	
9819	9	ok	|	0.28	1.00	1.00	0.42	0.00	0	|	rapi	0.00	0.00	0	|	0.0	0.42(0)		|	1	
9819	10	ok	|	0.34	0.99	0.99	0.54	0.00	0	|	rapi	0.00	0.00	0	|	0.0	0.54(0)		|	1	
9819	11	ok	|	0.41	0.99	0.99	0.69	0.00	0	|	rapi	0.00	0.00	0	|	0.0	0.69(0)		|	1	
9819	12	ok	|	0.49	0.99	0.99	0.85	0.00	0	|	rapi	0.00	0.00	0	|	0.0	0.85(0)		|	1	
9819	13	ok	|	0.53	0.99	0.99	0.97	0.00	0	|	rapi	0.00	0.00	0	|	0.0	0.97(0)		|	1	
9819	14	ok	|	0.61	0.99	0.99	1.18	0.00	0	|	rapi	0.00	0.00	0	|	0.0	1.18(0)		|	1	
9819	15	ok	|	0.67	0.99	0.99	1.33	0.00	0	|	rapi	0.00	0.00	0	|	0.0	1.33(0)		|	1	
9819	16	ok	|	0.72	0.98	0.98	1.56	0.00	0	|	rapi	0.00	0.00	0	|	0.0	1.56(0)		|	1	
9819	17	ok	|	0.76	0.98	0.98	1.76	0.00	0	|	rapi	0.00	0.00	0	|	0.0	1.76(0)		|	1	
9819	18	ok	|	0.81	0.98	0.98	2.10	0.00	0	|	rapi	0.00	0.00	0	|	0.0	2.10(0)		|	1	
9819	19	ok	|	0.87	0.97	0.97	2.58	0.00	0	|	rapi	0.00	0.00	0	|	0.0	2.58(0)		|	1	
9819	20	ok	|	0.91	0.97	0.97	3.10	0.00	0	|	rapi	0.00	0.00	0	|	0.0	3.10(0)		|	1	
9819	21	ok	|	0.94	0.96	0.96	3.56	0.00	0	|	rapi	0.00	0.00	0	|	0.0	3.56(0)		|	1	
9819	22	ok	|	0.95	0.96	0.96	4.19	0.00	0	|	rapi	0.00	0.00	0	|	0.0	4.19(0)		|	1	
9819	23	ok	|	0.97	0.95	0.95	4.90	0.00	0	|	rapi	0.00	0.00	0	|	0.0	4.90(0)		|	1	
9819	24	ok	|	0.98	0.94	0.94	5.82	0.00	0	|	rapi	0.00	0.00	0	|	0.0	5.82(0)		|	1	
9819	25	ok	|	0.99	0.93	0.93	6.80	0.00	0	|	rapi	0.00	0.00	0	|	0.0	6.80(0)		|	1	
9819	26	ok	|	1.00	0.92	0.92	8.04	0.00	0	|	rapi	0.00	0.00	0	|	0.0	8.04(0)		|	1	
9819	27	ok	|	1.00	0.91	0.91	9.41	0.00	0	|	rapi	0.00	0.00	0	|	0.0	9.41(0)		|	1	
9819	28	ok	|	1.00	0.89	0.89	11.13	0.00	0	|	rapi	0.00	0.00	0	|	0.0	11.13(0)		|	1	
9819	29	ok	|	1.00	0.87	0.87	13.12	0.00	0	|	rapi	0.00	0.00	0	|	0.0	13.12(0)		|	1	
9819	30	ok	|	1.00	0.84	0.84	15.56	0.00	0	|	rapi	0.00	0.00	0	|	0.0	15.56(0)		|	1	
9819	31	ok	|	1.00	0.82	0.82	18.50	0.00	0	|	rapi	0.00	0.00	0	|	0.0	18.50(0)		|	1	
9819	32	ok	|	1.00	0.78	0.78	21.84	0.00	0	|	rapi	0.00	0.00	0	|	0.0	21.84(0)		|	1	
9819	33	ok	|	1.00	0.75	0.75	25.27	0.00	0	|	rapi	0.00	0.00	0	|	0.0	25.27(0)	0.00(0)	|	1	
9819	34	ok	|	1.00	0.70	0.70	29.55	0.00	0	|	rapi	0.00	0.00	0	|	0.0	29.55(0)	0.00(0)	|	1	
9819	35	ok	|	1.00	0.66	0.66	34.44	0.00	0	|	rapi	0.00	0.00	0	|	0.0	34.44(0)	0.00(0)	|	1	
9819	36	ok	|	1.00	0.60	0.60	40.16	0.00	0	|	rapi	0.00	0.00	0	|	0.0	40.16(0)	0.00(0)	|	1	
9819	37	ok	|	1.00	0.53	0.53	46.94	0.00	0	|	rapi	0.00	0.00	0	|	0.0	46.94(0)	0.00(0)	|	1	
9819	38	ok	|	1.00	0.46	0.46	54.08	0.00	0	|	rapi	0.00	0.00	0	|	0.0	54.08(0)	0.00(0)	|	1	
9819	39	ok	|	1.00	0.37	0.37	63.16	0.00	0	|	rapi	0.00	0.00	0	|	0.0	63.16(0)	0.00(0)	|	1	
9819	40	ok	|	1.00	0.27	0.27	72.53	0.00	0	|	rapi	0.01	0.01	0	|	0.0	72.53(0)	0.01(0)	|	1	
9819	41	ok	|	1.00	0.18	0.18	82.36	0.00	0	|	rapi	0.01	0.01	0	|	0.0	82.36(0)	0.01(0)	|	1	
9819	42	fail-w	|	1.00	0.10	0.10	91.35	0.00	0	|	rapi	0.01	0.01	0	|	0.0	91.35(0)	0.01(0)	|	1	
