9820	0	ok	|	0.09	1.00	1.00	0.10	0.00	0	|	rapi	0.00	0.00	0	|	-78.0	0.10(-78)		|	11	
9820	1	ok	|	0.09	1.00	1.00	0.10	0.00	0	|	rapi	0.00	0.00	0	|	-78.0	0.10(-78)		|	11	
9820	2	ok	|	0.11	1.00	1.00	0.14	0.00	0	|	rapi	0.00	0.00	0	|	-78.0	0.14(-78)		|	11	
9820	3	ok	|	0.12	1.00	1.00	0.14	0.00	0	|	rapi	0.00	0.00	0	|	-78.0	0.14(-78)		|	11	
9820	4	ok	|	0.13	1.00	1.00	0.15	0.00	0	|	rapi	0.00	0.00	0	|	-78.0	0.15(-78)		|	11	
9820	5	ok	|	0.14	1.00	1.00	0.17	0.00	0	|	rapi	0.00	0.00	0	|	-78.0	0.17(-78)		|	11	
9820	6	ok	|	0.15	1.00	1.00	0.19	0.00	0	|	rapi	0.00	0.00	0	|	-78.0	0.19(-78)		|	11	
9820	7	ok	|	0.18	1.00	1.00	0.24	0.00	0	|	rapi	0.00	0.00	0	|	-78.0	0.24(-78)		|	11	
9820	8	ok	|	0.20	1.00	1.00	0.30	0.00	0	|	rapi	0.00	0.00	0	|	-78.0	0.30(-78)		|	11	
9820	9	ok	|	0.23	1.00	1.00	0.35	0.00	0	|	rapi	0.00	0.00	0	|	-78.0	0.35(-78)		|	11	
9820	10	ok	|	0.28	1.00	1.00	0.40	0.00	0	|	rapi	0.00	0.00	0	|	-78.0	0.40(-78)		|	11	
9820	11	ok	|	0.32	1.00	1.00	0.48	0.00	0	|	rapi	0.00	0.00	0	|	-78.0	0.48(-78)		|	11	
9820	12	ok	|	0.37	0.99	0.99	0.58	0.00	0	|	rapi	0.00	0.00	0	|	-78.0	0.58(-78)		|	11	
9820	13	ok	|	0.43	0.99	0.99	0.69	0.00	0	|	rapi	0.00	0.00	0	|	-78.0	0.69(-78)		|	11	
9820	14	ok	|	0.51	0.99	0.99	0.87	0.00	0	|	rapi	0.00	0.00	0	|	-78.0	0.87(-78)		|	11	
9820	15	ok	|	0.57	0.99	0.99	1.08	0.00	0	|	rapi	0.00	0.00	0	|	-78.0	1.08(-78)		|	11	
9820	16	ok	|	0.63	0.99	0.99	1.28	0.00	0	|	rapi	0.00	0.00	0	|	-78.0	1.28(-78)		|	11	
9820	17	ok	|	0.69	0.98	0.98	1.51	0.00	0	|	rapi	0.00	0.00	0	|	-78.0	1.51(-78)		|	11	
9820	18	ok	|	0.74	0.98	0.98	1.76	0.00	0	|	rapi	0.00	0.00	0	|	-78.0	1.76(-78)		|	11	
9820	19	ok	|	0.78	0.98	0.98	2.05	0.00	0	|	rapi	0.00	0.00	0	|	-78.0	2.05(-78)		|	11	
9820	20	ok	|	0.84	0.98	0.98	2.42	0.00	0	|	rapi	0.00	0.00	0	|	-78.0	2.42(-78)		|	11	
9820	21	ok	|	0.89	0.97	0.97	2.99	0.00	0	|	rapi	0.00	0.00	0	|	-78.0	2.99(-78)		|	11	
9820	22	ok	|	0.90	0.97	0.97	3.46	0.00	0	|	rapi	0.00	0.00	0	|	-78.0	3.46(-78)		|	11	
9820	23	ok	|	0.95	0.96	0.96	4.08	0.00	0	|	rapi	0.00	0.00	0	|	-78.0	4.08(-78)		|	11	
9820	24	ok	|	0.97	0.95	0.95	4.96	0.00	0	|	rapi	0.00	0.00	0	|	-78.0	4.96(-78)		|	11	
9820	25	ok	|	0.99	0.94	0.94	5.61	0.00	0	|	rapi	0.00	0.00	0	|	-78.0	5.61(-78)		|	11	
9820	26	ok	|	0.99	0.93	0.93	6.61	0.00	0	|	rapi	0.00	0.00	0	|	-78.0	6.61(-78)		|	11	
9820	27	ok	|	1.00	0.92	0.92	7.78	0.00	0	|	rapi	0.00	0.00	0	|	-78.0	7.78(-78)		|	11	
9820	28	ok	|	1.00	0.91	0.91	8.99	0.00	0	|	rapi	0.00	0.00	0	|	-78.0	8.99(-78)		|	11	
9820	29	ok	|	1.00	0.89	0.89	10.80	0.00	0	|	rapi	0.00	0.00	0	|	-78.0	10.80(-78)		|	11	
9820	30	ok	|	1.00	0.87	0.87	12.80	0.00	0	|	rapi	0.00	0.00	0	|	-78.0	12.80(-78)		|	11	
9820	31	ok	|	1.00	0.85	0.85	15.06	0.00	0	|	rapi	0.00	0.00	0	|	-78.0	15.06(-78)		|	11	
9820	32	ok	|	1.00	0.82	0.82	17.68	0.00	0	|	rapi	0.00	0.00	0	|	-78.0	17.68(-78)	0.00(-78)	|	11	
9820	33	ok	|	1.00	0.79	0.79	20.85	0.00	0	|	rapi	0.00	0.00	0	|	-78.0	20.85(-78)	0.00(-78)	|	11	
9820	34	ok	|	1.00	0.76	0.76	24.47	0.00	0	|	rapi	0.00	0.00	0	|	-78.0	24.47(-78)	0.00(-78)	|	11	
9820	35	ok	|	1.00	0.72	0.72	28.49	0.00	0	|	rapi	0.00	0.00	0	|	-78.0	28.49(-78)	0.00(-78)	|	11	
9820	36	ok	|	1.00	0.67	0.67	33.39	0.00	0	|	rapi	0.00	0.00	0	|	-78.0	33.39(-78)	0.00(-78)	|	11	
9820	37	ok	|	1.00	0.61	0.61	39.07	0.00	0	|	rapi	0.00	0.00	0	|	-78.0	39.07(-78)		|	11	
9820	38	ok	|	1.00	0.54	0.54	45.72	0.00	0	|	rapi	0.00	0.00	0	|	-78.0	45.72(-78)		|	11	
9820	39	ok	|	1.00	0.47	0.47	53.17	0.00	0	|	rapi	0.00	0.00	0	|	-78.0	53.17(-78)	0.00(-78)	|	11	
9820	40	ok	|	1.00	0.38	0.38	62.24	0.00	0	|	rapi	0.01	0.01	0	|	-78.0	62.24(-78)	0.01(-78)	|	11	
9820	41	ok	|	1.00	0.29	0.29	71.31	0.00	0	|	rapi	0.01	0.01	0	|	-78.0	71.31(-78)	0.01(-78)	|	11	
9820	42	ok	|	1.00	0.19	0.19	81.20	0.00	0	|	rapi	0.01	0.01	0	|	-78.0	81.20(-78)	0.01(-78)	|	11	
9820	43	ok	|	1.00	0.11	0.11	90.32	0.00	0	|	rapi	0.03	0.03	0	|	-78.0	90.32(-78)	0.03(-78)	|	11	
9820	44	fail-w	|	1.00	0.06	0.06	96.85	0.00	0	|	rapi	0.07	0.07	0	|	-78.0	96.85(-78)	0.07(-78)	|	11	
