9858	0	ok	|	0.10	1.00	1.00	0.10	0.00	0	|	rapi	0.00	0.00	0	|	-93.0	0.10(-93)		|	2	
9858	1	ok	|	0.10	1.00	1.00	0.11	0.00	0	|	rapi	0.00	0.00	0	|	-93.0	0.11(-93)		|	2	
9858	2	ok	|	0.11	1.00	1.00	0.13	0.00	0	|	rapi	0.00	0.00	0	|	-93.0	0.13(-93)		|	2	
9858	3	ok	|	0.15	1.00	1.00	0.19	0.00	0	|	rapi	0.00	0.00	0	|	-93.0	0.19(-93)		|	2	
9858	4	ok	|	0.17	1.00	1.00	0.23	0.00	0	|	rapi	0.00	0.00	0	|	-93.0	0.23(-93)		|	2	
9858	5	ok	|	0.20	1.00	1.00	0.26	0.00	0	|	rapi	0.00	0.00	0	|	-93.0	0.26(-93)		|	2	
9858	6	ok	|	0.20	1.00	1.00	0.27	0.00	0	|	rapi	0.00	0.00	0	|	-93.0	0.27(-93)		|	2	
9858	7	ok	|	0.21	1.00	1.00	0.29	0.00	0	|	rapi	0.00	0.00	0	|	-93.0	0.29(-93)		|	2	
9858	8	ok	|	0.21	1.00	1.00	0.31	0.00	0	|	rapi	0.00	0.00	0	|	-93.0	0.31(-93)		|	2	
9858	9	ok	|	0.27	1.00	1.00	0.39	0.00	0	|	rapi	0.00	0.00	0	|	-93.0	0.39(-93)		|	2	
9858	10	ok	|	0.27	1.00	1.00	0.43	0.00	0	|	rapi	0.00	0.00	0	|	-93.0	0.43(-93)		|	2	
9858	11	ok	|	0.31	1.00	1.00	0.49	0.00	0	|	rapi	0.00	0.00	0	|	-93.0	0.49(-93)		|	2	
9858	12	ok	|	0.35	0.99	0.99	0.56	0.00	0	|	rapi	0.00	0.00	0	|	-93.0	0.56(-93)		|	2	
9858	13	ok	|	0.40	0.99	0.99	0.63	0.00	0	|	rapi	0.00	0.00	0	|	-93.0	0.63(-93)		|	2	
9858	14	ok	|	0.46	0.99	0.99	0.79	0.00	0	|	rapi	0.00	0.00	0	|	-93.0	0.79(-93)		|	2	
9858	15	ok	|	0.53	0.99	0.99	0.99	0.00	0	|	rapi	0.00	0.00	0	|	-93.0	0.99(-93)		|	2	
9858	16	ok	|	0.58	0.99	0.99	1.15	0.00	0	|	rapi	0.00	0.00	0	|	-93.0	1.15(-93)		|	2	
9858	17	ok	|	0.65	0.99	0.99	1.45	0.00	0	|	rapi	0.00	0.00	0	|	-93.0	1.45(-93)		|	2	
9858	18	ok	|	0.73	0.98	0.98	1.80	0.00	0	|	rapi	0.00	0.00	0	|	-93.0	1.80(-93)		|	2	
9858	19	ok	|	0.78	0.98	0.98	2.12	0.00	0	|	rapi	0.00	0.00	0	|	-93.0	2.12(-93)		|	2	
9858	20	ok	|	0.85	0.97	0.97	2.64	0.00	0	|	rapi	0.00	0.00	0	|	-93.0	2.64(-93)		|	2	
9858	21	ok	|	0.91	0.97	0.97	3.16	0.00	0	|	rapi	0.00	0.00	0	|	-93.0	3.16(-93)		|	2	
9858	22	ok	|	0.94	0.96	0.96	3.71	0.00	0	|	rapi	0.00	0.00	0	|	-93.0	3.71(-93)		|	2	
9858	23	ok	|	0.97	0.96	0.96	4.46	0.00	0	|	rapi	0.00	0.00	0	|	-93.0	4.46(-93)		|	2	
9858	24	ok	|	0.98	0.95	0.95	5.35	0.00	0	|	rapi	0.00	0.00	0	|	-93.0	5.35(-93)		|	2	
9858	25	ok	|	0.99	0.94	0.94	6.30	0.00	0	|	rapi	0.00	0.00	0	|	-93.0	6.30(-93)		|	2	
9858	26	ok	|	0.99	0.93	0.93	7.50	0.00	0	|	rapi	0.00	0.00	0	|	-93.0	7.50(-93)		|	2	
9858	27	ok	|	1.00	0.91	0.91	8.93	0.00	0	|	rapi	0.00	0.00	0	|	-93.0	8.93(-93)		|	2	
9858	28	ok	|	1.00	0.90	0.90	10.49	0.00	0	|	rapi	0.00	0.00	0	|	-93.0	10.49(-93)		|	2	
9858	29	ok	|	1.00	0.88	0.88	12.28	0.00	0	|	rapi	0.00	0.00	0	|	-93.0	12.28(-93)		|	2	
9858	30	ok	|	1.00	0.86	0.86	14.31	0.00	0	|	rapi	0.00	0.00	0	|	-93.0	14.31(-93)		|	2	
9858	31	ok	|	1.00	0.83	0.83	16.93	0.00	0	|	rapi	0.00	0.00	0	|	-93.0	16.93(-93)		|	2	
9858	32	ok	|	1.00	0.80	0.80	20.05	0.00	0	|	rapi	0.00	0.00	0	|	-93.0	20.05(-93)		|	2	
9858	33	ok	|	1.00	0.77	0.77	23.50	0.00	0	|	rapi	0.00	0.00	0	|	-93.0	23.50(-93)		|	2	
9858	34	ok	|	1.00	0.72	0.72	27.63	0.00	0	|	rapi	0.00	0.00	0	|	-93.0	27.63(-93)		|	2	
9858	35	ok	|	1.00	0.68	0.68	32.38	0.00	0	|	rapi	0.00	0.00	0	|	-93.0	32.38(-93)		|	2	
9858	36	ok	|	1.00	0.62	0.62	37.81	0.00	0	|	rapi	0.00	0.00	0	|	-93.0	37.81(-93)		|	2	
9858	37	ok	|	1.00	0.56	0.56	44.41	0.00	0	|	rapi	0.00	0.00	0	|	-93.0	44.41(-93)		|	2	
9858	38	ok	|	1.00	0.48	0.48	52.06	0.00	0	|	rapi	0.00	0.00	0	|	-93.0	52.06(-93)		|	2	
9858	39	ok	|	1.00	0.39	0.39	60.74	0.00	0	|	rapi	0.00	0.00	0	|	-93.0	60.74(-93)		|	2	
9858	40	ok	|	1.00	0.29	0.29	70.65	0.00	0	|	rapi	0.00	0.00	0	|	-93.0	70.65(-93)		|	2	
9858	41	ok	|	1.00	0.20	0.20	79.85	0.00	0	|	rapi	0.00	0.00	0	|	-93.0	79.85(-93)		|	2	
9858	42	ok	|	1.00	0.12	0.12	89.04	0.00	0	|	rapi	0.00	0.00	0	|	-93.0	89.04(-93)		|	2	
9858	43	fail-w	|	1.00	0.06	0.06	96.91	0.00	0	|	rapi	0.00	0.00	0	|	-93.0	96.91(-93)	0.00(-93)	|	2	
