9922	0	ok	|	0.10	1.00	1.00	0.10	0.00	0	|	rapi	0.00	0.00	0	|	-29.0	0.10(-29)		|	1	
9922	1	ok	|	0.09	1.00	1.00	0.11	0.00	0	|	rapi	0.00	0.00	0	|	-29.0	0.11(-29)		|	1	
9922	2	ok	|	0.12	1.00	1.00	0.14	0.00	0	|	rapi	0.00	0.00	0	|	-29.0	0.14(-29)		|	1	
9922	3	ok	|	0.12	1.00	1.00	0.16	0.00	0	|	rapi	0.00	0.00	0	|	-29.0	0.16(-29)		|	1	
9922	4	ok	|	0.14	1.00	1.00	0.17	0.00	0	|	rapi	0.00	0.00	0	|	-29.0	0.17(-29)		|	1	
9922	5	ok	|	0.18	1.00	1.00	0.22	0.00	0	|	rapi	0.00	0.00	0	|	-29.0	0.22(-29)		|	1	
9922	6	ok	|	0.21	1.00	1.00	0.28	0.00	0	|	rapi	0.00	0.00	0	|	-29.0	0.28(-29)		|	1	
9922	7	ok	|	0.24	1.00	1.00	0.34	0.00	0	|	rapi	0.00	0.00	0	|	-29.0	0.34(-29)		|	1	
9922	8	ok	|	0.28	1.00	1.00	0.37	0.00	0	|	rapi	0.00	0.00	0	|	-29.0	0.37(-29)		|	1	
9922	9	ok	|	0.30	1.00	1.00	0.43	0.00	0	|	rapi	0.00	0.00	0	|	-29.0	0.43(-29)		|	1	
9922	10	ok	|	0.34	0.99	0.99	0.52	0.00	0	|	rapi	0.00	0.00	0	|	-29.0	0.52(-29)		|	1	
9922	11	ok	|	0.42	0.99	0.99	0.70	0.00	0	|	rapi	0.00	0.00	0	|	-29.0	0.70(-29)		|	1	
9922	12	ok	|	0.47	0.99	0.99	0.83	0.00	0	|	rapi	0.00	0.00	0	|	-29.0	0.83(-29)		|	1	
9922	13	ok	|	0.53	0.99	0.99	0.99	0.00	0	|	rapi	0.00	0.00	0	|	-29.0	0.99(-29)		|	1	
9922	14	ok	|	0.60	0.99	0.99	1.19	0.00	0	|	rapi	0.00	0.00	0	|	-29.0	1.19(-29)		|	1	
9922	15	ok	|	0.66	0.99	0.99	1.34	0.00	0	|	rapi	0.00	0.00	0	|	-29.0	1.34(-29)		|	1	
9922	16	ok	|	0.70	0.98	0.98	1.58	0.00	0	|	rapi	0.00	0.00	0	|	-29.0	1.58(-29)		|	1	
9922	17	ok	|	0.77	0.98	0.98	1.85	0.00	0	|	rapi	0.00	0.00	0	|	-29.0	1.85(-29)		|	1	
9922	18	ok	|	0.83	0.98	0.98	2.19	0.00	0	|	rapi	0.00	0.00	0	|	-29.0	2.19(-29)		|	1	
9922	19	ok	|	0.88	0.97	0.97	2.58	0.00	0	|	rapi	0.00	0.00	0	|	-29.0	2.58(-29)		|	1	
9922	20	ok	|	0.92	0.97	0.97	3.13	0.00	0	|	rapi	0.00	0.00	0	|	-29.0	3.13(-29)		|	1	
9922	21	ok	|	0.94	0.96	0.96	3.66	0.00	0	|	rapi	0.00	0.00	0	|	-29.0	3.66(-29)		|	1	
9922	22	ok	|	0.97	0.96	0.96	4.48	0.00	0	|	rapi	0.00	0.00	0	|	-29.0	4.48(-29)		|	1	
9922	23	ok	|	0.99	0.95	0.95	5.31	0.00	0	|	rapi	0.00	0.00	0	|	-29.0	5.31(-29)		|	1	
9922	24	ok	|	0.99	0.94	0.94	6.19	0.00	0	|	rapi	0.00	0.00	0	|	-29.0	6.19(-29)		|	1	
9922	25	ok	|	1.00	0.93	0.93	7.38	0.00	0	|	rapi	0.00	0.00	0	|	-29.0	7.38(-29)		|	1	
9922	26	ok	|	1.00	0.91	0.91	8.65	0.00	0	|	rapi	0.00	0.00	0	|	-29.0	8.65(-29)		|	1	
9922	27	ok	|	1.00	0.90	0.90	10.19	0.00	0	|	rapi	0.00	0.00	0	|	-29.0	10.19(-29)		|	1	
9922	28	ok	|	1.00	0.88	0.88	12.21	0.00	0	|	rapi	0.00	0.00	0	|	-29.0	12.21(-29)		|	1	
9922	29	ok	|	1.00	0.86	0.86	14.26	0.00	0	|	rapi	0.00	0.00	0	|	-29.0	14.26(-29)	0.00(-29)	|	1	
9922	30	ok	|	1.00	0.83	0.83	16.56	0.00	0	|	rapi	0.00	0.00	0	|	-29.0	16.56(-29)	0.00(-29)	|	1	
9922	31	ok	|	1.00	0.81	0.81	19.38	0.00	0	|	rapi	0.00	0.00	0	|	-29.0	19.38(-29)	0.00(-29)	|	1	
9922	32	ok	|	1.00	0.77	0.77	23.19	0.00	0	|	rapi	0.01	0.01	0	|	-29.0	23.19(-29)	0.01(-29)	|	1	
9922	33	ok	|	1.00	0.73	0.73	27.30	0.00	0	|	rapi	0.01	0.01	0	|	-29.0	27.30(-29)	0.01(-29)	|	1	
9922	34	ok	|	1.00	0.68	0.68	32.01	0.00	0	|	rapi	0.01	0.01	0	|	-29.0	32.01(-29)	0.01(-29)	|	1	
9922	35	ok	|	1.00	0.62	0.62	37.75	0.00	0	|	rapi	0.01	0.01	0	|	-29.0	37.75(-29)	0.01(-29)	|	1	
9922	36	ok	|	1.00	0.56	0.56	44.36	0.00	0	|	rapi	0.01	0.01	0	|	-29.0	44.36(-29)	0.01(-29)	|	1	
9922	37	ok	|	1.00	0.48	0.48	51.66	0.00	0	|	rapi	0.01	0.01	0	|	-29.0	51.66(-29)	0.01(-29)	|	1	
9922	38	ok	|	1.00	0.41	0.41	59.12	0.00	0	|	rapi	0.01	0.01	0	|	-29.0	59.12(-29)	0.01(-29)	|	1	
9922	39	ok	|	1.00	0.32	0.32	67.63	0.00	0	|	rapi	0.01	0.01	0	|	-29.0	67.63(-29)	0.01(-29)	|	1	
9922	40	ok	|	1.00	0.22	0.22	77.68	0.00	0	|	rapi	0.00	0.00	0	|	-29.0	77.68(-29)	0.00(-29)	|	1	
9922	41	ok	|	1.00	0.14	0.14	87.06	0.00	0	|	rapi	0.01	0.01	0	|	-29.0	87.06(-29)	0.01(-29)	|	1	
9922	42	fail-w	|	1.00	0.07	0.07	95.57	0.00	0	|	rapi	0.01	0.01	0	|	-29.0	95.57(-29)	0.01(-29)	|	1	
