22	0	ok	|	0.02	1.00	1.00	0.02	0.00	0	|	rapi	0.00	0.00	0	|	-24.0	0.02(-24)		|	1	
22	1	ok	|	0.02	1.00	1.00	0.02	0.00	0	|	rapi	0.00	0.00	0	|	-24.0	0.02(-24)		|	1	
22	2	ok	|	0.02	1.00	1.00	0.03	0.00	0	|	rapi	0.00	0.00	0	|	-24.0	0.03(-24)		|	1	
22	3	ok	|	0.03	1.00	1.00	0.03	0.00	0	|	rapi	0.00	0.00	0	|	-24.0	0.03(-24)		|	1	
22	4	ok	|	0.03	1.00	1.00	0.04	0.00	0	|	rapi	0.00	0.00	0	|	-24.0	0.04(-24)		|	1	
22	5	ok	|	0.04	1.00	1.00	0.05	0.00	0	|	rapi	0.00	0.00	0	|	-24.0	0.05(-24)		|	1	
22	6	ok	|	0.05	1.00	1.00	0.06	0.00	0	|	rapi	0.00	0.00	0	|	-24.0	0.06(-24)		|	1	
22	7	ok	|	0.05	1.00	1.00	0.07	0.00	0	|	rapi	0.00	0.00	0	|	-24.0	0.07(-24)		|	1	
22	8	ok	|	0.07	1.00	1.00	0.08	0.00	0	|	rapi	0.00	0.00	0	|	-24.0	0.08(-24)		|	1	
22	9	ok	|	0.08	1.00	1.00	0.10	0.00	0	|	rapi	0.00	0.00	0	|	-24.0	0.10(-24)		|	1	
22	10	ok	|	0.09	1.00	1.00	0.12	0.00	0	|	rapi	0.00	0.00	0	|	-24.0	0.12(-24)		|	1	
22	11	ok	|	0.11	1.00	1.00	0.15	0.00	0	|	rapi	0.00	0.00	0	|	-24.0	0.15(-24)		|	1	
22	12	ok	|	0.13	1.00	1.00	0.17	0.00	0	|	rapi	0.00	0.00	0	|	-24.0	0.17(-24)		|	1	
22	13	ok	|	0.16	1.00	1.00	0.23	0.00	0	|	rapi	0.00	0.00	0	|	-24.0	0.23(-24)		|	1	
22	14	ok	|	0.20	1.00	1.00	0.29	0.00	0	|	rapi	0.00	0.00	0	|	-24.0	0.29(-24)		|	1	
22	15	ok	|	0.25	1.00	1.00	0.37	0.00	0	|	rapi	0.00	0.00	0	|	-24.0	0.37(-24)		|	1	
22	16	ok	|	0.28	1.00	1.00	0.42	0.00	0	|	rapi	0.00	0.00	0	|	-24.0	0.42(-24)		|	1	
22	17	ok	|	0.31	1.00	1.00	0.48	0.00	0	|	rapi	0.00	0.00	0	|	-24.0	0.48(-24)		|	1	
22	18	ok	|	0.37	0.99	0.99	0.59	0.00	0	|	rapi	0.00	0.00	0	|	-24.0	0.59(-24)		|	1	
22	19	ok	|	0.41	0.99	0.99	0.70	0.00	0	|	rapi	0.00	0.00	0	|	-24.0	0.70(-24)		|	1	
22	20	ok	|	0.48	0.99	0.99	0.86	0.00	0	|	rapi	0.00	0.00	0	|	-24.0	0.86(-24)		|	1	
22	21	ok	|	0.52	0.99	0.99	0.96	0.00	0	|	rapi	0.00	0.00	0	|	-24.0	0.96(-24)		|	1	
22	22	ok	|	0.58	0.99	0.99	1.11	0.00	0	|	rapi	0.00	0.00	0	|	-24.0	1.11(-24)		|	1	
22	23	ok	|	0.64	0.99	0.99	1.35	0.00	0	|	rapi	0.00	0.00	0	|	-24.0	1.35(-24)		|	1	
22	24	ok	|	0.71	0.98	0.98	1.63	0.00	0	|	rapi	0.00	0.00	0	|	-24.0	1.63(-24)		|	1	
22	25	ok	|	0.77	0.98	0.98	1.94	0.00	0	|	rapi	0.00	0.00	0	|	-24.0	1.94(-24)		|	1	
22	26	ok	|	0.83	0.98	0.98	2.31	0.00	0	|	rapi	0.00	0.00	0	|	-24.0	2.31(-24)		|	1	
22	27	ok	|	0.87	0.97	0.97	2.75	0.00	0	|	rapi	0.00	0.00	0	|	-24.0	2.75(-24)		|	1	
22	28	ok	|	0.92	0.97	0.97	3.27	0.00	0	|	rapi	0.00	0.00	0	|	-24.0	3.27(-24)		|	1	
22	29	ok	|	0.95	0.96	0.96	3.89	0.00	0	|	rapi	0.00	0.00	0	|	-24.0	3.89(-24)		|	1	
22	30	ok	|	0.97	0.95	0.95	4.63	0.00	0	|	rapi	0.00	0.00	0	|	-24.0	4.63(-24)		|	1	
22	31	ok	|	0.98	0.95	0.95	5.50	0.00	0	|	rapi	0.00	0.00	0	|	-24.0	5.50(-24)		|	1	
22	32	ok	|	0.99	0.94	0.94	6.50	0.00	0	|	rapi	0.00	0.00	0	|	-24.0	6.50(-24)		|	1	
22	33	ok	|	1.00	0.92	0.92	7.73	0.00	0	|	rapi	0.00	0.00	0	|	-24.0	7.73(-24)		|	1	
22	34	ok	|	1.00	0.91	0.91	9.02	0.00	0	|	rapi	0.00	0.00	0	|	-24.0	9.02(-24)		|	1	
22	35	ok	|	1.00	0.89	0.89	10.66	0.00	0	|	rapi	0.00	0.00	0	|	-24.0	10.66(-24)	0.00(-24)	|	1	
22	36	ok	|	1.00	0.87	0.87	12.55	0.00	0	|	rapi	0.00	0.00	0	|	-24.0	12.55(-24)		|	1	
22	37	ok	|	1.00	0.85	0.85	14.82	0.00	0	|	rapi	0.00	0.00	0	|	-24.0	14.82(-24)	0.00(-24)	|	1	
22	38	ok	|	1.00	0.83	0.83	17.45	0.00	0	|	rapi	0.00	0.00	0	|	-24.0	17.45(-24)	0.00(-24)	|	1	
22	39	ok	|	1.00	0.79	0.79	20.57	0.00	0	|	rapi	0.00	0.00	0	|	-24.0	20.57(-24)	0.00(-24)	|	1	
22	40	ok	|	1.00	0.76	0.76	24.18	0.00	0	|	rapi	0.00	0.00	0	|	-24.0	24.18(-24)	0.00(-24)	|	1	
22	41	ok	|	1.00	0.72	0.72	28.30	0.00	0	|	rapi	0.00	0.00	0	|	-24.0	28.30(-24)	0.00(-24)	|	1	
22	42	ok	|	1.00	0.67	0.67	33.12	0.00	0	|	rapi	0.00	0.00	0	|	-24.0	33.12(-24)	0.00(-24)	|	1	
22	43	ok	|	1.00	0.61	0.61	38.81	0.00	0	|	rapi	0.00	0.00	0	|	-24.0	38.81(-24)	0.00(-24)	|	1	
22	44	ok	|	1.00	0.55	0.55	45.29	0.00	0	|	rapi	0.00	0.00	0	|	-24.0	45.29(-24)	0.00(-24)	|	1	
22	45	ok	|	1.00	0.47	0.47	53.07	0.00	0	|	rapi	0.00	0.00	0	|	-24.0	53.07(-24)	0.00(-24)	|	1	
22	46	ok	|	1.00	0.39	0.39	61.33	0.00	0	|	rapi	0.00	0.00	0	|	-24.0	61.33(-24)	0.00(-24)	|	1	
22	47	ok	|	1.00	0.30	0.30	70.37	0.00	0	|	rapi	0.00	0.00	0	|	-24.0	70.37(-24)	0.00(-24)	|	1	
22	48	ok	|	1.00	0.20	0.20	80.00	0.00	0	|	rapi	0.01	0.01	0	|	-24.0	80.00(-24)	0.01(-24)	|	1	
22	49	ok	|	1.00	0.12	0.12	89.21	0.00	0	|	rapi	0.01	0.01	0	|	-24.0	89.21(-24)	0.01(-24)	|	1	
22	50	fail-w	|	1.00	0.06	0.06	97.29	0.00	0	|	rapi	0.02	0.02	0	|	-24.0	97.29(-24)	0.02(-24)	|	1	
