39	0	ok	|	0.02	1.00	1.00	0.02	0.00	0	|	rapi	0.02	0.02	0	|	90.0	0.02(90)	0.02(90)	|	2744	
39	1	ok	|	0.02	1.00	1.00	0.02	0.00	0	|	rapi	0.02	0.02	0	|	90.0	0.02(90)	0.02(90)	|	2744	
39	2	ok	|	0.02	1.00	1.00	0.02	0.00	0	|	rapi	0.02	0.02	0	|	90.0	0.02(90)	0.02(90)	|	2744	
39	3	ok	|	0.02	1.00	1.00	0.02	0.00	0	|	rapi	0.02	0.02	0	|	90.0	0.02(90)	0.02(90)	|	2744	
39	4	ok	|	0.02	1.00	1.00	0.02	0.00	0	|	rapi	0.02	0.02	0	|	90.0	0.02(90)	0.02(90)	|	2744	
39	5	ok	|	0.02	1.00	1.00	0.03	0.00	0	|	rapi	0.02	0.02	0	|	90.0	0.03(90)	0.02(90)	|	2744	
39	6	ok	|	0.02	1.00	1.00	0.02	0.00	0	|	rapi	0.02	0.02	0	|	90.0	0.02(90)	0.02(90)	|	2744	
39	7	ok	|	0.02	1.00	1.00	0.02	0.00	0	|	rapi	0.02	0.02	0	|	90.0	0.02(90)	0.02(90)	|	2744	
39	8	ok	|	0.02	1.00	1.00	0.02	0.00	0	|	rapi	0.02	0.02	0	|	90.0	0.02(90)	0.02(90)	|	2744	
39	9	ok	|	0.02	1.00	1.00	0.02	0.00	0	|	rapi	0.02	0.02	0	|	90.0	0.02(90)	0.02(90)	|	2744	
39	10	ok	|	0.02	1.00	1.00	0.02	0.00	0	|	rapi	0.02	0.02	0	|	90.0	0.02(90)	0.02(90)	|	2744	
39	11	ok	|	0.02	1.00	1.00	0.02	0.00	0	|	rapi	0.02	0.02	0	|	90.0	0.02(90)	0.02(90)	|	2744	
39	12	ok	|	0.02	1.00	1.00	0.02	0.00	0	|	rapi	0.02	0.02	0	|	90.0	0.02(90)	0.02(90)	|	2744	
39	13	ok	|	0.02	1.00	1.00	0.02	0.00	0	|	rapi	0.02	0.02	0	|	90.0	0.02(90)	0.02(90)	|	2744	
39	14	ok	|	0.02	1.00	1.00	0.02	0.00	0	|	rapi	0.02	0.02	0	|	90.0	0.02(90)	0.02(90)	|	2744	
39	15	ok	|	0.02	1.00	1.00	0.02	0.00	0	|	rapi	0.02	0.02	0	|	90.0	0.02(90)	0.02(90)	|	2744	
39	16	ok	|	0.03	1.00	1.00	0.03	0.00	0	|	rapi	0.03	0.03	0	|	90.0	0.03(90)	0.03(90)	|	2744	
39	17	ok	|	0.02	1.00	1.00	0.02	0.00	0	|	rapi	0.02	0.02	0	|	90.0	0.02(90)	0.02(90)	|	2744	
39	18	ok	|	0.02	1.00	1.00	0.02	0.00	0	|	rapi	0.02	0.02	0	|	90.0	0.02(90)	0.02(90)	|	2744	
39	19	ok	|	0.02	1.00	1.00	0.02	0.00	0	|	rapi	0.02	0.02	0	|	90.0	0.02(90)	0.02(90)	|	2744	
39	20	ok	|	0.02	1.00	1.00	0.02	0.00	0	|	rapi	0.02	0.02	0	|	90.0	0.02(90)	0.02(90)	|	2744	
39	21	ok	|	0.02	1.00	1.00	0.02	0.00	0	|	rapi	0.02	0.02	0	|	90.0	0.02(90)	0.02(90)	|	2744	
39	22	ok	|	0.02	1.00	1.00	0.02	0.00	0	|	rapi	0.02	0.02	0	|	90.0	0.02(90)	0.02(90)	|	2744	
39	23	ok	|	0.02	1.00	1.00	0.02	0.00	0	|	rapi	0.02	0.02	0	|	90.0	0.02(90)	0.02(90)	|	2744	
39	24	ok	|	0.02	1.00	1.00	0.02	0.00	0	|	rapi	0.02	0.02	0	|	90.0	0.02(90)	0.02(90)	|	2744	
39	25	ok	|	0.02	1.00	1.00	0.02	0.00	0	|	rapi	0.02	0.02	0	|	90.0	0.02(90)	0.02(90)	|	2744	
39	26	ok	|	0.02	1.00	1.00	0.02	0.00	0	|	rapi	0.02	0.02	0	|	90.0	0.02(90)	0.02(90)	|	2744	
39	27	ok	|	0.02	1.00	1.00	0.02	0.00	0	|	rapi	0.02	0.02	0	|	90.0	0.02(90)	0.02(90)	|	2744	
39	28	ok	|	0.02	1.00	1.00	0.02	0.00	0	|	rapi	0.02	0.02	0	|	90.0	0.02(90)	0.02(90)	|	2744	
39	29	ok	|	0.02	1.00	1.00	0.02	0.00	0	|	rapi	0.02	0.02	0	|	90.0	0.02(90)	0.02(90)	|	2744	
39	30	ok	|	0.02	1.00	1.00	0.02	0.00	0	|	rapi	0.02	0.02	0	|	90.0	0.02(90)	0.02(90)	|	2744	
39	31	ok	|	0.02	1.00	1.00	0.02	0.00	0	|	rapi	0.02	0.02	0	|	90.0	0.02(90)	0.02(90)	|	2744	
39	32	ok	|	0.02	1.00	1.00	0.02	0.00	0	|	rapi	0.02	0.02	0	|	90.0	0.02(90)	0.02(90)	|	2744	
39	33	ok	|	0.02	1.00	1.00	0.02	0.00	0	|	rapi	0.02	0.02	0	|	90.0	0.02(90)	0.02(90)	|	2744	
39	34	ok	|	0.02	1.00	1.00	0.02	0.00	0	|	rapi	0.02	0.02	0	|	90.0	0.02(90)	0.02(90)	|	2744	
39	35	ok	|	0.02	1.00	1.00	0.02	0.00	0	|	rapi	0.02	0.02	0	|	90.0	0.02(90)	0.02(90)	|	2744	
39	36	ok	|	0.03	1.00	1.00	0.03	0.00	0	|	rapi	0.03	0.03	0	|	90.0	0.03(90)	0.03(90)	|	2744	
39	37	ok	|	0.02	1.00	1.00	0.02	0.00	0	|	rapi	0.02	0.02	0	|	90.0	0.02(90)	0.02(90)	|	2744	
39	38	ok	|	0.03	1.00	1.00	0.03	0.00	0	|	rapi	0.03	0.03	0	|	90.0	0.03(90)	0.03(90)	|	2744	
39	39	ok	|	0.02	1.00	1.00	0.03	0.00	0	|	rapi	0.02	0.03	0	|	90.0	0.03(90)	0.03(90)	|	2744	
39	40	ok	|	0.02	1.00	1.00	0.02	0.00	0	|	rapi	0.02	0.02	0	|	90.0	0.02(90)	0.02(90)	|	2744	
39	41	ok	|	0.03	1.00	1.00	0.03	0.00	0	|	rapi	0.03	0.03	0	|	90.0	0.03(90)	0.03(90)	|	2744	
39	42	ok	|	0.02	1.00	1.00	0.02	0.00	0	|	rapi	0.02	0.02	0	|	90.0	0.02(90)	0.02(90)	|	2744	
39	43	ok	|	0.02	1.00	1.00	0.02	0.00	0	|	rapi	0.02	0.02	0	|	90.0	0.02(90)	0.02(90)	|	2744	
39	44	ok	|	0.02	1.00	1.00	0.02	0.00	0	|	rapi	0.02	0.02	0	|	90.0	0.02(90)	0.02(90)	|	2744	
39	45	ok	|	0.02	1.00	1.00	0.02	0.00	0	|	rapi	0.02	0.02	0	|	90.0	0.02(90)	0.02(90)	|	2744	
39	46	ok	|	0.02	1.00	1.00	0.02	0.00	0	|	rapi	0.02	0.02	0	|	90.0	0.02(90)	0.02(90)	|	2744	
39	47	ok	|	0.02	1.00	1.00	0.02	0.00	0	|	rapi	0.02	0.02	0	|	90.0	0.02(90)	0.02(90)	|	2744	
39	48	ok	|	0.03	1.00	1.00	0.03	0.00	0	|	rapi	0.03	0.03	0	|	90.0	0.03(90)	0.03(90)	|	2744	
39	49	ok	|	0.02	1.00	1.00	0.02	0.00	0	|	rapi	0.02	0.02	0	|	90.0	0.02(90)	0.02(90)	|	2744	
39	50	ok	|	0.02	1.00	1.00	0.02	0.00	0	|	rapi	0.02	0.02	0	|	90.0	0.02(90)	0.02(90)	|	2744	
39	51	ok	|	0.02	1.00	1.00	0.02	0.00	0	|	rapi	0.02	0.02	0	|	90.0	0.02(90)	0.02(90)	|	2744	
39	52	ok	|	0.03	1.00	1.00	0.03	0.00	0	|	rapi	0.03	0.03	0	|	90.0	0.03(90)	0.03(90)	|	2744	
39	53	ok	|	0.02	1.00	1.00	0.03	0.00	0	|	rapi	0.02	0.03	0	|	90.0	0.03(90)	0.03(90)	|	2744	
39	54	ok	|	0.03	1.00	1.00	0.03	0.00	0	|	rapi	0.03	0.03	0	|	90.0	0.03(90)	0.03(90)	|	2744	
39	55	ok	|	0.03	1.00	1.00	0.03	0.00	0	|	rapi	0.03	0.03	0	|	90.0	0.03(90)	0.03(90)	|	2744	
39	56	ok	|	0.03	1.00	1.00	0.03	0.00	0	|	rapi	0.03	0.03	0	|	90.0	0.03(90)	0.03(90)	|	2744	
39	57	ok	|	0.03	1.00	1.00	0.03	0.00	0	|	rapi	0.03	0.03	0	|	90.0	0.03(90)	0.03(90)	|	2744	
39	58	ok	|	0.03	1.00	1.00	0.03	0.00	0	|	rapi	0.03	0.03	0	|	90.0	0.03(90)	0.03(90)	|	2744	
39	59	ok	|	0.03	1.00	1.00	0.04	0.00	0	|	rapi	0.03	0.04	0	|	90.0	0.04(90)	0.04(90)	|	2744	
39	60	ok	|	0.04	1.00	1.00	0.04	0.00	0	|	rapi	0.04	0.04	0	|	90.0	0.04(90)	0.04(90)	|	2744	
39	61	ok	|	0.04	1.00	1.00	0.04	0.00	0	|	rapi	0.04	0.04	0	|	90.0	0.04(90)	0.04(90)	|	2744	
39	62	ok	|	0.03	1.00	1.00	0.03	0.00	0	|	rapi	0.03	0.03	0	|	90.0	0.03(90)	0.03(90)	|	2744	
39	63	ok	|	0.03	1.00	1.00	0.03	0.00	0	|	rapi	0.03	0.03	0	|	90.0	0.03(90)	0.03(90)	|	2744	
39	64	ok	|	0.04	1.00	1.00	0.04	0.00	0	|	rapi	0.04	0.04	0	|	90.0	0.04(90)	0.04(90)	|	2744	
39	65	ok	|	0.04	1.00	1.00	0.04	0.00	0	|	rapi	0.04	0.04	0	|	90.0	0.04(90)	0.04(90)	|	2744	
39	66	ok	|	0.04	1.00	1.00	0.04	0.00	0	|	rapi	0.04	0.04	0	|	90.0	0.04(90)	0.04(90)	|	2744	
39	67	ok	|	0.04	1.00	1.00	0.04	0.00	0	|	rapi	0.04	0.04	0	|	90.0	0.04(90)	0.04(90)	|	2744	
39	68	ok	|	0.04	1.00	1.00	0.04	0.00	0	|	rapi	0.04	0.04	0	|	90.0	0.04(90)	0.04(90)	|	2744	
39	69	ok	|	0.04	1.00	1.00	0.04	0.00	0	|	rapi	0.04	0.04	0	|	90.0	0.04(90)	0.04(90)	|	2744	
39	70	ok	|	0.03	1.00	1.00	0.03	0.00	0	|	rapi	0.03	0.03	0	|	90.0	0.03(90)	0.03(90)	|	2744	
39	71	ok	|	0.03	1.00	1.00	0.03	0.00	0	|	rapi	0.03	0.03	0	|	90.0	0.03(90)	0.03(90)	|	2744	
39	72	ok	|	0.03	1.00	1.00	0.03	0.00	0	|	rapi	0.03	0.03	0	|	90.0	0.03(90)	0.03(90)	|	2744	
39	73	ok	|	0.03	1.00	1.00	0.03	0.00	0	|	rapi	0.03	0.03	0	|	90.0	0.03(90)	0.03(90)	|	2744	
39	74	ok	|	0.03	1.00	1.00	0.03	0.00	0	|	rapi	0.03	0.03	0	|	90.0	0.03(90)	0.03(90)	|	2744	
39	75	ok	|	0.02	1.00	1.00	0.02	0.00	0	|	rapi	0.02	0.02	0	|	90.0	0.02(90)	0.02(90)	|	2744	
39	76	ok	|	0.02	1.00	1.00	0.02	0.00	0	|	rapi	0.02	0.02	0	|	90.0	0.02(90)	0.02(90)	|	2744	
39	77	ok	|	0.03	1.00	1.00	0.03	0.00	0	|	rapi	0.03	0.03	0	|	90.0	0.03(90)	0.03(90)	|	2744	
39	78	ok	|	0.03	1.00	1.00	0.03	0.00	0	|	rapi	0.03	0.03	0	|	90.0	0.03(90)	0.03(90)	|	2744	
39	79	ok	|	0.03	1.00	1.00	0.03	0.00	0	|	rapi	0.03	0.03	0	|	90.0	0.03(90)	0.03(90)	|	2744	
39	80	ok	|	0.03	1.00	1.00	0.03	0.00	0	|	rapi	0.03	0.03	0	|	90.0	0.03(90)	0.03(90)	|	2744	
39	81	ok	|	0.03	1.00	1.00	0.03	0.00	0	|	rapi	0.03	0.03	0	|	90.0	0.03(90)	0.03(90)	|	2744	
39	82	ok	|	0.03	1.00	1.00	0.03	0.01	0	|	rapi	0.03	0.03	0	|	90.0	0.03(90)	0.03(90)	|	2744	
39	83	ok	|	0.03	1.00	1.00	0.03	0.00	0	|	rapi	0.03	0.03	0	|	90.0	0.03(90)	0.03(90)	|	2744	
39	84	ok	|	0.03	1.00	1.00	0.03	0.00	0	|	rapi	0.03	0.03	0	|	90.0	0.03(90)	0.03(90)	|	2744	
39	85	ok	|	0.03	1.00	1.00	0.03	0.01	0	|	rapi	0.03	0.03	0	|	90.0	0.03(90)	0.03(90)	|	2744	
39	86	ok	|	0.03	1.00	1.00	0.03	0.01	0	|	rapi	0.03	0.03	0	|	90.0	0.03(90)	0.03(90)	|	2744	
39	87	ok	|	0.03	1.00	1.00	0.03	0.01	0	|	rapi	0.03	0.03	0	|	90.0	0.03(90)	0.03(90)	|	2744	
39	88	ok	|	0.03	1.00	1.00	0.03	0.01	0	|	rapi	0.03	0.03	0	|	90.0	0.03(90)	0.03(90)	|	2744	
39	89	ok	|	0.03	1.00	1.00	0.03	0.00	0	|	rapi	0.03	0.03	0	|	90.0	0.03(90)	0.03(90)	|	2744	
39	90	ok	|	0.03	1.00	1.00	0.03	0.00	0	|	rapi	0.03	0.03	0	|	90.0	0.03(90)	0.03(90)	|	2744	
39	91	ok	|	0.03	1.00	1.00	0.03	0.01	0	|	rapi	0.03	0.03	0	|	90.0	0.03(90)	0.03(90)	|	2744	
39	92	ok	|	0.04	1.00	1.00	0.04	0.01	0	|	rapi	0.04	0.04	0	|	90.0	0.04(90)	0.04(90)	|	2744	
39	93	ok	|	0.03	1.00	1.00	0.03	0.01	0	|	rapi	0.03	0.03	0	|	90.0	0.03(90)	0.03(90)	|	2744	
39	94	ok	|	0.03	1.00	1.00	0.03	0.01	0	|	rapi	0.03	0.03	0	|	90.0	0.03(90)	0.03(90)	|	2744	
39	95	ok	|	0.03	1.00	1.00	0.04	0.01	0	|	rapi	0.03	0.04	0	|	90.0	0.04(90)	0.04(90)	|	2744	
39	96	ok	|	0.03	1.00	1.00	0.03	0.01	0	|	rapi	0.03	0.03	0	|	90.0	0.03(90)	0.03(90)	|	2744	
39	97	ok	|	0.04	1.00	1.00	0.04	0.01	0	|	rapi	0.04	0.04	0	|	90.0	0.04(90)	0.04(90)	|	2744	
39	98	ok	|	0.04	1.00	1.00	0.04	0.01	0	|	rapi	0.04	0.04	0	|	90.0	0.04(90)	0.04(90)	|	2744	
39	99	ok	|	0.04	1.00	1.00	0.04	0.01	0	|	rapi	0.04	0.04	0	|	90.0	0.04(90)	0.04(90)	|	2744	
39	100	ok	|	0.03	1.00	1.00	0.03	0.01	0	|	rapi	0.03	0.03	0	|	90.0	0.03(90)	0.03(90)	|	2744	
39	101	ok	|	0.03	1.00	1.00	0.03	0.01	0	|	rapi	0.03	0.03	0	|	90.0	0.03(90)	0.03(90)	|	2744	
39	102	ok	|	0.04	1.00	1.00	0.04	0.01	0	|	rapi	0.04	0.04	0	|	90.0	0.04(90)	0.04(90)	|	2744	
39	103	ok	|	0.04	1.00	1.00	0.04	0.01	0	|	rapi	0.04	0.04	0	|	90.0	0.04(90)	0.04(90)	|	2744	
39	104	ok	|	0.04	1.00	1.00	0.04	0.01	0	|	rapi	0.04	0.04	0	|	90.0	0.04(90)	0.04(90)	|	2744	
39	105	ok	|	0.04	1.00	1.00	0.04	0.01	0	|	rapi	0.04	0.04	0	|	90.0	0.04(90)	0.04(90)	|	2744	
39	106	ok	|	0.04	1.00	1.00	0.04	0.01	0	|	rapi	0.04	0.04	0	|	90.0	0.04(90)	0.04(90)	|	2744	
39	107	ok	|	0.04	1.00	1.00	0.04	0.01	0	|	rapi	0.04	0.04	0	|	90.0	0.04(90)	0.04(90)	|	2744	
39	108	ok	|	0.04	1.00	1.00	0.04	0.01	0	|	rapi	0.04	0.04	0	|	90.0	0.04(90)	0.04(90)	|	2744	
39	109	ok	|	0.04	1.00	1.00	0.04	0.01	0	|	rapi	0.04	0.04	0	|	90.0	0.04(90)	0.04(90)	|	2744	
39	110	ok	|	0.04	1.00	1.00	0.04	0.01	0	|	rapi	0.04	0.04	0	|	90.0	0.04(90)	0.04(90)	|	2744	
39	111	ok	|	0.04	1.00	1.00	0.04	0.01	0	|	rapi	0.04	0.04	0	|	90.0	0.04(90)	0.04(90)	|	2744	
39	112	ok	|	0.03	1.00	1.00	0.03	0.01	0	|	rapi	0.03	0.03	0	|	90.0	0.03(90)	0.03(90)	|	2744	
39	113	ok	|	0.03	1.00	1.00	0.03	0.01	0	|	rapi	0.03	0.03	0	|	90.0	0.03(90)	0.03(90)	|	2744	
39	114	ok	|	0.03	1.00	1.00	0.03	0.01	0	|	rapi	0.03	0.03	0	|	90.0	0.03(90)	0.03(90)	|	2744	
39	115	ok	|	0.03	1.00	1.00	0.03	0.01	0	|	rapi	0.03	0.03	0	|	90.0	0.03(90)	0.03(90)	|	2744	
39	116	ok	|	0.03	1.00	1.00	0.03	0.01	0	|	rapi	0.03	0.03	0	|	90.0	0.03(90)	0.03(90)	|	2744	
39	117	ok	|	0.03	1.00	1.00	0.03	0.01	0	|	rapi	0.03	0.03	0	|	90.0	0.03(90)	0.03(90)	|	2744	
39	118	ok	|	0.03	1.00	1.00	0.03	0.01	0	|	rapi	0.03	0.03	0	|	90.0	0.03(90)	0.03(90)	|	2744	
39	119	ok	|	0.03	1.00	1.00	0.03	0.01	0	|	rapi	0.03	0.03	0	|	90.0	0.03(90)	0.03(90)	|	2744	
39	120	ok	|	0.03	1.00	1.00	0.03	0.01	0	|	rapi	0.03	0.03	0	|	90.0	0.03(90)	0.03(90)	|	2744	
39	121	ok	|	0.04	1.00	1.00	0.04	0.01	0	|	rapi	0.04	0.04	0	|	90.0	0.04(90)	0.04(90)	|	2744	
39	122	ok	|	0.03	1.00	1.00	0.03	0.01	0	|	rapi	0.03	0.03	0	|	90.0	0.03(90)	0.03(90)	|	2744	
39	123	ok	|	0.03	1.00	1.00	0.03	0.01	0	|	rapi	0.03	0.03	0	|	90.0	0.03(90)	0.03(90)	|	2744	
39	124	ok	|	0.03	1.00	1.00	0.03	0.00	0	|	rapi	0.03	0.03	0	|	90.0	0.03(90)	0.03(90)	|	2744	
39	125	ok	|	0.02	1.00	1.00	0.02	0.00	0	|	rapi	0.02	0.02	0	|	90.0	0.02(90)	0.02(90)	|	2744	
39	126	ok	|	0.02	1.00	1.00	0.03	0.00	0	|	rapi	0.02	0.03	0	|	90.0	0.03(90)	0.03(90)	|	2744	
39	127	ok	|	0.03	1.00	1.00	0.03	0.00	0	|	rapi	0.03	0.03	0	|	90.0	0.03(90)	0.03(90)	|	2744	
39	128	ok	|	0.02	1.00	1.00	0.02	0.00	0	|	rapi	0.02	0.02	0	|	90.0	0.02(90)	0.02(90)	|	2744	
39	129	ok	|	0.02	1.00	1.00	0.02	0.00	0	|	rapi	0.02	0.02	0	|	90.0	0.02(90)	0.02(90)	|	2744	
39	130	ok	|	0.02	1.00	1.00	0.02	0.00	0	|	rapi	0.02	0.02	0	|	90.0	0.02(90)	0.02(90)	|	2744	
39	131	ok	|	0.03	1.00	1.00	0.03	0.00	0	|	rapi	0.03	0.03	0	|	90.0	0.03(90)	0.03(90)	|	2744	
39	132	ok	|	0.03	1.00	1.00	0.03	0.00	0	|	rapi	0.03	0.03	0	|	90.0	0.03(90)	0.03(90)	|	2744	
39	133	ok	|	0.02	1.00	1.00	0.02	0.00	0	|	rapi	0.02	0.02	0	|	90.0	0.02(90)	0.02(90)	|	2744	
39	134	ok	|	0.02	1.00	1.00	0.02	0.00	0	|	rapi	0.02	0.02	0	|	90.0	0.02(90)	0.02(90)	|	2744	
39	135	ok	|	0.03	1.00	1.00	0.03	0.00	0	|	rapi	0.03	0.03	0	|	90.0	0.03(90)	0.03(90)	|	2744	
39	136	ok	|	0.02	1.00	1.00	0.02	0.00	0	|	rapi	0.02	0.02	0	|	90.0	0.02(90)	0.02(90)	|	2744	
39	137	ok	|	0.02	1.00	1.00	0.02	0.00	0	|	rapi	0.02	0.02	0	|	90.0	0.02(90)	0.02(90)	|	2744	
39	138	ok	|	0.02	1.00	1.00	0.02	0.00	0	|	rapi	0.02	0.02	0	|	90.0	0.02(90)	0.02(90)	|	2744	
39	139	ok	|	0.02	1.00	1.00	0.02	0.00	0	|	rapi	0.02	0.02	0	|	90.0	0.02(90)	0.02(90)	|	2744	
39	140	ok	|	0.02	1.00	1.00	0.02	0.00	0	|	rapi	0.02	0.02	0	|	90.0	0.02(90)	0.02(90)	|	2744	
39	141	ok	|	0.01	1.00	1.00	0.01	0.00	0	|	rapi	0.01	0.01	0	|	90.0	0.01(90)	0.01(90)	|	2744	
39	142	ok	|	0.01	1.00	1.00	0.01	0.00	0	|	rapi	0.01	0.01	0	|	90.0	0.01(90)	0.01(90)	|	2744	
39	143	ok	|	0.01	1.00	1.00	0.01	0.00	0	|	rapi	0.01	0.01	0	|	90.0	0.01(90)	0.01(90)	|	2744	
39	144	ok	|	0.01	1.00	1.00	0.01	0.00	0	|	rapi	0.01	0.01	0	|	90.0	0.01(90)	0.01(90)	|	2744	
39	145	ok	|	0.01	1.00	1.00	0.01	0.00	0	|	rapi	0.01	0.01	0	|	90.0	0.01(90)	0.01(90)	|	2744	
39	146	ok	|	0.01	1.00	1.00	0.01	0.00	0	|	rapi	0.01	0.01	0	|	90.0	0.01(90)	0.01(90)	|	2744	
39	147	ok	|	0.01	1.00	1.00	0.01	0.00	0	|	rapi	0.01	0.01	0	|	90.0	0.01(90)	0.01(90)	|	2744	
39	148	ok	|	0.01	1.00	1.00	0.01	0.00	0	|	rapi	0.01	0.01	0	|	90.0	0.01(90)	0.01(90)	|	2744	
39	149	ok	|	0.02	1.00	1.00	0.02	0.00	0	|	rapi	0.02	0.02	0	|	90.0	0.02(90)	0.02(90)	|	2744	
39	150	ok	|	0.01	1.00	1.00	0.01	0.00	0	|	rapi	0.01	0.01	0	|	90.0	0.01(90)	0.01(90)	|	2744	
39	151	ok	|	0.02	1.00	1.00	0.02	0.00	0	|	rapi	0.02	0.02	0	|	90.0	0.02(90)	0.02(90)	|	2744	
39	152	ok	|	0.02	1.00	1.00	0.02	0.00	0	|	rapi	0.02	0.02	0	|	90.0	0.02(90)	0.02(90)	|	2744	
39	153	ok	|	0.01	1.00	1.00	0.01	0.00	0	|	rapi	0.01	0.01	0	|	90.0	0.01(90)	0.01(90)	|	2744	
39	154	ok	|	0.02	1.00	1.00	0.02	0.00	0	|	rapi	0.02	0.02	0	|	90.0	0.02(90)	0.02(90)	|	2744	
39	155	ok	|	0.02	1.00	1.00	0.02	0.00	0	|	rapi	0.02	0.02	0	|	90.0	0.02(90)	0.02(90)	|	2744	
39	156	ok	|	0.02	1.00	1.00	0.02	0.00	0	|	rapi	0.02	0.02	0	|	90.0	0.02(90)	0.02(90)	|	2744	
39	157	ok	|	0.02	1.00	1.00	0.02	0.00	0	|	rapi	0.02	0.02	0	|	90.0	0.02(90)	0.02(90)	|	2744	
39	158	ok	|	0.02	1.00	1.00	0.02	0.00	0	|	rapi	0.02	0.02	0	|	90.0	0.02(90)	0.02(90)	|	2744	
39	159	ok	|	0.02	1.00	1.00	0.02	0.00	0	|	rapi	0.02	0.02	0	|	90.0	0.02(90)	0.02(90)	|	2744	
39	160	ok	|	0.02	1.00	1.00	0.02	0.00	0	|	rapi	0.02	0.02	0	|	90.0	0.02(90)	0.02(90)	|	2744	
39	161	ok	|	0.02	1.00	1.00	0.02	0.00	0	|	rapi	0.02	0.02	0	|	90.0	0.02(90)	0.02(90)	|	2744	
39	162	ok	|	0.02	1.00	1.00	0.02	0.00	0	|	rapi	0.02	0.02	0	|	90.0	0.02(90)	0.02(90)	|	2744	
39	163	ok	|	0.02	1.00	1.00	0.02	0.00	0	|	rapi	0.02	0.02	0	|	90.0	0.02(90)	0.02(90)	|	2744	
39	164	ok	|	0.03	1.00	1.00	0.03	0.00	0	|	rapi	0.03	0.03	0	|	90.0	0.03(90)	0.03(90)	|	2744	
39	165	ok	|	0.03	1.00	1.00	0.03	0.00	0	|	rapi	0.03	0.03	0	|	90.0	0.03(90)	0.03(90)	|	2744	
39	166	ok	|	0.03	1.00	1.00	0.03	0.01	0	|	rapi	0.03	0.03	0	|	90.0	0.03(90)	0.03(90)	|	2744	
39	167	ok	|	0.03	1.00	1.00	0.03	0.01	0	|	rapi	0.03	0.03	0	|	90.0	0.03(90)	0.03(90)	|	2744	
39	168	ok	|	0.03	1.00	1.00	0.03	0.01	0	|	rapi	0.03	0.03	0	|	90.0	0.03(90)	0.03(90)	|	2744	
39	169	ok	|	0.03	1.00	1.00	0.03	0.01	0	|	rapi	0.03	0.03	0	|	90.0	0.03(90)	0.03(90)	|	2744	
39	170	ok	|	0.03	1.00	1.00	0.03	0.01	0	|	rapi	0.03	0.03	0	|	90.0	0.03(90)	0.03(90)	|	2744	
39	171	ok	|	0.03	1.00	1.00	0.03	0.01	0	|	rapi	0.03	0.03	0	|	90.0	0.03(90)	0.03(90)	|	2744	
39	172	ok	|	0.03	1.00	1.00	0.03	0.01	0	|	rapi	0.03	0.03	0	|	90.0	0.03(90)	0.03(90)	|	2744	
39	173	ok	|	0.03	1.00	1.00	0.03	0.00	0	|	rapi	0.03	0.03	0	|	90.0	0.03(90)	0.03(90)	|	2744	
39	174	ok	|	0.02	1.00	1.00	0.03	0.00	0	|	rapi	0.02	0.03	0	|	90.0	0.03(90)	0.03(90)	|	2744	
39	175	ok	|	0.03	1.00	1.00	0.03	0.00	0	|	rapi	0.03	0.03	0	|	90.0	0.03(90)	0.03(90)	|	2744	
39	176	ok	|	0.02	1.00	1.00	0.02	0.00	0	|	rapi	0.02	0.02	0	|	90.0	0.02(90)	0.02(90)	|	2744	
39	177	ok	|	0.02	1.00	1.00	0.03	0.00	0	|	rapi	0.02	0.03	0	|	90.0	0.03(90)	0.03(90)	|	2744	
39	178	ok	|	0.02	1.00	1.00	0.02	0.00	0	|	rapi	0.02	0.02	0	|	90.0	0.02(90)	0.02(90)	|	2744	
39	179	ok	|	0.02	1.00	1.00	0.02	0.00	0	|	rapi	0.02	0.02	0	|	90.0	0.02(90)	0.02(90)	|	2744	
39	180	ok	|	0.02	1.00	1.00	0.02	0.00	0	|	rapi	0.02	0.02	0	|	90.0	0.02(90)	0.02(90)	|	2744	
39	181	ok	|	0.02	1.00	1.00	0.02	0.00	0	|	rapi	0.02	0.02	0	|	90.0	0.02(90)	0.02(90)	|	2744	
39	182	ok	|	0.02	1.00	1.00	0.02	0.00	0	|	rapi	0.02	0.02	0	|	90.0	0.02(90)	0.02(90)	|	2744	
39	183	ok	|	0.02	1.00	1.00	0.02	0.00	0	|	rapi	0.02	0.02	0	|	90.0	0.02(90)	0.02(90)	|	2744	
39	184	ok	|	0.02	1.00	1.00	0.02	0.00	0	|	rapi	0.02	0.02	0	|	90.0	0.02(90)	0.02(90)	|	2744	
39	185	ok	|	0.02	1.00	1.00	0.02	0.00	0	|	rapi	0.02	0.02	0	|	90.0	0.02(90)	0.02(90)	|	2744	
39	186	ok	|	0.02	1.00	1.00	0.02	0.00	0	|	rapi	0.02	0.02	0	|	90.0	0.02(90)	0.02(90)	|	2744	
39	187	ok	|	0.02	1.00	1.00	0.02	0.00	0	|	rapi	0.02	0.02	0	|	90.0	0.02(90)	0.02(90)	|	2744	
39	188	ok	|	0.03	1.00	1.00	0.03	0.01	0	|	rapi	0.03	0.03	0	|	90.0	0.03(90)	0.03(90)	|	2744	
39	189	ok	|	0.03	1.00	1.00	0.03	0.01	0	|	rapi	0.03	0.03	0	|	90.0	0.03(90)	0.03(90)	|	2744	
39	190	ok	|	0.03	1.00	1.00	0.03	0.01	0	|	rapi	0.03	0.03	0	|	90.0	0.03(90)	0.03(90)	|	2744	
39	191	ok	|	0.03	1.00	1.00	0.03	0.01	0	|	rapi	0.03	0.03	0	|	90.0	0.03(90)	0.03(90)	|	2744	
39	192	ok	|	0.03	1.00	1.00	0.03	0.01	0	|	rapi	0.03	0.03	0	|	90.0	0.03(90)	0.03(90)	|	2744	
39	193	ok	|	0.03	1.00	1.00	0.03	0.01	0	|	rapi	0.03	0.03	0	|	90.0	0.03(90)	0.03(90)	|	2744	
39	194	ok	|	0.03	1.00	1.00	0.03	0.01	0	|	rapi	0.03	0.03	0	|	90.0	0.03(90)	0.03(90)	|	2744	
39	195	ok	|	0.02	1.00	1.00	0.02	0.01	0	|	rapi	0.02	0.02	0	|	90.0	0.02(90)	0.02(90)	|	2744	
39	196	ok	|	0.03	1.00	1.00	0.03	0.01	0	|	rapi	0.03	0.03	0	|	90.0	0.03(90)	0.03(90)	|	2744	
39	197	ok	|	0.03	1.00	1.00	0.03	0.01	0	|	rapi	0.03	0.03	0	|	90.0	0.03(90)	0.03(90)	|	2744	
39	198	ok	|	0.03	1.00	1.00	0.03	0.01	0	|	rapi	0.03	0.03	0	|	90.0	0.03(90)	0.03(90)	|	2744	
39	199	ok	|	0.03	1.00	1.00	0.03	0.01	0	|	rapi	0.03	0.03	0	|	90.0	0.03(90)	0.03(90)	|	2744	
39	200	ok	|	0.04	1.00	1.00	0.04	0.01	0	|	rapi	0.04	0.04	0	|	90.0	0.04(90)	0.04(90)	|	2744	
39	201	ok	|	0.04	1.00	1.00	0.04	0.01	0	|	rapi	0.04	0.04	0	|	90.0	0.04(90)	0.04(90)	|	2744	
39	202	ok	|	0.04	1.00	1.00	0.04	0.01	0	|	rapi	0.04	0.04	0	|	90.0	0.04(90)	0.04(90)	|	2744	
39	203	ok	|	0.03	1.00	1.00	0.03	0.01	0	|	rapi	0.03	0.03	0	|	90.0	0.03(90)	0.03(90)	|	2744	
39	204	ok	|	0.03	1.00	1.00	0.03	0.01	0	|	rapi	0.03	0.03	0	|	90.0	0.03(90)	0.03(90)	|	2744	
39	205	ok	|	0.03	1.00	1.00	0.03	0.01	0	|	rapi	0.03	0.03	0	|	90.0	0.03(90)	0.03(90)	|	2744	
39	206	ok	|	0.03	1.00	1.00	0.03	0.01	0	|	rapi	0.03	0.03	0	|	90.0	0.03(90)	0.03(90)	|	2744	
39	207	ok	|	0.03	1.00	1.00	0.03	0.01	0	|	rapi	0.03	0.03	0	|	90.0	0.03(90)	0.03(90)	|	2744	
39	208	ok	|	0.03	1.00	1.00	0.03	0.01	0	|	rapi	0.03	0.03	0	|	90.0	0.03(90)	0.03(90)	|	2744	
39	209	ok	|	0.04	1.00	1.00	0.04	0.01	0	|	rapi	0.04	0.04	0	|	90.0	0.04(90)	0.04(90)	|	2744	
39	210	ok	|	0.04	1.00	1.00	0.04	0.01	0	|	rapi	0.04	0.04	0	|	90.0	0.04(90)	0.04(90)	|	2744	
39	211	ok	|	0.04	1.00	1.00	0.04	0.01	0	|	rapi	0.04	0.04	0	|	90.0	0.04(90)	0.04(90)	|	2744	
39	212	ok	|	0.04	1.00	1.00	0.04	0.01	0	|	rapi	0.04	0.04	0	|	90.0	0.04(90)	0.04(90)	|	2744	
39	213	ok	|	0.04	1.00	1.00	0.05	0.01	0	|	rapi	0.04	0.05	0	|	90.0	0.05(90)	0.05(90)	|	2744	
39	214	ok	|	0.04	1.00	1.00	0.04	0.01	0	|	rapi	0.04	0.04	0	|	90.0	0.04(90)	0.04(90)	|	2744	
39	215	ok	|	0.04	1.00	1.00	0.04	0.01	0	|	rapi	0.04	0.04	0	|	90.0	0.04(90)	0.04(90)	|	2744	
39	216	ok	|	0.04	1.00	1.00	0.04	0.01	0	|	rapi	0.04	0.04	0	|	90.0	0.04(90)	0.04(90)	|	2744	
39	217	ok	|	0.04	1.00	1.00	0.04	0.01	0	|	rapi	0.04	0.04	0	|	90.0	0.04(90)	0.04(90)	|	2744	
39	218	ok	|	0.04	1.00	1.00	0.04	0.01	0	|	rapi	0.04	0.04	0	|	90.0	0.04(90)	0.04(90)	|	2744	
39	219	ok	|	0.03	1.00	1.00	0.03	0.01	0	|	rapi	0.03	0.03	0	|	90.0	0.03(90)	0.03(90)	|	2744	
39	220	ok	|	0.03	1.00	1.00	0.03	0.01	0	|	rapi	0.03	0.03	0	|	90.0	0.03(90)	0.03(90)	|	2744	
39	221	ok	|	0.03	1.00	1.00	0.03	0.01	0	|	rapi	0.03	0.03	0	|	90.0	0.03(90)	0.03(90)	|	2744	
39	222	ok	|	0.03	1.00	1.00	0.03	0.01	0	|	rapi	0.03	0.03	0	|	90.0	0.03(90)	0.03(90)	|	2744	
39	223	ok	|	0.03	1.00	1.00	0.03	0.01	0	|	rapi	0.03	0.03	0	|	90.0	0.03(90)	0.03(90)	|	2744	
39	224	ok	|	0.03	1.00	1.00	0.03	0.01	0	|	rapi	0.03	0.03	0	|	90.0	0.03(90)	0.03(90)	|	2744	
39	225	ok	|	0.04	1.00	1.00	0.04	0.01	0	|	rapi	0.04	0.04	0	|	90.0	0.04(90)	0.04(90)	|	2744	
39	226	ok	|	0.03	1.00	1.00	0.03	0.01	0	|	rapi	0.03	0.03	0	|	90.0	0.03(90)	0.03(90)	|	2744	
39	227	ok	|	0.03	1.00	1.00	0.03	0.01	0	|	rapi	0.03	0.03	0	|	90.0	0.03(90)	0.03(90)	|	2744	
39	228	ok	|	0.03	1.00	1.00	0.03	0.01	0	|	rapi	0.03	0.03	0	|	90.0	0.03(90)	0.03(90)	|	2744	
39	229	ok	|	0.03	1.00	1.00	0.03	0.01	0	|	rapi	0.03	0.03	0	|	90.0	0.03(90)	0.03(90)	|	2744	
39	230	ok	|	0.03	1.00	1.00	0.03	0.01	0	|	rapi	0.03	0.03	0	|	90.0	0.03(90)	0.03(90)	|	2744	
39	231	ok	|	0.04	1.00	1.00	0.04	0.01	0	|	rapi	0.04	0.04	0	|	90.0	0.04(90)	0.04(90)	|	2744	
39	232	ok	|	0.03	1.00	1.00	0.03	0.01	0	|	rapi	0.03	0.03	0	|	90.0	0.03(90)	0.03(90)	|	2744	
39	233	ok	|	0.03	1.00	1.00	0.03	0.01	0	|	rapi	0.03	0.03	0	|	90.0	0.03(90)	0.03(90)	|	2744	
39	234	ok	|	0.03	1.00	1.00	0.03	0.01	0	|	rapi	0.03	0.03	0	|	90.0	0.03(90)	0.03(90)	|	2744	
39	235	ok	|	0.03	1.00	1.00	0.03	0.01	0	|	rapi	0.03	0.03	0	|	90.0	0.03(90)	0.03(90)	|	2744	
39	236	ok	|	0.03	1.00	1.00	0.03	0.01	0	|	rapi	0.03	0.03	0	|	90.0	0.03(90)	0.03(90)	|	2744	
39	237	ok	|	0.03	1.00	1.00	0.03	0.02	0	|	rapi	0.03	0.03	0	|	90.0	0.03(90)	0.03(90)	|	2744	
39	238	ok	|	0.03	1.00	1.00	0.03	0.01	0	|	rapi	0.03	0.03	0	|	90.0	0.03(90)	0.03(90)	|	2744	
39	239	ok	|	0.03	1.00	1.00	0.03	0.01	0	|	rapi	0.03	0.03	0	|	90.0	0.03(90)	0.03(90)	|	2744	
39	240	ok	|	0.03	1.00	1.00	0.03	0.01	0	|	rapi	0.03	0.03	0	|	90.0	0.03(90)	0.03(90)	|	2744	
39	241	ok	|	0.03	1.00	1.00	0.03	0.02	0	|	rapi	0.03	0.03	0	|	90.0	0.03(90)	0.03(90)	|	2744	
39	242	ok	|	0.03	1.00	1.00	0.03	0.02	0	|	rapi	0.03	0.03	0	|	90.0	0.03(90)	0.03(90)	|	2744	
39	243	ok	|	0.03	1.00	1.00	0.03	0.02	0	|	rapi	0.03	0.03	0	|	90.0	0.03(90)	0.03(90)	|	2744	
39	244	ok	|	0.03	1.00	1.00	0.03	0.02	0	|	rapi	0.03	0.03	0	|	90.0	0.03(90)	0.03(90)	|	2744	
39	245	ok	|	0.03	1.00	1.00	0.03	0.02	0	|	rapi	0.03	0.03	0	|	90.0	0.03(90)	0.03(90)	|	2744	
39	246	ok	|	0.03	1.00	1.00	0.03	0.02	0	|	rapi	0.03	0.03	0	|	90.0	0.03(90)	0.03(90)	|	2744	
39	247	ok	|	0.03	1.00	1.00	0.03	0.02	0	|	rapi	0.03	0.03	0	|	90.0	0.03(90)	0.03(90)	|	2744	
39	248	ok	|	0.03	1.00	1.00	0.03	0.02	0	|	rapi	0.03	0.03	0	|	90.0	0.03(90)	0.03(90)	|	2744	
39	249	ok	|	0.03	1.00	1.00	0.03	0.02	0	|	rapi	0.03	0.03	0	|	90.0	0.03(90)	0.03(90)	|	2744	
39	250	ok	|	0.04	1.00	1.00	0.04	0.02	0	|	rapi	0.04	0.04	0	|	90.0	0.04(90)	0.04(90)	|	2744	
39	251	ok	|	0.03	1.00	1.00	0.03	0.02	0	|	rapi	0.03	0.03	0	|	90.0	0.03(90)	0.03(90)	|	2744	
39	252	ok	|	0.03	1.00	1.00	0.03	0.02	0	|	rapi	0.03	0.03	0	|	90.0	0.03(90)	0.03(90)	|	2744	
39	253	ok	|	0.03	1.00	1.00	0.03	0.02	0	|	rapi	0.03	0.03	0	|	90.0	0.03(90)	0.03(90)	|	2744	
39	254	ok	|	0.03	1.00	1.00	0.03	0.01	0	|	rapi	0.03	0.03	0	|	90.0	0.03(90)	0.03(90)	|	2744	
39	255	ok	|	0.03	1.00	1.00	0.03	0.01	0	|	rapi	0.03	0.03	0	|	90.0	0.03(90)	0.03(90)	|	2744	
39	256	ok	|	0.03	1.00	1.00	0.03	0.01	0	|	rapi	0.03	0.03	0	|	90.0	0.03(90)	0.03(90)	|	2744	
39	257	ok	|	0.03	1.00	1.00	0.03	0.02	0	|	rapi	0.03	0.03	0	|	90.0	0.03(90)	0.03(90)	|	2744	
39	258	ok	|	0.03	1.00	1.00	0.03	0.02	0	|	rapi	0.03	0.03	0	|	90.0	0.03(90)	0.03(90)	|	2744	
39	259	ok	|	0.03	1.00	1.00	0.03	0.01	0	|	rapi	0.03	0.03	0	|	90.0	0.03(90)	0.03(90)	|	2744	
39	260	ok	|	0.03	1.00	1.00	0.03	0.01	0	|	rapi	0.03	0.03	0	|	90.0	0.03(90)	0.03(90)	|	2744	
39	261	ok	|	0.03	1.00	1.00	0.03	0.01	0	|	rapi	0.03	0.03	0	|	90.0	0.03(90)	0.03(90)	|	2744	
39	262	ok	|	0.03	1.00	1.00	0.03	0.01	0	|	rapi	0.03	0.03	0	|	90.0	0.03(90)	0.03(90)	|	2744	
39	263	ok	|	0.03	1.00	1.00	0.03	0.01	0	|	rapi	0.03	0.03	0	|	90.0	0.03(90)	0.03(90)	|	2744	
39	264	ok	|	0.03	1.00	1.00	0.03	0.01	0	|	rapi	0.03	0.03	0	|	90.0	0.03(90)	0.03(90)	|	2744	
39	265	ok	|	0.03	1.00	1.00	0.03	0.01	0	|	rapi	0.03	0.03	0	|	90.0	0.03(90)	0.03(90)	|	2744	
39	266	ok	|	0.03	1.00	1.00	0.03	0.01	0	|	rapi	0.03	0.03	0	|	90.0	0.03(90)	0.03(90)	|	2744	
39	267	ok	|	0.02	1.00	1.00	0.02	0.01	0	|	rapi	0.02	0.02	0	|	90.0	0.02(90)	0.02(90)	|	2744	
39	268	ok	|	0.03	1.00	1.00	0.03	0.01	0	|	rapi	0.03	0.03	0	|	90.0	0.03(90)	0.03(90)	|	2744	
39	269	ok	|	0.03	1.00	1.00	0.03	0.01	0	|	rapi	0.03	0.03	0	|	90.0	0.03(90)	0.03(90)	|	2744	
39	270	ok	|	0.03	1.00	1.00	0.03	0.02	0	|	rapi	0.03	0.03	0	|	90.0	0.03(90)	0.03(90)	|	2744	
39	271	ok	|	0.03	1.00	1.00	0.03	0.02	0	|	rapi	0.03	0.03	0	|	90.0	0.03(90)	0.03(90)	|	2744	
39	272	ok	|	0.03	1.00	1.00	0.03	0.02	0	|	rapi	0.03	0.03	0	|	90.0	0.03(90)	0.03(90)	|	2744	
39	273	ok	|	0.03	1.00	1.00	0.03	0.02	0	|	rapi	0.03	0.03	0	|	90.0	0.03(90)	0.03(90)	|	2744	
39	274	ok	|	0.03	1.00	1.00	0.03	0.02	0	|	rapi	0.03	0.03	0	|	90.0	0.03(90)	0.03(90)	|	2744	
39	275	ok	|	0.03	1.00	1.00	0.03	0.02	0	|	rapi	0.03	0.03	0	|	90.0	0.03(90)	0.03(90)	|	2744	
39	276	ok	|	0.03	1.00	1.00	0.03	0.01	0	|	rapi	0.03	0.03	0	|	90.0	0.03(90)	0.03(90)	|	2744	
39	277	ok	|	0.03	1.00	1.00	0.03	0.01	0	|	rapi	0.03	0.03	0	|	90.0	0.03(90)	0.03(90)	|	2744	
39	278	ok	|	0.03	1.00	1.00	0.03	0.01	0	|	rapi	0.03	0.03	0	|	90.0	0.03(90)	0.03(90)	|	2744	
39	279	ok	|	0.03	1.00	1.00	0.03	0.01	0	|	rapi	0.03	0.03	0	|	90.0	0.03(90)	0.03(90)	|	2744	
39	280	ok	|	0.02	1.00	1.00	0.02	0.01	0	|	rapi	0.02	0.02	0	|	90.0	0.02(90)	0.02(90)	|	2744	
39	281	ok	|	0.02	1.00	1.00	0.02	0.01	0	|	rapi	0.02	0.02	0	|	90.0	0.02(90)	0.02(90)	|	2744	
39	282	ok	|	0.02	1.00	1.00	0.02	0.01	0	|	rapi	0.02	0.02	0	|	90.0	0.02(90)	0.02(90)	|	2744	
39	283	ok	|	0.01	1.00	1.00	0.01	0.01	0	|	rapi	0.01	0.01	0	|	90.0	0.01(90)	0.01(90)	|	2744	
39	284	ok	|	0.01	1.00	1.00	0.01	0.01	0	|	rapi	0.01	0.01	0	|	90.0	0.01(90)	0.01(90)	|	2744	
39	285	ok	|	0.01	1.00	1.00	0.01	0.01	0	|	rapi	0.01	0.01	0	|	90.0	0.01(90)	0.01(90)	|	2744	
39	286	ok	|	0.01	1.00	1.00	0.01	0.01	0	|	rapi	0.01	0.01	0	|	90.0	0.01(90)	0.01(90)	|	2744	
39	287	ok	|	0.01	1.00	1.00	0.01	0.01	0	|	rapi	0.01	0.01	0	|	90.0	0.01(90)	0.01(90)	|	2744	
39	288	ok	|	0.01	1.00	1.00	0.01	0.01	0	|	rapi	0.01	0.01	0	|	90.0	0.01(90)	0.01(90)	|	2744	
39	289	ok	|	0.01	1.00	1.00	0.01	0.01	0	|	rapi	0.01	0.01	0	|	90.0	0.01(90)	0.01(90)	|	2744	
39	290	ok	|	0.01	1.00	1.00	0.01	0.00	0	|	rapi	0.01	0.01	0	|	90.0	0.01(90)	0.01(90)	|	2744	
39	291	ok	|	0.01	1.00	1.00	0.01	0.00	0	|	rapi	0.01	0.01	0	|	90.0	0.01(90)	0.01(90)	|	2744	
39	292	ok	|	0.01	1.00	1.00	0.01	0.01	0	|	rapi	0.01	0.01	0	|	90.0	0.01(90)	0.01(90)	|	2744	
39	293	ok	|	0.01	1.00	1.00	0.01	0.01	0	|	rapi	0.01	0.01	0	|	90.0	0.01(90)	0.01(90)	|	2744	
39	294	ok	|	0.01	1.00	1.00	0.01	0.01	0	|	rapi	0.01	0.01	0	|	90.0	0.01(90)	0.01(90)	|	2744	
39	295	ok	|	0.01	1.00	1.00	0.01	0.01	0	|	rapi	0.01	0.01	0	|	90.0	0.01(90)	0.01(90)	|	2744	
39	296	ok	|	0.01	1.00	1.00	0.01	0.01	0	|	rapi	0.01	0.01	0	|	90.0	0.01(90)	0.01(90)	|	2744	
39	297	ok	|	0.01	1.00	1.00	0.01	0.01	0	|	rapi	0.01	0.01	0	|	90.0	0.01(90)	0.01(90)	|	2744	
39	298	ok	|	0.01	1.00	1.00	0.01	0.01	0	|	rapi	0.01	0.01	0	|	90.0	0.01(90)	0.01(90)	|	2744	
39	299	ok	|	0.01	1.00	1.00	0.01	0.01	0	|	rapi	0.01	0.01	0	|	90.0	0.01(90)	0.01(90)	|	2744	
39	300	ok	|	0.02	1.00	1.00	0.02	0.01	0	|	rapi	0.02	0.02	0	|	90.0	0.02(90)	0.02(90)	|	2744	
39	301	ok	|	0.02	1.00	1.00	0.02	0.01	0	|	rapi	0.02	0.02	0	|	90.0	0.02(90)	0.02(90)	|	2744	
39	302	ok	|	0.02	1.00	1.00	0.02	0.01	0	|	rapi	0.02	0.02	0	|	90.0	0.02(90)	0.02(90)	|	2744	
39	303	ok	|	0.01	1.00	1.00	0.01	0.01	0	|	rapi	0.01	0.01	0	|	90.0	0.01(90)	0.01(90)	|	2744	
39	304	ok	|	0.02	1.00	1.00	0.02	0.01	0	|	rapi	0.02	0.02	0	|	90.0	0.02(90)	0.02(90)	|	2744	
39	305	ok	|	0.01	1.00	1.00	0.01	0.01	0	|	rapi	0.01	0.01	0	|	90.0	0.01(90)	0.01(90)	|	2744	
39	306	ok	|	0.02	1.00	1.00	0.02	0.01	0	|	rapi	0.02	0.02	0	|	90.0	0.02(90)	0.02(90)	|	2744	
39	307	ok	|	0.02	1.00	1.00	0.02	0.01	0	|	rapi	0.02	0.02	0	|	90.0	0.02(90)	0.02(90)	|	2744	
39	308	ok	|	0.02	1.00	1.00	0.02	0.01	0	|	rapi	0.02	0.02	0	|	90.0	0.02(90)	0.02(90)	|	2744	
39	309	ok	|	0.02	1.00	1.00	0.02	0.01	0	|	rapi	0.02	0.02	0	|	90.0	0.02(90)	0.02(90)	|	2744	
39	310	ok	|	0.03	1.00	1.00	0.03	0.01	0	|	rapi	0.03	0.03	0	|	90.0	0.03(90)	0.03(90)	|	2744	
39	311	ok	|	0.02	1.00	1.00	0.02	0.01	0	|	rapi	0.02	0.02	0	|	90.0	0.02(90)	0.02(90)	|	2744	
39	312	ok	|	0.02	1.00	1.00	0.02	0.01	0	|	rapi	0.02	0.02	0	|	90.0	0.02(90)	0.02(90)	|	2744	
39	313	ok	|	0.02	1.00	1.00	0.02	0.01	0	|	rapi	0.02	0.02	0	|	90.0	0.02(90)	0.02(90)	|	2744	
39	314	ok	|	0.02	1.00	1.00	0.02	0.01	0	|	rapi	0.02	0.02	0	|	90.0	0.02(90)	0.02(90)	|	2744	
39	315	ok	|	0.03	1.00	1.00	0.03	0.01	0	|	rapi	0.03	0.03	0	|	90.0	0.03(90)	0.03(90)	|	2744	
39	316	ok	|	0.03	1.00	1.00	0.03	0.01	0	|	rapi	0.03	0.03	0	|	90.0	0.03(90)	0.03(90)	|	2744	
39	317	ok	|	0.03	1.00	1.00	0.03	0.01	0	|	rapi	0.03	0.03	0	|	90.0	0.03(90)	0.03(90)	|	2744	
39	318	ok	|	0.03	1.00	1.00	0.03	0.01	0	|	rapi	0.03	0.03	0	|	90.0	0.03(90)	0.03(90)	|	2744	
39	319	ok	|	0.03	1.00	1.00	0.03	0.01	0	|	rapi	0.03	0.03	0	|	90.0	0.03(90)	0.03(90)	|	2744	
39	320	ok	|	0.02	1.00	1.00	0.02	0.01	0	|	rapi	0.02	0.02	0	|	90.0	0.02(90)	0.02(90)	|	2744	
39	321	ok	|	0.02	1.00	1.00	0.02	0.01	0	|	rapi	0.02	0.02	0	|	90.0	0.02(90)	0.02(90)	|	2744	
39	322	ok	|	0.02	1.00	1.00	0.02	0.01	0	|	rapi	0.02	0.02	0	|	90.0	0.02(90)	0.02(90)	|	2744	
39	323	ok	|	0.02	1.00	1.00	0.02	0.01	0	|	rapi	0.02	0.02	0	|	90.0	0.02(90)	0.02(90)	|	2744	
39	324	ok	|	0.02	1.00	1.00	0.02	0.01	0	|	rapi	0.02	0.02	0	|	90.0	0.02(90)	0.02(90)	|	2744	
39	325	ok	|	0.02	1.00	1.00	0.02	0.01	0	|	rapi	0.02	0.02	0	|	90.0	0.02(90)	0.02(90)	|	2744	
39	326	ok	|	0.02	1.00	1.00	0.02	0.01	0	|	rapi	0.02	0.02	0	|	90.0	0.02(90)	0.02(90)	|	2744	
39	327	ok	|	0.03	1.00	1.00	0.03	0.01	0	|	rapi	0.03	0.03	0	|	90.0	0.03(90)	0.03(90)	|	2744	
39	328	ok	|	0.02	1.00	1.00	0.02	0.01	0	|	rapi	0.02	0.02	0	|	90.0	0.02(90)	0.02(90)	|	2744	
39	329	ok	|	0.02	1.00	1.00	0.02	0.01	0	|	rapi	0.02	0.02	0	|	90.0	0.02(90)	0.02(90)	|	2744	
39	330	ok	|	0.03	1.00	1.00	0.03	0.01	0	|	rapi	0.03	0.03	0	|	90.0	0.03(90)	0.03(90)	|	2744	
39	331	ok	|	0.03	1.00	1.00	0.03	0.02	0	|	rapi	0.03	0.03	0	|	90.0	0.03(90)	0.03(90)	|	2744	
39	332	ok	|	0.03	1.00	1.00	0.03	0.01	0	|	rapi	0.03	0.03	0	|	90.0	0.03(90)	0.03(90)	|	2744	
39	333	ok	|	0.03	1.00	1.00	0.03	0.01	0	|	rapi	0.03	0.03	0	|	90.0	0.03(90)	0.03(90)	|	2744	
39	334	ok	|	0.03	1.00	1.00	0.03	0.01	0	|	rapi	0.03	0.03	0	|	90.0	0.03(90)	0.03(90)	|	2744	
39	335	ok	|	0.02	1.00	1.00	0.02	0.01	0	|	rapi	0.02	0.02	0	|	90.0	0.02(90)	0.02(90)	|	2744	
39	336	ok	|	0.02	1.00	1.00	0.02	0.01	0	|	rapi	0.02	0.02	0	|	90.0	0.02(90)	0.02(90)	|	2744	
39	337	ok	|	0.02	1.00	1.00	0.02	0.01	0	|	rapi	0.02	0.02	0	|	90.0	0.02(90)	0.02(90)	|	2744	
39	338	ok	|	0.02	1.00	1.00	0.02	0.01	0	|	rapi	0.02	0.02	0	|	90.0	0.02(90)	0.02(90)	|	2744	
39	339	ok	|	0.02	1.00	1.00	0.02	0.01	0	|	rapi	0.02	0.02	0	|	90.0	0.02(90)	0.02(90)	|	2744	
39	340	ok	|	0.03	1.00	1.00	0.03	0.01	0	|	rapi	0.03	0.03	0	|	90.0	0.03(90)	0.03(90)	|	2744	
39	341	ok	|	0.03	1.00	1.00	0.03	0.01	0	|	rapi	0.03	0.03	0	|	90.0	0.03(90)	0.03(90)	|	2744	
39	342	ok	|	0.02	1.00	1.00	0.02	0.01	0	|	rapi	0.02	0.02	0	|	90.0	0.02(90)	0.02(90)	|	2744	
39	343	ok	|	0.03	1.00	1.00	0.03	0.01	0	|	rapi	0.03	0.03	0	|	90.0	0.03(90)	0.03(90)	|	2744	
39	344	ok	|	0.03	1.00	1.00	0.03	0.01	0	|	rapi	0.03	0.03	0	|	90.0	0.03(90)	0.03(90)	|	2744	
39	345	ok	|	0.03	1.00	1.00	0.03	0.01	0	|	rapi	0.03	0.03	0	|	90.0	0.03(90)	0.03(90)	|	2744	
39	346	ok	|	0.03	1.00	1.00	0.03	0.01	0	|	rapi	0.03	0.03	0	|	90.0	0.03(90)	0.03(90)	|	2744	
39	347	ok	|	0.03	1.00	1.00	0.03	0.01	0	|	rapi	0.03	0.03	0	|	90.0	0.03(90)	0.03(90)	|	2744	
39	348	ok	|	0.03	1.00	1.00	0.03	0.01	0	|	rapi	0.03	0.03	0	|	90.0	0.03(90)	0.03(90)	|	2744	
39	349	ok	|	0.03	1.00	1.00	0.03	0.01	0	|	rapi	0.03	0.03	0	|	90.0	0.03(90)	0.03(90)	|	2744	
39	350	ok	|	0.03	1.00	1.00	0.03	0.02	0	|	rapi	0.03	0.03	0	|	90.0	0.03(90)	0.03(90)	|	2744	
39	351	ok	|	0.03	1.00	1.00	0.03	0.02	0	|	rapi	0.03	0.03	0	|	90.0	0.03(90)	0.03(90)	|	2744	
39	352	ok	|	0.03	1.00	1.00	0.03	0.01	0	|	rapi	0.03	0.03	0	|	90.0	0.03(90)	0.03(90)	|	2744	
39	353	ok	|	0.03	1.00	1.00	0.03	0.01	0	|	rapi	0.03	0.03	0	|	90.0	0.03(90)	0.03(90)	|	2744	
39	354	ok	|	0.03	1.00	1.00	0.03	0.01	0	|	rapi	0.03	0.03	0	|	90.0	0.03(90)	0.03(90)	|	2744	
39	355	ok	|	0.03	1.00	1.00	0.03	0.02	0	|	rapi	0.03	0.03	0	|	90.0	0.03(90)	0.03(90)	|	2744	
39	356	ok	|	0.03	1.00	1.00	0.03	0.02	0	|	rapi	0.03	0.03	0	|	90.0	0.03(90)	0.03(90)	|	2744	
39	357	ok	|	0.03	1.00	1.00	0.03	0.02	0	|	rapi	0.03	0.03	0	|	90.0	0.03(90)	0.03(90)	|	2744	
39	358	ok	|	0.03	1.00	1.00	0.03	0.02	0	|	rapi	0.03	0.03	0	|	90.0	0.03(90)	0.03(90)	|	2744	
39	359	ok	|	0.03	1.00	1.00	0.04	0.02	0	|	rapi	0.03	0.04	0	|	90.0	0.04(90)	0.04(90)	|	2744	
39	360	ok	|	0.03	1.00	1.00	0.03	0.02	0	|	rapi	0.03	0.03	0	|	90.0	0.03(90)	0.03(90)	|	2744	
39	361	ok	|	0.04	1.00	1.00	0.04	0.02	0	|	rapi	0.04	0.04	0	|	90.0	0.04(90)	0.04(90)	|	2744	
39	362	ok	|	0.03	1.00	1.00	0.03	0.02	0	|	rapi	0.03	0.03	0	|	90.0	0.03(90)	0.03(90)	|	2744	
39	363	ok	|	0.04	1.00	1.00	0.04	0.02	0	|	rapi	0.04	0.04	0	|	90.0	0.04(90)	0.04(90)	|	2744	
39	364	ok	|	0.03	1.00	1.00	0.04	0.02	0	|	rapi	0.03	0.04	0	|	90.0	0.04(90)	0.04(90)	|	2744	
39	365	ok	|	0.03	1.00	1.00	0.03	0.02	0	|	rapi	0.03	0.03	0	|	90.0	0.03(90)	0.03(90)	|	2744	
39	366	ok	|	0.03	1.00	1.00	0.03	0.02	0	|	rapi	0.03	0.03	0	|	90.0	0.03(90)	0.03(90)	|	2744	
39	367	ok	|	0.03	1.00	1.00	0.04	0.02	0	|	rapi	0.03	0.04	0	|	90.0	0.04(90)	0.04(90)	|	2744	
39	368	ok	|	0.03	1.00	1.00	0.03	0.02	0	|	rapi	0.03	0.03	0	|	90.0	0.03(90)	0.03(90)	|	2744	
39	369	ok	|	0.03	1.00	1.00	0.03	0.02	0	|	rapi	0.03	0.03	0	|	90.0	0.03(90)	0.03(90)	|	2744	
39	370	ok	|	0.03	1.00	1.00	0.03	0.02	0	|	rapi	0.03	0.03	0	|	90.0	0.03(90)	0.03(90)	|	2744	
39	371	ok	|	0.03	1.00	1.00	0.03	0.02	0	|	rapi	0.03	0.03	0	|	90.0	0.03(90)	0.03(90)	|	2744	
39	372	ok	|	0.03	1.00	1.00	0.03	0.01	0	|	rapi	0.03	0.03	0	|	90.0	0.03(90)	0.03(90)	|	2744	
39	373	ok	|	0.03	1.00	1.00	0.03	0.01	0	|	rapi	0.03	0.03	0	|	90.0	0.03(90)	0.03(90)	|	2744	
39	374	ok	|	0.03	1.00	1.00	0.03	0.01	0	|	rapi	0.03	0.03	0	|	90.0	0.03(90)	0.03(90)	|	2744	
39	375	ok	|	0.03	1.00	1.00	0.03	0.01	0	|	rapi	0.03	0.03	0	|	90.0	0.03(90)	0.03(90)	|	2744	
39	376	ok	|	0.03	1.00	1.00	0.03	0.02	0	|	rapi	0.03	0.03	0	|	90.0	0.03(90)	0.03(90)	|	2744	
39	377	ok	|	0.04	1.00	1.00	0.04	0.02	0	|	rapi	0.04	0.04	0	|	90.0	0.04(90)	0.04(90)	|	2744	
39	378	ok	|	0.03	1.00	1.00	0.03	0.02	0	|	rapi	0.03	0.03	0	|	90.0	0.03(90)	0.03(90)	|	2744	
39	379	ok	|	0.03	1.00	1.00	0.03	0.02	0	|	rapi	0.03	0.03	0	|	90.0	0.03(90)	0.03(90)	|	2744	
39	380	ok	|	0.03	1.00	1.00	0.03	0.01	0	|	rapi	0.03	0.03	0	|	90.0	0.03(90)	0.03(90)	|	2744	
39	381	ok	|	0.03	1.00	1.00	0.03	0.01	0	|	rapi	0.03	0.03	0	|	90.0	0.03(90)	0.03(90)	|	2744	
39	382	ok	|	0.03	1.00	1.00	0.03	0.02	0	|	rapi	0.03	0.03	0	|	90.0	0.03(90)	0.03(90)	|	2744	
39	383	ok	|	0.03	1.00	1.00	0.03	0.01	0	|	rapi	0.03	0.03	0	|	90.0	0.03(90)	0.03(90)	|	2744	
39	384	ok	|	0.03	1.00	1.00	0.03	0.02	0	|	rapi	0.03	0.03	0	|	90.0	0.03(90)	0.03(90)	|	2744	
39	385	ok	|	0.04	1.00	1.00	0.04	0.02	0	|	rapi	0.04	0.04	0	|	90.0	0.04(90)	0.04(90)	|	2744	
39	386	ok	|	0.03	1.00	1.00	0.03	0.02	0	|	rapi	0.03	0.03	0	|	90.0	0.03(90)	0.03(90)	|	2744	
39	387	ok	|	0.03	1.00	1.00	0.03	0.02	0	|	rapi	0.03	0.03	0	|	90.0	0.03(90)	0.03(90)	|	2744	
39	388	ok	|	0.03	1.00	1.00	0.03	0.02	0	|	rapi	0.03	0.03	0	|	90.0	0.03(90)	0.03(90)	|	2744	
39	389	ok	|	0.03	1.00	1.00	0.03	0.01	0	|	rapi	0.03	0.03	0	|	90.0	0.03(90)	0.03(90)	|	2744	
39	390	ok	|	0.03	1.00	1.00	0.03	0.01	0	|	rapi	0.03	0.03	0	|	90.0	0.03(90)	0.03(90)	|	2744	
39	391	ok	|	0.03	1.00	1.00	0.03	0.02	0	|	rapi	0.03	0.03	0	|	90.0	0.03(90)	0.03(90)	|	2744	
39	392	ok	|	0.03	1.00	1.00	0.03	0.02	0	|	rapi	0.03	0.03	0	|	90.0	0.03(90)	0.03(90)	|	2744	
39	393	ok	|	0.03	1.00	1.00	0.04	0.02	0	|	rapi	0.03	0.04	0	|	90.0	0.04(90)	0.04(90)	|	2744	
39	394	ok	|	0.03	1.00	1.00	0.03	0.02	0	|	rapi	0.03	0.03	0	|	90.0	0.03(90)	0.03(90)	|	2744	
39	395	ok	|	0.03	1.00	1.00	0.03	0.02	0	|	rapi	0.03	0.03	0	|	90.0	0.03(90)	0.03(90)	|	2744	
39	396	ok	|	0.03	1.00	1.00	0.04	0.02	0	|	rapi	0.03	0.04	0	|	90.0	0.04(90)	0.04(90)	|	2744	
39	397	ok	|	0.03	1.00	1.00	0.03	0.02	0	|	rapi	0.03	0.03	0	|	90.0	0.03(90)	0.03(90)	|	2744	
39	398	ok	|	0.04	1.00	1.00	0.04	0.02	0	|	rapi	0.04	0.04	0	|	90.0	0.04(90)	0.04(90)	|	2744	
39	399	ok	|	0.03	1.00	1.00	0.04	0.02	0	|	rapi	0.03	0.04	0	|	90.0	0.04(90)	0.04(90)	|	2744	
39	400	ok	|	0.03	1.00	1.00	0.03	0.02	0	|	rapi	0.03	0.03	0	|	90.0	0.03(90)	0.03(90)	|	2744	
39	401	ok	|	0.03	1.00	1.00	0.03	0.02	0	|	rapi	0.03	0.03	0	|	90.0	0.03(90)	0.03(90)	|	2744	
39	402	ok	|	0.04	1.00	1.00	0.04	0.02	0	|	rapi	0.04	0.04	0	|	90.0	0.04(90)	0.04(90)	|	2744	
39	403	ok	|	0.04	1.00	1.00	0.04	0.02	0	|	rapi	0.04	0.04	0	|	90.0	0.04(90)	0.04(90)	|	2744	
39	404	ok	|	0.03	1.00	1.00	0.03	0.02	0	|	rapi	0.03	0.03	0	|	90.0	0.03(90)	0.03(90)	|	2744	
39	405	ok	|	0.03	1.00	1.00	0.03	0.02	0	|	rapi	0.03	0.03	0	|	90.0	0.03(90)	0.03(90)	|	2744	
39	406	ok	|	0.03	1.00	1.00	0.03	0.02	0	|	rapi	0.03	0.03	0	|	90.0	0.03(90)	0.03(90)	|	2744	
39	407	ok	|	0.04	1.00	1.00	0.04	0.02	0	|	rapi	0.04	0.04	0	|	90.0	0.04(90)	0.04(90)	|	2744	
39	408	ok	|	0.04	1.00	1.00	0.04	0.02	0	|	rapi	0.04	0.04	0	|	90.0	0.04(90)	0.04(90)	|	2744	
39	409	ok	|	0.04	1.00	1.00	0.04	0.02	0	|	rapi	0.04	0.04	0	|	90.0	0.04(90)	0.04(90)	|	2744	
39	410	ok	|	0.04	1.00	1.00	0.04	0.02	0	|	rapi	0.04	0.04	0	|	90.0	0.04(90)	0.04(90)	|	2744	
39	411	ok	|	0.04	1.00	1.00	0.04	0.02	0	|	rapi	0.04	0.04	0	|	90.0	0.04(90)	0.04(90)	|	2744	
39	412	ok	|	0.04	1.00	1.00	0.04	0.02	0	|	rapi	0.04	0.04	0	|	90.0	0.04(90)	0.04(90)	|	2744	
39	413	ok	|	0.04	1.00	1.00	0.04	0.02	0	|	rapi	0.04	0.04	0	|	90.0	0.04(90)	0.04(90)	|	2744	
39	414	ok	|	0.04	1.00	1.00	0.04	0.02	0	|	rapi	0.04	0.04	0	|	90.0	0.04(90)	0.04(90)	|	2744	
39	415	ok	|	0.04	1.00	1.00	0.05	0.02	0	|	rapi	0.04	0.05	0	|	90.0	0.05(90)	0.05(90)	|	2744	
39	416	ok	|	0.04	1.00	1.00	0.04	0.02	0	|	rapi	0.04	0.04	0	|	90.0	0.04(90)	0.04(90)	|	2744	
39	417	ok	|	0.04	1.00	1.00	0.04	0.02	0	|	rapi	0.04	0.04	0	|	90.0	0.04(90)	0.04(90)	|	2744	
39	418	ok	|	0.04	1.00	1.00	0.04	0.02	0	|	rapi	0.04	0.04	0	|	90.0	0.04(90)	0.04(90)	|	2744	
39	419	ok	|	0.04	1.00	1.00	0.04	0.02	0	|	rapi	0.04	0.04	0	|	90.0	0.04(90)	0.04(90)	|	2744	
39	420	ok	|	0.04	1.00	1.00	0.04	0.02	0	|	rapi	0.04	0.04	0	|	90.0	0.04(90)	0.04(90)	|	2744	
39	421	ok	|	0.03	1.00	1.00	0.03	0.02	0	|	rapi	0.03	0.03	0	|	90.0	0.03(90)	0.03(90)	|	2744	
39	422	ok	|	0.03	1.00	1.00	0.03	0.02	0	|	rapi	0.03	0.03	0	|	90.0	0.03(90)	0.03(90)	|	2744	
39	423	ok	|	0.03	1.00	1.00	0.03	0.01	0	|	rapi	0.03	0.03	0	|	90.0	0.03(90)	0.03(90)	|	2744	
39	424	ok	|	0.03	1.00	1.00	0.03	0.02	0	|	rapi	0.03	0.03	0	|	90.0	0.03(90)	0.03(90)	|	2744	
39	425	ok	|	0.03	1.00	1.00	0.03	0.02	0	|	rapi	0.03	0.03	0	|	90.0	0.03(90)	0.03(90)	|	2744	
39	426	ok	|	0.03	1.00	1.00	0.03	0.02	0	|	rapi	0.03	0.03	0	|	90.0	0.03(90)	0.03(90)	|	2744	
39	427	ok	|	0.03	1.00	1.00	0.03	0.02	0	|	rapi	0.03	0.03	0	|	90.0	0.03(90)	0.03(90)	|	2744	
39	428	ok	|	0.03	1.00	1.00	0.03	0.02	0	|	rapi	0.03	0.03	0	|	90.0	0.03(90)	0.03(90)	|	2744	
39	429	ok	|	0.03	1.00	1.00	0.03	0.02	0	|	rapi	0.03	0.03	0	|	90.0	0.03(90)	0.03(90)	|	2744	
39	430	ok	|	0.03	1.00	1.00	0.03	0.01	0	|	rapi	0.03	0.03	0	|	90.0	0.03(90)	0.03(90)	|	2744	
39	431	ok	|	0.03	1.00	1.00	0.03	0.01	0	|	rapi	0.03	0.03	0	|	90.0	0.03(90)	0.03(90)	|	2744	
39	432	ok	|	0.03	1.00	1.00	0.03	0.01	0	|	rapi	0.03	0.03	0	|	90.0	0.03(90)	0.03(90)	|	2744	
39	433	ok	|	0.03	1.00	1.00	0.03	0.01	0	|	rapi	0.03	0.03	0	|	90.0	0.03(90)	0.03(90)	|	2744	
39	434	ok	|	0.02	1.00	1.00	0.02	0.01	0	|	rapi	0.02	0.02	0	|	90.0	0.02(90)	0.02(90)	|	2744	
39	435	ok	|	0.03	1.00	1.00	0.03	0.01	0	|	rapi	0.03	0.03	0	|	90.0	0.03(90)	0.03(90)	|	2744	
39	436	ok	|	0.03	1.00	1.00	0.03	0.01	0	|	rapi	0.03	0.03	0	|	90.0	0.03(90)	0.03(90)	|	2744	
39	437	ok	|	0.03	1.00	1.00	0.03	0.01	0	|	rapi	0.03	0.03	0	|	90.0	0.03(90)	0.03(90)	|	2744	
39	438	ok	|	0.02	1.00	1.00	0.02	0.01	0	|	rapi	0.02	0.02	0	|	90.0	0.02(90)	0.02(90)	|	2744	
39	439	ok	|	0.03	1.00	1.00	0.03	0.01	0	|	rapi	0.03	0.03	0	|	90.0	0.03(90)	0.03(90)	|	2744	
39	440	ok	|	0.02	1.00	1.00	0.02	0.01	0	|	rapi	0.02	0.02	0	|	90.0	0.02(90)	0.02(90)	|	2744	
39	441	ok	|	0.02	1.00	1.00	0.02	0.01	0	|	rapi	0.02	0.02	0	|	90.0	0.02(90)	0.02(90)	|	2744	
39	442	ok	|	0.02	1.00	1.00	0.02	0.01	0	|	rapi	0.02	0.02	0	|	90.0	0.02(90)	0.02(90)	|	2744	
39	443	ok	|	0.02	1.00	1.00	0.02	0.01	0	|	rapi	0.02	0.02	0	|	90.0	0.02(90)	0.02(90)	|	2744	
39	444	ok	|	0.02	1.00	1.00	0.02	0.01	0	|	rapi	0.02	0.02	0	|	90.0	0.02(90)	0.02(90)	|	2744	
39	445	ok	|	0.02	1.00	1.00	0.02	0.01	0	|	rapi	0.02	0.02	0	|	90.0	0.02(90)	0.02(90)	|	2744	
39	446	ok	|	0.02	1.00	1.00	0.02	0.01	0	|	rapi	0.02	0.02	0	|	90.0	0.02(90)	0.02(90)	|	2744	
39	447	ok	|	0.02	1.00	1.00	0.02	0.01	0	|	rapi	0.02	0.02	0	|	90.0	0.02(90)	0.02(90)	|	2744	
39	448	ok	|	0.02	1.00	1.00	0.02	0.01	0	|	rapi	0.02	0.02	0	|	90.0	0.02(90)	0.02(90)	|	2744	
39	449	ok	|	0.02	1.00	1.00	0.02	0.01	0	|	rapi	0.02	0.02	0	|	90.0	0.02(90)	0.02(90)	|	2744	
39	450	ok	|	0.02	1.00	1.00	0.02	0.01	0	|	rapi	0.02	0.02	0	|	90.0	0.02(90)	0.02(90)	|	2744	
39	451	ok	|	0.02	1.00	1.00	0.02	0.01	0	|	rapi	0.02	0.02	0	|	90.0	0.02(90)	0.02(90)	|	2744	
39	452	ok	|	0.02	1.00	1.00	0.02	0.01	0	|	rapi	0.02	0.02	0	|	90.0	0.02(90)	0.02(90)	|	2744	
39	453	ok	|	0.02	1.00	1.00	0.02	0.01	0	|	rapi	0.02	0.02	0	|	90.0	0.02(90)	0.02(90)	|	2744	
39	454	ok	|	0.02	1.00	1.00	0.02	0.01	0	|	rapi	0.02	0.02	0	|	90.0	0.02(90)	0.02(90)	|	2744	
39	455	ok	|	0.02	1.00	1.00	0.02	0.01	0	|	rapi	0.02	0.02	0	|	90.0	0.02(90)	0.02(90)	|	2744	
39	456	ok	|	0.02	1.00	1.00	0.02	0.01	0	|	rapi	0.02	0.02	0	|	90.0	0.02(90)	0.02(90)	|	2744	
39	457	ok	|	0.02	1.00	1.00	0.02	0.01	0	|	rapi	0.02	0.02	0	|	90.0	0.02(90)	0.02(90)	|	2744	
39	458	ok	|	0.02	1.00	1.00	0.02	0.01	0	|	rapi	0.02	0.02	0	|	90.0	0.02(90)	0.02(90)	|	2744	
39	459	ok	|	0.01	1.00	1.00	0.01	0.01	0	|	rapi	0.01	0.01	0	|	90.0	0.01(90)	0.01(90)	|	2744	
39	460	ok	|	0.02	1.00	1.00	0.02	0.01	0	|	rapi	0.02	0.02	0	|	90.0	0.02(90)	0.02(90)	|	2744	
39	461	ok	|	0.02	1.00	1.00	0.02	0.01	0	|	rapi	0.02	0.02	0	|	90.0	0.02(90)	0.02(90)	|	2744	
39	462	ok	|	0.01	1.00	1.00	0.01	0.01	0	|	rapi	0.01	0.01	0	|	90.0	0.01(90)	0.01(90)	|	2744	
39	463	ok	|	0.01	1.00	1.00	0.01	0.01	0	|	rapi	0.01	0.01	0	|	90.0	0.01(90)	0.01(90)	|	2744	
39	464	ok	|	0.02	1.00	1.00	0.02	0.01	0	|	rapi	0.02	0.02	0	|	90.0	0.02(90)	0.02(90)	|	2744	
39	465	ok	|	0.01	1.00	1.00	0.01	0.01	0	|	rapi	0.01	0.01	0	|	90.0	0.01(90)	0.01(90)	|	2744	
39	466	ok	|	0.02	1.00	1.00	0.02	0.01	0	|	rapi	0.02	0.02	0	|	90.0	0.02(90)	0.02(90)	|	2744	
39	467	ok	|	0.02	1.00	1.00	0.02	0.01	0	|	rapi	0.02	0.02	0	|	90.0	0.02(90)	0.02(90)	|	2744	
39	468	ok	|	0.02	1.00	1.00	0.02	0.01	0	|	rapi	0.02	0.02	0	|	90.0	0.02(90)	0.02(90)	|	2744	
39	469	ok	|	0.02	1.00	1.00	0.02	0.01	0	|	rapi	0.02	0.02	0	|	90.0	0.02(90)	0.02(90)	|	2744	
39	470	ok	|	0.02	1.00	1.00	0.02	0.01	0	|	rapi	0.02	0.02	0	|	90.0	0.02(90)	0.02(90)	|	2744	
39	471	ok	|	0.02	1.00	1.00	0.02	0.01	0	|	rapi	0.02	0.02	0	|	90.0	0.02(90)	0.02(90)	|	2744	
39	472	ok	|	0.02	1.00	1.00	0.02	0.01	0	|	rapi	0.02	0.02	0	|	90.0	0.02(90)	0.02(90)	|	2744	
39	473	ok	|	0.02	1.00	1.00	0.02	0.01	0	|	rapi	0.02	0.02	0	|	90.0	0.02(90)	0.02(90)	|	2744	
39	474	ok	|	0.02	1.00	1.00	0.02	0.01	0	|	rapi	0.02	0.02	0	|	90.0	0.02(90)	0.02(90)	|	2744	
39	475	ok	|	0.02	1.00	1.00	0.02	0.01	0	|	rapi	0.02	0.02	0	|	90.0	0.02(90)	0.02(90)	|	2744	
39	476	ok	|	0.02	1.00	1.00	0.02	0.01	0	|	rapi	0.02	0.02	0	|	90.0	0.02(90)	0.02(90)	|	2744	
39	477	ok	|	0.02	1.00	1.00	0.02	0.01	0	|	rapi	0.02	0.02	0	|	90.0	0.02(90)	0.02(90)	|	2744	
39	478	ok	|	0.02	1.00	1.00	0.02	0.01	0	|	rapi	0.02	0.02	0	|	90.0	0.02(90)	0.02(90)	|	2744	
39	479	ok	|	0.02	1.00	1.00	0.02	0.01	0	|	rapi	0.02	0.02	0	|	90.0	0.02(90)	0.02(90)	|	2744	
39	480	ok	|	0.02	1.00	1.00	0.02	0.01	0	|	rapi	0.02	0.02	0	|	90.0	0.02(90)	0.02(90)	|	2744	
39	481	ok	|	0.02	1.00	1.00	0.02	0.01	0	|	rapi	0.02	0.02	0	|	90.0	0.02(90)	0.02(90)	|	2744	
39	482	ok	|	0.02	1.00	1.00	0.02	0.01	0	|	rapi	0.02	0.02	0	|	90.0	0.02(90)	0.02(90)	|	2744	
39	483	ok	|	0.02	1.00	1.00	0.02	0.01	0	|	rapi	0.02	0.02	0	|	90.0	0.02(90)	0.02(90)	|	2744	
39	484	ok	|	0.02	1.00	1.00	0.02	0.01	0	|	rapi	0.02	0.02	0	|	90.0	0.02(90)	0.02(90)	|	2744	
39	485	ok	|	0.02	1.00	1.00	0.02	0.01	0	|	rapi	0.02	0.02	0	|	90.0	0.02(90)	0.02(90)	|	2744	
39	486	ok	|	0.02	1.00	1.00	0.02	0.01	0	|	rapi	0.02	0.02	0	|	90.0	0.02(90)	0.02(90)	|	2744	
39	487	ok	|	0.02	1.00	1.00	0.02	0.01	0	|	rapi	0.02	0.02	0	|	90.0	0.02(90)	0.02(90)	|	2744	
39	488	ok	|	0.02	1.00	1.00	0.02	0.01	0	|	rapi	0.02	0.02	0	|	90.0	0.02(90)	0.02(90)	|	2744	
39	489	ok	|	0.02	1.00	1.00	0.02	0.01	0	|	rapi	0.02	0.02	0	|	90.0	0.02(90)	0.02(90)	|	2744	
39	490	ok	|	0.01	1.00	1.00	0.01	0.01	0	|	rapi	0.01	0.01	0	|	90.0	0.01(90)	0.01(90)	|	2744	
39	491	ok	|	0.01	1.00	1.00	0.01	0.01	0	|	rapi	0.01	0.01	0	|	90.0	0.01(90)	0.01(90)	|	2744	
39	492	ok	|	0.01	1.00	1.00	0.01	0.01	0	|	rapi	0.01	0.01	0	|	90.0	0.01(90)	0.01(90)	|	2744	
39	493	ok	|	0.01	1.00	1.00	0.01	0.01	0	|	rapi	0.01	0.01	0	|	90.0	0.01(90)	0.01(90)	|	2744	
39	494	ok	|	0.01	1.00	1.00	0.01	0.01	0	|	rapi	0.01	0.01	0	|	90.0	0.01(90)	0.01(90)	|	2744	
39	495	ok	|	0.01	1.00	1.00	0.01	0.01	0	|	rapi	0.01	0.01	0	|	90.0	0.01(90)	0.01(90)	|	2744	
39	496	ok	|	0.01	1.00	1.00	0.01	0.01	0	|	rapi	0.01	0.01	0	|	90.0	0.01(90)	0.01(90)	|	2744	
39	497	ok	|	0.01	1.00	1.00	0.01	0.01	0	|	rapi	0.01	0.01	0	|	90.0	0.01(90)	0.01(90)	|	2744	
39	498	ok	|	0.01	1.00	1.00	0.01	0.00	0	|	rapi	0.01	0.01	0	|	90.0	0.01(90)	0.01(90)	|	2744	
39	499	ok	|	0.01	1.00	1.00	0.01	0.01	0	|	rapi	0.01	0.01	0	|	90.0	0.01(90)	0.01(90)	|	2744	
39	500	ok	|	0.01	1.00	1.00	0.01	0.00	0	|	rapi	0.01	0.01	0	|	90.0	0.01(90)	0.01(90)	|	2744	
39	501	ok	|	0.01	1.00	1.00	0.01	0.01	0	|	rapi	0.01	0.01	0	|	90.0	0.01(90)	0.01(90)	|	2744	
39	502	ok	|	0.01	1.00	1.00	0.01	0.01	0	|	rapi	0.01	0.01	0	|	90.0	0.01(90)	0.01(90)	|	2744	
39	503	ok	|	0.01	1.00	1.00	0.01	0.00	0	|	rapi	0.01	0.01	0	|	90.0	0.01(90)	0.01(90)	|	2744	
39	504	ok	|	0.01	1.00	1.00	0.01	0.01	0	|	rapi	0.01	0.01	0	|	90.0	0.01(90)	0.01(90)	|	2744	
39	505	ok	|	0.01	1.00	1.00	0.01	0.00	0	|	rapi	0.01	0.01	0	|	90.0	0.01(90)	0.01(90)	|	2744	
39	506	ok	|	0.01	1.00	1.00	0.01	0.00	0	|	rapi	0.01	0.01	0	|	90.0	0.01(90)	0.01(90)	|	2744	
39	507	ok	|	0.01	1.00	1.00	0.01	0.00	0	|	rapi	0.01	0.01	0	|	90.0	0.01(90)	0.01(90)	|	2744	
39	508	ok	|	0.01	1.00	1.00	0.01	0.00	0	|	rapi	0.01	0.01	0	|	90.0	0.01(90)	0.01(90)	|	2744	
39	509	ok	|	0.01	1.00	1.00	0.01	0.00	0	|	rapi	0.01	0.01	0	|	90.0	0.01(90)	0.01(90)	|	2744	
39	510	ok	|	0.01	1.00	1.00	0.01	0.00	0	|	rapi	0.01	0.01	0	|	90.0	0.01(90)	0.01(90)	|	2744	
39	511	ok	|	0.01	1.00	1.00	0.01	0.00	0	|	rapi	0.01	0.01	0	|	90.0	0.01(90)	0.01(90)	|	2744	
39	512	ok	|	0.01	1.00	1.00	0.01	0.00	0	|	rapi	0.01	0.01	0	|	90.0	0.01(90)	0.01(90)	|	2744	
39	513	ok	|	0.01	1.00	1.00	0.01	0.00	0	|	rapi	0.01	0.01	0	|	90.0	0.01(90)	0.01(90)	|	2744	
39	514	ok	|	0.01	1.00	1.00	0.01	0.00	0	|	rapi	0.01	0.01	0	|	90.0	0.01(90)	0.01(90)	|	2744	
39	515	ok	|	0.01	1.00	1.00	0.01	0.00	0	|	rapi	0.01	0.01	0	|	90.0	0.01(90)	0.01(90)	|	2744	
39	516	ok	|	0.00	1.00	1.00	0.00	0.00	0	|	rapi	0.00	0.00	0	|	90.0	0.00(90)	0.00(90)	|	2744	
39	517	ok	|	0.00	1.00	1.00	0.00	0.00	0	|	rapi	0.00	0.00	0	|	90.0	0.00(90)	0.00(90)	|	2744	
39	518	ok	|	0.00	1.00	1.00	0.00	0.00	0	|	rapi	0.00	0.00	0	|	90.0	0.00(90)	0.00(90)	|	2744	
39	519	ok	|	0.00	1.00	1.00	0.00	0.00	0	|	rapi	0.00	0.00	0	|	90.0	0.00(90)	0.00(90)	|	2744	
39	520	ok	|	0.00	1.00	1.00	0.00	0.00	0	|	rapi	0.00	0.00	0	|	90.0	0.00(90)	0.00(90)	|	2744	
39	521	ok	|	0.00	1.00	1.00	0.00	0.00	0	|	rapi	0.00	0.00	0	|	90.0	0.00(90)	0.00(90)	|	2744	
39	522	ok	|	0.00	1.00	1.00	0.00	0.00	0	|	rapi	0.00	0.00	0	|	90.0	0.00(90)	0.00(90)	|	2744	
39	523	ok	|	0.00	1.00	1.00	0.00	0.00	0	|	rapi	0.00	0.00	0	|	90.0	0.00(90)	0.00(90)	|	2744	
39	524	ok	|	0.00	1.00	1.00	0.00	0.00	0	|	rapi	0.00	0.00	0	|	90.0	0.00(90)	0.00(90)	|	2744	
39	525	ok	|	0.00	1.00	1.00	0.00	0.00	0	|	rapi	0.00	0.00	0	|	90.0	0.00(90)	0.00(90)	|	2744	
39	526	ok	|	0.00	1.00	1.00	0.00	0.00	0	|	rapi	0.00	0.00	0	|	90.0	0.00(90)	0.00(90)	|	2744	
39	527	ok	|	0.00	1.00	1.00	0.00	0.00	0	|	rapi	0.00	0.00	0	|	90.0	0.00(90)	0.00(90)	|	2744	
39	528	ok	|	0.00	1.00	1.00	0.00	0.00	0	|	rapi	0.00	0.00	0	|	90.0	0.00(90)	0.00(90)	|	2744	
39	529	ok	|	0.00	1.00	1.00	0.00	0.00	0	|	rapi	0.00	0.00	0	|	90.0	0.00(90)	0.00(90)	|	2744	
39	530	ok	|	0.00	1.00	1.00	0.00	0.00	0	|	rapi	0.00	0.00	0	|	90.0	0.00(90)	0.00(90)	|	2744	
39	531	ok	|	0.00	1.00	1.00	0.00	0.00	0	|	rapi	0.00	0.00	0	|	90.0	0.00(90)	0.00(90)	|	2744	
39	532	ok	|	0.00	1.00	1.00	0.00	0.00	0	|	rapi	0.00	0.00	0	|	90.0	0.00(90)	0.00(90)	|	2744	
39	533	ok	|	0.00	1.00	1.00	0.00	0.00	0	|	rapi	0.00	0.00	0	|	90.0	0.00(90)	0.00(90)	|	2744	
39	534	ok	|	0.00	1.00	1.00	0.00	0.00	0	|	rapi	0.00	0.00	0	|	90.0	0.00(90)	0.00(90)	|	2744	
39	535	ok	|	0.00	1.00	1.00	0.00	0.00	0	|	rapi	0.00	0.00	0	|	90.0	0.00(90)	0.00(90)	|	2744	
39	536	ok	|	0.00	1.00	1.00	0.00	0.00	0	|	rapi	0.00	0.00	0	|	90.0	0.00(90)	0.00(90)	|	2744	
39	537	ok	|	0.00	1.00	1.00	0.00	0.00	0	|	rapi	0.00	0.00	0	|	90.0	0.00(90)	0.00(90)	|	2744	
39	538	ok	|	0.00	1.00	1.00	0.00	0.00	0	|	rapi	0.00	0.00	0	|	90.0	0.00(90)	0.00(90)	|	2744	
39	539	ok	|	0.00	1.00	1.00	0.00	0.00	0	|	rapi	0.00	0.00	0	|	90.0	0.00(90)	0.00(90)	|	2744	
39	540	ok	|	0.00	1.00	1.00	0.00	0.00	0	|	rapi	0.00	0.00	0	|	90.0	0.00(90)	0.00(90)	|	2744	
39	541	ok	|	0.00	1.00	1.00	0.00	0.00	0	|	rapi	0.00	0.00	0	|	90.0	0.00(90)	0.00(90)	|	2744	
39	542	fail-0	|	0.00	1.00	1.00	0.00	NaN	0	|	rapi	0.00	0.00	0	|	NaN			|	2744	
