59	0	ok	|	0.02	1.00	1.00	0.02	0.00	0	|	rapi	0.01	0.01	0	|	50.0	0.02(50)	0.01(50)	|	4406	
59	1	ok	|	0.02	1.00	1.00	0.02	0.00	0	|	rapi	0.02	0.02	0	|	50.0	0.02(50)	0.02(50)	|	4406	
59	2	ok	|	0.02	1.00	1.00	0.02	0.00	0	|	rapi	0.02	0.02	0	|	50.0	0.02(50)	0.02(50)	|	4406	
59	3	ok	|	0.02	1.00	1.00	0.03	0.00	0	|	rapi	0.02	0.02	0	|	50.0	0.03(50)	0.02(50)	|	4406	
59	4	ok	|	0.02	1.00	1.00	0.02	0.00	0	|	rapi	0.02	0.02	0	|	50.0	0.02(50)	0.02(50)	|	4406	
59	5	ok	|	0.02	1.00	1.00	0.02	0.00	0	|	rapi	0.02	0.02	0	|	50.0	0.02(50)	0.02(50)	|	4406	
59	6	ok	|	0.02	1.00	1.00	0.02	0.00	0	|	rapi	0.02	0.02	0	|	50.0	0.02(50)	0.02(50)	|	4406	
59	7	ok	|	0.02	1.00	1.00	0.02	0.00	0	|	rapi	0.02	0.02	0	|	50.0	0.02(50)	0.02(50)	|	4406	
59	8	ok	|	0.02	1.00	1.00	0.02	0.00	0	|	rapi	0.02	0.02	0	|	50.0	0.02(50)	0.02(50)	|	4406	
59	9	ok	|	0.02	1.00	1.00	0.02	0.00	0	|	rapi	0.01	0.01	0	|	50.0	0.02(50)	0.01(50)	|	4406	
59	10	ok	|	0.02	1.00	1.00	0.02	0.00	0	|	rapi	0.02	0.02	0	|	50.0	0.02(50)	0.02(50)	|	4406	
59	11	ok	|	0.02	1.00	1.00	0.02	0.00	0	|	rapi	0.02	0.02	0	|	50.0	0.02(50)	0.02(50)	|	4406	
59	12	ok	|	0.02	1.00	1.00	0.02	0.00	0	|	rapi	0.02	0.02	0	|	50.0	0.02(50)	0.02(50)	|	4406	
59	13	ok	|	0.02	1.00	1.00	0.02	0.00	0	|	rapi	0.02	0.02	0	|	50.0	0.02(50)	0.02(50)	|	4406	
59	14	ok	|	0.02	1.00	1.00	0.02	0.00	0	|	rapi	0.02	0.02	0	|	50.0	0.02(50)	0.02(50)	|	4406	
59	15	ok	|	0.03	1.00	1.00	0.03	0.00	0	|	rapi	0.02	0.02	0	|	50.0	0.03(50)	0.02(50)	|	4406	
59	16	ok	|	0.03	1.00	1.00	0.03	0.00	0	|	rapi	0.02	0.02	0	|	50.0	0.03(50)	0.02(50)	|	4406	
59	17	ok	|	0.03	1.00	1.00	0.03	0.00	0	|	rapi	0.03	0.03	0	|	50.0	0.03(50)	0.03(50)	|	4406	
59	18	ok	|	0.03	1.00	1.00	0.03	0.00	0	|	rapi	0.03	0.03	0	|	50.0	0.03(50)	0.03(50)	|	4406	
59	19	ok	|	0.03	1.00	1.00	0.04	0.00	0	|	rapi	0.03	0.03	0	|	50.0	0.04(50)	0.03(50)	|	4406	
59	20	ok	|	0.03	1.00	1.00	0.03	0.00	0	|	rapi	0.03	0.03	0	|	50.0	0.03(50)	0.03(50)	|	4406	
59	21	ok	|	0.03	1.00	1.00	0.04	0.00	0	|	rapi	0.03	0.03	0	|	50.0	0.04(50)	0.03(50)	|	4406	
59	22	ok	|	0.03	1.00	1.00	0.04	0.00	0	|	rapi	0.03	0.03	0	|	50.0	0.04(50)	0.03(50)	|	4406	
59	23	ok	|	0.03	1.00	1.00	0.04	0.00	0	|	rapi	0.03	0.03	0	|	50.0	0.04(50)	0.03(50)	|	4406	
59	24	ok	|	0.03	1.00	1.00	0.04	0.00	0	|	rapi	0.03	0.03	0	|	50.0	0.04(50)	0.03(50)	|	4406	
59	25	ok	|	0.03	1.00	1.00	0.04	0.00	0	|	rapi	0.03	0.03	0	|	50.0	0.04(50)	0.03(50)	|	4406	
59	26	ok	|	0.04	1.00	1.00	0.04	0.00	0	|	rapi	0.03	0.03	0	|	50.0	0.04(50)	0.03(50)	|	4406	
59	27	ok	|	0.04	1.00	1.00	0.04	0.00	0	|	rapi	0.03	0.03	0	|	50.0	0.04(50)	0.03(50)	|	4406	
59	28	ok	|	0.04	1.00	1.00	0.04	0.00	0	|	rapi	0.03	0.03	0	|	50.0	0.04(50)	0.03(50)	|	4406	
59	29	ok	|	0.04	1.00	1.00	0.04	0.00	0	|	rapi	0.04	0.04	0	|	50.0	0.04(50)	0.04(50)	|	4406	
59	30	ok	|	0.04	1.00	1.00	0.04	0.00	0	|	rapi	0.03	0.03	0	|	50.0	0.04(50)	0.03(50)	|	4406	
59	31	ok	|	0.04	1.00	1.00	0.04	0.00	0	|	rapi	0.03	0.03	0	|	50.0	0.04(50)	0.03(50)	|	4406	
59	32	ok	|	0.04	1.00	1.00	0.04	0.00	0	|	rapi	0.03	0.03	0	|	50.0	0.04(50)	0.03(50)	|	4406	
59	33	ok	|	0.04	1.00	1.00	0.04	0.00	0	|	rapi	0.03	0.03	0	|	50.0	0.04(50)	0.03(50)	|	4406	
59	34	ok	|	0.04	1.00	1.00	0.04	0.00	0	|	rapi	0.04	0.04	0	|	50.0	0.04(50)	0.04(50)	|	4406	
59	35	ok	|	0.04	1.00	1.00	0.04	0.00	0	|	rapi	0.04	0.04	0	|	50.0	0.04(50)	0.04(50)	|	4406	
59	36	ok	|	0.04	1.00	1.00	0.04	0.00	0	|	rapi	0.03	0.04	0	|	50.0	0.04(50)	0.04(50)	|	4406	
59	37	ok	|	0.04	1.00	1.00	0.04	0.00	0	|	rapi	0.03	0.04	0	|	50.0	0.04(50)	0.04(50)	|	4406	
59	38	ok	|	0.04	1.00	1.00	0.04	0.00	0	|	rapi	0.04	0.04	0	|	50.0	0.04(50)	0.04(50)	|	4406	
59	39	ok	|	0.04	1.00	1.00	0.04	0.00	0	|	rapi	0.03	0.03	0	|	50.0	0.04(50)	0.03(50)	|	4406	
59	40	ok	|	0.04	1.00	1.00	0.04	0.00	0	|	rapi	0.03	0.03	0	|	50.0	0.04(50)	0.03(50)	|	4406	
59	41	ok	|	0.04	1.00	1.00	0.04	0.00	0	|	rapi	0.03	0.03	0	|	50.0	0.04(50)	0.03(50)	|	4406	
59	42	ok	|	0.04	1.00	1.00	0.04	0.00	0	|	rapi	0.03	0.03	0	|	50.0	0.04(50)	0.03(50)	|	4406	
59	43	ok	|	0.04	1.00	1.00	0.04	0.00	0	|	rapi	0.04	0.04	0	|	50.0	0.04(50)	0.04(50)	|	4406	
59	44	ok	|	0.04	1.00	1.00	0.04	0.00	0	|	rapi	0.03	0.04	0	|	50.0	0.04(50)	0.04(50)	|	4406	
59	45	ok	|	0.04	1.00	1.00	0.04	0.00	0	|	rapi	0.03	0.03	0	|	50.0	0.04(50)	0.03(50)	|	4406	
59	46	ok	|	0.04	1.00	1.00	0.04	0.00	0	|	rapi	0.04	0.04	0	|	50.0	0.04(50)	0.04(50)	|	4406	
59	47	ok	|	0.04	1.00	1.00	0.04	0.00	0	|	rapi	0.04	0.04	0	|	50.0	0.04(50)	0.04(50)	|	4406	
59	48	ok	|	0.04	1.00	1.00	0.04	0.00	0	|	rapi	0.04	0.04	0	|	50.0	0.04(50)	0.04(50)	|	4406	
59	49	ok	|	0.04	1.00	1.00	0.04	0.00	0	|	rapi	0.04	0.04	0	|	50.0	0.04(50)	0.04(50)	|	4406	
59	50	ok	|	0.04	1.00	1.00	0.04	0.00	0	|	rapi	0.03	0.03	0	|	50.0	0.04(50)	0.03(50)	|	4406	
59	51	ok	|	0.04	1.00	1.00	0.04	0.00	0	|	rapi	0.04	0.04	0	|	50.0	0.04(50)	0.04(50)	|	4406	
59	52	ok	|	0.04	1.00	1.00	0.04	0.00	0	|	rapi	0.04	0.04	0	|	50.0	0.04(50)	0.04(50)	|	4406	
59	53	ok	|	0.04	1.00	1.00	0.04	0.00	0	|	rapi	0.04	0.04	0	|	50.0	0.04(50)	0.04(50)	|	4406	
59	54	ok	|	0.03	1.00	1.00	0.03	0.00	0	|	rapi	0.03	0.03	0	|	50.0	0.03(50)	0.03(50)	|	4406	
59	55	ok	|	0.03	1.00	1.00	0.03	0.00	0	|	rapi	0.03	0.03	0	|	50.0	0.03(50)	0.03(50)	|	4406	
59	56	ok	|	0.03	1.00	1.00	0.03	0.00	0	|	rapi	0.03	0.03	0	|	50.0	0.03(50)	0.03(50)	|	4406	
59	57	ok	|	0.03	1.00	1.00	0.03	0.00	0	|	rapi	0.03	0.03	0	|	50.0	0.03(50)	0.03(50)	|	4406	
59	58	ok	|	0.02	1.00	1.00	0.02	0.00	0	|	rapi	0.02	0.02	0	|	50.0	0.02(50)	0.02(50)	|	4406	
59	59	ok	|	0.02	1.00	1.00	0.02	0.00	0	|	rapi	0.02	0.02	0	|	50.0	0.02(50)	0.02(50)	|	4406	
59	60	ok	|	0.02	1.00	1.00	0.02	0.00	0	|	rapi	0.02	0.02	0	|	50.0	0.02(50)	0.02(50)	|	4406	
59	61	ok	|	0.02	1.00	1.00	0.02	0.00	0	|	rapi	0.02	0.02	0	|	50.0	0.02(50)	0.02(50)	|	4406	
59	62	ok	|	0.02	1.00	1.00	0.02	0.00	0	|	rapi	0.02	0.02	0	|	50.0	0.02(50)	0.02(50)	|	4406	
59	63	ok	|	0.02	1.00	1.00	0.02	0.00	0	|	rapi	0.02	0.02	0	|	50.0	0.02(50)	0.02(50)	|	4406	
59	64	ok	|	0.02	1.00	1.00	0.02	0.00	0	|	rapi	0.02	0.02	0	|	50.0	0.02(50)	0.02(50)	|	4406	
59	65	ok	|	0.02	1.00	1.00	0.02	0.00	0	|	rapi	0.02	0.02	0	|	50.0	0.02(50)	0.02(50)	|	4406	
59	66	ok	|	0.02	1.00	1.00	0.02	0.00	0	|	rapi	0.02	0.02	0	|	50.0	0.02(50)	0.02(50)	|	4406	
59	67	ok	|	0.02	1.00	1.00	0.02	0.00	0	|	rapi	0.02	0.02	0	|	50.0	0.02(50)	0.02(50)	|	4406	
59	68	ok	|	0.02	1.00	1.00	0.02	0.00	0	|	rapi	0.02	0.02	0	|	50.0	0.02(50)	0.02(50)	|	4406	
59	69	ok	|	0.02	1.00	1.00	0.02	0.00	0	|	rapi	0.02	0.02	0	|	50.0	0.02(50)	0.02(50)	|	4406	
59	70	ok	|	0.02	1.00	1.00	0.02	0.00	0	|	rapi	0.02	0.02	0	|	50.0	0.02(50)	0.02(50)	|	4406	
59	71	ok	|	0.03	1.00	1.00	0.03	0.00	0	|	rapi	0.03	0.03	0	|	50.0	0.03(50)	0.03(50)	|	4406	
59	72	ok	|	0.03	1.00	1.00	0.03	0.00	0	|	rapi	0.03	0.03	0	|	50.0	0.03(50)	0.03(50)	|	4406	
59	73	ok	|	0.03	1.00	1.00	0.03	0.00	0	|	rapi	0.03	0.03	0	|	50.0	0.03(50)	0.03(50)	|	4406	
59	74	ok	|	0.03	1.00	1.00	0.03	0.00	0	|	rapi	0.03	0.03	0	|	50.0	0.03(50)	0.03(50)	|	4406	
59	75	ok	|	0.03	1.00	1.00	0.03	0.00	0	|	rapi	0.03	0.03	0	|	50.0	0.03(50)	0.03(50)	|	4406	
59	76	ok	|	0.03	1.00	1.00	0.03	0.00	0	|	rapi	0.03	0.03	0	|	50.0	0.03(50)	0.03(50)	|	4406	
59	77	ok	|	0.03	1.00	1.00	0.03	0.00	0	|	rapi	0.03	0.03	0	|	50.0	0.03(50)	0.03(50)	|	4406	
59	78	ok	|	0.03	1.00	1.00	0.03	0.00	0	|	rapi	0.03	0.03	0	|	50.0	0.03(50)	0.03(50)	|	4406	
59	79	ok	|	0.03	1.00	1.00	0.03	0.00	0	|	rapi	0.03	0.03	0	|	50.0	0.03(50)	0.03(50)	|	4406	
59	80	ok	|	0.03	1.00	1.00	0.03	0.00	0	|	rapi	0.03	0.03	0	|	50.0	0.03(50)	0.03(50)	|	4406	
59	81	ok	|	0.03	1.00	1.00	0.03	0.00	0	|	rapi	0.03	0.03	0	|	50.0	0.03(50)	0.03(50)	|	4406	
59	82	ok	|	0.03	1.00	1.00	0.03	0.00	0	|	rapi	0.03	0.03	0	|	50.0	0.03(50)	0.03(50)	|	4406	
59	83	ok	|	0.03	1.00	1.00	0.03	0.00	0	|	rapi	0.03	0.03	0	|	50.0	0.03(50)	0.03(50)	|	4406	
59	84	ok	|	0.03	1.00	1.00	0.03	0.00	0	|	rapi	0.03	0.03	0	|	50.0	0.03(50)	0.03(50)	|	4406	
59	85	ok	|	0.03	1.00	1.00	0.03	0.00	0	|	rapi	0.03	0.03	0	|	50.0	0.03(50)	0.03(50)	|	4406	
59	86	ok	|	0.03	1.00	1.00	0.03	0.00	0	|	rapi	0.03	0.03	0	|	50.0	0.03(50)	0.03(50)	|	4406	
59	87	ok	|	0.02	1.00	1.00	0.02	0.00	0	|	rapi	0.02	0.02	0	|	50.0	0.02(50)	0.02(50)	|	4406	
59	88	ok	|	0.02	1.00	1.00	0.02	0.00	0	|	rapi	0.02	0.02	0	|	50.0	0.02(50)	0.02(50)	|	4406	
59	89	ok	|	0.02	1.00	1.00	0.02	0.00	0	|	rapi	0.02	0.02	0	|	50.0	0.02(50)	0.02(50)	|	4406	
59	90	ok	|	0.02	1.00	1.00	0.02	0.00	0	|	rapi	0.02	0.02	0	|	50.0	0.02(50)	0.02(50)	|	4406	
59	91	ok	|	0.02	1.00	1.00	0.02	0.00	0	|	rapi	0.02	0.02	0	|	50.0	0.02(50)	0.02(50)	|	4406	
59	92	ok	|	0.01	1.00	1.00	0.01	0.00	0	|	rapi	0.01	0.01	0	|	50.0	0.01(50)	0.01(50)	|	4406	
59	93	ok	|	0.01	1.00	1.00	0.01	0.00	0	|	rapi	0.01	0.01	0	|	50.0	0.01(50)	0.01(50)	|	4406	
59	94	ok	|	0.01	1.00	1.00	0.01	0.00	0	|	rapi	0.01	0.01	0	|	50.0	0.01(50)	0.01(50)	|	4406	
59	95	ok	|	0.01	1.00	1.00	0.01	0.00	0	|	rapi	0.01	0.01	0	|	50.0	0.01(50)	0.01(50)	|	4406	
59	96	ok	|	0.01	1.00	1.00	0.01	0.00	0	|	rapi	0.01	0.01	0	|	50.0	0.01(50)	0.01(50)	|	4406	
59	97	ok	|	0.02	1.00	1.00	0.02	0.00	0	|	rapi	0.02	0.02	0	|	50.0	0.02(50)	0.02(50)	|	4406	
59	98	ok	|	0.01	1.00	1.00	0.01	0.00	0	|	rapi	0.01	0.01	0	|	50.0	0.01(50)	0.01(50)	|	4406	
59	99	ok	|	0.02	1.00	1.00	0.02	0.00	0	|	rapi	0.02	0.02	0	|	50.0	0.02(50)	0.02(50)	|	4406	
59	100	ok	|	0.02	1.00	1.00	0.02	0.00	0	|	rapi	0.02	0.02	0	|	50.0	0.02(50)	0.02(50)	|	4406	
59	101	ok	|	0.02	1.00	1.00	0.02	0.00	0	|	rapi	0.02	0.02	0	|	50.0	0.02(50)	0.02(50)	|	4406	
59	102	ok	|	0.02	1.00	1.00	0.02	0.00	0	|	rapi	0.02	0.02	0	|	50.0	0.02(50)	0.02(50)	|	4406	
59	103	ok	|	0.02	1.00	1.00	0.02	0.00	0	|	rapi	0.02	0.02	0	|	50.0	0.02(50)	0.02(50)	|	4406	
59	104	ok	|	0.02	1.00	1.00	0.02	0.00	0	|	rapi	0.02	0.02	0	|	50.0	0.02(50)	0.02(50)	|	4406	
59	105	ok	|	0.02	1.00	1.00	0.02	0.00	0	|	rapi	0.02	0.02	0	|	50.0	0.02(50)	0.02(50)	|	4406	
59	106	ok	|	0.02	1.00	1.00	0.02	0.00	0	|	rapi	0.02	0.02	0	|	50.0	0.02(50)	0.02(50)	|	4406	
59	107	ok	|	0.02	1.00	1.00	0.02	0.00	0	|	rapi	0.02	0.02	0	|	50.0	0.02(50)	0.02(50)	|	4406	
59	108	ok	|	0.02	1.00	1.00	0.02	0.00	0	|	rapi	0.02	0.02	0	|	50.0	0.02(50)	0.02(50)	|	4406	
59	109	ok	|	0.02	1.00	1.00	0.02	0.00	0	|	rapi	0.02	0.02	0	|	50.0	0.02(50)	0.02(50)	|	4406	
59	110	ok	|	0.02	1.00	1.00	0.02	0.00	0	|	rapi	0.02	0.02	0	|	50.0	0.02(50)	0.02(50)	|	4406	
59	111	ok	|	0.02	1.00	1.00	0.02	0.00	0	|	rapi	0.02	0.02	0	|	50.0	0.02(50)	0.02(50)	|	4406	
59	112	ok	|	0.02	1.00	1.00	0.02	0.00	0	|	rapi	0.02	0.02	0	|	50.0	0.02(50)	0.02(50)	|	4406	
59	113	ok	|	0.02	1.00	1.00	0.02	0.00	0	|	rapi	0.02	0.02	0	|	50.0	0.02(50)	0.02(50)	|	4406	
59	114	ok	|	0.02	1.00	1.00	0.02	0.00	0	|	rapi	0.02	0.02	0	|	50.0	0.02(50)	0.02(50)	|	4406	
59	115	ok	|	0.02	1.00	1.00	0.02	0.00	0	|	rapi	0.02	0.02	0	|	50.0	0.02(50)	0.02(50)	|	4406	
59	116	ok	|	0.02	1.00	1.00	0.02	0.00	0	|	rapi	0.02	0.02	0	|	50.0	0.02(50)	0.02(50)	|	4406	
59	117	ok	|	0.02	1.00	1.00	0.02	0.00	0	|	rapi	0.02	0.02	0	|	50.0	0.02(50)	0.02(50)	|	4406	
59	118	ok	|	0.02	1.00	1.00	0.02	0.00	0	|	rapi	0.02	0.02	0	|	50.0	0.02(50)	0.02(50)	|	4406	
59	119	ok	|	0.02	1.00	1.00	0.02	0.00	0	|	rapi	0.02	0.02	0	|	50.0	0.02(50)	0.02(50)	|	4406	
59	120	ok	|	0.02	1.00	1.00	0.02	0.00	0	|	rapi	0.02	0.02	0	|	50.0	0.02(50)	0.02(50)	|	4406	
59	121	ok	|	0.02	1.00	1.00	0.02	0.00	0	|	rapi	0.02	0.02	0	|	50.0	0.02(50)	0.02(50)	|	4406	
59	122	ok	|	0.01	1.00	1.00	0.01	0.00	0	|	rapi	0.01	0.01	0	|	50.0	0.01(50)	0.01(50)	|	4406	
59	123	ok	|	0.01	1.00	1.00	0.01	0.00	0	|	rapi	0.01	0.01	0	|	50.0	0.01(50)	0.01(50)	|	4406	
59	124	ok	|	0.01	1.00	1.00	0.02	0.00	0	|	rapi	0.01	0.02	0	|	50.0	0.02(50)	0.02(50)	|	4406	
59	125	ok	|	0.02	1.00	1.00	0.02	0.00	0	|	rapi	0.02	0.02	0	|	50.0	0.02(50)	0.02(50)	|	4406	
59	126	ok	|	0.01	1.00	1.00	0.02	0.00	0	|	rapi	0.01	0.02	0	|	50.0	0.02(50)	0.02(50)	|	4406	
59	127	ok	|	0.01	1.00	1.00	0.01	0.00	0	|	rapi	0.01	0.01	0	|	50.0	0.01(50)	0.01(50)	|	4406	
59	128	ok	|	0.02	1.00	1.00	0.02	0.00	0	|	rapi	0.02	0.02	0	|	50.0	0.02(50)	0.02(50)	|	4406	
59	129	ok	|	0.02	1.00	1.00	0.02	0.00	0	|	rapi	0.02	0.02	0	|	50.0	0.02(50)	0.02(50)	|	4406	
59	130	ok	|	0.02	1.00	1.00	0.02	0.00	0	|	rapi	0.02	0.02	0	|	50.0	0.02(50)	0.02(50)	|	4406	
59	131	ok	|	0.02	1.00	1.00	0.02	0.00	0	|	rapi	0.02	0.02	0	|	50.0	0.02(50)	0.02(50)	|	4406	
59	132	ok	|	0.02	1.00	1.00	0.02	0.00	0	|	rapi	0.02	0.02	0	|	50.0	0.02(50)	0.02(50)	|	4406	
59	133	ok	|	0.01	1.00	1.00	0.01	0.00	0	|	rapi	0.01	0.01	0	|	50.0	0.01(50)	0.01(50)	|	4406	
59	134	ok	|	0.01	1.00	1.00	0.01	0.00	0	|	rapi	0.01	0.01	0	|	50.0	0.01(50)	0.01(50)	|	4406	
59	135	ok	|	0.01	1.00	1.00	0.01	0.00	0	|	rapi	0.01	0.01	0	|	50.0	0.01(50)	0.01(50)	|	4406	
59	136	ok	|	0.01	1.00	1.00	0.01	0.00	0	|	rapi	0.01	0.01	0	|	50.0	0.01(50)	0.01(50)	|	4406	
59	137	ok	|	0.02	1.00	1.00	0.02	0.00	0	|	rapi	0.02	0.02	0	|	50.0	0.02(50)	0.02(50)	|	4406	
59	138	ok	|	0.02	1.00	1.00	0.02	0.00	0	|	rapi	0.02	0.02	0	|	50.0	0.02(50)	0.02(50)	|	4406	
59	139	ok	|	0.02	1.00	1.00	0.02	0.00	0	|	rapi	0.02	0.02	0	|	50.0	0.02(50)	0.02(50)	|	4406	
59	140	ok	|	0.01	1.00	1.00	0.01	0.00	0	|	rapi	0.01	0.01	0	|	50.0	0.01(50)	0.01(50)	|	4406	
59	141	ok	|	0.01	1.00	1.00	0.01	0.00	0	|	rapi	0.01	0.01	0	|	50.0	0.01(50)	0.01(50)	|	4406	
59	142	ok	|	0.01	1.00	1.00	0.01	0.00	0	|	rapi	0.01	0.01	0	|	50.0	0.01(50)	0.01(50)	|	4406	
59	143	ok	|	0.01	1.00	1.00	0.01	0.00	0	|	rapi	0.01	0.01	0	|	50.0	0.01(50)	0.01(50)	|	4406	
59	144	ok	|	0.01	1.00	1.00	0.01	0.00	0	|	rapi	0.01	0.01	0	|	50.0	0.01(50)	0.01(50)	|	4406	
59	145	ok	|	0.01	1.00	1.00	0.01	0.00	0	|	rapi	0.01	0.01	0	|	50.0	0.01(50)	0.01(50)	|	4406	
59	146	ok	|	0.01	1.00	1.00	0.01	0.00	0	|	rapi	0.01	0.01	0	|	50.0	0.01(50)	0.01(50)	|	4406	
59	147	ok	|	0.01	1.00	1.00	0.01	0.00	0	|	rapi	0.01	0.01	0	|	50.0	0.01(50)	0.01(50)	|	4406	
59	148	ok	|	0.01	1.00	1.00	0.01	0.00	0	|	rapi	0.01	0.01	0	|	50.0	0.01(50)	0.01(50)	|	4406	
59	149	ok	|	0.01	1.00	1.00	0.01	0.00	0	|	rapi	0.01	0.01	0	|	50.0	0.01(50)	0.01(50)	|	4406	
59	150	ok	|	0.01	1.00	1.00	0.01	0.00	0	|	rapi	0.01	0.01	0	|	50.0	0.01(50)	0.01(50)	|	4406	
59	151	ok	|	0.01	1.00	1.00	0.01	0.00	0	|	rapi	0.01	0.01	0	|	50.0	0.01(50)	0.01(50)	|	4406	
59	152	ok	|	0.01	1.00	1.00	0.01	0.00	0	|	rapi	0.01	0.01	0	|	50.0	0.01(50)	0.01(50)	|	4406	
59	153	ok	|	0.01	1.00	1.00	0.01	0.00	0	|	rapi	0.01	0.01	0	|	50.0	0.01(50)	0.01(50)	|	4406	
59	154	ok	|	0.01	1.00	1.00	0.01	0.00	0	|	rapi	0.01	0.01	0	|	50.0	0.01(50)	0.01(50)	|	4406	
59	155	ok	|	0.01	1.00	1.00	0.01	0.00	0	|	rapi	0.01	0.01	0	|	50.0	0.01(50)	0.01(50)	|	4406	
59	156	ok	|	0.01	1.00	1.00	0.01	0.00	0	|	rapi	0.01	0.01	0	|	50.0	0.01(50)	0.01(50)	|	4406	
59	157	ok	|	0.02	1.00	1.00	0.02	0.00	0	|	rapi	0.02	0.02	0	|	50.0	0.02(50)	0.02(50)	|	4406	
59	158	ok	|	0.02	1.00	1.00	0.02	0.00	0	|	rapi	0.02	0.02	0	|	50.0	0.02(50)	0.02(50)	|	4406	
59	159	ok	|	0.02	1.00	1.00	0.02	0.00	0	|	rapi	0.02	0.02	0	|	50.0	0.02(50)	0.02(50)	|	4406	
59	160	ok	|	0.02	1.00	1.00	0.02	0.00	0	|	rapi	0.02	0.02	0	|	50.0	0.02(50)	0.02(50)	|	4406	
59	161	ok	|	0.02	1.00	1.00	0.02	0.00	0	|	rapi	0.02	0.02	0	|	50.0	0.02(50)	0.02(50)	|	4406	
59	162	ok	|	0.02	1.00	1.00	0.02	0.00	0	|	rapi	0.02	0.02	0	|	50.0	0.02(50)	0.02(50)	|	4406	
59	163	ok	|	0.02	1.00	1.00	0.02	0.00	0	|	rapi	0.02	0.02	0	|	50.0	0.02(50)	0.02(50)	|	4406	
59	164	ok	|	0.02	1.00	1.00	0.02	0.00	0	|	rapi	0.02	0.02	0	|	50.0	0.02(50)	0.02(50)	|	4406	
59	165	ok	|	0.02	1.00	1.00	0.02	0.00	0	|	rapi	0.02	0.02	0	|	50.0	0.02(50)	0.02(50)	|	4406	
59	166	ok	|	0.02	1.00	1.00	0.02	0.00	0	|	rapi	0.02	0.02	0	|	50.0	0.02(50)	0.02(50)	|	4406	
59	167	ok	|	0.02	1.00	1.00	0.02	0.00	0	|	rapi	0.02	0.02	0	|	50.0	0.02(50)	0.02(50)	|	4406	
59	168	ok	|	0.01	1.00	1.00	0.01	0.00	0	|	rapi	0.01	0.01	0	|	50.0	0.01(50)	0.01(50)	|	4406	
59	169	ok	|	0.01	1.00	1.00	0.01	0.00	0	|	rapi	0.01	0.01	0	|	50.0	0.01(50)	0.01(50)	|	4406	
59	170	ok	|	0.01	1.00	1.00	0.01	0.00	0	|	rapi	0.01	0.01	0	|	50.0	0.01(50)	0.01(50)	|	4406	
59	171	ok	|	0.01	1.00	1.00	0.01	0.00	0	|	rapi	0.01	0.01	0	|	50.0	0.01(50)	0.01(50)	|	4406	
59	172	ok	|	0.02	1.00	1.00	0.02	0.00	0	|	rapi	0.02	0.02	0	|	50.0	0.02(50)	0.02(50)	|	4406	
59	173	ok	|	0.02	1.00	1.00	0.02	0.00	0	|	rapi	0.02	0.02	0	|	50.0	0.02(50)	0.02(50)	|	4406	
59	174	ok	|	0.02	1.00	1.00	0.02	0.00	0	|	rapi	0.02	0.02	0	|	50.0	0.02(50)	0.02(50)	|	4406	
59	175	ok	|	0.01	1.00	1.00	0.01	0.00	0	|	rapi	0.01	0.01	0	|	50.0	0.01(50)	0.01(50)	|	4406	
59	176	ok	|	0.02	1.00	1.00	0.02	0.00	0	|	rapi	0.02	0.02	0	|	50.0	0.02(50)	0.02(50)	|	4406	
59	177	ok	|	0.01	1.00	1.00	0.01	0.00	0	|	rapi	0.01	0.01	0	|	50.0	0.01(50)	0.01(50)	|	4406	
59	178	ok	|	0.02	1.00	1.00	0.02	0.00	0	|	rapi	0.02	0.02	0	|	50.0	0.02(50)	0.02(50)	|	4406	
59	179	ok	|	0.01	1.00	1.00	0.01	0.00	0	|	rapi	0.01	0.01	0	|	50.0	0.01(50)	0.01(50)	|	4406	
59	180	ok	|	0.01	1.00	1.00	0.01	0.00	0	|	rapi	0.01	0.01	0	|	50.0	0.01(50)	0.01(50)	|	4406	
59	181	ok	|	0.01	1.00	1.00	0.01	0.00	0	|	rapi	0.01	0.01	0	|	50.0	0.01(50)	0.01(50)	|	4406	
59	182	ok	|	0.01	1.00	1.00	0.01	0.00	0	|	rapi	0.01	0.01	0	|	50.0	0.01(50)	0.01(50)	|	4406	
59	183	ok	|	0.01	1.00	1.00	0.01	0.00	0	|	rapi	0.01	0.01	0	|	50.0	0.01(50)	0.01(50)	|	4406	
59	184	ok	|	0.01	1.00	1.00	0.01	0.00	0	|	rapi	0.01	0.01	0	|	50.0	0.01(50)	0.01(50)	|	4406	
59	185	ok	|	0.01	1.00	1.00	0.01	0.00	0	|	rapi	0.01	0.01	0	|	50.0	0.01(50)	0.01(50)	|	4406	
59	186	ok	|	0.01	1.00	1.00	0.01	0.00	0	|	rapi	0.01	0.01	0	|	50.0	0.01(50)	0.01(50)	|	4406	
59	187	ok	|	0.01	1.00	1.00	0.01	0.00	0	|	rapi	0.01	0.01	0	|	50.0	0.01(50)	0.01(50)	|	4406	
59	188	ok	|	0.01	1.00	1.00	0.01	0.00	0	|	rapi	0.01	0.01	0	|	50.0	0.01(50)	0.01(50)	|	4406	
59	189	ok	|	0.01	1.00	1.00	0.01	0.00	0	|	rapi	0.01	0.01	0	|	50.0	0.01(50)	0.01(50)	|	4406	
59	190	ok	|	0.01	1.00	1.00	0.01	0.00	0	|	rapi	0.01	0.01	0	|	50.0	0.01(50)	0.01(50)	|	4406	
59	191	ok	|	0.01	1.00	1.00	0.01	0.00	0	|	rapi	0.01	0.01	0	|	50.0	0.01(50)	0.01(50)	|	4406	
59	192	ok	|	0.01	1.00	1.00	0.01	0.00	0	|	rapi	0.01	0.01	0	|	50.0	0.01(50)	0.01(50)	|	4406	
59	193	ok	|	0.01	1.00	1.00	0.01	0.00	0	|	rapi	0.01	0.01	0	|	50.0	0.01(50)	0.01(50)	|	4406	
59	194	ok	|	0.01	1.00	1.00	0.01	0.00	0	|	rapi	0.01	0.01	0	|	50.0	0.01(50)	0.01(50)	|	4406	
59	195	ok	|	0.01	1.00	1.00	0.01	0.00	0	|	rapi	0.01	0.01	0	|	50.0	0.01(50)	0.01(50)	|	4406	
59	196	ok	|	0.01	1.00	1.00	0.01	0.00	0	|	rapi	0.01	0.01	0	|	50.0	0.01(50)	0.01(50)	|	4406	
59	197	ok	|	0.01	1.00	1.00	0.01	0.00	0	|	rapi	0.01	0.01	0	|	50.0	0.01(50)	0.01(50)	|	4406	
59	198	ok	|	0.01	1.00	1.00	0.01	0.00	0	|	rapi	0.01	0.01	0	|	50.0	0.01(50)	0.01(50)	|	4406	
59	199	ok	|	0.01	1.00	1.00	0.01	0.00	0	|	rapi	0.01	0.01	0	|	50.0	0.01(50)	0.01(50)	|	4406	
59	200	ok	|	0.01	1.00	1.00	0.01	0.00	0	|	rapi	0.01	0.01	0	|	50.0	0.01(50)	0.01(50)	|	4406	
59	201	ok	|	0.02	1.00	1.00	0.02	0.00	0	|	rapi	0.02	0.02	0	|	50.0	0.02(50)	0.02(50)	|	4406	
59	202	ok	|	0.02	1.00	1.00	0.02	0.00	0	|	rapi	0.02	0.02	0	|	50.0	0.02(50)	0.02(50)	|	4406	
59	203	ok	|	0.02	1.00	1.00	0.02	0.00	0	|	rapi	0.02	0.02	0	|	50.0	0.02(50)	0.02(50)	|	4406	
59	204	ok	|	0.02	1.00	1.00	0.02	0.00	0	|	rapi	0.02	0.02	0	|	50.0	0.02(50)	0.02(50)	|	4406	
59	205	ok	|	0.02	1.00	1.00	0.02	0.01	0	|	rapi	0.02	0.02	0	|	50.0	0.02(50)	0.02(50)	|	4406	
59	206	ok	|	0.02	1.00	1.00	0.02	0.01	0	|	rapi	0.02	0.02	0	|	50.0	0.02(50)	0.02(50)	|	4406	
59	207	ok	|	0.02	1.00	1.00	0.02	0.01	0	|	rapi	0.02	0.02	0	|	50.0	0.02(50)	0.02(50)	|	4406	
59	208	ok	|	0.02	1.00	1.00	0.02	0.00	0	|	rapi	0.02	0.02	0	|	50.0	0.02(50)	0.02(50)	|	4406	
59	209	ok	|	0.02	1.00	1.00	0.02	0.00	0	|	rapi	0.02	0.02	0	|	50.0	0.02(50)	0.02(50)	|	4406	
59	210	ok	|	0.02	1.00	1.00	0.02	0.00	0	|	rapi	0.02	0.02	0	|	50.0	0.02(50)	0.02(50)	|	4406	
59	211	ok	|	0.02	1.00	1.00	0.02	0.00	0	|	rapi	0.02	0.02	0	|	50.0	0.02(50)	0.02(50)	|	4406	
59	212	ok	|	0.02	1.00	1.00	0.02	0.00	0	|	rapi	0.02	0.02	0	|	50.0	0.02(50)	0.02(50)	|	4406	
59	213	ok	|	0.02	1.00	1.00	0.02	0.00	0	|	rapi	0.02	0.02	0	|	50.0	0.02(50)	0.02(50)	|	4406	
59	214	ok	|	0.02	1.00	1.00	0.02	0.00	0	|	rapi	0.02	0.02	0	|	50.0	0.02(50)	0.02(50)	|	4406	
59	215	ok	|	0.02	1.00	1.00	0.02	0.00	0	|	rapi	0.02	0.02	0	|	50.0	0.02(50)	0.02(50)	|	4406	
59	216	ok	|	0.02	1.00	1.00	0.02	0.00	0	|	rapi	0.02	0.02	0	|	50.0	0.02(50)	0.02(50)	|	4406	
59	217	ok	|	0.01	1.00	1.00	0.02	0.00	0	|	rapi	0.01	0.02	0	|	50.0	0.02(50)	0.02(50)	|	4406	
59	218	ok	|	0.02	1.00	1.00	0.02	0.00	0	|	rapi	0.02	0.02	0	|	50.0	0.02(50)	0.02(50)	|	4406	
59	219	ok	|	0.02	1.00	1.00	0.02	0.00	0	|	rapi	0.02	0.02	0	|	50.0	0.02(50)	0.02(50)	|	4406	
59	220	ok	|	0.01	1.00	1.00	0.02	0.00	0	|	rapi	0.01	0.02	0	|	50.0	0.02(50)	0.02(50)	|	4406	
59	221	ok	|	0.02	1.00	1.00	0.02	0.00	0	|	rapi	0.02	0.02	0	|	50.0	0.02(50)	0.02(50)	|	4406	
59	222	ok	|	0.01	1.00	1.00	0.02	0.00	0	|	rapi	0.01	0.02	0	|	50.0	0.02(50)	0.02(50)	|	4406	
59	223	ok	|	0.02	1.00	1.00	0.02	0.00	0	|	rapi	0.02	0.02	0	|	50.0	0.02(50)	0.02(50)	|	4406	
59	224	ok	|	0.02	1.00	1.00	0.02	0.00	0	|	rapi	0.02	0.02	0	|	50.0	0.02(50)	0.02(50)	|	4406	
59	225	ok	|	0.02	1.00	1.00	0.02	0.00	0	|	rapi	0.02	0.02	0	|	50.0	0.02(50)	0.02(50)	|	4406	
59	226	ok	|	0.02	1.00	1.00	0.02	0.00	0	|	rapi	0.02	0.02	0	|	50.0	0.02(50)	0.02(50)	|	4406	
59	227	ok	|	0.02	1.00	1.00	0.02	0.00	0	|	rapi	0.02	0.02	0	|	50.0	0.02(50)	0.02(50)	|	4406	
59	228	ok	|	0.02	1.00	1.00	0.02	0.00	0	|	rapi	0.02	0.02	0	|	50.0	0.02(50)	0.02(50)	|	4406	
59	229	ok	|	0.02	1.00	1.00	0.02	0.00	0	|	rapi	0.02	0.02	0	|	50.0	0.02(50)	0.02(50)	|	4406	
59	230	ok	|	0.02	1.00	1.00	0.02	0.00	0	|	rapi	0.02	0.02	0	|	50.0	0.02(50)	0.02(50)	|	4406	
59	231	ok	|	0.02	1.00	1.00	0.02	0.00	0	|	rapi	0.02	0.02	0	|	50.0	0.02(50)	0.02(50)	|	4406	
59	232	ok	|	0.02	1.00	1.00	0.02	0.00	0	|	rapi	0.02	0.02	0	|	50.0	0.02(50)	0.02(50)	|	4406	
59	233	ok	|	0.02	1.00	1.00	0.02	0.00	0	|	rapi	0.02	0.02	0	|	50.0	0.02(50)	0.02(50)	|	4406	
59	234	ok	|	0.01	1.00	1.00	0.01	0.00	0	|	rapi	0.01	0.01	0	|	50.0	0.01(50)	0.01(50)	|	4406	
59	235	ok	|	0.01	1.00	1.00	0.01	0.00	0	|	rapi	0.01	0.01	0	|	50.0	0.01(50)	0.01(50)	|	4406	
59	236	ok	|	0.01	1.00	1.00	0.01	0.00	0	|	rapi	0.01	0.01	0	|	50.0	0.01(50)	0.01(50)	|	4406	
59	237	ok	|	0.01	1.00	1.00	0.01	0.00	0	|	rapi	0.01	0.01	0	|	50.0	0.01(50)	0.01(50)	|	4406	
59	238	ok	|	0.01	1.00	1.00	0.01	0.00	0	|	rapi	0.01	0.01	0	|	50.0	0.01(50)	0.01(50)	|	4406	
59	239	ok	|	0.01	1.00	1.00	0.01	0.00	0	|	rapi	0.01	0.01	0	|	50.0	0.01(50)	0.01(50)	|	4406	
59	240	ok	|	0.01	1.00	1.00	0.01	0.00	0	|	rapi	0.01	0.01	0	|	50.0	0.01(50)	0.01(50)	|	4406	
59	241	ok	|	0.01	1.00	1.00	0.01	0.00	0	|	rapi	0.01	0.01	0	|	50.0	0.01(50)	0.01(50)	|	4406	
59	242	ok	|	0.01	1.00	1.00	0.01	0.00	0	|	rapi	0.01	0.01	0	|	50.0	0.01(50)	0.01(50)	|	4406	
59	243	ok	|	0.01	1.00	1.00	0.01	0.00	0	|	rapi	0.01	0.01	0	|	50.0	0.01(50)	0.01(50)	|	4406	
59	244	ok	|	0.01	1.00	1.00	0.01	0.00	0	|	rapi	0.01	0.01	0	|	50.0	0.01(50)	0.01(50)	|	4406	
59	245	ok	|	0.01	1.00	1.00	0.01	0.00	0	|	rapi	0.01	0.01	0	|	50.0	0.01(50)	0.01(50)	|	4406	
59	246	ok	|	0.01	1.00	1.00	0.01	0.00	0	|	rapi	0.01	0.01	0	|	50.0	0.01(50)	0.01(50)	|	4406	
59	247	ok	|	0.01	1.00	1.00	0.01	0.00	0	|	rapi	0.01	0.01	0	|	50.0	0.01(50)	0.01(50)	|	4406	
59	248	ok	|	0.01	1.00	1.00	0.01	0.00	0	|	rapi	0.01	0.01	0	|	50.0	0.01(50)	0.01(50)	|	4406	
59	249	ok	|	0.01	1.00	1.00	0.01	0.00	0	|	rapi	0.01	0.01	0	|	50.0	0.01(50)	0.01(50)	|	4406	
59	250	ok	|	0.00	1.00	1.00	0.00	0.00	0	|	rapi	0.00	0.00	0	|	50.0	0.00(50)	0.00(50)	|	4406	
59	251	ok	|	0.00	1.00	1.00	0.00	0.00	0	|	rapi	0.00	0.00	0	|	50.0	0.00(50)	0.00(50)	|	4406	
59	252	ok	|	0.00	1.00	1.00	0.00	0.00	0	|	rapi	0.00	0.00	0	|	50.0	0.00(50)	0.00(50)	|	4406	
59	253	ok	|	0.00	1.00	1.00	0.00	0.00	0	|	rapi	0.00	0.00	0	|	50.0	0.00(50)	0.00(50)	|	4406	
59	254	ok	|	0.00	1.00	1.00	0.00	0.00	0	|	rapi	0.00	0.00	0	|	50.0	0.00(50)	0.00(50)	|	4406	
59	255	ok	|	0.00	1.00	1.00	0.00	0.00	0	|	rapi	0.00	0.00	0	|	50.0	0.00(50)	0.00(50)	|	4406	
59	256	ok	|	0.00	1.00	1.00	0.00	0.00	0	|	rapi	0.00	0.00	0	|	50.0	0.00(50)	0.00(50)	|	4406	
59	257	ok	|	0.00	1.00	1.00	0.00	0.00	0	|	rapi	0.00	0.00	0	|	50.0	0.00(50)	0.00(50)	|	4406	
59	258	ok	|	0.00	1.00	1.00	0.00	0.00	0	|	rapi	0.00	0.00	0	|	50.0	0.00(50)	0.00(50)	|	4406	
59	259	ok	|	0.00	1.00	1.00	0.00	0.00	0	|	rapi	0.00	0.00	0	|	50.0	0.00(50)	0.00(50)	|	4406	
59	260	ok	|	0.00	1.00	1.00	0.00	0.00	0	|	rapi	0.00	0.00	0	|	50.0	0.00(50)	0.00(50)	|	4406	
59	261	ok	|	0.00	1.00	1.00	0.00	0.00	0	|	rapi	0.00	0.00	0	|	50.0	0.00(50)	0.00(50)	|	4406	
59	262	ok	|	0.00	1.00	1.00	0.00	0.00	0	|	rapi	0.00	0.00	0	|	50.0	0.00(50)	0.00(50)	|	4406	
59	263	ok	|	0.00	1.00	1.00	0.00	0.00	0	|	rapi	0.00	0.00	0	|	50.0	0.00(50)	0.00(50)	|	4406	
59	264	ok	|	0.00	1.00	1.00	0.00	0.00	0	|	rapi	0.00	0.00	0	|	50.0	0.00(50)	0.00(50)	|	4406	
59	265	ok	|	0.00	1.00	1.00	0.00	0.00	0	|	rapi	0.00	0.00	0	|	50.0	0.00(50)	0.00(50)	|	4406	
59	266	ok	|	0.00	1.00	1.00	0.00	0.00	0	|	rapi	0.00	0.00	0	|	50.0	0.00(50)	0.00(50)	|	4406	
59	267	ok	|	0.00	1.00	1.00	0.00	0.00	0	|	rapi	0.00	0.00	0	|	50.0	0.00(50)	0.00(50)	|	4406	
59	268	ok	|	0.00	1.00	1.00	0.00	0.00	0	|	rapi	0.00	0.00	0	|	50.0	0.00(50)	0.00(50)	|	4406	
59	269	ok	|	0.00	1.00	1.00	0.00	0.00	0	|	rapi	0.00	0.00	0	|	50.0	0.00(50)	0.00(50)	|	4406	
59	270	ok	|	0.00	1.00	1.00	0.00	0.00	0	|	rapi	0.00	0.00	0	|	50.0	0.00(50)	0.00(50)	|	4406	
59	271	ok	|	0.00	1.00	1.00	0.00	0.00	0	|	rapi	0.00	0.00	0	|	50.0	0.00(50)	0.00(50)	|	4406	
59	272	ok	|	0.00	1.00	1.00	0.00	0.00	0	|	rapi	0.00	0.00	0	|	50.0	0.00(50)	0.00(50)	|	4406	
59	273	ok	|	0.00	1.00	1.00	0.00	0.00	0	|	rapi	0.00	0.00	0	|	50.0	0.00(50)	0.00(50)	|	4406	
59	274	ok	|	0.00	1.00	1.00	0.00	0.00	0	|	rapi	0.00	0.00	0	|	50.0	0.00(50)	0.00(50)	|	4406	
59	275	ok	|	0.00	1.00	1.00	0.00	0.00	0	|	rapi	0.00	0.00	0	|	50.0	0.00(50)	0.00(50)	|	4406	
59	276	ok	|	0.00	1.00	1.00	0.00	0.00	0	|	rapi	0.00	0.00	0	|	50.0	0.00(50)	0.00(50)	|	4406	
59	277	ok	|	0.00	1.00	1.00	0.00	0.00	0	|	rapi	0.00	0.00	0	|	50.0	0.00(50)	0.00(50)	|	4406	
59	278	ok	|	0.00	1.00	1.00	0.00	0.00	0	|	rapi	0.00	0.00	0	|	50.0	0.00(50)	0.00(50)	|	4406	
59	279	ok	|	0.01	1.00	1.00	0.01	0.00	0	|	rapi	0.01	0.01	0	|	50.0	0.01(50)	0.01(50)	|	4406	
59	280	ok	|	0.01	1.00	1.00	0.01	0.00	0	|	rapi	0.01	0.01	0	|	50.0	0.01(50)	0.01(50)	|	4406	
59	281	ok	|	0.00	1.00	1.00	0.00	0.00	0	|	rapi	0.00	0.00	0	|	50.0	0.00(50)	0.00(50)	|	4406	
59	282	ok	|	0.00	1.00	1.00	0.00	0.00	0	|	rapi	0.00	0.00	0	|	50.0	0.00(50)	0.00(50)	|	4406	
59	283	ok	|	0.00	1.00	1.00	0.00	0.00	0	|	rapi	0.00	0.00	0	|	50.0	0.00(50)	0.00(50)	|	4406	
59	284	ok	|	0.01	1.00	1.00	0.01	0.00	0	|	rapi	0.01	0.01	0	|	50.0	0.01(50)	0.01(50)	|	4406	
59	285	ok	|	0.00	1.00	1.00	0.00	0.00	0	|	rapi	0.00	0.00	0	|	50.0	0.00(50)	0.00(50)	|	4406	
59	286	ok	|	0.01	1.00	1.00	0.01	0.00	0	|	rapi	0.01	0.01	0	|	50.0	0.01(50)	0.01(50)	|	4406	
59	287	ok	|	0.01	1.00	1.00	0.01	0.00	0	|	rapi	0.01	0.01	0	|	50.0	0.01(50)	0.01(50)	|	4406	
59	288	ok	|	0.01	1.00	1.00	0.01	0.00	0	|	rapi	0.01	0.01	0	|	50.0	0.01(50)	0.01(50)	|	4406	
59	289	ok	|	0.00	1.00	1.00	0.00	0.00	0	|	rapi	0.00	0.00	0	|	50.0	0.00(50)	0.00(50)	|	4406	
59	290	ok	|	0.01	1.00	1.00	0.01	0.00	0	|	rapi	0.01	0.01	0	|	50.0	0.01(50)	0.01(50)	|	4406	
59	291	ok	|	0.00	1.00	1.00	0.00	0.00	0	|	rapi	0.00	0.00	0	|	50.0	0.00(50)	0.00(50)	|	4406	
59	292	ok	|	0.00	1.00	1.00	0.00	0.00	0	|	rapi	0.00	0.00	0	|	50.0	0.00(50)	0.00(50)	|	4406	
59	293	ok	|	0.00	1.00	1.00	0.00	0.00	0	|	rapi	0.00	0.00	0	|	50.0	0.00(50)	0.00(50)	|	4406	
59	294	ok	|	0.00	1.00	1.00	0.00	0.00	0	|	rapi	0.00	0.00	0	|	50.0	0.00(50)	0.00(50)	|	4406	
59	295	ok	|	0.00	1.00	1.00	0.00	0.00	0	|	rapi	0.00	0.00	0	|	50.0	0.00(50)	0.00(50)	|	4406	
59	296	ok	|	0.00	1.00	1.00	0.00	0.00	0	|	rapi	0.00	0.00	0	|	50.0	0.00(50)	0.00(50)	|	4406	
59	297	ok	|	0.00	1.00	1.00	0.00	0.00	0	|	rapi	0.00	0.00	0	|	50.0	0.00(50)	0.00(50)	|	4406	
59	298	ok	|	0.00	1.00	1.00	0.00	0.00	0	|	rapi	0.00	0.00	0	|	50.0	0.00(50)	0.00(50)	|	4406	
59	299	ok	|	0.00	1.00	1.00	0.00	0.00	0	|	rapi	0.00	0.00	0	|	50.0	0.00(50)	0.00(50)	|	4406	
59	300	ok	|	0.00	1.00	1.00	0.00	0.00	0	|	rapi	0.00	0.00	0	|	50.0	0.00(50)	0.00(50)	|	4406	
59	301	ok	|	0.00	1.00	1.00	0.00	0.00	0	|	rapi	0.00	0.00	0	|	50.0	0.00(50)	0.00(50)	|	4406	
59	302	ok	|	0.00	1.00	1.00	0.00	0.00	0	|	rapi	0.00	0.00	0	|	50.0	0.00(50)	0.00(50)	|	4406	
59	303	ok	|	0.00	1.00	1.00	0.00	0.00	0	|	rapi	0.00	0.00	0	|	50.0	0.00(50)	0.00(50)	|	4406	
59	304	ok	|	0.00	1.00	1.00	0.00	0.00	0	|	rapi	0.00	0.00	0	|	50.0	0.00(50)	0.00(50)	|	4406	
59	305	ok	|	0.00	1.00	1.00	0.00	0.00	0	|	rapi	0.00	0.00	0	|	50.0	0.00(50)	0.00(50)	|	4406	
59	306	ok	|	0.00	1.00	1.00	0.00	0.00	0	|	rapi	0.00	0.00	0	|	50.0	0.00(50)	0.00(50)	|	4406	
59	307	ok	|	0.00	1.00	1.00	0.00	0.00	0	|	rapi	0.00	0.00	0	|	50.0	0.00(50)	0.00(50)	|	4406	
59	308	ok	|	0.00	1.00	1.00	0.00	0.00	0	|	rapi	0.00	0.00	0	|	50.0	0.00(50)	0.00(50)	|	4406	
59	309	ok	|	0.00	1.00	1.00	0.00	0.00	0	|	rapi	0.00	0.00	0	|	50.0	0.00(50)	0.00(50)	|	4406	
59	310	ok	|	0.00	1.00	1.00	0.00	0.00	0	|	rapi	0.00	0.00	0	|	50.0	0.00(50)	0.00(50)	|	4406	
59	311	ok	|	0.00	1.00	1.00	0.00	0.00	0	|	rapi	0.00	0.00	0	|	50.0	0.00(50)	0.00(50)	|	4406	
59	312	ok	|	0.00	1.00	1.00	0.00	0.00	0	|	rapi	0.00	0.00	0	|	50.0	0.00(50)	0.00(50)	|	4406	
59	313	ok	|	0.00	1.00	1.00	0.00	0.00	0	|	rapi	0.00	0.00	0	|	50.0	0.00(50)	0.00(50)	|	4406	
59	314	ok	|	0.00	1.00	1.00	0.00	0.00	0	|	rapi	0.00	0.00	0	|	50.0	0.00(50)	0.00(50)	|	4406	
59	315	ok	|	0.00	1.00	1.00	0.00	0.00	0	|	rapi	0.00	0.00	0	|	50.0	0.00(50)	0.00(50)	|	4406	
59	316	ok	|	0.00	1.00	1.00	0.00	0.00	0	|	rapi	0.00	0.00	0	|	50.0	0.00(50)	0.00(50)	|	4406	
59	317	ok	|	0.00	1.00	1.00	0.00	0.00	0	|	rapi	0.00	0.00	0	|	50.0	0.00(50)	0.00(50)	|	4406	
59	318	ok	|	0.00	1.00	1.00	0.00	0.00	0	|	rapi	0.00	0.00	0	|	50.0	0.00(50)	0.00(50)	|	4406	
59	319	ok	|	0.00	1.00	1.00	0.00	0.00	0	|	rapi	0.00	0.00	0	|	50.0	0.00(50)	0.00(50)	|	4406	
59	320	ok	|	0.00	1.00	1.00	0.00	0.00	0	|	rapi	0.00	0.00	0	|	50.0	0.00(50)	0.00(50)	|	4406	
59	321	ok	|	0.00	1.00	1.00	0.00	0.00	0	|	rapi	0.00	0.00	0	|	50.0	0.00(50)	0.00(50)	|	4406	
59	322	ok	|	0.00	1.00	1.00	0.00	0.00	0	|	rapi	0.00	0.00	0	|	50.0	0.00(50)	0.00(50)	|	4406	
59	323	ok	|	0.00	1.00	1.00	0.00	0.00	0	|	rapi	0.00	0.00	0	|	50.0	0.00(50)	0.00(50)	|	4406	
59	324	ok	|	0.00	1.00	1.00	0.00	0.00	0	|	rapi	0.00	0.00	0	|	50.0	0.00(50)	0.00(50)	|	4406	
59	325	ok	|	0.00	1.00	1.00	0.00	0.00	0	|	rapi	0.00	0.00	0	|	50.0	0.00(50)	0.00(50)	|	4406	
59	326	fail-0	|	0.00	1.00	1.00	0.00	NaN	0	|	rapi	0.00	0.00	0	|	NaN			|	4406	
