60	0	ok	|	0.02	1.00	1.00	0.02	0.00	0	|	rapi	0.00	0.00	0	|	-72.0	0.02(-72)		|	4	
60	1	ok	|	0.02	1.00	1.00	0.02	0.00	0	|	rapi	0.00	0.00	0	|	-72.0	0.02(-72)		|	4	
60	2	ok	|	0.02	1.00	1.00	0.03	0.00	0	|	rapi	0.00	0.00	0	|	-72.0	0.03(-72)		|	4	
60	3	ok	|	0.03	1.00	1.00	0.03	0.00	0	|	rapi	0.00	0.00	0	|	-72.0	0.03(-72)		|	4	
60	4	ok	|	0.03	1.00	1.00	0.04	0.00	0	|	rapi	0.00	0.00	0	|	-72.0	0.04(-72)		|	4	
60	5	ok	|	0.03	1.00	1.00	0.04	0.00	0	|	rapi	0.00	0.00	0	|	-72.0	0.04(-72)		|	4	
60	6	ok	|	0.04	1.00	1.00	0.05	0.00	0	|	rapi	0.00	0.00	0	|	-72.0	0.05(-72)		|	4	
60	7	ok	|	0.05	1.00	1.00	0.07	0.00	0	|	rapi	0.00	0.00	0	|	-72.0	0.07(-72)		|	4	
60	8	ok	|	0.07	1.00	1.00	0.09	0.00	0	|	rapi	0.00	0.00	0	|	-72.0	0.09(-72)		|	4	
60	9	ok	|	0.07	1.00	1.00	0.10	0.00	0	|	rapi	0.00	0.00	0	|	-72.0	0.10(-72)		|	4	
60	10	ok	|	0.08	1.00	1.00	0.12	0.00	0	|	rapi	0.00	0.00	0	|	-72.0	0.12(-72)		|	4	
60	11	ok	|	0.10	1.00	1.00	0.13	0.00	0	|	rapi	0.00	0.00	0	|	-72.0	0.13(-72)		|	4	
60	12	ok	|	0.12	1.00	1.00	0.17	0.00	0	|	rapi	0.00	0.00	0	|	-72.0	0.17(-72)		|	4	
60	13	ok	|	0.14	1.00	1.00	0.21	0.00	0	|	rapi	0.00	0.00	0	|	-72.0	0.21(-72)		|	4	
60	14	ok	|	0.17	1.00	1.00	0.25	0.00	0	|	rapi	0.00	0.00	0	|	-72.0	0.25(-72)	0.00(-72)	|	4	
60	15	ok	|	0.18	1.00	1.00	0.27	0.00	0	|	rapi	0.00	0.00	0	|	-72.0	0.27(-72)		|	4	
60	16	ok	|	0.21	1.00	1.00	0.32	0.00	0	|	rapi	0.00	0.00	0	|	-72.0	0.32(-72)		|	4	
60	17	ok	|	0.26	1.00	1.00	0.40	0.00	0	|	rapi	0.00	0.00	0	|	-72.0	0.40(-72)		|	4	
60	18	ok	|	0.29	1.00	1.00	0.45	0.00	0	|	rapi	0.00	0.00	0	|	-72.0	0.45(-72)		|	4	
60	19	ok	|	0.33	0.99	0.99	0.54	0.00	0	|	rapi	0.00	0.00	0	|	-72.0	0.54(-72)		|	4	
60	20	ok	|	0.39	0.99	0.99	0.65	0.00	0	|	rapi	0.00	0.00	0	|	-72.0	0.65(-72)		|	4	
60	21	ok	|	0.45	0.99	0.99	0.76	0.00	0	|	rapi	0.00	0.00	0	|	-72.0	0.76(-72)		|	4	
60	22	ok	|	0.49	0.99	0.99	0.90	0.00	0	|	rapi	0.00	0.00	0	|	-72.0	0.90(-72)		|	4	
60	23	ok	|	0.55	0.99	0.99	1.06	0.00	0	|	rapi	0.00	0.00	0	|	-72.0	1.06(-72)		|	4	
60	24	ok	|	0.61	0.99	0.99	1.24	0.00	0	|	rapi	0.00	0.00	0	|	-72.0	1.24(-72)		|	4	
60	25	ok	|	0.67	0.99	0.99	1.45	0.00	0	|	rapi	0.00	0.00	0	|	-72.0	1.45(-72)		|	4	
60	26	ok	|	0.74	0.98	0.98	1.71	0.00	0	|	rapi	0.00	0.00	0	|	-72.0	1.71(-72)		|	4	
60	27	ok	|	0.78	0.98	0.98	2.00	0.00	0	|	rapi	0.00	0.00	0	|	-72.0	2.00(-72)		|	4	
60	28	ok	|	0.83	0.98	0.98	2.35	0.00	0	|	rapi	0.00	0.00	0	|	-72.0	2.35(-72)		|	4	
60	29	ok	|	0.88	0.97	0.97	2.77	0.00	0	|	rapi	0.00	0.00	0	|	-72.0	2.77(-72)		|	4	
60	30	ok	|	0.92	0.97	0.97	3.28	0.00	0	|	rapi	0.00	0.00	0	|	-72.0	3.28(-72)	0.00(-72)	|	4	
60	31	ok	|	0.95	0.96	0.96	3.90	0.00	0	|	rapi	0.00	0.00	0	|	-72.0	3.90(-72)	0.00(-72)	|	4	
60	32	ok	|	0.97	0.95	0.95	4.63	0.00	0	|	rapi	0.00	0.00	0	|	-72.0	4.63(-72)	0.00(-72)	|	4	
60	33	ok	|	0.98	0.95	0.95	5.42	0.00	0	|	rapi	0.00	0.00	0	|	-72.0	5.42(-72)	0.00(-72)	|	4	
60	34	ok	|	0.99	0.94	0.94	6.29	0.00	0	|	rapi	0.00	0.00	0	|	-72.0	6.29(-72)	0.00(-72)	|	4	
60	35	ok	|	1.00	0.93	0.93	7.43	0.00	0	|	rapi	0.00	0.00	0	|	-72.0	7.43(-72)		|	4	
60	36	ok	|	1.00	0.91	0.91	8.83	0.00	0	|	rapi	0.00	0.00	0	|	-72.0	8.83(-72)		|	4	
60	37	ok	|	1.00	0.90	0.90	10.41	0.00	0	|	rapi	0.00	0.00	0	|	-72.0	10.41(-72)		|	4	
60	38	ok	|	1.00	0.88	0.88	12.20	0.00	0	|	rapi	0.00	0.00	0	|	-72.0	12.20(-72)	0.00(-72)	|	4	
60	39	ok	|	1.00	0.86	0.86	14.48	0.00	0	|	rapi	0.00	0.00	0	|	-72.0	14.48(-72)		|	4	
60	40	ok	|	1.00	0.83	0.83	17.26	0.00	0	|	rapi	0.00	0.00	0	|	-72.0	17.26(-72)		|	4	
60	41	ok	|	1.00	0.80	0.80	20.19	0.00	0	|	rapi	0.00	0.00	0	|	-72.0	20.19(-72)	0.00(-72)	|	4	
60	42	ok	|	1.00	0.76	0.76	23.65	0.00	0	|	rapi	0.00	0.00	0	|	-72.0	23.65(-72)	0.00(-72)	|	4	
60	43	ok	|	1.00	0.72	0.72	27.69	0.00	0	|	rapi	0.00	0.00	0	|	-72.0	27.69(-72)	0.00(-72)	|	4	
60	44	ok	|	1.00	0.68	0.68	32.47	0.00	0	|	rapi	0.00	0.00	0	|	-72.0	32.47(-72)	0.00(-72)	|	4	
60	45	ok	|	1.00	0.62	0.62	38.13	0.00	0	|	rapi	0.00	0.00	0	|	-72.0	38.13(-72)	0.00(-72)	|	4	
60	46	ok	|	1.00	0.56	0.56	44.40	0.00	0	|	rapi	0.00	0.00	0	|	-72.0	44.40(-72)	0.00(-72)	|	4	
60	47	ok	|	1.00	0.48	0.48	51.82	0.00	0	|	rapi	0.00	0.00	0	|	-72.0	51.82(-72)	0.00(-72)	|	4	
60	48	ok	|	1.00	0.40	0.40	60.29	0.00	0	|	rapi	0.00	0.00	0	|	-72.0	60.29(-72)	0.00(-72)	|	4	
60	49	ok	|	1.00	0.30	0.30	69.57	0.00	0	|	rapi	0.00	0.00	0	|	-72.0	69.57(-72)	0.00(-72)	|	4	
60	50	ok	|	1.00	0.21	0.21	79.19	0.00	0	|	rapi	0.00	0.00	0	|	-72.0	79.19(-72)	0.00(-72)	|	4	
60	51	ok	|	1.00	0.12	0.12	88.68	0.00	0	|	rapi	0.01	0.01	0	|	-72.0	88.68(-72)	0.01(-72)	|	4	
60	52	fail-w	|	1.00	0.06	0.06	96.57	0.00	0	|	rapi	0.01	0.01	0	|	-72.0	96.57(-72)	0.01(-72)	|	4	
