22	0	ok	|	0.01	1.00	1.00	0.01	0.00	0	|	rapi	0.00	0.00	0	|	-89.0	0.01(-89)		|	2	
22	1	ok	|	0.01	1.00	1.00	0.01	0.00	0	|	rapi	0.00	0.00	0	|	-89.0	0.01(-89)		|	2	
22	2	ok	|	0.01	1.00	1.00	0.01	0.00	0	|	rapi	0.00	0.00	0	|	-89.0	0.01(-89)		|	2	
22	3	ok	|	0.01	1.00	1.00	0.02	0.00	0	|	rapi	0.00	0.00	0	|	-89.0	0.02(-89)		|	2	
22	4	ok	|	0.02	1.00	1.00	0.02	0.00	0	|	rapi	0.00	0.00	0	|	-89.0	0.02(-89)		|	2	
22	5	ok	|	0.02	1.00	1.00	0.03	0.00	0	|	rapi	0.00	0.00	0	|	-89.0	0.03(-89)		|	2	
22	6	ok	|	0.03	1.00	1.00	0.03	0.00	0	|	rapi	0.00	0.00	0	|	-89.0	0.03(-89)		|	2	
22	7	ok	|	0.03	1.00	1.00	0.04	0.00	0	|	rapi	0.00	0.00	0	|	-89.0	0.04(-89)		|	2	
22	8	ok	|	0.03	1.00	1.00	0.04	0.00	0	|	rapi	0.00	0.00	0	|	-89.0	0.04(-89)		|	2	
22	9	ok	|	0.04	1.00	1.00	0.05	0.00	0	|	rapi	0.00	0.00	0	|	-89.0	0.05(-89)		|	2	
22	10	ok	|	0.04	1.00	1.00	0.06	0.00	0	|	rapi	0.00	0.00	0	|	-89.0	0.06(-89)		|	2	
22	11	ok	|	0.05	1.00	1.00	0.07	0.00	0	|	rapi	0.00	0.00	0	|	-89.0	0.07(-89)		|	2	
22	12	ok	|	0.06	1.00	1.00	0.08	0.00	0	|	rapi	0.00	0.00	0	|	-89.0	0.08(-89)		|	2	
22	13	ok	|	0.07	1.00	1.00	0.09	0.00	0	|	rapi	0.00	0.00	0	|	-89.0	0.09(-89)		|	2	
22	14	ok	|	0.08	1.00	1.00	0.11	0.00	0	|	rapi	0.00	0.00	0	|	-89.0	0.11(-89)		|	2	
22	15	ok	|	0.09	1.00	1.00	0.12	0.00	0	|	rapi	0.00	0.00	0	|	-89.0	0.12(-89)		|	2	
22	16	ok	|	0.10	1.00	1.00	0.14	0.00	0	|	rapi	0.00	0.00	0	|	-89.0	0.14(-89)		|	2	
22	17	ok	|	0.12	1.00	1.00	0.17	0.00	0	|	rapi	0.00	0.00	0	|	-89.0	0.17(-89)		|	2	
22	18	ok	|	0.14	1.00	1.00	0.21	0.00	0	|	rapi	0.00	0.00	0	|	-89.0	0.21(-89)		|	2	
22	19	ok	|	0.17	1.00	1.00	0.25	0.00	0	|	rapi	0.00	0.00	0	|	-89.0	0.25(-89)		|	2	
22	20	ok	|	0.19	1.00	1.00	0.28	0.00	0	|	rapi	0.00	0.00	0	|	-89.0	0.28(-89)		|	2	
22	21	ok	|	0.22	1.00	1.00	0.34	0.00	0	|	rapi	0.00	0.00	0	|	-89.0	0.34(-89)		|	2	
22	22	ok	|	0.26	1.00	1.00	0.40	0.00	0	|	rapi	0.00	0.00	0	|	-89.0	0.40(-89)		|	2	
22	23	ok	|	0.30	1.00	1.00	0.48	0.00	0	|	rapi	0.00	0.00	0	|	-89.0	0.48(-89)		|	2	
22	24	ok	|	0.35	0.99	0.99	0.56	0.00	0	|	rapi	0.00	0.00	0	|	-89.0	0.56(-89)		|	2	
22	25	ok	|	0.40	0.99	0.99	0.66	0.00	0	|	rapi	0.00	0.00	0	|	-89.0	0.66(-89)		|	2	
22	26	ok	|	0.46	0.99	0.99	0.80	0.00	0	|	rapi	0.00	0.00	0	|	-89.0	0.80(-89)		|	2	
22	27	ok	|	0.50	0.99	0.99	0.92	0.00	0	|	rapi	0.00	0.00	0	|	-89.0	0.92(-89)		|	2	
22	28	ok	|	0.55	0.99	0.99	1.07	0.00	0	|	rapi	0.00	0.00	0	|	-89.0	1.07(-89)		|	2	
22	29	ok	|	0.61	0.99	0.99	1.25	0.00	0	|	rapi	0.00	0.00	0	|	-89.0	1.25(-89)		|	2	
22	30	ok	|	0.66	0.99	0.99	1.43	0.00	0	|	rapi	0.00	0.00	0	|	-89.0	1.43(-89)		|	2	
22	31	ok	|	0.73	0.98	0.98	1.71	0.00	0	|	rapi	0.00	0.00	0	|	-89.0	1.71(-89)		|	2	
22	32	ok	|	0.79	0.98	0.98	2.08	0.00	0	|	rapi	0.00	0.00	0	|	-89.0	2.08(-89)		|	2	
22	33	ok	|	0.84	0.98	0.98	2.49	0.00	0	|	rapi	0.00	0.00	0	|	-89.0	2.49(-89)		|	2	
22	34	ok	|	0.90	0.97	0.97	2.96	0.00	0	|	rapi	0.00	0.00	0	|	-89.0	2.96(-89)		|	2	
22	35	ok	|	0.93	0.97	0.97	3.45	0.00	0	|	rapi	0.00	0.00	0	|	-89.0	3.45(-89)	0.00(-89)	|	2	
22	36	ok	|	0.96	0.96	0.96	4.08	0.00	0	|	rapi	0.00	0.00	0	|	-89.0	4.08(-89)	0.00(-89)	|	2	
22	37	ok	|	0.97	0.95	0.95	4.79	0.00	0	|	rapi	0.00	0.00	0	|	-89.0	4.79(-89)	0.00(-89)	|	2	
22	38	ok	|	0.99	0.94	0.94	5.68	0.00	0	|	rapi	0.00	0.00	0	|	-89.0	5.68(-89)	0.00(-89)	|	2	
22	39	ok	|	0.99	0.93	0.93	6.71	0.00	0	|	rapi	0.00	0.00	0	|	-89.0	6.71(-89)	0.00(-89)	|	2	
22	40	ok	|	1.00	0.92	0.92	7.88	0.00	0	|	rapi	0.00	0.00	0	|	-89.0	7.88(-89)	0.00(-89)	|	2	
22	41	ok	|	1.00	0.91	0.91	9.34	0.00	0	|	rapi	0.00	0.00	0	|	-89.0	9.34(-89)	0.00(-89)	|	2	
22	42	ok	|	1.00	0.89	0.89	10.98	0.00	0	|	rapi	0.00	0.00	0	|	-89.0	10.98(-89)	0.00(-89)	|	2	
22	43	ok	|	1.00	0.87	0.87	12.88	0.00	0	|	rapi	0.00	0.00	0	|	-89.0	12.88(-89)		|	2	
22	44	ok	|	1.00	0.85	0.85	15.14	0.00	0	|	rapi	0.00	0.00	0	|	-89.0	15.14(-89)		|	2	
22	45	ok	|	1.00	0.82	0.82	17.77	0.00	0	|	rapi	0.00	0.00	0	|	-89.0	17.77(-89)	0.00(-89)	|	2	
22	46	ok	|	1.00	0.79	0.79	20.92	0.00	0	|	rapi	0.00	0.00	0	|	-89.0	20.92(-89)	0.00(-89)	|	2	
22	47	ok	|	1.00	0.75	0.75	24.59	0.00	0	|	rapi	0.00	0.00	0	|	-89.0	24.59(-89)	0.00(-89)	|	2	
22	48	ok	|	1.00	0.71	0.71	28.85	0.00	0	|	rapi	0.00	0.00	0	|	-89.0	28.85(-89)	0.00(-89)	|	2	
22	49	ok	|	1.00	0.66	0.66	33.91	0.00	0	|	rapi	0.00	0.00	0	|	-89.0	33.91(-89)	0.00(-89)	|	2	
22	50	ok	|	1.00	0.60	0.60	39.75	0.00	0	|	rapi	0.00	0.00	0	|	-89.0	39.75(-89)	0.00(-89)	|	2	
22	51	ok	|	1.00	0.53	0.53	46.52	0.00	0	|	rapi	0.00	0.00	0	|	-89.0	46.52(-89)	0.00(-89)	|	2	
22	52	ok	|	1.00	0.46	0.46	54.16	0.00	0	|	rapi	0.00	0.00	0	|	-89.0	54.16(-89)	0.00(-89)	|	2	
22	53	ok	|	1.00	0.37	0.37	62.81	0.00	0	|	rapi	0.00	0.00	0	|	-89.0	62.81(-89)	0.00(-89)	|	2	
22	54	ok	|	1.00	0.28	0.28	72.27	0.00	0	|	rapi	0.00	0.00	0	|	-89.0	72.27(-89)	0.00(-89)	|	2	
22	55	ok	|	1.00	0.18	0.18	82.04	0.00	0	|	rapi	0.00	0.00	0	|	-89.0	82.04(-89)	0.00(-89)	|	2	
22	56	fail-w	|	1.00	0.10	0.10	91.43	0.00	0	|	rapi	0.00	0.00	0	|	-89.0	91.43(-89)	0.00(-89)	|	2	
