28	0	ok	|	0.01	1.00	1.00	0.01	0.00	0	|	rapi	0.01	0.01	0	|	99.0	0.01(99)	0.01(99)	|	293	
28	1	ok	|	0.01	1.00	1.00	0.01	0.00	0	|	rapi	0.01	0.01	0	|	99.0	0.01(99)	0.01(99)	|	293	
28	2	ok	|	0.01	1.00	1.00	0.01	0.00	0	|	rapi	0.01	0.01	0	|	99.0	0.01(99)	0.01(99)	|	293	
28	3	ok	|	0.01	1.00	1.00	0.01	0.00	0	|	rapi	0.01	0.01	0	|	99.0	0.01(99)	0.01(99)	|	293	
28	4	ok	|	0.01	1.00	1.00	0.01	0.00	0	|	rapi	0.01	0.01	0	|	99.0	0.01(99)	0.01(99)	|	293	
28	5	ok	|	0.01	1.00	1.00	0.01	0.00	0	|	rapi	0.01	0.01	0	|	99.0	0.01(99)	0.01(99)	|	293	
28	6	ok	|	0.01	1.00	1.00	0.01	0.00	0	|	rapi	0.01	0.01	0	|	99.0	0.01(99)	0.01(99)	|	293	
28	7	ok	|	0.01	1.00	1.00	0.01	0.00	0	|	rapi	0.01	0.01	0	|	99.0	0.01(99)	0.01(99)	|	293	
28	8	ok	|	0.01	1.00	1.00	0.01	0.00	0	|	rapi	0.01	0.01	0	|	99.0	0.01(99)	0.01(99)	|	293	
28	9	ok	|	0.01	1.00	1.00	0.01	0.00	0	|	rapi	0.01	0.01	0	|	99.0	0.01(99)	0.01(99)	|	293	
28	10	ok	|	0.01	1.00	1.00	0.01	0.00	0	|	rapi	0.01	0.01	0	|	99.0	0.01(99)	0.01(99)	|	293	
28	11	ok	|	0.01	1.00	1.00	0.01	0.00	0	|	rapi	0.01	0.01	0	|	99.0	0.01(99)	0.01(99)	|	293	
28	12	ok	|	0.01	1.00	1.00	0.01	0.00	0	|	rapi	0.01	0.01	0	|	99.0	0.01(99)	0.01(99)	|	293	
28	13	ok	|	0.01	1.00	1.00	0.01	0.00	0	|	rapi	0.01	0.01	0	|	99.0	0.01(99)	0.01(99)	|	293	
28	14	ok	|	0.01	1.00	1.00	0.01	0.00	0	|	rapi	0.01	0.01	0	|	99.0	0.01(99)	0.01(99)	|	293	
28	15	ok	|	0.00	1.00	1.00	0.00	0.00	0	|	rapi	0.00	0.00	0	|	99.0	0.00(99)	0.00(99)	|	293	
28	16	ok	|	0.00	1.00	1.00	0.00	0.00	0	|	rapi	0.00	0.00	0	|	99.0	0.00(99)	0.00(99)	|	293	
28	17	ok	|	0.00	1.00	1.00	0.00	0.00	0	|	rapi	0.00	0.00	0	|	99.0	0.00(99)	0.00(99)	|	293	
28	18	ok	|	0.00	1.00	1.00	0.00	0.00	0	|	rapi	0.00	0.00	0	|	99.0	0.00(99)	0.00(99)	|	293	
28	19	ok	|	0.00	1.00	1.00	0.00	0.00	0	|	rapi	0.00	0.00	0	|	99.0	0.00(99)	0.00(99)	|	293	
28	20	ok	|	0.00	1.00	1.00	0.00	0.00	0	|	rapi	0.00	0.00	0	|	99.0	0.00(99)	0.00(99)	|	293	
28	21	ok	|	0.00	1.00	1.00	0.00	0.00	0	|	rapi	0.00	0.00	0	|	99.0	0.00(99)	0.00(99)	|	293	
28	22	ok	|	0.00	1.00	1.00	0.00	0.00	0	|	rapi	0.00	0.00	0	|	99.0	0.00(99)	0.00(99)	|	293	
28	23	ok	|	0.00	1.00	1.00	0.00	0.00	0	|	rapi	0.00	0.00	0	|	99.0	0.00(99)	0.00(99)	|	293	
28	24	ok	|	0.00	1.00	1.00	0.00	0.00	0	|	rapi	0.00	0.00	0	|	99.0	0.00(99)	0.00(99)	|	293	
28	25	ok	|	0.00	1.00	1.00	0.00	0.00	0	|	rapi	0.00	0.00	0	|	99.0	0.00(99)	0.00(99)	|	293	
28	26	ok	|	0.00	1.00	1.00	0.00	0.00	0	|	rapi	0.00	0.00	0	|	99.0	0.00(99)	0.00(99)	|	293	
28	27	ok	|	0.00	1.00	1.00	0.00	0.00	0	|	rapi	0.00	0.00	0	|	99.0	0.00(99)	0.00(99)	|	293	
28	28	ok	|	0.00	1.00	1.00	0.00	0.00	0	|	rapi	0.00	0.00	0	|	99.0	0.00(99)	0.00(99)	|	293	
28	29	ok	|	0.00	1.00	1.00	0.00	0.00	0	|	rapi	0.00	0.00	0	|	99.0	0.00(99)	0.00(99)	|	293	
28	30	ok	|	0.00	1.00	1.00	0.00	0.00	0	|	rapi	0.00	0.00	0	|	99.0	0.00(99)	0.00(99)	|	293	
28	31	ok	|	0.00	1.00	1.00	0.00	0.00	0	|	rapi	0.00	0.00	0	|	99.0	0.00(99)	0.00(99)	|	293	
28	32	ok	|	0.00	1.00	1.00	0.00	0.00	0	|	rapi	0.00	0.00	0	|	99.0	0.00(99)	0.00(99)	|	293	
28	33	ok	|	0.00	1.00	1.00	0.00	0.00	0	|	rapi	0.00	0.00	0	|	99.0	0.00(99)	0.00(99)	|	293	
28	34	ok	|	0.01	1.00	1.00	0.01	0.00	0	|	rapi	0.01	0.01	0	|	99.0	0.01(99)	0.01(99)	|	293	
28	35	ok	|	0.01	1.00	1.00	0.01	0.00	0	|	rapi	0.01	0.01	0	|	99.0	0.01(99)	0.01(99)	|	293	
28	36	ok	|	0.01	1.00	1.00	0.01	0.00	0	|	rapi	0.01	0.01	0	|	99.0	0.01(99)	0.01(99)	|	293	
28	37	ok	|	0.01	1.00	1.00	0.01	0.00	0	|	rapi	0.01	0.01	0	|	99.0	0.01(99)	0.01(99)	|	293	
28	38	ok	|	0.01	1.00	1.00	0.01	0.00	0	|	rapi	0.01	0.01	0	|	99.0	0.01(99)	0.01(99)	|	293	
28	39	ok	|	0.00	1.00	1.00	0.00	0.00	0	|	rapi	0.00	0.00	0	|	99.0	0.00(99)	0.00(99)	|	293	
28	40	ok	|	0.01	1.00	1.00	0.01	0.00	0	|	rapi	0.01	0.01	0	|	99.0	0.01(99)	0.01(99)	|	293	
28	41	ok	|	0.01	1.00	1.00	0.01	0.00	0	|	rapi	0.01	0.01	0	|	99.0	0.01(99)	0.01(99)	|	293	
28	42	ok	|	0.01	1.00	1.00	0.01	0.00	0	|	rapi	0.01	0.01	0	|	99.0	0.01(99)	0.01(99)	|	293	
28	43	ok	|	0.01	1.00	1.00	0.01	0.00	0	|	rapi	0.01	0.01	0	|	99.0	0.01(99)	0.01(99)	|	293	
28	44	ok	|	0.00	1.00	1.00	0.00	0.00	0	|	rapi	0.00	0.00	0	|	99.0	0.00(99)	0.00(99)	|	293	
28	45	ok	|	0.00	1.00	1.00	0.00	0.00	0	|	rapi	0.00	0.00	0	|	99.0	0.00(99)	0.00(99)	|	293	
28	46	ok	|	0.01	1.00	1.00	0.01	0.00	0	|	rapi	0.01	0.01	0	|	99.0	0.01(99)	0.01(99)	|	293	
28	47	ok	|	0.00	1.00	1.00	0.00	0.00	0	|	rapi	0.00	0.00	0	|	99.0	0.00(99)	0.00(99)	|	293	
28	48	ok	|	0.00	1.00	1.00	0.00	0.00	0	|	rapi	0.00	0.00	0	|	99.0	0.00(99)	0.00(99)	|	293	
28	49	ok	|	0.00	1.00	1.00	0.00	0.00	0	|	rapi	0.00	0.00	0	|	99.0	0.00(99)	0.00(99)	|	293	
28	50	ok	|	0.00	1.00	1.00	0.00	0.00	0	|	rapi	0.00	0.00	0	|	99.0	0.00(99)	0.00(99)	|	293	
28	51	ok	|	0.00	1.00	1.00	0.00	0.00	0	|	rapi	0.00	0.00	0	|	99.0	0.00(99)	0.00(99)	|	293	
28	52	ok	|	0.00	1.00	1.00	0.00	0.00	0	|	rapi	0.00	0.00	0	|	99.0	0.00(99)	0.00(99)	|	293	
28	53	ok	|	0.01	1.00	1.00	0.01	0.00	0	|	rapi	0.01	0.01	0	|	99.0	0.01(99)	0.01(99)	|	293	
28	54	ok	|	0.00	1.00	1.00	0.00	0.00	0	|	rapi	0.00	0.00	0	|	99.0	0.00(99)	0.00(99)	|	293	
28	55	ok	|	0.00	1.00	1.00	0.00	0.00	0	|	rapi	0.00	0.00	0	|	99.0	0.00(99)	0.00(99)	|	293	
28	56	ok	|	0.00	1.00	1.00	0.00	0.00	0	|	rapi	0.00	0.00	0	|	99.0	0.00(99)	0.00(99)	|	293	
28	57	ok	|	0.00	1.00	1.00	0.00	0.00	0	|	rapi	0.00	0.00	0	|	99.0	0.00(99)	0.00(99)	|	293	
28	58	ok	|	0.00	1.00	1.00	0.00	0.00	0	|	rapi	0.00	0.00	0	|	99.0	0.00(99)	0.00(99)	|	293	
28	59	ok	|	0.00	1.00	1.00	0.00	0.00	0	|	rapi	0.00	0.00	0	|	99.0	0.00(99)	0.00(99)	|	293	
28	60	ok	|	0.00	1.00	1.00	0.00	0.00	0	|	rapi	0.00	0.00	0	|	99.0	0.00(99)	0.00(99)	|	293	
28	61	ok	|	0.00	1.00	1.00	0.00	0.00	0	|	rapi	0.00	0.00	0	|	99.0	0.00(99)	0.00(99)	|	293	
28	62	ok	|	0.00	1.00	1.00	0.00	0.00	0	|	rapi	0.00	0.00	0	|	99.0	0.00(99)	0.00(99)	|	293	
28	63	ok	|	0.00	1.00	1.00	0.00	0.00	0	|	rapi	0.00	0.00	0	|	99.0	0.00(99)	0.00(99)	|	293	
28	64	ok	|	0.00	1.00	1.00	0.00	0.00	0	|	rapi	0.00	0.00	0	|	99.0	0.00(99)	0.00(99)	|	293	
28	65	ok	|	0.00	1.00	1.00	0.00	0.00	0	|	rapi	0.00	0.00	0	|	99.0	0.00(99)	0.00(99)	|	293	
28	66	ok	|	0.00	1.00	1.00	0.00	0.00	0	|	rapi	0.00	0.00	0	|	99.0	0.00(99)	0.00(99)	|	293	
28	67	ok	|	0.00	1.00	1.00	0.00	0.00	0	|	rapi	0.00	0.00	0	|	99.0	0.00(99)	0.00(99)	|	293	
28	68	ok	|	0.00	1.00	1.00	0.00	0.00	0	|	rapi	0.00	0.00	0	|	99.0	0.00(99)	0.00(99)	|	293	
28	69	ok	|	0.00	1.00	1.00	0.00	0.00	0	|	rapi	0.00	0.00	0	|	99.0	0.00(99)	0.00(99)	|	293	
28	70	ok	|	0.00	1.00	1.00	0.00	0.00	0	|	rapi	0.00	0.00	0	|	99.0	0.00(99)	0.00(99)	|	293	
28	71	ok	|	0.00	1.00	1.00	0.00	0.00	0	|	rapi	0.00	0.00	0	|	99.0	0.00(99)	0.00(99)	|	293	
28	72	ok	|	0.00	1.00	1.00	0.00	0.00	0	|	rapi	0.00	0.00	0	|	99.0	0.00(99)	0.00(99)	|	293	
28	73	ok	|	0.00	1.00	1.00	0.00	0.00	0	|	rapi	0.00	0.00	0	|	99.0	0.00(99)	0.00(99)	|	293	
28	74	ok	|	0.00	1.00	1.00	0.00	0.00	0	|	rapi	0.00	0.00	0	|	99.0	0.00(99)	0.00(99)	|	293	
28	75	ok	|	0.00	1.00	1.00	0.00	0.00	0	|	rapi	0.00	0.00	0	|	99.0	0.00(99)	0.00(99)	|	293	
28	76	ok	|	0.00	1.00	1.00	0.00	0.00	0	|	rapi	0.00	0.00	0	|	99.0	0.00(99)	0.00(99)	|	293	
28	77	ok	|	0.00	1.00	1.00	0.00	0.00	0	|	rapi	0.00	0.00	0	|	99.0	0.00(99)	0.00(99)	|	293	
28	78	ok	|	0.00	1.00	1.00	0.00	0.00	0	|	rapi	0.00	0.00	0	|	99.0	0.00(99)	0.00(99)	|	293	
28	79	ok	|	0.00	1.00	1.00	0.00	0.00	0	|	rapi	0.00	0.00	0	|	99.0	0.00(99)	0.00(99)	|	293	
28	80	ok	|	0.00	1.00	1.00	0.00	0.00	0	|	rapi	0.00	0.00	0	|	99.0	0.00(99)	0.00(99)	|	293	
28	81	ok	|	0.00	1.00	1.00	0.00	0.00	0	|	rapi	0.00	0.00	0	|	99.0	0.00(99)	0.00(99)	|	293	
28	82	ok	|	0.00	1.00	1.00	0.00	0.00	0	|	rapi	0.00	0.00	0	|	99.0	0.00(99)	0.00(99)	|	293	
28	83	ok	|	0.00	1.00	1.00	0.00	0.00	0	|	rapi	0.00	0.00	0	|	99.0	0.00(99)	0.00(99)	|	293	
28	84	ok	|	0.00	1.00	1.00	0.00	0.00	0	|	rapi	0.00	0.00	0	|	99.0	0.00(99)	0.00(99)	|	293	
28	85	ok	|	0.00	1.00	1.00	0.00	0.00	0	|	rapi	0.00	0.00	0	|	99.0	0.00(99)	0.00(99)	|	293	
28	86	ok	|	0.01	1.00	1.00	0.01	0.00	0	|	rapi	0.01	0.01	0	|	99.0	0.01(99)	0.01(99)	|	293	
28	87	ok	|	0.01	1.00	1.00	0.01	0.00	0	|	rapi	0.01	0.01	0	|	99.0	0.01(99)	0.01(99)	|	293	
28	88	ok	|	0.01	1.00	1.00	0.01	0.00	0	|	rapi	0.01	0.01	0	|	99.0	0.01(99)	0.01(99)	|	293	
28	89	ok	|	0.01	1.00	1.00	0.01	0.00	0	|	rapi	0.01	0.01	0	|	99.0	0.01(99)	0.01(99)	|	293	
28	90	ok	|	0.01	1.00	1.00	0.01	0.00	0	|	rapi	0.01	0.01	0	|	99.0	0.01(99)	0.01(99)	|	293	
28	91	ok	|	0.01	1.00	1.00	0.01	0.00	0	|	rapi	0.01	0.01	0	|	99.0	0.01(99)	0.01(99)	|	293	
28	92	ok	|	0.01	1.00	1.00	0.01	0.00	0	|	rapi	0.01	0.01	0	|	99.0	0.01(99)	0.01(99)	|	293	
28	93	ok	|	0.01	1.00	1.00	0.01	0.00	0	|	rapi	0.01	0.01	0	|	99.0	0.01(99)	0.01(99)	|	293	
28	94	ok	|	0.01	1.00	1.00	0.01	0.00	0	|	rapi	0.01	0.01	0	|	99.0	0.01(99)	0.01(99)	|	293	
28	95	ok	|	0.01	1.00	1.00	0.01	0.00	0	|	rapi	0.01	0.01	0	|	99.0	0.01(99)	0.01(99)	|	293	
28	96	ok	|	0.01	1.00	1.00	0.01	0.00	0	|	rapi	0.01	0.01	0	|	99.0	0.01(99)	0.01(99)	|	293	
28	97	ok	|	0.01	1.00	1.00	0.01	0.00	0	|	rapi	0.01	0.01	0	|	99.0	0.01(99)	0.01(99)	|	293	
28	98	ok	|	0.01	1.00	1.00	0.01	0.00	0	|	rapi	0.01	0.01	0	|	99.0	0.01(99)	0.01(99)	|	293	
28	99	ok	|	0.01	1.00	1.00	0.01	0.00	0	|	rapi	0.01	0.01	0	|	99.0	0.01(99)	0.01(99)	|	293	
28	100	ok	|	0.00	1.00	1.00	0.00	0.00	0	|	rapi	0.00	0.00	0	|	99.0	0.00(99)	0.00(99)	|	293	
28	101	ok	|	0.01	1.00	1.00	0.01	0.00	0	|	rapi	0.01	0.01	0	|	99.0	0.01(99)	0.01(99)	|	293	
28	102	ok	|	0.00	1.00	1.00	0.00	0.00	0	|	rapi	0.00	0.00	0	|	99.0	0.00(99)	0.00(99)	|	293	
28	103	ok	|	0.00	1.00	1.00	0.00	0.00	0	|	rapi	0.00	0.00	0	|	99.0	0.00(99)	0.00(99)	|	293	
28	104	ok	|	0.00	1.00	1.00	0.00	0.00	0	|	rapi	0.00	0.00	0	|	99.0	0.00(99)	0.00(99)	|	293	
28	105	ok	|	0.00	1.00	1.00	0.00	0.00	0	|	rapi	0.00	0.00	0	|	99.0	0.00(99)	0.00(99)	|	293	
28	106	ok	|	0.00	1.00	1.00	0.00	0.00	0	|	rapi	0.00	0.00	0	|	99.0	0.00(99)	0.00(99)	|	293	
28	107	ok	|	0.00	1.00	1.00	0.00	0.00	0	|	rapi	0.00	0.00	0	|	99.0	0.00(99)	0.00(99)	|	293	
28	108	ok	|	0.00	1.00	1.00	0.00	0.00	0	|	rapi	0.00	0.00	0	|	99.0	0.00(99)	0.00(99)	|	293	
28	109	ok	|	0.00	1.00	1.00	0.00	0.00	0	|	rapi	0.00	0.00	0	|	99.0	0.00(99)	0.00(99)	|	293	
28	110	ok	|	0.00	1.00	1.00	0.00	0.00	0	|	rapi	0.00	0.00	0	|	99.0	0.00(99)	0.00(99)	|	293	
28	111	ok	|	0.00	1.00	1.00	0.00	0.00	0	|	rapi	0.00	0.00	0	|	99.0	0.00(99)	0.00(99)	|	293	
28	112	ok	|	0.00	1.00	1.00	0.00	0.00	0	|	rapi	0.00	0.00	0	|	99.0	0.00(99)	0.00(99)	|	293	
28	113	ok	|	0.00	1.00	1.00	0.00	0.00	0	|	rapi	0.00	0.00	0	|	99.0	0.00(99)	0.00(99)	|	293	
28	114	fail-0	|	0.00	1.00	1.00	0.00	NaN	0	|	rapi	0.00	0.00	0	|	NaN			|	293	
